0 1
0 199
0 2
0 198
0 3
0 197
0 4
0 5
0 195
0 6
0 194
0 7
0 193
0 8
0 192
0 9
0 191
0 10
0 190
0 11
0 12
0 188
0 13
0 187
0 14
0 186
0 15
0 185
0 38
0 143
1 2
1 3
1 4
1 198
1 5
1 197
1 6
1 196
1 7
1 195
1 8
1 193
1 10
1 192
1 11
1 191
1 12
1 190
1 13
1 189
1 14
1 188
1 187
1 16
1 34
1 26
1 127
1 111
2 3
2 4
2 5
2 199
2 6
2 197
2 8
2 196
2 9
2 195
2 10
2 194
2 11
2 193
2 12
2 192
2 13
2 191
2 14
2 15
2 189
2 16
2 188
2 17
2 187
2 30
2 126
3 4
3 5
3 6
3 199
3 8
3 198
3 9
3 10
3 11
3 195
3 12
3 194
3 13
3 14
3 192
3 15
3 191
3 16
3 190
3 17
3 189
3 18
3 188
3 69
4 5
4 6
4 7
4 8
4 9
4 199
4 10
4 198
4 11
4 197
4 12
4 13
4 195
4 14
4 194
4 193
4 16
4 192
4 17
4 191
4 190
4 19
4 189
4 122
4 55
4 46
4 181
4 148
4 35
4 162
5 6
5 7
5 8
5 9
5 10
5 11
5 199
5 12
5 198
5 13
5 197
5 14
5 196
5 15
5 195
5 16
5 194
5 17
5 193
5 18
5 192
5 19
5 191
5 20
5 190
5 83
5 149
6 7
6 8
6 9
6 10
6 12
6 199
6 14
6 198
6 15
6 197
6 16
6 196
6 17
6 195
6 18
6 194
6 19
6 193
6 20
6 192
6 21
6 191
6 180
6 51
6 159
7 8
7 9
7 10
7 13
7 15
7 199
7 16
7 197
7 18
7 196
7 19
7 195
7 20
7 21
7 193
7 22
7 192
7 45
7 146
7 99
7 54
8 9
8 10
8 11
8 12
8 13
8 15
8 16
8 17
8 199
8 198
8 19
8 197
8 20
8 196
8 21
8 195
8 22
8 194
8 23
8 193
8 176
8 142
8 109
9 10
9 11
9 12
9 14
9 15
9 16
9 17
9 18
9 19
9 199
9 20
9 198
9 197
9 22
9 196
9 23
9 195
9 24
9 194
9 184
9 168
9 166
10 11
10 13
10 15
10 16
10 18
10 19
10 20
10 21
10 199
10 22
10 23
10 197
10 24
10 25
10 195
10 190
10 135
10 170
10 51
10 145
10 114
11 12
11 14
11 15
11 16
11 17
11 18
11 19
11 20
11 21
11 22
11 23
11 199
11 24
11 198
11 25
11 197
11 26
11 196
11 71
11 144
12 13
12 14
12 15
12 16
12 17
12 18
12 19
12 21
12 22
12 23
12 24
12 25
12 199
12 198
12 27
12 197
12 76
12 178
12 32
13 14
13 15
13 16
13 17
13 18
13 21
13 22
13 23
13 24
13 25
13 26
13 198
13 154
13 81
13 118
13 90
13 141
14 15
14 16
14 17
14 18
14 20
14 21
14 22
14 23
14 24
14 25
14 26
14 27
14 28
14 29
14 199
14 83
15 16
15 17
15 18
15 19
15 20
15 21
15 22
15 24
15 25
15 26
15 27
15 28
15 29
15 30
15 76
15 112
15 114
15 153
16 17
16 18
16 19
16 20
16 21
16 22
16 23
16 24
16 25
16 26
16 27
16 28
16 29
16 30
16 31
17 18
17 19
17 20
17 21
17 22
17 23
17 24
17 26
17 27
17 29
17 31
17 32
17 34
17 59
17 157
17 192
17 67
17 61
17 127
18 19
18 20
18 21
18 22
18 23
18 24
18 25
18 26
18 27
18 29
18 31
18 32
18 33
18 132
18 91
18 115
18 34
18 88
18 137
19 20
19 21
19 22
19 23
19 25
19 26
19 27
19 28
19 29
19 30
19 31
19 32
19 33
19 126
19 153
19 111
19 193
19 86
19 154
20 21
20 22
20 23
20 25
20 26
20 27
20 28
20 29
20 30
20 31
20 32
20 33
20 34
20 78
20 120
20 49
20 123
20 137
21 22
21 23
21 24
21 25
21 27
21 28
21 29
21 30
21 31
21 33
21 34
21 35
21 36
21 187
21 125
21 106
22 23
22 24
22 25
22 26
22 27
22 28
22 29
22 31
22 32
22 34
22 36
22 37
22 126
22 193
22 47
22 130
23 24
23 25
23 26
23 27
23 28
23 29
23 30
23 31
23 32
23 33
23 34
23 35
23 36
23 37
23 38
23 194
23 136
24 25
24 26
24 27
24 28
24 29
24 30
24 31
24 32
24 33
24 34
24 35
24 36
24 37
24 39
24 46
24 77
24 113
25 26
25 27
25 28
25 29
25 30
25 31
25 32
25 33
25 34
25 35
25 36
25 38
25 40
25 186
25 69
26 27
26 28
26 29
26 30
26 32
26 33
26 34
26 35
26 36
26 37
26 38
26 40
26 41
26 99
26 169
27 28
27 29
27 30
27 31
27 32
27 33
27 34
27 35
27 36
27 37
27 38
27 39
27 40
27 41
27 42
27 68
27 109
28 30
28 31
28 32
28 33
28 34
28 35
28 36
28 37
28 38
28 39
28 40
28 41
28 42
28 43
28 114
28 196
29 30
29 31
29 32
29 33
29 34
29 35
29 36
29 37
29 38
29 39
29 40
29 41
29 43
29 44
29 149
30 32
30 34
30 35
30 36
30 37
30 38
30 39
30 40
30 41
30 42
30 43
30 44
30 45
30 72
30 187
30 180
30 61
31 32
31 33
31 34
31 35
31 36
31 37
31 38
31 39
31 40
31 41
31 42
31 43
31 44
31 45
31 46
32 33
32 34
32 35
32 36
32 37
32 38
32 39
32 41
32 42
32 43
32 44
32 45
32 46
32 47
32 118
32 76
33 34
33 35
33 36
33 37
33 38
33 39
33 40
33 41
33 42
33 43
33 44
33 45
33 46
33 47
33 48
33 100
33 196
34 35
34 37
34 38
34 39
34 40
34 42
34 43
34 44
34 45
34 46
34 47
34 48
34 49
34 91
34 188
34 141
34 115
34 86
34 186
35 36
35 37
35 38
35 39
35 40
35 41
35 42
35 43
35 44
35 45
35 46
35 47
35 48
35 50
35 187
36 37
36 38
36 39
36 40
36 41
36 42
36 43
36 44
36 45
36 46
36 47
36 48
36 49
36 50
36 51
36 193
37 38
37 39
37 40
37 41
37 42
37 43
37 44
37 45
37 46
37 47
37 49
37 50
37 51
37 52
37 180
38 39
38 41
38 42
38 43
38 44
38 45
38 46
38 47
38 48
38 49
38 50
38 51
38 52
38 53
39 40
39 41
39 42
39 43
39 44
39 45
39 46
39 47
39 48
39 49
39 50
39 52
39 53
39 54
39 149
39 151
39 95
40 41
40 42
40 43
40 44
40 45
40 46
40 47
40 48
40 49
40 50
40 52
40 53
40 54
40 55
40 167
40 184
41 42
41 43
41 44
41 45
41 46
41 47
41 48
41 49
41 50
41 51
41 52
41 53
41 54
41 55
41 56
41 113
41 154
42 43
42 44
42 45
42 46
42 47
42 48
42 49
42 50
42 51
42 52
42 53
42 54
42 56
42 57
42 62
42 178
42 119
43 44
43 45
43 46
43 47
43 48
43 49
43 50
43 51
43 52
43 53
43 54
43 55
43 56
43 57
43 58
43 168
43 190
44 45
44 46
44 47
44 48
44 49
44 50
44 51
44 52
44 53
44 54
44 55
44 56
44 58
44 59
44 165
44 69
45 46
45 47
45 48
45 49
45 50
45 51
45 52
45 53
45 54
45 55
45 56
45 57
45 58
45 59
45 151
46 47
46 48
46 50
46 52
46 53
46 54
46 55
46 56
46 57
46 58
46 59
46 60
46 61
46 90
46 91
46 174
46 92
47 48
47 49
47 50
47 51
47 52
47 53
47 55
47 56
47 57
47 58
47 59
47 60
47 61
47 62
47 72
47 120
48 49
48 50
48 51
48 52
48 53
48 56
48 57
48 58
48 59
48 60
48 63
48 110
48 71
48 66
48 82
48 97
48 132
49 50
49 51
49 52
49 53
49 54
49 55
49 56
49 57
49 58
49 60
49 61
49 62
49 63
49 64
49 82
50 51
50 52
50 53
50 54
50 55
50 56
50 57
50 58
50 59
50 60
50 61
50 62
50 63
50 64
50 65
50 147
50 79
51 52
51 53
51 54
51 55
51 56
51 58
51 59
51 60
51 61
51 62
51 63
51 64
51 65
51 66
51 148
51 199
52 53
52 54
52 55
52 56
52 57
52 58
52 59
52 60
52 61
52 62
52 63
52 64
52 65
52 66
52 67
53 54
53 55
53 56
53 59
53 60
53 61
53 62
53 63
53 64
53 65
53 66
53 67
53 68
53 123
53 69
53 125
53 148
54 55
54 56
54 57
54 58
54 59
54 60
54 62
54 63
54 64
54 65
54 66
54 67
54 68
54 69
54 193
55 56
55 58
55 59
55 60
55 61
55 62
55 63
55 64
55 65
55 66
55 67
55 68
55 70
55 106
55 163
56 57
56 58
56 59
56 60
56 61
56 62
56 63
56 64
56 65
56 66
56 67
56 68
56 70
56 71
56 137
56 150
57 58
57 59
57 60
57 61
57 62
57 63
57 64
57 65
57 66
57 67
57 68
57 69
57 70
57 71
57 107
57 195
58 59
58 60
58 61
58 62
58 63
58 64
58 65
58 66
58 67
58 68
58 69
58 70
58 71
58 72
58 73
58 139
58 97
59 60
59 61
59 62
59 63
59 64
59 65
59 66
59 69
59 71
59 72
59 73
59 74
59 173
59 153
59 112
59 143
60 61
60 62
60 63
60 64
60 65
60 66
60 67
60 68
60 69
60 70
60 71
60 72
60 73
60 74
60 75
61 62
61 63
61 64
61 67
61 70
61 71
61 72
61 73
61 75
61 76
61 189
61 177
61 103
61 156
61 89
62 63
62 65
62 66
62 67
62 68
62 69
62 70
62 71
62 72
62 73
62 75
62 76
62 77
62 109
63 64
63 65
63 67
63 69
63 70
63 71
63 73
63 74
63 75
63 76
63 78
63 181
63 135
63 169
63 177
64 65
64 66
64 67
64 68
64 71
64 72
64 73
64 74
64 75
64 76
64 79
64 95
64 181
64 107
64 113
65 66
65 68
65 69
65 70
65 71
65 72
65 73
65 74
65 75
65 76
65 77
65 78
65 79
65 80
65 180
65 90
66 67
66 68
66 70
66 71
66 72
66 73
66 74
66 75
66 76
66 77
66 78
66 79
66 80
66 81
66 174
66 178
67 68
67 69
67 70
67 71
67 72
67 75
67 76
67 77
67 78
67 79
67 80
67 81
67 82
67 169
67 190
67 95
67 87
68 69
68 71
68 72
68 73
68 74
68 75
68 76
68 77
68 78
68 79
68 80
68 81
68 82
68 83
68 97
69 70
69 71
69 72
69 73
69 74
69 75
69 76
69 77
69 78
69 79
69 80
69 81
69 82
69 83
70 71
70 72
70 73
70 75
70 76
70 77
70 78
70 79
70 80
70 81
70 82
70 83
70 84
70 85
70 192
71 73
71 74
71 75
71 76
71 78
71 79
71 80
71 81
71 82
71 83
71 84
71 85
71 86
71 94
72 74
72 75
72 77
72 78
72 79
72 80
72 81
72 82
72 84
72 85
72 87
72 134
72 133
72 98
73 74
73 75
73 76
73 77
73 78
73 79
73 80
73 81
73 82
73 83
73 85
73 86
73 87
73 88
73 166
73 180
74 75
74 76
74 77
74 78
74 79
74 80
74 81
74 82
74 83
74 84
74 85
74 86
74 87
74 88
74 141
74 104
74 96
75 76
75 77
75 78
75 79
75 80
75 81
75 82
75 83
75 84
75 85
75 86
75 87
75 88
75 89
75 90
76 77
76 78
76 79
76 81
76 83
76 84
76 85
76 86
76 87
76 88
76 89
76 90
76 91
76 182
76 122
77 78
77 79
77 80
77 81
77 82
77 83
77 85
77 86
77 87
77 88
77 89
77 90
77 91
77 92
77 157
77 188
78 79
78 81
78 82
78 83
78 85
78 86
78 87
78 89
78 90
78 91
78 92
78 93
78 184
78 151
79 80
79 81
79 82
79 83
79 84
79 85
79 88
79 89
79 90
79 91
79 92
79 93
79 94
79 133
80 82
80 83
80 84
80 85
80 86
80 87
80 88
80 89
80 90
80 91
80 92
80 93
80 94
80 95
80 110
81 82
81 83
81 84
81 85
81 86
81 87
81 88
81 89
81 90
81 91
81 92
81 93
81 94
81 95
81 114
82 83
82 84
82 85
82 86
82 87
82 88
82 89
82 90
82 91
82 92
82 93
82 94
82 96
82 97
82 129
83 84
83 86
83 87
83 88
83 89
83 91
83 92
83 93
83 94
83 95
83 96
83 97
83 98
83 115
83 167
84 85
84 86
84 87
84 88
84 89
84 90
84 91
84 92
84 93
84 94
84 95
84 96
84 97
84 98
84 99
84 189
85 87
85 88
85 89
85 90
85 91
85 92
85 93
85 94
85 95
85 96
85 97
85 98
85 99
85 100
85 114
85 159
86 87
86 88
86 89
86 90
86 91
86 92
86 93
86 94
86 97
86 99
86 100
86 101
86 95
87 88
87 89
87 90
87 91
87 92
87 94
87 95
87 96
87 97
87 99
87 100
87 101
87 102
87 145
87 146
87 137
87 110
88 89
88 90
88 91
88 92
88 93
88 94
88 95
88 96
88 97
88 98
88 99
88 101
88 102
88 103
88 164
89 90
89 91
89 92
89 93
89 94
89 95
89 96
89 97
89 98
89 99
89 100
89 101
89 102
89 103
90 91
90 92
90 93
90 94
90 95
90 96
90 98
90 100
90 101
90 102
90 103
90 104
90 105
90 197
90 142
91 92
91 94
91 96
91 97
91 98
91 99
91 100
91 101
91 103
91 105
91 106
91 108
91 120
91 165
91 191
92 93
92 94
92 95
92 96
92 97
92 98
92 99
92 100
92 101
92 102
92 103
92 104
92 106
92 107
92 185
93 94
93 95
93 96
93 97
93 98
93 99
93 100
93 101
93 102
93 103
93 104
93 105
93 106
93 107
93 108
94 95
94 96
94 97
94 98
94 99
94 100
94 101
94 102
94 103
94 104
94 105
94 106
94 107
94 108
94 109
95 96
95 97
95 98
95 99
95 100
95 101
95 102
95 103
95 104
95 105
95 106
95 107
95 108
95 110
95 157
96 97
96 98
96 99
96 100
96 101
96 102
96 103
96 104
96 105
96 106
96 107
96 108
96 109
96 110
96 111
97 98
97 99
97 100
97 101
97 103
97 104
97 105
97 106
97 107
97 108
97 110
97 112
97 153
98 99
98 100
98 101
98 102
98 103
98 104
98 105
98 106
98 107
98 108
98 109
98 110
98 111
98 112
98 113
98 153
98 134
99 100
99 101
99 102
99 103
99 104
99 106
99 107
99 108
99 110
99 111
99 112
99 113
99 114
99 121
100 101
100 102
100 104
100 105
100 106
100 107
100 108
100 109
100 110
100 111
100 112
100 114
100 115
100 152
101 102
101 103
101 104
101 105
101 106
101 107
101 109
101 110
101 111
101 112
101 113
101 114
101 115
101 116
101 160
102 103
102 104
102 105
102 106
102 107
102 108
102 109
102 110
102 111
102 112
102 113
102 114
102 115
102 116
102 117
102 195
103 104
103 105
103 106
103 108
103 109
103 110
103 111
103 112
103 113
103 114
103 115
103 116
103 117
103 118
103 123
104 105
104 106
104 107
104 108
104 110
104 112
104 113
104 114
104 115
104 116
104 118
104 119
104 167
104 186
104 128
104 177
104 157
105 106
105 107
105 108
105 110
105 111
105 112
105 113
105 114
105 115
105 116
105 117
105 118
105 119
105 120
105 175
106 107
106 108
106 109
106 111
106 112
106 113
106 114
106 115
106 116
106 118
106 119
106 120
106 121
106 193
107 108
107 109
107 111
107 112
107 113
107 114
107 115
107 116
107 117
107 118
107 119
107 120
107 122
107 188
108 109
108 110
108 111
108 112
108 113
108 114
108 115
108 117
108 118
108 119
108 120
108 121
108 122
108 123
109 110
109 111
109 112
109 113
109 114
109 115
109 116
109 117
109 118
109 120
109 121
109 122
109 124
109 186
110 111
110 113
110 114
110 117
110 118
110 119
110 120
110 121
110 122
110 123
110 124
110 125
110 148
110 191
111 112
111 113
111 114
111 116
111 117
111 118
111 119
111 120
111 121
111 122
111 123
111 124
111 125
111 126
112 113
112 114
112 115
112 116
112 117
112 119
112 120
112 121
112 122
112 125
112 126
112 127
112 154
113 114
113 115
113 116
113 117
113 118
113 119
113 120
113 121
113 122
113 123
113 124
113 125
113 128
113 154
113 143
114 115
114 116
114 117
114 118
114 119
114 120
114 121
114 123
114 124
114 127
114 128
114 129
114 198
114 175
114 197
114 138
114 178
115 117
115 118
115 119
115 120
115 121
115 122
115 125
115 126
115 127
115 128
115 129
115 130
115 178
115 168
116 117
116 118
116 119
116 120
116 121
116 122
116 123
116 124
116 125
116 126
116 127
116 128
116 129
116 130
116 131
116 148
116 152
117 118
117 119
117 120
117 121
117 122
117 123
117 124
117 125
117 126
117 127
117 128
117 129
117 130
117 131
117 132
118 119
118 121
118 122
118 123
118 124
118 126
118 127
118 129
118 130
118 131
118 132
118 133
118 134
118 154
119 120
119 121
119 122
119 123
119 124
119 125
119 126
119 127
119 128
119 130
119 131
119 132
119 133
119 134
119 187
120 121
120 122
120 123
120 124
120 125
120 126
120 127
120 129
120 130
120 131
120 132
120 133
120 134
120 135
121 122
121 123
121 124
121 125
121 126
121 127
121 128
121 129
121 130
121 131
121 132
121 133
121 135
121 136
121 162
122 124
122 125
122 126
122 127
122 128
122 129
122 130
122 131
122 132
122 133
122 134
122 135
122 136
122 196
123 124
123 125
123 126
123 127
123 128
123 129
123 130
123 132
123 133
123 134
123 136
123 137
123 138
123 169
123 154
124 125
124 126
124 127
124 128
124 129
124 130
124 131
124 132
124 133
124 134
124 135
124 136
124 137
124 138
124 139
125 126
125 127
125 128
125 129
125 132
125 133
125 134
125 135
125 136
125 137
125 138
125 139
125 150
126 128
126 130
126 132
126 133
126 134
126 135
126 136
126 137
126 138
126 139
126 140
126 141
126 149
127 128
127 129
127 130
127 131
127 132
127 133
127 134
127 135
127 136
127 137
127 138
127 139
127 140
127 142
128 129
128 130
128 131
128 132
128 134
128 136
128 137
128 138
128 139
128 140
128 141
128 142
128 143
128 176
128 147
128 133
128 166
129 130
129 131
129 132
129 133
129 135
129 136
129 137
129 138
129 139
129 140
129 141
129 142
129 143
129 144
130 131
130 132
130 133
130 134
130 135
130 136
130 137
130 138
130 140
130 141
130 142
130 143
130 144
130 145
130 149
131 132
131 133
131 134
131 135
131 136
131 137
131 138
131 139
131 140
131 141
131 142
131 143
131 144
131 145
131 146
131 161
132 133
132 135
132 136
132 137
132 138
132 139
132 140
132 141
132 142
132 143
132 144
132 145
132 146
133 134
133 136
133 137
133 138
133 139
133 141
133 142
133 143
133 144
133 145
133 146
133 147
133 148
133 159
134 135
134 136
134 137
134 138
134 140
134 141
134 142
134 145
134 146
134 147
134 148
134 149
135 136
135 138
135 139
135 140
135 141
135 142
135 143
135 144
135 145
135 146
135 147
135 148
135 149
135 150
136 137
136 138
136 139
136 140
136 141
136 142
136 143
136 145
136 147
136 148
136 149
136 151
136 192
136 184
136 188
137 138
137 139
137 140
137 141
137 142
137 143
137 144
137 145
137 146
137 149
137 150
137 152
137 185
137 153
138 139
138 140
138 141
138 142
138 143
138 144
138 145
138 146
138 147
138 148
138 149
138 150
138 151
138 152
138 153
139 140
139 141
139 142
139 144
139 145
139 146
139 147
139 148
139 149
139 150
139 151
139 152
139 153
139 154
140 141
140 142
140 143
140 144
140 145
140 146
140 147
140 148
140 149
140 150
140 151
140 152
140 153
140 154
140 155
140 198
140 179
141 142
141 143
141 144
141 145
141 146
141 147
141 148
141 150
141 151
141 152
141 153
141 154
141 155
141 156
141 166
141 194
142 144
142 145
142 146
142 147
142 148
142 149
142 150
142 151
142 152
142 153
142 154
142 155
142 156
142 157
142 193
143 144
143 145
143 146
143 147
143 148
143 150
143 151
143 152
143 153
143 154
143 155
143 156
143 184
143 182
144 145
144 146
144 147
144 148
144 149
144 150
144 151
144 152
144 153
144 154
144 155
144 156
144 157
144 158
144 159
145 147
145 148
145 149
145 150
145 151
145 153
145 154
145 155
145 156
145 157
145 158
145 159
145 160
145 183
146 147
146 148
146 149
146 150
146 152
146 153
146 154
146 155
146 156
146 157
146 158
146 159
146 160
146 161
147 148
147 149
147 150
147 152
147 153
147 154
147 155
147 157
147 158
147 159
147 160
147 161
147 162
147 184
148 149
148 150
148 151
148 152
148 153
148 154
148 156
148 158
148 160
148 161
148 162
148 163
149 150
149 151
149 152
149 153
149 154
149 155
149 158
149 159
149 160
149 161
149 162
149 163
149 164
150 151
150 152
150 153
150 154
150 155
150 156
150 157
150 158
150 159
150 160
150 161
150 162
150 163
150 164
150 165
151 152
151 153
151 154
151 155
151 156
151 157
151 158
151 159
151 160
151 161
151 162
151 163
151 164
151 165
151 174
152 153
152 154
152 155
152 156
152 157
152 158
152 159
152 160
152 161
152 162
152 163
152 164
152 166
152 167
152 181
152 196
153 155
153 158
153 159
153 160
153 161
153 162
153 163
153 164
153 165
153 166
154 155
154 156
154 157
154 158
154 159
154 160
154 161
154 162
154 164
154 166
154 168
154 169
154 199
155 156
155 157
155 158
155 159
155 160
155 161
155 162
155 163
155 164
155 165
155 166
155 167
155 168
155 169
155 170
156 157
156 158
156 159
156 160
156 161
156 162
156 163
156 164
156 165
156 167
156 168
156 169
156 170
156 171
157 158
157 160
157 161
157 162
157 163
157 164
157 165
157 167
157 168
157 169
157 170
157 171
157 172
158 159
158 160
158 161
158 162
158 163
158 164
158 165
158 166
158 167
158 168
158 169
158 170
158 171
158 172
158 173
159 160
159 161
159 162
159 163
159 164
159 165
159 166
159 167
159 168
159 169
159 171
159 172
159 173
159 174
160 161
160 162
160 163
160 164
160 165
160 166
160 167
160 168
160 169
160 170
160 171
160 172
160 173
160 174
160 175
161 162
161 163
161 164
161 165
161 166
161 167
161 169
161 170
161 171
161 172
161 173
161 174
161 176
161 181
162 163
162 164
162 165
162 166
162 167
162 168
162 169
162 170
162 171
162 172
162 173
162 174
162 175
162 177
163 164
163 165
163 166
163 167
163 168
163 169
163 170
163 171
163 172
163 173
163 174
163 175
163 176
163 177
163 178
164 165
164 166
164 167
164 168
164 169
164 170
164 171
164 172
164 173
164 174
164 175
164 176
164 177
164 178
164 179
165 166
165 167
165 168
165 169
165 170
165 172
165 174
165 175
165 176
165 177
165 178
165 179
165 180
165 186
166 167
166 168
166 169
166 170
166 172
166 173
166 174
166 175
166 177
166 178
166 180
167 168
167 170
167 171
167 172
167 174
167 175
167 176
167 177
167 178
167 179
167 180
167 181
167 182
168 169
168 170
168 171
168 172
168 173
168 174
168 175
168 177
168 178
168 179
168 180
168 182
168 183
169 170
169 171
169 172
169 173
169 175
169 176
169 177
169 178
169 179
169 180
169 181
169 182
169 183
169 184
170 171
170 172
170 173
170 174
170 175
170 176
170 177
170 178
170 179
170 180
170 181
170 182
170 183
170 184
170 185
171 172
171 173
171 174
171 175
171 176
171 177
171 178
171 179
171 180
171 181
171 182
171 183
171 184
171 185
171 186
172 173
172 174
172 175
172 176
172 177
172 178
172 179
172 180
172 181
172 182
172 183
172 184
172 185
172 186
172 187
173 174
173 175
173 176
173 177
173 178
173 179
173 180
173 181
173 182
173 183
173 184
173 185
173 186
173 187
173 188
174 175
174 176
174 177
174 178
174 179
174 180
174 181
174 182
174 183
174 184
174 186
174 187
174 188
174 189
175 176
175 177
175 178
175 179
175 181
175 182
175 183
175 184
175 185
175 186
175 187
175 188
175 189
175 190
176 177
176 178
176 179
176 180
176 182
176 183
176 184
176 185
176 186
176 187
176 188
176 189
176 190
176 191
177 178
177 179
177 180
177 181
177 182
177 184
177 185
177 186
177 187
177 188
177 189
177 190
177 191
177 192
178 180
178 182
178 183
178 185
178 186
178 187
178 189
178 190
178 192
178 193
178 181
179 180
179 181
179 182
179 183
179 184
179 185
179 186
179 187
179 188
179 189
179 190
179 191
179 193
179 194
180 183
180 184
180 185
180 186
180 187
180 188
180 189
180 190
180 191
180 192
180 193
180 194
180 195
181 182
181 183
181 184
181 185
181 186
181 187
181 188
181 189
181 190
181 192
181 193
181 194
181 195
181 196
182 183
182 184
182 186
182 187
182 188
182 189
182 191
182 192
182 193
182 194
182 195
182 196
182 197
182 198
183 184
183 185
183 186
183 187
183 188
183 189
183 190
183 191
183 192
183 193
183 194
183 195
183 196
183 197
183 198
184 185
184 186
184 187
184 189
184 190
184 191
184 192
184 193
184 194
184 195
184 196
184 197
184 198
184 199
185 186
185 187
185 188
185 189
185 190
185 191
185 193
185 194
185 195
185 196
185 197
185 198
185 199
186 187
186 188
186 190
186 191
186 192
186 193
186 194
186 195
186 196
186 197
186 198
186 199
187 189
187 190
187 191
187 192
187 193
187 194
187 195
187 197
187 198
187 199
188 189
188 190
188 191
188 192
188 194
188 195
188 196
188 197
188 199
189 190
189 191
189 192
189 193
189 194
189 195
189 196
189 197
189 198
189 199
190 191
190 192
190 193
190 194
190 195
190 196
190 197
190 198
190 199
191 192
191 193
191 194
191 195
191 196
191 197
191 198
191 199
192 193
192 194
192 196
192 197
192 198
192 199
193 194
193 195
193 196
193 197
193 198
193 199
194 195
194 196
194 197
194 198
194 199
195 197
195 198
195 199
196 197
196 198
196 199
197 198
197 199
198 199
