0 1
0 199
0 2
0 198
0 3
0 197
0 4
0 5
0 195
0 6
0 194
0 7
0 8
0 192
0 9
0 191
0 10
0 190
0 11
0 189
0 12
0 188
0 13
0 187
0 14
0 186
0 15
0 185
0 75
1 3
1 4
1 198
1 5
1 197
1 6
1 196
1 7
1 195
1 8
1 9
1 192
1 11
1 191
1 12
1 190
1 13
1 189
1 14
1 188
1 15
1 187
1 16
1 186
1 83
1 91
2 3
2 4
2 5
2 199
2 6
2 198
2 7
2 197
2 8
2 196
2 9
2 195
2 10
2 194
2 11
2 193
2 12
2 192
2 191
2 14
2 190
2 15
2 189
2 16
2 188
2 187
2 183
2 148
2 13
2 141
3 4
3 5
3 6
3 7
3 199
3 8
3 198
3 9
3 197
3 10
3 196
3 11
3 194
3 13
3 193
3 192
3 15
3 191
3 16
3 190
3 17
3 189
3 18
3 188
3 131
3 23
4 6
4 7
4 8
4 9
4 199
4 10
4 198
4 11
4 197
4 12
4 196
4 13
4 195
4 194
4 15
4 193
4 16
4 192
4 17
4 191
4 18
4 190
4 19
4 189
4 45
4 80
4 158
4 52
5 6
5 7
5 8
5 9
5 10
5 11
5 199
5 12
5 198
5 13
5 197
5 14
5 196
5 15
5 195
5 16
5 194
5 17
5 193
5 18
5 192
5 191
5 20
5 190
5 148
6 7
6 8
6 9
6 10
6 11
6 12
6 13
6 199
6 14
6 198
6 15
6 16
6 195
6 18
6 194
6 19
6 20
6 192
6 21
6 191
6 105
6 44
7 8
7 9
7 10
7 11
7 12
7 13
7 14
7 15
7 16
7 198
7 17
7 197
7 18
7 196
7 19
7 195
7 20
7 21
7 193
7 22
7 176
7 92
7 126
8 9
8 10
8 11
8 13
8 14
8 15
8 16
8 17
8 199
8 18
8 198
8 19
8 20
8 196
8 21
8 195
8 22
8 194
8 23
8 193
8 50
8 175
8 142
8 139
9 10
9 11
9 12
9 13
9 14
9 15
9 16
9 18
9 19
9 199
9 20
9 198
9 21
9 197
9 22
9 196
9 23
9 195
9 24
9 194
9 190
10 11
10 12
10 13
10 14
10 15
10 16
10 18
10 19
10 20
10 21
10 199
10 22
10 23
10 24
10 196
10 25
10 195
10 125
10 31
10 140
11 12
11 14
11 16
11 17
11 18
11 19
11 20
11 21
11 22
11 23
11 199
11 24
11 198
11 25
11 197
11 26
11 196
11 77
11 72
11 174
12 13
12 14
12 15
12 16
12 17
12 19
12 20
12 21
12 22
12 23
12 24
12 25
12 199
12 26
12 27
12 128
12 129
12 142
13 14
13 17
13 18
13 19
13 20
13 21
13 22
13 24
13 25
13 27
13 199
13 28
13 198
13 91
13 142
13 16
13 143
13 120
14 15
14 17
14 18
14 19
14 20
14 21
14 22
14 23
14 24
14 25
14 26
14 28
14 29
14 199
14 187
14 138
14 119
15 18
15 19
15 20
15 22
15 23
15 24
15 25
15 26
15 27
15 28
15 29
15 30
15 132
15 93
15 134
15 99
16 17
16 18
16 21
16 22
16 23
16 24
16 25
16 26
16 28
16 29
16 30
16 31
16 176
16 82
16 66
16 101
16 83
17 18
17 19
17 20
17 21
17 22
17 23
17 24
17 25
17 26
17 27
17 28
17 29
17 30
17 31
17 32
18 19
18 20
18 21
18 22
18 23
18 24
18 25
18 26
18 27
18 28
18 29
18 30
18 31
18 32
18 126
19 20
19 21
19 22
19 23
19 24
19 25
19 26
19 27
19 28
19 29
19 30
19 31
19 32
19 34
19 50
19 196
19 59
20 21
20 22
20 23
20 25
20 26
20 27
20 28
20 29
20 30
20 31
20 33
20 34
20 35
20 198
20 183
20 74
20 99
21 22
21 23
21 24
21 25
21 26
21 27
21 28
21 29
21 30
21 31
21 32
21 33
21 34
21 35
21 36
22 23
22 24
22 25
22 26
22 27
22 28
22 29
22 30
22 31
22 32
22 33
22 34
22 35
22 36
22 37
23 24
23 25
23 26
23 27
23 28
23 29
23 30
23 31
23 32
23 33
23 34
23 35
23 36
23 37
23 38
23 156
23 72
23 170
24 25
24 26
24 27
24 28
24 29
24 31
24 32
24 33
24 34
24 35
24 36
24 37
24 39
24 110
24 49
24 188
24 146
24 186
24 72
25 26
25 27
25 28
25 30
25 31
25 32
25 33
25 34
25 36
25 37
25 38
25 39
25 40
25 102
25 162
25 108
25 160
26 27
26 28
26 29
26 30
26 31
26 32
26 33
26 34
26 35
26 36
26 37
26 38
26 39
26 40
26 41
26 43
26 142
27 28
27 29
27 31
27 32
27 33
27 34
27 35
27 36
27 37
27 38
27 39
27 40
27 41
27 42
27 86
27 66
27 91
28 29
28 30
28 31
28 32
28 33
28 34
28 37
28 38
28 39
28 40
28 42
28 43
28 195
28 100
28 166
29 30
29 31
29 32
29 33
29 34
29 35
29 36
29 37
29 38
29 39
29 40
29 42
29 43
29 44
29 149
29 78
30 31
30 32
30 33
30 34
30 35
30 36
30 37
30 38
30 40
30 41
30 42
30 43
30 44
30 45
30 186
30 189
30 52
30 84
31 32
31 33
31 35
31 36
31 37
31 38
31 39
31 41
31 42
31 43
31 44
31 45
31 168
31 77
31 164
32 33
32 35
32 36
32 37
32 38
32 39
32 41
32 42
32 43
32 44
32 45
32 46
32 47
32 128
32 58
32 110
33 34
33 35
33 36
33 37
33 38
33 39
33 40
33 41
33 42
33 43
33 45
33 46
33 47
33 90
33 179
34 35
34 36
34 37
34 38
34 39
34 40
34 42
34 43
34 44
34 45
34 47
34 48
34 86
34 149
34 169
34 194
35 36
35 37
35 38
35 40
35 42
35 43
35 44
35 45
35 46
35 47
35 48
35 49
35 50
35 163
35 159
36 37
36 38
36 39
36 40
36 41
36 42
36 43
36 44
36 45
36 46
36 47
36 48
36 49
36 51
36 109
36 144
37 39
37 40
37 41
37 42
37 43
37 44
37 45
37 46
37 47
37 49
37 50
37 51
37 52
37 55
37 99
37 77
37 53
38 39
38 40
38 41
38 42
38 43
38 45
38 46
38 47
38 48
38 49
38 50
38 51
38 52
38 53
38 165
38 108
38 134
39 40
39 41
39 42
39 43
39 44
39 45
39 46
39 47
39 48
39 49
39 50
39 51
39 52
39 53
39 54
39 69
39 116
40 41
40 42
40 43
40 45
40 46
40 47
40 48
40 49
40 50
40 51
40 52
40 53
40 54
40 55
40 96
40 123
41 42
41 43
41 44
41 45
41 46
41 47
41 48
41 49
41 50
41 51
41 52
41 53
41 54
41 55
41 56
41 181
42 43
42 44
42 45
42 46
42 47
42 48
42 50
42 51
42 52
42 53
42 54
42 55
42 56
42 57
42 73
42 49
43 44
43 45
43 48
43 49
43 50
43 51
43 52
43 53
43 54
43 55
43 56
43 57
43 58
43 130
43 65
43 112
44 45
44 46
44 47
44 48
44 49
44 51
44 52
44 53
44 54
44 55
44 56
44 57
44 58
44 59
44 140
45 46
45 47
45 48
45 50
45 51
45 52
45 53
45 54
45 55
45 56
45 57
45 58
45 59
45 60
45 151
45 167
45 124
46 47
46 48
46 49
46 50
46 51
46 52
46 53
46 54
46 55
46 56
46 57
46 58
46 59
46 60
46 61
47 48
47 49
47 50
47 51
47 52
47 53
47 54
47 55
47 56
47 57
47 58
47 59
47 60
47 61
47 62
48 49
48 50
48 51
48 52
48 53
48 54
48 55
48 56
48 57
48 58
48 59
48 60
48 61
48 62
48 63
48 179
48 156
48 97
48 141
48 168
49 50
49 53
49 54
49 57
49 58
49 59
49 60
49 61
49 62
49 63
49 64
49 91
49 148
49 90
49 115
50 51
50 52
50 53
50 54
50 55
50 57
50 58
50 59
50 60
50 61
50 62
50 63
50 65
50 147
50 132
51 52
51 55
51 57
51 58
51 59
51 60
51 61
51 62
51 63
51 65
51 66
51 185
51 199
51 191
51 136
51 90
51 171
51 166
52 54
52 55
52 56
52 57
52 58
52 59
52 60
52 61
52 62
52 63
52 64
52 65
52 66
52 67
52 191
52 180
52 154
52 184
53 54
53 57
53 58
53 59
53 60
53 61
53 62
53 63
53 64
53 65
53 66
53 68
53 142
53 129
53 148
53 73
53 117
53 85
54 55
54 56
54 57
54 58
54 59
54 60
54 61
54 62
54 63
54 64
54 65
54 66
54 67
54 68
54 69
54 80
55 56
55 57
55 58
55 59
55 60
55 61
55 62
55 63
55 64
55 65
55 66
55 67
55 68
55 69
55 70
56 57
56 58
56 59
56 60
56 61
56 62
56 63
56 64
56 65
56 66
56 67
56 68
56 69
56 70
56 71
56 141
57 58
57 59
57 60
57 61
57 62
57 63
57 64
57 65
57 66
57 67
57 68
57 69
57 70
57 71
57 72
58 59
58 61
58 62
58 63
58 64
58 65
58 66
58 68
58 69
58 70
58 71
58 72
58 73
58 143
58 127
58 193
59 60
59 62
59 63
59 64
59 65
59 66
59 67
59 68
59 69
59 70
59 71
59 72
59 73
59 74
59 177
60 61
60 62
60 63
60 64
60 65
60 66
60 67
60 68
60 69
60 70
60 71
60 72
60 73
60 74
60 75
61 62
61 63
61 64
61 65
61 66
61 67
61 68
61 69
61 70
61 71
61 72
61 73
61 74
61 75
61 76
61 78
61 143
61 106
62 63
62 64
62 65
62 66
62 67
62 68
62 69
62 70
62 71
62 73
62 74
62 75
62 77
62 121
62 153
62 186
62 182
62 160
63 64
63 65
63 66
63 67
63 68
63 69
63 70
63 71
63 72
63 74
63 75
63 76
63 77
63 78
63 112
63 88
64 65
64 66
64 67
64 69
64 71
64 72
64 74
64 75
64 76
64 77
64 78
64 79
64 164
64 136
64 183
65 66
65 67
65 68
65 69
65 72
65 73
65 74
65 75
65 76
65 78
65 79
65 80
65 99
65 142
65 180
65 100
66 67
66 69
66 70
66 72
66 73
66 74
66 75
66 76
66 77
66 78
66 79
66 80
66 81
66 160
66 106
67 68
67 69
67 70
67 71
67 72
67 73
67 74
67 75
67 76
67 77
67 78
67 79
67 80
67 81
67 82
68 69
68 71
68 72
68 73
68 74
68 75
68 76
68 77
68 78
68 79
68 80
68 81
68 82
68 83
68 194
68 137
68 156
69 70
69 71
69 73
69 74
69 75
69 76
69 77
69 78
69 80
69 81
69 82
69 83
69 84
69 177
69 122
69 119
70 71
70 72
70 73
70 74
70 75
70 76
70 77
70 78
70 79
70 80
70 81
70 82
70 83
70 84
70 85
70 118
70 166
71 72
71 73
71 74
71 75
71 76
71 77
71 78
71 79
71 80
71 81
71 82
71 83
71 84
71 85
71 86
72 73
72 74
72 75
72 77
72 81
72 82
72 83
72 84
72 85
72 86
72 87
72 98
72 94
72 194
73 74
73 75
73 76
73 77
73 78
73 80
73 81
73 82
73 83
73 84
73 85
73 86
73 87
73 88
74 75
74 76
74 77
74 78
74 79
74 80
74 81
74 82
74 83
74 86
74 87
74 88
74 89
74 136
74 130
74 161
75 76
75 77
75 78
75 79
75 80
75 81
75 82
75 84
75 85
75 86
75 87
75 88
75 89
75 90
75 173
76 77
76 78
76 79
76 80
76 81
76 82
76 83
76 84
76 85
76 86
76 87
76 88
76 89
76 90
76 91
77 78
77 79
77 80
77 81
77 82
77 83
77 84
77 85
77 86
77 87
77 88
77 89
77 90
77 91
77 92
77 193
77 174
77 197
78 79
78 80
78 81
78 83
78 84
78 85
78 86
78 87
78 88
78 89
78 91
78 92
78 93
79 80
79 81
79 83
79 84
79 85
79 86
79 87
79 89
79 90
79 91
79 93
79 94
79 176
79 199
79 105
80 82
80 83
80 84
80 85
80 86
80 87
80 88
80 90
80 91
80 92
80 93
80 94
80 95
80 102
80 131
81 82
81 83
81 84
81 85
81 86
81 87
81 88
81 89
81 90
81 91
81 92
81 93
81 94
81 95
81 96
81 116
82 83
82 84
82 85
82 86
82 87
82 88
82 89
82 90
82 92
82 93
82 94
82 95
82 96
82 97
82 150
82 145
83 84
83 85
83 86
83 87
83 88
83 89
83 90
83 91
83 92
83 93
83 94
83 95
83 98
83 132
84 86
84 87
84 88
84 89
84 90
84 91
84 92
84 94
84 95
84 96
84 97
84 98
84 99
84 145
84 114
85 86
85 87
85 88
85 89
85 90
85 91
85 92
85 93
85 94
85 95
85 96
85 97
85 98
85 100
86 87
86 88
86 89
86 90
86 91
86 92
86 93
86 94
86 95
86 96
86 97
86 98
86 99
86 101
86 181
87 88
87 89
87 90
87 91
87 92
87 93
87 94
87 95
87 96
87 97
87 98
87 99
87 100
87 102
87 157
87 138
88 89
88 90
88 91
88 92
88 93
88 94
88 95
88 96
88 97
88 99
88 100
88 101
88 102
88 103
88 174
89 91
89 93
89 94
89 95
89 96
89 97
89 98
89 99
89 100
89 101
89 102
89 103
89 104
89 166
89 140
90 91
90 92
90 93
90 95
90 96
90 98
90 100
90 101
90 102
90 103
90 104
90 105
90 169
91 92
91 94
91 95
91 97
91 98
91 99
91 100
91 101
91 102
91 103
91 104
91 105
91 106
91 188
91 133
92 93
92 94
92 95
92 96
92 97
92 98
92 100
92 101
92 103
92 104
92 105
92 106
92 107
92 118
93 94
93 95
93 96
93 97
93 98
93 99
93 100
93 101
93 102
93 103
93 104
93 105
93 106
93 107
93 108
93 144
93 146
94 95
94 96
94 97
94 98
94 99
94 100
94 101
94 102
94 103
94 104
94 105
94 107
94 108
94 109
94 168
95 96
95 98
95 99
95 100
95 101
95 102
95 103
95 104
95 105
95 106
95 107
95 108
95 109
95 110
95 178
95 130
96 97
96 98
96 99
96 100
96 101
96 102
96 103
96 104
96 105
96 106
96 107
96 108
96 109
96 110
96 111
97 98
97 99
97 100
97 101
97 103
97 104
97 105
97 106
97 107
97 108
97 109
97 110
97 111
97 112
97 183
97 118
97 126
98 99
98 100
98 101
98 102
98 103
98 104
98 106
98 107
98 108
98 110
98 111
98 112
98 113
98 190
98 120
98 141
99 101
99 102
99 104
99 105
99 106
99 107
99 108
99 109
99 110
99 111
99 112
99 113
99 114
99 149
100 101
100 102
100 103
100 104
100 105
100 106
100 107
100 108
100 109
100 110
100 112
100 113
100 114
100 115
100 175
101 102
101 103
101 104
101 105
101 106
101 107
101 108
101 109
101 110
101 111
101 113
101 114
101 115
101 116
101 197
102 103
102 104
102 105
102 106
102 107
102 108
102 109
102 110
102 111
102 112
102 113
102 114
102 116
102 117
102 191
103 104
103 105
103 106
103 107
103 108
103 109
103 111
103 112
103 113
103 114
103 115
103 116
103 118
103 125
103 157
104 105
104 106
104 107
104 108
104 110
104 111
104 112
104 113
104 114
104 115
104 116
104 117
104 118
104 119
104 127
105 106
105 107
105 108
105 110
105 111
105 112
105 113
105 114
105 115
105 116
105 117
105 118
105 120
105 154
105 122
105 182
105 127
106 107
106 108
106 110
106 111
106 112
106 114
106 115
106 116
106 117
106 118
106 119
106 121
106 163
107 108
107 109
107 110
107 111
107 113
107 114
107 115
107 116
107 118
107 119
107 120
107 121
107 188
107 162
107 159
107 172
107 158
108 109
108 110
108 111
108 112
108 113
108 117
108 118
108 119
108 120
108 122
108 123
108 152
108 174
108 161
109 110
109 112
109 113
109 114
109 115
109 117
109 118
109 119
109 120
109 121
109 122
109 123
109 124
109 148
109 140
110 111
110 113
110 114
110 115
110 116
110 117
110 118
110 119
110 120
110 121
110 122
110 123
110 124
110 191
110 129
110 142
111 112
111 113
111 114
111 115
111 116
111 117
111 118
111 120
111 121
111 122
111 123
111 124
111 125
111 126
111 140
111 179
112 114
112 115
112 116
112 117
112 118
112 119
112 120
112 121
112 122
112 123
112 124
112 126
112 127
112 165
113 114
113 115
113 116
113 117
113 118
113 119
113 120
113 121
113 122
113 123
113 124
113 125
113 126
113 128
113 180
113 134
114 115
114 116
114 117
114 118
114 119
114 121
114 122
114 123
114 125
114 126
114 127
114 128
114 129
114 198
114 144
115 116
115 117
115 118
115 119
115 120
115 121
115 122
115 124
115 125
115 126
115 128
115 129
115 138
115 154
115 160
116 117
116 119
116 120
116 122
116 124
116 125
116 126
116 127
116 128
116 129
116 130
116 172
116 161
117 118
117 119
117 120
117 121
117 122
117 123
117 125
117 126
117 128
117 129
117 130
117 131
117 132
117 163
118 121
118 123
118 124
118 125
118 126
118 127
118 128
118 129
118 130
118 131
118 133
118 134
118 181
119 120
119 121
119 122
119 124
119 125
119 126
119 127
119 128
119 129
119 130
119 131
119 132
119 133
119 191
120 121
120 122
120 123
120 124
120 125
120 126
120 127
120 128
120 129
120 130
120 131
120 132
120 133
120 134
120 135
121 122
121 123
121 124
121 126
121 127
121 128
121 129
121 131
121 132
121 133
121 134
121 135
121 136
121 186
122 123
122 124
122 125
122 126
122 127
122 128
122 130
122 131
122 132
122 133
122 134
122 136
122 137
123 124
123 125
123 126
123 128
123 129
123 130
123 131
123 132
123 133
123 134
123 135
123 136
123 137
123 138
124 125
124 126
124 127
124 128
124 129
124 130
124 131
124 132
124 133
124 134
124 136
124 137
124 138
124 139
125 126
125 127
125 128
125 129
125 130
125 132
125 133
125 134
125 135
125 136
125 137
125 138
125 139
125 140
125 194
125 156
126 127
126 128
126 129
126 130
126 131
126 132
126 133
126 135
126 136
126 137
126 138
126 139
126 141
127 128
127 129
127 130
127 131
127 132
127 133
127 134
127 135
127 136
127 137
127 138
127 139
127 140
127 141
127 142
128 129
128 131
128 132
128 133
128 134
128 135
128 136
128 137
128 138
128 139
128 140
128 141
128 142
128 143
128 186
129 130
129 131
129 132
129 133
129 134
129 135
129 136
129 137
129 138
129 139
129 140
129 141
129 142
129 196
129 165
130 131
130 132
130 133
130 134
130 135
130 136
130 137
130 138
130 139
130 140
130 141
130 142
130 144
130 145
131 132
131 133
131 134
131 135
131 136
131 137
131 138
131 139
131 140
131 141
131 142
131 143
131 146
131 154
131 166
132 133
132 134
132 135
132 136
132 137
132 138
132 139
132 140
132 141
132 142
132 143
132 144
132 145
132 147
132 175
133 134
133 135
133 136
133 137
133 138
133 139
133 140
133 141
133 142
133 143
133 144
133 145
133 146
133 147
133 148
134 135
134 136
134 137
134 138
134 141
134 142
134 143
134 144
134 145
134 146
134 147
134 148
134 149
134 195
135 136
135 137
135 138
135 139
135 140
135 141
135 142
135 143
135 144
135 145
135 146
135 147
135 148
135 149
135 150
136 137
136 138
136 139
136 140
136 141
136 142
136 143
136 144
136 146
136 147
136 148
136 149
136 150
136 163
137 138
137 139
137 140
137 141
137 143
137 144
137 145
137 146
137 147
137 148
137 149
137 150
137 151
137 152
137 155
137 161
138 139
138 140
138 141
138 142
138 143
138 144
138 145
138 146
138 147
138 148
138 149
138 150
138 151
138 152
138 153
138 198
139 141
139 142
139 143
139 144
139 145
139 146
139 147
139 148
139 149
139 150
139 151
139 152
139 162
139 164
139 168
140 141
140 142
140 143
140 144
140 145
140 147
140 148
140 150
140 151
140 152
140 153
140 154
140 155
141 142
141 143
141 144
141 146
141 147
141 149
141 150
141 151
141 153
141 154
141 155
141 156
141 183
142 143
142 144
142 145
142 146
142 148
142 149
142 150
142 152
142 153
142 154
142 156
142 157
143 144
143 145
143 146
143 147
143 151
143 152
143 153
143 154
143 155
143 156
143 157
143 158
143 182
144 146
144 147
144 148
144 149
144 151
144 152
144 153
144 154
144 155
144 156
144 157
144 158
144 159
145 146
145 147
145 148
145 149
145 150
145 151
145 152
145 153
145 154
145 155
145 156
145 157
145 158
145 159
145 160
146 147
146 148
146 149
146 150
146 151
146 152
146 153
146 155
146 156
146 158
146 159
146 160
146 161
147 148
147 149
147 150
147 151
147 152
147 153
147 154
147 155
147 156
147 157
147 158
147 159
147 160
147 161
147 162
148 149
148 151
148 153
148 154
148 155
148 156
148 157
148 158
148 159
148 160
148 161
148 162
148 163
149 150
149 151
149 152
149 153
149 154
149 155
149 156
149 158
149 159
149 160
149 161
149 162
149 163
149 164
149 166
150 151
150 152
150 153
150 154
150 156
150 157
150 158
150 159
150 160
150 161
150 162
150 163
150 164
150 165
150 177
151 152
151 153
151 154
151 155
151 156
151 157
151 158
151 159
151 160
151 161
151 162
151 163
151 164
151 165
151 166
152 153
152 154
152 155
152 156
152 157
152 158
152 159
152 160
152 161
152 162
152 163
152 164
152 165
152 166
152 167
153 154
153 155
153 156
153 157
153 158
153 159
153 160
153 161
153 162
153 163
153 165
153 166
153 167
153 168
153 178
154 155
154 156
154 157
154 158
154 162
154 163
154 164
154 165
154 166
154 167
154 168
154 169
154 199
155 156
155 157
155 158
155 159
155 161
155 162
155 163
155 164
155 165
155 166
155 167
155 168
155 169
155 170
156 157
156 160
156 161
156 162
156 164
156 165
156 166
156 168
156 169
156 171
156 194
157 158
157 159
157 160
157 161
157 162
157 163
157 164
157 166
157 167
157 168
157 169
157 170
157 171
157 172
157 193
158 159
158 161
158 162
158 163
158 164
158 165
158 166
158 167
158 168
158 169
158 170
158 171
158 172
158 192
158 197
159 160
159 161
159 162
159 163
159 164
159 165
159 166
159 167
159 168
159 170
159 171
159 172
159 173
159 174
159 182
160 161
160 162
160 163
160 164
160 165
160 166
160 167
160 168
160 169
160 170
160 171
160 172
160 173
160 174
160 175
161 162
161 163
161 164
161 165
161 166
161 167
161 169
161 170
161 171
161 172
161 173
161 174
161 176
161 197
162 163
162 164
162 165
162 166
162 167
162 169
162 171
162 172
162 173
162 174
162 175
162 176
162 177
163 164
163 165
163 166
163 167
163 168
163 169
163 170
163 171
163 172
163 173
163 174
163 175
163 176
163 177
163 178
164 165
164 167
164 168
164 169
164 170
164 171
164 172
164 173
164 174
164 175
164 176
164 177
164 179
164 190
165 167
165 168
165 169
165 170
165 171
165 172
165 173
165 174
165 175
165 176
165 177
165 178
165 179
165 180
166 167
166 169
166 170
166 171
166 172
166 174
166 175
166 176
166 177
166 178
166 179
166 180
166 198
167 168
167 169
167 170
167 173
167 174
167 175
167 176
167 177
167 178
167 179
167 180
167 181
167 182
167 185
167 194
168 169
168 170
168 171
168 172
168 173
168 174
168 175
168 176
168 177
168 178
168 179
168 180
168 181
168 183
169 170
169 171
169 172
169 173
169 174
169 175
169 176
169 177
169 178
169 179
169 180
169 181
169 182
169 184
170 171
170 172
170 173
170 174
170 175
170 176
170 177
170 178
170 179
170 181
170 182
170 183
170 184
170 185
171 172
171 173
171 174
171 175
171 176
171 177
171 178
171 179
171 180
171 181
171 182
171 183
171 184
171 185
171 186
172 173
172 174
172 175
172 176
172 177
172 178
172 179
172 180
172 181
172 182
172 183
172 184
172 185
172 186
172 187
173 174
173 175
173 177
173 178
173 179
173 180
173 181
173 182
173 183
173 184
173 185
173 186
173 187
173 188
174 175
174 176
174 178
174 179
174 180
174 181
174 182
174 184
174 185
174 187
174 188
174 189
175 176
175 177
175 178
175 179
175 180
175 182
175 183
175 184
175 185
175 187
175 188
175 189
175 190
176 178
176 180
176 181
176 182
176 183
176 184
176 185
176 186
176 187
176 188
176 189
176 190
176 191
177 178
177 179
177 180
177 181
177 182
177 183
177 184
177 185
177 186
177 187
177 188
177 189
177 190
177 192
178 179
178 180
178 181
178 182
178 183
178 184
178 185
178 186
178 187
178 188
178 189
178 190
178 191
178 192
178 193
179 181
179 182
179 183
179 184
179 185
179 186
179 188
179 189
179 190
179 191
179 192
179 193
179 194
180 181
180 183
180 184
180 187
180 188
180 189
180 190
180 191
180 192
180 193
180 194
180 195
181 182
181 183
181 184
181 185
181 186
181 187
181 189
181 190
181 191
181 192
181 193
181 194
181 195
181 196
182 183
182 184
182 185
182 186
182 187
182 188
182 189
182 190
182 191
182 193
182 195
182 197
183 185
183 186
183 187
183 188
183 190
183 191
183 192
183 194
183 195
183 196
183 198
184 185
184 186
184 187
184 188
184 189
184 190
184 191
184 192
184 193
184 194
184 195
184 196
184 197
184 198
185 186
185 187
185 188
185 189
185 190
185 191
185 192
185 193
185 194
185 195
185 196
185 197
185 198
185 199
186 188
186 189
186 190
186 191
186 192
186 194
186 195
186 196
186 199
187 189
187 190
187 191
187 192
187 193
187 194
187 195
187 196
187 197
187 198
187 199
188 190
188 191
188 192
188 193
188 194
188 195
188 196
188 197
188 198
188 199
189 190
189 191
189 192
189 193
189 194
189 196
189 197
189 198
189 199
190 191
190 192
190 193
190 194
190 195
190 196
190 197
190 198
190 199
191 193
191 194
191 195
191 197
191 198
191 199
192 193
192 194
192 195
192 196
192 197
192 198
192 199
193 194
193 195
193 196
193 197
193 198
193 199
194 195
194 196
194 197
194 198
194 199
195 196
195 197
195 198
195 199
196 197
196 198
196 199
197 198
197 199
198 199
