0 1
0 2
0 3
0 4
0 5
0 6
0 7
0 8
0 9
0 10
0 11
0 12
0 13
0 14
0 15
0 16
0 17
0 18
0 19
0 21
0 22
0 23
0 24
0 26
0 27
0 30
0 31
0 32
0 35
0 37
0 40
0 42
0 45
0 46
0 47
0 48
0 52
0 55
0 58
0 64
0 65
0 66
0 71
0 74
0 81
0 84
0 85
0 90
0 92
0 94
0 99
0 101
0 114
0 116
0 119
0 120
0 126
0 128
0 136
0 144
0 158
0 164
0 165
0 174
0 177
0 183
0 187
0 190
0 195
1 11
1 12
1 13
1 15
1 16
1 17
1 18
1 19
1 20
1 22
1 26
1 28
1 29
1 30
1 31
1 32
1 35
1 38
1 43
1 44
1 52
1 53
1 59
1 61
1 62
1 64
1 76
1 77
1 87
1 91
1 94
1 98
1 106
1 107
1 112
1 114
1 122
1 128
1 141
1 148
1 154
1 163
1 167
1 180
1 184
1 185
1 190
2 11
2 12
2 13
2 14
2 15
2 16
2 18
2 19
2 27
2 29
2 32
2 33
2 38
2 41
2 43
2 61
2 70
2 73
2 77
2 83
2 90
2 92
2 99
2 101
2 108
2 113
2 116
2 125
2 137
2 152
2 156
2 178
3 11
3 12
3 17
3 22
3 23
3 25
3 26
3 37
3 38
3 62
3 66
3 71
3 73
3 74
3 83
3 134
3 158
4 11
4 12
4 13
4 14
4 17
4 22
4 41
4 42
4 45
4 46
4 48
4 49
4 52
4 57
4 60
4 75
4 80
4 92
4 95
4 98
4 105
4 125
4 128
4 138
4 180
4 191
4 196
5 11
5 12
5 13
5 14
5 15
5 17
5 19
5 20
5 21
5 24
5 27
5 29
5 34
5 36
5 39
5 46
5 50
5 54
5 61
5 67
5 74
5 76
5 79
5 85
5 102
5 125
5 141
5 144
5 188
5 192
6 11
6 12
6 21
6 23
6 24
6 28
6 51
6 57
6 70
6 81
6 91
6 98
6 115
6 122
6 138
6 140
6 179
6 198
7 11
7 12
7 14
7 15
7 17
7 20
7 21
7 25
7 30
7 32
7 46
7 47
7 57
7 58
7 61
7 64
7 69
7 70
7 72
7 79
7 87
7 92
7 97
7 113
7 118
7 120
7 121
7 130
7 132
7 137
7 146
7 162
7 166
7 177
7 184
7 187
7 192
8 13
8 15
8 18
8 35
8 48
8 68
8 88
8 109
8 133
8 167
9 11
9 13
9 14
9 16
9 18
9 19
9 20
9 22
9 26
9 39
9 50
9 70
9 120
9 133
9 138
10 11
10 12
10 13
10 14
10 16
10 34
10 45
10 47
10 54
10 78
10 80
10 81
10 120
10 139
10 140
10 148
10 172
11 12
11 13
11 14
11 15
11 16
11 17
11 18
11 19
11 20
11 22
11 23
11 25
11 26
11 29
11 33
11 45
11 47
11 52
11 59
11 61
11 63
11 68
11 72
11 82
11 83
11 85
11 89
11 95
11 96
11 99
11 112
11 119
11 121
11 126
11 132
11 134
11 136
11 148
11 159
11 160
11 164
11 169
11 179
11 184
11 185
11 188
11 197
12 13
12 14
12 15
12 16
12 17
12 19
12 20
12 21
12 22
12 24
12 25
12 27
12 28
12 30
12 34
12 37
12 38
12 41
12 42
12 45
12 50
12 55
12 57
12 59
12 60
12 63
12 66
12 72
12 73
12 74
12 96
12 104
12 106
12 109
12 112
12 113
12 114
12 115
12 132
12 153
12 154
12 155
12 162
12 165
12 171
12 175
12 176
12 189
12 190
13 14
13 15
13 16
13 18
13 20
13 21
13 23
13 26
13 27
13 31
13 32
13 33
13 34
13 35
13 36
13 37
13 40
13 49
13 51
13 62
13 64
13 68
13 73
13 79
13 82
13 83
13 91
13 104
13 105
13 111
13 118
13 119
13 122
13 124
13 125
13 131
13 132
13 136
13 137
13 138
13 140
13 142
13 153
13 168
13 170
14 15
14 16
14 17
14 18
14 20
14 23
14 24
14 25
14 27
14 28
14 30
14 31
14 32
14 34
14 35
14 36
14 37
14 39
14 41
14 43
14 44
14 47
14 48
14 49
14 63
14 65
14 67
14 69
14 72
14 75
14 76
14 87
14 90
14 93
14 98
14 103
14 104
14 115
14 116
14 119
14 124
14 125
14 127
14 128
14 139
14 149
14 153
14 155
14 156
14 158
14 167
14 178
14 189
14 190
14 193
14 197
15 16
15 18
15 19
15 20
15 21
15 23
15 24
15 25
15 26
15 37
15 39
15 40
15 42
15 43
15 45
15 46
15 49
15 53
15 56
15 59
15 60
15 61
15 62
15 64
15 76
15 83
15 84
15 87
15 89
15 99
15 102
15 103
15 104
15 106
15 111
15 116
15 119
15 125
15 131
15 138
15 145
15 147
15 150
15 151
15 152
15 157
15 158
15 161
15 169
15 186
15 192
15 193
15 199
16 17
16 24
16 28
16 30
16 35
16 36
16 42
16 44
16 48
16 57
16 61
16 63
16 66
16 73
16 77
16 97
16 99
16 110
16 117
16 119
16 125
16 133
16 159
16 177
16 181
16 186
16 187
17 18
17 19
17 21
17 22
17 24
17 26
17 29
17 30
17 31
17 33
17 34
17 36
17 38
17 39
17 42
17 50
17 59
17 67
17 71
17 73
17 74
17 75
17 79
17 86
17 89
17 94
17 95
17 97
17 100
17 106
17 109
17 126
17 129
17 134
17 136
17 144
17 145
17 151
17 161
17 163
17 166
17 172
17 176
17 183
17 188
17 194
17 198
18 19
18 20
18 21
18 22
18 23
18 26
18 27
18 28
18 31
18 33
18 35
18 39
18 44
18 46
18 47
18 48
18 51
18 56
18 99
18 101
18 110
18 114
18 124
18 139
18 143
18 152
18 156
18 170
18 173
18 185
18 192
19 23
19 25
19 28
19 29
19 30
19 31
19 37
19 43
19 54
19 59
19 61
19 62
19 63
19 66
19 71
19 72
19 82
19 87
19 89
19 92
19 93
19 95
19 103
19 111
19 113
19 115
19 123
19 129
19 137
19 162
19 173
19 178
20 21
20 22
20 24
20 25
20 29
20 33
20 36
20 39
20 40
20 44
20 46
20 47
20 49
20 52
20 53
20 56
20 58
20 59
20 63
20 66
20 78
20 83
20 87
20 91
20 94
20 108
20 124
20 126
20 130
20 135
20 145
20 146
20 153
20 154
20 155
20 159
20 189
20 195
20 199
21 23
21 24
21 26
21 28
21 29
21 32
21 35
21 37
21 38
21 49
21 51
21 55
21 57
21 60
21 63
21 68
21 70
21 72
21 73
21 90
21 105
21 111
21 114
21 119
21 123
21 124
21 130
21 131
21 135
21 139
21 143
21 144
21 151
21 155
21 163
21 165
21 168
21 176
21 184
21 188
22 25
22 27
22 28
22 29
22 30
22 31
22 32
22 34
22 37
22 39
22 40
22 42
22 43
22 54
22 56
22 64
22 65
22 68
22 69
22 70
22 74
22 75
22 76
22 78
22 79
22 81
22 84
22 86
22 91
22 92
22 93
22 96
22 101
22 103
22 111
22 121
22 129
22 132
22 135
22 147
22 148
22 149
22 175
22 187
22 193
22 199
23 36
23 38
23 40
23 42
23 53
23 58
23 60
23 71
23 94
23 100
23 131
23 135
23 138
23 182
23 193
24 25
24 27
24 40
24 41
24 46
24 50
24 54
24 59
24 65
24 84
24 86
24 88
24 89
24 97
24 110
24 113
24 134
24 136
24 138
24 143
24 144
24 154
24 164
25 27
25 28
25 29
25 32
25 34
25 36
25 45
25 52
25 56
25 60
25 62
25 76
25 79
25 83
25 85
25 89
25 93
25 96
25 116
25 136
25 155
25 168
25 171
25 173
25 190
25 198
26 30
26 33
26 43
26 45
26 56
26 61
26 63
26 71
26 82
26 88
26 89
26 93
26 95
26 103
26 133
26 146
26 163
26 165
26 172
26 182
27 41
27 48
27 55
27 57
27 75
27 76
27 80
27 86
27 100
27 113
27 115
27 159
27 173
27 181
27 189
27 194
27 199
28 31
28 33
28 36
28 37
28 44
28 66
28 88
28 106
28 147
28 162
28 177
29 31
29 32
29 33
29 34
29 39
29 47
29 50
29 54
29 55
29 60
29 65
29 71
29 78
29 82
29 88
29 92
29 98
29 100
29 123
29 133
29 143
29 145
29 164
29 170
29 175
29 177
29 199
30 33
30 38
30 40
30 42
30 53
30 55
30 80
30 81
30 82
30 83
30 84
30 90
30 104
30 140
30 141
30 152
30 159
30 173
30 184
30 191
31 36
31 40
31 43
31 53
31 62
31 67
31 69
31 78
31 79
31 80
31 82
31 91
31 97
31 108
31 110
31 116
31 126
31 140
31 154
31 170
31 177
31 180
31 189
31 198
32 35
32 41
32 44
32 50
32 54
32 56
32 63
32 78
32 97
32 102
32 117
32 131
32 135
32 138
32 166
32 199
33 34
33 49
33 73
33 74
33 103
33 110
33 120
33 121
33 149
33 154
33 165
33 171
33 195
34 35
34 38
34 44
34 50
34 51
34 57
34 58
34 67
34 70
34 72
34 73
34 86
34 89
34 93
34 94
34 97
34 100
34 106
34 112
34 122
34 124
34 134
34 140
34 143
34 163
34 172
34 174
34 181
34 194
35 39
35 46
35 47
35 51
35 52
35 55
35 58
35 62
35 64
35 68
35 75
35 90
35 91
35 123
35 142
35 159
35 192
35 198
36 38
36 41
36 48
36 49
36 50
36 51
36 53
36 54
36 69
36 75
36 77
36 96
36 116
36 119
36 121
36 122
36 131
36 137
36 142
36 152
36 164
36 169
36 199
37 40
37 42
37 45
37 46
37 47
37 48
37 51
37 55
37 59
37 63
37 67
37 75
37 84
37 103
37 108
37 125
37 127
37 134
37 138
37 185
37 197
38 44
38 64
38 92
38 151
38 182
39 41
39 43
39 69
39 78
39 82
39 85
39 98
39 105
39 115
39 121
39 131
39 132
39 137
39 141
39 148
39 178
40 41
40 44
40 55
40 70
40 74
40 85
40 93
40 130
40 176
40 185
41 43
41 52
41 97
41 99
41 108
41 125
41 144
41 168
41 196
42 49
42 51
42 58
42 64
42 71
42 76
42 79
42 83
42 87
42 114
42 120
42 134
42 135
42 146
42 154
42 177
42 182
42 192
43 45
43 49
43 51
43 71
43 73
43 95
43 100
43 101
43 110
43 133
43 136
43 141
43 155
43 160
43 173
43 184
44 53
44 66
44 68
44 69
44 77
44 90
44 91
44 100
44 109
44 117
44 118
44 125
44 137
44 157
44 166
44 169
44 181
45 48
45 50
45 60
45 75
45 81
45 93
45 100
45 102
45 122
45 128
45 149
46 52
46 53
46 56
46 66
46 69
46 79
46 83
46 93
46 96
46 104
46 107
46 108
46 109
46 116
46 126
46 139
46 141
46 157
46 160
46 179
46 185
46 189
47 52
47 74
47 91
47 105
47 118
47 123
47 127
47 134
47 169
47 178
47 181
47 182
47 195
48 53
48 54
48 57
48 59
48 60
48 68
48 71
48 90
48 95
48 104
48 109
48 139
48 151
48 157
48 186
49 54
49 56
49 58
49 64
49 77
49 84
49 92
49 96
49 98
49 106
49 108
49 115
49 128
49 130
49 133
49 137
49 156
49 162
49 167
49 187
50 55
50 84
50 105
50 112
50 113
50 118
50 122
50 129
50 136
50 142
50 154
50 175
50 181
51 58
51 67
51 77
51 78
51 98
51 99
51 109
51 123
51 145
51 146
51 147
51 149
51 180
51 199
52 56
52 57
52 58
52 67
52 69
52 78
52 101
52 147
52 150
52 152
52 155
52 174
52 182
53 62
53 68
53 82
53 91
53 92
53 94
53 100
53 104
53 105
53 107
53 117
53 118
53 127
53 130
53 148
53 150
53 153
53 158
53 174
54 70
54 85
54 102
54 126
54 150
54 161
54 193
54 198
55 76
55 85
55 87
55 90
55 111
55 121
55 130
55 144
55 167
55 179
56 65
56 70
56 76
56 94
56 96
56 101
56 102
56 105
56 119
56 128
56 135
56 147
56 161
56 178
56 188
56 197
57 60
57 62
57 67
57 75
57 77
57 80
57 88
57 95
57 102
57 111
57 118
57 143
57 148
57 162
57 168
57 183
57 190
57 191
57 197
58 65
58 67
58 77
58 80
58 86
58 107
58 126
58 144
58 183
59 61
59 81
59 90
59 108
59 114
59 174
60 77
60 88
60 95
60 106
60 107
60 113
60 117
60 126
60 128
60 160
60 192
60 198
61 68
61 146
61 196
62 65
62 112
62 121
62 137
62 140
62 180
62 186
63 65
63 72
63 124
63 130
63 134
63 148
64 65
64 66
64 72
64 81
64 96
64 107
64 112
64 118
64 135
64 139
64 148
64 191
64 194
65 69
65 74
65 86
65 88
65 98
65 99
65 101
65 103
65 144
65 147
65 173
65 174
65 178
65 194
65 199
66 72
66 142
66 182
67 86
67 110
67 114
67 115
67 152
67 186
68 79
68 85
68 112
68 123
68 143
68 154
68 188
69 97
69 105
69 107
69 131
69 165
69 175
69 176
69 188
69 197
70 78
70 80
70 81
70 95
70 107
70 162
71 85
71 114
71 157
71 196
72 80
72 124
72 142
72 144
72 155
72 196
73 89
73 105
73 118
73 128
73 152
73 158
73 168
73 175
73 181
73 183
73 184
74 86
74 87
74 88
74 112
74 115
74 135
74 136
74 158
74 179
74 189
75 111
75 193
76 81
76 88
76 89
76 94
76 106
76 124
76 127
76 139
76 171
76 174
76 188
77 160
77 165
78 80
78 101
78 117
78 122
79 84
79 113
79 127
79 129
79 135
79 176
80 84
80 86
80 126
80 191
80 192
81 82
81 87
81 104
81 148
81 150
81 163
82 96
82 97
82 101
82 103
82 120
82 149
82 160
82 174
82 179
82 188
82 190
83 100
83 102
83 108
83 110
83 147
83 151
84 118
84 129
84 172
85 109
85 119
85 157
85 166
86 117
87 122
87 129
88 93
88 156
88 158
88 170
88 197
89 113
89 142
89 169
90 98
90 102
90 161
90 190
91 109
91 122
91 141
91 152
91 186
92 94
92 99
92 111
92 150
92 164
92 172
92 176
93 129
93 147
93 195
94 103
94 164
94 169
94 183
95 102
95 110
95 139
95 150
95 156
95 159
95 163
95 179
95 183
95 186
96 104
96 108
96 121
96 141
96 149
96 152
96 167
96 173
96 181
97 123
97 129
97 142
97 146
97 149
97 163
97 167
97 194
98 114
98 132
98 133
98 143
98 154
98 157
98 194
99 107
99 110
99 120
99 164
99 176
99 185
99 192
99 198
100 158
100 162
101 117
101 142
101 163
101 165
101 186
101 198
102 115
102 196
103 120
103 143
103 161
103 170
104 107
104 109
104 117
104 127
104 153
105 106
105 132
105 142
105 153
105 172
105 177
106 133
106 167
106 180
107 123
107 177
108 116
108 117
108 128
108 140
108 143
108 145
108 146
108 172
108 180
108 182
109 160
109 171
109 173
109 194
110 111
110 112
110 116
110 120
110 147
111 131
111 170
111 180
112 124
112 145
112 146
112 178
113 132
113 149
113 151
114 129
114 155
115 141
115 150
115 159
115 165
115 169
115 175
115 180
116 145
116 162
116 168
116 178
116 181
116 191
117 151
117 170
118 156
118 189
119 121
119 134
119 145
119 164
119 169
120 127
120 157
120 160
120 171
120 185
120 187
120 191
121 140
121 141
121 146
121 153
121 155
121 160
122 123
122 127
122 132
122 162
122 196
123 156
123 161
123 175
124 127
124 133
124 168
124 178
124 180
125 130
125 131
125 187
126 171
126 174
126 185
127 140
127 163
127 164
127 184
128 130
128 187
129 145
129 179
130 150
130 151
131 136
131 156
131 157
131 166
131 167
131 169
133 137
133 171
133 194
134 157
135 138
135 139
135 179
135 183
136 183
137 199
138 166
138 186
138 188
139 166
139 176
139 182
139 191
139 196
140 149
140 156
140 193
141 153
141 175
141 176
141 195
141 197
142 161
142 185
143 165
143 170
143 182
144 177
145 160
145 161
145 166
145 179
145 181
145 186
146 187
146 192
146 193
147 151
148 150
148 174
148 191
149 153
149 158
149 159
149 168
149 195
150 175
151 161
154 159
156 168
156 189
156 196
156 197
158 170
160 196
161 190
162 166
162 193
163 190
165 167
165 172
165 184
165 189
165 198
166 173
167 194
167 195
168 171
169 172
170 171
172 184
173 193
180 183
181 187
181 197
182 191
184 195
190 195
