0 1
0 2
0 3
0 4
0 5
0 6
0 7
0 8
0 9
0 10
0 11
0 12
0 13
0 14
0 15
0 16
0 17
0 18
0 19
0 20
0 21
0 22
0 23
0 24
0 25
0 27
0 29
0 30
0 31
0 32
0 33
0 35
0 38
0 40
0 43
0 44
0 47
0 49
0 50
0 51
0 57
0 63
0 67
0 68
0 70
0 87
0 89
0 96
0 98
0 99
0 101
0 104
0 110
0 123
0 125
0 126
0 129
0 138
0 139
0 140
0 141
0 143
0 145
0 157
0 158
0 168
0 171
0 176
0 178
0 187
0 191
0 199
1 16
1 17
1 18
1 19
1 20
1 21
1 23
1 25
1 26
1 27
1 29
1 32
1 33
1 36
1 37
1 39
1 42
1 54
1 64
1 68
1 69
1 70
1 75
1 92
1 94
1 120
1 122
1 128
1 151
1 155
1 158
1 159
1 178
2 16
2 17
2 18
2 19
2 20
2 21
2 22
2 23
2 24
2 26
2 28
2 31
2 32
2 34
2 35
2 36
2 39
2 41
2 46
2 53
2 66
2 79
2 82
2 83
2 87
2 88
2 91
2 98
2 100
2 101
2 108
2 115
2 125
2 131
2 134
2 143
2 145
2 150
2 154
2 156
2 165
2 172
2 188
2 189
2 191
2 197
3 16
3 17
3 18
3 19
3 20
3 22
3 30
3 31
3 32
3 35
3 38
3 44
3 45
3 47
3 49
3 51
3 56
3 61
3 75
3 98
3 99
3 114
3 115
3 129
3 134
3 135
3 146
3 156
3 160
3 167
3 171
3 180
3 187
3 198
4 16
4 17
4 18
4 19
4 20
4 21
4 24
4 26
4 27
4 28
4 38
4 40
4 46
4 49
4 53
4 55
4 57
4 61
4 63
4 64
4 66
4 73
4 76
4 89
4 92
4 101
4 102
4 107
4 118
4 131
4 132
4 147
4 149
4 157
4 159
4 170
4 179
4 183
4 186
4 187
5 16
5 17
5 18
5 20
5 21
5 22
5 25
5 28
5 34
5 35
5 36
5 39
5 40
5 44
5 47
5 50
5 52
5 56
5 60
5 70
5 71
5 85
5 100
5 102
5 111
5 114
5 122
5 128
5 129
5 138
5 150
5 156
5 157
5 180
5 191
6 17
6 19
6 20
6 25
6 27
6 33
6 47
6 48
6 49
6 56
6 83
6 114
6 129
6 171
6 175
7 16
7 17
7 18
7 28
7 29
7 30
7 34
7 36
7 39
7 41
7 64
7 67
7 68
7 82
7 96
7 102
7 103
7 115
7 119
7 120
7 133
7 140
7 171
7 173
7 194
8 16
8 17
8 19
8 21
8 22
8 23
8 27
8 30
8 33
8 36
8 38
8 44
8 55
8 62
8 63
8 65
8 69
8 70
8 73
8 91
8 99
8 105
8 111
8 116
8 119
8 120
8 131
8 156
8 167
9 16
9 17
9 19
9 20
9 21
9 25
9 30
9 32
9 35
9 39
9 55
9 60
9 66
9 71
9 72
9 79
9 89
9 94
9 98
9 100
9 106
9 131
9 147
9 158
9 175
9 181
10 16
10 17
10 18
10 24
10 27
10 29
10 35
10 37
10 45
10 57
10 59
10 61
10 71
10 76
10 78
10 85
10 92
10 93
10 98
10 104
10 108
10 125
10 137
10 142
10 143
10 147
10 152
10 159
10 160
10 168
11 16
11 17
11 18
11 24
11 28
11 29
11 31
11 33
11 45
11 46
11 49
11 60
11 61
11 67
11 68
11 84
11 89
11 90
11 106
11 111
11 123
11 132
11 149
11 164
11 172
11 173
11 196
11 197
12 16
12 17
12 18
12 19
12 20
12 21
12 22
12 23
12 24
12 26
12 27
12 30
12 31
12 33
12 34
12 39
12 42
12 45
12 52
12 60
12 62
12 63
12 64
12 67
12 70
12 72
12 73
12 79
12 94
12 96
12 113
12 120
12 121
12 127
12 142
12 143
12 148
12 157
12 160
12 172
12 190
12 194
12 195
13 16
13 17
13 18
13 19
13 20
13 21
13 22
13 23
13 24
13 26
13 29
13 33
13 34
13 35
13 39
13 40
13 42
13 46
13 49
13 50
13 52
13 53
13 58
13 60
13 65
13 71
13 77
13 78
13 80
13 83
13 87
13 90
13 97
13 111
13 116
13 124
13 140
13 141
13 143
13 144
13 147
13 148
13 153
13 161
13 170
13 179
13 185
13 194
14 16
14 18
14 19
14 20
14 21
14 22
14 23
14 24
14 25
14 29
14 31
14 34
14 36
14 37
14 39
14 48
14 52
14 55
14 62
14 67
14 70
14 72
14 79
14 80
14 83
14 91
14 99
14 107
14 109
14 112
14 120
14 121
14 137
14 148
14 149
14 154
14 159
14 160
14 162
14 167
14 172
14 192
15 16
15 18
15 19
15 22
15 23
15 24
15 25
15 26
15 27
15 36
15 55
15 67
15 78
15 113
15 114
15 117
15 153
15 184
16 17
16 18
16 19
16 20
16 21
16 22
16 23
16 24
16 26
16 27
16 28
16 30
16 32
16 33
16 34
16 35
16 36
16 37
16 38
16 39
16 41
16 43
16 44
16 45
16 47
16 49
16 50
16 52
16 53
16 58
16 59
16 68
16 69
16 70
16 71
16 73
16 74
16 82
16 84
16 86
16 89
16 94
16 95
16 96
16 97
16 98
16 103
16 104
16 113
16 115
16 123
16 124
16 128
16 131
16 134
16 138
16 141
16 149
16 154
16 156
16 159
16 160
16 163
16 169
16 170
16 173
16 183
16 185
16 194
17 18
17 19
17 20
17 21
17 22
17 23
17 24
17 25
17 26
17 27
17 28
17 29
17 30
17 31
17 32
17 33
17 34
17 36
17 37
17 40
17 41
17 45
17 47
17 48
17 49
17 50
17 51
17 53
17 58
17 61
17 64
17 65
17 66
17 69
17 70
17 71
17 72
17 74
17 78
17 80
17 82
17 85
17 94
17 96
17 101
17 110
17 117
17 118
17 119
17 137
17 139
17 144
17 145
17 156
17 160
17 162
17 165
17 169
17 172
17 179
17 180
17 184
17 189
17 193
17 194
18 19
18 20
18 21
18 22
18 23
18 24
18 25
18 26
18 28
18 29
18 32
18 33
18 35
18 38
18 41
18 42
18 46
18 49
18 56
18 60
18 69
18 71
18 80
18 83
18 88
18 89
18 90
18 94
18 105
18 111
18 112
18 113
18 117
18 118
18 119
18 122
18 124
18 125
18 126
18 127
18 130
18 133
18 136
18 139
18 140
18 142
18 143
18 145
18 150
18 159
18 160
18 177
18 183
18 185
18 191
19 20
19 21
19 22
19 23
19 25
19 26
19 28
19 30
19 32
19 37
19 43
19 45
19 46
19 48
19 49
19 51
19 53
19 54
19 55
19 58
19 61
19 62
19 64
19 66
19 68
19 71
19 73
19 74
19 77
19 80
19 82
19 83
19 87
19 89
19 92
19 93
19 99
19 103
19 105
19 107
19 108
19 111
19 114
19 115
19 116
19 125
19 138
19 141
19 142
19 143
19 144
19 151
19 152
19 155
19 169
19 188
19 196
19 199
20 21
20 22
20 23
20 24
20 25
20 27
20 28
20 29
20 31
20 32
20 35
20 36
20 37
20 38
20 40
20 41
20 42
20 43
20 44
20 45
20 46
20 47
20 48
20 52
20 53
20 56
20 61
20 62
20 64
20 68
20 71
20 75
20 78
20 79
20 81
20 82
20 83
20 85
20 86
20 88
20 94
20 97
20 100
20 102
20 103
20 109
20 110
20 112
20 114
20 115
20 117
20 118
20 119
20 123
20 127
20 128
20 130
20 132
20 134
20 148
20 151
20 152
20 157
20 158
20 160
20 164
20 175
20 182
20 184
20 186
20 189
21 22
21 23
21 24
21 25
21 26
21 27
21 28
21 29
21 30
21 31
21 32
21 33
21 34
21 36
21 37
21 38
21 39
21 40
21 41
21 42
21 43
21 59
21 69
21 71
21 73
21 74
21 76
21 77
21 82
21 86
21 91
21 94
21 97
21 100
21 102
21 104
21 105
21 106
21 107
21 109
21 113
21 118
21 130
21 137
21 153
21 155
21 156
21 159
21 161
21 167
21 168
21 172
21 175
21 176
21 184
21 189
22 23
22 25
22 26
22 28
22 31
22 32
22 35
22 36
22 37
22 42
22 45
22 47
22 51
22 57
22 58
22 59
22 62
22 65
22 66
22 68
22 70
22 75
22 76
22 78
22 79
22 85
22 89
22 93
22 94
22 101
22 107
22 111
22 117
22 133
22 139
22 151
22 161
22 179
22 181
22 188
22 190
22 191
22 199
23 24
23 25
23 26
23 27
23 28
23 29
23 30
23 31
23 34
23 37
23 38
23 44
23 48
23 50
23 51
23 55
23 59
23 60
23 65
23 68
23 72
23 74
23 83
23 84
23 85
23 87
23 88
23 104
23 107
23 108
23 109
23 111
23 112
23 113
23 129
23 130
23 134
23 137
23 138
23 147
23 149
23 155
23 163
23 173
23 181
23 188
23 191
23 192
23 194
23 198
24 25
24 26
24 28
24 29
24 30
24 31
24 37
24 38
24 47
24 48
24 51
24 53
24 57
24 59
24 60
24 61
24 62
24 66
24 69
24 72
24 74
24 76
24 80
24 82
24 84
24 89
24 100
24 104
24 115
24 118
24 121
24 124
24 126
24 137
24 143
24 145
24 149
24 172
24 173
24 174
24 188
24 196
25 26
25 27
25 29
25 30
25 31
25 32
25 33
25 34
25 35
25 38
25 39
25 41
25 44
25 45
25 46
25 47
25 50
25 52
25 53
25 54
25 55
25 57
25 62
25 67
25 69
25 72
25 74
25 75
25 78
25 84
25 85
25 88
25 91
25 92
25 93
25 101
25 106
25 122
25 125
25 139
25 142
25 147
25 149
25 155
25 156
25 158
25 160
25 162
25 170
25 171
25 175
25 178
25 191
25 192
26 27
26 28
26 29
26 30
26 31
26 34
26 40
26 42
26 43
26 53
26 54
26 57
26 58
26 60
26 63
26 72
26 74
26 81
26 95
26 104
26 115
26 130
26 139
26 141
26 143
26 145
26 151
26 155
26 162
26 166
26 168
26 170
26 171
26 196
27 30
27 32
27 33
27 34
27 37
27 39
27 44
27 46
27 49
27 50
27 52
27 54
27 58
27 59
27 60
27 62
27 63
27 66
27 70
27 72
27 77
27 79
27 82
27 83
27 86
27 90
27 93
27 100
27 102
27 107
27 115
27 118
27 127
27 128
27 129
27 131
27 132
27 139
27 145
27 146
27 154
27 155
27 157
28 31
28 32
28 40
28 41
28 42
28 43
28 45
28 47
28 49
28 50
28 54
28 56
28 57
28 58
28 62
28 65
28 66
28 71
28 76
28 77
28 79
28 84
28 88
28 90
28 94
28 99
28 102
28 119
28 126
28 146
28 149
28 154
28 162
28 163
28 174
28 177
28 178
28 179
28 187
28 191
28 198
29 34
29 38
29 41
29 42
29 43
29 47
29 52
29 54
29 55
29 59
29 62
29 63
29 64
29 65
29 77
29 83
29 86
29 87
29 88
29 90
29 92
29 98
29 102
29 106
29 113
29 124
29 136
29 140
29 141
29 164
29 166
29 168
29 186
29 187
29 190
29 193
30 35
30 37
30 40
30 43
30 46
30 55
30 56
30 59
30 60
30 64
30 65
30 66
30 67
30 78
30 81
30 91
30 101
30 107
30 110
30 123
30 153
30 154
30 160
30 176
30 187
30 195
31 33
31 35
31 36
31 38
31 39
31 40
31 41
31 45
31 54
31 55
31 56
31 57
31 58
31 66
31 70
31 71
31 72
31 78
31 80
31 84
31 93
31 95
31 96
31 102
31 108
31 117
31 123
31 126
31 130
31 138
31 140
31 146
31 161
31 167
31 173
31 177
31 182
31 185
31 191
31 193
32 33
32 42
32 43
32 45
32 48
32 56
32 57
32 59
32 60
32 63
32 64
32 87
32 89
32 93
32 98
32 103
32 110
32 118
32 120
32 133
32 144
32 152
32 153
32 174
32 183
32 196
32 197
32 199
33 34
33 37
33 38
33 40
33 41
33 43
33 44
33 45
33 46
33 47
33 48
33 52
33 54
33 57
33 58
33 61
33 63
33 64
33 65
33 68
33 69
33 75
33 76
33 77
33 86
33 87
33 95
33 96
33 97
33 100
33 108
33 109
33 112
33 116
33 119
33 121
33 129
33 131
33 135
33 140
33 144
33 145
33 152
33 153
33 157
33 166
33 168
33 169
33 173
33 174
33 176
33 177
33 183
33 195
34 35
34 36
34 38
34 40
34 42
34 48
34 58
34 59
34 61
34 65
34 66
34 80
34 90
34 94
34 97
34 127
34 132
34 133
34 135
34 139
34 148
34 153
34 154
34 170
34 174
34 192
34 195
35 36
35 39
35 40
35 41
35 44
35 48
35 50
35 53
35 54
35 57
35 59
35 63
35 73
35 74
35 81
35 83
35 86
35 88
35 93
35 95
35 100
35 101
35 105
35 116
35 128
35 149
35 150
35 152
35 153
35 172
35 173
35 179
36 37
36 44
36 49
36 53
36 60
36 68
36 75
36 85
36 87
36 92
36 105
36 110
36 121
36 137
36 156
36 163
36 175
36 190
36 193
37 39
37 42
37 44
37 47
37 54
37 56
37 64
37 72
37 74
37 75
37 86
37 88
37 96
37 108
37 118
37 122
37 128
37 133
37 147
37 150
37 159
37 172
37 194
37 196
38 40
38 41
38 43
38 51
38 52
38 53
38 55
38 56
38 61
38 63
38 65
38 75
38 76
38 77
38 79
38 82
38 90
38 91
38 92
38 94
38 98
38 103
38 104
38 105
38 108
38 112
38 116
38 118
38 119
38 121
38 124
38 127
38 136
38 142
38 147
38 150
38 151
38 156
38 158
38 165
38 167
38 172
38 173
38 181
38 186
38 193
38 196
39 41
39 42
39 43
39 44
39 46
39 48
39 55
39 58
39 60
39 66
39 67
39 68
39 76
39 78
39 80
39 87
39 89
39 90
39 91
39 95
39 96
39 103
39 104
39 109
39 114
39 116
39 121
39 122
39 123
39 138
39 148
39 158
39 170
39 175
39 198
40 42
40 43
40 46
40 51
40 57
40 58
40 61
40 69
40 72
40 73
40 77
40 80
40 81
40 86
40 88
40 90
40 100
40 101
40 110
40 111
40 115
40 116
40 118
40 125
40 128
40 133
40 136
40 138
40 146
40 147
40 149
40 161
40 176
40 177
40 178
41 46
41 48
41 50
41 53
41 54
41 56
41 61
41 62
41 66
41 75
41 80
41 93
41 94
41 97
41 100
41 107
41 112
41 114
41 126
41 127
41 131
41 132
41 140
41 150
41 162
41 166
41 177
41 186
41 193
41 194
41 195
42 43
42 44
42 49
42 50
42 51
42 56
42 61
42 64
42 65
42 74
42 86
42 93
42 96
42 102
42 110
42 117
42 140
42 144
42 146
42 150
42 156
42 162
42 169
42 182
42 183
42 195
43 45
43 50
43 52
43 55
43 65
43 78
43 81
43 89
43 92
43 103
43 107
43 108
43 123
43 144
43 151
43 156
43 172
43 182
43 185
43 190
44 46
44 47
44 70
44 71
44 87
44 91
44 95
44 120
44 126
44 129
44 131
44 135
44 151
44 158
44 162
44 174
44 181
44 189
45 48
45 50
45 51
45 52
45 53
45 54
45 57
45 58
45 65
45 73
45 76
45 79
45 91
45 102
45 103
45 114
45 127
45 129
45 132
45 145
45 146
45 154
45 169
45 171
45 173
45 176
45 178
45 187
46 48
46 49
46 50
46 51
46 54
46 55
46 63
46 69
46 79
46 82
46 90
46 95
46 98
46 105
46 110
46 111
46 116
46 123
46 124
46 125
46 130
46 133
46 143
46 147
46 148
46 151
46 155
46 162
46 194
47 51
47 52
47 67
47 82
47 83
47 86
47 93
47 97
47 106
47 115
47 118
47 124
47 135
47 137
47 151
47 165
47 168
47 175
47 176
47 184
47 191
47 198
48 52
48 56
48 59
48 67
48 84
48 90
48 106
48 126
48 136
48 138
48 141
48 146
48 148
48 158
48 166
48 178
48 180
48 185
49 51
49 63
49 73
49 76
49 77
49 78
49 88
49 99
49 106
49 134
49 137
49 166
49 167
49 168
49 195
50 51
50 78
50 80
50 92
50 97
50 103
50 105
50 122
50 127
50 128
50 135
50 138
50 158
50 183
50 195
51 58
51 59
51 81
51 92
51 98
51 106
51 110
51 153
51 160
51 167
51 179
51 185
51 186
51 187
52 54
52 67
52 69
52 85
52 86
52 92
52 98
52 101
52 104
52 108
52 109
52 116
52 118
52 125
52 126
52 135
52 136
52 138
52 149
52 153
52 155
52 156
52 159
52 174
52 181
52 185
52 187
52 192
53 57
53 63
53 68
53 70
53 75
53 81
53 83
53 100
53 102
53 106
53 109
53 120
53 126
53 136
53 146
53 168
53 176
53 196
54 62
54 63
54 76
54 77
54 81
54 84
54 90
54 91
54 99
54 103
54 107
54 112
54 116
54 122
54 133
54 137
54 142
54 165
54 170
54 181
54 189
55 56
55 59
55 68
55 79
55 86
55 95
55 96
55 108
55 113
55 129
55 138
55 154
55 169
55 170
55 184
55 193
55 199
56 65
56 69
56 74
56 75
56 80
56 84
56 86
56 104
56 105
56 113
56 115
56 124
56 133
56 135
56 152
56 165
56 177
57 60
57 67
57 73
57 74
57 81
57 82
57 85
57 87
57 88
57 101
57 105
57 128
57 145
57 161
58 82
58 98
58 117
58 121
58 133
58 144
58 177
58 178
58 199
59 61
59 62
59 74
59 89
59 100
59 106
59 121
59 141
59 161
60 72
60 95
60 108
60 164
60 179
60 181
60 194
61 62
61 67
61 69
61 70
61 75
61 81
61 85
61 86
61 87
61 88
61 90
61 93
61 103
61 104
61 108
61 119
61 132
61 141
61 146
61 155
61 168
61 177
61 179
61 182
61 183
61 192
61 196
61 197
62 64
62 69
62 75
62 76
62 93
62 95
62 96
62 97
62 99
62 134
62 146
62 157
63 64
63 67
63 77
63 85
63 91
63 93
63 115
63 121
63 132
63 135
63 146
63 152
63 161
63 178
63 181
63 184
64 73
64 77
64 83
64 84
64 93
64 95
64 99
64 106
64 109
64 114
64 126
64 134
64 138
64 140
64 144
64 155
64 164
64 168
65 66
65 70
65 71
65 73
65 74
65 84
65 107
65 120
65 121
65 135
65 144
65 147
65 148
65 149
65 163
65 164
65 170
65 179
65 181
65 197
66 72
66 75
66 77
66 81
66 97
66 103
66 107
66 109
66 111
66 112
66 142
66 154
66 159
66 174
67 68
67 73
67 79
67 95
67 106
67 112
67 121
67 132
67 134
67 135
67 157
67 158
67 179
68 71
68 72
68 78
68 80
68 81
68 84
68 87
68 101
68 105
68 106
68 107
68 123
68 125
68 128
68 145
68 151
68 153
68 175
68 184
68 188
68 192
69 84
69 113
69 122
69 126
69 134
69 155
69 195
69 199
70 73
70 83
70 87
70 96
70 99
70 107
70 111
70 114
70 119
70 124
70 125
70 126
70 130
70 132
70 135
70 137
70 138
70 139
70 157
70 158
70 159
70 161
70 163
70 178
70 193
71 79
71 97
71 110
71 127
71 128
71 129
71 145
71 150
71 157
71 159
71 164
71 173
71 188
71 189
71 190
71 192
71 199
72 78
72 84
72 116
72 122
72 137
72 139
72 142
72 167
72 171
72 184
73 94
73 96
73 109
73 122
73 127
73 142
73 151
73 156
73 167
73 169
73 179
73 183
73 194
73 199
74 76
74 79
74 81
74 95
74 103
74 111
74 159
74 178
74 184
75 76
75 77
75 81
75 85
75 91
75 97
75 122
75 127
75 178
75 193
75 195
76 80
76 90
76 94
76 99
76 117
76 122
76 151
76 154
76 160
76 165
76 166
76 174
76 188
76 198
77 148
77 184
77 189
78 82
78 85
78 109
78 110
78 117
78 160
78 190
78 193
79 112
79 123
79 129
79 147
79 157
79 176
79 190
79 196
80 85
80 92
80 99
80 103
80 113
80 116
80 125
80 133
80 162
80 172
80 188
81 89
81 138
81 146
81 152
81 158
81 163
81 164
81 171
81 186
82 91
82 92
82 105
82 125
82 193
82 199
83 119
83 146
83 166
83 175
83 179
83 181
83 189
83 190
84 92
84 125
84 139
84 141
84 148
84 161
84 180
84 184
84 198
85 117
85 119
85 149
85 154
85 166
85 193
86 88
86 100
86 101
86 106
86 115
86 117
86 141
86 162
86 165
86 177
86 185
86 192
86 195
87 88
87 91
87 113
87 123
87 124
87 134
87 154
87 157
87 167
87 169
87 172
87 182
87 192
87 197
88 89
88 95
88 102
88 144
88 180
89 104
89 113
89 119
89 133
89 136
89 164
89 178
89 186
90 101
90 105
90 109
90 150
90 153
90 157
90 165
90 197
91 97
91 98
91 113
91 120
91 148
91 171
91 175
91 177
91 190
91 195
92 97
92 110
92 121
92 124
92 130
92 134
92 142
92 169
93 115
93 116
93 120
93 140
93 183
94 96
94 149
94 197
95 98
95 111
95 112
95 143
95 149
95 165
95 169
95 171
96 99
96 101
96 102
96 116
96 120
96 124
96 131
96 143
96 163
96 169
96 170
96 173
96 196
97 100
97 108
97 109
97 114
97 123
97 135
97 163
97 164
97 168
97 193
98 99
98 102
98 112
98 128
98 136
98 145
98 197
99 104
99 110
99 119
99 130
99 152
99 161
99 174
99 177
99 180
99 191
99 199
100 114
100 120
100 131
100 132
100 147
100 148
100 158
100 160
100 176
100 180
100 182
100 190
100 194
100 198
101 104
101 105
101 164
101 196
102 110
102 111
102 117
102 118
102 120
102 127
102 130
102 180
102 188
102 193
102 198
103 114
103 117
103 121
103 136
103 142
103 162
103 184
104 137
104 141
104 143
104 165
104 185
105 131
105 146
105 150
105 156
105 160
105 181
105 187
106 108
106 109
106 123
106 144
106 152
106 197
106 198
107 123
107 173
108 112
108 113
108 119
108 131
108 135
108 136
108 140
108 161
108 162
108 167
109 118
109 152
109 165
109 171
109 184
109 193
109 195
110 112
110 120
110 150
110 155
110 164
110 176
111 114
111 117
111 129
111 140
111 144
111 150
111 166
111 167
111 198
112 145
112 174
112 197
113 124
113 126
113 134
113 150
113 158
113 176
113 183
114 130
114 132
114 133
114 140
115 128
115 129
115 153
116 122
116 124
116 131
116 136
116 152
116 155
116 180
116 192
117 127
117 164
117 180
117 182
117 191
118 122
118 142
118 143
119 121
119 125
119 127
119 130
119 137
119 147
119 150
119 168
119 175
119 182
119 186
119 197
120 131
120 139
120 171
121 134
121 152
121 182
121 183
121 185
121 187
121 189
121 190
122 130
122 132
122 144
122 192
122 198
123 126
123 130
123 185
124 128
124 134
124 139
124 154
124 167
124 173
124 190
125 129
125 140
125 181
125 195
126 136
126 142
126 166
126 170
126 175
126 182
126 186
127 132
127 137
127 141
127 154
127 161
127 167
127 183
128 133
128 141
128 151
128 155
128 166
128 189
128 190
129 180
129 187
130 143
130 172
131 139
131 166
131 168
131 188
131 192
131 195
133 135
133 136
133 169
133 171
133 191
134 136
134 170
134 179
134 198
135 147
135 188
135 191
136 139
136 148
136 153
136 187
137 145
137 165
137 197
138 144
138 148
138 163
138 185
138 197
139 141
139 142
139 159
139 165
139 174
140 153
140 174
140 185
141 164
141 175
141 176
142 151
143 166
143 172
144 161
144 162
144 183
145 152
145 163
145 168
145 186
145 194
147 163
147 170
147 176
149 176
149 182
150 159
150 163
150 165
150 166
150 187
150 194
150 198
151 162
152 169
152 187
152 188
153 157
153 180
153 196
153 199
154 177
155 163
156 174
156 194
157 181
157 189
157 190
158 161
158 175
158 182
158 189
159 180
159 185
160 164
160 174
160 188
161 163
161 182
161 198
162 173
163 170
163 171
164 178
164 192
164 199
166 169
166 182
167 178
167 179
167 186
168 191
169 180
171 177
171 181
172 192
173 183
173 186
173 197
175 177
175 188
176 186
178 184
178 189
182 186
182 189
187 199
190 196
191 196
198 199
