0 1
0 2
0 3
0 4
0 5
0 6
0 7
0 8
0 9
0 10
0 11
0 12
0 13
0 14
0 15
0 16
0 17
0 18
0 19
0 20
0 21
0 22
0 23
0 24
0 25
0 26
0 27
0 28
0 29
0 30
0 31
0 33
0 34
0 35
0 36
0 37
0 38
0 39
0 41
0 44
0 46
0 51
0 54
0 63
0 64
0 65
0 68
0 70
0 71
0 73
0 74
0 75
0 80
0 84
0 85
0 86
0 88
0 98
0 99
0 103
0 104
0 105
0 107
0 109
0 112
0 114
0 115
0 119
0 120
0 126
0 131
0 139
0 145
0 146
0 149
0 150
0 153
0 160
0 167
0 173
0 178
0 181
0 184
0 188
0 189
0 190
0 193
0 195
1 16
1 17
1 18
1 19
1 21
1 22
1 23
1 28
1 29
1 30
1 32
1 35
1 36
1 39
1 43
1 51
1 53
1 58
1 61
1 62
1 63
1 64
1 68
1 74
1 79
1 80
1 88
1 94
1 98
1 129
1 140
1 142
1 163
1 170
2 16
2 17
2 18
2 19
2 20
2 23
2 26
2 31
2 32
2 42
2 43
2 52
2 56
2 62
2 66
2 68
2 70
2 80
2 82
2 85
2 89
2 135
2 137
2 147
2 161
2 170
2 172
2 186
2 194
2 198
3 16
3 17
3 18
3 19
3 20
3 21
3 22
3 23
3 27
3 28
3 30
3 31
3 33
3 41
3 48
3 49
3 51
3 57
3 58
3 64
3 75
3 76
3 78
3 84
3 99
3 104
3 113
3 116
3 121
3 127
3 129
3 137
3 139
3 151
3 153
3 159
3 166
3 175
3 188
3 195
3 198
4 17
4 18
4 19
4 20
4 21
4 22
4 27
4 28
4 30
4 33
4 34
4 35
4 41
4 42
4 47
4 48
4 52
4 53
4 57
4 58
4 64
4 65
4 69
4 70
4 78
4 84
4 85
4 90
4 91
4 95
4 96
4 104
4 105
4 106
4 107
4 114
4 116
4 124
4 126
4 129
4 132
4 141
4 152
4 159
4 160
4 165
4 168
4 172
4 174
4 175
4 183
4 184
4 186
4 188
4 192
4 199
5 16
5 17
5 18
5 19
5 22
5 24
5 25
5 26
5 30
5 31
5 32
5 34
5 37
5 40
5 45
5 50
5 53
5 54
5 55
5 62
5 66
5 67
5 80
5 87
5 91
5 107
5 111
5 124
5 137
5 151
5 154
5 156
5 159
5 170
5 187
5 194
6 16
6 17
6 18
6 19
6 20
6 21
6 24
6 25
6 26
6 30
6 33
6 34
6 36
6 39
6 46
6 47
6 48
6 55
6 57
6 67
6 69
6 77
6 79
6 82
6 92
6 94
6 99
6 103
6 105
6 106
6 112
6 114
6 117
6 134
6 136
6 139
6 140
6 146
6 148
6 165
6 167
6 176
6 194
6 197
7 16
7 17
7 18
7 19
7 21
7 22
7 24
7 25
7 29
7 39
7 42
7 50
7 51
7 58
7 60
7 61
7 64
7 65
7 71
7 81
7 88
7 90
7 107
7 118
7 123
7 132
7 139
7 151
7 173
7 176
7 184
7 197
8 16
8 17
8 18
8 19
8 20
8 21
8 22
8 24
8 26
8 27
8 31
8 33
8 35
8 36
8 41
8 43
8 45
8 46
8 47
8 48
8 49
8 58
8 61
8 65
8 70
8 72
8 79
8 82
8 83
8 89
8 93
8 96
8 100
8 108
8 110
8 115
8 119
8 123
8 124
8 128
8 139
8 143
8 150
8 151
8 168
8 170
8 176
8 195
9 16
9 17
9 18
9 20
9 26
9 33
9 34
9 37
9 48
9 51
9 56
9 61
9 78
9 83
9 102
9 106
9 108
9 112
9 116
9 120
9 129
9 136
9 138
9 147
9 199
10 16
10 18
10 19
10 23
10 29
10 30
10 32
10 35
10 37
10 38
10 43
10 44
10 50
10 53
10 54
10 62
10 73
10 75
10 79
10 83
10 90
10 91
10 95
10 97
10 100
10 125
10 126
10 127
10 128
10 140
10 150
10 153
10 162
10 166
10 175
10 176
10 178
10 181
10 184
11 16
11 17
11 18
11 20
11 23
11 24
11 25
11 27
11 32
11 36
11 38
11 39
11 40
11 41
11 45
11 50
11 57
11 67
11 79
11 105
11 108
11 121
11 131
11 139
11 141
11 149
11 153
11 160
11 182
11 184
11 189
11 190
11 195
11 197
12 16
12 17
12 18
12 21
12 22
12 24
12 25
12 27
12 29
12 30
12 33
12 35
12 37
12 38
12 46
12 49
12 50
12 60
12 67
12 68
12 76
12 81
12 82
12 84
12 89
12 97
12 104
12 105
12 108
12 114
12 115
12 119
12 127
12 131
12 156
12 169
13 16
13 17
13 19
13 20
13 21
13 23
13 26
13 27
13 28
13 31
13 32
13 34
13 36
13 37
13 39
13 40
13 45
13 48
13 59
13 60
13 77
13 82
13 86
13 90
13 102
13 106
13 108
13 114
13 122
13 130
13 132
13 135
13 156
13 167
13 189
14 16
14 20
14 21
14 23
14 24
14 25
14 26
14 32
14 39
14 40
14 44
14 56
14 57
14 68
14 122
14 125
14 128
14 151
14 154
14 163
14 169
14 173
14 179
14 182
14 185
15 16
15 17
15 19
15 20
15 21
15 22
15 26
15 30
15 37
15 38
15 40
15 41
15 51
15 52
15 55
15 58
15 59
15 60
15 76
15 80
15 86
15 104
15 105
15 113
15 141
15 143
15 150
15 155
15 170
15 183
15 193
16 17
16 18
16 19
16 20
16 21
16 22
16 23
16 24
16 25
16 27
16 28
16 29
16 30
16 31
16 32
16 33
16 34
16 36
16 38
16 39
16 42
16 43
16 44
16 46
16 47
16 48
16 49
16 53
16 54
16 58
16 61
16 63
16 64
16 65
16 67
16 68
16 70
16 72
16 76
16 78
16 83
16 85
16 88
16 89
16 90
16 91
16 92
16 93
16 94
16 95
16 98
16 99
16 100
16 101
16 103
16 104
16 105
16 106
16 107
16 109
16 111
16 113
16 118
16 121
16 124
16 127
16 128
16 130
16 132
16 134
16 135
16 136
16 139
16 145
16 150
16 153
16 156
16 161
16 162
16 163
16 169
16 176
16 179
16 183
16 184
16 193
16 195
16 196
16 199
17 18
17 19
17 20
17 21
17 22
17 23
17 24
17 26
17 27
17 28
17 30
17 32
17 35
17 44
17 46
17 49
17 52
17 53
17 57
17 58
17 60
17 62
17 63
17 64
17 65
17 66
17 69
17 70
17 74
17 77
17 81
17 87
17 97
17 98
17 99
17 100
17 103
17 109
17 110
17 111
17 116
17 117
17 120
17 125
17 126
17 135
17 137
17 138
17 139
17 146
17 149
17 150
17 151
17 152
17 180
17 182
17 186
17 195
17 196
18 19
18 20
18 21
18 22
18 23
18 24
18 25
18 26
18 27
18 28
18 29
18 35
18 36
18 39
18 43
18 44
18 45
18 48
18 51
18 57
18 66
18 72
18 76
18 85
18 87
18 89
18 100
18 107
18 114
18 121
18 123
18 126
18 135
18 137
18 138
18 145
18 153
18 154
18 158
18 164
18 175
18 183
18 186
18 198
19 20
19 21
19 22
19 23
19 24
19 25
19 27
19 28
19 29
19 31
19 37
19 38
19 40
19 42
19 44
19 49
19 51
19 59
19 60
19 65
19 71
19 80
19 81
19 87
19 101
19 106
19 109
19 116
19 119
19 121
19 122
19 123
19 127
19 135
19 154
19 155
19 158
19 162
19 164
19 169
19 175
19 177
19 185
19 186
19 189
19 194
20 22
20 23
20 24
20 25
20 26
20 27
20 29
20 31
20 33
20 34
20 35
20 36
20 37
20 40
20 42
20 43
20 44
20 45
20 46
20 47
20 49
20 50
20 53
20 54
20 55
20 60
20 61
20 62
20 65
20 72
20 73
20 74
20 75
20 77
20 79
20 88
20 89
20 91
20 92
20 97
20 98
20 101
20 102
20 106
20 118
20 120
20 121
20 127
20 130
20 133
20 134
20 141
20 144
20 157
20 159
20 160
20 161
20 163
20 172
20 175
20 182
20 184
20 190
20 193
20 194
20 197
21 22
21 23
21 24
21 25
21 26
21 27
21 28
21 29
21 30
21 31
21 32
21 34
21 36
21 41
21 42
21 43
21 45
21 56
21 59
21 61
21 66
21 75
21 76
21 78
21 85
21 86
21 88
21 93
21 100
21 101
21 110
21 118
21 128
21 133
21 136
21 138
21 149
21 152
21 157
21 164
21 169
21 185
21 188
21 195
22 23
22 24
22 25
22 26
22 28
22 29
22 30
22 33
22 35
22 36
22 37
22 39
22 40
22 42
22 44
22 45
22 46
22 50
22 52
22 53
22 55
22 57
22 59
22 60
22 61
22 68
22 69
22 70
22 72
22 75
22 76
22 78
22 79
22 88
22 89
22 102
22 104
22 107
22 114
22 115
22 126
22 128
22 142
22 143
22 145
22 150
22 152
22 169
22 174
22 176
22 186
22 188
22 189
22 191
22 192
22 193
22 198
23 25
23 28
23 31
23 32
23 35
23 38
23 40
23 44
23 48
23 56
23 58
23 60
23 62
23 68
23 71
23 74
23 77
23 79
23 92
23 95
23 97
23 101
23 103
23 112
23 135
23 150
23 154
23 173
23 177
23 179
23 180
23 195
23 196
24 25
24 26
24 27
24 28
24 32
24 33
24 34
24 36
24 38
24 39
24 41
24 42
24 43
24 44
24 47
24 53
24 57
24 58
24 63
24 66
24 67
24 70
24 71
24 73
24 75
24 77
24 81
24 82
24 83
24 84
24 85
24 90
24 92
24 95
24 102
24 107
24 108
24 112
24 114
24 118
24 122
24 126
24 128
24 132
24 134
24 140
24 149
24 150
24 161
24 162
24 164
24 172
24 175
24 177
24 198
24 199
25 27
25 28
25 29
25 31
25 34
25 37
25 40
25 42
25 47
25 49
25 52
25 55
25 56
25 58
25 61
25 62
25 64
25 83
25 84
25 87
25 88
25 90
25 94
25 98
25 99
25 107
25 119
25 129
25 133
25 144
25 149
25 197
26 28
26 29
26 31
26 33
26 34
26 35
26 38
26 39
26 40
26 42
26 45
26 51
26 62
26 67
26 69
26 71
26 72
26 81
26 92
26 94
26 95
26 96
26 100
26 105
26 106
26 114
26 115
26 116
26 122
26 124
26 140
26 142
26 143
26 144
26 153
26 154
26 181
26 186
26 192
26 194
27 29
27 30
27 31
27 33
27 34
27 36
27 41
27 43
27 48
27 51
27 60
27 63
27 66
27 69
27 83
27 96
27 100
27 102
27 111
27 112
27 127
27 130
27 132
27 151
27 152
27 172
27 174
27 181
27 185
27 191
27 195
28 29
28 32
28 34
28 35
28 41
28 43
28 51
28 56
28 57
28 64
28 66
28 67
28 68
28 74
28 82
28 92
28 94
28 106
28 155
28 172
28 173
28 177
29 30
29 34
29 35
29 41
29 42
29 46
29 50
29 53
29 56
29 57
29 58
29 60
29 64
29 71
29 78
29 79
29 84
29 85
29 88
29 90
29 92
29 96
29 108
29 111
29 113
29 118
29 122
29 127
29 129
29 130
29 131
29 132
29 145
29 147
29 148
29 181
29 185
29 189
29 192
29 194
30 31
30 32
30 33
30 36
30 37
30 38
30 40
30 41
30 44
30 47
30 51
30 55
30 56
30 59
30 61
30 63
30 64
30 68
30 69
30 73
30 74
30 78
30 80
30 82
30 85
30 86
30 87
30 91
30 93
30 95
30 98
30 102
30 108
30 121
30 122
30 126
30 129
30 132
30 136
30 139
30 148
30 151
30 154
30 164
30 168
30 177
30 178
30 180
30 182
30 183
30 187
30 191
30 193
30 199
31 32
31 33
31 37
31 43
31 45
31 50
31 63
31 65
31 70
31 73
31 77
31 78
31 79
31 88
31 97
31 98
31 100
31 101
31 105
31 109
31 126
31 130
31 131
31 144
31 147
31 148
31 156
31 158
31 160
31 171
31 177
31 188
32 35
32 38
32 40
32 50
32 52
32 61
32 65
32 66
32 67
32 71
32 72
32 73
32 75
32 80
32 81
32 87
32 88
32 89
32 93
32 99
32 103
32 105
32 108
32 109
32 110
32 114
32 115
32 116
32 124
32 126
32 128
32 133
32 145
32 150
32 152
32 155
32 168
32 170
32 174
32 197
33 36
33 37
33 39
33 40
33 41
33 43
33 45
33 46
33 48
33 55
33 59
33 62
33 66
33 70
33 78
33 81
33 84
33 85
33 90
33 93
33 94
33 95
33 96
33 107
33 110
33 118
33 119
33 135
33 153
33 154
33 159
33 161
33 165
33 169
33 187
33 191
33 198
34 38
34 40
34 42
34 46
34 48
34 50
34 52
34 54
34 55
34 59
34 62
34 63
34 65
34 67
34 69
34 70
34 74
34 78
34 81
34 84
34 86
34 89
34 90
34 92
34 97
34 98
34 119
34 121
34 126
34 144
34 147
34 153
34 159
34 162
34 163
34 165
34 166
34 172
34 174
34 188
34 189
34 190
34 192
34 195
35 38
35 39
35 41
35 42
35 47
35 50
35 54
35 55
35 57
35 59
35 61
35 62
35 64
35 71
35 72
35 73
35 75
35 97
35 101
35 104
35 105
35 107
35 109
35 112
35 121
35 125
35 132
35 144
35 149
35 151
35 153
35 166
35 184
35 189
35 190
35 196
36 37
36 38
36 39
36 43
36 47
36 49
36 52
36 68
36 71
36 73
36 84
36 93
36 95
36 99
36 102
36 105
36 117
36 130
36 132
36 148
36 156
36 167
36 171
36 183
37 41
37 44
37 45
37 46
37 48
37 51
37 63
37 72
37 76
37 77
37 80
37 82
37 97
37 127
37 134
37 135
37 136
37 139
37 143
37 158
37 167
37 175
37 192
38 47
38 49
38 50
38 53
38 57
38 64
38 65
38 66
38 67
38 78
38 83
38 92
38 94
38 99
38 103
38 106
38 117
38 121
38 125
38 130
38 133
38 144
38 158
38 172
38 173
38 180
38 184
38 189
38 192
39 45
39 46
39 64
39 66
39 72
39 84
39 85
39 91
39 93
39 97
39 115
39 118
39 124
39 126
39 136
39 149
40 44
40 49
40 50
40 51
40 53
40 54
40 63
40 66
40 76
40 77
40 101
40 105
40 106
40 125
40 133
40 142
40 143
40 152
40 155
40 158
40 162
40 164
40 176
40 184
41 42
41 43
41 44
41 45
41 46
41 47
41 48
41 49
41 50
41 56
41 59
41 62
41 69
41 72
41 76
41 85
41 90
41 99
41 113
41 114
41 123
41 125
41 133
41 138
41 144
41 162
41 167
41 169
41 174
41 179
41 181
41 183
41 192
42 45
42 48
42 51
42 52
42 54
42 55
42 60
42 81
42 103
42 104
42 111
42 116
42 118
42 136
42 147
42 160
42 169
42 184
42 192
42 197
43 47
43 54
43 56
43 60
43 73
43 78
43 79
43 81
43 100
43 111
43 113
43 133
43 140
43 157
43 161
43 162
43 168
43 193
44 47
44 49
44 52
44 54
44 67
44 74
44 80
44 86
44 87
44 89
44 92
44 108
44 113
44 138
44 145
44 157
44 159
44 161
44 186
44 191
45 46
45 47
45 52
45 54
45 68
45 75
45 83
45 93
45 96
45 100
45 106
45 108
45 113
45 116
45 132
45 170
45 197
45 199
46 49
46 52
46 56
46 58
46 68
46 70
46 75
46 77
46 79
46 84
46 86
46 89
46 91
46 94
46 95
46 102
46 109
46 115
46 118
46 120
46 123
46 130
46 132
46 134
46 146
46 154
46 169
46 197
47 55
47 63
47 67
47 76
47 77
47 87
47 108
47 130
47 138
47 142
47 149
47 155
47 156
47 160
47 165
47 183
47 189
47 198
48 49
48 52
48 53
48 54
48 55
48 59
48 69
48 73
48 74
48 78
48 83
48 97
48 99
48 106
48 117
48 123
48 133
48 140
48 142
48 153
48 156
48 166
48 176
48 198
49 52
49 53
49 59
49 61
49 66
49 82
49 89
49 93
49 94
49 120
49 125
49 129
49 131
49 138
49 148
49 151
49 160
49 176
49 180
49 186
49 193
50 53
50 54
50 55
50 56
50 57
50 59
50 62
50 63
50 69
50 71
50 72
50 81
50 89
50 94
50 98
50 101
50 103
50 104
50 109
50 115
50 118
50 133
50 145
50 158
50 175
50 187
50 197
51 54
51 56
51 59
51 74
51 79
51 85
51 87
51 96
51 97
51 112
51 129
51 137
51 141
51 145
51 146
51 160
51 162
51 164
51 165
51 181
51 197
52 55
52 58
52 69
52 71
52 83
52 88
52 91
52 99
52 103
52 121
52 123
52 146
52 153
52 155
52 165
52 193
53 64
53 67
53 71
53 75
53 76
53 82
53 88
53 93
53 96
53 103
53 119
53 135
53 143
53 145
53 147
53 155
53 164
53 171
53 175
53 185
53 198
53 199
54 57
54 61
54 66
54 67
54 71
54 77
54 83
54 86
54 87
54 100
54 113
54 119
54 130
54 152
54 155
54 160
54 174
54 176
54 181
54 189
54 190
54 193
54 194
55 56
55 58
55 63
55 68
55 79
55 80
55 86
55 87
55 91
55 96
55 97
55 110
55 115
55 116
55 117
55 123
55 125
55 127
55 129
55 132
55 165
55 170
55 179
56 74
56 86
56 89
56 91
56 110
56 119
56 122
56 128
56 147
56 155
56 188
56 189
56 195
56 196
56 198
57 65
57 74
57 91
57 110
57 112
57 143
57 156
57 196
58 59
58 60
58 61
58 63
58 76
58 80
58 81
58 83
58 91
58 97
58 101
58 105
58 114
58 116
58 122
58 124
58 138
58 160
58 163
58 164
58 171
58 174
58 191
58 198
59 60
59 62
59 69
59 73
59 74
59 75
59 92
59 100
59 114
59 115
59 117
59 119
59 121
59 122
59 128
59 134
59 139
59 148
59 159
59 162
59 173
59 174
59 187
60 65
60 69
60 70
60 75
60 84
60 90
60 97
60 122
60 147
60 155
60 161
60 194
60 195
61 73
61 82
61 92
61 94
61 99
61 103
61 119
61 141
61 145
61 160
61 182
62 82
62 85
62 86
62 95
62 111
62 112
62 116
62 123
62 129
62 134
62 138
62 143
62 167
62 171
62 199
63 70
63 72
63 88
63 89
63 102
63 112
63 119
63 123
63 134
63 163
63 172
63 182
63 195
64 65
64 86
64 94
64 113
64 169
64 176
64 193
64 196
65 72
65 77
65 78
65 95
65 105
65 106
65 108
65 111
65 138
65 140
65 146
65 159
65 160
65 177
65 178
65 180
65 189
65 196
66 69
66 72
66 126
66 130
66 135
66 140
66 147
66 154
66 163
66 171
67 68
67 80
67 84
67 90
67 103
67 110
67 111
67 115
67 131
67 134
67 136
67 152
67 167
67 177
67 193
68 71
68 73
68 81
68 83
68 85
68 103
68 120
68 135
68 140
68 157
68 169
68 193
69 70
69 76
69 84
69 87
69 93
69 96
69 99
69 110
69 116
69 146
69 148
69 156
69 163
69 166
69 170
69 173
69 187
70 73
70 76
70 82
70 91
70 108
70 111
70 124
70 148
70 156
70 167
70 180
71 77
71 87
71 88
71 102
71 109
71 113
71 123
71 127
71 139
71 142
71 149
71 171
71 172
71 180
72 74
72 75
72 106
72 120
72 124
72 148
72 185
73 77
73 80
73 101
73 109
73 141
73 146
73 150
73 151
73 166
73 168
74 94
74 95
74 114
74 142
74 159
74 185
74 191
75 79
75 81
75 86
75 102
75 109
75 120
75 133
75 167
75 188
76 83
76 93
76 122
76 125
76 131
76 148
76 159
76 163
76 166
76 180
76 181
77 80
77 82
77 96
77 99
77 102
77 104
77 113
77 116
77 130
77 148
77 162
77 168
77 172
78 92
78 111
78 120
78 127
78 137
78 164
78 171
78 173
79 90
79 93
79 94
79 118
79 121
79 137
79 144
79 166
79 172
79 179
79 182
80 87
80 98
80 109
80 120
80 146
80 169
80 171
80 172
80 177
80 181
81 91
81 115
81 130
81 133
81 140
81 141
81 143
81 145
81 154
81 158
81 188
81 191
82 90
82 108
82 125
82 126
82 137
82 147
82 151
82 162
82 169
82 177
82 192
82 193
83 101
83 102
83 146
83 166
84 96
84 115
84 131
84 147
84 163
84 190
85 86
85 104
85 111
85 123
85 138
85 140
85 168
85 182
85 186
86 96
86 107
86 111
86 124
86 133
86 146
86 147
86 167
86 181
87 98
87 104
87 110
87 113
87 160
87 162
87 177
87 194
88 98
88 107
88 115
88 124
88 131
88 149
88 161
88 180
88 198
89 103
89 107
89 111
89 116
89 117
89 135
89 136
89 144
89 147
89 154
89 173
89 191
89 196
90 92
90 100
90 110
90 125
90 142
90 145
90 149
90 166
90 170
90 178
90 183
90 185
90 186
90 195
91 95
91 136
91 137
91 141
91 165
91 166
91 176
91 179
92 93
92 100
92 102
92 107
92 129
92 176
92 187
93 98
93 110
93 139
93 150
93 161
93 186
93 190
94 95
94 117
94 174
94 181
95 96
95 101
95 113
95 117
95 120
95 125
95 129
95 134
95 142
95 157
96 98
96 122
96 132
96 133
96 140
96 151
96 158
96 178
97 101
97 110
97 113
97 123
97 138
97 148
97 149
97 157
97 161
97 188
98 117
98 119
98 129
98 143
98 156
98 171
98 191
98 198
99 104
99 112
99 117
99 127
99 128
99 138
99 145
99 149
99 169
99 191
100 101
100 112
100 119
100 128
100 134
100 136
100 163
100 170
100 171
101 112
101 117
101 124
101 125
101 132
101 157
101 164
101 187
101 189
101 190
101 198
102 104
102 118
102 120
102 131
102 148
102 176
103 125
103 155
103 157
103 158
103 168
103 188
103 189
103 199
104 112
104 122
104 134
104 146
104 157
104 173
104 174
104 176
104 183
105 109
105 198
106 110
106 138
106 139
106 187
107 109
107 124
107 131
107 135
107 143
107 185
108 121
108 124
108 131
108 134
108 139
108 141
108 150
108 159
108 161
108 162
108 166
108 167
108 178
108 179
108 182
108 190
108 191
108 192
109 130
109 143
109 157
109 175
109 185
109 192
110 120
110 126
110 128
110 154
110 157
110 170
110 171
110 172
110 175
110 180
110 185
111 137
111 153
112 117
112 142
112 144
112 157
112 197
113 114
113 118
113 151
113 158
113 167
113 173
114 117
114 120
114 145
114 175
114 177
114 187
114 199
115 118
115 141
115 185
116 121
116 137
116 148
116 190
116 191
117 144
117 150
117 155
117 158
117 161
117 177
117 179
117 187
118 128
118 136
119 159
119 168
119 187
120 122
120 127
120 129
120 137
120 141
120 143
120 158
120 170
120 174
121 128
121 136
121 144
121 152
121 153
121 168
121 175
121 178
121 187
122 123
122 127
122 131
122 146
122 152
122 165
122 179
122 190
123 154
123 173
123 179
124 131
124 144
124 154
125 133
125 142
125 168
126 141
126 147
126 152
126 165
126 168
126 184
127 136
127 140
127 142
127 159
127 163
127 168
127 170
127 179
127 192
129 173
129 179
130 137
130 141
130 155
130 165
130 178
131 158
131 183
131 185
132 134
132 141
132 156
132 168
133 135
133 137
133 149
133 167
133 174
133 182
133 187
134 186
134 190
135 178
135 180
136 179
136 182
137 140
137 142
137 152
137 153
137 157
138 142
138 152
139 146
139 151
139 156
139 160
139 190
139 196
139 199
140 143
140 172
140 177
140 181
140 191
141 165
142 144
142 155
142 159
142 180
142 192
142 195
143 196
144 165
144 178
144 199
145 165
145 182
146 156
146 171
147 174
147 177
148 163
148 182
148 194
149 150
149 161
149 164
149 174
149 197
150 163
150 166
150 170
150 173
150 180
150 183
151 152
151 179
152 171
153 184
154 167
154 188
154 197
155 158
155 161
156 157
156 162
156 180
156 183
156 196
157 187
158 166
158 183
159 164
159 178
160 178
161 181
161 199
162 164
162 171
162 178
163 164
163 184
163 194
164 190
164 197
165 194
166 196
167 199
168 178
168 184
170 183
170 194
173 175
173 188
173 193
176 186
177 185
177 196
178 194
180 181
180 186
180 196
181 182
184 188
188 192
189 191
194 199
