0 1
0 2
0 3
0 4
0 5
0 6
0 7
0 8
0 9
0 10
0 11
0 12
0 13
0 14
0 15
0 16
0 17
0 19
0 20
0 23
0 25
0 26
0 30
0 31
0 33
0 34
0 35
0 37
0 38
0 39
0 41
0 42
0 46
0 47
0 48
0 49
0 53
0 59
0 62
0 66
0 71
0 73
0 75
0 76
0 77
0 88
0 91
0 94
0 95
0 100
0 102
0 106
0 107
0 109
0 112
0 113
0 115
0 116
0 120
0 128
0 133
0 134
0 138
0 139
0 141
0 150
0 154
0 162
0 169
0 174
0 181
0 189
0 192
0 196
0 198
1 11
1 12
1 14
1 16
1 18
1 20
1 26
1 29
1 30
1 33
1 43
1 53
1 60
1 62
1 63
1 68
1 72
1 73
1 78
1 109
1 112
1 113
1 117
1 127
1 132
1 147
1 157
1 163
1 184
1 191
2 13
2 14
2 15
2 19
2 21
2 23
2 26
2 28
2 30
2 33
2 40
2 46
2 58
2 86
2 92
2 107
2 112
2 121
3 11
3 13
3 15
3 16
3 17
3 18
3 26
3 27
3 31
3 41
3 45
3 54
3 60
3 73
3 80
3 109
3 111
3 136
3 156
3 158
3 190
3 196
4 11
4 12
4 13
4 14
4 15
4 16
4 17
4 21
4 27
4 28
4 31
4 32
4 34
4 37
4 38
4 39
4 45
4 52
4 53
4 63
4 67
4 73
4 85
4 88
4 89
4 96
4 101
4 106
4 109
4 117
4 127
4 128
4 132
4 135
4 158
4 164
4 168
4 173
4 180
4 189
5 11
5 12
5 13
5 18
5 19
5 22
5 25
5 26
5 30
5 42
5 55
5 97
5 117
5 120
5 151
5 154
5 161
5 166
5 185
6 11
6 12
6 17
6 93
6 133
6 160
6 182
7 11
7 12
7 15
7 23
7 26
7 29
7 36
7 42
7 55
7 81
7 91
7 93
7 143
7 153
7 161
7 164
7 173
7 195
7 196
8 11
8 12
8 13
8 14
8 19
8 22
8 24
8 27
8 28
8 31
8 34
8 38
8 53
8 67
8 73
8 78
8 90
8 94
8 98
8 100
8 142
8 159
9 11
9 12
9 13
9 14
9 18
9 20
9 22
9 37
9 42
9 47
9 78
9 110
9 116
9 119
9 123
9 149
9 179
9 181
10 11
10 12
10 13
10 14
10 15
10 16
10 21
10 23
10 25
10 30
10 32
10 33
10 39
10 42
10 50
10 56
10 65
10 71
10 74
10 79
10 100
10 101
10 109
10 119
10 129
10 130
10 134
10 137
10 138
10 160
10 174
10 188
11 12
11 13
11 14
11 15
11 16
11 17
11 18
11 19
11 20
11 21
11 22
11 23
11 28
11 29
11 33
11 36
11 37
11 38
11 40
11 43
11 46
11 47
11 49
11 51
11 52
11 54
11 55
11 61
11 65
11 69
11 76
11 77
11 79
11 83
11 87
11 88
11 89
11 92
11 98
11 101
11 103
11 104
11 112
11 114
11 115
11 138
11 140
11 144
11 149
11 155
11 157
11 160
11 171
11 174
11 181
11 192
11 196
11 198
12 13
12 14
12 15
12 16
12 17
12 18
12 19
12 20
12 22
12 23
12 24
12 27
12 28
12 29
12 34
12 35
12 40
12 43
12 44
12 47
12 48
12 53
12 59
12 65
12 77
12 79
12 82
12 83
12 85
12 96
12 97
12 98
12 105
12 106
12 107
12 110
12 116
12 118
12 122
12 128
12 143
12 145
12 149
12 160
12 172
12 185
12 194
12 197
13 14
13 15
13 16
13 17
13 18
13 19
13 20
13 21
13 23
13 24
13 25
13 26
13 29
13 31
13 32
13 33
13 34
13 35
13 36
13 37
13 41
13 43
13 44
13 45
13 48
13 50
13 51
13 55
13 57
13 62
13 63
13 64
13 67
13 69
13 71
13 73
13 74
13 76
13 78
13 79
13 80
13 82
13 85
13 86
13 89
13 90
13 94
13 95
13 96
13 102
13 107
13 108
13 116
13 123
13 124
13 135
13 155
13 168
13 177
13 186
13 187
13 189
13 193
13 194
13 198
13 199
14 15
14 16
14 17
14 20
14 24
14 25
14 31
14 35
14 36
14 38
14 39
14 41
14 49
14 54
14 56
14 57
14 58
14 61
14 63
14 64
14 65
14 69
14 71
14 75
14 80
14 82
14 84
14 92
14 103
14 111
14 116
14 122
14 131
14 137
14 139
14 146
14 148
14 154
14 155
14 157
14 167
14 172
14 175
14 187
14 190
14 193
15 16
15 17
15 18
15 19
15 20
15 21
15 22
15 24
15 25
15 26
15 27
15 28
15 29
15 30
15 31
15 32
15 40
15 41
15 43
15 44
15 48
15 54
15 62
15 64
15 65
15 66
15 68
15 71
15 74
15 76
15 77
15 82
15 84
15 88
15 91
15 92
15 97
15 98
15 108
15 115
15 118
15 122
15 132
15 138
15 142
15 149
15 151
15 157
15 163
15 164
15 169
15 170
16 17
16 18
16 20
16 21
16 22
16 24
16 25
16 27
16 28
16 30
16 32
16 34
16 40
16 44
16 50
16 52
16 55
16 59
16 69
16 70
16 71
16 73
16 91
16 99
16 104
16 107
16 108
16 109
16 112
16 113
16 124
16 129
16 137
16 150
16 152
16 167
16 168
16 170
16 188
16 191
16 194
16 196
16 199
17 18
17 19
17 20
17 21
17 24
17 27
17 29
17 41
17 58
17 59
17 61
17 64
17 70
17 90
17 91
17 92
17 95
17 105
17 109
17 113
17 117
17 120
17 132
17 139
17 148
17 159
17 176
17 182
17 199
18 19
18 22
18 23
18 29
18 30
18 32
18 38
18 39
18 42
18 43
18 52
18 55
18 63
18 67
18 93
18 95
18 101
18 113
18 126
18 134
18 157
18 158
18 166
18 172
18 173
18 196
19 21
19 22
19 23
19 25
19 26
19 31
19 32
19 36
19 37
19 38
19 40
19 45
19 49
19 57
19 61
19 67
19 72
19 80
19 81
19 83
19 116
19 117
19 122
19 127
19 133
19 140
19 141
19 146
19 161
19 162
19 179
19 192
20 21
20 22
20 23
20 24
20 25
20 32
20 34
20 35
20 37
20 38
20 40
20 42
20 45
20 47
20 49
20 51
20 52
20 54
20 59
20 60
20 63
20 68
20 69
20 73
20 76
20 83
20 85
20 98
20 104
20 108
20 117
20 120
20 128
20 141
20 142
20 145
20 147
20 156
20 161
20 181
20 183
20 190
21 24
21 28
21 32
21 34
21 35
21 44
21 49
21 54
21 62
21 72
21 80
21 86
21 87
21 91
21 127
21 128
21 131
21 133
21 134
21 135
21 136
21 148
21 150
21 157
21 159
21 173
21 177
21 190
21 195
22 24
22 30
22 37
22 39
22 42
22 45
22 46
22 50
22 51
22 59
22 68
22 80
22 81
22 85
22 87
22 93
22 97
22 100
22 105
22 128
22 134
22 161
22 162
22 192
23 25
23 27
23 28
23 31
23 33
23 36
23 43
23 46
23 49
23 51
23 58
23 60
23 65
23 68
23 70
23 74
23 75
23 83
23 86
23 89
23 91
23 97
23 118
23 119
23 125
23 135
23 137
23 146
23 148
23 155
23 156
23 161
23 163
23 164
23 165
23 176
23 178
23 181
23 182
23 186
24 27
24 29
24 39
24 42
24 61
24 83
24 91
24 96
24 181
24 183
24 189
24 196
24 199
25 26
25 28
25 30
25 32
25 36
25 44
25 46
25 47
25 49
25 51
25 54
25 64
25 67
25 110
25 115
25 118
25 128
25 130
25 133
25 138
25 144
25 160
25 178
25 184
26 27
26 33
26 35
26 36
26 40
26 41
26 52
26 57
26 60
26 61
26 62
26 64
26 65
26 72
26 75
26 101
26 124
26 130
26 133
26 136
26 142
26 180
26 184
26 185
26 197
27 29
27 33
27 35
27 41
27 52
27 61
27 75
27 76
27 78
27 82
27 87
27 88
27 97
27 100
27 105
27 113
27 121
27 130
27 139
27 142
27 143
27 146
27 147
27 154
27 170
27 171
27 175
27 179
27 189
27 194
28 34
28 39
28 48
28 55
28 56
28 68
28 84
28 98
28 100
28 104
28 114
28 125
28 129
28 139
28 140
28 158
28 166
28 173
28 186
28 191
28 197
29 33
29 38
29 44
29 46
29 51
29 56
29 70
29 72
29 81
29 85
29 92
29 113
29 119
29 161
29 169
29 172
29 177
30 31
30 35
30 36
30 39
30 45
30 47
30 48
30 49
30 50
30 51
30 56
30 61
30 65
30 67
30 69
30 70
30 72
30 75
30 76
30 80
30 87
30 93
30 94
30 98
30 99
30 100
30 101
30 105
30 107
30 118
30 120
30 123
30 124
30 129
30 131
30 134
30 135
30 138
30 142
30 156
30 164
30 169
30 171
30 177
30 182
30 184
30 185
30 191
30 199
31 37
31 38
31 39
31 43
31 44
31 48
31 55
31 58
31 66
31 72
31 77
31 81
31 86
31 96
31 106
31 107
31 110
31 112
31 117
31 122
31 145
31 152
31 156
31 171
31 186
31 191
32 40
32 44
32 48
32 53
32 59
32 69
32 84
32 96
32 98
32 99
32 133
32 140
32 142
32 149
32 154
32 159
32 187
32 195
33 34
33 37
33 51
33 55
33 62
33 63
33 66
33 67
33 71
33 75
33 83
33 85
33 89
33 90
33 93
33 97
33 109
33 110
33 122
33 123
33 138
33 150
33 153
33 163
33 168
33 169
33 175
33 194
33 196
34 35
34 36
34 42
34 50
34 54
34 56
34 58
34 60
34 66
34 77
34 79
34 82
34 94
34 95
34 101
34 106
34 108
34 116
34 132
34 143
34 167
34 192
34 193
34 195
34 198
35 45
35 46
35 47
35 52
35 56
35 75
35 77
35 79
35 85
35 88
35 89
35 98
35 99
35 107
35 119
35 188
35 190
36 40
36 44
36 58
36 74
36 76
36 77
36 78
36 88
36 89
36 100
36 103
36 105
36 106
36 110
36 131
36 135
36 139
36 159
36 195
36 198
37 41
37 43
37 57
37 64
37 78
37 81
37 82
37 89
37 104
37 105
37 108
37 116
37 120
37 134
37 146
37 151
37 165
37 167
37 184
37 193
37 194
38 50
38 53
38 57
38 59
38 66
38 69
38 86
38 103
38 108
38 109
38 120
38 143
38 147
38 153
38 158
38 171
38 183
38 185
38 195
39 47
39 53
39 56
39 66
39 81
39 82
39 94
39 108
39 123
39 150
39 164
39 179
39 197
39 199
40 41
40 67
40 94
40 135
40 165
41 45
41 50
41 90
41 104
41 106
41 127
41 146
41 151
41 154
41 183
41 189
41 191
42 43
42 46
42 53
42 54
42 58
42 59
42 74
42 78
42 83
42 95
42 111
42 114
42 123
42 142
42 143
42 176
42 188
43 46
43 47
43 48
43 61
43 63
43 69
43 84
43 87
43 88
43 97
43 101
43 103
43 115
43 122
43 125
43 131
43 141
43 165
43 190
44 45
44 50
44 65
44 90
44 96
44 103
44 119
44 125
44 126
44 132
44 134
44 145
44 163
44 174
44 185
44 189
45 51
45 56
45 57
45 64
45 71
45 95
45 133
45 139
45 150
46 48
46 49
46 54
46 58
46 60
46 63
46 64
46 94
46 108
46 115
46 119
46 121
46 123
46 129
46 184
46 187
46 188
47 52
47 60
47 62
47 67
47 71
47 74
47 77
47 79
47 83
47 95
47 118
47 124
47 150
47 154
47 159
47 176
47 181
48 57
48 69
48 79
48 132
48 145
48 147
48 162
48 199
49 50
49 52
49 59
49 70
49 97
49 99
49 102
49 104
49 105
49 146
49 152
49 154
49 165
49 170
49 178
49 183
50 58
50 60
50 62
50 114
50 135
50 148
50 167
50 171
51 53
51 57
51 76
51 79
51 82
51 86
51 102
51 145
51 152
51 191
52 56
52 57
52 66
52 75
52 80
52 86
52 125
52 129
52 131
52 138
52 139
52 172
52 186
52 194
52 197
53 55
53 72
53 74
53 112
53 115
53 121
53 132
53 136
53 143
53 187
54 63
54 68
54 84
54 90
54 125
54 134
54 146
54 147
54 158
54 160
54 162
54 166
55 64
55 72
55 86
55 93
55 96
55 111
55 141
55 160
55 166
55 167
55 178
55 185
55 190
56 62
56 68
56 130
56 151
56 172
56 173
56 178
56 186
57 70
57 80
57 99
57 103
57 127
57 154
58 66
58 68
58 70
58 76
58 90
58 115
58 153
58 162
58 176
58 180
59 60
59 61
59 65
59 78
59 118
59 127
59 136
59 137
59 151
59 170
59 182
59 190
60 70
60 74
60 87
60 94
60 100
60 124
60 137
60 142
60 144
60 163
60 167
60 186
60 187
60 197
61 66
61 72
61 80
61 84
61 102
61 118
61 141
61 169
61 182
61 198
62 68
62 77
62 79
62 81
62 84
62 99
62 111
62 114
62 134
62 156
62 171
62 172
62 187
63 74
63 96
63 99
63 122
63 125
63 161
63 166
63 198
64 87
64 102
64 124
64 144
65 104
65 111
65 114
65 181
65 188
66 78
66 109
66 155
66 157
67 87
67 92
67 110
67 115
67 129
67 141
67 151
67 170
68 70
68 71
68 82
68 99
68 110
68 112
68 119
68 121
68 138
68 151
68 173
69 73
69 90
69 91
69 96
69 110
69 116
69 120
69 126
69 133
69 146
69 152
69 183
69 196
69 197
70 75
70 85
70 93
70 117
70 127
70 188
70 197
71 73
71 81
71 105
71 113
71 121
71 125
71 129
71 149
71 152
71 158
71 163
71 176
71 180
71 181
71 185
71 186
71 189
72 89
72 92
72 131
72 163
72 183
73 87
73 102
73 171
73 181
74 100
74 126
74 149
74 151
74 153
75 89
75 97
75 107
75 110
75 117
75 150
75 157
75 174
76 85
76 88
76 133
76 142
76 152
76 153
76 167
76 182
76 193
77 81
77 144
77 160
78 84
78 114
78 148
78 151
78 177
78 178
78 179
78 193
78 194
79 90
79 126
80 115
80 136
80 162
80 165
81 84
81 95
81 101
81 112
81 114
81 148
81 153
81 167
82 83
82 86
82 98
82 106
82 121
82 136
82 159
82 185
82 189
83 103
83 157
84 114
84 127
84 131
84 150
84 172
84 179
85 92
85 105
85 117
85 135
85 147
85 176
85 178
86 88
86 93
86 101
86 112
86 132
86 157
87 92
87 147
87 159
87 169
87 184
88 91
88 123
88 176
89 93
89 102
89 108
89 121
89 125
89 144
89 145
89 149
89 152
89 177
89 178
89 198
90 94
90 99
90 104
90 111
90 127
90 140
90 152
90 161
90 166
90 168
90 186
91 140
91 169
91 178
91 183
91 197
92 95
92 102
92 103
92 104
92 121
92 168
92 175
93 124
93 130
93 172
93 175
94 138
94 187
94 199
95 114
95 120
95 166
95 182
96 106
96 123
96 126
96 155
97 113
97 116
97 129
97 144
98 102
98 162
98 199
99 144
100 140
100 153
100 162
100 171
102 103
102 118
102 126
102 137
102 140
102 143
102 168
102 179
103 111
103 119
103 156
103 198
104 106
104 130
105 107
105 111
105 130
105 139
106 126
106 131
106 160
106 180
107 126
107 148
107 152
107 194
108 111
108 120
108 132
108 137
109 122
109 123
109 146
109 170
109 177
109 179
110 113
110 128
110 129
110 136
110 145
110 147
110 167
110 177
112 158
112 178
113 118
114 144
114 158
114 179
114 185
115 119
115 124
115 135
115 173
116 121
116 128
116 149
116 168
116 180
117 160
118 137
118 187
119 126
119 128
119 155
119 166
119 168
119 184
119 186
120 125
120 141
120 143
120 165
121 122
121 124
121 136
121 148
121 166
121 175
122 164
122 193
122 195
123 130
123 153
123 162
123 174
123 177
124 161
124 184
125 156
126 192
127 192
128 130
128 131
128 136
129 140
129 141
129 156
129 175
129 198
130 159
130 188
131 144
131 150
131 173
131 182
132 141
132 154
132 165
132 176
132 193
133 163
133 180
134 137
134 143
134 159
135 148
135 164
135 175
136 139
136 140
136 164
136 170
136 172
136 174
136 176
137 145
137 187
138 191
139 170
139 174
140 153
140 155
140 158
140 165
140 173
140 183
141 147
141 191
142 149
143 168
143 169
143 180
143 193
144 145
144 174
144 196
146 189
147 155
147 193
149 194
149 195
150 170
150 183
151 155
151 165
151 197
153 156
153 180
156 163
160 195
161 171
161 177
162 164
162 179
162 188
163 175
165 169
165 192
167 175
168 174
169 192
176 180
177 192
178 188
179 182
183 184
184 191
185 190
186 199
187 190
189 195
