0 1
0 2
0 3
0 4
0 5
0 6
0 7
0 8
0 9
0 10
0 11
0 12
0 13
0 14
0 15
0 16
0 17
0 18
0 19
0 20
0 21
0 25
0 26
0 27
0 32
0 34
0 41
0 42
0 43
0 46
0 47
0 49
0 50
0 53
0 55
0 59
0 61
0 62
0 64
0 69
0 73
0 77
0 82
0 86
0 88
0 89
0 99
0 100
0 101
0 105
0 106
0 107
0 111
0 119
0 120
0 127
0 129
0 130
0 144
0 148
0 152
0 156
0 157
0 160
0 161
0 163
0 167
0 168
0 175
0 176
0 178
0 179
0 186
0 196
1 11
1 12
1 13
1 14
1 18
1 19
1 22
1 23
1 24
1 25
1 29
1 34
1 41
1 43
1 50
1 51
1 53
1 57
1 58
1 61
1 70
1 71
1 72
1 75
1 80
1 98
1 110
1 112
1 114
1 122
1 131
1 151
1 158
1 159
1 174
1 191
1 195
2 11
2 12
2 13
2 14
2 15
2 20
2 22
2 24
2 26
2 30
2 31
2 33
2 37
2 40
2 44
2 45
2 46
2 48
2 50
2 51
2 54
2 61
2 63
2 64
2 66
2 70
2 86
2 92
2 98
2 99
2 109
2 126
2 127
2 138
2 140
2 146
2 153
2 182
2 186
2 187
2 195
3 11
3 13
3 14
3 21
3 22
3 23
3 54
3 55
3 56
3 57
3 66
3 105
3 116
3 150
3 156
3 177
3 189
4 11
4 12
4 16
4 17
4 18
4 20
4 25
4 28
4 29
4 32
4 37
4 38
4 40
4 59
4 66
4 77
4 78
4 79
4 82
4 87
4 92
4 96
4 101
4 102
4 120
4 121
4 131
4 157
4 177
4 186
4 190
4 192
4 194
4 197
4 199
5 12
5 16
5 17
5 21
5 22
5 32
5 38
5 56
5 67
5 91
5 95
5 97
5 133
5 156
5 160
5 173
6 11
6 12
6 13
6 14
6 15
6 18
6 19
6 20
6 25
6 27
6 30
6 31
6 34
6 36
6 39
6 42
6 46
6 54
6 55
6 63
6 78
6 88
6 97
6 114
6 120
6 135
6 137
6 143
6 148
6 152
6 153
6 156
6 192
7 11
7 12
7 13
7 15
7 16
7 20
7 22
7 27
7 30
7 40
7 43
7 49
7 50
7 64
7 69
7 71
7 84
7 87
7 91
7 92
7 95
7 98
7 99
7 105
7 106
7 147
7 163
7 177
7 182
7 192
8 11
8 12
8 13
8 14
8 15
8 16
8 17
8 19
8 23
8 24
8 25
8 26
8 29
8 32
8 36
8 48
8 49
8 53
8 57
8 60
8 73
8 83
8 90
8 94
8 95
8 116
8 124
8 131
8 150
8 164
8 176
8 180
8 193
9 11
9 18
9 33
9 34
9 38
9 41
9 48
9 54
9 62
9 69
9 105
9 106
9 117
9 138
9 183
10 11
10 12
10 13
10 14
10 15
10 16
10 17
10 18
10 19
10 22
10 23
10 24
10 27
10 30
10 31
10 34
10 35
10 36
10 43
10 45
10 50
10 51
10 56
10 59
10 60
10 69
10 72
10 74
10 75
10 76
10 78
10 85
10 87
10 88
10 92
10 96
10 100
10 103
10 108
10 110
10 111
10 116
10 128
10 139
10 156
10 161
10 166
10 174
10 178
10 182
10 193
10 197
11 12
11 13
11 14
11 15
11 16
11 17
11 19
11 21
11 22
11 23
11 24
11 25
11 28
11 29
11 30
11 35
11 37
11 38
11 40
11 42
11 43
11 47
11 51
11 52
11 54
11 55
11 57
11 60
11 62
11 63
11 67
11 68
11 72
11 79
11 81
11 83
11 89
11 91
11 105
11 118
11 126
11 129
11 130
11 133
11 136
11 140
11 144
11 150
11 151
11 161
11 165
11 171
11 175
11 181
11 183
11 193
11 197
12 13
12 14
12 15
12 16
12 17
12 18
12 19
12 21
12 26
12 29
12 30
12 31
12 32
12 33
12 34
12 37
12 45
12 47
12 53
12 54
12 56
12 57
12 59
12 67
12 68
12 73
12 74
12 83
12 84
12 85
12 89
12 91
12 99
12 101
12 108
12 109
12 112
12 120
12 121
12 122
12 124
12 125
12 129
12 130
12 135
12 136
12 139
12 150
12 168
12 169
12 171
12 182
12 185
12 187
12 188
12 189
12 190
12 196
12 197
13 14
13 15
13 16
13 17
13 18
13 19
13 20
13 24
13 25
13 27
13 28
13 31
13 33
13 36
13 39
13 43
13 45
13 53
13 66
13 70
13 72
13 84
13 85
13 88
13 89
13 93
13 108
13 134
13 136
13 141
13 143
13 145
13 159
13 165
13 167
13 184
13 196
14 15
14 16
14 17
14 18
14 20
14 21
14 22
14 23
14 24
14 26
14 33
14 35
14 36
14 37
14 38
14 41
14 42
14 44
14 45
14 55
14 58
14 64
14 65
14 71
14 92
14 94
14 119
14 123
14 130
14 140
14 154
14 161
14 168
14 169
14 170
14 184
14 198
14 199
15 20
15 22
15 26
15 27
15 28
15 29
15 31
15 32
15 39
15 42
15 50
15 53
15 57
15 60
15 61
15 64
15 67
15 78
15 87
15 93
15 96
15 97
15 99
15 125
15 127
15 129
15 153
15 172
15 178
15 189
15 196
16 17
16 18
16 19
16 23
16 24
16 25
16 32
16 34
16 35
16 37
16 38
16 39
16 47
16 55
16 63
16 66
16 67
16 68
16 76
16 80
16 81
16 82
16 83
16 93
16 98
16 100
16 107
16 108
16 109
16 112
16 117
16 121
16 122
16 126
16 128
16 132
16 136
16 141
16 143
16 144
16 147
16 149
16 151
16 162
16 171
16 172
16 178
16 197
16 199
17 19
17 21
17 23
17 24
17 26
17 27
17 28
17 29
17 44
17 49
17 51
17 56
17 58
17 61
17 68
17 71
17 83
17 85
17 86
17 90
17 92
17 97
17 100
17 103
17 109
17 116
17 117
17 134
17 138
17 148
17 151
17 157
17 159
17 165
17 168
17 173
17 176
17 181
17 193
18 20
18 21
18 22
18 23
18 26
18 30
18 33
18 36
18 40
18 42
18 47
18 49
18 53
18 54
18 56
18 57
18 60
18 66
18 68
18 69
18 74
18 83
18 86
18 87
18 88
18 90
18 91
18 101
18 104
18 105
18 108
18 109
18 110
18 116
18 118
18 139
18 141
18 145
18 149
18 155
18 159
18 164
18 165
18 167
18 170
18 181
18 187
18 191
18 195
19 20
19 21
19 25
19 27
19 28
19 33
19 35
19 38
19 44
19 46
19 55
19 59
19 63
19 65
19 68
19 74
19 77
19 78
19 82
19 83
19 85
19 88
19 89
19 90
19 91
19 93
19 96
19 102
19 117
19 125
19 133
19 139
19 145
19 157
19 160
19 192
19 194
20 21
20 26
20 28
20 29
20 31
20 34
20 36
20 37
20 40
20 41
20 42
20 46
20 48
20 49
20 52
20 53
20 56
20 60
20 61
20 70
20 82
20 89
20 93
20 101
20 104
20 105
20 106
20 108
20 111
20 119
20 123
20 124
20 125
20 135
20 144
20 146
20 167
20 178
20 184
20 185
20 195
21 23
21 24
21 26
21 27
21 32
21 33
21 35
21 36
21 39
21 42
21 50
21 53
21 63
21 65
21 82
21 108
21 110
21 112
21 122
21 126
21 135
21 137
21 141
21 143
21 146
21 153
21 154
21 155
21 179
21 191
22 28
22 30
22 32
22 36
22 41
22 43
22 44
22 46
22 50
22 51
22 52
22 54
22 68
22 72
22 83
22 84
22 86
22 90
22 97
22 113
22 114
22 117
22 123
22 126
22 166
22 179
22 189
22 193
23 25
23 27
23 30
23 32
23 34
23 47
23 48
23 49
23 57
23 61
23 62
23 70
23 78
23 80
23 91
23 94
23 110
23 114
23 119
23 121
23 133
23 157
23 161
23 166
23 181
23 186
23 187
23 197
24 29
24 35
24 37
24 39
24 42
24 44
24 48
24 50
24 67
24 73
24 76
24 86
24 87
24 93
24 96
24 100
24 107
24 112
24 121
24 123
24 131
24 140
24 154
24 173
24 191
24 197
24 198
25 28
25 36
25 38
25 40
25 42
25 43
25 58
25 77
25 80
25 81
25 85
25 90
25 93
25 102
25 105
25 107
25 108
25 110
25 136
25 149
25 151
25 171
25 173
25 177
25 186
25 187
25 194
25 199
26 30
26 31
26 33
26 38
26 39
26 41
26 43
26 44
26 45
26 47
26 53
26 56
26 59
26 65
26 72
26 74
26 75
26 76
26 77
26 79
26 84
26 91
26 94
26 96
26 112
26 113
26 115
26 120
26 122
26 134
26 135
26 144
26 145
26 147
26 157
26 164
26 180
26 184
26 191
27 28
27 29
27 31
27 41
27 44
27 50
27 54
27 58
27 60
27 65
27 66
27 77
27 79
27 81
27 92
27 104
27 111
27 115
27 118
27 123
27 127
27 128
27 130
27 138
27 143
27 150
27 152
27 167
27 169
27 172
28 31
28 33
28 37
28 38
28 51
28 52
28 93
28 103
28 114
28 116
28 145
28 148
28 163
28 172
28 175
28 187
29 39
29 40
29 45
29 49
29 52
29 57
29 63
29 76
29 84
29 95
29 111
29 119
29 128
29 132
29 140
30 44
30 64
30 78
30 79
30 115
30 139
30 168
31 35
31 37
31 40
31 45
31 47
31 49
31 52
31 55
31 61
31 64
31 66
31 78
31 80
31 83
31 102
31 109
31 140
31 165
31 174
31 175
31 183
32 34
32 35
32 45
32 46
32 93
32 114
32 141
32 172
32 192
32 194
33 35
33 56
33 58
33 60
33 70
33 71
33 84
33 94
33 101
33 102
33 103
33 118
33 119
33 130
33 135
33 147
33 178
33 180
33 188
33 189
33 192
34 52
34 61
34 91
34 106
34 129
34 144
34 149
34 150
34 165
34 181
35 39
35 44
35 45
35 49
35 62
35 81
35 82
35 85
35 89
35 96
35 105
35 109
35 142
35 149
35 168
35 173
35 186
35 188
35 191
36 41
36 46
36 48
36 59
36 63
36 65
36 70
36 71
36 72
36 78
36 92
36 98
36 104
36 142
37 39
37 40
37 51
37 60
37 66
37 69
37 74
37 76
37 81
37 88
37 95
37 100
37 115
37 122
37 128
37 132
37 133
37 142
37 149
37 175
37 192
37 193
38 41
38 58
38 62
38 63
38 69
38 71
38 74
38 95
38 96
38 97
38 98
38 106
38 115
38 119
38 130
38 134
38 136
38 162
38 177
38 185
38 194
38 199
39 46
39 48
39 52
39 55
39 70
39 74
39 77
39 79
39 84
39 101
39 104
39 107
39 111
39 121
39 127
39 134
39 146
39 195
40 59
40 99
40 103
40 191
41 43
41 51
41 58
41 64
41 69
41 77
41 97
41 123
41 125
41 127
41 141
41 142
41 143
41 162
41 169
41 190
42 47
42 48
42 66
42 74
42 75
42 99
42 104
42 110
42 124
42 128
42 155
42 156
42 166
43 51
43 52
43 56
43 57
43 60
43 62
43 64
43 89
43 113
43 148
43 158
43 163
43 196
43 198
44 46
44 52
44 62
44 71
44 110
44 113
44 116
44 125
44 135
44 154
44 155
45 54
45 62
45 125
45 126
45 128
45 146
46 47
46 48
46 58
46 73
46 75
46 79
46 80
46 81
46 94
46 95
46 99
46 105
46 110
46 117
46 134
46 137
46 139
46 140
46 143
46 157
46 163
46 176
46 178
46 199
47 101
47 181
48 75
48 77
48 82
48 98
48 119
48 131
48 132
48 170
48 175
48 184
49 55
49 70
49 76
49 87
49 102
49 106
49 125
49 137
49 145
49 162
49 165
49 182
49 192
50 59
50 75
50 101
50 120
50 125
50 128
50 132
50 150
50 151
50 154
50 181
51 61
51 79
51 83
51 169
51 171
51 178
51 188
51 198
52 64
52 67
52 73
52 95
52 112
52 132
52 138
52 151
52 156
52 176
52 183
53 59
53 67
53 99
53 102
53 136
53 166
53 173
54 65
54 98
54 109
54 160
54 161
54 170
54 171
54 191
55 65
55 68
55 71
55 72
55 97
55 103
55 110
55 122
55 136
55 157
55 164
55 168
56 58
56 70
56 73
56 79
56 81
56 84
56 107
56 114
56 118
56 122
56 137
56 142
56 151
56 154
56 161
56 183
56 184
56 190
56 194
56 199
57 69
57 99
58 72
58 94
58 103
58 104
58 113
58 120
58 139
58 155
58 160
58 180
58 198
58 199
59 69
59 86
59 114
59 130
59 142
59 152
60 75
60 116
60 139
60 141
60 190
61 62
61 65
61 73
61 76
61 87
61 107
61 111
61 154
61 174
61 196
61 199
62 63
62 67
62 75
62 92
62 107
62 109
62 118
62 158
62 161
62 171
63 65
63 68
63 71
63 73
63 86
63 87
63 102
63 104
63 113
63 115
63 132
63 135
63 141
63 143
63 151
63 160
63 170
63 188
63 191
64 68
64 74
64 76
64 80
64 87
64 89
64 90
64 108
64 111
64 136
64 169
64 170
65 76
65 80
65 91
65 191
66 67
66 81
66 82
66 103
66 130
67 73
67 85
67 88
67 100
67 113
67 117
67 152
67 160
67 176
68 77
68 86
68 90
68 93
68 95
68 97
68 120
68 147
68 154
69 78
69 79
69 92
69 111
69 121
69 123
69 131
69 132
69 136
69 144
69 155
69 174
69 185
70 80
70 90
70 103
70 124
70 137
70 148
70 159
70 162
71 72
71 103
71 107
71 112
71 156
71 182
72 88
72 95
72 98
72 183
73 98
73 128
74 75
74 81
74 84
74 85
74 94
74 96
74 102
74 107
74 112
74 115
74 117
74 121
74 131
74 142
74 158
74 159
74 162
74 175
74 178
74 183
75 104
75 109
75 119
75 150
75 179
75 190
76 168
77 82
77 141
77 165
77 176
77 198
78 85
78 100
78 117
78 122
78 147
78 155
78 158
78 162
78 174
79 80
79 89
79 132
79 144
79 147
79 148
79 158
79 180
79 183
79 197
80 115
80 124
80 131
80 137
80 161
80 166
80 184
81 106
81 146
81 194
82 88
82 90
82 94
82 112
82 113
82 118
82 126
82 143
82 165
82 185
82 192
83 129
83 158
83 163
84 86
84 101
84 114
84 115
84 150
84 152
84 172
85 113
85 118
85 141
85 152
85 163
85 171
85 180
85 188
85 192
86 135
86 145
86 149
87 108
87 134
87 146
87 147
87 155
87 168
87 190
87 195
88 102
88 121
88 125
88 152
88 164
88 166
88 188
89 116
89 119
89 124
89 126
89 160
89 162
89 164
89 177
89 179
89 180
89 185
90 146
91 100
91 104
91 138
91 170
91 194
92 131
92 139
92 147
92 152
92 154
92 188
93 94
93 96
93 97
93 111
93 133
93 144
93 172
93 193
94 164
94 179
96 123
96 124
96 146
96 176
96 189
97 123
97 133
97 148
97 151
97 156
98 100
98 118
98 126
98 134
98 181
98 182
99 127
100 106
100 127
100 130
100 161
100 164
100 165
100 197
101 137
101 138
101 190
102 106
102 116
102 156
102 176
103 159
103 179
104 117
104 129
104 152
104 169
104 172
104 198
105 127
105 155
105 167
106 113
106 120
106 133
106 163
106 175
106 188
107 114
107 131
107 173
107 181
108 124
108 140
108 143
110 129
110 135
112 115
112 126
112 134
112 142
112 144
112 174
112 180
113 153
113 170
113 172
113 175
113 179
113 189
114 121
114 172
114 173
115 120
115 122
115 169
115 184
116 168
116 173
116 194
117 118
117 129
117 138
117 149
117 160
117 174
118 123
118 159
119 129
119 166
119 186
120 177
121 124
121 132
121 134
121 153
121 183
123 127
123 162
124 128
124 138
124 140
124 171
125 182
125 186
126 137
126 146
126 181
127 138
127 139
127 140
127 147
127 160
128 142
128 153
128 154
128 155
128 158
128 159
128 162
128 166
128 167
128 183
128 198
129 145
129 153
129 185
129 194
131 133
131 148
132 133
132 150
132 163
132 177
133 153
134 137
134 170
134 184
134 185
134 190
135 189
137 145
137 157
137 166
137 178
137 179
137 185
137 196
138 182
139 164
139 167
140 142
140 149
140 180
143 145
143 149
143 173
144 170
144 175
145 188
146 148
146 167
147 157
147 169
148 158
148 177
148 195
150 153
151 159
152 179
154 158
154 163
154 167
154 169
154 177
154 187
154 196
157 176
157 193
158 186
159 164
159 171
159 190
162 180
162 186
163 182
165 187
165 198
167 193
168 195
169 174
170 196
171 187
172 198
173 174
174 185
175 189
176 184
179 187
181 196
184 189
184 195
185 199
190 193
193 197
194 195
