0 1
0 2
0 3
0 4
0 5
0 6
0 7
0 8
0 9
0 10
0 11
0 12
0 13
0 14
0 15
0 16
0 17
0 18
0 19
0 20
0 22
0 23
0 26
0 28
0 30
0 32
0 33
0 34
0 37
0 38
0 39
0 41
0 44
0 45
0 46
0 47
0 51
0 52
0 58
0 71
0 72
0 74
0 77
0 84
0 87
0 91
0 95
0 96
0 97
0 101
0 103
0 108
0 116
0 118
0 137
0 148
0 155
0 157
0 162
0 166
0 169
0 181
0 182
0 184
0 196
0 197
1 11
1 12
1 14
1 15
1 16
1 18
1 19
1 20
1 21
1 23
1 26
1 28
1 29
1 30
1 34
1 54
1 55
1 58
1 62
1 63
1 64
1 70
1 76
1 88
1 89
1 92
1 101
1 105
1 107
1 111
1 127
1 134
1 144
1 147
1 152
1 165
1 172
1 198
2 11
2 12
2 13
2 14
2 15
2 16
2 17
2 20
2 21
2 23
2 24
2 38
2 43
2 45
2 48
2 50
2 58
2 67
2 69
2 71
2 78
2 79
2 93
2 103
2 110
2 121
2 125
2 126
2 132
2 139
2 151
2 157
2 174
2 180
2 182
2 184
2 198
3 11
3 12
3 13
3 14
3 15
3 16
3 17
3 18
3 19
3 21
3 23
3 24
3 25
3 30
3 33
3 34
3 36
3 37
3 40
3 41
3 43
3 45
3 47
3 48
3 57
3 59
3 61
3 62
3 72
3 75
3 76
3 79
3 81
3 82
3 93
3 127
3 131
3 133
3 137
3 138
3 140
3 154
3 160
3 166
3 167
3 181
4 11
4 12
4 13
4 14
4 17
4 22
4 24
4 25
4 27
4 29
4 32
4 34
4 35
4 36
4 41
4 45
4 46
4 48
4 54
4 60
4 62
4 75
4 86
4 89
4 94
4 96
4 102
4 106
4 116
4 117
4 120
4 142
4 143
4 145
4 151
4 160
4 164
4 165
4 170
4 176
4 177
4 182
4 188
4 189
5 11
5 12
5 13
5 17
5 21
5 22
5 23
5 27
5 29
5 31
5 35
5 39
5 48
5 50
5 54
5 57
5 61
5 63
5 75
5 82
5 88
5 94
5 112
5 125
5 126
5 127
5 153
5 194
6 11
6 12
6 13
6 14
6 15
6 19
6 20
6 22
6 23
6 24
6 35
6 40
6 43
6 44
6 53
6 65
6 70
6 77
6 85
6 102
6 112
6 135
6 141
7 11
7 12
7 16
7 18
7 20
7 26
7 32
7 37
7 39
7 45
7 52
7 62
7 73
7 80
7 81
7 89
7 92
7 100
7 117
7 119
7 130
7 131
7 140
7 165
7 176
7 181
7 194
9 11
9 12
9 13
9 14
9 15
9 16
9 17
9 33
9 46
9 56
9 60
9 70
9 74
9 84
9 97
9 106
9 182
9 195
10 11
10 13
10 15
10 16
10 17
10 19
10 20
10 21
10 22
10 27
10 28
10 31
10 36
10 40
10 44
10 45
10 47
10 49
10 54
10 56
10 58
10 59
10 63
10 64
10 66
10 74
10 82
10 85
10 88
10 100
10 104
10 109
10 141
10 145
10 152
10 161
10 166
10 175
10 185
10 191
10 197
11 12
11 13
11 14
11 16
11 17
11 18
11 19
11 21
11 23
11 24
11 26
11 30
11 31
11 33
11 36
11 38
11 40
11 42
11 49
11 50
11 57
11 60
11 61
11 62
11 64
11 65
11 67
11 72
11 75
11 76
11 81
11 82
11 86
11 92
11 93
11 95
11 100
11 114
11 121
11 122
11 125
11 126
11 127
11 139
11 141
11 143
11 144
11 150
11 163
11 166
11 167
11 168
11 174
11 179
11 183
11 184
11 185
11 193
12 13
12 14
12 15
12 16
12 18
12 19
12 20
12 21
12 22
12 24
12 25
12 27
12 28
12 29
12 30
12 31
12 32
12 34
12 36
12 38
12 39
12 42
12 52
12 53
12 56
12 58
12 60
12 65
12 66
12 73
12 78
12 79
12 80
12 81
12 82
12 88
12 90
12 94
12 95
12 96
12 99
12 100
12 101
12 110
12 111
12 116
12 121
12 122
12 123
12 128
12 129
12 136
12 140
12 142
12 152
12 153
12 160
12 161
12 169
12 177
12 185
12 188
12 189
12 193
12 195
12 196
13 14
13 15
13 18
13 19
13 21
13 24
13 25
13 29
13 30
13 32
13 34
13 35
13 36
13 38
13 40
13 43
13 44
13 49
13 50
13 52
13 55
13 59
13 63
13 65
13 68
13 69
13 71
13 73
13 87
13 92
13 94
13 107
13 108
13 111
13 117
13 119
13 121
13 124
13 126
13 127
13 132
13 137
13 139
13 167
13 168
13 174
13 178
13 179
13 181
13 197
14 15
14 16
14 17
14 18
14 19
14 20
14 23
14 24
14 25
14 27
14 28
14 32
14 33
14 36
14 37
14 39
14 45
14 47
14 50
14 51
14 52
14 55
14 56
14 57
14 59
14 60
14 61
14 65
14 74
14 75
14 80
14 86
14 91
14 101
14 105
14 107
14 117
14 118
14 122
14 129
14 130
14 176
14 184
14 186
14 190
14 199
15 17
15 18
15 22
15 23
15 24
15 25
15 26
15 27
15 29
15 31
15 32
15 35
15 37
15 39
15 42
15 46
15 48
15 54
15 55
15 56
15 57
15 64
15 65
15 66
15 69
15 70
15 72
15 75
15 83
15 84
15 85
15 92
15 100
15 101
15 103
15 106
15 107
15 116
15 122
15 123
15 130
15 137
15 143
15 175
15 184
15 186
16 18
16 19
16 22
16 23
16 26
16 30
16 33
16 34
16 35
16 48
16 52
16 74
16 77
16 87
16 90
16 91
16 95
16 100
16 104
16 109
16 114
16 131
16 135
16 136
16 143
16 162
16 172
16 173
16 174
16 193
16 199
17 20
17 21
17 24
17 26
17 27
17 29
17 31
17 33
17 40
17 43
17 44
17 47
17 54
17 59
17 61
17 68
17 71
17 78
17 79
17 90
17 104
17 106
17 108
17 110
17 113
17 114
17 115
17 118
17 124
17 126
17 127
17 128
17 150
17 155
17 159
17 164
17 176
17 178
18 25
18 26
18 28
18 30
18 31
18 33
18 35
18 40
18 41
18 42
18 43
18 47
18 51
18 54
18 59
18 65
18 66
18 71
18 73
18 80
18 83
18 85
18 87
18 96
18 98
18 99
18 104
18 107
18 118
18 124
18 128
18 135
18 137
18 139
18 142
18 158
18 174
18 184
18 189
18 197
19 20
19 21
19 26
19 27
19 28
19 33
19 37
19 38
19 40
19 43
19 44
19 45
19 46
19 47
19 49
19 50
19 53
19 57
19 58
19 59
19 60
19 62
19 64
19 76
19 82
19 83
19 84
19 88
19 93
19 99
19 104
19 106
19 109
19 113
19 124
19 128
19 129
19 131
19 132
19 134
19 135
19 136
19 146
19 147
19 157
19 161
19 168
19 171
19 174
19 175
19 177
19 180
19 185
19 189
19 199
20 22
20 39
20 41
20 51
20 53
20 55
20 60
20 68
20 72
20 74
20 101
20 109
20 117
20 118
20 160
20 172
20 191
20 194
21 22
21 27
21 28
21 32
21 35
21 41
21 52
21 53
21 58
21 63
21 67
21 68
21 71
21 77
21 84
21 97
21 107
21 116
21 119
21 124
21 125
21 131
21 137
21 138
21 149
21 151
21 161
21 178
21 182
21 189
21 190
21 194
22 25
22 26
22 39
22 40
22 43
22 52
22 58
22 63
22 77
22 78
22 86
22 90
22 91
22 117
22 120
22 122
22 124
22 140
22 182
22 185
23 25
23 28
23 41
23 50
23 69
23 73
23 76
23 77
23 83
23 92
23 100
23 102
23 103
23 104
23 114
23 134
23 139
23 142
23 146
23 150
23 155
23 187
24 25
24 29
24 31
24 37
24 48
24 53
24 55
24 60
24 61
24 67
24 90
24 104
24 106
24 140
24 145
24 151
24 156
24 158
24 170
25 28
25 31
25 32
25 34
25 38
25 44
25 50
25 51
25 61
25 66
25 111
25 147
25 159
25 170
26 27
26 29
26 34
26 37
26 42
26 43
26 49
26 51
26 55
26 56
26 59
26 60
26 68
26 70
26 74
26 77
26 84
26 85
26 88
26 89
26 90
26 95
26 98
26 108
26 126
26 140
26 142
26 146
26 156
26 161
26 177
27 29
27 30
27 31
27 32
27 33
27 34
27 35
27 44
27 45
27 46
27 51
27 52
27 56
27 66
27 72
27 81
27 83
27 86
27 88
27 89
27 94
27 98
27 101
27 102
27 104
27 110
27 111
27 116
27 120
27 128
27 150
27 153
27 155
27 163
27 173
27 178
27 183
27 188
27 192
27 193
28 30
28 36
28 54
28 69
28 71
28 78
28 79
28 85
28 87
28 92
28 102
28 113
28 114
28 164
28 180
28 187
28 191
28 195
29 43
29 48
29 53
29 55
29 63
29 66
29 70
29 76
29 105
29 107
29 142
29 171
29 184
29 188
29 197
30 35
30 42
30 46
30 59
30 62
30 68
30 75
30 93
30 113
30 115
30 130
30 139
30 141
30 157
30 179
30 183
30 186
30 192
30 193
30 195
31 40
31 51
31 59
31 64
31 70
31 71
31 82
31 88
31 93
31 94
31 99
31 104
31 106
31 111
31 119
31 153
31 158
31 159
31 172
31 182
32 36
32 37
32 39
32 41
32 42
32 54
32 57
32 64
32 66
32 77
32 83
32 85
32 98
32 99
32 102
32 149
32 187
32 198
33 38
33 58
33 69
33 75
33 86
33 111
33 127
33 133
33 141
33 151
33 162
33 167
33 186
34 36
34 37
34 38
34 48
34 68
34 71
34 80
34 84
34 94
34 95
34 96
34 112
34 123
34 124
34 126
34 132
34 133
34 134
34 135
34 136
34 151
34 164
34 194
35 41
35 42
35 45
35 46
35 47
35 50
35 55
35 62
35 63
35 66
35 78
35 84
35 89
35 98
35 100
35 106
35 109
35 115
35 120
35 122
35 123
35 125
35 133
35 154
35 165
35 183
35 192
35 195
35 199
36 38
36 39
36 49
36 56
36 61
36 80
36 105
36 108
36 113
36 120
36 125
36 130
36 134
36 158
36 173
37 69
37 79
37 99
37 113
37 152
38 62
38 70
38 90
38 92
38 95
38 98
38 104
38 122
38 144
38 147
38 152
38 163
38 169
38 185
38 197
39 42
39 44
39 56
39 64
39 72
39 85
39 105
39 114
39 124
39 153
39 182
40 41
40 42
40 49
40 51
40 55
40 64
40 78
40 89
40 94
40 105
40 108
40 112
40 115
40 129
40 144
40 150
40 165
41 60
41 71
41 76
41 82
41 101
41 102
41 121
41 125
41 143
41 157
41 187
42 44
42 46
42 53
42 57
42 67
42 73
42 87
42 142
42 144
42 167
42 183
42 191
43 46
43 67
43 69
43 72
43 110
43 114
43 132
43 145
43 161
43 172
43 175
43 184
43 192
44 47
44 50
44 56
44 57
44 61
44 65
44 68
44 113
44 120
44 139
44 141
44 177
44 186
45 47
45 48
45 49
45 54
45 58
45 80
45 87
45 90
45 91
45 93
45 94
45 101
45 114
45 148
45 159
45 179
45 180
45 190
45 196
46 49
46 61
46 65
46 68
46 88
46 162
46 166
47 49
47 63
47 67
47 72
47 79
47 119
47 123
47 133
47 167
47 189
47 191
47 195
48 53
48 63
48 81
48 86
48 87
48 91
48 96
48 117
48 138
48 155
48 165
48 187
48 188
49 53
49 68
49 103
49 152
50 51
50 52
50 62
50 65
50 67
50 74
50 78
50 81
50 117
50 123
50 140
50 142
50 162
50 168
50 169
50 171
50 190
51 73
51 76
51 83
51 97
51 103
51 116
51 118
51 133
51 134
51 150
51 152
51 156
51 161
51 172
51 190
51 196
52 81
52 108
52 110
52 131
52 133
52 140
52 145
52 159
52 163
52 164
52 166
52 173
53 57
53 73
53 99
53 119
53 123
53 132
53 137
53 146
53 154
53 156
53 163
53 164
53 199
54 72
54 73
54 74
54 79
54 81
54 86
54 95
54 157
54 163
54 166
54 167
54 173
55 67
55 70
55 75
55 81
55 89
55 98
55 110
55 124
55 132
55 153
55 160
55 168
55 171
55 177
55 193
56 129
56 178
57 91
57 105
57 154
58 66
58 89
58 119
58 123
58 150
58 156
58 179
59 85
59 88
59 92
59 106
59 120
59 150
59 162
59 180
59 190
60 77
60 120
60 164
60 166
60 185
61 69
61 74
61 78
61 93
61 96
61 116
61 121
61 131
61 136
61 139
61 148
61 155
61 159
61 171
61 191
62 64
62 78
62 79
62 93
62 99
62 107
62 121
62 131
62 141
62 153
63 67
63 82
63 90
63 97
63 117
63 119
63 121
63 137
63 143
63 149
63 191
64 80
64 82
64 85
64 87
64 110
64 114
64 116
64 141
64 147
65 69
65 84
65 91
65 106
65 176
65 199
66 70
66 73
66 95
66 147
67 92
67 95
67 102
67 118
67 156
67 162
67 168
67 198
68 91
68 97
68 131
68 138
69 75
69 84
69 96
69 113
69 133
69 139
69 162
69 166
69 171
69 184
70 91
70 127
70 149
70 169
71 76
71 80
71 99
71 100
71 128
72 79
72 83
72 97
72 109
72 112
72 115
72 126
72 148
73 77
73 80
73 93
73 96
73 100
73 107
73 130
73 195
74 76
74 125
74 138
74 153
74 189
74 190
74 195
75 103
75 111
75 127
75 143
75 145
75 149
75 166
75 181
75 193
76 83
76 86
76 101
76 105
76 112
76 124
76 144
77 83
77 87
77 109
77 169
78 107
78 115
78 177
79 102
79 118
79 119
79 132
79 146
79 154
79 155
79 185
80 111
80 114
80 135
80 146
80 147
80 148
80 162
80 175
80 194
81 89
81 129
81 138
81 146
81 147
81 164
81 168
82 86
82 130
82 134
82 135
82 139
82 154
82 159
82 189
83 98
83 102
83 103
83 112
83 118
83 126
84 90
84 97
84 108
84 119
84 164
85 111
85 158
85 163
85 175
85 185
86 103
86 109
86 199
87 96
87 132
88 148
88 162
88 173
89 97
89 165
89 198
90 94
90 99
90 110
90 136
90 149
90 178
90 181
90 188
91 97
91 122
91 128
91 163
91 165
92 109
92 112
92 120
92 127
92 129
92 131
92 142
92 190
92 199
93 98
93 109
93 145
93 158
93 195
94 161
94 173
95 115
95 116
95 128
95 129
95 171
95 179
95 194
96 120
96 136
96 156
96 159
96 160
96 175
97 98
97 105
97 151
97 154
97 161
97 176
98 115
98 134
98 135
98 150
98 170
98 188
99 110
99 122
99 133
99 134
99 151
99 175
100 103
100 136
100 137
100 140
100 179
101 108
101 135
101 180
102 122
102 129
102 152
102 157
102 171
102 178
103 105
103 113
103 130
103 138
103 151
103 155
104 115
104 129
104 133
104 148
104 154
105 108
105 170
105 183
105 185
106 153
106 169
106 173
106 197
107 117
107 126
107 138
107 146
107 160
107 183
107 191
108 112
108 164
108 171
109 157
109 172
109 173
109 181
109 196
110 121
110 128
110 142
110 157
110 171
110 197
111 112
111 149
111 152
111 156
112 113
112 143
112 146
112 158
112 182
112 183
112 196
113 115
113 123
113 130
113 158
113 165
113 179
114 121
114 128
114 147
114 157
114 198
115 118
115 136
115 150
115 167
115 175
115 187
115 193
116 174
116 177
116 180
116 198
117 123
117 156
117 168
119 170
120 143
120 144
121 132
121 151
122 125
122 137
122 160
123 125
123 130
123 140
123 188
124 178
124 191
125 135
125 141
125 159
125 175
126 134
126 138
126 145
126 148
126 152
126 177
126 179
127 194
128 180
129 192
130 159
130 170
130 172
130 174
131 169
133 143
133 144
133 145
133 146
133 199
134 136
135 148
135 154
135 181
135 188
136 138
136 144
136 180
137 144
137 149
137 158
137 168
137 169
138 145
138 147
138 153
138 198
139 191
139 198
140 141
140 155
140 170
140 176
140 186
141 158
141 178
141 196
142 167
143 148
144 149
144 160
144 163
146 149
146 179
146 183
146 187
146 196
147 172
147 195
148 156
148 183
148 186
150 160
151 168
151 174
151 184
151 189
152 154
152 155
152 182
152 196
152 197
153 161
153 198
154 181
154 190
154 192
154 197
156 163
160 170
160 173
160 176
160 178
161 167
161 188
163 192
164 165
164 170
164 190
164 193
165 172
165 177
165 187
166 194
167 169
167 174
167 176
169 176
169 196
170 181
170 199
171 186
173 192
177 187
177 189
178 187
179 180
179 186
180 192
182 186
186 194
188 192
189 193
