0 1
0 2
0 3
0 4
0 5
0 6
0 7
0 8
0 9
0 10
0 11
0 12
0 13
0 14
0 15
0 16
0 17
0 18
0 19
0 20
0 21
0 22
0 23
0 24
0 26
0 27
0 29
0 30
0 31
0 32
0 33
0 34
0 36
0 37
0 39
0 40
0 41
0 42
0 44
0 48
0 49
0 54
0 60
0 61
0 64
0 66
0 67
0 68
0 69
0 73
0 74
0 75
0 85
0 87
0 88
0 91
0 93
0 104
0 111
0 113
0 116
0 122
0 127
0 131
0 136
0 147
0 149
0 152
0 154
0 160
0 163
0 164
0 175
0 180
0 181
0 182
0 195
0 197
1 16
1 17
1 19
1 20
1 23
1 27
1 28
1 29
1 30
1 34
1 39
1 43
1 48
1 50
1 52
1 64
1 65
1 73
1 75
1 87
1 135
1 145
1 149
1 164
1 169
1 170
1 171
1 183
1 186
1 187
2 18
2 20
2 21
2 22
2 24
2 25
2 27
2 28
2 30
2 31
2 32
2 34
2 46
2 53
2 59
2 71
2 72
2 76
2 77
2 81
2 92
2 116
2 127
2 137
2 140
2 150
2 152
2 160
2 161
2 164
2 168
3 16
3 17
3 18
3 19
3 20
3 21
3 22
3 23
3 26
3 29
3 31
3 33
3 36
3 38
3 39
3 41
3 44
3 46
3 47
3 49
3 50
3 52
3 54
3 55
3 57
3 61
3 62
3 69
3 73
3 75
3 78
3 80
3 83
3 87
3 92
3 96
3 97
3 100
3 101
3 103
3 106
3 112
3 119
3 120
3 122
3 130
3 140
3 149
3 157
3 160
3 173
3 187
3 189
3 191
4 16
4 17
4 18
4 19
4 20
4 21
4 22
4 23
4 24
4 25
4 26
4 28
4 33
4 34
4 35
4 40
4 42
4 49
4 54
4 55
4 57
4 58
4 62
4 64
4 67
4 69
4 72
4 76
4 85
4 87
4 91
4 93
4 94
4 104
4 110
4 111
4 122
4 126
4 137
4 148
4 149
4 150
4 153
4 167
4 168
4 172
4 186
4 189
4 199
5 16
5 17
5 18
5 19
5 21
5 22
5 24
5 26
5 27
5 33
5 35
5 37
5 39
5 40
5 42
5 45
5 49
5 53
5 56
5 59
5 61
5 64
5 68
5 74
5 77
5 79
5 80
5 81
5 83
5 86
5 97
5 108
5 112
5 118
5 121
5 128
5 136
5 137
5 150
5 152
5 154
5 155
5 159
5 160
5 165
5 176
5 178
5 179
5 192
5 195
6 16
6 17
6 18
6 19
6 20
6 21
6 25
6 26
6 28
6 31
6 45
6 57
6 62
6 88
6 95
6 98
6 117
6 129
6 150
6 177
6 188
7 16
7 17
7 18
7 20
7 22
7 24
7 25
7 26
7 27
7 32
7 33
7 35
7 36
7 40
7 43
7 48
7 51
7 56
7 62
7 65
7 70
7 74
7 83
7 85
7 88
7 89
7 92
7 96
7 98
7 107
7 118
7 119
7 122
7 128
7 143
7 151
7 161
7 165
7 166
7 171
7 179
7 181
7 195
8 16
8 17
8 18
8 19
8 20
8 21
8 22
8 23
8 30
8 31
8 35
8 36
8 37
8 44
8 48
8 49
8 66
8 74
8 76
8 87
8 89
8 101
8 105
8 120
8 127
8 129
8 131
8 135
8 144
8 160
8 183
8 189
9 16
9 17
9 18
9 19
9 21
9 32
9 46
9 54
9 67
9 75
9 92
9 103
9 124
9 131
9 135
9 145
9 152
9 153
9 176
9 185
9 188
9 199
10 16
10 17
10 19
10 21
10 25
10 54
10 64
10 77
10 124
10 127
10 128
10 181
11 16
11 17
11 20
11 21
11 25
11 27
11 28
11 30
11 32
11 37
11 38
11 40
11 43
11 44
11 47
11 52
11 53
11 62
11 63
11 66
11 71
11 89
11 94
11 100
11 117
11 118
11 123
11 136
11 140
11 159
11 176
11 189
11 190
11 196
12 16
12 17
12 18
12 20
12 23
12 24
12 25
12 27
12 28
12 29
12 31
12 32
12 35
12 41
12 43
12 46
12 48
12 65
12 67
12 73
12 74
12 80
12 85
12 86
12 90
12 95
12 96
12 99
12 101
12 109
12 113
12 119
12 137
12 161
12 192
12 196
13 16
13 17
13 18
13 19
13 23
13 24
13 27
13 29
13 30
13 34
13 37
13 47
13 48
13 55
13 84
13 104
13 108
13 109
13 110
13 123
13 129
13 134
13 161
13 174
14 16
14 18
14 19
14 20
14 22
14 24
14 25
14 26
14 27
14 32
14 36
14 39
14 50
14 56
14 65
14 66
14 69
14 75
14 76
14 89
14 90
14 91
14 94
14 103
14 118
14 124
14 130
14 139
14 145
14 148
14 149
14 163
14 164
14 169
14 170
14 171
14 173
14 174
14 179
14 182
14 188
14 192
15 16
15 17
15 18
15 19
15 22
15 23
15 25
15 38
15 52
15 53
15 63
15 66
15 73
15 80
15 81
15 101
15 110
15 115
15 133
15 134
15 138
15 161
15 167
15 178
15 186
16 17
16 18
16 19
16 20
16 21
16 22
16 23
16 24
16 25
16 26
16 27
16 28
16 29
16 30
16 31
16 33
16 34
16 37
16 39
16 41
16 44
16 45
16 52
16 53
16 58
16 61
16 62
16 64
16 65
16 67
16 68
16 72
16 75
16 77
16 81
16 84
16 87
16 90
16 92
16 93
16 94
16 96
16 98
16 100
16 103
16 104
16 110
16 115
16 116
16 123
16 128
16 137
16 139
16 140
16 141
16 142
16 146
16 147
16 151
16 153
16 155
16 157
16 164
16 170
16 171
16 176
16 181
16 183
16 184
16 186
16 197
17 18
17 19
17 20
17 21
17 22
17 23
17 26
17 27
17 30
17 31
17 32
17 33
17 35
17 38
17 39
17 41
17 42
17 45
17 47
17 48
17 49
17 50
17 51
17 52
17 54
17 55
17 56
17 57
17 58
17 67
17 68
17 70
17 71
17 75
17 76
17 82
17 87
17 88
17 89
17 98
17 103
17 104
17 107
17 110
17 111
17 113
17 115
17 116
17 117
17 118
17 122
17 125
17 126
17 127
17 128
17 129
17 138
17 141
17 142
17 144
17 145
17 154
17 155
17 158
17 160
17 161
17 163
17 170
17 171
17 172
17 177
17 184
17 187
17 188
17 192
17 194
18 19
18 20
18 21
18 22
18 23
18 24
18 25
18 26
18 27
18 28
18 29
18 30
18 33
18 34
18 35
18 39
18 41
18 42
18 43
18 47
18 49
18 51
18 52
18 53
18 55
18 56
18 58
18 59
18 64
18 70
18 72
18 75
18 77
18 78
18 83
18 84
18 86
18 89
18 90
18 92
18 94
18 100
18 107
18 112
18 119
18 123
18 124
18 129
18 132
18 135
18 136
18 139
18 141
18 144
18 155
18 158
18 159
18 169
18 176
18 183
18 184
18 192
18 194
18 196
19 20
19 21
19 22
19 23
19 24
19 25
19 26
19 27
19 28
19 29
19 30
19 31
19 32
19 33
19 34
19 35
19 36
19 39
19 41
19 42
19 44
19 48
19 50
19 52
19 54
19 55
19 57
19 58
19 60
19 61
19 65
19 66
19 67
19 71
19 76
19 79
19 81
19 83
19 84
19 89
19 92
19 96
19 99
19 104
19 105
19 107
19 117
19 118
19 120
19 121
19 125
19 128
19 134
19 138
19 143
19 144
19 146
19 152
19 154
19 155
19 157
19 162
19 165
19 169
19 171
19 176
19 190
19 196
19 198
20 21
20 22
20 23
20 24
20 25
20 28
20 29
20 32
20 34
20 36
20 37
20 39
20 40
20 41
20 42
20 43
20 46
20 50
20 55
20 62
20 63
20 67
20 68
20 69
20 70
20 72
20 73
20 74
20 78
20 79
20 80
20 88
20 94
20 99
20 103
20 124
20 126
20 132
20 133
20 134
20 139
20 142
20 144
20 146
20 148
20 158
20 160
20 163
20 164
20 165
20 172
20 176
20 178
20 179
20 188
20 193
20 196
20 198
21 22
21 23
21 24
21 25
21 27
21 28
21 30
21 31
21 32
21 33
21 34
21 35
21 36
21 37
21 38
21 40
21 41
21 42
21 44
21 45
21 50
21 61
21 65
21 74
21 79
21 80
21 85
21 88
21 92
21 93
21 96
21 99
21 100
21 102
21 109
21 110
21 114
21 115
21 120
21 129
21 137
21 140
21 141
21 155
21 157
21 159
21 160
21 165
21 173
21 176
21 177
21 182
21 184
21 188
21 192
22 23
22 24
22 26
22 27
22 28
22 29
22 31
22 32
22 33
22 34
22 35
22 36
22 37
22 38
22 40
22 41
22 43
22 44
22 45
22 46
22 47
22 48
22 49
22 50
22 54
22 56
22 57
22 63
22 64
22 65
22 66
22 69
22 70
22 75
22 78
22 81
22 84
22 85
22 86
22 88
22 91
22 94
22 95
22 99
22 100
22 101
22 102
22 105
22 111
22 116
22 121
22 125
22 126
22 130
22 131
22 145
22 150
22 151
22 154
22 158
22 168
22 174
22 177
22 183
22 184
22 194
23 24
23 25
23 26
23 28
23 29
23 30
23 32
23 34
23 37
23 38
23 40
23 42
23 45
23 46
23 48
23 50
23 55
23 56
23 57
23 59
23 60
23 63
23 65
23 67
23 69
23 75
23 79
23 82
23 86
23 88
23 97
23 101
23 102
23 106
23 108
23 119
23 120
23 121
23 124
23 131
23 134
23 135
23 136
23 137
23 144
23 149
23 150
23 157
23 162
23 164
23 166
23 178
23 180
23 183
24 26
24 29
24 31
24 32
24 35
24 38
24 39
24 40
24 43
24 46
24 50
24 56
24 59
24 60
24 61
24 66
24 68
24 73
24 77
24 79
24 87
24 89
24 90
24 95
24 97
24 99
24 100
24 103
24 106
24 107
24 108
24 109
24 111
24 123
24 131
24 133
24 141
24 153
24 157
24 159
24 163
24 170
24 178
24 181
24 183
24 185
24 189
24 193
25 26
25 28
25 30
25 31
25 32
25 36
25 38
25 39
25 40
25 41
25 44
25 46
25 47
25 48
25 49
25 51
25 52
25 53
25 54
25 62
25 63
25 66
25 77
25 84
25 89
25 91
25 93
25 99
25 100
25 104
25 107
25 110
25 114
25 115
25 126
25 133
25 136
25 140
25 146
25 152
25 154
25 155
25 160
25 162
25 166
25 173
25 182
25 185
25 191
25 194
25 198
26 28
26 29
26 31
26 33
26 34
26 35
26 37
26 38
26 42
26 43
26 44
26 45
26 53
26 55
26 56
26 59
26 60
26 63
26 66
26 69
26 71
26 73
26 77
26 81
26 84
26 85
26 86
26 87
26 88
26 93
26 98
26 99
26 103
26 104
26 109
26 111
26 114
26 115
26 125
26 126
26 127
26 133
26 135
26 138
26 139
26 141
26 143
26 145
26 149
26 159
26 166
26 167
26 179
26 182
26 191
26 193
26 195
26 197
27 29
27 31
27 34
27 36
27 37
27 38
27 39
27 40
27 41
27 43
27 44
27 45
27 49
27 50
27 53
27 55
27 58
27 62
27 67
27 72
27 77
27 85
27 108
27 109
27 112
27 116
27 128
27 137
27 138
27 139
27 146
27 147
27 148
27 151
27 155
27 167
27 177
27 183
27 189
27 194
27 195
28 29
28 30
28 35
28 36
28 39
28 40
28 42
28 44
28 46
28 47
28 48
28 51
28 52
28 54
28 55
28 62
28 64
28 76
28 80
28 82
28 86
28 91
28 93
28 101
28 108
28 109
28 122
28 127
28 141
28 144
28 153
28 157
28 161
28 170
28 180
28 185
28 191
29 30
29 33
29 35
29 39
29 41
29 48
29 51
29 54
29 55
29 56
29 57
29 59
29 60
29 62
29 63
29 65
29 69
29 72
29 75
29 78
29 91
29 96
29 99
29 101
29 107
29 108
29 110
29 113
29 116
29 119
29 122
29 127
29 134
29 139
29 143
29 149
29 155
29 167
29 169
29 171
29 193
29 199
30 33
30 36
30 42
30 48
30 52
30 71
30 82
30 86
30 88
30 95
30 97
30 108
30 109
30 129
30 134
30 136
30 154
30 158
30 160
30 164
30 173
30 179
30 194
31 36
31 41
31 51
31 52
31 53
31 57
31 58
31 60
31 63
31 64
31 67
31 70
31 71
31 72
31 75
31 78
31 79
31 82
31 83
31 91
31 94
31 97
31 106
31 107
31 108
31 112
31 117
31 119
31 120
31 123
31 131
31 134
31 142
31 143
31 145
31 148
31 160
31 162
31 175
31 177
31 185
32 33
32 35
32 36
32 37
32 38
32 46
32 57
32 58
32 62
32 63
32 69
32 71
32 74
32 79
32 83
32 91
32 92
32 105
32 112
32 125
32 127
32 130
32 151
32 153
32 161
32 169
32 170
33 34
33 43
33 47
33 53
33 55
33 56
33 58
33 61
33 67
33 73
33 77
33 81
33 83
33 95
33 98
33 103
33 104
33 114
33 119
33 120
33 123
33 128
33 132
33 136
33 138
33 139
33 147
33 152
33 156
33 163
33 168
33 187
33 195
34 37
34 42
34 43
34 47
34 51
34 54
34 57
34 59
34 61
34 63
34 64
34 66
34 68
34 70
34 71
34 80
34 83
34 88
34 95
34 97
34 98
34 103
34 105
34 106
34 111
34 117
34 118
34 141
34 143
34 145
34 158
34 168
34 170
34 173
34 180
35 37
35 38
35 45
35 46
35 47
35 49
35 50
35 51
35 56
35 61
35 70
35 71
35 81
35 82
35 85
35 90
35 94
35 101
35 106
35 109
35 114
35 117
35 121
35 124
35 125
35 129
35 130
35 139
35 150
35 180
35 185
35 186
35 189
35 197
35 199
36 38
36 40
36 41
36 45
36 49
36 59
36 72
36 74
36 87
36 95
36 99
36 106
36 110
36 123
36 125
36 128
36 148
36 162
36 172
36 173
36 196
36 199
37 38
37 42
37 47
37 49
37 60
37 61
37 63
37 64
37 71
37 72
37 76
37 77
37 142
37 151
37 160
37 166
37 179
37 181
37 189
38 43
38 45
38 56
38 58
38 60
38 62
38 78
38 86
38 87
38 97
38 102
38 128
38 133
38 134
38 135
38 141
38 148
38 186
38 187
38 189
38 190
38 193
38 196
38 197
39 40
39 45
39 48
39 49
39 51
39 58
39 62
39 69
39 70
39 71
39 75
39 79
39 89
39 90
39 92
39 104
39 113
39 115
39 124
39 128
39 132
39 144
39 151
39 156
39 166
39 180
39 193
39 198
40 42
40 43
40 44
40 50
40 51
40 53
40 54
40 65
40 66
40 68
40 73
40 76
40 81
40 82
40 90
40 97
40 98
40 109
40 110
40 112
40 121
40 123
40 124
40 131
40 135
40 138
40 139
40 146
40 148
40 156
40 157
40 165
40 171
40 179
40 187
40 195
41 43
41 44
41 45
41 46
41 47
41 50
41 51
41 52
41 60
41 63
41 74
41 79
41 80
41 81
41 83
41 85
41 86
41 91
41 92
41 96
41 97
41 104
41 117
41 125
41 126
41 130
41 153
41 158
41 159
41 171
41 174
41 199
42 44
42 46
42 49
42 51
42 53
42 55
42 60
42 66
42 72
42 78
42 80
42 82
42 91
42 99
42 102
42 150
42 165
42 167
42 178
43 51
43 52
43 53
43 58
43 59
43 61
43 63
43 67
43 70
43 73
43 74
43 75
43 77
43 82
43 83
43 96
43 100
43 113
43 115
43 119
43 129
43 143
43 146
43 154
43 158
43 166
43 169
43 173
43 184
43 185
43 187
43 192
43 196
44 45
44 46
44 47
44 51
44 54
44 57
44 58
44 59
44 68
44 71
44 78
44 79
44 107
44 109
44 118
44 119
44 121
44 131
44 138
44 141
44 151
44 155
44 158
44 162
44 190
44 193
44 198
45 50
45 55
45 57
45 59
45 60
45 61
45 63
45 64
45 70
45 72
45 76
45 79
45 82
45 95
45 98
45 102
45 106
45 113
45 114
45 115
45 118
45 119
45 121
45 138
45 143
45 145
45 150
45 151
45 155
45 171
45 177
45 199
46 47
46 52
46 53
46 54
46 57
46 58
46 73
46 76
46 79
46 92
46 113
46 114
46 118
46 124
46 135
46 145
46 152
46 159
46 178
46 179
46 180
46 185
47 56
47 64
47 68
47 81
47 84
47 97
47 100
47 121
47 142
47 164
47 165
47 179
47 180
47 184
47 195
48 58
48 78
48 98
48 108
48 117
48 120
48 121
48 131
48 143
48 156
48 178
48 198
49 76
49 80
49 81
49 107
49 110
49 111
49 118
49 129
49 144
49 167
49 176
49 184
49 188
49 193
50 57
50 59
50 67
50 76
50 88
50 99
50 112
50 116
50 122
50 137
50 139
50 144
50 148
50 154
50 176
50 188
51 56
51 60
51 61
51 78
51 84
51 89
51 96
51 108
51 112
51 138
51 150
51 166
51 182
51 190
52 61
52 73
52 85
52 98
52 122
52 139
52 147
52 156
52 159
52 186
52 193
53 65
53 77
53 86
53 89
53 103
53 107
53 111
53 113
53 114
53 123
53 126
53 132
53 137
53 143
53 149
53 171
53 179
53 195
53 197
54 68
54 69
54 71
54 81
54 93
54 100
54 105
54 106
54 110
54 113
54 122
54 136
54 138
54 161
54 178
54 185
54 197
55 67
55 75
55 76
55 87
55 90
55 91
55 99
55 119
55 142
55 162
55 166
55 174
56 60
56 65
56 69
56 84
56 87
56 88
56 90
56 96
56 108
56 111
56 114
56 115
56 135
56 167
56 170
56 181
56 191
56 192
57 59
57 64
57 68
57 69
57 80
57 83
57 96
57 100
57 111
57 118
57 124
57 126
57 130
57 141
57 142
57 148
57 167
57 172
57 174
57 181
57 192
57 197
57 198
58 59
58 60
58 62
58 81
58 85
58 108
58 111
58 136
58 142
58 156
58 192
58 195
58 197
58 198
59 65
59 69
59 77
59 86
59 98
59 105
59 122
59 125
59 144
59 151
59 156
59 157
59 168
59 180
60 78
60 79
60 80
60 87
60 90
60 97
60 98
60 101
60 110
60 140
60 159
60 170
60 178
60 180
60 182
60 194
61 68
61 70
61 72
61 73
61 82
61 85
61 86
61 105
61 110
61 118
61 140
61 158
61 168
61 169
61 173
61 182
61 187
61 194
62 66
62 68
62 70
62 73
62 96
62 102
62 112
62 135
62 136
62 156
62 162
62 166
62 168
62 171
62 191
62 196
63 65
63 66
63 97
63 100
63 104
63 109
63 112
63 123
63 133
63 136
63 143
63 158
63 173
63 181
63 189
64 70
64 82
64 85
64 98
64 100
64 103
64 145
64 166
64 174
64 187
64 192
65 74
65 84
65 95
65 106
65 112
65 120
65 129
65 131
65 133
65 146
65 150
65 171
66 80
66 93
66 94
66 102
66 114
66 132
66 135
66 142
66 156
66 169
66 175
66 188
67 68
67 72
67 74
67 77
67 90
67 93
67 102
67 105
67 113
67 132
67 150
67 167
67 182
67 185
67 188
67 199
68 70
68 71
68 72
68 74
68 76
68 78
68 82
68 83
68 88
68 92
68 111
68 112
68 116
68 119
68 123
68 126
68 132
68 136
68 148
68 163
68 169
68 171
68 187
69 80
69 92
69 93
69 94
69 116
69 121
69 127
69 132
69 187
70 89
70 93
70 95
70 96
70 102
70 111
70 114
70 124
70 127
70 138
70 147
70 151
70 176
70 179
71 83
71 127
71 161
71 169
71 172
72 74
72 78
72 112
72 137
72 147
72 155
72 157
72 175
72 185
72 195
73 105
73 144
73 157
74 82
74 86
74 90
74 91
74 94
74 97
74 101
74 103
74 105
74 106
74 115
74 125
74 133
74 142
74 148
74 150
74 172
74 183
74 185
75 78
75 82
75 87
75 94
75 99
75 103
75 133
75 156
75 161
75 166
75 189
75 196
76 83
76 84
76 86
76 105
76 106
76 120
76 126
76 154
76 164
76 174
77 79
77 84
77 89
77 90
77 91
77 100
77 101
77 102
77 110
77 117
77 129
77 140
77 148
77 158
77 196
78 94
78 106
78 107
78 109
78 121
78 122
78 130
78 140
78 146
78 156
78 172
78 193
79 85
79 102
79 107
79 125
79 185
80 84
80 92
80 93
80 113
80 184
80 190
80 191
80 195
81 119
81 121
81 123
81 135
81 137
81 138
81 140
81 141
81 146
81 154
81 161
81 164
81 168
81 177
81 181
81 196
82 105
82 149
82 167
82 197
83 84
83 89
83 101
83 104
83 106
83 160
83 162
83 173
84 105
84 109
84 116
84 146
84 147
84 152
84 168
84 172
84 177
85 88
85 93
85 119
85 143
85 150
85 158
85 183
86 95
86 125
86 130
86 155
87 106
87 117
87 124
87 131
87 134
87 182
88 90
88 95
88 102
88 113
88 117
88 118
88 125
88 130
88 143
88 166
88 167
88 171
88 191
88 198
89 91
89 93
89 94
89 96
89 101
89 116
89 132
89 142
89 144
89 146
89 153
89 199
90 95
90 102
90 115
90 121
90 125
90 133
90 136
90 140
90 165
90 174
90 184
91 97
91 111
91 127
91 137
91 141
91 142
91 146
91 151
91 153
91 159
91 182
91 194
92 98
92 126
92 132
92 139
92 147
92 151
92 178
92 188
92 193
93 95
93 116
93 145
93 152
93 176
93 181
94 99
95 101
95 104
95 123
95 149
95 174
95 182
95 187
95 190
96 108
96 115
96 128
96 154
96 163
97 108
97 122
97 134
97 158
97 172
97 175
97 190
98 102
98 113
98 117
98 120
98 123
98 125
98 128
98 132
98 147
98 168
98 177
98 198
99 104
99 107
99 126
99 132
99 138
99 170
99 199
100 103
100 117
100 175
100 198
101 107
101 113
101 114
101 116
101 141
101 149
101 163
101 172
101 197
102 105
102 147
102 152
102 163
102 170
102 186
102 190
102 196
103 114
103 117
103 126
103 148
103 153
103 154
103 157
103 177
103 180
103 186
104 112
104 122
104 130
104 132
104 157
104 161
104 168
105 115
105 120
105 124
105 129
105 133
105 144
105 153
105 163
105 181
105 185
105 193
106 114
106 115
106 116
106 120
106 147
106 160
106 197
107 120
107 137
107 142
107 163
107 189
108 109
109 146
109 156
109 162
109 167
109 169
109 180
110 162
110 187
110 199
111 114
111 121
111 127
111 128
111 134
111 141
111 147
111 153
111 173
112 126
112 133
112 144
112 153
112 165
113 128
113 129
113 130
113 142
113 165
113 170
113 184
113 191
114 127
114 131
114 134
114 162
114 167
114 174
114 185
114 193
115 124
115 151
115 165
115 170
115 186
115 197
116 118
116 129
116 130
116 138
116 145
116 168
116 169
116 177
116 186
117 134
118 122
118 130
118 167
118 173
118 194
119 120
119 132
119 139
119 152
119 153
119 166
119 172
119 189
120 131
120 145
120 159
120 164
120 190
120 192
121 139
121 178
122 133
122 137
122 184
122 186
122 190
122 195
123 163
123 164
123 166
123 195
124 135
125 135
125 145
125 197
126 131
126 140
126 198
127 199
128 149
128 175
128 182
128 183
129 130
129 136
129 152
129 161
129 162
130 133
130 176
130 178
131 143
131 175
132 149
132 157
132 160
132 165
132 174
132 192
133 134
133 178
134 154
134 169
134 179
135 140
135 143
135 149
135 175
135 181
135 186
135 188
136 140
136 156
136 175
137 163
137 180
138 151
138 198
139 147
139 148
139 199
140 146
140 152
140 158
140 193
142 147
142 157
142 169
143 150
143 156
143 172
143 183
144 175
144 179
144 183
145 154
145 174
145 175
145 194
146 164
146 183
146 190
147 159
147 161
147 162
147 165
147 175
148 155
148 190
149 155
149 196
149 197
150 153
150 159
151 152
151 163
151 186
152 172
152 177
153 188
154 156
154 159
154 165
154 168
154 176
155 192
156 162
156 164
156 191
157 172
157 184
158 173
158 175
158 177
158 198
159 177
159 188
160 193
161 190
161 196
162 175
162 180
163 180
163 194
164 184
165 170
165 194
166 168
166 181
166 191
166 198
167 174
167 176
167 189
168 178
168 182
168 187
168 199
169 173
172 174
172 191
172 194
174 179
174 190
174 191
175 187
176 181
176 184
178 188
179 182
179 191
180 183
181 192
184 186
184 191
184 195
188 189
188 194
195 199
