0 1
0 2
0 3
0 4
0 5
0 6
0 7
0 8
0 9
0 10
0 11
0 12
0 13
0 14
0 15
0 16
0 17
0 18
0 19
0 20
0 22
0 24
0 26
0 28
0 30
0 31
0 33
0 36
0 37
0 38
0 39
0 45
0 47
0 51
0 54
0 65
0 68
0 74
0 75
0 86
0 91
0 98
0 103
0 105
0 107
0 108
0 109
0 112
0 113
0 121
0 124
0 125
0 127
0 128
0 132
0 134
0 138
0 139
0 141
0 146
0 166
0 168
0 178
0 190
1 11
1 12
1 13
1 14
1 15
1 21
1 23
1 32
1 40
1 44
1 49
1 53
1 56
1 59
1 66
1 74
1 75
1 77
1 97
1 109
1 135
1 142
1 144
1 145
1 169
1 181
1 186
1 188
1 195
2 11
2 12
2 13
2 17
2 19
2 23
2 42
2 43
2 44
2 46
2 50
2 53
2 57
2 60
2 62
2 63
2 70
2 74
2 84
2 85
2 87
2 100
2 101
2 105
2 115
2 118
2 120
2 140
2 173
2 181
2 190
2 199
3 11
3 12
3 14
3 15
3 16
3 30
3 36
3 37
3 39
3 61
3 77
3 82
3 99
3 122
3 128
3 140
3 143
3 146
3 149
3 162
3 180
3 183
4 11
4 12
4 14
4 20
4 21
4 25
4 27
4 29
4 30
4 40
4 42
4 44
4 51
4 57
4 58
4 64
4 68
4 72
4 74
4 80
4 83
4 104
4 110
4 122
4 128
4 155
4 162
4 163
4 179
4 182
4 187
4 192
4 194
5 11
5 12
5 13
5 14
5 15
5 22
5 24
5 25
5 26
5 27
5 28
5 32
5 33
5 41
5 43
5 55
5 64
5 67
5 68
5 85
5 97
5 99
5 105
5 110
5 123
5 124
5 125
5 141
5 148
5 153
5 156
5 167
5 173
5 178
5 186
5 193
6 11
6 12
6 13
6 14
6 15
6 16
6 17
6 18
6 19
6 20
6 22
6 23
6 24
6 31
6 35
6 38
6 39
6 41
6 45
6 47
6 48
6 53
6 55
6 60
6 61
6 73
6 78
6 81
6 91
6 99
6 109
6 122
6 128
6 130
6 131
6 132
6 147
6 158
6 159
6 162
6 168
6 171
6 180
6 182
6 190
6 195
7 11
7 12
7 13
7 16
7 18
7 19
7 23
7 27
7 47
7 55
7 89
7 104
7 112
7 151
7 174
8 11
8 13
8 17
8 41
8 44
8 45
8 46
8 51
8 56
8 81
8 85
8 107
8 115
8 123
8 130
8 157
8 166
8 183
8 184
10 11
10 12
10 13
10 14
10 15
10 16
10 17
10 18
10 20
10 22
10 23
10 25
10 28
10 29
10 36
10 40
10 41
10 46
10 53
10 54
10 58
10 61
10 62
10 65
10 83
10 85
10 86
10 94
10 98
10 102
10 108
10 109
10 111
10 117
10 120
10 122
10 124
10 131
10 141
10 155
10 185
10 197
11 12
11 13
11 14
11 15
11 16
11 17
11 18
11 19
11 21
11 22
11 26
11 30
11 31
11 33
11 37
11 41
11 43
11 47
11 48
11 52
11 56
11 59
11 62
11 63
11 68
11 77
11 84
11 86
11 87
11 88
11 90
11 92
11 94
11 99
11 106
11 107
11 122
11 124
11 166
11 171
11 174
11 177
11 179
11 181
11 182
12 13
12 14
12 15
12 16
12 18
12 19
12 20
12 21
12 23
12 24
12 26
12 28
12 29
12 32
12 35
12 37
12 41
12 44
12 46
12 48
12 52
12 53
12 54
12 55
12 57
12 59
12 60
12 61
12 63
12 64
12 72
12 76
12 78
12 79
12 80
12 82
12 85
12 86
12 90
12 91
12 92
12 93
12 95
12 97
12 105
12 107
12 110
12 114
12 117
12 120
12 133
12 135
12 139
12 141
12 142
12 146
12 149
12 150
12 156
12 172
12 183
12 188
13 14
13 15
13 16
13 17
13 19
13 20
13 21
13 22
13 26
13 27
13 28
13 29
13 30
13 34
13 35
13 36
13 37
13 39
13 41
13 43
13 47
13 53
13 62
13 65
13 66
13 69
13 70
13 75
13 76
13 77
13 79
13 83
13 85
13 89
13 94
13 101
13 102
13 110
13 114
13 123
13 127
13 129
13 132
13 137
13 147
13 148
13 152
13 155
13 160
13 166
13 169
13 173
13 182
13 189
14 15
14 16
14 17
14 18
14 20
14 22
14 24
14 25
14 26
14 27
14 28
14 33
14 34
14 37
14 38
14 39
14 46
14 50
14 57
14 60
14 64
14 65
14 66
14 67
14 69
14 72
14 78
14 81
14 88
14 107
14 108
14 113
14 118
14 119
14 122
14 127
14 132
14 143
14 147
14 148
14 149
14 155
14 170
14 196
15 16
15 17
15 18
15 19
15 20
15 21
15 23
15 25
15 28
15 29
15 31
15 35
15 42
15 44
15 47
15 51
15 59
15 62
15 76
15 81
15 82
15 84
15 85
15 86
15 88
15 89
15 95
15 97
15 106
15 107
15 117
15 123
15 126
15 132
15 133
15 141
15 142
15 143
15 145
15 148
15 153
15 159
15 167
15 169
15 171
15 176
15 184
15 189
15 196
15 199
16 17
16 18
16 19
16 20
16 21
16 22
16 23
16 25
16 26
16 27
16 30
16 31
16 34
16 36
16 41
16 42
16 52
16 58
16 70
16 75
16 76
16 77
16 80
16 81
16 82
16 84
16 90
16 96
16 102
16 103
16 105
16 112
16 123
16 135
16 139
16 150
16 153
16 156
16 158
16 163
16 165
16 172
16 174
16 185
16 199
17 18
17 21
17 24
17 28
17 32
17 33
17 34
17 35
17 45
17 49
17 56
17 71
17 74
17 93
17 101
17 108
17 114
17 119
17 128
17 150
17 153
17 163
17 182
17 189
18 19
18 20
18 23
18 24
18 25
18 27
18 31
18 32
18 34
18 35
18 38
18 39
18 40
18 42
18 43
18 46
18 53
18 54
18 59
18 60
18 62
18 72
18 79
18 80
18 89
18 94
18 103
18 107
18 110
18 112
18 113
18 115
18 122
18 123
18 129
18 130
18 148
18 150
18 151
18 164
18 175
18 184
18 197
19 21
19 24
19 25
19 27
19 31
19 45
19 48
19 53
19 57
19 58
19 63
19 64
19 67
19 69
19 76
19 78
19 81
19 82
19 91
19 94
19 96
19 97
19 98
19 99
19 101
19 102
19 108
19 116
19 153
19 154
19 158
19 164
19 187
19 191
20 21
20 22
20 23
20 24
20 26
20 30
20 31
20 32
20 33
20 35
20 36
20 43
20 47
20 48
20 50
20 52
20 57
20 58
20 64
20 69
20 90
20 92
20 94
20 98
20 124
20 125
20 129
20 149
20 160
20 170
20 172
20 173
20 174
20 177
20 191
20 199
21 22
21 24
21 25
21 26
21 27
21 29
21 33
21 37
21 41
21 45
21 48
21 51
21 66
21 100
21 106
21 107
21 112
21 126
21 162
21 169
21 192
21 198
22 34
22 36
22 37
22 39
22 42
22 44
22 51
22 52
22 68
22 72
22 78
22 95
22 99
22 106
22 133
22 145
22 160
22 183
23 25
23 27
23 29
23 38
23 40
23 44
23 46
23 50
23 54
23 55
23 59
23 69
23 77
23 81
23 88
23 101
23 103
23 104
23 108
23 111
23 129
23 135
23 144
23 152
23 178
23 193
24 26
24 28
24 32
24 33
24 34
24 35
24 36
24 38
24 39
24 43
24 44
24 45
24 47
24 50
24 55
24 58
24 61
24 65
24 68
24 73
24 74
24 76
24 82
24 83
24 86
24 87
24 97
24 106
24 108
24 112
24 113
24 121
24 138
24 140
24 146
24 160
24 173
24 190
24 194
24 195
25 29
25 31
25 33
25 34
25 35
25 38
25 44
25 46
25 49
25 52
25 54
25 55
25 59
25 61
25 66
25 75
25 78
25 83
25 91
25 103
25 105
25 107
25 113
25 116
25 131
25 134
25 136
25 140
25 155
25 158
25 162
25 163
25 174
25 175
26 29
26 30
26 74
26 82
26 93
26 108
26 116
26 132
26 141
26 153
26 199
27 28
27 30
27 32
27 37
27 42
27 46
27 53
27 56
27 58
27 59
27 84
27 90
27 111
27 116
27 130
27 143
27 184
27 187
27 198
28 29
28 30
28 43
28 47
28 51
28 58
28 65
28 76
28 79
28 88
28 92
28 98
28 100
28 112
28 136
28 145
28 163
28 174
28 176
28 186
29 31
29 33
29 40
29 42
29 43
29 45
29 48
29 49
29 73
29 89
29 96
29 104
29 116
29 130
29 133
29 154
29 162
29 186
29 188
29 195
29 198
30 32
30 34
30 38
30 40
30 42
30 46
30 55
30 64
30 71
30 83
30 93
30 98
30 116
30 120
30 128
30 140
30 141
30 150
30 154
30 155
30 159
30 163
30 179
31 32
31 34
31 35
31 37
31 39
31 40
31 43
31 45
31 48
31 49
31 50
31 51
31 53
31 54
31 61
31 67
31 69
31 70
31 71
31 73
31 76
31 91
31 95
31 96
31 102
31 107
31 115
31 122
31 124
31 126
31 132
31 135
31 138
31 144
31 156
31 175
31 191
31 194
32 71
32 94
32 105
32 131
32 158
32 168
33 38
33 40
33 41
33 57
33 63
33 66
33 70
33 75
33 95
33 103
33 109
33 117
33 118
33 138
33 178
33 182
34 36
34 39
34 42
34 45
34 50
34 58
34 64
34 67
34 68
34 71
34 86
34 97
34 100
34 102
34 114
34 116
34 119
34 121
34 130
34 153
34 168
34 172
34 176
35 36
35 40
35 66
35 70
35 71
35 73
35 74
35 92
35 96
35 104
35 120
35 137
35 151
35 163
35 178
35 188
35 192
35 197
36 38
36 59
36 62
36 64
36 71
36 79
36 83
36 85
36 90
36 94
36 103
36 110
36 129
36 133
36 155
36 156
37 47
37 49
37 66
37 68
37 69
37 70
37 78
37 92
37 104
37 118
37 130
37 144
37 150
37 152
37 181
37 184
37 188
37 197
38 57
38 60
38 61
38 62
38 65
38 69
38 87
38 93
38 128
38 136
38 144
38 185
38 193
38 196
39 52
39 63
39 70
39 80
39 89
39 101
39 103
39 114
39 115
39 124
39 147
39 148
39 151
39 159
39 160
39 169
39 173
39 176
39 191
39 192
39 195
40 50
40 52
40 54
40 60
40 77
40 88
40 95
40 99
40 101
40 104
40 106
40 111
40 112
40 119
40 134
40 138
40 151
40 155
40 180
40 184
40 196
40 199
41 49
41 51
41 88
41 104
41 143
41 154
41 157
41 168
41 181
41 188
42 49
42 52
42 56
42 61
42 67
42 90
42 112
42 120
42 138
42 153
42 157
43 50
43 55
43 56
43 60
43 62
43 65
43 66
43 69
43 71
43 72
43 87
43 90
43 105
43 108
43 129
43 172
43 179
43 184
44 48
44 49
44 50
44 66
44 72
44 73
44 81
44 134
44 159
44 165
44 175
44 194
45 48
45 57
45 63
45 69
45 80
45 81
45 126
45 136
45 170
45 194
46 49
46 61
46 62
46 80
46 95
46 177
46 185
47 56
47 64
47 65
47 71
47 77
47 85
47 90
47 96
47 114
47 119
47 125
47 134
47 139
47 143
47 145
47 195
48 54
48 55
48 63
48 72
48 78
48 80
48 100
48 110
48 117
48 131
48 134
48 136
48 137
48 145
48 147
48 152
48 157
48 169
48 175
48 186
48 187
49 51
49 57
49 65
49 68
49 73
49 75
49 84
49 85
49 115
49 118
49 143
49 157
49 161
49 197
50 56
50 79
50 82
50 86
50 87
50 89
50 95
50 109
50 114
50 115
50 121
50 134
50 136
50 144
50 149
50 168
50 178
50 188
50 189
50 193
51 52
51 59
51 100
51 106
51 115
51 122
51 139
51 186
52 54
52 56
52 60
52 79
52 84
52 88
52 92
52 93
52 95
52 100
52 110
52 118
52 131
52 167
52 181
52 187
52 191
53 58
53 67
53 75
53 82
53 106
53 126
53 152
53 191
53 196
54 60
54 67
54 111
54 117
54 138
54 140
54 160
54 161
54 171
54 190
55 77
55 91
55 120
55 142
55 148
55 155
55 164
55 178
56 63
56 67
56 75
56 76
56 93
56 99
56 118
56 144
56 147
56 161
56 182
56 184
56 193
57 70
57 81
57 102
57 113
57 142
57 181
57 197
58 73
58 74
58 83
58 87
58 105
58 108
58 110
58 128
58 132
58 137
58 139
58 140
58 164
58 170
58 185
58 191
58 194
59 72
59 73
59 77
59 79
59 95
59 101
59 131
59 134
59 138
59 144
59 157
59 159
59 170
59 175
59 193
60 63
60 84
60 87
60 113
60 117
60 120
60 121
60 127
60 130
60 152
60 156
60 159
60 161
60 171
60 173
60 175
60 177
60 178
60 179
61 121
61 133
61 134
61 141
61 164
61 177
62 67
62 90
62 113
62 121
62 137
62 148
62 149
62 160
62 162
62 195
63 92
63 93
63 110
63 118
63 124
63 134
63 162
63 180
64 70
64 78
64 97
64 102
64 135
64 149
64 168
64 178
64 184
65 106
65 117
65 158
66 99
66 180
67 68
67 72
67 75
67 80
67 82
67 105
67 109
67 113
67 133
67 146
67 166
67 167
67 170
67 195
67 199
68 71
68 84
68 89
68 92
68 98
68 137
68 169
69 86
69 93
69 101
69 123
69 137
69 178
69 183
70 98
70 118
70 127
70 135
70 176
70 194
71 80
71 89
71 93
71 97
71 100
71 133
71 160
71 182
71 196
72 73
72 74
72 79
72 84
72 86
72 98
72 109
72 111
72 113
72 115
72 117
72 120
72 125
72 142
72 151
72 161
73 87
73 111
73 116
73 141
73 166
73 168
73 192
74 76
74 79
74 89
74 92
74 97
74 125
74 137
74 146
75 83
75 91
75 116
75 129
75 144
75 158
75 185
75 192
75 193
76 78
76 88
76 121
76 151
76 174
77 91
77 112
77 135
77 172
77 198
78 94
78 96
78 98
78 103
78 123
78 142
79 124
79 126
79 197
80 111
80 188
80 189
81 83
81 88
81 96
81 118
81 154
81 157
81 166
81 167
81 189
82 125
82 132
82 165
82 173
82 179
83 94
83 125
83 126
83 145
83 164
83 183
84 87
84 91
84 154
85 111
85 119
85 135
85 139
85 165
85 168
85 189
86 103
86 127
86 160
87 170
87 173
87 185
88 100
88 104
88 106
88 124
88 150
88 180
88 199
89 102
89 104
89 146
89 153
89 164
90 114
90 126
90 150
91 100
91 137
91 180
91 183
91 191
92 114
92 119
92 120
92 136
92 143
92 165
93 96
93 109
93 128
93 149
93 165
93 171
93 176
94 96
94 119
94 127
94 146
94 166
96 130
96 158
96 194
97 99
97 101
97 109
97 115
97 131
97 138
97 152
97 156
97 165
97 171
97 176
97 198
98 166
98 186
98 194
98 196
99 102
99 156
99 179
99 185
99 187
99 197
100 114
100 116
100 123
100 147
101 149
102 127
103 111
103 121
103 142
104 125
104 142
104 148
104 154
104 164
104 193
105 186
106 143
106 147
106 157
106 185
107 119
107 135
107 169
107 196
108 129
108 131
108 144
108 147
108 149
108 152
108 167
109 155
109 180
110 121
110 122
110 167
111 141
111 192
112 139
112 169
112 186
113 140
113 171
113 176
113 193
113 198
114 154
114 160
114 196
115 126
115 129
115 136
115 139
116 117
116 123
116 161
116 165
116 182
117 126
117 127
117 157
117 167
118 119
118 142
118 159
118 166
118 177
118 181
118 199
119 127
119 129
119 168
119 171
119 179
120 128
120 137
120 140
120 169
120 181
120 192
121 125
121 151
122 130
122 138
122 150
122 154
122 161
122 194
123 132
123 136
123 145
123 147
123 151
124 162
124 172
125 131
125 133
125 157
126 140
126 148
126 152
126 158
126 177
127 173
127 183
129 136
129 145
129 146
129 150
129 159
129 172
129 183
130 133
130 174
130 189
131 146
131 153
131 163
131 180
132 139
132 163
132 175
132 199
133 151
133 177
133 192
133 198
134 158
135 143
135 170
136 159
136 187
137 145
138 179
139 195
140 161
140 174
140 177
140 195
140 196
141 165
141 197
142 190
143 156
143 172
143 176
144 167
144 172
146 152
146 170
147 170
147 186
149 161
149 167
150 179
151 177
152 154
152 185
152 190
154 156
154 161
154 184
154 187
154 188
154 197
156 175
156 180
157 164
157 176
157 192
158 162
158 187
159 182
160 163
160 164
160 190
160 198
163 175
164 165
164 193
166 171
167 174
167 189
168 189
170 188
170 191
173 181
174 183
174 191
175 190
176 198
180 187
181 190
196 198
