0 1
0 2
0 3
0 4
0 5
0 6
0 7
0 8
0 9
0 10
0 11
0 12
0 13
0 14
0 15
0 16
0 17
0 18
0 19
0 20
0 21
0 22
0 24
0 26
0 27
0 28
0 30
0 31
0 32
0 33
0 34
0 37
0 38
0 39
0 41
0 42
0 43
0 45
0 52
0 53
0 54
0 56
0 59
0 60
0 67
0 68
0 71
0 72
0 73
0 75
0 76
0 78
0 80
0 82
0 86
0 88
0 93
0 95
0 96
0 100
0 107
0 113
0 116
0 125
0 127
0 130
0 132
0 133
0 137
0 141
0 148
0 151
0 165
0 167
0 168
0 173
0 179
0 180
0 185
0 190
0 194
0 196
1 11
1 12
1 13
1 14
1 16
1 19
1 26
1 32
1 34
1 40
1 43
1 47
1 53
1 56
1 59
1 79
1 87
1 114
1 115
1 126
1 131
1 143
1 199
2 12
2 13
2 15
2 16
2 18
2 23
2 25
2 30
2 34
2 36
2 39
2 43
2 51
2 55
2 61
2 64
2 70
2 76
2 77
2 82
2 95
2 97
2 113
2 149
2 155
2 196
2 197
2 199
3 11
3 14
3 18
3 20
3 23
3 26
3 27
3 28
3 29
3 44
3 51
3 55
3 68
3 72
3 74
3 81
3 83
3 88
3 94
3 125
3 133
3 142
3 159
4 11
4 12
4 13
4 14
4 15
4 16
4 17
4 21
4 24
4 27
4 34
4 36
4 39
4 41
4 44
4 49
4 53
4 57
4 59
4 63
4 72
4 74
4 81
4 82
4 85
4 88
4 93
4 102
4 110
4 111
4 127
4 139
4 145
4 180
4 188
5 11
5 21
5 24
5 25
5 34
5 35
5 38
5 64
5 71
5 93
5 116
5 153
6 11
6 12
6 13
6 15
6 17
6 19
6 20
6 22
6 23
6 35
6 37
6 38
6 45
6 47
6 54
6 66
6 73
6 80
6 84
6 90
6 92
6 94
6 98
6 109
6 112
6 116
6 117
6 148
6 150
6 173
6 178
6 183
6 184
6 186
7 11
7 12
7 14
7 17
7 20
7 23
7 24
7 36
7 41
7 42
7 48
7 90
7 94
7 96
7 107
7 110
7 120
7 123
7 137
7 147
7 148
7 151
7 154
7 181
7 183
8 11
8 12
8 13
8 14
8 15
8 16
8 19
8 23
8 27
8 37
8 51
8 60
8 69
8 80
8 89
8 102
8 109
8 119
8 121
8 130
8 182
9 11
9 12
9 13
9 14
9 17
9 18
9 19
9 21
9 22
9 37
9 52
9 60
9 61
9 64
9 68
9 72
9 96
9 100
9 101
9 110
9 130
9 136
9 140
9 148
9 153
9 168
9 170
9 172
10 11
10 12
10 13
10 15
10 16
10 17
10 20
10 23
10 25
10 35
10 39
10 41
10 78
10 108
10 123
10 127
10 138
10 148
10 152
10 160
10 174
10 178
11 12
11 13
11 14
11 15
11 16
11 17
11 18
11 19
11 20
11 22
11 24
11 25
11 26
11 27
11 28
11 30
11 31
11 32
11 33
11 35
11 37
11 40
11 42
11 43
11 46
11 53
11 54
11 55
11 56
11 60
11 62
11 69
11 74
11 81
11 85
11 90
11 96
11 97
11 162
11 177
11 179
11 184
11 192
11 194
12 13
12 14
12 15
12 16
12 18
12 19
12 22
12 24
12 25
12 26
12 29
12 31
12 32
12 33
12 35
12 40
12 41
12 47
12 56
12 64
12 66
12 69
12 71
12 86
12 91
12 106
12 108
12 110
12 119
12 122
12 123
12 127
12 129
12 135
12 137
12 143
12 147
12 154
12 159
12 160
12 165
12 173
12 178
12 183
12 184
12 186
12 191
13 14
13 15
13 16
13 18
13 19
13 20
13 22
13 26
13 27
13 28
13 31
13 33
13 35
13 38
13 46
13 49
13 53
13 58
13 74
13 75
13 78
13 79
13 83
13 94
13 115
13 117
13 119
13 122
13 133
13 134
13 145
13 153
13 155
13 158
13 160
13 166
13 170
13 173
13 189
14 15
14 17
14 18
14 19
14 21
14 22
14 23
14 28
14 29
14 31
14 32
14 34
14 43
14 45
14 47
14 49
14 50
14 51
14 54
14 58
14 61
14 72
14 78
14 79
14 81
14 82
14 85
14 89
14 90
14 103
14 104
14 105
14 108
14 115
14 119
14 120
14 122
14 129
14 147
14 149
14 151
14 152
14 154
14 160
14 168
14 177
14 178
14 180
14 182
14 192
15 16
15 17
15 18
15 21
15 23
15 26
15 27
15 29
15 31
15 32
15 39
15 44
15 45
15 46
15 50
15 52
15 55
15 57
15 59
15 61
15 62
15 68
15 73
15 77
15 78
15 80
15 83
15 86
15 87
15 88
15 89
15 92
15 104
15 105
15 108
15 109
15 114
15 119
15 120
15 124
15 128
15 131
15 135
15 137
15 138
15 139
15 141
15 142
15 143
15 150
15 156
15 170
15 175
15 179
15 180
15 188
15 189
15 195
15 197
15 198
15 199
16 17
16 20
16 21
16 25
16 26
16 32
16 35
16 45
16 48
16 50
16 60
16 65
16 67
16 69
16 73
16 76
16 91
16 95
16 98
16 100
16 101
16 104
16 106
16 108
16 115
16 116
16 124
16 142
16 145
16 146
16 157
16 168
16 182
17 18
17 22
17 24
17 25
17 29
17 30
17 36
17 40
17 41
17 44
17 48
17 49
17 51
17 54
17 60
17 61
17 65
17 66
17 67
17 70
17 72
17 83
17 86
17 87
17 98
17 101
17 103
17 105
17 119
17 121
17 124
17 143
17 149
17 151
17 165
17 176
17 192
18 19
18 20
18 21
18 23
18 24
18 26
18 30
18 31
18 32
18 35
18 36
18 37
18 38
18 40
18 41
18 42
18 43
18 44
18 45
18 50
18 52
18 53
18 57
18 58
18 59
18 63
18 73
18 74
18 77
18 80
18 81
18 83
18 91
18 92
18 93
18 95
18 99
18 103
18 106
18 107
18 109
18 113
18 114
18 121
18 126
18 128
18 138
18 141
18 144
18 146
18 151
18 154
18 159
18 164
18 175
18 177
18 184
18 187
18 189
18 193
19 20
19 21
19 22
19 24
19 28
19 29
19 33
19 34
19 36
19 37
19 40
19 42
19 45
19 48
19 49
19 55
19 63
19 67
19 80
19 84
19 89
19 99
19 104
19 107
19 110
19 112
19 120
19 127
19 133
19 135
19 142
19 143
19 145
19 169
19 171
19 174
19 178
20 21
20 22
20 28
20 30
20 32
20 33
20 34
20 36
20 37
20 42
20 43
20 44
20 51
20 55
20 58
20 65
20 69
20 70
20 71
20 74
20 77
20 86
20 91
20 94
20 99
20 100
20 102
20 104
20 105
20 114
20 118
20 134
20 139
20 142
20 146
20 147
20 149
20 151
20 152
20 156
20 157
20 158
20 164
20 170
20 181
21 24
21 25
21 27
21 28
21 29
21 34
21 35
21 37
21 39
21 40
21 45
21 58
21 64
21 68
21 73
21 84
21 85
21 86
21 87
21 89
21 93
21 99
21 117
21 129
21 134
21 151
21 152
21 155
21 164
21 165
21 169
21 171
21 185
21 187
21 195
22 23
22 25
22 27
22 28
22 29
22 30
22 31
22 33
22 35
22 39
22 40
22 42
22 44
22 46
22 49
22 50
22 54
22 57
22 67
22 71
22 76
22 81
22 84
22 85
22 87
22 89
22 95
22 105
22 108
22 110
22 118
22 135
22 137
22 139
22 149
22 150
22 156
22 162
22 170
22 172
22 180
22 185
22 186
22 191
22 195
22 198
23 27
23 30
23 34
23 39
23 45
23 52
23 61
23 63
23 65
23 76
23 78
23 81
23 93
23 101
23 105
23 108
23 118
23 139
23 141
23 151
23 163
23 171
23 186
23 187
23 188
23 189
24 25
24 26
24 28
24 31
24 43
24 47
24 48
24 55
24 58
24 59
24 61
24 62
24 67
24 69
24 79
24 86
24 96
24 102
24 104
24 110
24 113
24 116
24 140
24 145
24 150
24 153
24 156
24 173
24 176
24 190
24 193
24 196
24 199
25 38
25 43
25 47
25 50
25 51
25 56
25 64
25 73
25 80
25 88
25 98
25 120
25 122
25 193
26 29
26 38
26 59
26 65
26 72
26 75
26 78
26 106
26 107
26 108
26 154
26 159
26 178
26 180
26 186
26 193
26 197
27 30
27 33
27 44
27 46
27 50
27 57
27 59
27 84
27 97
27 100
27 110
27 116
27 125
27 132
27 144
27 147
27 166
27 175
27 189
28 29
28 30
28 31
28 32
28 44
28 45
28 50
28 59
28 64
28 66
28 73
28 76
28 77
28 85
28 86
28 96
28 97
28 100
28 117
28 155
28 156
28 167
29 36
29 38
29 40
29 42
29 44
29 47
29 57
29 58
29 60
29 90
29 106
29 118
29 119
29 120
29 132
29 139
29 150
29 166
29 169
29 171
29 198
30 41
30 42
30 51
30 61
30 62
30 71
30 72
30 77
30 78
30 82
30 84
30 107
30 109
30 111
30 120
30 121
30 139
30 161
30 170
30 175
30 183
30 185
30 190
30 194
31 33
31 36
31 39
31 41
31 53
31 55
31 60
31 62
31 69
31 71
31 76
31 90
31 92
31 103
31 105
31 121
31 123
31 134
31 147
31 167
31 174
31 191
32 33
32 38
32 49
32 50
32 54
32 56
32 59
32 66
32 67
32 81
32 83
32 84
32 89
32 98
32 102
32 111
32 127
32 141
32 144
32 173
32 174
32 191
32 199
33 39
33 40
33 43
33 54
33 58
33 62
33 64
33 71
33 89
33 111
33 140
33 145
33 158
33 185
33 195
34 37
34 42
34 48
34 54
34 58
34 63
34 65
34 77
34 78
34 79
34 83
34 100
34 117
34 118
34 124
34 125
34 133
34 145
34 149
34 171
34 172
34 175
34 192
35 36
35 48
35 49
35 56
35 60
35 68
35 71
35 72
35 82
35 111
35 112
35 123
35 129
35 130
35 135
35 150
36 38
36 46
36 48
36 49
36 52
36 62
36 63
36 74
36 77
36 83
36 116
36 134
36 137
36 141
36 144
36 160
36 161
36 163
36 179
36 181
37 41
37 47
37 49
37 63
37 70
37 75
37 90
37 102
37 112
37 119
37 140
37 141
37 149
37 166
37 175
37 177
37 179
37 181
38 47
38 52
38 53
38 55
38 57
38 70
38 77
38 79
38 90
38 92
38 93
38 106
38 125
38 130
38 152
39 52
39 96
39 120
39 159
39 168
39 185
40 57
40 104
40 140
40 155
40 177
41 46
41 51
41 56
41 57
41 65
41 66
41 99
41 104
41 146
41 179
41 181
41 190
42 46
42 50
42 53
42 62
42 70
42 74
42 89
42 94
42 98
42 120
42 128
42 137
42 138
42 157
42 162
42 166
42 178
42 184
43 57
43 70
43 79
43 85
43 86
43 95
43 105
43 118
43 125
43 131
43 140
43 148
43 154
44 46
44 47
44 52
44 63
44 71
44 75
44 88
44 96
44 111
44 127
44 149
44 151
44 186
44 196
44 197
45 46
45 48
45 53
45 56
45 58
45 62
45 63
45 64
45 80
45 83
45 88
45 90
45 91
45 97
45 106
45 124
45 126
45 156
45 159
45 161
45 169
45 176
45 182
45 192
46 75
46 79
46 97
46 102
46 106
46 157
46 163
46 188
47 48
47 51
47 70
47 96
47 102
47 113
47 191
48 60
48 65
48 68
48 72
48 80
48 94
48 113
48 114
48 131
48 140
48 144
48 162
48 167
48 171
48 172
48 178
48 194
48 196
48 197
49 52
49 54
49 65
49 67
49 76
49 94
49 100
49 112
49 125
49 126
49 138
49 146
49 157
49 165
49 172
49 192
50 68
50 92
51 66
51 69
51 76
51 97
51 103
51 107
51 108
51 118
51 131
51 135
51 148
51 177
51 191
52 82
52 83
52 92
52 96
52 97
52 126
52 152
53 56
53 77
53 82
53 94
53 123
53 132
53 139
53 162
53 191
54 55
54 66
54 70
54 78
54 84
54 88
54 90
54 98
54 99
54 106
54 122
54 124
54 127
54 135
54 142
54 143
54 172
54 179
55 61
55 68
55 81
55 91
55 112
55 115
55 116
55 131
55 132
55 136
55 169
55 180
55 196
56 75
56 155
57 61
57 64
57 65
57 69
57 85
57 95
57 119
57 121
57 128
57 133
57 195
58 62
58 73
58 75
58 95
58 111
58 126
58 127
58 152
58 155
58 165
58 181
59 67
59 74
59 75
59 82
59 87
59 88
59 98
59 100
59 109
59 153
59 154
59 158
59 162
59 164
59 173
59 186
59 189
60 99
60 103
60 126
60 145
60 146
60 161
60 174
60 184
60 188
60 199
61 63
61 66
61 81
61 117
61 121
61 124
61 142
61 144
61 160
61 163
61 167
61 171
61 182
61 190
62 66
62 68
62 69
62 73
62 76
62 86
62 101
62 115
62 121
62 129
62 131
62 150
62 153
62 157
62 180
62 189
63 67
63 75
63 79
63 80
63 82
63 115
63 120
63 122
63 143
63 161
63 164
63 175
63 183
63 187
63 198
64 85
64 101
64 111
64 128
65 117
65 124
65 133
65 197
66 70
66 87
66 91
66 127
66 133
66 145
66 146
67 93
67 94
67 125
67 136
67 177
68 113
68 118
68 124
68 130
68 160
69 79
69 85
69 103
69 124
69 128
69 132
69 135
69 166
69 173
70 74
70 84
70 87
70 116
70 122
70 134
70 171
70 189
71 91
71 114
71 121
71 123
71 130
71 132
71 135
71 176
71 184
71 186
72 88
72 91
72 105
72 114
72 131
72 134
72 146
72 162
72 181
73 101
73 117
73 119
73 129
73 136
73 148
73 161
73 193
74 101
74 103
74 109
74 118
74 139
74 152
74 173
74 183
74 187
75 136
76 84
76 115
76 117
76 136
76 148
77 93
77 178
78 93
78 160
78 179
78 191
78 193
79 131
79 148
79 161
79 162
79 167
79 187
79 188
80 105
80 123
80 133
81 89
81 91
81 92
81 137
81 138
81 163
81 176
82 87
82 95
82 109
82 118
82 126
82 159
82 166
82 168
82 172
82 187
83 116
83 193
83 196
84 87
84 130
84 147
84 153
84 161
84 164
84 190
84 193
85 131
85 176
85 192
86 102
86 128
86 152
86 170
86 185
86 195
87 104
87 113
87 144
88 95
88 99
88 102
88 110
88 114
88 136
88 184
88 194
89 99
89 129
89 136
89 154
89 156
89 189
90 92
90 97
90 112
90 113
90 157
90 161
90 195
90 196
90 198
91 92
91 98
91 101
91 155
91 169
91 197
92 103
92 177
93 112
93 128
93 156
93 170
93 185
94 97
94 106
94 111
94 122
94 129
94 142
94 147
94 163
94 166
94 174
94 194
95 133
95 139
95 140
95 176
95 180
95 187
96 98
96 99
96 100
96 150
96 154
96 158
96 164
97 107
97 109
97 115
97 117
97 138
98 158
99 114
99 147
100 101
100 104
100 109
100 121
100 125
100 128
100 158
100 167
101 107
101 108
101 111
101 140
101 198
102 103
102 107
102 112
102 130
102 135
102 143
102 161
102 199
103 110
103 112
103 126
103 198
103 199
104 144
104 155
104 158
104 163
104 170
104 186
105 152
106 137
107 122
108 126
108 134
108 136
108 160
108 172
108 174
109 132
109 167
109 171
110 113
110 115
110 141
110 162
110 192
110 194
111 123
111 134
111 153
113 114
113 122
113 138
113 190
114 180
115 130
115 142
115 145
115 159
115 165
116 134
116 140
116 153
116 157
116 175
117 123
117 147
117 170
118 125
118 176
118 183
118 187
119 138
119 141
119 182
120 155
120 182
122 132
122 149
122 164
122 166
122 167
122 192
122 197
123 138
124 128
124 129
124 136
124 137
124 150
124 158
124 159
124 160
124 168
124 174
124 181
125 132
126 144
126 163
127 143
127 168
127 172
128 129
128 144
128 158
128 165
128 181
128 198
129 159
129 176
130 149
130 183
130 184
131 141
131 142
131 143
131 165
131 174
131 177
132 154
132 162
133 156
133 196
134 168
135 191
136 146
136 177
137 146
137 192
138 157
139 175
139 191
139 195
139 199
140 194
141 153
141 156
141 173
141 176
142 164
143 150
143 168
143 169
143 178
143 179
143 187
143 188
145 157
145 166
145 188
146 198
147 151
147 163
147 198
148 163
148 182
148 193
149 190
149 197
151 175
151 183
152 182
153 169
153 188
153 190
155 165
157 174
157 193
158 167
159 171
160 197
161 164
163 172
163 182
163 189
167 169
167 184
168 169
169 185
169 199
170 195
171 183
173 190
174 179
175 188
176 186
176 196
180 181
181 185
183 194
191 195
192 194
