0 1
0 2
0 3
0 4
0 5
0 6
0 7
0 8
0 9
0 10
0 11
0 12
0 13
0 14
0 15
0 16
0 17
0 18
0 19
0 20
0 21
0 22
0 27
0 29
0 31
0 32
0 38
0 40
0 47
0 49
0 58
0 59
0 65
0 67
0 69
0 74
0 88
0 89
0 93
0 104
0 106
0 112
0 116
0 121
0 139
0 149
0 151
0 154
0 164
0 166
0 172
0 177
0 178
0 181
0 188
1 11
1 12
1 13
1 14
1 15
1 18
1 22
1 26
1 30
1 37
1 42
1 48
1 53
1 55
1 63
1 70
1 71
1 75
1 88
1 90
1 97
1 100
1 117
1 119
1 123
1 124
1 128
1 135
1 141
1 146
1 150
1 155
1 159
1 161
1 182
1 198
2 11
2 12
2 13
2 16
2 18
2 19
2 20
2 23
2 28
2 31
2 32
2 37
2 38
2 49
2 50
2 59
2 65
2 68
2 73
2 91
2 94
2 97
2 98
2 108
2 134
2 154
2 160
2 162
2 167
2 170
2 174
2 198
3 11
3 12
3 14
3 15
3 16
3 20
3 27
3 30
3 33
3 34
3 35
3 36
3 39
3 51
3 57
3 65
3 76
3 81
3 83
3 108
3 112
3 118
3 128
3 134
3 163
3 165
3 178
3 180
3 191
3 193
4 20
4 21
4 39
4 84
4 123
4 146
5 11
5 12
5 13
5 15
5 17
5 22
5 24
5 25
5 34
5 35
5 37
5 39
5 40
5 41
5 44
5 53
5 64
5 77
5 82
5 85
5 87
5 89
5 90
5 97
5 102
5 117
5 118
5 119
5 149
5 158
5 174
5 178
5 190
5 194
6 11
6 13
6 17
6 21
6 31
6 35
6 37
6 38
6 139
6 140
6 142
6 147
6 161
6 169
6 173
6 175
6 184
6 185
6 195
6 198
7 11
7 12
7 13
7 14
7 16
7 17
7 18
7 28
7 31
7 32
7 34
7 49
7 53
7 55
7 57
7 71
7 78
7 87
7 99
7 102
7 118
7 128
7 135
7 141
7 157
7 158
7 184
7 193
8 11
8 12
8 13
8 14
8 15
8 16
8 18
8 19
8 23
8 24
8 25
8 26
8 36
8 38
8 39
8 42
8 45
8 49
8 51
8 55
8 67
8 70
8 76
8 87
8 89
8 91
8 102
8 106
8 108
8 117
8 122
8 161
8 164
8 188
9 11
9 12
9 14
9 16
9 17
9 18
9 22
9 24
9 28
9 30
9 40
9 43
9 48
9 58
9 62
9 80
9 84
9 85
9 126
9 156
9 180
9 186
10 11
10 12
10 13
10 14
10 15
10 16
10 19
10 26
10 39
10 42
10 43
10 53
10 54
10 57
10 59
10 60
10 62
10 63
10 68
10 73
10 76
10 82
10 84
10 90
10 103
10 117
10 140
10 153
10 166
10 175
10 194
10 196
10 197
11 12
11 13
11 14
11 15
11 16
11 17
11 18
11 19
11 20
11 21
11 22
11 26
11 27
11 28
11 29
11 31
11 34
11 36
11 37
11 38
11 40
11 41
11 42
11 43
11 46
11 52
11 53
11 55
11 58
11 65
11 66
11 68
11 69
11 75
11 76
11 79
11 80
11 81
11 82
11 83
11 85
11 94
11 95
11 98
11 100
11 105
11 110
11 113
11 115
11 118
11 120
11 122
11 129
11 133
11 137
11 138
11 140
11 143
11 146
11 158
11 160
11 170
11 174
11 179
11 180
11 185
12 13
12 14
12 15
12 16
12 17
12 18
12 19
12 20
12 21
12 23
12 24
12 26
12 29
12 30
12 31
12 34
12 36
12 38
12 39
12 41
12 44
12 45
12 46
12 50
12 58
12 59
12 62
12 64
12 66
12 72
12 76
12 80
12 86
12 88
12 96
12 107
12 114
12 124
12 126
12 141
12 151
12 153
12 154
12 157
12 162
12 163
12 164
12 183
12 189
12 191
12 195
12 198
13 14
13 15
13 17
13 19
13 20
13 21
13 22
13 24
13 25
13 26
13 27
13 29
13 30
13 32
13 34
13 35
13 40
13 51
13 52
13 55
13 56
13 58
13 61
13 70
13 71
13 72
13 73
13 75
13 76
13 79
13 83
13 85
13 86
13 87
13 91
13 92
13 95
13 97
13 101
13 106
13 109
13 110
13 111
13 116
13 119
13 131
13 134
13 147
13 154
13 161
13 166
13 176
13 180
13 185
13 195
13 196
13 199
14 15
14 20
14 23
14 26
14 28
14 29
14 32
14 35
14 40
14 41
14 43
14 45
14 55
14 56
14 59
14 61
14 64
14 68
14 72
14 76
14 77
14 82
14 94
14 97
14 98
14 99
14 102
14 103
14 105
14 118
14 119
14 129
14 142
14 144
14 150
14 162
14 169
14 170
14 178
15 16
15 17
15 18
15 19
15 20
15 23
15 24
15 25
15 26
15 28
15 29
15 31
15 33
15 34
15 37
15 42
15 48
15 49
15 50
15 53
15 57
15 61
15 64
15 65
15 66
15 72
15 73
15 78
15 85
15 86
15 87
15 90
15 91
15 92
15 95
15 101
15 104
15 105
15 110
15 111
15 113
15 119
15 120
15 121
15 122
15 130
15 135
15 137
15 144
15 155
15 172
15 177
15 181
15 190
15 191
15 199
16 17
16 21
16 23
16 33
16 37
16 44
16 49
16 50
16 60
16 61
16 62
16 70
16 71
16 77
16 78
16 82
16 92
16 104
16 122
16 123
16 136
16 144
16 149
16 155
16 156
16 165
16 170
16 183
16 186
16 196
17 18
17 19
17 21
17 22
17 23
17 24
17 26
17 27
17 31
17 32
17 40
17 41
17 43
17 46
17 52
17 54
17 57
17 63
17 68
17 72
17 74
17 88
17 90
17 100
17 101
17 102
17 104
17 108
17 109
17 115
17 120
17 125
17 132
17 143
17 179
17 185
17 188
18 19
18 21
18 22
18 23
18 25
18 26
18 28
18 29
18 33
18 45
18 48
18 50
18 54
18 63
18 68
18 77
18 86
18 88
18 90
18 102
18 121
18 125
18 141
18 145
18 165
18 169
18 193
19 20
19 21
19 22
19 24
19 25
19 27
19 30
19 32
19 35
19 37
19 39
19 40
19 43
19 44
19 46
19 48
19 52
19 56
19 57
19 60
19 61
19 63
19 65
19 67
19 69
19 73
19 77
19 84
19 95
19 107
19 122
19 124
19 128
19 133
19 157
19 160
19 164
19 165
19 174
19 186
20 22
20 23
20 24
20 25
20 27
20 30
20 31
20 32
20 33
20 36
20 39
20 41
20 52
20 56
20 84
20 89
20 93
20 96
20 99
20 109
20 110
20 116
20 136
20 137
20 147
20 148
20 155
20 157
20 159
20 166
20 168
20 186
20 192
20 199
21 23
21 25
21 27
21 32
21 35
21 44
21 49
21 54
21 55
21 56
21 59
21 67
21 71
21 79
21 80
21 83
21 85
21 86
21 103
21 105
21 117
21 120
21 131
21 141
21 145
21 153
21 156
21 163
21 171
21 176
21 192
22 24
22 25
22 28
22 29
22 30
22 38
22 40
22 42
22 47
22 56
22 62
22 63
22 64
22 66
22 70
22 99
22 100
22 103
22 107
22 109
22 111
22 122
22 124
22 126
22 151
22 152
22 153
22 173
22 182
23 29
23 33
23 37
23 39
23 40
23 41
23 47
23 51
23 58
23 62
23 68
23 81
23 88
23 92
23 95
23 108
23 116
23 129
23 130
23 132
23 135
23 136
23 140
23 141
23 142
23 155
23 156
23 159
23 187
23 199
24 25
24 31
24 33
24 35
24 38
24 42
24 43
24 48
24 49
24 63
24 65
24 72
24 81
24 87
24 103
24 107
24 110
24 112
24 115
24 116
24 125
24 138
24 142
24 145
24 147
24 154
24 170
24 180
24 187
25 27
25 28
25 30
25 34
25 35
25 36
25 38
25 43
25 44
25 45
25 46
25 47
25 48
25 49
25 50
25 54
25 56
25 60
25 70
25 77
25 81
25 92
25 95
25 104
25 105
25 107
25 109
25 122
25 123
25 125
25 132
25 135
25 137
25 142
25 152
25 159
25 161
25 163
25 175
25 181
25 192
25 193
26 27
26 28
26 35
26 36
26 41
26 46
26 49
26 52
26 75
26 83
26 84
26 85
26 89
26 127
26 130
26 139
26 143
26 145
26 152
26 157
26 177
27 33
27 47
27 51
27 58
27 60
27 61
27 62
27 69
27 72
27 78
27 83
27 91
27 99
27 104
27 107
27 109
27 112
27 114
27 142
27 148
27 150
27 161
27 174
27 179
27 182
27 185
28 29
28 34
28 36
28 47
28 64
28 71
28 73
28 78
28 91
28 118
28 129
28 131
28 134
28 152
28 166
28 169
28 179
28 183
28 194
29 30
29 32
29 33
29 39
29 52
29 54
29 55
29 57
29 75
29 81
29 93
29 96
29 101
29 102
29 103
29 105
29 106
29 107
29 121
29 147
29 151
29 155
29 165
29 177
29 187
29 188
29 193
29 196
30 47
30 73
30 74
30 75
30 77
30 83
30 100
30 122
30 133
30 144
30 153
30 164
30 171
30 174
30 179
31 34
31 36
31 37
31 41
31 60
31 63
31 67
31 74
31 79
31 84
31 98
31 101
31 112
31 134
31 149
31 150
31 165
31 179
31 182
31 190
32 33
32 41
32 44
32 45
32 46
32 50
32 53
32 69
32 74
32 79
32 86
32 94
32 97
32 100
32 114
32 129
32 135
32 137
32 138
32 142
32 143
32 154
32 158
32 173
32 181
33 38
33 44
33 60
33 61
33 62
33 79
33 80
33 82
33 84
33 92
33 93
33 98
33 131
33 137
33 143
33 145
33 159
33 168
33 198
34 45
34 46
34 47
34 48
34 52
34 53
34 55
34 66
34 68
34 70
34 76
34 81
34 84
34 89
34 108
34 110
34 118
34 129
34 130
34 148
34 158
34 161
34 163
34 164
34 177
34 180
34 187
34 196
35 36
35 42
35 46
35 50
35 55
35 67
35 70
35 72
35 74
35 82
35 90
35 98
35 103
35 104
35 108
35 113
35 116
35 129
35 136
35 148
35 155
35 159
35 169
35 171
35 187
36 51
36 58
36 59
36 67
36 73
36 93
36 96
36 102
36 108
36 121
36 131
36 137
36 139
36 150
36 154
36 169
36 171
36 175
36 186
36 195
37 42
37 45
37 57
37 59
37 66
37 67
37 73
37 83
37 87
37 90
37 96
37 111
37 118
38 43
38 44
38 54
38 59
38 61
38 64
38 66
38 78
38 86
38 88
38 90
38 94
38 96
38 103
38 105
38 119
38 127
38 130
38 161
38 175
38 177
38 178
38 182
38 183
38 184
38 197
39 42
39 44
39 48
39 54
39 59
39 60
39 62
39 65
39 83
39 103
39 109
39 110
39 117
39 125
39 139
39 144
39 148
39 151
39 156
39 173
40 46
40 51
40 61
40 65
40 67
40 84
40 93
40 95
40 128
40 140
40 172
40 173
40 182
40 192
41 43
41 45
41 51
41 54
41 60
41 63
41 75
41 78
41 80
41 85
41 97
41 99
41 123
41 130
41 132
41 135
41 140
41 145
41 147
41 152
41 197
42 45
42 47
42 51
42 56
42 75
42 94
42 109
42 132
42 167
42 197
43 54
43 60
43 77
43 103
43 104
43 107
43 114
43 127
43 129
43 146
43 157
43 160
43 175
43 179
43 182
44 50
44 57
44 61
44 62
44 63
44 66
44 81
44 100
44 101
44 124
44 158
44 162
44 184
44 194
45 48
45 50
45 53
45 70
45 94
45 96
45 98
45 110
45 113
45 176
45 192
46 47
46 51
46 52
46 57
46 58
46 66
46 74
46 76
46 78
46 91
46 94
46 101
46 112
46 131
46 138
46 151
46 184
46 190
46 191
47 100
47 115
47 159
47 176
48 58
48 77
48 79
48 82
48 114
48 116
48 117
48 121
48 159
48 175
49 53
49 56
49 64
49 71
49 81
49 91
49 92
49 94
49 109
49 166
49 167
49 176
49 198
50 72
50 73
50 76
50 78
50 79
50 82
50 101
50 111
50 123
50 133
50 168
50 170
50 174
50 197
51 52
51 56
51 64
51 69
51 96
51 105
51 107
51 116
51 124
51 129
51 152
52 66
52 70
52 81
52 100
52 105
52 114
52 125
52 126
52 134
52 142
52 156
52 168
53 74
53 89
53 112
53 115
53 118
53 145
54 92
54 97
54 99
54 134
54 136
54 139
54 141
54 147
54 167
54 189
54 199
55 100
55 134
55 137
55 166
56 69
56 106
56 114
56 120
56 127
56 136
56 147
56 149
57 64
57 71
57 91
57 123
57 128
57 143
57 167
57 179
57 187
57 193
58 80
58 111
58 133
58 149
58 160
58 165
59 69
59 77
59 91
59 96
59 99
59 101
59 138
59 148
59 188
60 78
60 86
60 106
60 150
60 169
61 93
61 95
61 153
61 185
62 68
62 69
62 120
62 131
62 140
63 67
63 71
63 74
63 79
63 80
63 89
63 108
63 125
63 127
63 174
64 65
64 80
64 82
64 99
64 113
64 115
64 126
64 134
64 142
65 87
65 88
65 124
65 126
65 128
65 129
65 140
65 149
65 156
65 189
66 71
66 72
66 75
66 89
66 177
66 178
67 68
67 69
67 83
67 88
67 93
67 97
67 113
67 119
67 120
67 121
67 132
67 160
67 170
67 190
68 95
68 102
68 108
68 111
68 114
68 146
68 159
68 173
68 188
69 79
69 143
69 177
70 113
70 162
70 163
70 164
70 168
70 187
70 194
71 92
71 137
71 139
71 167
71 186
72 74
72 107
72 111
72 120
72 133
72 135
72 148
72 159
72 173
72 187
73 75
73 87
73 89
73 98
73 104
73 111
73 131
73 144
73 151
73 166
73 183
73 190
74 88
74 117
74 120
74 135
74 139
74 171
74 184
75 113
75 114
75 140
75 146
75 154
75 173
75 176
75 180
76 80
76 87
76 115
76 123
76 145
76 171
77 162
77 166
77 169
77 170
77 177
78 110
78 146
78 147
78 148
78 167
78 185
78 194
78 198
79 86
79 109
79 123
79 171
80 94
80 95
80 178
80 189
81 85
81 86
81 145
82 93
82 97
82 118
82 124
82 125
82 143
82 156
82 176
82 179
82 180
82 199
83 122
83 125
83 126
83 130
83 133
83 168
83 170
83 198
84 85
84 93
84 119
84 127
84 146
84 195
85 136
85 149
85 154
86 96
86 158
87 117
87 120
87 138
87 160
87 192
87 196
88 116
88 132
88 146
88 157
88 195
89 90
89 92
89 112
89 114
89 145
89 168
89 169
90 117
90 122
90 139
90 172
90 174
90 191
91 101
91 121
91 125
91 171
91 181
91 184
91 199
92 128
92 132
93 102
93 104
93 116
93 131
93 137
93 165
93 184
94 106
94 112
94 136
94 138
94 143
94 188
94 195
95 98
95 106
95 110
96 98
96 99
96 112
96 127
96 133
96 136
96 186
96 187
96 197
97 113
97 119
97 126
97 162
97 189
97 190
97 196
98 105
98 111
98 199
99 106
99 132
99 144
99 152
99 191
100 128
100 130
100 151
100 162
101 172
101 194
102 149
102 167
102 175
102 181
102 189
103 123
103 135
103 139
103 152
103 160
104 106
104 119
104 124
104 169
104 179
104 197
105 115
105 126
106 151
106 155
107 115
107 150
107 178
108 113
108 141
108 160
109 127
109 152
109 168
109 185
110 128
110 138
110 140
111 115
111 127
111 144
111 153
111 163
111 173
111 178
111 182
111 193
112 161
112 182
114 176
114 183
114 194
114 195
115 132
115 148
115 150
115 158
115 188
115 195
116 171
116 180
117 126
117 130
117 133
117 189
118 121
118 131
118 151
119 134
119 138
120 121
120 146
121 124
121 157
121 188
121 191
122 143
122 149
122 168
122 185
123 127
123 138
123 158
123 170
123 181
123 191
123 192
124 164
125 133
125 136
125 141
125 162
125 164
125 176
127 130
127 153
127 156
127 178
127 189
128 166
129 144
129 163
129 175
129 188
130 153
130 172
130 181
130 193
131 158
132 157
133 150
133 172
135 173
136 195
137 177
137 190
138 150
138 172
138 176
138 191
139 144
139 157
139 167
139 186
139 192
140 141
140 154
140 163
141 142
141 147
141 148
141 156
141 160
141 164
141 172
141 174
142 152
144 163
144 199
145 192
147 162
147 165
149 153
151 196
152 155
152 161
153 185
154 155
154 181
155 186
156 183
157 168
157 184
157 198
158 167
158 184
158 189
160 190
161 172
162 183
162 189
163 165
164 196
166 182
166 183
166 193
167 198
168 183
170 171
172 180
173 175
173 181
173 191
174 190
174 197
180 187
182 194
184 193
185 186
187 192
187 196
187 197
189 194
190 197
194 199
