0 1
0 2
0 3
0 4
0 5
0 6
0 7
0 8
0 9
0 10
0 11
0 12
0 13
0 14
0 15
0 16
0 17
0 18
0 19
0 20
0 24
0 25
0 27
0 29
0 30
0 32
0 33
0 35
0 36
0 39
0 41
0 42
0 43
0 44
0 46
0 50
0 53
0 56
0 61
0 63
0 67
0 75
0 77
0 78
0 80
0 84
0 96
0 99
0 110
0 111
0 122
0 136
0 138
0 146
0 149
0 152
0 153
0 167
0 173
0 175
0 177
0 178
0 179
0 182
0 189
1 11
1 12
1 14
1 15
1 16
1 18
1 19
1 27
1 33
1 34
1 40
1 51
1 60
1 61
1 71
1 78
1 90
1 94
1 119
1 161
1 173
2 18
2 26
2 60
2 61
2 135
3 11
3 12
3 13
3 14
3 15
3 16
3 17
3 18
3 20
3 26
3 27
3 30
3 35
3 37
3 40
3 41
3 45
3 51
3 52
3 62
3 66
3 67
3 79
3 89
3 96
3 106
3 107
3 123
3 124
3 125
3 127
3 137
3 138
3 147
3 148
3 152
3 159
3 160
3 171
3 179
3 188
3 199
4 11
4 12
4 13
4 14
4 15
4 17
4 20
4 22
4 29
4 30
4 36
4 40
4 42
4 46
4 48
4 50
4 53
4 55
4 58
4 66
4 73
4 84
4 88
4 89
4 92
4 93
4 96
4 98
4 104
4 105
4 108
4 120
4 122
4 127
4 132
4 140
4 141
4 144
4 145
4 154
4 169
4 171
4 180
4 196
4 197
4 199
5 11
5 12
5 13
5 14
5 17
5 18
5 19
5 21
5 24
5 27
5 35
5 46
5 73
5 87
5 95
5 97
5 101
5 127
5 142
5 144
5 145
5 154
5 180
6 11
6 12
6 13
6 15
6 16
6 17
6 18
6 20
6 21
6 27
6 33
6 35
6 36
6 44
6 49
6 50
6 57
6 59
6 67
6 74
6 76
6 77
6 89
6 91
6 112
6 138
6 142
6 145
6 151
6 179
6 187
6 198
7 11
7 12
7 15
7 16
7 19
7 22
7 23
7 36
7 44
7 48
7 52
7 54
7 55
7 59
7 70
7 75
7 76
7 91
7 101
7 121
7 124
7 126
7 128
7 141
7 153
8 11
8 12
8 13
8 14
8 15
8 16
8 19
8 21
8 22
8 25
8 29
8 31
8 32
8 33
8 34
8 36
8 39
8 52
8 57
8 62
8 68
8 69
8 77
8 84
8 88
8 89
8 103
8 105
8 112
8 117
8 121
8 162
8 179
8 182
9 11
9 12
9 13
9 21
9 23
9 24
9 28
9 42
9 46
9 54
9 63
9 65
9 71
9 75
9 84
9 85
9 91
9 102
9 113
9 118
9 149
9 152
9 163
9 166
9 167
9 170
9 180
9 181
9 189
10 11
10 13
10 14
10 17
10 20
10 26
10 37
10 49
10 59
10 68
10 76
10 92
10 95
10 100
10 109
10 119
10 131
10 138
10 144
10 146
10 148
10 168
10 176
11 12
11 13
11 14
11 15
11 16
11 17
11 18
11 19
11 20
11 21
11 24
11 25
11 26
11 27
11 28
11 29
11 30
11 31
11 33
11 34
11 35
11 38
11 39
11 42
11 47
11 48
11 49
11 50
11 51
11 52
11 53
11 54
11 56
11 59
11 62
11 64
11 66
11 69
11 72
11 75
11 79
11 85
11 87
11 90
11 92
11 93
11 94
11 96
11 98
11 100
11 101
11 111
11 112
11 116
11 123
11 125
11 129
11 130
11 132
11 133
11 135
11 148
11 149
11 152
11 155
11 160
11 162
11 164
11 166
11 172
11 174
11 177
11 181
11 182
11 183
11 185
11 191
11 195
12 13
12 14
12 15
12 16
12 19
12 20
12 21
12 22
12 23
12 24
12 25
12 26
12 27
12 28
12 31
12 32
12 34
12 36
12 41
12 43
12 52
12 56
12 62
12 80
12 82
12 85
12 86
12 87
12 96
12 104
12 108
12 112
12 114
12 118
12 126
12 135
12 143
12 146
12 159
12 170
12 174
12 186
12 195
13 14
13 15
13 16
13 17
13 18
13 19
13 20
13 21
13 22
13 23
13 24
13 25
13 26
13 31
13 32
13 33
13 38
13 39
13 40
13 41
13 47
13 49
13 53
13 54
13 61
13 62
13 63
13 64
13 65
13 69
13 73
13 74
13 76
13 77
13 79
13 85
13 94
13 95
13 97
13 99
13 106
13 108
13 112
13 113
13 114
13 117
13 118
13 120
13 122
13 129
13 131
13 133
13 135
13 136
13 140
13 147
13 165
13 173
13 180
13 188
13 190
13 193
13 194
14 17
14 19
14 22
14 23
14 25
14 26
14 30
14 31
14 34
14 36
14 37
14 42
14 45
14 48
14 53
14 56
14 69
14 87
14 97
14 98
14 112
14 113
14 118
14 132
14 140
14 141
14 143
14 144
14 148
14 155
14 156
14 161
14 165
14 190
14 192
14 197
14 198
15 16
15 19
15 20
15 23
15 25
15 27
15 28
15 29
15 31
15 32
15 37
15 44
15 46
15 50
15 52
15 55
15 58
15 60
15 63
15 68
15 72
15 77
15 80
15 82
15 83
15 86
15 90
15 101
15 109
15 110
15 114
15 115
15 116
15 117
15 120
15 125
15 127
15 128
15 132
15 139
15 140
15 150
15 151
15 166
15 169
15 177
15 189
15 194
15 199
16 17
16 18
16 20
16 21
16 22
16 23
16 24
16 31
16 32
16 35
16 36
16 39
16 40
16 41
16 45
16 48
16 50
16 51
16 54
16 56
16 57
16 68
16 70
16 76
16 81
16 85
16 95
16 96
16 102
16 110
16 113
16 123
16 133
16 138
16 148
16 151
16 162
16 176
17 18
17 22
17 33
17 38
17 46
17 48
17 70
17 99
17 115
17 118
17 120
17 167
17 174
17 184
18 21
18 22
18 23
18 24
18 25
18 26
18 28
18 29
18 30
18 34
18 36
18 38
18 42
18 43
18 44
18 45
18 47
18 52
18 62
18 66
18 76
18 78
18 82
18 83
18 92
18 98
18 99
18 106
18 114
18 120
18 125
18 136
18 139
18 140
18 154
18 158
18 160
18 166
19 23
19 24
19 28
19 41
19 44
19 45
19 46
19 51
19 60
19 74
19 83
19 84
19 90
19 108
19 111
19 123
19 128
19 129
19 137
19 139
19 146
19 158
19 163
19 165
19 169
19 177
19 185
19 188
20 21
20 22
20 28
20 29
20 37
20 40
20 41
20 42
20 45
20 47
20 53
20 59
20 62
20 63
20 64
20 65
20 66
20 71
20 74
20 80
20 82
20 86
20 93
20 98
20 99
20 102
20 106
20 108
20 124
20 130
20 146
20 152
20 157
20 159
20 161
20 167
20 181
20 186
21 25
21 28
21 29
21 30
21 32
21 34
21 35
21 37
21 39
21 44
21 52
21 67
21 71
21 82
21 83
21 103
21 105
21 107
21 110
21 114
21 116
21 127
21 144
21 150
21 162
21 171
21 173
21 175
21 181
21 189
22 23
22 24
22 25
22 30
22 33
22 34
22 38
22 48
22 50
22 61
22 66
22 67
22 74
22 83
22 89
22 91
22 92
22 95
22 97
22 100
22 102
22 108
22 110
22 111
22 114
22 115
22 118
22 129
22 131
22 133
22 134
22 140
22 146
22 182
22 184
22 186
22 189
22 191
23 26
23 27
23 28
23 29
23 32
23 37
23 38
23 39
23 43
23 45
23 47
23 48
23 49
23 54
23 56
23 62
23 64
23 65
23 73
23 76
23 80
23 81
23 86
23 87
23 93
23 96
23 100
23 116
23 124
23 135
23 138
23 140
23 143
23 147
23 149
23 155
23 156
23 158
23 169
23 174
23 175
23 178
23 183
23 194
23 196
24 33
24 39
24 49
24 58
24 59
24 64
24 65
24 66
24 67
24 70
24 84
24 85
24 86
24 91
24 105
24 107
24 120
24 125
24 127
24 129
24 154
24 161
24 163
24 164
24 168
24 187
24 198
24 199
25 26
25 27
25 30
25 32
25 34
25 35
25 36
25 37
25 40
25 47
25 50
25 54
25 57
25 65
25 77
25 78
25 81
25 83
25 91
25 93
25 94
25 95
25 98
25 101
25 113
25 121
25 129
25 130
25 152
25 155
25 162
25 172
25 193
26 28
26 29
26 34
26 35
26 43
26 49
26 51
26 52
26 55
26 58
26 72
26 73
26 75
26 81
26 110
26 137
26 149
26 173
26 178
26 181
26 183
26 191
27 30
27 37
27 40
27 41
27 43
27 45
27 48
27 53
27 55
27 57
27 65
27 66
27 72
27 81
27 85
27 96
27 101
27 104
27 107
27 126
27 131
27 141
27 149
27 157
27 166
28 31
28 43
28 56
28 57
28 63
28 68
28 77
28 79
28 88
28 92
28 100
28 102
28 115
28 116
28 139
28 150
28 156
28 157
28 172
28 182
28 183
28 192
28 198
29 31
29 32
29 37
29 40
29 43
29 47
29 53
29 61
29 63
29 70
29 71
29 72
29 93
29 94
29 105
29 109
29 126
29 128
29 133
29 138
29 145
29 152
29 172
29 196
29 198
30 31
30 33
30 38
30 59
30 90
30 105
30 118
30 123
30 134
30 156
30 159
30 166
30 176
31 38
31 42
31 45
31 49
31 50
31 51
31 54
31 55
31 58
31 64
31 82
31 88
31 94
31 97
31 126
31 128
31 140
31 142
31 143
31 147
31 150
31 152
31 155
31 157
31 164
31 165
31 173
31 178
31 179
31 190
31 195
31 197
31 198
32 35
32 39
32 43
32 46
32 98
32 137
32 168
32 172
32 179
33 38
33 43
33 59
33 74
33 78
33 91
33 101
33 105
33 123
33 130
33 131
33 153
33 160
33 163
33 164
33 171
33 177
33 184
33 186
33 187
33 192
33 197
34 38
34 44
34 73
34 74
34 81
34 106
34 123
34 129
34 168
34 170
34 196
35 44
35 51
35 55
35 57
35 59
35 61
35 70
35 85
35 110
35 111
35 115
35 116
35 121
35 122
35 150
35 153
35 164
35 190
36 39
36 47
36 63
36 69
36 70
36 80
36 84
36 89
36 111
36 122
36 124
36 128
36 134
36 136
36 143
36 146
36 149
36 176
37 41
37 46
37 48
37 53
37 56
37 73
37 76
37 89
37 103
37 111
37 112
37 116
37 128
37 132
37 136
37 138
37 144
37 146
37 147
37 153
37 156
37 168
37 196
38 40
38 41
38 42
38 44
38 47
38 55
38 58
38 60
38 62
38 71
38 73
38 78
38 79
38 86
38 106
38 127
38 140
38 151
38 176
38 181
39 56
39 58
39 71
39 72
39 75
39 77
39 80
39 86
39 97
39 103
39 113
39 130
39 134
39 141
39 142
39 166
39 185
40 42
40 49
40 57
40 63
40 73
40 77
40 96
40 100
40 109
40 118
40 119
40 131
40 156
40 162
40 163
41 45
41 64
41 65
41 69
41 88
41 90
41 97
41 107
41 115
41 117
41 127
41 151
41 155
41 174
41 189
42 46
42 64
42 68
42 126
42 127
42 132
42 142
42 150
42 180
43 61
43 75
43 86
43 98
43 99
43 132
43 134
43 145
43 169
43 174
44 57
44 61
44 78
44 83
44 86
44 87
44 95
44 109
44 113
44 117
44 167
45 58
45 71
45 98
45 120
45 124
45 139
45 164
45 181
45 188
45 193
46 47
46 54
46 60
46 69
46 108
46 110
46 115
46 117
47 79
47 84
47 111
47 116
48 49
48 50
48 51
48 58
48 65
48 67
48 84
48 93
48 95
48 106
48 108
48 109
48 112
48 119
48 128
48 144
48 185
48 188
48 189
48 196
49 52
49 56
49 60
49 87
49 105
49 141
49 166
50 51
50 57
50 60
50 70
50 72
50 92
50 123
50 177
50 189
51 53
51 54
51 60
51 62
51 64
51 67
51 68
51 74
51 75
51 79
51 82
51 89
51 92
51 103
51 107
51 109
51 117
51 130
51 150
51 153
51 194
51 195
52 55
52 64
52 66
52 86
52 90
52 91
52 93
52 101
52 113
52 122
52 187
53 68
53 77
53 85
53 91
53 102
53 103
53 114
53 131
53 132
53 133
53 159
53 193
53 194
54 55
54 65
54 68
54 71
54 75
54 80
54 88
54 97
54 119
54 123
54 133
54 166
54 167
54 170
54 184
55 70
55 72
55 76
55 113
55 139
55 179
55 193
56 74
56 75
56 115
56 136
57 58
57 73
57 78
57 88
57 115
57 119
57 132
57 135
57 136
57 145
57 184
58 59
58 63
58 69
58 87
58 110
58 115
58 190
58 196
58 198
59 60
59 61
59 68
59 70
59 71
59 78
59 89
59 107
59 124
59 156
59 168
59 177
59 182
60 81
60 83
60 104
60 116
60 126
60 130
60 135
60 157
60 161
60 167
61 66
61 67
61 69
61 74
61 76
61 78
61 80
61 101
61 102
61 103
61 120
61 121
61 129
61 142
61 156
61 159
61 168
61 174
61 178
62 82
62 94
62 117
62 163
62 165
62 179
62 187
62 191
62 192
63 72
63 80
63 104
63 114
63 118
63 134
63 136
63 137
63 165
63 184
63 187
64 69
64 72
64 95
64 96
64 107
64 112
64 121
64 122
64 126
64 145
64 161
64 171
64 173
65 88
65 90
65 92
65 97
65 103
65 111
65 121
65 137
65 186
66 67
66 79
66 100
66 103
66 105
66 172
66 188
66 191
66 199
67 79
67 83
67 93
67 100
67 107
67 139
67 177
67 187
68 79
68 103
68 105
68 125
68 128
68 154
68 159
68 160
68 170
68 180
68 190
69 169
70 113
70 126
70 131
70 136
70 186
71 94
71 95
71 99
71 134
72 82
72 102
72 176
72 185
73 84
73 106
73 114
73 119
73 160
73 197
74 81
74 116
74 144
74 147
74 152
74 155
74 162
75 81
75 82
75 85
75 158
75 199
76 87
76 104
76 125
76 175
76 197
77 83
77 171
77 175
77 182
78 88
78 93
78 101
78 102
78 118
78 123
78 156
78 162
78 165
78 195
79 99
79 104
79 139
79 146
79 148
79 154
79 168
79 169
79 184
79 189
80 81
80 91
80 92
80 129
80 141
80 145
80 153
80 174
80 183
81 133
81 147
82 104
82 119
82 135
83 87
83 130
83 139
83 179
84 94
84 134
84 137
84 141
84 142
84 143
84 155
85 89
85 120
85 125
85 172
85 183
86 88
86 90
86 99
86 108
86 114
87 107
87 111
87 171
87 174
87 175
87 181
87 193
87 197
88 153
89 90
89 131
89 160
89 183
89 187
89 192
90 94
90 152
90 168
90 170
90 175
90 191
91 100
91 125
91 149
91 157
91 199
92 102
92 106
92 120
92 131
92 153
92 167
93 104
93 122
93 135
93 148
93 162
93 164
93 178
93 188
94 97
94 99
94 147
94 148
94 156
94 171
94 184
94 194
95 108
95 109
95 130
95 138
95 141
95 143
95 146
95 153
95 158
96 98
96 109
96 117
96 142
96 148
96 167
96 185
97 121
97 145
97 147
97 158
97 186
98 138
98 158
98 175
98 195
99 100
99 109
99 130
99 132
99 135
99 143
100 110
100 124
100 160
100 194
100 195
101 164
101 176
101 182
102 124
102 157
103 104
103 112
103 119
103 142
103 143
104 176
105 106
105 159
105 170
106 184
106 187
107 148
107 158
107 159
107 188
108 154
108 165
109 121
109 133
109 166
110 122
110 124
110 140
110 144
110 170
110 189
111 122
111 128
111 150
111 171
111 173
111 194
112 119
112 137
112 145
112 147
112 171
112 181
113 193
113 195
114 117
114 151
114 181
114 192
115 129
115 149
115 151
115 154
115 170
115 186
115 197
115 198
116 172
116 190
117 137
117 149
117 179
117 180
118 126
118 155
118 164
118 190
118 192
119 121
119 125
119 178
119 186
120 137
120 154
121 143
121 154
122 151
122 178
123 193
124 150
125 127
125 133
125 142
125 175
126 134
126 160
126 191
126 192
127 134
127 144
127 161
127 163
127 192
128 150
128 161
129 139
129 185
130 136
130 155
130 163
130 178
130 185
131 163
131 170
131 192
131 193
132 141
132 157
133 160
133 165
133 169
134 151
135 163
135 182
135 195
136 173
136 180
136 194
137 157
137 167
137 172
138 161
138 183
139 177
139 191
141 157
142 168
142 175
143 183
144 172
144 199
146 183
146 188
147 177
147 190
147 193
147 198
148 151
148 158
148 159
148 186
150 165
150 169
150 191
151 162
152 158
152 191
152 196
154 184
154 185
156 169
156 178
156 196
157 182
159 173
159 180
160 161
160 180
160 194
162 164
162 185
164 196
167 176
171 176
171 190
171 198
172 174
172 197
178 187
180 199
184 199
186 195
187 188
196 197
