0 1
0 2
0 3
0 4
0 5
0 6
0 7
0 8
0 9
0 10
0 11
0 12
0 13
0 14
0 15
0 16
0 17
0 18
0 19
0 20
0 21
0 22
0 23
0 24
0 25
0 26
0 28
0 29
0 31
0 32
0 34
0 35
0 36
0 38
0 39
0 40
0 41
0 43
0 44
0 45
0 46
0 48
0 49
0 52
0 53
0 55
0 57
0 58
0 59
0 64
0 65
0 67
0 68
0 69
0 75
0 76
0 78
0 82
0 88
0 89
0 94
0 95
0 96
0 98
0 99
0 101
0 102
0 109
0 110
0 113
0 117
0 119
0 122
0 124
0 127
0 128
0 129
0 130
0 135
0 138
0 141
0 145
0 146
0 153
0 155
0 166
0 167
0 168
0 169
0 173
0 175
0 181
0 182
0 184
0 185
0 186
0 189
0 199
1 16
1 17
1 18
1 19
1 20
1 22
1 23
1 25
1 26
1 32
1 36
1 40
1 41
1 50
1 54
1 69
1 71
1 90
1 97
1 105
1 109
1 119
1 122
1 128
1 144
1 149
1 154
1 158
1 164
1 167
1 169
1 194
1 196
1 197
2 16
2 17
2 21
2 25
2 29
2 35
2 37
2 40
2 45
2 51
2 61
2 63
2 65
2 67
2 73
2 80
2 81
2 82
2 94
2 100
2 112
2 114
2 125
2 129
2 152
2 182
2 197
3 16
3 17
3 18
3 19
3 21
3 24
3 31
3 39
3 43
3 44
3 47
3 51
3 53
3 54
3 67
3 73
3 74
3 83
3 99
3 100
3 104
3 124
3 134
3 138
3 141
3 145
3 150
3 151
3 153
3 164
3 171
3 177
3 180
3 182
3 186
3 188
3 198
4 16
4 17
4 18
4 19
4 20
4 21
4 22
4 25
4 27
4 30
4 33
4 35
4 43
4 47
4 53
4 74
4 78
4 85
4 86
4 92
4 100
4 127
4 136
4 139
4 141
4 155
4 157
4 158
4 170
4 179
4 193
4 194
5 16
5 17
5 18
5 19
5 20
5 21
5 22
5 23
5 24
5 27
5 29
5 31
5 33
5 35
5 36
5 44
5 46
5 48
5 50
5 57
5 61
5 69
5 70
5 76
5 79
5 81
5 84
5 95
5 99
5 103
5 109
5 117
5 118
5 127
5 137
5 139
5 142
5 151
5 160
5 161
5 165
5 168
5 174
5 176
5 178
6 16
6 17
6 18
6 20
6 24
6 26
6 28
6 30
6 32
6 33
6 34
6 36
6 37
6 40
6 42
6 46
6 48
6 52
6 63
6 68
6 70
6 78
6 81
6 86
6 89
6 94
6 95
6 96
6 101
6 103
6 119
6 133
6 134
6 150
6 152
6 154
6 159
6 181
6 194
6 195
7 18
7 24
7 25
7 29
7 34
7 46
7 48
7 50
7 57
7 70
7 79
7 101
7 108
7 119
7 130
7 131
7 137
7 140
7 152
7 160
7 163
7 164
7 185
8 16
8 17
8 18
8 19
8 21
8 22
8 24
8 25
8 26
8 27
8 28
8 29
8 31
8 32
8 34
8 38
8 40
8 41
8 45
8 47
8 55
8 61
8 63
8 64
8 73
8 76
8 79
8 87
8 94
8 103
8 113
8 114
8 118
8 122
8 125
8 126
8 133
8 146
8 148
8 157
8 165
8 169
8 177
8 185
8 195
8 199
9 16
9 17
9 18
9 19
9 21
9 22
9 23
9 25
9 28
9 29
9 30
9 31
9 32
9 33
9 36
9 39
9 40
9 42
9 43
9 46
9 49
9 50
9 51
9 52
9 53
9 59
9 60
9 61
9 62
9 64
9 68
9 69
9 72
9 82
9 83
9 85
9 87
9 93
9 95
9 107
9 108
9 110
9 116
9 120
9 121
9 123
9 124
9 128
9 129
9 131
9 134
9 136
9 143
9 144
9 154
9 155
9 157
9 159
9 172
9 175
9 188
10 16
10 17
10 18
10 19
10 20
10 41
10 48
10 49
10 51
10 54
10 84
10 91
10 121
10 137
10 147
10 152
10 166
10 186
11 16
11 18
11 19
11 20
11 22
11 23
11 26
11 28
11 33
11 35
11 36
11 37
11 39
11 45
11 46
11 60
11 63
11 68
11 69
11 81
11 85
11 86
11 88
11 90
11 95
11 109
11 118
11 126
11 129
11 132
11 143
11 144
11 165
11 172
12 16
12 17
12 20
12 21
12 22
12 23
12 26
12 27
12 30
12 37
12 38
12 40
12 41
12 42
12 49
12 53
12 56
12 57
12 71
12 73
12 84
12 87
12 94
12 110
12 114
12 142
12 159
12 163
12 169
13 16
13 17
13 19
13 20
13 21
13 23
13 27
13 30
13 33
13 37
13 47
13 50
13 52
13 56
13 58
13 75
13 76
13 81
13 88
13 99
13 104
13 110
13 111
13 114
13 121
13 123
13 138
13 163
13 174
13 177
13 199
14 16
14 17
14 18
14 19
14 20
14 23
14 25
14 26
14 29
14 33
14 34
14 43
14 51
14 52
14 70
14 84
14 88
14 89
14 96
14 105
14 106
14 112
14 117
14 124
14 138
14 141
14 157
14 159
15 16
15 17
15 18
15 19
15 20
15 21
15 22
15 23
15 24
15 27
15 33
15 35
15 37
15 40
15 42
15 44
15 55
15 58
15 63
15 64
15 67
15 73
15 75
15 79
15 92
15 94
15 105
15 117
15 124
15 128
15 130
15 134
15 142
15 147
15 160
15 168
15 177
15 189
15 191
15 198
16 17
16 18
16 19
16 20
16 21
16 22
16 23
16 24
16 25
16 26
16 27
16 28
16 29
16 30
16 31
16 32
16 35
16 36
16 37
16 38
16 40
16 41
16 45
16 46
16 52
16 53
16 54
16 56
16 58
16 60
16 61
16 63
16 67
16 68
16 72
16 75
16 77
16 78
16 85
16 87
16 90
16 94
16 98
16 105
16 108
16 111
16 112
16 113
16 117
16 119
16 123
16 125
16 129
16 131
16 134
16 136
16 142
16 144
16 148
16 161
16 168
16 185
16 187
16 190
16 197
17 18
17 19
17 20
17 21
17 22
17 23
17 24
17 25
17 27
17 28
17 29
17 30
17 31
17 33
17 34
17 36
17 38
17 40
17 42
17 44
17 46
17 47
17 48
17 50
17 51
17 52
17 57
17 59
17 62
17 63
17 65
17 66
17 68
17 71
17 73
17 74
17 77
17 79
17 80
17 81
17 83
17 86
17 92
17 93
17 103
17 104
17 107
17 114
17 115
17 120
17 122
17 125
17 128
17 131
17 132
17 135
17 137
17 140
17 142
17 144
17 146
17 150
17 156
17 158
17 165
17 172
17 174
17 175
17 178
17 182
17 183
17 191
17 192
17 199
18 19
18 20
18 21
18 22
18 23
18 24
18 25
18 26
18 27
18 28
18 29
18 30
18 31
18 34
18 35
18 36
18 37
18 38
18 39
18 40
18 43
18 44
18 47
18 49
18 51
18 54
18 55
18 56
18 61
18 69
18 72
18 81
18 84
18 90
18 93
18 95
18 102
18 106
18 111
18 116
18 117
18 127
18 130
18 138
18 139
18 140
18 141
18 149
18 151
18 152
18 154
18 157
18 159
18 161
18 174
18 181
18 183
19 20
19 21
19 22
19 23
19 24
19 26
19 27
19 28
19 30
19 31
19 32
19 35
19 36
19 37
19 39
19 41
19 42
19 44
19 46
19 47
19 52
19 53
19 55
19 57
19 59
19 60
19 62
19 66
19 67
19 68
19 71
19 75
19 76
19 77
19 80
19 85
19 87
19 89
19 91
19 92
19 93
19 94
19 98
19 100
19 102
19 105
19 110
19 114
19 117
19 127
19 131
19 135
19 139
19 143
19 145
19 147
19 148
19 150
19 152
19 153
19 158
19 161
19 168
19 176
19 178
19 179
19 183
19 184
19 185
19 191
20 21
20 22
20 23
20 24
20 25
20 26
20 27
20 28
20 31
20 32
20 34
20 35
20 37
20 38
20 41
20 45
20 49
20 56
20 58
20 59
20 60
20 61
20 62
20 63
20 65
20 68
20 70
20 71
20 73
20 75
20 76
20 77
20 78
20 79
20 83
20 88
20 90
20 91
20 92
20 94
20 96
20 97
20 98
20 100
20 101
20 103
20 104
20 105
20 106
20 111
20 113
20 114
20 118
20 121
20 123
20 124
20 129
20 132
20 134
20 136
20 139
20 142
20 151
20 152
20 162
20 163
20 181
20 183
20 184
20 186
20 188
20 193
20 194
20 195
20 196
21 22
21 23
21 24
21 25
21 26
21 27
21 28
21 29
21 30
21 31
21 32
21 35
21 36
21 39
21 42
21 43
21 45
21 46
21 48
21 51
21 52
21 54
21 57
21 61
21 62
21 64
21 67
21 69
21 75
21 76
21 80
21 82
21 83
21 84
21 92
21 93
21 97
21 100
21 103
21 109
21 116
21 117
21 118
21 121
21 123
21 126
21 128
21 130
21 132
21 133
21 136
21 140
21 145
21 147
21 148
21 149
21 153
21 157
21 158
21 162
21 163
21 164
21 170
21 175
21 178
21 179
21 190
21 191
22 24
22 25
22 26
22 32
22 34
22 36
22 39
22 44
22 45
22 46
22 54
22 59
22 62
22 67
22 69
22 73
22 74
22 86
22 99
22 113
22 128
22 131
22 138
22 143
22 146
22 155
22 156
22 158
22 167
22 169
22 173
22 174
22 183
22 185
22 188
22 197
23 24
23 25
23 26
23 28
23 29
23 31
23 32
23 33
23 34
23 38
23 40
23 41
23 43
23 44
23 48
23 49
23 54
23 55
23 59
23 60
23 61
23 65
23 66
23 68
23 69
23 76
23 77
23 78
23 92
23 95
23 97
23 108
23 111
23 113
23 114
23 115
23 130
23 134
23 136
23 152
23 153
23 156
23 180
23 185
23 190
24 27
24 28
24 29
24 30
24 32
24 33
24 37
24 38
24 39
24 41
24 43
24 44
24 45
24 46
24 47
24 49
24 50
24 51
24 52
24 56
24 57
24 58
24 60
24 65
24 70
24 71
24 75
24 77
24 83
24 84
24 96
24 98
24 101
24 107
24 114
24 133
24 140
24 141
24 142
24 143
24 154
24 157
24 163
24 166
24 167
24 177
24 185
24 188
24 193
24 195
25 26
25 27
25 28
25 29
25 30
25 32
25 34
25 35
25 36
25 39
25 42
25 43
25 45
25 49
25 51
25 57
25 64
25 73
25 77
25 89
25 91
25 93
25 97
25 99
25 105
25 108
25 109
25 113
25 115
25 119
25 120
25 124
25 129
25 134
25 135
25 147
25 149
25 151
25 153
25 161
25 163
25 182
25 196
26 27
26 30
26 33
26 34
26 35
26 38
26 48
26 49
26 53
26 54
26 57
26 58
26 59
26 60
26 61
26 63
26 67
26 68
26 77
26 82
26 83
26 85
26 89
26 90
26 100
26 102
26 104
26 108
26 109
26 111
26 123
26 135
26 140
26 149
26 151
26 181
26 185
26 187
26 188
27 28
27 29
27 41
27 42
27 43
27 50
27 53
27 66
27 75
27 80
27 82
27 93
27 94
27 106
27 108
27 117
27 121
27 122
27 126
27 127
27 131
27 140
27 145
27 161
27 172
27 191
27 193
28 30
28 31
28 32
28 33
28 37
28 47
28 58
28 59
28 65
28 71
28 73
28 87
28 101
28 108
28 111
28 118
28 147
28 160
28 161
28 169
28 170
28 171
28 180
28 186
28 190
28 191
28 197
29 30
29 31
29 33
29 34
29 35
29 36
29 37
29 38
29 39
29 40
29 42
29 45
29 47
29 55
29 56
29 63
29 64
29 66
29 74
29 78
29 80
29 87
29 88
29 89
29 99
29 102
29 103
29 104
29 118
29 124
29 129
29 145
29 148
29 160
29 161
29 171
29 174
29 178
29 180
29 192
29 197
29 198
30 31
30 32
30 34
30 41
30 43
30 44
30 47
30 50
30 52
30 54
30 73
30 77
30 81
30 83
30 87
30 92
30 93
30 95
30 99
30 104
30 105
30 110
30 114
30 115
30 123
30 126
30 127
30 132
30 133
30 134
30 140
30 143
30 146
30 148
30 150
30 152
30 158
30 161
30 174
30 178
30 182
30 186
30 192
30 193
30 194
31 37
31 38
31 48
31 49
31 56
31 65
31 66
31 70
31 81
31 82
31 84
31 85
31 93
31 95
31 102
31 106
31 107
31 118
31 120
31 127
31 131
31 137
31 138
31 143
31 150
31 152
31 159
31 167
31 180
31 186
31 190
31 198
32 33
32 34
32 35
32 40
32 41
32 45
32 46
32 47
32 48
32 51
32 62
32 69
32 72
32 74
32 80
32 84
32 86
32 89
32 90
32 100
32 104
32 106
32 107
32 114
32 126
32 132
32 135
32 137
32 141
32 148
32 156
32 158
32 165
32 167
32 177
32 184
33 36
33 38
33 39
33 42
33 44
33 48
33 51
33 52
33 53
33 55
33 56
33 57
33 58
33 62
33 64
33 65
33 66
33 74
33 76
33 77
33 78
33 79
33 80
33 85
33 87
33 89
33 99
33 110
33 116
33 119
33 136
33 138
33 140
33 149
33 165
33 167
33 169
33 173
33 174
33 187
33 190
34 39
34 42
34 45
34 48
34 52
34 56
34 59
34 60
34 61
34 64
34 69
34 71
34 76
34 77
34 88
34 94
34 101
34 105
34 112
34 119
34 128
34 134
34 148
34 157
34 164
34 169
34 189
34 191
34 197
35 38
35 43
35 44
35 52
35 55
35 56
35 61
35 64
35 68
35 70
35 88
35 90
35 120
35 126
35 144
35 148
35 155
35 166
35 176
35 187
36 37
36 38
36 39
36 40
36 41
36 42
36 44
36 47
36 49
36 50
36 53
36 54
36 55
36 56
36 65
36 71
36 75
36 79
36 86
36 93
36 99
36 102
36 103
36 104
36 108
36 111
36 112
36 124
36 139
36 142
36 150
36 162
36 167
36 181
36 189
36 191
36 193
36 194
36 199
37 41
37 42
37 43
37 45
37 46
37 47
37 53
37 55
37 58
37 59
37 67
37 70
37 80
37 81
37 90
37 96
37 98
37 111
37 119
37 125
37 133
37 151
37 158
37 180
37 183
37 190
37 195
37 196
37 199
38 39
38 54
38 63
38 72
38 85
38 91
38 93
38 102
38 117
38 128
38 143
38 152
38 168
38 181
39 55
39 56
39 59
39 61
39 64
39 66
39 73
39 81
39 85
39 86
39 90
39 95
39 108
39 113
39 116
39 123
39 124
39 130
39 131
39 135
39 144
39 146
39 149
39 168
39 174
39 197
40 42
40 43
40 44
40 49
40 52
40 58
40 66
40 69
40 72
40 74
40 84
40 89
40 91
40 92
40 98
40 105
40 109
40 110
40 114
40 117
40 121
40 126
40 143
40 147
40 173
40 190
40 193
41 45
41 50
41 57
41 62
41 67
41 71
41 72
41 87
41 96
41 101
41 114
41 117
41 126
41 129
41 144
41 151
41 161
41 169
41 171
41 173
41 179
41 186
41 188
42 46
42 51
42 63
42 64
42 73
42 93
42 102
42 108
42 118
42 123
42 132
42 135
42 137
42 139
42 143
42 150
42 160
42 169
42 170
42 171
42 173
42 188
42 196
43 48
43 50
43 53
43 54
43 57
43 58
43 60
43 65
43 66
43 71
43 72
43 76
43 80
43 82
43 84
43 85
43 87
43 97
43 102
43 104
43 109
43 115
43 116
43 120
43 124
43 125
43 144
43 146
43 158
43 160
43 177
43 189
43 192
43 198
44 47
44 48
44 50
44 53
44 60
44 64
44 67
44 72
44 80
44 84
44 98
44 100
44 105
44 114
44 124
44 125
44 127
44 131
44 139
44 151
44 155
44 158
44 167
44 175
44 186
45 55
45 61
45 62
45 71
45 72
45 86
45 113
45 127
45 128
45 137
45 156
45 165
45 192
46 49
46 51
46 53
46 56
46 57
46 59
46 60
46 62
46 69
46 77
46 82
46 88
46 92
46 105
46 116
46 125
46 138
46 142
46 148
46 155
46 156
46 171
46 175
46 176
46 196
46 199
47 49
47 50
47 51
47 55
47 56
47 62
47 65
47 66
47 68
47 79
47 82
47 83
47 87
47 90
47 91
47 97
47 98
47 103
47 110
47 115
47 118
47 150
47 167
47 168
47 170
47 175
47 182
47 198
48 50
48 60
48 63
48 64
48 78
48 107
48 112
48 113
48 118
48 129
48 149
48 160
48 169
48 183
48 187
48 190
48 199
49 63
49 72
49 74
49 81
49 90
49 95
49 104
49 110
49 112
49 124
49 145
49 160
49 165
49 176
49 187
50 54
50 58
50 67
50 68
50 69
50 70
50 74
50 80
50 82
50 91
50 92
50 95
50 97
50 100
50 109
50 118
50 122
50 142
50 146
50 147
50 153
50 155
50 161
50 162
50 177
50 195
51 101
51 122
51 126
51 136
51 152
51 179
52 54
52 55
52 59
52 63
52 67
52 68
52 70
52 72
52 76
52 82
52 88
52 103
52 107
52 112
52 119
52 126
52 128
52 132
52 134
52 141
52 148
52 155
52 158
52 160
52 161
52 162
52 167
52 169
52 175
52 184
52 196
52 198
53 57
53 58
53 64
53 65
53 68
53 71
53 75
53 79
53 85
53 88
53 98
53 105
53 154
53 181
54 72
54 79
54 84
54 98
54 105
54 123
54 145
54 154
54 172
54 199
55 60
55 72
55 76
55 86
55 87
55 96
55 106
55 117
55 121
55 154
56 58
56 59
56 62
56 75
56 92
56 97
56 99
56 101
56 112
56 132
56 146
56 167
56 168
56 177
57 60
57 62
57 65
57 74
57 96
57 101
57 103
57 115
57 120
57 121
57 126
57 127
57 132
57 133
57 138
57 156
57 178
57 180
57 190
58 66
58 78
58 83
58 87
58 92
58 93
58 94
58 97
58 98
58 100
58 108
58 111
58 116
58 122
58 128
58 132
58 144
58 156
58 165
58 172
59 62
59 71
59 74
59 77
59 89
59 91
59 92
59 108
59 116
59 122
59 129
59 138
59 168
59 171
59 174
59 190
60 61
60 65
60 70
60 73
60 79
60 81
60 93
60 95
60 96
60 99
60 106
60 116
60 120
60 121
60 122
60 130
60 132
60 133
60 155
60 170
60 176
60 185
60 186
60 190
60 191
60 192
60 195
60 198
61 66
61 70
61 74
61 99
61 122
61 125
61 127
61 128
61 130
61 135
61 136
61 142
61 162
61 188
61 193
62 75
62 81
62 83
62 90
62 121
62 163
62 174
62 180
63 66
63 67
63 94
63 96
63 106
63 113
63 133
63 164
63 171
63 180
63 188
63 193
64 77
64 79
64 83
64 84
64 93
64 100
64 106
64 107
64 112
64 113
64 116
64 120
64 134
64 139
64 152
64 160
64 162
64 171
64 190
65 66
65 72
65 73
65 74
65 78
65 79
65 91
65 97
65 109
65 132
65 150
65 155
65 157
65 176
65 181
66 74
66 79
66 82
66 83
66 86
66 88
66 107
66 111
66 123
66 125
66 159
66 172
66 186
67 70
67 71
67 82
67 86
67 95
67 97
67 102
67 115
67 119
67 124
67 125
67 141
68 69
68 76
68 78
68 89
68 98
68 123
68 136
68 139
68 149
68 151
68 164
68 175
68 178
69 70
69 75
69 76
69 77
69 88
69 102
69 107
69 110
69 119
69 133
69 147
69 162
69 171
69 173
69 182
69 183
69 197
69 199
70 81
70 90
70 103
70 115
70 121
70 123
70 131
70 146
70 154
70 176
70 181
71 78
71 80
71 83
71 86
71 96
71 111
71 122
71 196
72 80
72 85
72 86
72 91
72 94
72 104
72 119
72 122
72 140
72 154
72 159
72 162
72 177
72 195
73 80
73 84
73 92
73 107
73 136
73 170
74 75
74 82
74 88
74 99
74 103
74 106
74 110
74 146
74 172
74 187
75 78
75 97
75 108
75 135
75 172
75 188
75 192
75 196
75 199
76 85
76 91
76 136
76 139
76 145
76 183
76 194
77 78
77 86
77 146
77 149
77 159
77 166
77 193
78 109
78 113
78 158
78 180
78 182
79 88
79 94
79 101
79 123
79 124
79 134
79 140
79 147
79 187
79 198
80 89
80 91
80 98
80 120
80 130
80 142
80 146
80 147
80 157
80 174
81 85
81 89
81 99
81 107
81 126
81 144
81 156
81 159
81 163
81 165
82 83
82 96
82 103
82 107
82 140
82 149
82 150
82 154
82 155
82 191
83 89
83 100
83 102
83 109
83 115
83 136
83 137
83 144
83 173
84 87
84 90
84 91
84 98
84 106
84 110
84 112
84 120
84 122
84 127
84 130
84 150
84 168
84 186
84 192
84 198
85 91
85 127
85 162
85 179
85 191
85 193
86 97
86 100
86 112
86 117
86 120
86 129
86 147
86 154
86 156
86 164
87 95
87 105
87 141
87 157
87 158
87 169
87 179
87 182
87 192
87 197
88 101
88 116
88 126
88 133
88 153
88 154
89 96
89 97
89 103
89 107
89 125
89 159
89 163
89 166
90 106
90 110
90 135
90 138
90 150
90 151
90 153
90 161
90 167
90 178
90 183
91 142
91 163
91 166
91 179
91 185
91 193
91 194
92 104
92 112
92 116
92 131
92 137
92 151
92 153
92 164
92 166
92 170
92 173
92 179
92 181
92 189
92 191
93 101
93 113
93 115
93 161
93 183
94 102
94 106
94 109
94 110
94 117
94 172
94 179
94 189
94 194
95 96
95 104
95 112
95 115
95 116
95 118
95 119
95 120
95 128
95 131
95 157
95 164
95 177
95 193
95 195
96 111
96 121
96 138
96 156
96 160
96 169
96 189
97 115
97 120
97 145
97 149
98 101
98 104
98 107
98 121
98 144
98 145
98 147
98 152
98 162
99 100
99 106
99 119
99 122
99 151
99 164
99 175
100 102
100 113
100 130
100 133
100 163
100 173
100 179
100 197
101 118
101 130
101 143
101 148
101 170
101 182
101 185
102 125
102 128
102 129
102 130
102 135
102 176
103 111
103 114
103 153
104 111
104 120
104 130
104 141
104 147
104 153
104 167
104 170
104 174
104 184
105 131
105 178
106 109
106 121
106 125
106 137
106 155
106 166
106 180
107 108
107 115
107 127
107 141
107 148
107 151
107 172
107 179
107 181
108 129
108 133
108 143
108 155
108 166
108 172
108 195
109 132
109 144
109 156
109 191
109 199
110 125
110 135
110 141
110 192
110 197
110 198
111 112
111 115
111 145
111 159
111 161
111 163
112 123
112 165
112 192
112 194
113 118
113 129
113 140
113 146
113 185
114 116
114 131
114 137
114 165
114 181
114 187
115 177
116 140
116 175
116 177
116 192
117 176
117 189
118 126
118 155
118 173
118 178
118 184
118 197
119 139
119 142
119 154
119 156
119 194
120 132
120 137
120 138
120 139
120 144
120 168
120 176
121 167
121 175
121 189
121 194
122 136
122 149
122 152
122 153
122 162
122 171
122 180
123 149
123 170
123 183
124 134
124 135
124 136
124 139
124 140
124 143
124 145
124 148
124 159
124 164
124 186
125 135
125 146
125 158
125 171
125 179
126 139
126 145
126 153
126 168
126 176
127 133
127 134
127 173
127 189
127 193
127 194
127 199
128 150
128 160
128 166
128 168
128 187
128 188
129 145
129 157
129 175
129 185
130 137
130 166
131 143
131 165
131 178
131 183
131 191
132 133
132 138
132 142
132 149
132 151
132 166
132 184
132 189
132 198
133 137
133 181
133 188
134 156
134 165
134 177
134 195
134 198
135 141
135 150
135 156
135 160
135 178
135 192
136 148
136 153
136 154
136 163
136 171
136 173
136 184
136 194
137 162
138 143
138 176
138 179
139 164
139 196
139 198
140 141
140 147
140 192
140 196
141 176
142 169
142 178
142 180
142 189
144 159
144 166
144 184
145 162
145 180
145 195
146 157
146 165
146 171
146 181
147 182
147 196
148 164
149 160
150 170
150 178
151 162
151 182
151 190
151 196
152 180
152 193
153 157
153 168
153 175
153 187
153 190
153 197
154 166
154 172
154 173
154 187
154 198
155 176
156 159
157 170
157 182
157 196
158 170
159 163
159 172
159 177
159 184
159 187
159 195
160 170
160 173
160 174
160 183
161 184
161 192
162 175
162 186
162 187
163 164
163 172
164 183
164 184
164 186
165 179
165 191
166 182
168 187
169 174
169 184
169 188
169 195
170 171
170 185
172 189
173 184
174 199
176 194
176 197
177 189
178 196
180 188
185 195
187 199
