0 1
0 2
0 3
0 4
0 5
0 6
0 7
0 8
0 9
0 10
0 11
0 12
0 13
0 14
0 15
0 16
0 17
0 18
0 19
0 20
0 21
0 22
0 23
0 24
0 25
0 27
0 28
0 29
0 30
0 31
0 32
0 33
0 35
0 37
0 41
0 42
0 43
0 45
0 49
0 50
0 51
0 54
0 58
0 61
0 65
0 67
0 71
0 80
0 83
0 84
0 85
0 86
0 88
0 93
0 94
0 98
0 100
0 101
0 112
0 115
0 116
0 124
0 126
0 130
0 131
0 132
0 134
0 136
0 137
0 140
0 143
0 145
0 146
0 148
0 153
0 154
0 162
0 169
0 170
0 171
0 174
0 182
0 186
0 190
0 193
0 197
1 16
1 18
1 19
1 20
1 21
1 22
1 23
1 24
1 27
1 32
1 39
1 45
1 49
1 52
1 71
1 74
1 89
1 93
1 116
1 117
1 120
1 125
1 138
1 152
1 164
2 17
2 18
2 19
2 20
2 21
2 22
2 24
2 25
2 26
2 27
2 28
2 29
2 31
2 33
2 37
2 40
2 41
2 45
2 50
2 51
2 53
2 54
2 63
2 72
2 77
2 85
2 87
2 89
2 96
2 100
2 103
2 104
2 105
2 106
2 119
2 149
2 150
2 155
2 158
2 159
2 162
2 165
2 166
2 173
2 174
2 199
3 16
3 17
3 23
3 28
3 30
3 33
3 38
3 39
3 45
3 57
3 60
3 66
3 72
3 80
3 89
3 93
3 105
3 117
3 129
3 131
3 151
3 155
3 162
3 170
4 16
4 17
4 18
4 19
4 20
4 23
4 25
4 26
4 27
4 30
4 31
4 32
4 34
4 36
4 38
4 41
4 42
4 43
4 46
4 48
4 50
4 51
4 52
4 54
4 56
4 61
4 65
4 67
4 75
4 77
4 78
4 80
4 88
4 107
4 110
4 122
4 132
4 135
4 154
4 156
4 161
4 163
4 167
4 169
4 172
4 173
4 176
4 180
4 181
4 188
4 189
5 16
5 17
5 18
5 19
5 20
5 21
5 22
5 23
5 26
5 27
5 33
5 34
5 36
5 41
5 43
5 51
5 59
5 61
5 65
5 68
5 71
5 89
5 91
5 92
5 95
5 101
5 103
5 121
5 122
5 124
5 141
5 142
5 144
5 145
5 150
5 151
5 156
5 158
5 172
5 175
5 178
6 16
6 17
6 18
6 19
6 20
6 21
6 23
6 26
6 27
6 30
6 36
6 37
6 38
6 40
6 42
6 49
6 63
6 64
6 94
6 102
6 122
6 127
6 143
6 151
6 154
6 181
6 192
7 16
7 17
7 18
7 19
7 20
7 21
7 22
7 24
7 25
7 27
7 28
7 29
7 33
7 34
7 35
7 37
7 38
7 39
7 40
7 42
7 44
7 47
7 54
7 63
7 64
7 68
7 70
7 78
7 80
7 81
7 87
7 91
7 95
7 99
7 103
7 114
7 131
7 147
7 155
7 162
7 168
7 176
7 179
7 183
7 189
7 192
7 193
7 197
8 16
8 17
8 21
8 53
8 56
8 66
8 68
8 79
8 100
8 125
8 150
8 164
8 171
8 198
9 16
9 17
9 18
9 20
9 22
9 25
9 27
9 29
9 38
9 40
9 41
9 50
9 54
9 57
9 69
9 72
9 75
9 85
9 94
9 119
9 124
9 130
9 137
9 149
9 156
9 175
9 188
9 189
9 197
10 16
10 18
10 19
10 39
10 41
10 58
10 61
10 97
10 138
10 154
10 169
10 174
10 175
11 16
11 17
11 18
11 19
11 22
11 23
11 24
11 25
11 26
11 27
11 28
11 29
11 34
11 40
11 42
11 44
11 46
11 47
11 54
11 59
11 60
11 65
11 81
11 87
11 92
11 93
11 103
11 105
11 111
11 114
11 116
11 117
11 137
11 154
12 16
12 17
12 19
12 20
12 21
12 23
12 25
12 32
12 35
12 47
12 49
12 54
12 57
12 62
12 63
12 68
12 75
12 78
12 80
12 86
12 128
12 171
12 182
13 16
13 17
13 18
13 22
13 24
13 26
13 31
13 34
13 38
13 41
13 48
13 52
13 60
13 67
13 68
13 70
13 85
13 89
13 103
13 105
13 109
13 123
13 142
13 144
13 146
13 149
13 152
13 154
13 160
13 187
13 189
14 16
14 17
14 18
14 19
14 20
14 21
14 24
14 25
14 34
14 38
14 43
14 44
14 46
14 50
14 52
14 53
14 67
14 69
14 72
14 73
14 75
14 78
14 98
14 105
14 108
14 115
14 122
14 139
14 147
14 153
14 156
14 182
14 187
14 191
15 16
15 17
15 18
15 19
15 20
15 21
15 22
15 24
15 32
15 33
15 34
15 35
15 37
15 39
15 43
15 46
15 47
15 49
15 51
15 59
15 70
15 82
15 83
15 84
15 99
15 107
15 109
15 110
15 112
15 119
15 126
15 129
15 131
15 147
15 149
15 152
15 154
15 173
15 175
15 179
15 183
15 186
15 192
15 193
16 17
16 18
16 19
16 20
16 21
16 22
16 23
16 24
16 26
16 27
16 28
16 29
16 30
16 31
16 32
16 33
16 34
16 36
16 37
16 40
16 41
16 42
16 47
16 48
16 49
16 50
16 51
16 52
16 53
16 55
16 57
16 58
16 61
16 64
16 69
16 71
16 73
16 75
16 77
16 78
16 79
16 88
16 89
16 90
16 91
16 92
16 93
16 94
16 97
16 99
16 102
16 103
16 106
16 109
16 113
16 118
16 119
16 120
16 130
16 133
16 135
16 136
16 143
16 145
16 147
16 152
16 163
16 165
16 172
16 174
16 177
16 179
16 182
16 189
16 193
16 196
16 199
17 18
17 19
17 20
17 21
17 22
17 23
17 24
17 25
17 28
17 30
17 31
17 34
17 35
17 36
17 39
17 43
17 45
17 47
17 50
17 61
17 62
17 65
17 66
17 71
17 74
17 75
17 79
17 81
17 84
17 85
17 87
17 88
17 91
17 92
17 94
17 100
17 103
17 106
17 109
17 111
17 114
17 115
17 118
17 131
17 132
17 135
17 137
17 139
17 140
17 141
17 142
17 144
17 148
17 150
17 151
17 153
17 165
17 174
17 177
17 178
17 180
17 183
17 184
17 197
17 198
18 19
18 20
18 21
18 22
18 23
18 24
18 25
18 26
18 27
18 28
18 29
18 30
18 31
18 32
18 34
18 35
18 36
18 37
18 45
18 47
18 48
18 51
18 52
18 53
18 55
18 56
18 58
18 60
18 62
18 65
18 66
18 68
18 70
18 75
18 77
18 78
18 84
18 85
18 86
18 88
18 93
18 104
18 106
18 112
18 114
18 118
18 120
18 121
18 122
18 128
18 132
18 135
18 136
18 138
18 142
18 143
18 152
18 163
18 164
18 175
18 190
18 191
18 195
19 20
19 21
19 22
19 23
19 25
19 26
19 27
19 28
19 29
19 30
19 31
19 32
19 33
19 35
19 36
19 37
19 40
19 42
19 43
19 45
19 46
19 49
19 51
19 52
19 56
19 57
19 59
19 60
19 61
19 64
19 66
19 67
19 70
19 72
19 73
19 74
19 75
19 80
19 81
19 83
19 91
19 97
19 103
19 110
19 118
19 121
19 128
19 130
19 133
19 140
19 145
19 150
19 156
19 158
19 173
19 175
19 181
19 183
19 184
19 187
19 193
19 198
20 21
20 22
20 23
20 24
20 25
20 26
20 27
20 28
20 29
20 30
20 32
20 34
20 36
20 37
20 38
20 39
20 40
20 43
20 46
20 47
20 49
20 58
20 59
20 62
20 67
20 69
20 76
20 79
20 81
20 82
20 86
20 95
20 96
20 101
20 105
20 110
20 116
20 118
20 120
20 122
20 124
20 128
20 130
20 139
20 142
20 145
20 146
20 149
20 158
20 167
20 168
20 175
20 182
20 188
20 192
20 193
20 194
20 198
21 22
21 23
21 24
21 25
21 26
21 28
21 29
21 30
21 32
21 35
21 36
21 38
21 40
21 42
21 44
21 45
21 46
21 48
21 49
21 50
21 55
21 57
21 58
21 59
21 62
21 65
21 67
21 68
21 69
21 71
21 73
21 75
21 76
21 77
21 78
21 80
21 86
21 87
21 88
21 92
21 96
21 100
21 107
21 108
21 111
21 112
21 114
21 118
21 119
21 122
21 126
21 129
21 132
21 137
21 144
21 148
21 150
21 164
21 167
21 175
21 185
21 196
21 199
22 23
22 24
22 25
22 26
22 27
22 28
22 29
22 31
22 32
22 33
22 35
22 36
22 37
22 39
22 42
22 43
22 45
22 47
22 53
22 54
22 58
22 61
22 63
22 64
22 69
22 74
22 75
22 78
22 79
22 87
22 94
22 96
22 100
22 103
22 105
22 108
22 109
22 110
22 111
22 112
22 122
22 123
22 125
22 129
22 131
22 140
22 143
22 146
22 153
22 161
22 167
22 168
22 171
22 174
22 184
22 191
22 194
22 196
23 24
23 26
23 28
23 31
23 32
23 40
23 45
23 48
23 51
23 53
23 55
23 57
23 58
23 60
23 65
23 72
23 73
23 74
23 76
23 77
23 79
23 82
23 83
23 84
23 87
23 97
23 100
23 101
23 102
23 106
23 109
23 112
23 114
23 119
23 124
23 125
23 134
23 135
23 138
23 139
23 147
23 156
23 157
23 165
23 167
23 178
23 195
23 197
24 25
24 26
24 29
24 30
24 31
24 39
24 40
24 44
24 48
24 51
24 53
24 55
24 57
24 63
24 69
24 72
24 74
24 93
24 112
24 118
24 128
24 130
24 135
24 140
24 141
24 149
24 150
24 154
24 155
24 167
24 172
24 173
24 175
24 176
24 177
24 178
24 186
24 189
24 192
24 197
25 26
25 27
25 28
25 30
25 31
25 33
25 36
25 37
25 38
25 39
25 48
25 50
25 56
25 58
25 61
25 64
25 71
25 73
25 77
25 87
25 90
25 102
25 114
25 116
25 124
25 126
25 127
25 130
25 136
25 140
25 142
25 149
25 159
25 161
25 162
25 166
25 168
25 172
25 173
25 177
25 186
25 192
25 198
25 199
26 28
26 29
26 30
26 31
26 33
26 34
26 35
26 38
26 39
26 40
26 41
26 43
26 44
26 49
26 51
26 53
26 54
26 55
26 57
26 60
26 68
26 71
26 74
26 77
26 78
26 81
26 83
26 86
26 98
26 106
26 113
26 119
26 121
26 125
26 139
26 145
26 148
26 157
26 162
26 171
26 180
26 185
26 186
26 191
27 29
27 32
27 33
27 34
27 35
27 36
27 37
27 38
27 39
27 40
27 41
27 42
27 44
27 49
27 50
27 55
27 56
27 66
27 69
27 70
27 74
27 75
27 82
27 84
27 87
27 89
27 93
27 96
27 99
27 100
27 102
27 113
27 118
27 120
27 123
27 127
27 129
27 131
27 141
27 151
27 152
27 157
27 161
27 163
27 169
27 174
27 177
27 178
27 185
27 188
27 198
28 29
28 30
28 31
28 33
28 34
28 35
28 36
28 38
28 41
28 43
28 45
28 46
28 47
28 52
28 53
28 54
28 56
28 57
28 60
28 62
28 64
28 65
28 67
28 68
28 76
28 81
28 84
28 87
28 88
28 90
28 94
28 106
28 107
28 108
28 115
28 125
28 127
28 136
28 137
28 140
28 141
28 146
28 147
28 167
28 173
28 179
28 184
28 192
29 30
29 31
29 32
29 33
29 37
29 48
29 53
29 55
29 56
29 58
29 62
29 63
29 69
29 70
29 72
29 76
29 81
29 83
29 91
29 92
29 96
29 97
29 102
29 103
29 114
29 125
29 127
29 133
29 142
29 152
29 155
29 156
29 168
29 177
29 186
30 35
30 37
30 43
30 44
30 46
30 50
30 55
30 64
30 66
30 68
30 73
30 81
30 92
30 95
30 102
30 126
30 137
30 145
30 152
30 170
31 32
31 35
31 37
31 41
31 42
31 44
31 46
31 48
31 51
31 53
31 56
31 59
31 71
31 74
31 79
31 84
31 86
31 92
31 96
31 120
31 133
31 137
31 154
31 161
31 170
31 182
31 184
31 195
32 33
32 35
32 36
32 44
32 46
32 50
32 52
32 55
32 70
32 71
32 73
32 75
32 76
32 79
32 83
32 84
32 98
32 99
32 104
32 114
32 143
32 144
32 146
32 151
32 153
32 163
32 166
32 168
32 170
32 172
32 183
32 195
33 34
33 38
33 40
33 44
33 45
33 48
33 50
33 52
33 57
33 58
33 59
33 60
33 70
33 73
33 74
33 83
33 88
33 90
33 91
33 95
33 100
33 102
33 109
33 124
33 126
33 129
33 130
33 133
33 135
33 136
33 142
33 147
33 150
33 172
33 184
33 191
34 39
34 40
34 44
34 46
34 47
34 53
34 54
34 57
34 58
34 59
34 72
34 73
34 75
34 76
34 79
34 82
34 87
34 88
34 89
34 94
34 108
34 109
34 112
34 120
34 129
34 137
34 138
34 142
34 144
34 150
34 158
34 185
34 187
34 189
34 192
34 196
34 198
35 36
35 39
35 41
35 42
35 43
35 44
35 49
35 51
35 56
35 57
35 59
35 61
35 65
35 66
35 67
35 68
35 70
35 72
35 77
35 89
35 96
35 108
35 121
35 127
35 141
35 143
35 144
35 145
35 147
35 149
35 150
35 153
35 154
35 158
35 159
35 163
35 194
35 195
35 199
36 38
36 42
36 46
36 50
36 52
36 61
36 63
36 66
36 67
36 75
36 82
36 98
36 99
36 107
36 112
36 116
36 118
36 139
36 151
36 157
36 171
36 191
37 39
37 45
37 46
37 47
37 53
37 55
37 59
37 64
37 65
37 67
37 71
37 76
37 79
37 82
37 87
37 90
37 92
37 94
37 96
37 97
37 100
37 101
37 103
37 106
37 110
37 112
37 114
37 121
37 144
37 163
37 191
37 192
37 194
38 41
38 46
38 51
38 55
38 63
38 64
38 72
38 73
38 76
38 79
38 92
38 99
38 110
38 122
38 127
38 135
38 146
38 160
38 182
38 190
39 43
39 44
39 45
39 55
39 56
39 58
39 60
39 61
39 66
39 68
39 78
39 82
39 83
39 84
39 89
39 92
39 93
39 97
39 106
39 115
39 135
39 141
39 166
39 174
39 196
40 41
40 42
40 44
40 45
40 47
40 49
40 68
40 78
40 82
40 83
40 95
40 99
40 104
40 106
40 108
40 110
40 113
40 117
40 124
40 130
40 134
40 146
40 147
40 184
40 186
40 191
41 42
41 43
41 48
41 52
41 76
41 77
41 86
41 91
41 115
41 122
41 140
41 145
41 154
42 47
42 48
42 49
42 52
42 63
42 80
42 88
42 104
42 113
42 117
42 124
42 132
42 139
42 140
42 142
42 154
42 157
42 171
42 180
42 181
42 199
43 48
43 54
43 55
43 61
43 64
43 66
43 68
43 73
43 78
43 86
43 88
43 92
43 95
43 106
43 111
43 115
43 130
43 131
43 134
43 138
43 156
43 165
43 187
43 188
43 189
44 48
44 49
44 52
44 53
44 54
44 62
44 64
44 65
44 66
44 73
44 76
44 83
44 85
44 88
44 91
44 92
44 99
44 101
44 104
44 107
44 108
44 130
44 134
44 140
44 160
44 162
44 164
44 180
44 186
44 189
44 194
45 60
45 62
45 67
45 68
45 74
45 90
45 98
45 101
45 113
45 123
45 133
45 144
45 149
45 157
45 158
45 183
46 47
46 51
46 58
46 60
46 69
46 70
46 81
46 82
46 84
46 95
46 100
46 107
46 111
46 114
46 116
46 117
46 125
46 128
46 138
46 149
46 159
46 161
46 166
46 183
46 194
47 52
47 54
47 61
47 69
47 84
47 85
47 108
47 111
47 117
47 148
47 161
47 165
47 166
47 168
47 169
47 182
47 195
48 50
48 55
48 56
48 59
48 63
48 69
48 80
48 86
48 105
48 106
48 113
48 120
48 122
48 127
48 130
48 134
48 140
48 141
48 151
48 188
48 193
48 195
49 54
49 59
49 62
49 69
49 92
49 98
49 109
49 114
49 117
49 131
49 133
49 136
49 138
49 143
49 153
49 168
49 175
49 185
49 193
49 198
50 57
50 60
50 65
50 66
50 69
50 76
50 85
50 91
50 96
50 97
50 100
50 111
50 147
50 165
50 167
50 170
50 186
50 189
50 190
50 193
51 56
51 62
51 63
51 72
51 73
51 86
51 90
51 101
51 107
51 111
51 113
51 123
51 125
51 146
51 153
51 160
51 164
52 57
52 62
52 64
52 81
52 83
52 84
52 88
52 122
52 128
52 129
52 133
52 148
52 158
52 164
52 179
53 56
53 61
53 63
53 82
53 101
53 102
53 105
53 110
53 116
53 134
53 143
53 148
53 167
53 188
53 194
53 195
54 56
54 71
54 78
54 79
54 80
54 93
54 104
54 111
54 113
54 115
54 126
54 132
54 143
54 149
54 150
54 151
54 159
54 163
54 182
54 183
54 185
55 58
55 59
55 62
55 74
55 82
55 91
55 93
55 98
55 99
55 103
55 137
55 152
55 169
55 182
56 60
56 62
56 63
56 70
56 71
56 72
56 85
56 89
56 95
56 96
56 97
56 98
56 100
56 114
56 134
56 146
56 148
56 153
56 165
56 166
56 168
56 198
57 59
57 60
57 63
57 66
57 72
57 80
57 102
57 113
57 116
57 117
57 128
57 132
57 157
57 182
58 64
58 67
58 74
58 87
58 89
58 90
58 91
58 97
58 105
58 124
58 133
58 147
58 149
58 151
58 153
58 167
58 169
58 191
59 65
59 67
59 74
59 80
59 81
59 82
59 85
59 99
59 103
59 115
59 116
59 127
59 129
59 132
59 162
59 164
59 176
59 181
59 190
59 196
60 62
60 64
60 90
60 101
60 113
60 121
60 131
60 149
60 160
60 166
60 170
60 179
60 186
61 75
61 85
61 100
61 105
61 196
62 65
62 71
62 78
62 79
62 98
62 99
62 121
62 136
62 155
62 156
62 162
62 169
62 190
62 199
63 67
63 70
63 87
63 90
63 97
63 104
63 113
63 134
63 142
63 168
63 170
63 172
63 177
63 193
63 199
64 70
64 79
64 82
64 84
64 85
64 90
64 104
64 116
64 124
64 125
64 126
64 135
64 137
64 150
64 155
64 162
64 197
65 66
65 93
65 94
65 101
65 105
65 122
65 128
65 148
65 161
65 198
66 74
66 77
66 84
66 90
66 106
66 115
66 129
66 143
66 151
66 159
66 166
66 191
67 70
67 73
67 94
67 106
67 114
67 127
67 134
67 164
67 177
68 69
68 71
68 77
68 80
68 91
68 96
68 107
68 120
68 131
68 132
68 139
68 158
68 164
68 172
68 179
68 180
68 184
68 197
69 72
69 79
69 80
69 85
69 130
69 149
69 155
69 163
69 165
69 169
69 179
69 197
70 77
70 83
70 86
70 93
70 94
70 97
70 110
70 115
70 116
70 117
70 127
70 139
70 143
70 158
70 171
70 177
70 179
70 181
70 185
70 190
70 196
71 77
71 80
71 82
71 86
71 90
71 95
71 96
71 97
71 102
71 109
71 111
71 119
71 123
71 129
71 134
71 157
71 165
71 170
71 199
72 76
72 81
72 89
72 98
72 102
72 108
72 115
72 120
72 123
72 133
72 136
72 138
72 147
72 149
72 153
72 155
72 157
72 160
72 161
72 176
73 76
73 77
73 86
73 88
73 96
73 97
73 104
73 107
73 113
73 119
73 121
73 123
73 126
73 130
73 139
73 140
73 158
73 175
73 176
73 194
73 195
74 81
74 110
74 123
74 129
74 150
74 163
74 165
74 194
75 76
75 78
75 87
75 95
75 98
75 99
75 107
75 120
75 121
75 128
75 133
75 142
75 151
75 159
75 176
75 179
75 181
75 184
75 193
75 195
76 83
76 89
76 95
76 102
76 109
76 111
76 114
76 141
76 145
76 160
76 173
76 182
76 183
76 199
77 86
77 90
77 95
77 101
77 112
77 119
77 128
77 141
77 146
77 160
77 161
77 164
77 178
77 181
78 83
78 98
78 100
78 112
78 120
78 126
78 175
78 183
79 94
79 107
79 117
79 160
79 167
79 178
80 81
80 85
80 96
80 106
80 116
80 122
80 123
80 125
80 141
80 152
80 153
80 157
80 158
80 184
80 187
80 191
80 198
81 93
81 94
81 104
81 139
81 140
81 155
81 169
82 90
82 104
82 108
82 122
82 128
82 131
82 132
82 134
82 135
82 147
82 150
82 159
82 170
82 171
82 197
83 93
83 99
83 105
83 148
83 160
83 179
84 94
84 105
84 109
84 120
84 128
84 139
84 141
84 159
84 160
84 166
84 181
84 193
84 196
85 88
85 91
85 101
85 118
85 127
85 136
85 145
85 148
85 163
85 176
85 178
85 193
85 194
86 101
86 103
86 109
86 112
86 115
86 197
87 89
87 91
87 92
87 105
87 107
87 110
87 133
87 134
87 170
88 95
88 111
88 117
88 135
88 138
88 143
88 159
88 161
88 180
88 184
88 188
88 189
89 99
89 107
89 110
89 120
89 132
89 155
89 176
90 98
90 108
90 116
90 123
90 126
90 166
90 177
90 181
90 182
90 190
90 195
91 102
91 104
91 135
91 146
91 153
91 178
91 192
92 128
92 133
92 136
92 138
92 144
92 159
92 170
92 178
92 196
93 101
93 118
93 124
93 161
93 168
94 95
94 102
94 109
94 124
94 146
94 159
94 160
94 184
95 115
95 134
95 148
96 97
96 103
96 104
96 107
96 113
96 142
96 156
96 158
96 176
96 180
97 98
97 108
97 118
97 119
97 123
97 148
97 170
97 197
98 110
98 116
98 126
98 152
98 160
98 161
98 163
98 166
98 178
98 195
98 196
99 110
99 111
99 118
99 120
99 125
99 130
99 167
99 183
99 187
99 193
100 108
100 117
100 121
100 133
100 145
100 157
100 174
100 190
101 108
101 121
101 135
101 144
101 153
101 160
102 104
102 126
102 127
102 132
102 151
102 169
102 194
103 111
103 117
103 123
103 125
103 126
103 144
103 172
103 180
103 188
103 192
103 194
104 118
104 132
104 137
104 151
104 157
104 165
104 172
104 175
104 181
104 184
104 186
104 187
104 188
105 112
105 119
105 131
105 136
105 185
105 192
105 195
106 119
106 121
106 134
106 137
106 172
106 173
106 183
107 109
107 113
107 154
107 159
107 171
107 173
107 191
108 119
108 125
108 129
108 141
108 159
108 168
108 173
108 177
109 117
109 118
109 128
109 132
109 166
109 174
109 189
110 112
110 121
110 143
110 163
110 167
110 171
111 121
111 133
111 173
111 182
111 184
111 188
111 189
112 123
112 124
112 127
112 136
112 146
112 176
112 186
112 190
113 124
113 129
113 144
113 177
113 198
114 115
114 125
114 127
114 147
114 164
114 197
115 180
116 126
116 146
116 153
116 155
116 166
116 179
117 175
117 190
118 119
118 145
118 178
119 141
119 148
119 199
120 140
120 145
120 152
120 158
120 163
120 183
121 123
121 129
121 135
121 144
121 157
121 169
121 186
122 141
122 157
122 170
123 143
123 156
123 188
124 137
124 139
124 178
124 197
125 131
125 142
125 174
125 182
126 136
126 138
126 169
127 131
127 136
127 187
128 137
128 155
128 158
128 162
128 163
128 185
129 138
129 139
129 140
129 150
129 156
129 159
129 168
129 172
129 192
129 198
130 138
130 139
130 161
130 176
131 166
132 138
132 147
132 156
132 180
132 199
133 155
134 156
134 168
134 169
134 170
134 173
134 175
134 183
134 191
135 142
135 157
135 160
136 152
137 165
137 181
137 188
138 152
138 161
138 164
138 174
138 193
139 154
139 174
139 177
140 176
140 181
141 156
141 162
141 187
142 144
142 174
142 185
142 196
144 145
144 148
144 162
144 176
144 180
144 188
144 189
144 196
145 164
145 179
145 191
146 154
146 165
147 151
147 173
147 190
148 191
150 155
150 176
150 199
151 152
151 162
151 173
152 185
153 168
153 171
153 187
153 195
156 165
156 167
156 169
156 186
158 180
158 198
159 162
159 167
159 171
160 172
161 164
161 185
161 187
161 194
162 181
165 190
166 179
166 187
167 171
167 184
167 198
168 190
168 196
169 171
169 192
169 194
169 197
169 199
170 172
170 178
171 185
172 174
172 180
172 187
173 185
174 177
174 178
176 177
176 179
176 183
176 188
177 180
177 181
177 185
177 195
177 199
179 187
180 186
181 194
183 190
184 189
186 192
186 196
