0 1
0 2
0 3
0 4
0 5
0 6
0 7
0 8
0 9
0 10
0 11
0 12
0 13
0 14
0 15
0 16
0 17
0 18
0 19
0 20
0 21
0 22
0 23
0 25
0 26
0 27
0 30
0 31
0 33
0 35
0 37
0 38
0 39
0 40
0 41
0 43
0 44
0 45
0 51
0 52
0 55
0 60
0 63
0 67
0 68
0 69
0 70
0 72
0 73
0 77
0 78
0 80
0 82
0 84
0 91
0 92
0 93
0 94
0 96
0 98
0 104
0 106
0 109
0 117
0 121
0 124
0 133
0 138
0 149
0 153
0 157
0 158
0 159
0 161
0 163
0 164
0 166
0 174
0 178
0 183
0 187
0 196
0 198
0 199
1 16
1 17
1 18
1 19
1 20
1 21
1 22
1 24
1 25
1 28
1 29
1 30
1 31
1 32
1 33
1 34
1 35
1 36
1 37
1 39
1 40
1 44
1 48
1 57
1 59
1 62
1 68
1 70
1 74
1 85
1 87
1 92
1 94
1 98
1 117
1 121
1 132
1 134
1 140
1 142
1 144
1 145
1 146
1 150
1 156
1 175
1 176
1 183
1 197
2 16
2 17
2 18
2 19
2 20
2 22
2 26
2 27
2 28
2 31
2 32
2 34
2 38
2 40
2 41
2 42
2 48
2 52
2 56
2 57
2 61
2 65
2 67
2 68
2 80
2 83
2 85
2 87
2 88
2 94
2 95
2 104
2 111
2 116
2 134
2 154
2 163
2 175
2 181
2 185
2 188
2 190
3 16
3 17
3 18
3 19
3 26
3 36
3 38
3 46
3 47
3 62
3 64
3 84
3 96
3 99
3 101
3 147
3 148
3 165
3 173
3 187
4 16
4 19
4 20
4 21
4 22
4 23
4 24
4 25
4 27
4 28
4 33
4 38
4 43
4 44
4 53
4 68
4 69
4 70
4 80
4 81
4 88
4 93
4 98
4 105
4 117
4 125
4 140
4 143
4 144
4 157
4 173
4 178
5 16
5 18
5 22
5 25
5 33
5 43
5 88
5 89
5 98
5 103
5 130
5 134
5 142
5 158
5 162
5 166
6 16
6 17
6 18
6 19
6 20
6 22
6 24
6 34
6 35
6 37
6 38
6 39
6 40
6 43
6 52
6 61
6 73
6 74
6 75
6 81
6 82
6 98
6 120
6 130
6 134
6 136
6 157
6 176
7 16
7 17
7 18
7 19
7 20
7 22
7 23
7 24
7 25
7 26
7 27
7 28
7 30
7 35
7 36
7 41
7 42
7 44
7 47
7 49
7 51
7 54
7 60
7 62
7 63
7 66
7 67
7 69
7 72
7 73
7 79
7 82
7 83
7 86
7 94
7 95
7 96
7 99
7 103
7 117
7 118
7 119
7 126
7 127
7 128
7 133
7 145
7 151
7 154
7 157
7 160
7 161
7 165
7 171
7 174
8 16
8 17
8 19
8 21
8 23
8 24
8 25
8 26
8 27
8 31
8 32
8 36
8 40
8 43
8 46
8 48
8 54
8 58
8 61
8 72
8 76
8 78
8 84
8 95
8 100
8 106
8 111
8 113
8 116
8 118
8 120
8 129
8 130
8 139
8 143
8 153
8 155
8 163
8 167
8 171
8 178
8 181
8 183
8 195
9 16
9 17
9 18
9 19
9 20
9 21
9 22
9 26
9 27
9 28
9 29
9 31
9 32
9 33
9 35
9 37
9 50
9 51
9 55
9 60
9 65
9 67
9 68
9 77
9 78
9 80
9 83
9 84
9 96
9 113
9 116
9 120
9 131
9 148
9 154
9 157
9 172
9 173
10 16
10 17
10 19
10 21
10 26
10 27
10 30
10 34
10 42
10 47
10 52
10 66
10 70
10 72
10 86
10 92
10 103
10 126
10 129
10 140
10 151
10 158
10 162
10 165
10 188
11 16
11 17
11 18
11 19
11 20
11 21
11 22
11 23
11 24
11 29
11 31
11 38
11 40
11 41
11 45
11 47
11 48
11 52
11 55
11 58
11 59
11 67
11 79
11 81
11 83
11 95
11 96
11 119
11 145
11 185
12 16
12 17
12 18
12 23
12 27
12 29
12 30
12 33
12 34
12 35
12 41
12 44
12 45
12 51
12 56
12 65
12 69
12 71
12 81
12 84
12 88
12 92
12 101
12 104
12 105
12 109
12 123
12 137
12 158
12 172
12 186
12 197
13 16
13 17
13 18
13 19
13 20
13 21
13 22
13 23
13 30
13 32
13 33
13 40
13 43
13 53
13 56
13 57
13 61
13 62
13 74
13 78
13 84
13 111
13 112
13 117
13 127
13 133
13 135
13 137
13 138
13 146
13 151
13 178
13 179
13 184
14 17
14 18
14 20
14 21
14 23
14 25
14 27
14 32
14 33
14 36
14 38
14 40
14 46
14 47
14 48
14 51
14 52
14 55
14 63
14 64
14 80
14 83
14 101
14 105
14 108
14 109
14 122
14 124
14 132
14 134
14 135
14 147
14 155
14 162
14 184
15 16
15 17
15 18
15 20
15 21
15 22
15 24
15 25
15 28
15 29
15 30
15 43
15 44
15 45
15 53
15 58
15 61
15 64
15 65
15 73
15 74
15 75
15 87
15 97
15 99
15 106
15 110
15 113
15 119
15 135
15 138
15 151
15 152
15 163
15 187
16 17
16 18
16 19
16 20
16 21
16 22
16 23
16 24
16 25
16 26
16 28
16 29
16 30
16 31
16 34
16 35
16 37
16 40
16 47
16 48
16 49
16 51
16 54
16 56
16 57
16 61
16 62
16 63
16 66
16 69
16 70
16 71
16 72
16 74
16 75
16 93
16 94
16 95
16 98
16 106
16 107
16 109
16 111
16 114
16 119
16 120
16 122
16 126
16 129
16 130
16 135
16 149
16 150
16 153
16 155
16 156
16 163
16 166
16 169
16 171
16 174
16 177
16 178
16 186
16 188
16 196
17 18
17 19
17 20
17 21
17 22
17 23
17 24
17 25
17 27
17 28
17 29
17 30
17 31
17 38
17 39
17 40
17 41
17 44
17 46
17 48
17 51
17 52
17 53
17 56
17 58
17 59
17 63
17 64
17 67
17 71
17 72
17 73
17 77
17 79
17 82
17 84
17 85
17 86
17 97
17 102
17 114
17 115
17 117
17 118
17 122
17 125
17 128
17 130
17 132
17 137
17 141
17 144
17 146
17 147
17 153
17 155
17 160
17 164
17 166
17 167
17 169
17 171
17 180
17 181
17 188
17 196
18 19
18 20
18 21
18 22
18 23
18 24
18 25
18 26
18 27
18 28
18 29
18 30
18 32
18 33
18 34
18 35
18 36
18 37
18 39
18 40
18 42
18 43
18 44
18 45
18 46
18 49
18 50
18 51
18 53
18 56
18 58
18 59
18 60
18 63
18 71
18 73
18 74
18 76
18 78
18 79
18 82
18 83
18 85
18 88
18 90
18 94
18 101
18 102
18 105
18 109
18 111
18 113
18 120
18 125
18 131
18 137
18 139
18 141
18 151
18 153
18 154
18 159
18 160
18 162
18 165
18 167
18 170
18 171
18 172
18 176
18 177
18 183
18 186
18 191
18 194
19 20
19 21
19 23
19 24
19 25
19 26
19 27
19 30
19 31
19 33
19 34
19 35
19 36
19 37
19 38
19 41
19 45
19 46
19 49
19 51
19 54
19 55
19 56
19 62
19 68
19 69
19 76
19 77
19 83
19 85
19 87
19 92
19 94
19 100
19 104
19 114
19 117
19 122
19 127
19 128
19 136
19 139
19 141
19 145
19 146
19 155
19 162
19 180
19 181
19 191
20 21
20 22
20 23
20 24
20 25
20 26
20 28
20 29
20 31
20 32
20 33
20 35
20 36
20 37
20 41
20 42
20 43
20 45
20 46
20 47
20 48
20 56
20 57
20 59
20 64
20 67
20 72
20 75
20 79
20 82
20 83
20 86
20 87
20 89
20 90
20 94
20 95
20 107
20 108
20 110
20 111
20 113
20 117
20 121
20 127
20 128
20 131
20 141
20 142
20 154
20 155
20 156
20 161
20 174
20 178
20 183
20 184
20 187
20 188
20 190
20 192
20 194
20 196
21 23
21 24
21 25
21 26
21 27
21 28
21 29
21 31
21 32
21 38
21 39
21 40
21 42
21 43
21 45
21 46
21 47
21 48
21 54
21 58
21 59
21 62
21 63
21 65
21 67
21 73
21 76
21 78
21 83
21 85
21 87
21 92
21 99
21 101
21 108
21 110
21 113
21 120
21 122
21 123
21 128
21 132
21 138
21 147
21 153
21 160
21 161
21 165
21 169
21 177
21 191
21 195
22 23
22 24
22 25
22 26
22 27
22 28
22 29
22 31
22 32
22 33
22 34
22 36
22 37
22 39
22 41
22 44
22 49
22 50
22 53
22 54
22 55
22 56
22 57
22 58
22 70
22 75
22 77
22 84
22 90
22 91
22 93
22 97
22 100
22 123
22 124
22 137
22 148
22 150
22 152
22 159
22 168
22 173
22 177
22 190
23 24
23 26
23 27
23 28
23 29
23 34
23 36
23 40
23 46
23 48
23 50
23 54
23 55
23 58
23 61
23 68
23 71
23 80
23 81
23 83
23 84
23 87
23 89
23 90
23 97
23 101
23 113
23 123
23 125
23 128
23 133
23 134
23 136
23 150
23 151
23 157
23 166
23 184
23 191
24 26
24 28
24 30
24 32
24 37
24 38
24 39
24 46
24 47
24 50
24 57
24 60
24 71
24 80
24 85
24 96
24 99
24 100
24 102
24 104
24 105
24 117
24 124
24 129
24 144
24 147
24 149
24 190
24 194
25 29
25 30
25 31
25 32
25 33
25 34
25 39
25 40
25 41
25 43
25 49
25 55
25 58
25 60
25 62
25 68
25 80
25 82
25 86
25 94
25 99
25 106
25 108
25 115
25 120
25 121
25 124
25 127
25 143
25 152
25 155
25 156
25 161
25 174
25 175
25 182
26 32
26 34
26 35
26 37
26 45
26 46
26 47
26 51
26 52
26 59
26 64
26 76
26 77
26 78
26 79
26 88
26 98
26 111
26 115
26 119
26 120
26 123
26 125
26 131
26 139
26 140
26 143
26 147
26 153
26 158
26 175
26 180
26 197
26 199
27 28
27 29
27 30
27 31
27 34
27 35
27 36
27 39
27 42
27 45
27 47
27 49
27 50
27 55
27 61
27 63
27 68
27 73
27 81
27 85
27 88
27 89
27 93
27 97
27 100
27 102
27 103
27 104
27 116
27 118
27 125
27 126
27 128
27 133
27 134
27 135
27 138
27 150
27 162
27 166
27 170
27 179
27 182
27 184
27 193
27 196
28 29
28 31
28 33
28 35
28 36
28 37
28 41
28 43
28 44
28 47
28 48
28 49
28 51
28 53
28 58
28 60
28 61
28 66
28 71
28 74
28 76
28 87
28 88
28 90
28 92
28 93
28 107
28 111
28 112
28 116
28 117
28 118
28 120
28 122
28 129
28 131
28 136
28 148
28 151
28 154
28 156
28 159
28 164
28 182
28 183
28 189
28 190
28 193
28 198
29 30
29 33
29 34
29 35
29 41
29 42
29 43
29 44
29 45
29 48
29 58
29 60
29 66
29 69
29 70
29 71
29 74
29 82
29 86
29 90
29 92
29 93
29 110
29 121
29 126
29 135
29 138
29 140
29 149
29 157
29 158
29 169
29 171
29 173
29 178
29 182
29 194
29 196
30 32
30 36
30 41
30 50
30 52
30 55
30 61
30 62
30 69
30 73
30 77
30 101
30 109
30 110
30 113
30 117
30 135
30 139
30 140
30 142
30 145
30 163
30 195
30 198
31 32
31 34
31 38
31 39
31 42
31 43
31 44
31 49
31 53
31 54
31 63
31 65
31 66
31 68
31 72
31 75
31 79
31 84
31 91
31 93
31 94
31 122
31 133
31 156
31 160
31 168
31 171
31 177
31 179
31 180
31 192
32 38
32 39
32 48
32 49
32 50
32 51
32 53
32 54
32 59
32 66
32 71
32 72
32 75
32 85
32 89
32 90
32 91
32 92
32 99
32 104
32 119
32 139
32 146
32 147
32 152
32 156
32 157
32 168
32 171
32 175
32 181
32 198
33 35
33 36
33 37
33 38
33 39
33 41
33 42
33 44
33 49
33 54
33 55
33 59
33 60
33 61
33 64
33 65
33 66
33 71
33 73
33 74
33 75
33 77
33 78
33 79
33 83
33 89
33 95
33 101
33 111
33 113
33 114
33 124
33 130
33 135
33 139
33 150
33 172
33 180
33 191
33 192
33 195
34 36
34 42
34 44
34 46
34 50
34 52
34 54
34 60
34 80
34 81
34 84
34 89
34 93
34 112
34 114
34 137
34 139
34 141
34 148
34 176
34 180
35 37
35 41
35 42
35 45
35 47
35 49
35 50
35 51
35 54
35 62
35 63
35 66
35 67
35 70
35 71
35 72
35 78
35 79
35 81
35 82
35 85
35 86
35 89
35 91
35 97
35 115
35 120
35 121
35 122
35 124
35 127
35 134
35 138
35 141
35 144
35 167
35 168
35 174
35 177
35 183
35 196
35 197
35 198
35 199
36 37
36 38
36 39
36 46
36 47
36 50
36 56
36 59
36 61
36 65
36 74
36 75
36 76
36 83
36 93
36 97
36 103
36 107
36 110
36 113
36 115
36 121
36 124
36 127
36 128
36 130
36 138
36 141
36 142
36 148
36 150
36 153
36 158
36 164
36 168
36 169
36 170
36 176
36 183
36 189
36 193
36 194
37 39
37 40
37 60
37 62
37 68
37 71
37 73
37 76
37 77
37 81
37 85
37 87
37 96
37 97
37 106
37 116
37 123
37 127
37 145
37 148
37 151
37 158
37 176
38 53
38 55
38 64
38 66
38 68
38 78
38 94
38 103
38 108
38 112
38 124
38 143
38 151
38 156
38 165
38 176
38 190
38 195
39 42
39 43
39 45
39 53
39 58
39 67
39 71
39 83
39 86
39 106
39 122
39 125
39 136
39 141
39 146
39 151
39 152
39 154
39 170
39 173
39 174
39 179
39 180
39 185
39 189
40 42
40 46
40 48
40 49
40 50
40 51
40 52
40 53
40 56
40 57
40 58
40 61
40 73
40 78
40 79
40 82
40 95
40 103
40 113
40 118
40 121
40 146
40 148
40 151
40 163
40 165
40 170
40 180
40 182
40 193
40 195
41 42
41 44
41 45
41 48
41 49
41 52
41 57
41 58
41 60
41 65
41 70
41 74
41 77
41 81
41 91
41 98
41 112
41 114
41 116
41 119
41 142
41 145
41 147
41 169
41 177
41 184
41 191
41 192
42 45
42 47
42 53
42 57
42 59
42 63
42 64
42 65
42 70
42 72
42 75
42 81
42 84
42 89
42 90
42 91
42 94
42 95
42 96
42 102
42 106
42 108
42 112
42 118
42 119
42 125
42 126
42 129
42 130
42 131
42 134
42 137
42 148
42 150
42 154
42 162
42 166
42 170
42 174
42 187
42 192
42 194
42 199
43 49
43 63
43 65
43 69
43 88
43 90
43 92
43 93
43 97
43 99
43 103
43 104
43 105
43 118
43 120
43 128
43 131
43 134
43 188
43 196
43 199
44 62
44 63
44 64
44 66
44 68
44 80
44 85
44 89
44 91
44 92
44 93
44 97
44 99
44 104
44 105
44 108
44 110
44 115
44 119
44 129
44 132
44 136
44 149
44 152
44 159
44 162
44 169
44 185
44 192
44 194
45 46
45 55
45 56
45 57
45 64
45 72
45 73
45 76
45 95
45 97
45 101
45 118
45 124
45 142
45 151
45 166
45 167
45 169
45 173
45 181
45 182
46 50
46 56
46 58
46 59
46 63
46 69
46 73
46 77
46 81
46 88
46 101
46 108
46 114
46 115
46 126
46 130
46 131
46 141
46 142
46 144
46 158
46 164
46 166
46 168
46 170
46 186
46 199
47 50
47 52
47 53
47 60
47 62
47 75
47 79
47 91
47 92
47 101
47 105
47 107
47 116
47 125
47 126
47 160
47 191
48 50
48 54
48 57
48 59
48 62
48 82
48 85
48 86
48 99
48 102
48 109
48 114
48 123
48 126
48 132
48 138
48 146
48 147
48 149
48 165
48 173
48 182
48 187
48 188
49 52
49 54
49 64
49 72
49 80
49 95
49 96
49 101
49 106
49 107
49 110
49 133
49 137
49 140
49 142
49 149
49 152
49 160
49 174
49 179
49 196
50 51
50 55
50 78
50 89
50 90
50 93
50 95
50 103
50 114
50 119
50 124
50 125
50 137
50 145
50 166
50 167
50 170
50 177
50 184
50 188
50 193
51 52
51 55
51 56
51 57
51 60
51 64
51 65
51 68
51 74
51 86
51 90
51 95
51 107
51 108
51 110
51 111
51 118
51 132
51 140
51 159
51 186
51 190
51 192
52 53
52 79
52 88
52 93
52 98
52 102
52 107
52 119
52 123
52 129
52 172
52 186
53 54
53 59
53 63
53 69
53 70
53 78
53 91
53 94
53 96
53 100
53 104
53 108
53 109
53 114
53 145
53 152
53 156
53 157
53 161
53 165
53 166
53 167
53 173
53 176
53 179
53 189
53 194
54 56
54 57
54 64
54 66
54 67
54 71
54 75
54 81
54 87
54 91
54 106
54 110
54 145
54 149
54 151
54 154
54 159
54 161
54 162
54 176
54 191
54 199
55 70
55 75
55 94
55 110
55 136
55 146
55 150
55 154
55 162
56 57
56 64
56 66
56 67
56 76
56 79
56 84
56 87
56 92
56 96
56 99
56 100
56 107
56 115
56 121
56 131
56 135
56 146
56 163
56 164
56 165
56 183
56 185
56 186
56 189
56 192
57 59
57 99
57 104
57 106
57 126
57 129
57 132
57 136
57 144
57 152
57 187
58 60
58 67
58 70
58 76
58 86
58 98
58 105
58 109
58 112
58 123
58 127
58 137
58 143
58 149
58 156
58 164
58 167
58 173
58 175
58 176
58 184
58 189
58 194
59 61
59 65
59 66
59 67
59 70
59 72
59 79
59 82
59 83
59 86
59 98
59 102
59 104
59 108
59 109
59 114
59 116
59 117
59 124
59 153
59 160
59 161
59 163
59 168
59 172
59 176
59 178
59 185
59 199
60 61
60 66
60 76
60 88
60 99
60 101
60 105
60 107
60 112
60 118
60 119
60 120
60 122
60 142
60 149
60 152
60 188
60 192
60 193
61 62
61 67
61 69
61 77
61 80
61 107
61 122
61 125
61 126
61 128
61 130
61 164
61 170
62 80
62 91
62 103
62 113
62 115
62 122
62 129
62 130
62 131
62 140
62 143
62 155
62 156
62 157
62 171
63 65
63 70
63 73
63 74
63 76
63 80
63 97
63 112
63 121
63 126
63 136
63 154
63 161
63 180
64 65
64 69
64 75
64 76
64 82
64 98
64 104
64 123
64 132
64 159
64 160
64 188
64 190
65 87
65 90
65 92
65 97
65 100
65 106
65 111
65 128
65 131
65 138
65 153
65 154
65 158
65 168
65 173
66 68
66 69
66 74
66 75
66 90
66 99
66 102
66 124
66 132
66 138
66 151
66 154
66 160
66 161
66 176
66 183
67 87
67 95
67 98
67 101
67 103
67 108
67 120
67 121
67 122
67 130
67 141
67 159
67 170
67 194
67 197
68 69
68 72
68 77
68 78
68 87
68 89
68 105
68 121
68 127
68 133
68 137
68 139
68 163
68 169
68 182
68 189
69 71
69 77
69 81
69 105
69 120
69 123
69 124
69 127
69 132
69 138
69 179
69 185
69 192
69 193
70 74
70 89
70 139
70 140
70 147
70 177
71 76
71 96
71 97
71 102
71 111
71 113
71 137
71 148
71 150
71 152
71 175
71 178
71 183
71 193
71 198
72 77
72 82
72 84
72 85
72 110
72 116
72 125
72 128
72 138
72 146
72 159
72 164
72 168
72 182
73 78
73 86
73 91
73 99
73 103
73 112
73 143
73 147
73 155
73 175
73 178
73 199
74 79
74 81
74 87
74 100
74 102
74 105
74 107
74 110
74 111
74 115
74 141
74 155
74 176
74 179
74 194
74 198
75 80
75 85
75 88
75 93
75 100
75 108
75 109
75 116
75 120
75 133
75 144
75 155
75 163
75 172
75 184
75 186
76 95
76 100
76 117
76 129
76 133
76 141
76 153
76 164
76 186
76 197
77 96
77 98
77 114
77 118
77 133
77 135
77 169
77 171
77 177
77 179
77 182
77 192
78 102
78 103
78 109
78 116
78 123
78 137
78 165
78 167
78 169
78 180
78 196
79 104
79 105
79 123
79 141
79 151
79 181
80 107
80 108
80 112
80 115
80 128
80 138
80 143
80 144
80 149
80 152
80 160
80 164
80 179
80 189
80 191
81 82
81 86
81 116
81 165
81 186
82 83
82 90
82 91
82 96
82 98
82 104
82 115
82 119
82 123
82 142
82 162
82 169
82 174
82 197
83 84
83 89
83 112
83 113
83 133
83 156
83 169
84 86
84 88
84 89
84 92
84 102
84 108
84 115
84 127
84 135
84 140
84 187
85 90
85 96
85 109
85 137
85 139
85 163
85 167
86 127
86 140
86 153
86 154
86 155
86 163
87 88
87 91
87 97
87 100
87 106
87 110
87 126
87 139
87 191
88 103
88 109
88 144
88 146
88 147
88 153
89 112
89 124
89 137
89 145
89 147
89 152
89 181
89 184
89 189
90 158
90 190
91 94
91 112
91 121
91 165
91 170
91 177
91 180
91 185
91 191
91 198
92 100
92 102
92 103
92 105
92 131
92 149
92 157
92 175
92 176
92 197
93 106
93 129
93 148
93 187
93 197
94 107
94 122
94 129
94 165
95 111
95 114
95 115
95 116
95 117
95 136
95 179
95 181
96 101
96 112
96 148
96 149
96 172
96 175
97 144
97 161
97 193
97 197
98 100
98 110
98 128
98 141
98 152
98 195
99 100
99 125
99 145
99 150
99 161
99 195
100 102
100 107
100 109
100 126
100 140
100 143
100 172
100 195
101 118
101 122
101 157
101 161
101 163
101 167
101 172
101 181
101 185
101 186
101 188
101 193
101 197
101 198
101 199
102 121
102 135
102 136
102 144
102 159
102 174
102 183
102 199
103 118
103 130
103 131
103 132
103 133
103 185
104 114
104 125
104 148
104 178
105 106
105 111
105 134
105 143
105 153
105 162
105 167
105 173
106 118
106 119
106 127
106 153
106 158
106 190
106 196
107 117
107 119
107 131
107 136
107 148
107 169
107 170
108 146
108 162
108 184
109 170
109 174
109 177
109 184
110 164
110 174
110 184
110 191
111 116
111 168
111 171
111 174
112 113
112 115
112 129
112 132
112 134
112 155
112 172
112 188
112 193
112 194
112 197
113 114
113 131
113 135
113 145
113 146
113 156
113 160
113 175
113 178
113 182
113 194
114 128
114 144
114 164
114 175
115 121
115 134
115 136
115 140
115 142
115 167
115 186
115 190
116 126
116 133
116 149
116 160
116 168
117 130
118 125
118 127
118 139
118 171
118 187
119 123
119 138
119 147
119 170
119 196
119 198
120 143
121 135
121 141
121 144
121 181
121 186
121 196
122 130
122 155
122 156
122 162
122 172
122 181
122 193
123 183
124 135
124 155
124 164
124 172
124 190
124 192
125 132
125 134
125 136
125 148
125 150
125 156
125 158
125 167
125 175
125 189
126 187
126 192
127 139
127 154
127 168
127 183
127 198
128 129
128 139
128 182
129 150
129 160
129 168
129 171
129 198
129 199
130 132
130 134
130 159
130 187
131 142
131 149
131 195
132 133
132 159
132 161
132 162
132 172
132 175
132 177
132 188
132 192
133 158
134 142
134 143
134 144
134 169
134 189
135 136
135 152
135 171
135 195
136 143
136 157
136 196
137 145
137 150
137 164
137 175
137 179
137 182
137 191
138 143
138 157
138 159
138 160
138 166
138 179
139 140
139 145
139 188
140 166
140 180
141 142
142 146
142 163
142 180
142 181
142 183
142 186
144 150
144 178
145 147
145 166
145 172
145 177
146 173
146 195
147 181
148 184
149 159
149 168
149 170
151 157
152 165
152 178
153 158
153 161
153 185
154 173
154 176
154 192
155 187
155 190
155 199
156 173
157 187
158 168
158 178
158 193
160 177
160 180
161 179
161 182
162 185
163 166
163 189
163 199
165 167
165 193
167 171
167 190
167 193
167 198
168 174
168 182
169 189
172 181
172 185
172 187
172 190
174 180
174 184
174 197
176 188
177 179
177 185
177 195
179 191
180 199
181 185
182 189
183 195
184 186
185 191
186 189
188 194
189 195
191 198
192 197
193 194
193 196
195 197
195 198
