0 1
0 2
0 3
0 4
0 5
0 6
0 7
0 8
0 9
0 10
0 11
0 12
0 13
0 14
0 15
0 16
0 17
0 18
0 19
0 20
0 21
0 22
0 23
0 24
0 25
0 26
0 27
0 28
0 31
0 32
0 33
0 35
0 37
0 38
0 39
0 42
0 43
0 45
0 46
0 48
0 49
0 50
0 54
0 57
0 59
0 61
0 63
0 65
0 66
0 67
0 69
0 71
0 72
0 73
0 74
0 78
0 80
0 81
0 82
0 85
0 86
0 89
0 90
0 94
0 96
0 98
0 99
0 101
0 102
0 106
0 109
0 116
0 125
0 126
0 142
0 144
0 148
0 152
0 153
0 155
0 159
0 165
0 170
0 174
0 178
0 180
0 183
0 184
0 190
1 16
1 17
1 18
1 19
1 20
1 21
1 23
1 24
1 25
1 26
1 27
1 31
1 39
1 40
1 42
1 44
1 66
1 68
1 78
1 86
1 97
1 98
1 101
1 105
1 110
1 114
1 115
1 125
1 133
1 166
1 177
1 183
1 189
1 192
1 193
1 198
2 16
2 18
2 19
2 20
2 34
2 38
2 41
2 43
2 49
2 53
2 55
2 75
2 88
2 92
2 93
2 109
2 111
2 114
2 146
2 154
2 193
3 16
3 17
3 18
3 19
3 20
3 21
3 22
3 23
3 27
3 28
3 30
3 31
3 32
3 34
3 40
3 41
3 56
3 57
3 58
3 71
3 78
3 80
3 89
3 99
3 106
3 114
3 121
3 123
3 125
3 128
3 134
3 136
3 146
3 149
3 184
3 186
3 196
4 16
4 17
4 18
4 19
4 20
4 21
4 23
4 24
4 25
4 26
4 28
4 29
4 30
4 32
4 33
4 34
4 35
4 37
4 40
4 41
4 42
4 43
4 44
4 45
4 46
4 47
4 51
4 53
4 56
4 58
4 60
4 63
4 64
4 66
4 73
4 75
4 77
4 78
4 81
4 83
4 86
4 91
4 92
4 94
4 101
4 102
4 103
4 109
4 110
4 112
4 115
4 116
4 118
4 120
4 130
4 133
4 140
4 141
4 151
4 152
4 153
4 157
4 158
4 159
4 165
4 171
4 175
4 179
4 182
4 189
4 193
4 198
4 199
5 16
5 17
5 18
5 19
5 20
5 21
5 22
5 25
5 27
5 31
5 32
5 33
5 36
5 44
5 46
5 47
5 50
5 51
5 53
5 63
5 65
5 70
5 72
5 73
5 79
5 81
5 97
5 98
5 100
5 109
5 113
5 115
5 118
5 120
5 123
5 127
5 148
5 154
5 156
5 161
5 174
5 181
5 183
5 190
5 191
6 16
6 17
6 18
6 19
6 20
6 21
6 22
6 23
6 24
6 25
6 26
6 27
6 28
6 29
6 31
6 32
6 33
6 34
6 39
6 40
6 42
6 43
6 45
6 46
6 48
6 52
6 54
6 57
6 58
6 62
6 64
6 65
6 67
6 70
6 71
6 76
6 79
6 83
6 85
6 87
6 94
6 104
6 114
6 118
6 144
6 145
6 148
6 159
6 166
6 170
6 182
6 185
6 190
6 198
6 199
7 16
7 17
7 19
7 24
7 25
7 26
7 29
7 33
7 36
7 38
7 45
7 50
7 60
7 61
7 62
7 63
7 64
7 82
7 85
7 95
7 96
7 100
7 110
7 121
7 123
7 139
8 16
8 17
8 18
8 19
8 21
8 23
8 30
8 36
8 40
8 44
8 46
8 53
8 63
8 75
8 90
8 98
8 113
8 120
8 184
8 195
8 197
9 16
9 17
9 20
9 21
9 22
9 25
9 26
9 29
9 30
9 41
9 42
9 44
9 46
9 48
9 49
9 68
9 70
9 101
9 110
9 115
9 163
9 169
9 185
9 198
10 16
10 17
10 18
10 19
10 21
10 22
10 31
10 34
10 36
10 38
10 41
10 43
10 46
10 56
10 61
10 62
10 69
10 73
10 84
10 87
10 88
10 103
10 110
10 120
10 122
10 124
10 140
10 173
10 177
11 16
11 17
11 18
11 23
11 25
11 26
11 27
11 28
11 30
11 32
11 35
11 43
11 44
11 48
11 56
11 58
11 63
11 65
11 79
11 93
11 99
11 108
11 124
11 130
11 136
11 144
11 151
11 168
11 175
11 194
11 196
12 16
12 18
12 19
12 21
12 22
12 23
12 27
12 35
12 36
12 38
12 46
12 52
12 56
12 62
12 65
12 71
12 77
12 105
12 106
12 110
12 117
12 121
12 132
12 141
12 170
12 172
12 199
13 17
13 20
13 22
13 23
13 24
13 26
13 28
13 29
13 30
13 40
13 42
13 45
13 47
13 71
13 72
13 73
13 75
13 77
13 80
13 84
13 94
13 96
13 101
13 102
13 104
13 105
13 115
13 119
13 139
13 148
13 162
13 164
13 166
14 16
14 17
14 18
14 19
14 20
14 37
14 56
14 67
14 75
14 82
14 89
14 90
14 138
14 163
15 16
15 17
15 18
15 20
15 22
15 24
15 26
15 29
15 32
15 34
15 48
15 51
15 52
15 53
15 57
15 59
15 60
15 61
15 63
15 64
15 83
15 100
15 113
15 118
15 120
15 125
15 150
15 152
15 161
15 176
16 17
16 18
16 19
16 20
16 21
16 22
16 23
16 24
16 25
16 26
16 28
16 30
16 31
16 33
16 34
16 36
16 37
16 38
16 39
16 41
16 43
16 45
16 46
16 49
16 50
16 51
16 52
16 54
16 55
16 56
16 57
16 59
16 64
16 65
16 68
16 71
16 72
16 74
16 75
16 76
16 78
16 79
16 82
16 83
16 85
16 87
16 92
16 93
16 96
16 97
16 98
16 110
16 111
16 112
16 114
16 115
16 116
16 117
16 123
16 125
16 136
16 137
16 138
16 139
16 140
16 142
16 145
16 146
16 151
16 156
16 158
16 159
16 165
16 166
16 174
16 182
17 18
17 19
17 20
17 21
17 22
17 23
17 24
17 25
17 27
17 28
17 29
17 31
17 34
17 35
17 39
17 40
17 45
17 48
17 52
17 56
17 57
17 58
17 60
17 65
17 66
17 68
17 76
17 78
17 81
17 82
17 83
17 84
17 85
17 87
17 88
17 94
17 96
17 113
17 114
17 122
17 124
17 129
17 135
17 136
17 141
17 142
17 145
17 156
17 162
17 163
17 166
17 168
17 175
17 179
17 181
17 182
17 184
17 187
17 197
17 199
18 19
18 20
18 21
18 22
18 23
18 24
18 27
18 28
18 29
18 30
18 31
18 32
18 34
18 35
18 36
18 37
18 39
18 43
18 44
18 46
18 47
18 51
18 52
18 53
18 54
18 55
18 56
18 58
18 59
18 62
18 63
18 65
18 73
18 74
18 76
18 85
18 86
18 87
18 89
18 92
18 93
18 98
18 100
18 106
18 107
18 115
18 116
18 118
18 119
18 121
18 123
18 124
18 127
18 129
18 133
18 138
18 144
18 152
18 167
18 173
18 181
18 185
18 188
18 194
19 20
19 21
19 22
19 23
19 24
19 25
19 26
19 27
19 28
19 29
19 30
19 32
19 33
19 34
19 36
19 39
19 40
19 41
19 43
19 46
19 47
19 52
19 54
19 59
19 66
19 71
19 77
19 78
19 86
19 87
19 90
19 92
19 95
19 99
19 103
19 104
19 105
19 110
19 120
19 123
19 135
19 141
19 143
19 144
19 148
19 152
19 158
19 163
19 164
19 169
19 171
19 175
19 176
19 178
19 179
19 186
19 192
19 195
19 196
19 199
20 21
20 22
20 23
20 24
20 25
20 26
20 27
20 28
20 29
20 30
20 32
20 34
20 36
20 37
20 38
20 39
20 40
20 44
20 47
20 48
20 49
20 50
20 53
20 55
20 57
20 59
20 60
20 64
20 65
20 69
20 70
20 71
20 75
20 80
20 96
20 97
20 107
20 108
20 111
20 115
20 118
20 119
20 123
20 125
20 126
20 129
20 135
20 136
20 139
20 160
20 164
20 169
20 171
20 176
20 182
20 194
21 22
21 24
21 25
21 26
21 27
21 28
21 29
21 31
21 32
21 33
21 35
21 37
21 39
21 41
21 42
21 43
21 45
21 46
21 48
21 49
21 50
21 53
21 54
21 58
21 60
21 63
21 64
21 66
21 67
21 68
21 70
21 71
21 72
21 73
21 76
21 77
21 80
21 82
21 84
21 85
21 87
21 89
21 90
21 93
21 94
21 97
21 98
21 99
21 100
21 102
21 107
21 112
21 117
21 119
21 120
21 123
21 124
21 125
21 126
21 127
21 130
21 136
21 141
21 144
21 149
21 152
21 153
21 157
21 158
21 159
21 161
21 167
21 171
21 179
21 183
21 189
21 194
21 199
22 23
22 24
22 25
22 27
22 28
22 32
22 33
22 35
22 36
22 37
22 40
22 41
22 42
22 44
22 45
22 49
22 50
22 52
22 53
22 57
22 58
22 61
22 68
22 69
22 74
22 78
22 79
22 80
22 82
22 86
22 88
22 90
22 92
22 95
22 119
22 120
22 122
22 138
22 144
22 149
22 151
22 171
22 180
22 184
22 186
23 24
23 26
23 27
23 28
23 29
23 35
23 36
23 37
23 42
23 43
23 44
23 45
23 46
23 48
23 50
23 52
23 59
23 62
23 66
23 69
23 74
23 77
23 79
23 84
23 85
23 92
23 100
23 101
23 103
23 107
23 113
23 118
23 121
23 131
23 132
23 138
23 141
23 147
23 154
23 155
23 157
23 158
23 170
23 176
23 187
23 188
24 25
24 26
24 30
24 31
24 35
24 37
24 38
24 39
24 45
24 46
24 47
24 51
24 53
24 55
24 59
24 60
24 62
24 63
24 64
24 70
24 73
24 76
24 79
24 80
24 81
24 88
24 89
24 90
24 97
24 100
24 113
24 117
24 119
24 120
24 132
24 135
24 137
24 139
24 141
24 150
24 152
24 158
24 165
24 168
24 177
24 181
24 184
25 31
25 33
25 47
25 50
25 55
25 60
25 62
25 64
25 72
25 77
25 93
25 94
25 97
25 98
25 99
25 103
25 125
25 129
25 131
25 132
25 160
25 161
25 164
25 170
25 171
25 188
25 189
25 192
25 198
26 27
26 29
26 30
26 34
26 38
26 45
26 48
26 49
26 53
26 57
26 58
26 61
26 65
26 68
26 69
26 71
26 79
26 80
26 83
26 86
26 88
26 93
26 95
26 108
26 118
26 119
26 126
26 127
26 130
26 134
26 143
26 144
26 145
26 147
26 152
26 156
26 160
26 163
26 170
26 188
26 191
26 199
27 28
27 29
27 30
27 31
27 32
27 33
27 34
27 35
27 36
27 38
27 40
27 42
27 43
27 44
27 49
27 50
27 52
27 54
27 57
27 58
27 62
27 65
27 67
27 72
27 74
27 78
27 82
27 85
27 88
27 89
27 90
27 91
27 92
27 95
27 96
27 97
27 98
27 101
27 108
27 112
27 117
27 121
27 124
27 125
27 126
27 127
27 132
27 133
27 142
27 145
27 146
27 147
27 153
27 163
27 164
27 171
27 175
27 177
27 185
27 195
28 29
28 30
28 31
28 33
28 37
28 39
28 41
28 42
28 51
28 52
28 55
28 56
28 61
28 66
28 68
28 69
28 72
28 90
28 92
28 95
28 101
28 107
28 108
28 113
28 118
28 134
28 146
28 155
28 164
28 178
28 179
28 183
28 189
28 196
29 30
29 31
29 32
29 33
29 34
29 35
29 36
29 39
29 40
29 41
29 42
29 47
29 54
29 55
29 61
29 65
29 66
29 74
29 76
29 78
29 84
29 86
29 92
29 95
29 98
29 101
29 102
29 103
29 105
29 107
29 111
29 122
29 126
29 128
29 136
29 140
29 141
29 162
29 164
29 173
29 180
29 197
30 33
30 36
30 38
30 42
30 45
30 47
30 48
30 49
30 51
30 52
30 54
30 57
30 70
30 71
30 84
30 97
30 102
30 104
30 111
30 116
30 117
30 127
30 131
30 133
30 143
30 161
30 170
30 174
30 183
30 184
30 189
31 32
31 33
31 35
31 37
31 38
31 39
31 40
31 43
31 44
31 48
31 55
31 56
31 58
31 60
31 62
31 67
31 69
31 70
31 72
31 75
31 77
31 78
31 80
31 84
31 94
31 97
31 101
31 105
31 108
31 109
31 115
31 118
31 122
31 127
31 130
31 135
31 142
31 147
31 150
31 151
31 160
31 170
31 174
31 175
31 178
31 182
31 188
31 190
31 193
31 197
32 34
32 38
32 41
32 42
32 46
32 52
32 55
32 61
32 66
32 69
32 74
32 79
32 81
32 83
32 86
32 88
32 95
32 96
32 102
32 107
32 108
32 109
32 110
32 127
32 129
32 132
32 143
32 144
32 154
32 173
32 177
32 182
32 187
32 191
32 199
33 35
33 39
33 42
33 49
33 50
33 57
33 63
33 64
33 67
33 73
33 78
33 82
33 91
33 94
33 99
33 100
33 102
33 103
33 105
33 107
33 110
33 118
33 121
33 125
33 129
33 133
33 140
33 143
33 148
33 153
33 157
33 159
33 169
33 173
33 174
33 176
33 180
33 188
34 35
34 37
34 38
34 44
34 50
34 59
34 61
34 63
34 64
34 65
34 69
34 72
34 76
34 78
34 84
34 85
34 93
34 99
34 100
34 102
34 110
34 115
34 121
34 130
34 131
34 138
34 139
34 140
34 152
34 154
34 157
34 165
34 166
34 167
34 168
34 173
34 177
34 183
34 189
35 36
35 37
35 38
35 39
35 40
35 44
35 45
35 47
35 48
35 51
35 55
35 56
35 58
35 59
35 61
35 62
35 63
35 64
35 67
35 70
35 71
35 74
35 75
35 76
35 77
35 82
35 89
35 95
35 100
35 108
35 110
35 111
35 114
35 118
35 119
35 123
35 133
35 138
35 145
35 151
35 156
35 174
35 196
36 37
36 41
36 47
36 49
36 50
36 54
36 56
36 60
36 67
36 70
36 72
36 75
36 76
36 79
36 84
36 86
36 88
36 97
36 104
36 106
36 115
36 116
36 118
36 128
36 131
36 132
36 142
36 143
36 163
36 165
36 169
36 175
36 182
36 187
36 190
36 193
36 195
37 41
37 64
37 70
37 74
37 75
37 80
37 92
37 93
37 98
37 99
37 130
37 137
37 138
37 145
37 148
37 153
37 177
37 199
38 40
38 47
38 60
38 62
38 66
38 67
38 73
38 77
38 88
38 89
38 91
38 92
38 103
38 108
38 110
38 144
38 149
38 151
38 153
38 170
38 192
39 43
39 44
39 47
39 51
39 52
39 53
39 54
39 58
39 59
39 67
39 76
39 81
39 83
39 96
39 100
39 105
39 112
39 121
39 126
39 129
39 132
39 134
39 135
39 140
39 145
39 153
39 156
39 163
39 195
40 41
40 48
40 53
40 54
40 67
40 76
40 77
40 82
40 98
40 106
40 109
40 111
40 112
40 116
40 124
40 125
40 151
40 155
40 174
40 181
40 185
40 186
41 43
41 49
41 51
41 55
41 70
41 78
41 87
41 106
41 116
41 117
41 128
41 130
41 134
41 138
41 139
41 140
41 141
41 143
41 158
41 161
41 165
41 166
41 193
42 48
42 49
42 51
42 53
42 54
42 58
42 68
42 72
42 80
42 85
42 91
42 92
42 94
42 108
42 109
42 113
42 114
42 122
42 131
42 139
42 148
42 178
42 179
42 183
42 196
43 45
43 51
43 54
43 55
43 64
43 68
43 70
43 81
43 85
43 90
43 91
43 109
43 126
43 128
43 135
43 162
43 165
43 168
43 169
43 172
43 181
43 189
43 195
44 47
44 50
44 51
44 53
44 75
44 87
44 96
44 108
44 117
44 139
44 143
44 173
44 174
44 175
44 183
44 189
45 52
45 55
45 88
45 89
45 100
45 113
45 122
45 138
45 146
45 169
45 179
45 188
46 49
46 54
46 55
46 56
46 60
46 63
46 67
46 68
46 71
46 76
46 82
46 83
46 85
46 86
46 98
46 104
46 105
46 112
46 128
46 133
46 138
46 140
46 145
46 146
46 148
46 150
46 151
46 155
46 162
46 177
46 186
46 191
46 192
46 194
47 51
47 57
47 59
47 60
47 66
47 68
47 73
47 77
47 82
47 107
47 131
47 139
47 149
47 151
47 152
47 155
47 164
47 178
47 189
47 191
48 68
48 69
48 71
48 96
48 126
48 134
48 149
48 161
48 172
48 192
49 50
49 58
49 67
49 104
49 117
49 135
49 177
49 193
50 66
50 79
50 89
50 96
50 99
50 106
50 108
50 109
50 126
50 127
50 145
50 156
50 191
50 196
51 59
51 89
51 91
51 103
51 112
51 121
51 124
51 148
51 166
51 184
51 189
51 190
51 195
52 56
52 57
52 60
52 61
52 62
52 70
52 81
52 86
52 91
52 101
52 102
52 109
52 116
52 120
52 125
52 128
52 132
52 134
52 135
52 143
52 147
52 157
52 159
52 171
52 173
52 176
52 192
52 198
53 61
53 79
53 81
53 83
53 92
53 99
53 109
53 113
53 115
53 129
53 137
53 143
53 167
53 168
53 169
53 170
53 194
54 59
54 60
54 67
54 77
54 81
54 87
54 88
54 89
54 93
54 99
54 103
54 108
54 122
54 127
54 136
54 141
54 157
54 165
54 169
54 175
54 180
54 181
54 184
54 185
54 187
54 195
54 199
55 57
55 61
55 63
55 73
55 74
55 79
55 83
55 84
55 93
55 95
55 102
55 104
55 111
55 114
55 123
55 126
55 129
55 159
55 163
55 168
55 171
55 178
55 182
55 192
56 61
56 62
56 65
56 66
56 88
56 105
56 119
56 142
56 146
56 152
56 153
56 158
56 180
57 62
57 84
57 86
57 90
57 95
57 114
57 116
57 119
57 120
57 148
57 157
57 158
58 59
58 64
58 68
58 69
58 78
58 100
58 101
58 103
58 108
58 112
58 113
58 120
58 132
58 143
58 157
58 172
58 178
58 180
58 187
58 188
58 190
58 194
59 71
59 88
59 106
59 127
59 147
59 161
59 166
59 176
59 187
60 68
60 69
60 72
60 79
60 81
60 86
60 88
60 94
60 106
60 112
60 123
60 134
60 145
60 149
60 160
60 164
60 168
60 172
61 70
61 72
61 73
61 74
61 83
61 101
61 110
61 112
61 118
61 122
61 134
61 141
61 149
61 154
61 173
61 176
61 186
61 192
62 74
62 76
62 91
62 97
62 107
62 111
62 126
62 133
62 141
62 147
62 156
62 172
62 179
63 66
63 73
63 75
63 79
63 83
63 90
63 98
63 99
63 119
63 126
63 133
63 160
63 177
64 65
64 84
64 94
64 107
64 116
64 121
64 128
64 131
64 132
64 140
64 157
64 160
64 164
64 175
64 183
64 184
64 190
65 84
65 90
65 91
65 93
65 104
65 105
65 106
65 122
65 133
65 137
65 140
65 145
65 154
65 170
65 172
65 173
65 182
66 80
66 105
66 120
66 128
66 129
66 140
66 161
66 170
66 171
66 173
66 176
67 69
67 74
67 75
67 77
67 87
67 93
67 95
67 105
67 112
67 117
67 122
67 150
67 191
67 197
68 69
68 75
68 76
68 80
68 81
68 92
68 93
68 102
68 103
68 111
68 115
68 121
68 125
68 135
68 145
68 149
68 178
68 179
68 182
69 91
69 113
69 150
69 154
69 167
70 73
70 77
70 108
70 109
70 130
70 131
70 144
70 154
70 158
70 160
70 162
70 174
70 190
70 196
70 197
71 72
71 74
71 99
71 101
71 104
71 114
71 116
71 119
71 129
71 133
71 139
71 140
71 156
71 157
71 158
71 159
71 162
71 166
71 180
71 181
71 183
71 188
71 191
71 194
71 198
72 82
72 87
72 112
72 127
72 128
72 137
72 172
72 185
73 83
73 84
73 86
73 90
73 91
73 94
73 95
73 96
73 102
73 106
73 114
73 126
73 141
73 162
73 179
73 190
74 82
74 91
74 97
74 107
74 111
74 115
74 149
74 150
74 159
74 163
74 188
74 195
74 197
75 87
75 122
75 125
75 141
75 144
75 177
76 81
76 104
76 111
76 112
76 119
76 127
76 144
76 153
76 161
77 80
77 83
77 94
77 104
77 109
77 117
77 132
77 142
77 144
77 150
77 153
77 162
77 166
77 191
77 193
77 194
78 81
78 102
78 125
78 128
78 137
78 152
78 168
78 181
78 187
78 190
78 192
78 195
79 80
79 85
79 90
79 95
79 115
79 123
79 124
79 129
79 131
79 135
79 146
79 164
79 179
80 85
80 97
80 102
80 109
80 131
80 160
80 168
80 184
80 186
81 91
81 99
81 100
81 104
81 105
81 106
81 131
81 133
81 159
81 163
81 168
81 173
81 183
81 185
82 118
82 167
82 184
82 185
82 186
83 87
83 89
83 114
83 121
83 122
83 130
83 134
83 145
83 155
83 157
83 164
83 167
83 181
83 189
83 190
83 198
84 87
84 91
84 94
84 126
84 135
84 197
84 199
85 103
85 113
85 117
85 145
85 146
85 158
85 181
85 198
86 96
86 101
86 123
86 127
86 131
86 134
86 136
86 152
86 180
86 196
86 198
86 199
87 89
87 107
87 130
87 143
87 156
87 166
87 183
88 95
88 97
88 98
88 104
88 113
88 114
88 122
88 124
88 149
88 150
88 173
88 180
88 196
89 93
89 96
89 135
89 159
89 168
89 175
90 103
90 124
90 131
90 162
90 171
91 106
91 117
91 143
91 157
91 163
91 175
91 181
91 197
92 155
92 161
92 172
92 176
92 190
92 194
93 100
93 103
93 117
93 124
93 130
93 132
93 142
93 149
93 157
93 161
93 171
93 177
93 186
93 196
94 147
94 159
94 161
94 163
94 172
94 193
95 110
95 123
95 142
95 153
95 155
95 167
95 186
96 107
96 111
96 116
96 119
96 124
96 171
96 178
96 191
97 105
97 111
97 138
97 163
97 166
97 180
97 197
98 104
98 107
98 142
98 151
98 165
98 167
98 172
98 175
99 136
99 147
99 167
100 123
100 124
100 162
100 169
100 174
100 186
100 192
100 195
100 196
101 129
101 153
101 156
101 178
102 112
102 134
102 138
102 147
102 150
102 155
102 156
102 185
103 106
103 111
103 117
103 151
103 182
103 187
104 116
104 128
104 157
104 167
104 176
104 181
105 113
105 122
105 132
105 137
105 147
106 143
106 147
106 151
106 153
106 154
106 159
106 165
106 167
106 178
106 187
106 193
107 116
107 119
107 170
108 121
108 124
108 134
108 137
108 142
108 148
108 152
108 178
108 189
108 191
109 121
109 130
109 134
109 138
109 148
109 162
109 176
109 191
110 120
110 127
110 130
110 137
110 146
110 153
110 192
111 114
111 129
111 156
111 186
111 192
112 176
113 120
113 128
113 137
113 139
113 140
113 150
113 154
114 136
114 154
114 169
114 178
114 197
115 132
115 182
115 187
115 188
115 191
116 135
116 136
116 139
116 167
116 173
116 175
116 188
116 189
116 193
117 139
117 163
117 181
117 183
117 186
118 137
118 154
118 155
118 161
118 172
118 182
118 184
119 131
119 162
119 174
120 142
120 168
120 181
120 186
121 146
121 180
121 190
122 134
122 160
122 182
123 130
123 133
123 136
123 137
123 146
123 171
123 175
123 186
124 148
124 155
124 169
124 179
124 196
124 199
125 142
125 165
125 198
126 128
126 129
126 176
127 128
127 135
127 137
127 185
128 136
128 144
128 146
128 147
128 149
128 155
128 160
128 178
130 136
130 150
130 184
130 185
130 195
131 133
131 147
131 151
131 154
131 169
131 177
132 160
132 164
132 165
132 184
133 146
133 160
133 193
134 137
134 142
134 150
134 165
134 168
134 172
134 191
135 138
135 141
135 150
136 139
136 148
136 149
137 154
137 162
139 140
139 155
139 158
139 177
140 147
140 190
140 194
140 197
141 187
142 143
142 149
142 155
142 176
143 162
143 169
143 177
143 179
144 150
144 198
145 156
145 161
145 164
145 168
145 170
145 174
145 188
146 156
146 192
146 195
147 152
147 159
148 173
149 151
149 160
149 169
150 166
150 174
150 192
151 195
152 196
153 164
154 158
154 167
154 194
155 170
156 165
156 171
156 172
156 187
156 194
157 158
157 160
157 179
158 180
158 197
158 199
160 166
161 197
162 167
163 179
163 185
167 172
168 196
169 195
171 180
171 183
171 198
173 174
173 187
173 193
174 180
174 188
175 185
175 198
176 185
176 194
179 191
181 188
181 189
181 193
183 187
183 198
188 193
189 197
193 194
196 199
