0 1
0 2
0 3
0 4
0 5
0 6
0 7
0 8
0 9
0 10
0 11
0 12
0 13
0 14
0 15
0 16
0 17
0 18
0 19
0 20
0 22
0 23
0 24
0 25
0 27
0 29
0 30
0 32
0 33
0 34
0 36
0 38
0 42
0 43
0 45
0 46
0 47
0 50
0 52
0 55
0 56
0 58
0 59
0 60
0 61
0 63
0 64
0 66
0 67
0 69
0 72
0 82
0 85
0 87
0 90
0 92
0 96
0 102
0 115
0 116
0 119
0 124
0 126
0 136
0 138
0 140
0 145
0 146
0 147
0 151
0 170
0 173
0 177
0 178
0 179
0 182
0 184
0 186
0 192
0 198
0 199
1 16
1 17
1 20
1 22
1 23
1 24
1 25
1 33
1 37
1 41
1 46
1 48
1 63
1 65
1 70
1 72
1 76
1 77
1 91
1 101
1 110
1 116
1 121
1 127
1 130
1 135
1 136
1 160
1 161
1 165
1 168
1 182
1 188
1 190
1 191
2 17
2 18
2 19
2 21
2 23
2 24
2 25
2 26
2 28
2 30
2 31
2 32
2 34
2 37
2 39
2 41
2 42
2 46
2 47
2 50
2 52
2 54
2 55
2 60
2 64
2 95
2 101
2 112
2 125
2 132
2 174
2 176
2 183
2 194
3 16
3 17
3 18
3 19
3 21
3 23
3 24
3 26
3 32
3 33
3 34
3 44
3 45
3 48
3 56
3 79
3 83
3 86
3 87
3 88
3 90
3 105
3 125
3 142
3 146
3 150
3 165
3 192
3 195
3 197
4 16
4 19
4 20
4 21
4 24
4 25
4 26
4 28
4 31
4 37
4 39
4 40
4 44
4 45
4 46
4 54
4 57
4 60
4 62
4 63
4 65
4 67
4 75
4 77
4 88
4 92
4 103
4 117
4 134
4 142
4 155
4 199
5 16
5 17
5 18
5 19
5 20
5 27
5 29
5 33
5 42
5 59
5 99
5 111
5 119
5 130
5 141
5 162
5 176
5 187
5 191
6 16
6 17
6 18
6 19
6 22
6 23
6 26
6 27
6 31
6 37
6 39
6 46
6 55
6 76
6 79
6 85
6 90
6 91
6 96
6 100
6 107
6 121
6 144
6 152
6 168
6 171
6 178
6 198
7 16
7 18
7 20
7 21
7 25
7 28
7 29
7 31
7 34
7 35
7 38
7 55
7 61
7 63
7 65
7 74
7 79
7 89
7 98
7 99
7 108
7 113
7 120
7 127
7 133
7 135
7 144
7 158
7 176
7 195
8 16
8 17
8 18
8 19
8 20
8 21
8 22
8 23
8 24
8 26
8 30
8 32
8 35
8 36
8 37
8 40
8 41
8 42
8 43
8 44
8 50
8 52
8 57
8 64
8 66
8 74
8 79
8 81
8 85
8 86
8 89
8 96
8 104
8 123
8 129
8 131
8 140
8 156
8 157
8 162
8 169
8 177
8 184
8 185
8 188
9 16
9 17
9 19
9 20
9 22
9 24
9 26
9 28
9 40
9 58
9 62
9 69
9 87
9 100
9 104
9 105
9 109
9 115
9 123
9 155
9 156
9 166
9 173
9 177
10 16
10 17
10 18
10 19
10 20
10 26
10 29
10 30
10 31
10 35
10 44
10 63
10 65
10 85
10 87
10 97
10 106
10 107
10 129
10 136
10 170
10 172
10 181
11 16
11 17
11 18
11 21
11 22
11 25
11 26
11 27
11 28
11 35
11 36
11 38
11 40
11 41
11 43
11 44
11 69
11 73
11 76
11 77
11 81
11 86
11 98
11 112
11 131
11 137
11 139
11 143
11 148
11 192
12 16
12 17
12 18
12 19
12 20
12 21
12 22
12 25
12 27
12 28
12 29
12 30
12 31
12 36
12 38
12 39
12 40
12 42
12 49
12 56
12 58
12 64
12 66
12 71
12 75
12 77
12 81
12 94
12 110
12 117
12 147
12 156
12 157
12 166
12 174
12 177
12 183
12 191
12 192
12 197
12 199
13 16
13 17
13 18
13 21
13 22
13 23
13 24
13 25
13 30
13 32
13 36
13 37
13 41
13 43
13 46
13 47
13 49
13 51
13 53
13 58
13 59
13 61
13 70
13 76
13 89
13 95
13 104
13 107
13 108
13 156
13 158
13 160
13 171
13 184
13 195
14 16
14 17
14 18
14 19
14 20
14 21
14 22
14 27
14 29
14 31
14 34
14 36
14 48
14 49
14 55
14 58
14 87
14 90
14 93
14 101
14 108
14 111
14 121
14 122
14 126
14 159
14 165
14 181
14 185
14 187
14 192
15 16
15 17
15 18
15 19
15 20
15 21
15 23
15 24
15 27
15 28
15 32
15 33
15 35
15 39
15 40
15 41
15 44
15 45
15 46
15 48
15 49
15 51
15 53
15 54
15 55
15 57
15 58
15 63
15 66
15 68
15 69
15 76
15 78
15 79
15 87
15 93
15 94
15 98
15 99
15 103
15 106
15 119
15 120
15 124
15 127
15 130
15 133
15 135
15 143
15 147
15 150
15 159
15 166
15 171
15 174
15 182
15 184
15 189
15 192
15 196
15 197
15 198
16 17
16 18
16 19
16 20
16 21
16 22
16 23
16 24
16 25
16 26
16 30
16 32
16 33
16 34
16 35
16 36
16 37
16 38
16 39
16 40
16 41
16 47
16 48
16 49
16 51
16 54
16 59
16 60
16 64
16 67
16 69
16 70
16 71
16 72
16 73
16 81
16 82
16 83
16 87
16 88
16 90
16 91
16 92
16 93
16 95
16 96
16 97
16 98
16 99
16 100
16 105
16 108
16 109
16 110
16 111
16 112
16 114
16 120
16 126
16 131
16 136
16 140
16 141
16 144
16 145
16 146
16 147
16 151
16 153
16 156
16 165
16 171
16 180
16 181
16 184
16 186
16 192
16 193
17 18
17 19
17 20
17 21
17 22
17 23
17 25
17 28
17 29
17 30
17 32
17 33
17 36
17 37
17 38
17 40
17 43
17 48
17 53
17 57
17 61
17 62
17 63
17 65
17 70
17 72
17 76
17 85
17 93
17 95
17 100
17 108
17 110
17 112
17 119
17 130
17 131
17 134
17 138
17 142
17 143
17 146
17 147
17 151
17 154
17 158
17 163
17 171
17 190
18 19
18 20
18 21
18 22
18 23
18 24
18 25
18 26
18 27
18 29
18 30
18 32
18 33
18 34
18 35
18 36
18 37
18 41
18 43
18 45
18 46
18 49
18 51
18 52
18 53
18 55
18 56
18 57
18 58
18 66
18 68
18 73
18 78
18 81
18 85
18 97
18 99
18 104
18 106
18 114
18 119
18 121
18 124
18 131
18 132
18 152
18 153
18 154
18 161
18 164
18 165
18 176
18 177
18 180
18 182
18 188
18 198
18 199
19 20
19 21
19 22
19 23
19 24
19 25
19 26
19 27
19 28
19 29
19 30
19 32
19 33
19 34
19 35
19 36
19 38
19 40
19 44
19 46
19 48
19 49
19 52
19 57
19 58
19 59
19 67
19 74
19 75
19 78
19 86
19 90
19 91
19 97
19 99
19 101
19 108
19 111
19 112
19 115
19 127
19 134
19 136
19 139
19 141
19 144
19 151
19 158
19 163
19 166
19 178
19 193
19 195
20 21
20 22
20 23
20 24
20 25
20 26
20 27
20 28
20 29
20 30
20 31
20 35
20 36
20 38
20 39
20 40
20 44
20 45
20 46
20 47
20 48
20 55
20 56
20 57
20 59
20 62
20 65
20 66
20 67
20 69
20 70
20 71
20 72
20 74
20 77
20 78
20 87
20 91
20 99
20 103
20 109
20 113
20 116
20 118
20 119
20 120
20 131
20 137
20 144
20 145
20 150
20 152
20 153
20 165
20 167
20 175
20 178
20 188
20 190
21 22
21 23
21 24
21 26
21 27
21 28
21 29
21 30
21 32
21 33
21 34
21 36
21 37
21 40
21 42
21 43
21 45
21 47
21 51
21 54
21 55
21 59
21 60
21 64
21 65
21 68
21 71
21 72
21 73
21 76
21 77
21 78
21 79
21 81
21 94
21 95
21 114
21 120
21 123
21 126
21 136
21 138
21 151
21 153
21 167
21 177
21 179
21 186
21 187
21 196
22 23
22 24
22 25
22 26
22 27
22 31
22 33
22 34
22 35
22 38
22 40
22 41
22 42
22 45
22 51
22 52
22 53
22 54
22 57
22 58
22 64
22 67
22 70
22 72
22 73
22 74
22 77
22 80
22 82
22 83
22 88
22 89
22 95
22 97
22 101
22 103
22 108
22 109
22 117
22 124
22 126
22 128
22 130
22 132
22 143
22 148
22 153
22 154
22 166
22 174
22 176
22 197
23 27
23 28
23 31
23 34
23 37
23 39
23 43
23 45
23 46
23 49
23 50
23 51
23 53
23 56
23 58
23 60
23 61
23 62
23 64
23 71
23 73
23 76
23 79
23 80
23 81
23 82
23 83
23 84
23 85
23 86
23 89
23 93
23 95
23 99
23 100
23 101
23 105
23 106
23 107
23 108
23 111
23 112
23 113
23 115
23 116
23 118
23 121
23 124
23 128
23 152
23 156
23 159
23 167
23 171
23 177
23 182
23 183
23 189
23 190
24 25
24 27
24 28
24 29
24 30
24 31
24 32
24 35
24 37
24 38
24 39
24 40
24 41
24 46
24 47
24 48
24 50
24 54
24 55
24 57
24 60
24 72
24 74
24 80
24 83
24 86
24 87
24 89
24 91
24 92
24 103
24 105
24 106
24 115
24 120
24 121
24 122
24 125
24 129
24 133
24 136
24 137
24 139
24 145
24 152
24 155
24 156
24 159
24 162
24 164
24 176
24 178
24 181
24 190
25 26
25 27
25 28
25 29
25 31
25 32
25 33
25 35
25 39
25 41
25 42
25 47
25 49
25 50
25 51
25 54
25 67
25 76
25 79
25 83
25 98
25 109
25 113
25 130
25 133
25 134
25 136
25 137
25 141
25 161
25 166
25 171
25 181
25 184
25 188
25 189
25 190
25 198
26 28
26 30
26 31
26 32
26 33
26 34
26 37
26 38
26 39
26 40
26 41
26 42
26 46
26 47
26 50
26 56
26 62
26 65
26 67
26 68
26 73
26 75
26 76
26 78
26 80
26 84
26 86
26 89
26 94
26 95
26 104
26 108
26 110
26 114
26 115
26 118
26 122
26 128
26 134
26 148
26 149
26 150
26 154
26 160
26 161
26 164
26 172
26 174
26 181
26 182
26 185
26 188
26 191
26 196
27 29
27 31
27 32
27 35
27 39
27 43
27 44
27 54
27 59
27 63
27 64
27 68
27 77
27 86
27 89
27 90
27 92
27 93
27 97
27 102
27 107
27 112
27 114
27 126
27 130
27 133
27 135
27 137
27 142
27 147
27 148
27 163
27 164
27 168
27 174
27 183
27 189
28 29
28 30
28 33
28 34
28 37
28 42
28 43
28 45
28 48
28 50
28 59
28 62
28 68
28 69
28 71
28 80
28 82
28 84
28 98
28 102
28 104
28 107
28 109
28 121
28 124
28 125
28 130
28 133
28 136
28 138
28 144
28 154
28 156
28 158
28 165
28 167
28 168
28 171
28 175
28 187
28 189
28 194
29 34
29 36
29 37
29 38
29 39
29 42
29 43
29 44
29 45
29 47
29 53
29 61
29 66
29 67
29 71
29 78
29 82
29 84
29 87
29 92
29 93
29 100
29 104
29 107
29 113
29 115
29 116
29 118
29 122
29 131
29 133
29 142
29 155
29 158
29 160
29 161
29 171
29 182
29 184
29 187
29 192
29 194
29 195
30 31
30 33
30 42
30 43
30 47
30 52
30 53
30 56
30 57
30 58
30 62
30 66
30 72
30 102
30 108
30 112
30 118
30 119
30 126
30 133
30 142
30 145
30 154
30 155
30 173
30 176
30 193
31 35
31 41
31 48
31 50
31 51
31 52
31 56
31 58
31 62
31 70
31 73
31 77
31 78
31 88
31 93
31 98
31 100
31 108
31 115
31 131
31 140
31 163
31 165
31 177
31 178
31 187
31 194
31 197
31 199
32 34
32 35
32 36
32 41
32 44
32 46
32 52
32 54
32 57
32 59
32 60
32 62
32 63
32 65
32 66
32 67
32 69
32 73
32 75
32 80
32 85
32 94
32 95
32 98
32 100
32 102
32 103
32 106
32 114
32 115
32 122
32 127
32 134
32 135
32 136
32 137
32 138
32 150
32 151
32 153
32 155
32 163
32 169
32 174
32 181
32 187
32 196
32 197
33 38
33 41
33 51
33 55
33 60
33 61
33 62
33 68
33 78
33 83
33 104
33 106
33 111
33 114
33 120
33 128
33 132
33 136
33 155
33 158
33 161
33 162
33 169
33 172
33 186
34 36
34 43
34 44
34 49
34 52
34 53
34 56
34 60
34 64
34 68
34 70
34 72
34 80
34 81
34 82
34 83
34 85
34 86
34 92
34 99
34 100
34 104
34 106
34 107
34 109
34 120
34 122
34 128
34 134
34 144
34 146
34 155
34 165
34 169
34 176
34 177
34 194
34 199
35 38
35 39
35 42
35 44
35 45
35 47
35 50
35 51
35 52
35 53
35 56
35 59
35 60
35 63
35 64
35 66
35 70
35 72
35 74
35 83
35 87
35 90
35 105
35 111
35 112
35 113
35 132
35 134
35 136
35 137
35 147
35 151
35 159
35 164
35 184
35 186
35 196
35 197
36 48
36 49
36 51
36 53
36 54
36 65
36 75
36 79
36 94
36 96
36 100
36 102
36 103
36 109
36 110
36 117
36 123
36 132
36 133
36 138
36 141
36 166
36 169
36 171
36 178
36 179
36 180
36 181
36 183
36 186
37 38
37 39
37 42
37 43
37 44
37 49
37 50
37 62
37 66
37 68
37 71
37 86
37 90
37 94
37 96
37 102
37 103
37 106
37 110
37 121
37 122
37 128
37 130
37 133
37 136
37 140
37 152
37 155
37 166
37 167
37 171
37 186
37 188
37 197
38 40
38 44
38 46
38 47
38 48
38 50
38 52
38 54
38 65
38 72
38 75
38 77
38 91
38 92
38 93
38 96
38 102
38 116
38 118
38 124
38 130
38 133
38 144
38 150
38 153
38 170
38 178
38 194
38 199
39 42
39 49
39 50
39 53
39 54
39 57
39 67
39 68
39 69
39 70
39 80
39 81
39 85
39 103
39 106
39 107
39 112
39 121
39 123
39 124
39 128
39 137
39 138
39 144
39 157
39 158
39 184
39 190
39 193
39 195
39 197
39 199
40 45
40 49
40 55
40 59
40 64
40 69
40 74
40 75
40 76
40 77
40 81
40 84
40 86
40 87
40 90
40 101
40 105
40 109
40 125
40 129
40 136
40 138
40 142
40 146
40 160
40 161
40 162
40 165
40 170
41 48
41 53
41 56
41 60
41 62
41 64
41 70
41 75
41 84
41 89
41 90
41 92
41 93
41 96
41 102
41 114
41 129
41 150
41 156
41 163
41 174
41 183
41 191
41 196
42 43
42 45
42 47
42 48
42 60
42 61
42 70
42 71
42 75
42 77
42 78
42 88
42 94
42 95
42 98
42 100
42 104
42 111
42 112
42 124
42 127
42 137
42 139
42 141
42 145
42 147
42 149
42 158
43 47
43 50
43 57
43 66
43 68
43 82
43 86
43 97
43 105
43 148
43 168
43 179
43 180
43 192
43 194
43 195
44 45
44 49
44 51
44 52
44 59
44 61
44 71
44 74
44 75
44 77
44 80
44 84
44 85
44 88
44 108
44 127
44 147
44 163
44 167
44 170
44 172
44 178
44 183
44 187
45 58
45 68
45 71
45 74
45 77
45 81
45 83
45 90
45 110
45 113
45 127
45 131
45 137
45 139
45 156
45 183
45 187
45 199
46 52
46 56
46 60
46 68
46 69
46 82
46 86
46 91
46 95
46 102
46 113
46 114
46 117
46 118
46 119
46 129
46 134
46 139
46 143
46 148
46 150
46 152
46 167
46 184
46 196
47 51
47 52
47 55
47 57
47 61
47 62
47 63
47 65
47 69
47 70
47 86
47 98
47 103
47 111
47 118
47 129
47 131
47 134
47 137
47 138
47 139
47 149
47 152
47 174
47 183
47 189
47 196
48 53
48 57
48 63
48 67
48 73
48 92
48 99
48 107
48 109
48 114
48 117
48 153
48 154
48 160
48 165
48 171
48 172
48 174
48 179
48 186
48 191
48 194
48 198
49 50
49 51
49 79
49 80
49 82
49 85
49 90
49 92
49 93
49 96
49 104
49 112
49 115
49 116
49 164
49 170
49 172
49 189
49 190
49 195
49 198
50 55
50 61
50 67
50 79
50 80
50 81
50 84
50 88
50 94
50 97
50 107
50 118
50 129
50 139
50 141
50 143
50 147
50 150
50 153
50 172
50 176
50 189
50 197
51 54
51 58
51 61
51 64
51 82
51 84
51 87
51 104
51 105
51 110
51 118
51 120
51 124
51 125
51 143
51 157
51 158
51 164
51 168
51 175
51 193
51 197
52 53
52 54
52 59
52 71
52 72
52 73
52 74
52 78
52 83
52 127
52 128
52 157
52 159
52 162
52 193
53 56
53 66
53 71
53 91
53 96
53 97
53 118
53 127
53 139
53 151
53 156
53 168
54 55
54 56
54 60
54 62
54 63
54 67
54 68
54 69
54 72
54 75
54 79
54 96
54 103
54 124
54 139
54 142
54 143
54 151
54 173
54 183
55 63
55 65
55 73
55 75
55 79
55 83
55 89
55 91
55 94
55 98
55 99
55 106
55 113
55 122
55 126
55 127
55 143
55 145
55 160
55 166
55 168
55 171
55 184
55 193
56 61
56 65
56 66
56 70
56 74
56 80
56 83
56 91
56 95
56 96
56 97
56 98
56 125
56 135
56 139
56 140
56 146
56 148
56 157
56 162
56 163
56 175
56 182
56 189
56 192
56 195
56 196
56 199
57 58
57 75
57 76
57 79
57 87
57 114
57 124
57 126
57 127
57 132
57 137
57 153
57 158
57 177
57 188
57 194
58 59
58 71
58 84
58 85
58 91
58 106
58 130
58 135
58 148
58 149
59 61
59 71
59 76
59 88
59 99
59 100
59 109
59 110
59 111
59 128
59 136
59 181
59 197
60 61
60 64
60 73
60 78
60 120
60 135
60 146
60 151
60 158
61 66
61 68
61 74
61 75
61 80
61 84
61 101
61 102
61 103
61 126
61 129
61 141
61 148
61 156
61 161
61 180
61 181
61 183
61 187
61 197
62 63
62 65
62 69
62 70
62 85
62 106
62 112
62 115
62 118
62 121
62 132
62 139
62 155
62 164
62 169
62 178
62 199
63 69
63 73
63 80
63 84
63 89
63 101
63 105
63 118
63 144
63 149
63 154
63 164
63 167
63 170
64 67
64 73
64 88
64 107
64 111
64 116
64 117
64 119
64 130
64 132
64 145
64 148
64 149
64 151
64 152
64 176
65 81
65 88
65 138
65 151
65 161
65 164
65 185
65 186
66 77
66 79
66 96
66 97
66 99
66 104
66 108
66 109
66 111
66 116
66 119
66 125
66 135
66 149
66 150
66 152
66 164
66 178
66 189
66 194
66 198
67 72
67 74
67 78
67 91
67 92
67 93
67 94
67 109
67 110
67 113
67 114
67 121
67 123
67 155
67 179
67 189
68 129
68 173
68 174
69 80
69 81
69 89
69 97
69 101
69 110
69 113
69 115
69 121
69 135
69 148
69 150
69 159
69 166
69 173
69 179
70 76
70 82
70 86
70 93
70 151
70 167
70 169
70 182
71 76
71 104
71 105
71 116
71 128
71 134
71 137
71 140
71 145
71 146
71 156
71 169
71 175
71 179
72 94
72 101
72 102
72 112
72 117
72 121
72 131
72 145
72 147
72 172
72 174
72 180
72 182
72 183
72 186
72 195
72 196
73 74
73 84
73 88
73 89
73 91
73 97
73 120
73 154
73 164
74 78
74 89
74 90
74 94
74 97
74 118
74 125
74 146
74 150
74 152
74 167
75 92
75 94
75 95
75 104
75 113
75 124
75 125
75 129
75 144
75 162
75 186
76 78
76 96
76 111
76 159
76 163
76 193
77 92
77 94
77 95
77 101
77 111
77 114
77 117
77 119
77 143
77 144
77 149
77 152
77 154
77 155
77 156
77 170
77 198
78 82
78 85
78 97
78 109
78 115
78 123
78 142
78 144
78 169
78 181
79 82
79 98
79 105
79 154
79 176
79 179
79 185
80 81
80 83
80 84
80 87
80 88
80 93
80 96
80 102
80 113
80 114
80 122
80 132
80 141
80 152
80 153
80 169
80 173
80 175
80 176
80 180
80 194
81 82
81 83
81 88
81 89
81 90
81 125
81 133
81 141
81 159
81 163
81 187
81 194
82 84
82 91
82 93
82 101
82 110
82 123
82 161
82 165
82 193
82 197
83 117
83 130
83 160
83 162
83 166
83 191
83 193
84 88
84 101
84 103
84 153
84 165
84 167
85 92
85 105
85 117
85 122
85 131
85 150
85 152
85 175
85 187
85 192
86 95
86 99
86 101
86 107
86 143
86 157
86 162
87 113
87 116
87 122
87 143
87 147
87 149
87 151
87 175
87 179
88 105
88 110
88 121
88 126
88 168
88 177
88 189
89 121
89 123
89 128
89 139
89 140
89 141
89 186
90 110
90 120
90 138
90 161
90 177
90 180
91 98
91 100
91 103
91 108
91 116
91 119
91 125
91 127
91 134
91 148
91 160
91 176
92 106
92 118
92 134
92 149
92 176
92 196
93 99
93 107
93 114
93 120
93 128
93 131
93 141
93 164
93 170
93 191
94 117
94 119
94 132
94 142
94 191
95 100
95 102
95 154
96 117
96 120
96 122
96 124
96 126
96 146
97 98
97 116
97 130
97 133
97 140
97 180
97 185
98 102
98 122
98 129
98 133
98 139
98 155
98 157
98 171
98 172
98 177
98 182
98 190
98 192
98 196
99 100
99 103
99 107
99 115
99 120
99 123
99 128
99 132
99 145
99 159
99 173
99 181
99 188
100 105
100 112
100 142
100 149
100 161
100 172
100 175
100 188
100 195
101 126
101 133
101 140
101 158
101 172
102 106
102 111
102 130
102 149
102 154
102 185
103 108
103 116
103 128
103 132
103 141
103 146
103 161
103 167
103 173
103 186
104 109
104 119
104 126
104 140
104 141
104 145
104 193
105 117
105 123
105 142
105 147
105 177
106 113
106 122
106 138
106 145
106 159
106 163
106 166
106 190
106 199
107 131
107 149
107 175
108 115
108 116
108 125
108 148
108 150
108 163
108 167
108 173
108 179
108 188
108 198
109 125
109 135
109 145
109 157
109 163
109 170
109 178
109 185
109 186
109 189
109 191
110 140
110 147
110 157
110 160
110 162
110 166
110 169
111 139
111 146
111 149
111 168
111 174
111 185
111 187
111 190
112 127
112 138
112 163
112 168
112 169
113 140
113 144
113 148
113 162
113 170
113 185
114 123
114 135
114 140
114 143
114 157
114 161
114 164
114 168
114 172
115 131
115 170
115 177
115 190
115 191
116 117
116 119
116 128
116 155
116 162
116 190
117 127
117 135
117 154
117 157
117 173
118 123
118 124
118 125
118 129
118 166
118 168
118 170
118 181
119 153
119 160
119 161
119 175
119 187
119 198
120 123
120 137
120 138
120 167
120 179
120 180
121 122
121 123
121 143
121 163
121 183
121 188
122 148
122 184
123 129
123 132
123 166
123 179
123 191
124 129
124 135
124 146
124 159
124 164
124 180
124 181
124 187
125 126
125 134
125 160
126 142
126 145
126 159
126 178
127 132
127 149
127 160
127 172
127 196
128 134
129 137
129 142
129 154
129 159
129 165
129 170
129 185
130 171
130 173
131 138
131 141
132 155
132 188
133 135
133 143
133 160
133 175
134 156
134 157
134 165
134 192
134 195
135 140
135 151
135 181
135 185
136 142
136 146
136 152
136 172
136 180
136 188
137 162
137 180
137 195
138 147
138 153
138 174
138 197
139 182
140 144
140 172
140 175
140 185
140 190
140 195
142 173
143 153
143 194
144 167
144 169
144 196
145 150
146 169
146 192
147 174
147 179
147 183
149 168
149 170
149 178
149 182
149 189
150 157
150 162
150 182
150 188
150 191
151 159
151 169
151 173
151 180
152 157
152 158
153 198
154 179
155 193
156 158
157 160
157 186
157 193
157 194
158 168
158 192
158 198
159 178
162 173
163 183
167 182
167 184
168 175
170 175
170 198
171 191
172 176
172 180
173 184
175 199
178 191
179 184
181 189
181 190
181 193
181 194
183 185
183 195
184 185
184 196
192 193
195 198
196 199
198 199
