0 1
0 2
0 3
0 4
0 5
0 6
0 7
0 8
0 9
0 10
0 11
0 12
0 13
0 15
0 16
0 17
0 18
0 19
0 20
0 21
0 23
0 25
0 27
0 30
0 33
0 35
0 36
0 37
0 40
0 42
0 43
0 44
0 51
0 52
0 59
0 61
0 65
0 66
0 69
0 78
0 81
0 83
0 89
0 91
0 98
0 109
0 115
0 116
0 117
0 118
0 132
0 134
0 145
0 179
0 184
0 186
0 194
0 198
1 11
1 12
1 13
1 17
1 18
1 22
1 23
1 26
1 31
1 55
1 58
1 61
1 71
1 79
1 81
1 100
1 120
1 121
1 133
1 164
1 170
1 187
1 199
2 11
2 12
2 13
2 14
2 16
2 18
2 19
2 24
2 27
2 28
2 29
2 31
2 34
2 36
2 37
2 40
2 41
2 46
2 50
2 64
2 72
2 76
2 84
2 93
2 98
2 99
2 106
2 109
2 115
2 119
2 123
2 130
2 142
2 155
2 159
2 163
2 164
2 182
2 188
2 193
3 11
3 12
3 13
3 20
3 21
3 34
3 42
3 49
3 64
3 82
3 115
3 123
3 154
4 11
4 12
4 14
4 15
4 19
4 20
4 24
4 32
4 45
4 54
4 55
4 60
4 96
4 112
4 124
4 127
4 134
4 137
4 139
4 151
4 185
5 11
5 12
5 13
5 14
5 15
5 16
5 17
5 23
5 24
5 26
5 27
5 29
5 33
5 36
5 40
5 51
5 56
5 57
5 70
5 84
5 92
5 94
5 97
5 109
5 112
5 113
5 120
5 121
5 136
5 156
5 158
5 165
5 166
5 196
6 11
6 13
6 14
6 15
6 17
6 18
6 19
6 21
6 22
6 24
6 28
6 29
6 37
6 41
6 43
6 44
6 47
6 49
6 62
6 73
6 77
6 79
6 94
6 96
6 100
6 104
6 112
6 127
6 135
6 136
6 139
6 151
6 159
6 169
6 173
6 175
6 183
6 185
6 195
6 198
6 199
7 11
7 12
7 15
7 16
7 17
7 18
7 20
7 21
7 22
7 26
7 30
7 34
7 36
7 38
7 41
7 50
7 53
7 54
7 55
7 56
7 62
7 70
7 75
7 82
7 89
7 94
7 105
7 115
7 144
7 165
7 199
8 11
8 12
8 13
8 14
8 17
8 22
8 24
8 25
8 27
8 28
8 33
8 54
8 62
8 85
8 140
8 143
8 158
8 159
8 169
8 184
9 12
9 14
9 16
9 18
9 23
9 24
9 25
9 28
9 29
9 30
9 31
9 35
9 43
9 46
9 49
9 59
9 65
9 80
9 106
9 113
9 121
9 129
9 150
9 157
9 162
9 171
9 176
9 180
9 181
9 189
10 11
10 13
10 14
10 15
10 16
10 19
10 21
10 24
10 26
10 30
10 32
10 34
10 38
10 39
10 45
10 55
10 78
10 90
10 99
10 107
10 111
10 113
10 125
10 137
10 140
10 146
10 163
10 167
10 170
10 178
10 194
11 12
11 13
11 14
11 15
11 16
11 18
11 21
11 22
11 24
11 27
11 28
11 29
11 31
11 33
11 35
11 39
11 40
11 41
11 42
11 43
11 47
11 54
11 56
11 57
11 58
11 63
11 66
11 67
11 68
11 69
11 70
11 76
11 78
11 80
11 84
11 85
11 87
11 88
11 94
11 98
11 100
11 102
11 104
11 106
11 114
11 118
11 120
11 122
11 124
11 131
11 132
11 133
11 149
11 151
11 154
11 155
11 158
11 159
11 164
11 169
11 170
11 171
11 173
11 175
11 178
11 179
11 180
11 197
12 13
12 14
12 15
12 16
12 17
12 19
12 20
12 21
12 22
12 23
12 25
12 26
12 29
12 32
12 33
12 34
12 35
12 36
12 48
12 52
12 58
12 60
12 68
12 69
12 70
12 76
12 88
12 95
12 96
12 111
12 114
12 118
12 121
12 122
12 133
12 134
12 138
12 139
12 143
12 144
12 147
12 153
12 159
12 162
13 14
13 15
13 16
13 17
13 18
13 20
13 21
13 22
13 23
13 25
13 26
13 27
13 28
13 29
13 30
13 31
13 33
13 34
13 36
13 38
13 42
13 43
13 44
13 45
13 47
13 48
13 50
13 51
13 52
13 53
13 54
13 55
13 56
13 57
13 60
13 67
13 68
13 73
13 75
13 77
13 78
13 79
13 81
13 85
13 90
13 93
13 96
13 102
13 103
13 112
13 114
13 115
13 119
13 124
13 125
13 131
13 139
13 146
13 162
13 165
13 167
13 173
13 180
13 181
13 182
13 189
13 191
14 15
14 17
14 19
14 20
14 22
14 24
14 25
14 26
14 31
14 32
14 34
14 37
14 38
14 39
14 41
14 48
14 54
14 56
14 58
14 61
14 67
14 72
14 78
14 81
14 83
14 85
14 87
14 89
14 90
14 91
14 92
14 97
14 101
14 108
14 116
14 134
14 136
14 138
14 141
14 158
14 160
14 173
14 190
15 16
15 17
15 18
15 19
15 24
15 29
15 32
15 38
15 39
15 44
15 48
15 56
15 62
15 64
15 68
15 74
15 81
15 99
15 110
15 117
15 127
15 129
15 134
15 141
15 162
15 187
16 20
16 21
16 23
16 25
16 26
16 30
16 31
16 33
16 37
16 39
16 44
16 46
16 47
16 48
16 50
16 51
16 56
16 62
16 64
16 65
16 66
16 68
16 75
16 76
16 79
16 83
16 90
16 93
16 96
16 99
16 101
16 105
16 107
16 108
16 118
16 122
16 123
16 125
16 129
16 132
16 145
16 152
16 161
16 163
16 166
16 167
16 172
16 173
16 183
16 195
17 18
17 19
17 20
17 22
17 26
17 27
17 32
17 36
17 42
17 43
17 55
17 56
17 57
17 58
17 65
17 77
17 82
17 84
17 90
17 99
17 100
17 106
17 118
17 120
17 121
17 141
17 148
17 151
17 168
17 171
17 177
17 181
17 187
17 191
17 197
18 19
18 20
18 23
18 25
18 27
18 28
18 29
18 33
18 35
18 37
18 39
18 41
18 42
18 44
18 50
18 52
18 64
18 68
18 77
18 89
18 98
18 100
18 101
18 105
18 107
18 132
18 161
18 164
18 172
18 174
18 188
18 189
19 21
19 22
19 25
19 30
19 34
19 39
19 40
19 51
19 66
19 68
19 69
19 96
19 104
19 108
19 114
19 122
19 130
19 135
19 148
19 152
19 165
19 176
19 197
19 199
20 23
20 27
20 28
20 43
20 45
20 47
20 52
20 59
20 63
20 67
20 68
20 72
20 73
20 76
20 79
20 81
20 85
20 92
20 101
20 107
20 112
20 120
20 126
20 133
20 136
20 137
20 146
20 168
20 169
20 178
20 185
20 192
20 193
20 195
21 25
21 32
21 35
21 58
21 74
21 77
21 82
21 86
21 97
21 98
21 105
21 114
21 135
21 159
21 180
22 23
22 30
22 33
22 34
22 35
22 37
22 39
22 43
22 47
22 49
22 50
22 51
22 58
22 59
22 62
22 64
22 65
22 71
22 74
22 78
22 80
22 82
22 83
22 95
22 131
22 137
22 143
22 150
22 156
22 182
22 183
22 185
22 186
22 199
23 30
23 38
23 50
23 60
23 70
23 71
23 92
23 106
23 131
23 139
23 142
23 153
23 157
23 158
23 161
23 176
23 181
23 187
23 194
24 27
24 31
24 38
24 41
24 43
24 58
24 60
24 61
24 65
24 71
24 73
24 74
24 77
24 95
24 106
24 113
24 127
24 129
24 140
24 189
24 192
25 26
25 32
25 35
25 48
25 52
25 67
25 71
25 81
25 86
25 87
25 88
25 111
25 127
25 163
25 198
26 28
26 32
26 40
26 46
26 48
26 49
26 54
26 57
26 69
26 76
26 102
26 104
26 114
26 130
26 141
26 145
26 148
26 165
26 168
26 173
26 182
26 196
27 28
27 29
27 31
27 32
27 33
27 34
27 38
27 39
27 42
27 44
27 47
27 51
27 58
27 61
27 65
27 71
27 75
27 78
27 82
27 86
27 88
27 94
27 97
27 101
27 111
27 115
27 119
27 127
27 130
27 133
27 135
27 137
27 138
27 141
27 142
27 152
27 174
28 35
28 37
28 38
28 45
28 50
28 53
28 60
28 64
28 65
28 84
28 89
28 104
28 120
28 122
28 133
28 135
28 138
28 145
28 147
28 196
29 30
29 36
29 40
29 41
29 43
29 46
29 60
29 61
29 72
29 73
29 86
29 87
29 93
29 94
29 98
29 103
29 105
29 107
29 110
29 121
29 128
29 145
29 147
29 150
29 163
30 31
30 40
30 47
30 51
30 54
30 63
30 64
30 74
30 79
30 90
30 92
30 102
30 112
30 135
30 137
30 144
30 146
30 157
30 171
30 185
30 187
31 35
31 36
31 40
31 50
31 52
31 53
31 69
31 77
31 80
31 83
31 86
31 94
31 109
31 124
31 125
31 146
31 155
31 161
31 164
31 171
31 180
31 181
31 183
31 187
31 189
31 190
32 37
32 44
32 47
32 57
32 61
32 67
32 69
32 72
32 90
32 95
32 111
32 124
32 131
32 150
32 156
32 163
32 164
32 169
32 172
32 175
32 183
33 38
33 40
33 44
33 49
33 73
33 74
33 76
33 104
33 110
33 118
33 121
33 142
33 196
34 39
34 45
34 46
34 55
34 66
34 101
34 148
34 188
34 192
35 36
35 37
35 42
35 46
35 48
35 55
35 57
35 61
35 63
35 66
35 67
35 80
35 84
35 98
35 100
35 102
35 106
35 140
35 150
35 152
35 157
35 158
35 166
35 180
35 190
35 196
36 52
36 59
36 61
36 66
36 69
36 74
36 77
36 93
36 99
36 110
36 120
36 131
36 134
36 144
36 155
36 161
36 172
36 182
37 46
37 50
37 63
37 80
37 87
37 89
37 109
37 137
37 148
37 162
37 163
37 179
37 186
38 42
38 45
38 48
38 64
38 67
38 72
38 78
38 86
38 95
38 101
38 110
38 113
38 126
38 130
38 147
38 150
38 153
38 186
39 41
39 45
39 46
39 51
39 52
39 53
39 55
39 57
39 60
39 66
39 67
39 69
39 70
39 76
39 77
39 79
39 80
39 83
39 85
39 86
39 87
39 89
39 116
39 120
39 124
39 133
39 142
39 143
39 154
39 155
39 164
39 170
39 173
39 175
39 177
39 193
39 195
39 196
39 198
40 41
40 59
40 62
40 75
40 80
40 90
40 95
40 102
40 103
40 107
40 119
40 126
40 133
40 136
40 143
40 144
40 184
40 186
40 188
40 193
41 42
41 44
41 45
41 48
41 49
41 52
41 53
41 54
41 56
41 58
41 61
41 62
41 89
41 90
41 95
41 96
41 99
41 100
41 105
41 107
41 110
41 116
41 125
41 126
41 128
41 130
41 131
41 132
41 145
41 149
41 156
41 162
41 175
41 179
41 192
42 46
42 60
42 63
42 104
42 108
42 115
42 123
42 129
42 140
42 147
42 149
42 152
42 159
42 169
42 194
43 45
43 49
43 53
43 55
43 64
43 66
43 70
43 78
43 83
43 92
43 96
43 112
43 125
43 130
43 134
43 135
43 167
43 179
44 59
44 63
44 75
44 78
44 79
44 81
44 85
44 94
44 108
44 140
44 147
44 150
44 160
44 174
44 188
45 47
45 53
45 59
45 71
45 86
45 105
45 123
45 129
45 162
45 171
45 182
46 49
46 53
46 59
46 63
46 65
46 76
46 91
46 93
46 105
46 113
46 126
46 128
46 139
46 143
46 166
47 54
47 57
47 72
47 114
47 115
47 142
47 143
47 151
47 167
47 174
47 176
48 49
48 51
48 59
48 62
48 75
48 82
48 93
48 112
48 113
48 116
48 142
48 148
48 156
48 157
48 176
48 179
48 196
48 197
48 199
49 65
49 70
49 74
49 85
49 111
49 125
49 136
49 138
49 141
49 149
49 157
49 166
49 170
49 173
49 183
49 191
49 194
49 198
50 53
50 67
50 80
50 82
50 87
50 91
50 108
50 111
50 126
50 129
50 141
50 150
50 172
51 62
51 70
51 71
51 72
51 73
51 76
51 82
51 87
51 152
51 159
51 177
51 190
52 56
52 63
52 79
52 100
52 109
52 111
52 120
52 128
52 153
52 156
52 168
52 177
53 88
53 127
53 131
53 148
53 160
53 162
53 166
53 196
54 81
54 94
54 97
54 155
54 164
54 183
55 57
55 63
55 68
55 69
55 73
55 83
55 89
55 104
55 116
55 118
55 131
55 133
55 160
55 174
55 178
55 189
55 195
56 75
56 124
57 83
57 97
57 147
57 149
58 128
58 136
58 144
58 154
58 160
59 60
59 74
59 107
59 138
60 86
60 91
60 124
60 138
60 154
60 172
61 88
61 102
61 157
61 162
61 191
61 192
62 72
62 80
62 82
62 88
62 103
62 105
62 107
62 109
62 117
62 145
62 150
62 153
62 161
62 162
62 182
62 184
63 88
63 96
63 165
63 171
63 193
64 66
64 68
64 71
64 72
64 84
64 91
64 92
64 93
64 123
64 130
64 138
65 70
65 71
65 73
65 75
65 81
65 85
65 100
65 103
65 142
65 178
65 183
65 190
66 88
66 91
66 99
66 144
66 171
66 175
67 73
67 74
67 75
67 92
67 99
67 109
67 139
67 165
68 92
68 116
69 119
69 133
69 147
69 169
69 170
70 77
70 86
70 103
70 114
70 117
70 121
70 122
70 124
70 149
70 176
70 185
71 84
71 116
71 124
71 126
71 151
71 158
71 159
71 175
71 181
72 83
72 84
72 91
72 100
72 178
72 199
73 128
73 191
74 106
74 126
74 166
75 88
75 109
75 126
76 87
76 91
76 92
76 98
76 113
76 121
76 132
76 152
77 84
77 85
77 97
77 98
77 103
77 104
77 111
77 127
77 168
78 79
78 89
78 114
78 123
78 125
78 129
78 140
78 191
79 97
79 135
79 143
79 148
79 154
79 160
79 167
79 180
79 190
80 87
80 102
80 108
80 132
80 142
80 151
80 189
81 108
81 129
81 145
81 152
81 165
81 182
81 185
81 197
82 95
82 109
82 113
82 117
82 119
82 172
82 185
83 94
83 149
83 153
83 170
83 173
83 189
83 197
84 97
84 101
84 102
84 103
84 105
84 108
84 118
84 128
84 143
84 169
84 194
85 91
85 93
85 98
85 102
85 103
85 113
85 141
85 158
85 165
85 172
86 103
86 112
86 116
86 128
86 153
86 154
86 193
87 93
87 99
87 115
87 142
87 144
87 157
87 184
88 90
88 95
88 114
88 121
88 123
88 130
88 156
88 160
88 192
88 196
89 119
89 138
89 146
89 174
89 190
90 101
90 110
90 118
90 128
90 149
90 161
90 180
90 189
90 193
91 97
91 119
91 125
91 131
91 168
91 177
91 194
92 107
92 117
92 122
92 155
92 180
93 95
93 96
93 139
93 143
93 174
94 127
94 178
94 191
95 110
95 111
95 122
95 137
95 145
95 195
96 106
96 134
96 155
96 163
96 165
97 163
97 184
98 135
98 136
98 147
98 187
98 195
99 101
99 140
99 146
99 180
100 108
100 136
100 140
101 104
101 110
101 112
101 117
101 119
101 123
101 130
101 138
101 140
101 147
101 163
101 170
101 173
101 176
101 179
101 185
101 189
102 110
102 117
102 132
102 136
102 151
102 153
102 168
102 170
102 199
103 192
104 116
104 117
104 149
104 159
104 175
105 106
105 117
105 129
105 151
105 168
106 192
107 120
107 177
108 158
109 155
109 174
110 122
110 127
111 115
111 141
111 152
112 122
112 126
112 137
112 144
112 157
112 195
113 119
113 123
113 150
114 118
114 128
114 154
114 156
114 167
114 192
115 139
115 182
116 168
116 186
116 194
116 197
117 134
117 146
117 164
117 167
118 134
119 137
119 194
120 191
120 196
121 161
122 132
122 160
122 167
122 172
122 188
123 125
123 135
123 148
123 153
123 156
123 160
124 139
124 152
124 175
124 184
124 197
125 151
125 179
125 183
125 187
126 148
126 178
126 188
127 149
127 184
127 194
128 146
128 174
129 160
129 166
129 186
130 132
130 177
130 195
131 161
132 161
132 166
133 141
136 188
136 191
137 154
137 156
137 169
138 146
138 155
138 164
138 175
138 190
139 153
140 185
141 145
141 157
141 186
141 187
142 181
143 144
144 168
145 154
145 184
146 177
146 178
146 193
148 195
150 169
150 179
150 187
151 188
152 158
152 167
152 179
153 176
154 181
154 191
155 199
156 170
156 174
157 177
157 183
157 198
157 199
158 166
163 190
164 171
164 181
165 172
165 182
166 190
167 176
168 171
168 193
169 186
170 177
170 188
171 184
175 176
175 178
175 181
178 198
180 186
180 197
180 198
181 192
184 198
188 197
190 193
192 198
