0 1
0 2
0 3
0 4
0 5
0 6
0 7
0 8
0 9
0 10
0 11
0 12
0 13
0 14
0 15
0 16
0 17
0 18
0 19
0 20
0 21
0 24
0 25
0 26
0 27
0 28
0 31
0 32
0 33
0 34
0 36
0 37
0 38
0 39
0 41
0 42
0 45
0 47
0 50
0 54
0 55
0 56
0 57
0 60
0 61
0 63
0 67
0 68
0 69
0 77
0 79
0 85
0 90
0 95
0 99
0 104
0 108
0 109
0 111
0 112
0 119
0 123
0 136
0 138
0 148
0 150
0 151
0 155
0 157
0 158
0 174
0 181
0 195
1 16
1 17
1 19
1 20
1 21
1 22
1 24
1 26
1 27
1 28
1 29
1 31
1 32
1 33
1 34
1 35
1 36
1 42
1 43
1 45
1 48
1 49
1 51
1 56
1 57
1 62
1 63
1 64
1 70
1 72
1 73
1 78
1 81
1 83
1 98
1 104
1 105
1 109
1 126
1 143
1 145
1 146
1 158
1 169
1 170
1 184
1 190
2 16
2 18
2 19
2 20
2 22
2 23
2 24
2 26
2 28
2 31
2 32
2 36
2 40
2 45
2 49
2 54
2 55
2 59
2 61
2 69
2 71
2 73
2 74
2 75
2 78
2 86
2 90
2 101
2 103
2 110
2 111
2 112
2 116
2 128
2 129
2 137
2 152
2 157
2 166
2 171
2 183
2 185
2 188
2 189
3 19
3 20
3 22
3 25
3 29
3 33
3 37
3 38
3 61
3 62
3 66
3 88
3 98
3 99
3 109
3 143
3 192
4 16
4 17
4 18
4 19
4 20
4 23
4 26
4 27
4 28
4 29
4 34
4 42
4 52
4 53
4 65
4 85
4 88
4 89
4 101
4 105
4 108
4 128
4 162
4 176
4 186
5 16
5 17
5 18
5 19
5 22
5 30
5 31
5 32
5 33
5 34
5 37
5 38
5 60
5 63
5 77
5 78
5 89
5 100
5 106
5 111
5 113
5 116
5 118
5 127
5 128
5 129
5 140
5 161
5 163
5 166
5 169
5 170
5 181
5 193
6 16
6 17
6 18
6 20
6 21
6 22
6 23
6 25
6 26
6 27
6 28
6 30
6 33
6 35
6 37
6 40
6 41
6 45
6 47
6 48
6 50
6 53
6 54
6 55
6 56
6 59
6 64
6 70
6 74
6 75
6 78
6 83
6 85
6 87
6 88
6 93
6 114
6 130
6 138
6 149
6 150
6 174
6 184
6 186
6 192
6 195
7 16
7 17
7 18
7 19
7 20
7 21
7 23
7 29
7 31
7 37
7 38
7 39
7 40
7 41
7 44
7 51
7 60
7 63
7 64
7 65
7 67
7 68
7 73
7 74
7 80
7 83
7 87
7 92
7 94
7 96
7 109
7 113
7 116
7 120
7 129
7 137
7 141
7 152
7 153
7 160
7 161
7 166
7 171
7 172
7 194
7 199
8 16
8 17
8 18
8 19
8 20
8 21
8 25
8 27
8 33
8 44
8 45
8 47
8 52
8 54
8 60
8 61
8 74
8 78
8 89
8 90
8 93
8 104
8 132
8 150
8 152
8 161
8 167
8 175
8 176
8 194
8 197
9 16
9 17
9 18
9 19
9 20
9 21
9 22
9 23
9 24
9 25
9 26
9 30
9 31
9 32
9 34
9 35
9 42
9 49
9 52
9 57
9 58
9 61
9 62
9 64
9 67
9 84
9 90
9 92
9 94
9 106
9 110
9 116
9 122
9 127
9 135
9 141
9 153
9 154
9 156
9 168
9 187
9 188
9 194
10 16
10 17
10 18
10 19
10 20
10 21
10 22
10 23
10 24
10 25
10 27
10 30
10 33
10 34
10 35
10 40
10 46
10 53
10 58
10 67
10 74
10 77
10 79
10 91
10 105
10 113
10 116
10 124
10 134
10 136
10 141
10 152
10 153
10 159
10 170
10 175
10 194
11 16
11 17
11 18
11 20
11 21
11 24
11 27
11 28
11 29
11 30
11 31
11 32
11 34
11 37
11 38
11 41
11 44
11 45
11 46
11 47
11 51
11 65
11 71
11 86
11 97
11 99
11 104
11 115
11 117
11 119
11 121
11 127
11 130
11 138
11 141
11 152
11 167
11 169
11 182
11 193
12 16
12 17
12 18
12 19
12 22
12 27
12 33
12 39
12 47
12 65
12 68
12 80
12 87
12 104
12 107
12 113
12 138
12 145
12 158
12 168
12 171
12 193
13 16
13 17
13 18
13 19
13 21
13 23
13 24
13 25
13 27
13 30
13 35
13 36
13 39
13 40
13 41
13 43
13 46
13 49
13 50
13 57
13 58
13 79
13 87
13 98
13 100
13 102
13 104
13 108
13 110
13 115
13 124
13 132
13 139
13 147
13 160
13 169
13 176
13 187
13 191
13 198
14 16
14 17
14 18
14 21
14 22
14 23
14 24
14 26
14 36
14 38
14 40
14 54
14 68
14 74
14 86
14 103
14 105
14 136
14 144
14 152
14 156
14 157
14 159
14 165
14 170
14 179
14 191
15 16
15 17
15 24
15 25
15 28
15 64
15 96
15 105
15 127
15 178
16 17
16 18
16 19
16 20
16 21
16 22
16 23
16 24
16 25
16 26
16 27
16 28
16 29
16 30
16 31
16 32
16 34
16 35
16 36
16 38
16 39
16 40
16 41
16 42
16 46
16 49
16 50
16 53
16 58
16 61
16 63
16 66
16 68
16 71
16 72
16 74
16 75
16 76
16 80
16 86
16 90
16 91
16 92
16 93
16 95
16 98
16 101
16 102
16 103
16 106
16 107
16 109
16 117
16 119
16 122
16 124
16 125
16 127
16 131
16 133
16 134
16 140
16 141
16 149
16 150
16 151
16 161
16 163
16 165
16 167
16 173
16 177
16 180
16 183
16 185
16 187
16 189
16 190
16 197
16 198
16 199
17 18
17 19
17 20
17 21
17 22
17 23
17 24
17 25
17 26
17 28
17 29
17 30
17 33
17 34
17 35
17 36
17 37
17 38
17 41
17 43
17 44
17 46
17 47
17 50
17 51
17 52
17 53
17 55
17 56
17 59
17 60
17 61
17 62
17 67
17 70
17 76
17 78
17 79
17 81
17 83
17 84
17 88
17 92
17 94
17 99
17 100
17 106
17 107
17 108
17 114
17 116
17 117
17 121
17 122
17 123
17 126
17 127
17 133
17 136
17 137
17 141
17 147
17 151
17 162
17 174
17 176
17 178
17 198
18 19
18 20
18 21
18 22
18 23
18 24
18 25
18 26
18 27
18 28
18 30
18 31
18 34
18 35
18 36
18 38
18 39
18 41
18 42
18 43
18 44
18 47
18 50
18 53
18 54
18 55
18 62
18 63
18 64
18 67
18 70
18 71
18 72
18 75
18 76
18 80
18 82
18 84
18 89
18 91
18 103
18 117
18 123
18 125
18 126
18 129
18 133
18 143
18 144
18 145
18 147
18 148
18 150
18 151
18 154
18 163
18 169
18 170
18 178
18 180
18 184
18 188
18 192
18 195
19 20
19 21
19 22
19 23
19 24
19 25
19 26
19 27
19 28
19 29
19 30
19 31
19 32
19 33
19 34
19 38
19 40
19 41
19 44
19 47
19 48
19 49
19 61
19 62
19 67
19 69
19 70
19 72
19 73
19 76
19 77
19 80
19 81
19 84
19 86
19 88
19 92
19 94
19 96
19 98
19 103
19 104
19 109
19 113
19 119
19 120
19 125
19 128
19 130
19 157
19 167
19 188
19 195
19 196
20 21
20 22
20 23
20 24
20 25
20 26
20 28
20 30
20 32
20 33
20 34
20 36
20 38
20 39
20 40
20 43
20 45
20 48
20 50
20 51
20 53
20 55
20 57
20 62
20 64
20 69
20 74
20 76
20 77
20 79
20 87
20 89
20 95
20 96
20 103
20 108
20 109
20 118
20 119
20 141
20 148
20 150
20 153
20 156
20 157
20 170
20 195
21 22
21 23
21 25
21 26
21 28
21 29
21 30
21 33
21 34
21 35
21 37
21 38
21 39
21 42
21 44
21 45
21 47
21 51
21 53
21 55
21 56
21 58
21 59
21 60
21 66
21 71
21 72
21 73
21 81
21 85
21 88
21 90
21 91
21 94
21 95
21 99
21 102
21 104
21 105
21 109
21 110
21 117
21 119
21 121
21 124
21 127
21 131
21 132
21 138
21 147
21 150
21 160
21 162
21 163
21 164
21 165
21 167
21 171
21 174
21 186
21 189
21 197
22 23
22 26
22 29
22 30
22 32
22 39
22 41
22 42
22 43
22 45
22 46
22 47
22 48
22 49
22 52
22 54
22 55
22 56
22 58
22 59
22 61
22 63
22 69
22 72
22 73
22 77
22 81
22 82
22 85
22 87
22 92
22 93
22 98
22 99
22 101
22 103
22 104
22 107
22 111
22 113
22 119
22 120
22 121
22 124
22 129
22 131
22 135
22 139
22 158
22 161
22 164
22 169
22 176
22 179
22 181
22 192
22 193
22 194
23 24
23 28
23 31
23 32
23 36
23 40
23 44
23 45
23 46
23 57
23 62
23 64
23 73
23 75
23 78
23 82
23 83
23 86
23 91
23 96
23 107
23 120
23 132
23 144
23 147
23 150
23 154
23 161
23 163
23 165
23 178
23 179
23 187
23 192
23 196
24 25
24 27
24 29
24 31
24 34
24 36
24 41
24 42
24 43
24 44
24 45
24 46
24 47
24 49
24 51
24 56
24 61
24 62
24 66
24 70
24 76
24 79
24 80
24 82
24 92
24 97
24 99
24 102
24 116
24 119
24 120
24 139
24 143
24 147
24 151
24 155
24 157
24 159
24 168
24 170
24 188
24 190
24 191
24 194
24 198
25 26
25 27
25 28
25 29
25 30
25 35
25 37
25 46
25 47
25 48
25 51
25 56
25 58
25 59
25 61
25 66
25 67
25 68
25 70
25 72
25 73
25 74
25 75
25 77
25 82
25 92
25 99
25 102
25 110
25 117
25 123
25 130
25 132
25 139
25 141
25 153
25 155
25 157
25 162
25 166
25 174
25 176
25 183
25 184
25 191
26 27
26 29
26 30
26 33
26 35
26 37
26 39
26 41
26 42
26 43
26 45
26 49
26 50
26 51
26 57
26 58
26 59
26 66
26 70
26 74
26 82
26 83
26 84
26 86
26 100
26 102
26 103
26 127
26 133
26 134
26 138
26 140
26 145
26 155
26 179
26 188
27 29
27 32
27 33
27 34
27 36
27 37
27 46
27 47
27 48
27 52
27 54
27 58
27 60
27 65
27 66
27 68
27 89
27 90
27 97
27 100
27 108
27 111
27 112
27 122
27 130
27 141
27 145
27 147
27 157
27 163
27 166
27 184
27 185
27 186
27 190
27 196
28 29
28 31
28 32
28 35
28 36
28 40
28 41
28 43
28 53
28 57
28 64
28 66
28 75
28 77
28 80
28 82
28 90
28 100
28 102
28 105
28 106
28 107
28 109
28 119
28 120
28 121
28 126
28 130
28 140
28 141
28 143
28 144
28 146
28 147
28 148
28 152
28 155
28 163
28 169
28 172
28 176
29 31
29 32
29 37
29 39
29 40
29 42
29 43
29 44
29 52
29 54
29 55
29 57
29 58
29 67
29 69
29 71
29 77
29 80
29 85
29 95
29 98
29 99
29 104
29 107
29 109
29 112
29 118
29 120
29 131
29 134
29 137
29 139
29 149
29 151
29 153
29 161
29 165
29 166
29 167
29 175
29 176
29 180
30 31
30 35
30 36
30 38
30 40
30 42
30 44
30 52
30 56
30 57
30 59
30 65
30 67
30 76
30 78
30 100
30 104
30 105
30 107
30 110
30 113
30 128
30 129
30 133
30 134
30 135
30 144
30 153
30 155
30 156
30 161
30 164
30 178
30 181
31 32
31 35
31 37
31 38
31 39
31 41
31 43
31 47
31 50
31 57
31 58
31 60
31 62
31 66
31 69
31 71
31 78
31 82
31 89
31 90
31 93
31 96
31 99
31 101
31 103
31 108
31 113
31 114
31 123
31 135
31 149
31 150
31 151
31 170
31 171
31 179
31 180
31 192
31 194
32 33
32 56
32 64
32 65
32 66
32 67
32 71
32 78
32 79
32 80
32 81
32 84
32 93
32 101
32 109
32 110
32 112
32 120
32 132
32 138
32 147
32 155
32 156
32 162
32 171
32 177
32 181
33 37
33 40
33 42
33 43
33 46
33 48
33 50
33 51
33 52
33 65
33 69
33 72
33 73
33 78
33 84
33 91
33 93
33 114
33 115
33 119
33 125
33 135
33 148
33 154
33 156
33 162
33 163
33 166
33 169
33 190
33 192
33 195
33 197
33 198
33 199
34 35
34 37
34 43
34 46
34 48
34 51
34 52
34 54
34 55
34 57
34 60
34 66
34 71
34 78
34 82
34 88
34 96
34 98
34 112
34 129
34 134
34 145
34 154
34 172
34 174
34 182
34 183
34 184
34 195
34 199
35 36
35 43
35 44
35 45
35 49
35 52
35 56
35 60
35 65
35 66
35 74
35 75
35 77
35 81
35 82
35 93
35 94
35 107
35 115
35 128
35 132
35 136
35 146
35 148
35 149
35 151
35 158
35 159
35 162
35 175
35 177
35 178
35 179
35 186
35 188
35 192
35 194
36 38
36 39
36 40
36 45
36 49
36 50
36 54
36 57
36 59
36 67
36 85
36 88
36 91
36 96
36 106
36 113
36 131
36 132
36 144
36 150
36 152
36 165
36 182
36 187
36 196
36 198
37 39
37 42
37 46
37 48
37 51
37 55
37 56
37 59
37 61
37 62
37 64
37 65
37 70
37 72
37 75
37 81
37 82
37 83
37 84
37 85
37 86
37 104
37 107
37 108
37 111
37 117
37 118
37 119
37 137
37 147
37 148
37 149
37 152
37 158
37 170
37 173
37 175
37 182
37 184
37 191
38 39
38 50
38 51
38 53
38 61
38 87
38 91
38 93
38 101
38 110
38 115
38 131
38 146
38 148
38 149
38 160
38 177
38 179
38 189
38 196
39 41
39 44
39 63
39 66
39 71
39 77
39 135
39 136
39 152
39 158
39 169
39 195
39 199
40 46
40 48
40 49
40 50
40 53
40 55
40 59
40 63
40 64
40 68
40 69
40 70
40 77
40 83
40 89
40 98
40 100
40 103
40 106
40 127
40 128
40 131
40 132
40 133
40 139
40 143
40 146
40 150
40 158
40 166
40 168
40 190
40 193
41 42
41 43
41 44
41 47
41 48
41 51
41 52
41 53
41 57
41 58
41 60
41 63
41 66
41 69
41 72
41 75
41 76
41 79
41 80
41 84
41 96
41 106
41 109
41 111
41 116
41 118
41 129
41 134
41 140
41 141
41 161
41 168
41 169
41 175
41 178
41 180
41 181
41 182
41 188
42 44
42 49
42 50
42 52
42 55
42 58
42 61
42 62
42 65
42 68
42 76
42 89
42 94
42 96
42 130
42 134
42 149
42 153
42 161
42 163
42 182
42 183
42 198
43 45
43 50
43 52
43 59
43 64
43 65
43 70
43 72
43 77
43 78
43 79
43 90
43 93
43 97
43 100
43 101
43 108
43 110
43 114
43 118
43 122
43 124
43 126
43 129
43 131
43 142
43 144
43 145
43 156
43 166
43 172
43 177
43 178
43 187
44 46
44 48
44 56
44 57
44 63
44 65
44 68
44 70
44 74
44 81
44 82
44 91
44 93
44 95
44 101
44 104
44 114
44 116
44 117
44 130
44 131
44 142
44 148
44 162
44 163
44 164
44 167
44 171
44 177
44 183
44 190
44 196
44 199
45 49
45 53
45 54
45 55
45 59
45 69
45 78
45 80
45 84
45 88
45 93
45 103
45 106
45 112
45 116
45 122
45 135
45 144
45 164
45 179
45 182
45 185
45 188
46 48
46 52
46 60
46 62
46 63
46 69
46 84
46 107
46 108
46 118
46 123
46 131
46 141
46 155
46 170
46 177
46 180
46 186
46 190
47 48
47 49
47 55
47 69
47 71
47 76
47 95
47 100
47 101
47 107
47 118
47 120
47 136
47 137
47 139
47 184
47 197
47 198
48 56
48 59
48 62
48 71
48 83
48 85
48 89
48 95
48 97
48 120
48 142
48 146
48 147
48 157
48 159
48 181
48 198
48 199
49 53
49 59
49 61
49 68
49 86
49 92
49 123
49 125
49 146
49 149
49 153
49 156
49 167
49 170
50 51
50 53
50 54
50 60
50 62
50 67
50 69
50 75
50 77
50 82
50 84
50 85
50 97
50 118
50 123
50 125
50 137
50 140
50 142
50 145
50 148
50 151
50 154
50 161
50 165
50 166
50 169
50 180
50 187
50 195
51 54
51 65
51 67
51 79
51 83
51 88
51 95
51 113
51 128
51 129
51 140
51 143
51 144
51 145
51 147
51 149
51 158
51 162
51 172
51 173
51 191
52 58
52 63
52 64
52 66
52 68
52 75
52 85
52 86
52 95
52 109
52 118
52 165
52 170
52 178
52 183
52 188
53 54
53 65
53 77
53 83
53 93
53 94
53 95
53 97
53 102
53 123
53 128
53 145
53 153
53 158
53 163
53 174
53 183
53 191
54 56
54 92
54 94
54 98
54 105
54 107
54 114
54 149
54 162
54 164
54 181
54 186
55 58
55 64
55 67
55 70
55 73
55 81
55 87
55 89
55 115
55 119
55 122
55 125
55 133
55 142
55 160
55 162
55 164
55 167
55 175
55 189
56 63
56 69
56 71
56 72
56 74
56 75
56 79
56 86
56 88
56 94
56 103
56 111
56 112
56 131
56 134
56 135
56 153
56 172
56 177
56 188
56 189
57 60
57 76
57 83
57 86
57 96
57 99
57 100
57 103
57 108
57 115
57 122
57 124
57 127
57 136
57 143
57 176
57 183
57 188
57 195
58 74
58 88
58 90
58 96
58 97
58 103
58 104
58 113
58 121
58 126
58 133
58 137
58 144
58 148
58 149
58 150
58 157
58 192
58 196
59 60
59 68
59 71
59 79
59 80
59 87
59 91
59 105
59 106
59 110
59 111
59 116
59 117
59 126
59 127
59 128
59 140
59 159
59 179
59 190
60 63
60 71
60 74
60 81
60 82
60 83
60 84
60 87
60 97
60 101
60 105
60 110
60 114
60 116
60 129
60 137
60 138
60 144
60 146
60 148
60 150
61 73
61 79
61 83
61 89
61 111
61 135
61 136
61 140
61 155
61 157
61 163
61 168
61 173
61 190
61 194
62 73
62 75
62 81
62 87
62 90
62 109
62 122
62 125
62 126
62 132
62 133
62 154
62 156
62 165
62 193
62 199
63 68
63 70
63 76
63 80
63 94
63 100
63 108
63 114
63 123
63 143
63 146
63 173
63 185
64 72
64 73
64 76
64 80
64 95
64 102
64 154
64 156
64 157
64 168
64 185
65 68
65 81
65 83
65 90
65 95
65 99
65 102
65 111
65 117
65 124
65 136
65 139
65 141
65 146
65 154
65 156
65 159
65 189
66 73
66 86
66 91
66 107
66 122
66 148
66 173
66 184
66 198
67 70
67 72
67 76
67 85
67 95
67 97
67 98
67 99
67 101
67 111
67 115
67 121
67 125
67 138
67 152
67 165
67 169
67 190
68 79
68 85
68 87
68 88
68 91
68 113
68 115
68 122
68 128
68 135
68 153
68 156
68 186
68 199
69 72
69 73
69 84
69 86
69 93
69 114
69 128
69 130
69 164
69 176
69 177
69 179
69 182
69 195
70 85
70 87
70 99
70 101
70 112
70 124
70 127
70 135
70 137
70 142
70 171
71 79
71 81
71 84
71 94
71 98
71 115
71 120
71 126
71 129
71 155
71 197
72 86
72 89
72 92
72 94
72 102
72 125
72 132
72 134
72 140
72 158
72 167
72 171
72 173
72 176
72 186
73 92
73 97
73 113
73 121
73 124
73 133
73 146
73 155
73 173
73 175
73 190
73 193
74 75
74 76
74 78
74 101
74 104
74 111
74 120
74 137
74 138
74 142
74 153
74 158
74 159
74 163
74 166
74 174
75 87
75 91
75 97
75 128
75 132
75 138
75 139
75 174
75 178
75 193
76 88
76 89
76 92
76 96
76 100
76 102
76 111
76 114
76 115
76 133
76 136
76 140
76 182
76 191
77 80
77 100
77 117
77 121
77 125
77 126
77 128
77 129
77 132
77 151
77 179
77 192
78 98
78 109
78 112
78 114
78 120
78 124
78 164
78 187
79 81
79 82
79 90
79 92
79 113
79 115
79 116
79 120
79 122
79 154
79 155
79 161
79 165
79 168
79 180
80 106
80 123
80 133
80 134
80 143
80 146
80 169
80 172
81 85
81 89
81 90
81 93
81 94
81 102
81 105
81 119
81 125
81 130
81 143
81 145
81 149
81 158
81 171
81 197
82 88
82 97
82 119
82 136
82 187
83 96
83 118
83 123
83 133
83 142
83 164
83 171
83 191
83 192
83 196
84 95
84 105
84 159
84 174
84 182
84 191
85 97
85 101
85 112
85 131
85 135
85 152
85 154
85 188
85 192
86 87
86 92
86 110
86 117
86 124
86 139
86 152
86 154
86 160
86 165
86 196
86 199
87 116
87 117
87 121
87 154
87 170
87 180
87 187
88 91
88 151
88 165
89 98
89 124
89 134
90 91
90 96
90 99
90 103
90 108
90 126
90 129
90 137
90 151
90 179
91 94
91 105
91 106
91 138
91 168
91 181
92 120
92 123
92 134
92 166
92 167
92 171
92 184
92 186
92 189
93 100
93 116
93 126
93 127
93 142
93 146
93 159
93 173
93 174
93 181
94 98
94 122
94 124
94 139
94 143
94 148
94 149
94 157
94 160
94 172
94 177
94 183
95 121
95 145
95 163
95 164
95 178
95 189
96 97
96 102
96 108
96 111
96 112
96 123
96 154
96 164
96 186
96 199
97 102
97 110
97 124
97 132
97 133
97 142
97 160
97 162
97 173
97 174
97 182
97 197
98 105
98 107
98 113
98 114
98 147
98 198
99 106
99 144
99 151
99 168
99 170
99 174
100 106
100 133
100 159
100 175
100 179
101 112
101 156
101 173
101 194
102 108
102 112
102 115
102 132
102 160
102 174
102 182
102 193
103 115
103 122
103 197
104 106
104 115
104 129
104 136
104 144
104 145
104 149
104 164
105 110
105 112
105 140
105 152
105 155
105 159
105 164
105 168
105 171
105 183
106 118
106 119
106 134
106 135
106 142
106 143
106 181
106 185
107 138
107 139
107 176
107 179
107 180
107 192
108 130
108 135
108 137
108 183
109 110
109 118
109 121
109 125
109 131
109 146
109 172
109 196
110 114
110 139
110 142
110 147
110 166
110 177
110 182
110 185
111 121
111 130
111 137
111 142
111 143
111 187
111 194
111 198
112 114
112 191
112 197
113 117
113 121
113 125
113 134
113 148
113 156
113 161
113 172
113 176
113 190
114 121
114 136
114 139
114 160
114 177
115 118
115 127
115 151
115 172
115 173
115 184
115 187
115 188
115 198
116 117
116 118
116 123
116 126
116 143
116 160
116 167
116 175
116 182
116 193
117 145
117 199
118 122
118 126
118 130
118 140
118 158
118 166
118 175
118 194
119 127
119 195
120 130
120 131
120 161
120 165
120 175
121 156
122 181
123 125
123 126
123 150
123 153
123 175
123 179
124 128
124 183
124 195
125 171
125 172
126 135
126 140
126 141
126 152
126 180
126 186
127 141
127 142
127 147
127 178
127 189
128 137
128 142
128 185
128 197
129 130
129 131
129 138
129 155
129 167
129 181
129 184
130 136
130 144
131 165
131 169
131 189
132 160
132 168
133 139
133 173
133 193
134 138
134 140
134 144
134 145
134 181
135 183
136 159
136 161
136 194
137 162
137 163
137 175
137 178
138 159
138 162
138 164
138 172
138 177
139 168
139 196
140 173
140 180
140 185
141 151
141 166
141 185
142 153
142 174
142 198
144 160
144 176
144 180
144 182
145 146
145 157
146 150
146 172
146 185
146 190
146 194
148 154
148 187
149 157
149 183
149 184
149 189
149 193
150 158
150 162
150 184
151 155
151 160
153 170
153 190
153 199
154 191
155 159
155 168
156 172
156 175
156 181
156 187
156 193
157 160
157 186
157 187
158 177
158 186
158 193
158 195
159 195
160 171
160 176
160 185
161 167
161 168
161 178
161 188
161 189
161 192
162 189
162 191
162 197
163 173
164 169
164 199
165 177
165 189
165 191
166 167
166 191
167 193
169 178
170 196
172 185
173 180
174 199
175 184
176 192
176 194
177 180
179 196
180 185
181 198
185 186
188 197
190 197
191 196
195 196
196 197
