0 1
0 2
0 3
0 4
0 5
0 6
0 7
0 8
0 9
0 10
0 11
0 12
0 13
0 14
0 15
0 16
0 17
0 18
0 19
0 20
0 22
0 23
0 24
0 26
0 31
0 33
0 37
0 42
0 43
0 47
0 51
0 52
0 54
0 63
0 64
0 65
0 76
0 80
0 81
0 84
0 88
0 89
0 92
0 95
0 99
0 101
0 107
0 109
0 111
0 112
0 135
0 138
0 144
0 146
0 147
0 152
0 153
0 154
0 157
0 162
0 170
0 172
0 173
0 177
0 188
0 191
0 195
1 11
1 12
1 13
1 15
1 16
1 21
1 24
1 29
1 36
1 40
1 55
1 56
1 58
1 59
1 61
1 64
1 69
1 77
1 84
1 87
1 88
1 97
1 101
1 118
1 129
1 131
1 133
1 147
1 159
1 170
2 11
2 12
2 15
2 17
2 19
2 24
2 25
2 26
2 30
2 33
2 34
2 44
2 50
2 74
2 81
2 130
2 181
2 189
3 11
3 12
3 13
3 14
3 15
3 17
3 19
3 20
3 24
3 42
3 46
3 48
3 49
3 51
3 52
3 54
3 56
3 57
3 59
3 60
3 61
3 68
3 75
3 76
3 79
3 86
3 87
3 103
3 111
3 126
3 141
3 144
3 150
3 156
3 161
3 177
3 183
3 184
3 197
3 199
4 11
4 12
4 13
4 14
4 16
4 18
4 19
4 28
4 49
4 50
4 53
4 77
4 82
4 87
4 89
4 101
4 107
4 119
4 124
4 125
4 148
4 153
4 157
4 165
4 169
4 173
4 181
5 11
5 12
5 14
5 16
5 17
5 20
5 21
5 25
5 48
5 53
5 61
5 62
5 67
5 109
5 110
5 115
5 117
5 122
5 124
5 133
5 139
5 193
6 11
6 12
6 13
6 14
6 15
6 20
6 22
6 23
6 28
6 30
6 32
6 34
6 35
6 40
6 52
6 54
6 67
6 74
6 80
6 90
6 107
6 125
6 139
6 144
6 160
6 174
6 179
6 180
6 187
7 11
7 12
7 13
7 14
7 15
7 17
7 21
7 22
7 26
7 27
7 34
7 35
7 37
7 38
7 41
7 44
7 48
7 49
7 56
7 60
7 61
7 63
7 73
7 79
7 82
7 88
7 103
7 106
7 145
7 152
7 159
7 188
8 11
8 13
8 18
8 23
8 38
8 39
8 51
8 57
8 58
8 66
8 71
8 72
8 116
8 123
8 134
8 143
8 170
8 184
8 192
9 12
9 13
9 14
9 15
9 16
9 18
9 19
9 20
9 21
9 22
9 23
9 27
9 29
9 30
9 31
9 34
9 45
9 47
9 52
9 53
9 59
9 64
9 66
9 70
9 74
9 78
9 84
9 85
9 95
9 96
9 97
9 106
9 116
9 121
9 126
9 135
9 141
9 155
9 168
9 174
9 180
9 192
9 193
10 11
10 14
10 16
10 31
10 33
10 42
10 43
10 62
10 83
10 93
10 94
10 109
10 146
10 158
10 197
11 12
11 13
11 14
11 16
11 17
11 18
11 20
11 21
11 23
11 25
11 26
11 30
11 31
11 36
11 40
11 53
11 54
11 57
11 61
11 66
11 67
11 70
11 74
11 78
11 88
11 89
11 91
11 92
11 95
11 98
11 99
11 102
11 104
11 105
11 106
11 111
11 120
11 121
11 124
11 126
11 127
11 133
11 134
11 140
11 141
11 142
11 148
11 150
11 157
11 160
11 163
11 166
11 170
11 177
11 181
11 184
11 185
11 193
11 194
12 13
12 15
12 16
12 17
12 18
12 20
12 21
12 23
12 26
12 27
12 28
12 31
12 32
12 33
12 35
12 37
12 39
12 41
12 46
12 47
12 53
12 55
12 62
12 64
12 65
12 69
12 73
12 74
12 79
12 83
12 84
12 85
12 100
12 115
12 121
12 124
12 129
12 132
12 134
12 136
12 138
12 140
12 142
12 147
12 157
12 158
12 159
12 174
12 188
12 189
12 193
12 195
12 196
13 14
13 15
13 19
13 21
13 24
13 27
13 29
13 30
13 31
13 32
13 33
13 35
13 37
13 39
13 41
13 44
13 45
13 46
13 47
13 53
13 67
13 68
13 72
13 73
13 78
13 87
13 92
13 98
13 101
13 102
13 103
13 105
13 106
13 110
13 126
13 129
13 135
13 138
13 145
13 154
13 165
13 173
13 178
13 182
13 184
13 192
13 194
14 15
14 16
14 17
14 18
14 19
14 21
14 24
14 25
14 26
14 29
14 30
14 32
14 35
14 36
14 37
14 38
14 39
14 45
14 48
14 50
14 52
14 59
14 60
14 65
14 67
14 72
14 76
14 81
14 82
14 87
14 96
14 113
14 114
14 117
14 119
14 121
14 127
14 129
14 132
14 133
14 139
14 141
14 145
14 146
14 147
14 153
14 154
14 155
14 160
14 166
14 176
14 180
14 186
14 189
14 191
14 193
14 196
15 16
15 17
15 18
15 19
15 20
15 21
15 22
15 23
15 25
15 26
15 27
15 28
15 29
15 35
15 37
15 40
15 43
15 45
15 51
15 52
15 54
15 56
15 63
15 72
15 80
15 86
15 91
15 93
15 94
15 95
15 98
15 100
15 112
15 116
15 120
15 123
15 130
15 137
15 149
15 155
15 160
15 168
15 169
15 175
16 17
16 18
16 19
16 20
16 24
16 28
16 30
16 31
16 32
16 34
16 38
16 40
16 42
16 44
16 53
16 54
16 55
16 59
16 61
16 71
16 72
16 79
16 85
16 92
16 94
16 108
16 116
16 117
16 122
16 126
16 147
16 172
16 173
16 183
16 185
16 196
17 18
17 20
17 22
17 24
17 25
17 26
17 27
17 28
17 29
17 31
17 33
17 34
17 36
17 37
17 38
17 44
17 45
17 47
17 50
17 51
17 55
17 56
17 63
17 66
17 69
17 74
17 75
17 89
17 97
17 107
17 108
17 116
17 119
17 120
17 127
17 130
17 135
17 137
17 145
17 148
17 150
17 155
17 160
17 163
17 167
17 175
17 176
17 199
18 19
18 22
18 23
18 24
18 26
18 32
18 33
18 43
18 46
18 50
18 52
18 55
18 57
18 58
18 60
18 64
18 72
18 75
18 78
18 84
18 86
18 91
18 98
18 99
18 101
18 103
18 105
18 106
18 107
18 122
18 123
18 125
18 137
18 138
18 141
18 161
18 189
18 191
19 22
19 25
19 28
19 35
19 36
19 38
19 46
19 47
19 49
19 57
19 59
19 60
19 63
19 68
19 70
19 74
19 81
19 83
19 86
19 88
19 91
19 96
19 99
19 105
19 108
19 112
19 116
19 118
19 123
19 127
19 131
19 135
19 137
19 139
19 142
19 146
19 152
19 156
19 158
19 159
19 168
19 178
19 191
20 21
20 22
20 23
20 28
20 29
20 31
20 32
20 37
20 45
20 47
20 51
20 55
20 63
20 64
20 66
20 67
20 68
20 69
20 73
20 79
20 82
20 83
20 87
20 88
20 92
20 95
20 110
20 111
20 117
20 161
20 186
20 195
21 22
21 23
21 25
21 29
21 35
21 40
21 43
21 50
21 59
21 68
21 71
21 79
21 101
21 120
21 128
21 134
21 142
21 143
21 147
21 150
21 174
21 175
21 179
21 181
21 185
21 191
22 25
22 27
22 30
22 33
22 34
22 38
22 40
22 42
22 43
22 46
22 51
22 62
22 80
22 83
22 86
22 93
22 95
22 97
22 100
22 114
22 121
22 122
22 141
22 166
22 170
22 175
22 176
22 190
23 24
23 28
23 29
23 35
23 36
23 43
23 45
23 46
23 48
23 49
23 54
23 55
23 56
23 57
23 64
23 82
23 89
23 96
23 136
23 150
23 158
23 174
23 178
23 179
23 185
24 25
24 26
24 27
24 32
24 34
24 36
24 39
24 41
24 49
24 50
24 55
24 62
24 63
24 66
24 67
24 71
24 75
24 77
24 85
24 87
24 90
24 93
24 106
24 113
24 114
24 123
24 129
24 130
24 145
24 156
24 159
24 192
25 27
25 36
25 39
25 41
25 44
25 49
25 58
25 59
25 69
25 72
25 76
25 77
25 78
25 79
25 84
25 88
25 96
25 102
25 109
25 110
25 113
25 114
25 121
25 141
25 144
25 148
25 159
25 164
25 168
25 172
25 177
25 190
26 27
26 33
26 41
26 43
26 49
26 55
26 62
26 77
26 85
26 99
26 104
26 110
26 119
26 147
26 153
26 187
26 193
27 28
27 29
27 34
27 36
27 38
27 39
27 42
27 46
27 60
27 66
27 70
27 73
27 77
27 82
27 87
27 104
27 112
27 120
27 124
27 125
27 132
27 158
27 159
27 166
27 197
28 30
28 37
28 41
28 44
28 52
28 53
28 69
28 73
28 75
28 100
28 107
28 117
28 118
28 123
28 126
28 128
28 136
28 155
28 166
28 171
28 179
28 183
29 30
29 31
29 40
29 44
29 45
29 47
29 52
29 58
29 60
29 75
29 76
29 85
29 92
29 104
29 118
29 140
29 141
29 145
29 154
29 156
29 164
29 171
29 176
30 32
30 39
30 49
30 51
30 82
30 96
30 106
30 138
30 139
30 142
30 154
30 162
30 164
30 169
30 175
31 32
31 33
31 34
31 41
31 44
31 45
31 46
31 60
31 61
31 89
31 90
31 98
31 113
31 116
31 118
31 142
31 148
31 152
31 191
32 38
32 41
32 59
32 100
32 108
32 120
32 121
32 141
32 153
32 169
32 173
33 36
33 39
33 42
33 63
33 75
33 102
33 119
33 130
33 139
33 142
33 153
33 169
33 180
33 188
34 35
34 47
34 48
34 51
34 67
34 79
34 81
34 82
34 90
34 92
34 110
34 117
34 139
34 151
34 157
34 161
34 188
35 40
35 42
35 45
35 48
35 53
35 56
35 58
35 59
35 61
35 65
35 68
35 69
35 70
35 78
35 83
35 91
35 98
35 99
35 101
35 103
35 105
35 109
35 113
35 130
35 148
35 158
35 164
35 175
35 176
35 179
35 183
36 37
36 38
36 48
36 57
36 60
36 61
36 71
36 75
36 89
36 102
36 152
36 170
36 171
37 41
37 42
37 50
37 55
37 56
37 58
37 74
37 113
37 115
37 120
37 125
37 144
37 146
37 147
37 160
37 182
37 199
38 39
38 42
38 43
38 47
38 56
38 62
38 66
38 71
38 105
38 128
38 155
38 162
38 163
38 171
38 177
39 40
39 52
39 58
39 63
39 64
39 72
39 73
39 76
39 88
39 104
39 118
39 130
39 137
39 149
39 163
39 185
39 195
39 199
40 44
40 48
40 65
40 68
40 77
40 100
40 114
40 115
40 196
41 48
41 60
41 104
41 111
41 133
41 154
41 157
41 172
41 179
42 43
42 90
42 104
42 160
42 162
42 169
43 49
43 64
43 68
43 80
43 84
43 91
43 92
43 94
43 96
43 113
43 143
43 146
43 158
43 166
43 176
43 194
44 57
44 58
44 62
44 65
44 81
44 83
44 91
44 93
44 105
44 111
44 130
44 151
44 153
45 46
45 50
45 93
45 103
45 160
46 50
46 64
46 70
46 77
46 89
46 98
46 104
46 113
46 135
46 146
46 157
46 169
46 178
47 51
47 53
47 54
47 58
47 67
47 68
47 70
47 76
47 78
47 80
47 81
47 85
47 93
47 99
47 100
47 104
47 110
47 112
47 115
47 129
47 132
47 154
47 156
47 165
47 168
47 196
47 199
48 57
48 75
48 180
48 186
49 57
49 62
49 74
49 81
49 86
49 111
49 114
49 131
49 151
49 190
50 79
50 93
50 96
50 99
50 102
50 108
50 110
50 125
50 132
50 138
50 142
50 150
50 164
50 167
51 54
51 65
51 88
51 108
51 123
51 145
51 158
51 164
52 54
52 69
52 75
52 90
52 91
52 122
52 131
52 165
52 187
53 65
53 67
53 76
53 80
53 95
53 100
53 102
53 104
53 116
53 132
53 182
53 194
54 56
54 63
54 70
54 72
54 101
54 107
54 148
54 151
54 177
55 62
55 97
55 111
55 118
55 125
55 128
55 139
55 165
55 166
55 198
56 66
56 70
56 72
56 79
56 83
56 91
56 97
56 106
56 107
56 119
56 124
56 141
56 164
56 165
56 170
56 172
56 174
56 190
57 71
57 81
57 84
57 122
57 136
57 140
57 154
57 182
57 192
58 65
58 69
58 71
58 74
58 131
58 135
58 144
58 187
58 197
59 113
59 143
59 149
59 152
59 169
59 187
60 61
60 78
60 90
60 94
60 97
60 105
60 109
60 115
60 127
60 128
60 130
60 164
60 166
60 171
60 175
60 184
60 187
61 71
61 73
61 77
61 80
61 94
61 103
61 124
61 192
61 196
61 198
62 66
62 78
62 82
62 85
62 90
62 126
62 129
62 140
62 183
62 184
62 188
63 65
63 69
63 85
63 89
63 121
63 122
63 132
63 134
63 136
63 165
63 174
64 73
64 85
64 86
64 133
64 134
64 143
64 160
64 190
65 73
65 83
65 108
65 127
65 166
65 180
66 77
66 80
66 98
66 110
66 117
66 128
66 142
66 150
66 151
66 154
66 156
66 186
66 199
67 68
67 70
67 86
67 180
67 194
68 71
68 103
68 172
68 183
68 197
69 76
69 96
69 128
69 138
69 157
69 177
70 84
70 86
70 87
70 133
70 144
70 151
70 183
70 195
71 81
71 87
71 93
71 94
71 124
71 137
71 148
71 158
71 168
71 172
71 189
72 84
72 102
72 105
72 114
72 129
72 136
72 144
72 168
72 177
73 92
73 118
73 119
73 120
73 125
73 130
73 132
73 143
74 76
74 78
74 113
74 175
74 180
75 86
75 90
75 100
75 111
75 117
75 149
75 161
75 170
75 171
75 176
75 178
76 112
76 127
76 161
76 162
76 172
76 176
77 83
77 98
77 114
77 138
77 184
78 98
78 182
78 196
79 80
79 82
79 108
79 112
79 135
79 153
79 171
79 187
80 91
80 92
80 95
80 108
80 115
80 119
80 128
81 94
81 101
81 103
81 110
81 112
81 115
81 120
81 122
81 152
81 184
81 194
81 198
82 99
82 107
82 126
82 132
82 136
82 150
82 173
82 179
82 191
83 100
83 105
83 125
83 134
83 136
83 152
83 156
83 175
84 95
84 122
84 173
85 88
85 96
85 102
85 127
85 187
85 197
86 97
86 99
86 103
86 116
86 136
86 137
86 155
86 159
86 161
86 163
86 178
86 195
87 95
87 109
87 111
87 143
87 174
87 177
87 191
88 89
88 90
88 93
88 94
88 133
88 135
88 165
88 176
88 193
89 101
89 150
89 181
90 94
90 106
90 109
90 114
90 115
90 144
90 189
91 97
91 123
92 97
92 129
92 137
92 140
92 142
92 146
92 155
92 175
92 181
92 190
93 109
93 112
93 131
93 149
93 164
93 167
94 106
94 123
94 127
94 131
94 132
94 140
94 152
94 153
94 180
94 183
94 187
94 188
94 194
95 123
95 185
95 190
96 121
96 134
96 137
96 140
96 149
96 184
96 197
96 198
97 179
98 118
99 119
99 135
99 143
99 144
99 155
99 156
100 109
100 118
100 137
100 161
100 177
100 190
101 102
101 124
101 126
101 131
101 146
101 179
102 124
102 127
102 131
102 145
102 148
103 107
103 117
103 161
103 167
103 195
104 114
104 116
104 117
104 128
104 139
104 159
104 162
104 169
105 148
105 186
106 119
106 145
106 161
106 171
106 185
107 108
107 112
107 143
107 151
107 163
107 168
107 173
107 182
107 183
107 189
107 190
107 193
108 126
108 180
108 196
108 197
108 198
109 140
109 193
111 122
111 133
111 149
111 163
111 169
111 170
111 199
112 115
113 121
113 159
114 152
115 120
115 143
115 185
116 157
116 174
116 178
116 198
117 151
117 154
118 129
118 157
119 125
119 149
120 128
120 136
120 139
120 147
121 131
121 145
121 156
121 173
122 188
123 138
123 147
123 199
124 151
124 168
124 178
125 168
125 197
125 198
127 167
128 134
128 150
128 153
128 163
128 192
129 133
129 170
130 158
130 163
130 192
130 196
130 199
131 134
131 149
132 140
132 171
132 174
132 181
133 163
133 167
133 185
133 188
133 192
134 138
134 149
134 167
135 173
136 165
136 182
137 156
137 195
138 167
139 167
140 160
140 162
141 146
141 165
141 182
141 187
142 172
144 151
144 199
146 162
146 181
146 188
146 189
147 162
147 164
147 178
147 195
148 155
150 162
151 171
151 183
151 186
153 181
153 186
155 172
155 193
156 182
156 186
158 186
158 191
162 166
162 178
162 189
162 192
163 167
164 186
165 194
166 182
169 176
169 194
169 198
171 198
172 184
172 198
173 179
173 185
173 197
176 196
177 181
181 189
185 194
185 195
189 190
189 191
