0 1
0 2
0 3
0 4
0 5
0 6
0 7
0 8
0 9
0 10
0 11
0 12
0 13
0 14
0 15
0 16
0 17
0 18
0 19
0 20
0 21
0 22
0 23
0 24
0 26
0 27
0 28
0 29
0 30
0 31
0 32
0 33
0 36
0 37
0 38
0 39
0 40
0 42
0 43
0 44
0 47
0 48
0 49
0 51
0 56
0 59
0 60
0 63
0 66
0 71
0 72
0 73
0 75
0 76
0 78
0 79
0 80
0 83
0 90
0 92
0 93
0 96
0 97
0 101
0 107
0 108
0 115
0 117
0 124
0 130
0 135
0 148
0 150
0 154
0 157
0 163
0 170
0 179
0 180
0 184
0 195
1 16
1 17
1 18
1 19
1 20
1 21
1 22
1 24
1 27
1 32
1 35
1 36
1 37
1 52
1 53
1 56
1 58
1 63
1 65
1 66
1 67
1 68
1 69
1 72
1 75
1 77
1 79
1 80
1 83
1 86
1 89
1 94
1 102
1 109
1 121
1 127
1 129
1 134
1 142
1 144
1 147
1 165
1 173
1 182
1 184
1 190
1 196
2 16
2 18
2 20
2 21
2 29
2 38
2 41
2 46
2 50
2 65
2 71
2 74
2 77
2 96
2 123
2 157
2 161
2 171
3 16
3 17
3 18
3 19
3 20
3 22
3 23
3 26
3 32
3 33
3 36
3 37
3 41
3 48
3 51
3 59
3 64
3 74
3 78
3 92
3 95
3 98
3 103
3 109
3 110
3 120
3 129
3 138
3 143
3 147
3 168
3 177
3 199
4 16
4 19
4 22
4 27
4 28
4 30
4 35
4 40
4 43
4 45
4 62
4 68
4 71
4 73
4 81
4 83
4 85
4 87
4 98
4 103
4 109
4 115
4 125
4 134
4 142
4 153
4 174
4 190
5 16
5 17
5 18
5 19
5 20
5 21
5 22
5 23
5 24
5 25
5 28
5 29
5 31
5 32
5 35
5 39
5 40
5 41
5 42
5 44
5 47
5 53
5 54
5 63
5 65
5 76
5 88
5 92
5 95
5 102
5 110
5 111
5 152
5 189
6 16
6 17
6 19
6 20
6 21
6 23
6 25
6 34
6 48
6 52
6 53
6 54
6 55
6 59
6 63
6 64
6 80
6 82
6 102
6 106
6 118
6 130
6 137
6 142
6 147
6 165
7 16
7 17
7 18
7 19
7 20
7 22
7 23
7 24
7 27
7 29
7 30
7 31
7 33
7 34
7 35
7 36
7 37
7 38
7 44
7 45
7 46
7 47
7 50
7 52
7 53
7 54
7 56
7 61
7 72
7 79
7 81
7 82
7 87
7 97
7 98
7 103
7 113
7 125
7 136
7 148
7 150
7 166
7 167
7 174
7 176
8 16
8 17
8 18
8 19
8 22
8 23
8 39
8 41
8 48
8 55
8 57
8 63
8 73
8 74
8 77
8 86
8 88
8 97
8 102
8 152
8 153
8 170
8 174
8 198
9 16
9 17
9 19
9 20
9 21
9 23
9 24
9 25
9 27
9 28
9 29
9 30
9 34
9 35
9 38
9 39
9 42
9 43
9 56
9 57
9 60
9 67
9 69
9 70
9 72
9 73
9 74
9 76
9 79
9 80
9 86
9 91
9 94
9 102
9 108
9 116
9 117
9 122
9 123
9 124
9 131
9 135
9 197
9 198
10 16
10 17
10 18
10 19
10 21
10 23
10 24
10 25
10 26
10 28
10 35
10 46
10 50
10 61
10 63
10 71
10 78
10 80
10 86
10 92
10 100
10 117
10 118
10 120
10 121
10 129
10 140
10 158
10 168
10 182
10 185
10 195
10 199
11 16
11 17
11 18
11 19
11 20
11 21
11 22
11 24
11 25
11 29
11 30
11 33
11 35
11 36
11 37
11 51
11 52
11 53
11 55
11 56
11 59
11 61
11 67
11 69
11 83
11 84
11 101
11 107
11 116
11 119
11 126
11 138
11 139
11 140
11 141
11 160
11 163
11 164
11 167
11 182
11 187
11 191
11 192
12 16
12 17
12 18
12 22
12 23
12 26
12 27
12 30
12 32
12 33
12 34
12 35
12 37
12 63
12 76
12 80
12 83
12 85
12 90
12 104
12 124
12 162
12 163
12 166
12 168
12 171
12 173
12 175
12 178
12 179
12 192
13 16
13 17
13 18
13 19
13 20
13 21
13 28
13 29
13 31
13 32
13 33
13 35
13 40
13 41
13 43
13 44
13 47
13 49
13 50
13 52
13 53
13 64
13 66
13 74
13 86
13 96
13 99
13 106
13 128
13 129
13 130
13 135
13 139
13 143
13 149
13 158
13 166
13 175
13 191
13 192
13 193
13 194
13 196
14 17
14 18
14 20
14 24
14 25
14 26
14 27
14 28
14 32
14 49
14 58
14 60
14 69
14 76
14 79
14 82
14 89
14 94
14 107
14 110
14 123
14 135
14 140
14 154
14 170
14 172
14 193
14 199
15 16
15 17
15 18
15 19
15 20
15 21
15 29
15 31
15 32
15 37
15 39
15 42
15 47
15 67
15 90
15 95
15 96
15 97
15 108
15 110
15 129
15 142
15 144
15 146
15 162
15 175
15 179
15 196
16 17
16 18
16 19
16 20
16 21
16 22
16 23
16 25
16 26
16 27
16 28
16 32
16 36
16 39
16 45
16 46
16 48
16 50
16 53
16 54
16 55
16 57
16 67
16 68
16 69
16 70
16 71
16 73
16 75
16 77
16 78
16 80
16 84
16 87
16 88
16 90
16 92
16 93
16 94
16 99
16 104
16 110
16 112
16 118
16 119
16 121
16 126
16 140
16 144
16 145
16 148
16 153
16 159
16 164
16 177
16 186
16 187
16 188
16 189
16 192
16 199
17 18
17 20
17 21
17 22
17 23
17 24
17 25
17 26
17 27
17 28
17 29
17 30
17 31
17 33
17 34
17 35
17 36
17 37
17 39
17 40
17 41
17 42
17 43
17 45
17 47
17 48
17 49
17 52
17 54
17 55
17 60
17 64
17 66
17 68
17 70
17 71
17 73
17 78
17 79
17 80
17 81
17 82
17 83
17 90
17 92
17 93
17 94
17 95
17 98
17 99
17 101
17 102
17 115
17 120
17 122
17 128
17 131
17 132
17 136
17 138
17 142
17 149
17 152
17 155
17 156
17 168
17 171
17 176
17 177
17 178
17 179
17 191
17 197
17 198
18 19
18 21
18 22
18 23
18 24
18 25
18 26
18 27
18 28
18 29
18 30
18 31
18 32
18 34
18 36
18 38
18 41
18 44
18 45
18 46
18 49
18 50
18 51
18 53
18 56
18 57
18 59
18 61
18 63
18 66
18 72
18 74
18 75
18 77
18 80
18 81
18 83
18 84
18 97
18 98
18 101
18 106
18 114
18 119
18 122
18 123
18 126
18 127
18 134
18 135
18 138
18 146
18 157
18 162
18 164
18 179
18 185
18 191
18 194
18 195
19 20
19 21
19 22
19 24
19 25
19 26
19 27
19 29
19 30
19 34
19 35
19 36
19 39
19 41
19 43
19 45
19 46
19 47
19 54
19 55
19 56
19 60
19 62
19 64
19 69
19 74
19 78
19 81
19 86
19 94
19 96
19 98
19 102
19 107
19 117
19 118
19 120
19 122
19 125
19 129
19 139
19 141
19 142
19 143
19 148
19 153
19 159
19 160
19 161
19 162
19 164
19 165
19 168
19 169
19 181
19 185
19 194
19 196
20 21
20 22
20 23
20 24
20 25
20 26
20 28
20 30
20 31
20 32
20 36
20 37
20 38
20 41
20 43
20 44
20 45
20 46
20 47
20 51
20 52
20 60
20 61
20 65
20 66
20 67
20 74
20 78
20 81
20 86
20 89
20 91
20 99
20 102
20 103
20 105
20 106
20 107
20 109
20 110
20 115
20 121
20 122
20 125
20 131
20 135
20 137
20 139
20 141
20 142
20 146
20 149
20 150
20 156
20 160
20 165
20 170
20 173
20 176
20 178
20 179
20 181
20 182
20 186
20 188
20 190
20 197
20 198
21 22
21 23
21 24
21 25
21 26
21 27
21 28
21 30
21 31
21 32
21 33
21 36
21 40
21 41
21 42
21 43
21 44
21 47
21 48
21 50
21 51
21 53
21 54
21 64
21 68
21 69
21 70
21 73
21 75
21 79
21 85
21 90
21 109
21 115
21 120
21 127
21 128
21 138
21 140
21 153
21 154
21 163
21 167
21 172
21 176
21 177
21 188
21 191
21 195
22 23
22 24
22 25
22 26
22 29
22 30
22 31
22 32
22 33
22 34
22 36
22 37
22 38
22 40
22 41
22 42
22 43
22 44
22 45
22 48
22 51
22 52
22 53
22 58
22 59
22 62
22 64
22 65
22 68
22 69
22 70
22 75
22 77
22 78
22 81
22 82
22 83
22 95
22 96
22 99
22 106
22 121
22 122
22 123
22 124
22 125
22 129
22 133
22 134
22 135
22 136
22 138
22 139
22 144
22 150
22 155
22 161
22 171
22 179
22 180
22 186
22 188
22 190
22 195
23 24
23 25
23 26
23 27
23 28
23 29
23 32
23 33
23 34
23 37
23 38
23 39
23 43
23 48
23 49
23 50
23 54
23 55
23 56
23 57
23 60
23 62
23 67
23 68
23 71
23 72
23 73
23 74
23 76
23 77
23 80
23 81
23 84
23 85
23 87
23 101
23 108
23 112
23 116
23 119
23 121
23 123
23 127
23 139
23 140
23 144
23 154
23 155
23 156
23 172
23 175
23 180
23 181
23 184
23 189
23 194
23 195
23 196
23 199
24 25
24 26
24 30
24 34
24 35
24 37
24 40
24 42
24 45
24 50
24 52
24 58
24 61
24 63
24 64
24 65
24 74
24 80
24 84
24 88
24 91
24 95
24 102
24 105
24 128
24 136
24 142
24 147
24 149
24 151
24 164
24 169
24 175
24 176
24 188
24 190
24 194
25 26
25 27
25 28
25 29
25 30
25 31
25 32
25 33
25 34
25 43
25 44
25 46
25 47
25 49
25 50
25 51
25 53
25 56
25 58
25 59
25 60
25 63
25 66
25 67
25 68
25 71
25 73
25 75
25 78
25 82
25 83
25 84
25 87
25 94
25 95
25 96
25 100
25 101
25 103
25 112
25 115
25 127
25 130
25 133
25 147
25 152
25 154
25 155
25 160
25 162
25 164
25 170
25 172
25 176
25 179
25 181
25 184
25 185
25 189
25 190
25 193
25 195
26 27
26 28
26 30
26 31
26 33
26 38
26 39
26 45
26 51
26 59
26 60
26 62
26 64
26 67
26 69
26 70
26 78
26 85
26 92
26 109
26 114
26 123
26 126
26 128
26 129
26 133
26 135
26 138
26 145
26 150
26 152
26 161
26 165
26 166
26 170
26 171
26 183
26 191
26 196
26 198
26 199
27 31
27 33
27 34
27 36
27 37
27 40
27 44
27 46
27 47
27 49
27 55
27 61
27 62
27 65
27 88
27 99
27 103
27 110
27 112
27 113
27 116
27 142
27 149
27 152
27 162
27 174
27 178
27 183
27 185
28 29
28 31
28 35
28 37
28 38
28 40
28 41
28 43
28 44
28 45
28 49
28 52
28 53
28 55
28 58
28 59
28 61
28 63
28 66
28 72
28 75
28 81
28 84
28 96
28 99
28 104
28 111
28 128
28 142
28 155
28 157
28 160
28 171
28 180
28 182
28 183
28 196
28 198
29 31
29 35
29 36
29 37
29 38
29 48
29 50
29 51
29 52
29 59
29 67
29 70
29 71
29 77
29 79
29 80
29 88
29 96
29 104
29 106
29 113
29 116
29 119
29 120
29 125
29 126
29 127
29 136
29 137
29 139
29 141
29 143
29 148
29 152
29 174
29 182
29 198
30 41
30 45
30 51
30 61
30 67
30 68
30 69
30 72
30 87
30 88
30 90
30 92
30 104
30 105
30 113
30 117
30 127
30 128
30 133
30 137
30 139
30 142
30 171
30 179
30 183
30 185
30 188
30 192
31 33
31 34
31 38
31 39
31 41
31 42
31 47
31 54
31 61
31 63
31 67
31 72
31 74
31 76
31 77
31 78
31 83
31 90
31 94
31 95
31 100
31 102
31 103
31 107
31 108
31 110
31 111
31 112
31 113
31 137
31 140
31 147
31 152
31 161
31 162
31 178
31 179
31 180
31 189
32 33
32 34
32 45
32 46
32 47
32 49
32 53
32 54
32 60
32 63
32 70
32 74
32 79
32 87
32 91
32 92
32 97
32 98
32 99
32 105
32 111
32 112
32 121
32 127
32 130
32 136
32 138
32 141
32 149
32 150
32 152
32 154
32 156
32 157
32 161
32 166
32 170
32 182
32 183
32 196
33 34
33 48
33 54
33 60
33 62
33 66
33 67
33 76
33 83
33 85
33 86
33 87
33 100
33 106
33 108
33 142
33 157
33 180
33 197
34 35
34 36
34 38
34 39
34 40
34 41
34 42
34 43
34 44
34 46
34 51
34 55
34 56
34 64
34 68
34 71
34 72
34 73
34 76
34 81
34 86
34 93
34 96
34 105
34 109
34 115
34 125
34 163
34 167
34 177
35 38
35 39
35 40
35 42
35 50
35 51
35 54
35 56
35 58
35 72
35 75
35 77
35 79
35 88
35 96
35 101
35 103
35 104
35 107
35 113
35 118
35 121
35 125
35 136
35 137
35 140
35 141
35 145
35 146
35 150
35 158
35 181
35 186
35 187
36 39
36 40
36 42
36 43
36 45
36 49
36 55
36 58
36 84
36 86
36 87
36 88
36 89
36 99
36 101
36 107
36 110
36 115
36 118
36 123
36 164
36 171
36 176
36 192
36 193
36 197
37 38
37 39
37 40
37 42
37 48
37 53
37 57
37 59
37 62
37 64
37 79
37 88
37 114
37 116
37 119
37 121
37 125
37 126
37 136
37 143
37 147
37 151
37 152
37 159
37 163
37 169
37 170
37 171
37 179
37 186
37 192
37 194
38 42
38 46
38 49
38 56
38 57
38 58
38 63
38 65
38 67
38 70
38 90
38 95
38 104
38 112
38 118
38 122
38 124
38 126
38 145
38 153
38 156
38 158
38 173
38 179
38 188
38 189
38 191
38 194
39 40
39 44
39 45
39 46
39 47
39 51
39 57
39 65
39 66
39 72
39 88
39 89
39 98
39 100
39 104
39 105
39 110
39 113
39 115
39 131
39 157
39 164
39 176
39 184
40 42
40 50
40 52
40 54
40 57
40 66
40 83
40 85
40 92
40 96
40 97
40 100
40 103
40 106
40 108
40 116
40 144
40 151
40 162
40 171
40 191
41 61
41 75
41 90
41 91
41 93
41 118
41 128
41 136
41 178
42 43
42 44
42 46
42 48
42 51
42 56
42 65
42 68
42 72
42 74
42 79
42 82
42 89
42 93
42 95
42 106
42 111
42 112
42 139
42 145
42 147
42 157
42 159
42 160
42 163
42 165
42 171
42 177
42 192
43 44
43 47
43 50
43 52
43 55
43 58
43 61
43 62
43 65
43 68
43 72
43 76
43 77
43 78
43 84
43 86
43 88
43 89
43 94
43 113
43 114
43 115
43 128
43 131
43 133
43 138
43 157
43 159
43 161
43 174
43 182
43 183
43 185
43 196
44 46
44 48
44 49
44 57
44 58
44 59
44 66
44 73
44 78
44 82
44 87
44 93
44 97
44 100
44 104
44 108
44 109
44 117
44 121
44 122
44 124
44 126
44 131
44 132
44 146
44 149
44 180
44 197
45 55
45 58
45 59
45 62
45 65
45 67
45 78
45 88
45 89
45 100
45 113
45 114
45 116
45 126
45 132
45 144
45 148
45 149
45 154
45 164
45 167
45 177
45 189
45 196
46 49
46 56
46 57
46 73
46 75
46 77
46 79
46 85
46 92
46 105
46 117
46 120
46 131
46 133
46 140
46 167
46 168
46 174
46 189
46 197
47 48
47 57
47 60
47 61
47 64
47 65
47 70
47 85
47 87
47 91
47 98
47 108
47 132
47 143
47 157
47 169
47 170
47 174
47 177
48 49
48 53
48 54
48 58
48 59
48 61
48 62
48 65
48 69
48 70
48 71
48 82
48 87
48 89
48 101
48 119
48 122
48 160
48 163
48 166
48 194
49 50
49 52
49 55
49 59
49 62
49 66
49 69
49 70
49 77
49 84
49 88
49 91
49 99
49 100
49 104
49 107
49 110
49 112
49 125
49 133
49 149
49 150
49 160
50 54
50 56
50 57
50 58
50 63
50 71
50 80
50 93
50 94
50 103
50 104
50 109
50 110
50 111
50 114
50 115
50 117
50 125
50 143
50 152
50 159
50 162
50 166
50 169
50 172
50 185
51 52
51 80
51 91
51 93
51 95
51 111
51 114
51 118
51 119
51 120
51 122
51 138
51 140
51 141
51 144
51 155
51 165
51 171
52 55
52 57
52 60
52 62
52 64
52 72
52 74
52 75
52 83
52 84
52 95
52 99
52 100
52 101
52 104
52 123
52 136
52 137
52 163
52 184
52 196
53 70
53 81
53 85
53 92
53 99
53 112
53 125
53 143
53 147
53 150
53 169
53 176
54 57
54 61
54 62
54 64
54 68
54 69
54 71
54 73
54 76
54 82
54 83
54 97
54 104
54 106
54 111
54 114
54 118
54 129
54 130
54 133
54 143
54 145
54 149
54 156
54 158
54 162
54 164
54 165
54 169
54 186
54 189
54 191
54 193
55 58
55 68
55 81
55 86
55 94
55 103
55 106
55 109
55 112
55 114
55 125
55 132
55 140
55 148
55 156
55 160
55 175
55 180
56 60
56 66
56 93
56 100
56 114
56 123
56 153
56 157
56 172
56 183
56 187
56 190
56 195
57 65
57 89
57 91
57 109
57 119
57 130
57 134
57 135
57 137
57 166
57 180
57 191
58 81
58 82
58 85
58 86
58 91
58 98
58 111
58 120
58 131
58 146
58 147
58 162
58 170
58 174
58 175
58 186
58 188
58 190
59 60
59 62
59 66
59 75
59 86
59 94
59 101
59 103
59 106
59 112
59 129
59 140
59 151
59 163
59 178
59 191
60 90
60 95
60 103
60 126
60 135
60 141
60 145
60 147
60 149
60 161
60 171
60 175
60 177
60 181
60 183
60 187
61 64
61 68
61 73
61 74
61 77
61 92
61 133
61 143
61 158
61 159
61 168
61 172
61 193
61 199
62 69
62 95
62 101
62 107
62 111
62 117
62 126
62 129
62 139
62 145
62 146
62 171
62 182
63 71
63 76
63 81
63 90
63 105
63 117
63 126
63 129
63 138
63 140
63 144
63 148
63 153
63 155
63 159
63 160
63 161
63 186
64 92
64 97
64 120
64 147
64 176
64 188
65 96
65 97
65 127
65 143
65 146
65 151
65 154
65 162
65 179
65 196
65 197
66 70
66 76
66 78
66 107
66 114
66 127
66 132
66 141
66 149
66 163
66 165
66 166
66 175
66 180
66 182
66 187
66 193
66 194
67 69
67 75
67 84
67 85
67 90
67 107
67 119
67 122
67 144
67 147
67 151
67 158
67 192
68 76
68 85
68 88
68 105
68 129
68 130
68 139
68 161
68 172
68 173
68 190
68 198
69 70
69 71
69 73
69 91
69 100
69 101
69 105
69 109
69 113
69 125
69 132
69 136
69 153
69 181
70 108
70 114
70 137
70 154
70 164
70 170
70 172
70 187
70 188
70 189
71 83
71 87
71 90
71 97
71 107
71 113
71 130
71 131
71 134
71 148
71 157
71 165
72 77
72 84
72 90
72 98
72 117
72 125
72 131
72 137
72 157
72 181
72 196
73 85
73 89
73 160
73 188
73 198
74 75
74 76
74 115
74 120
74 121
74 130
74 136
74 143
74 144
74 151
74 159
74 169
74 173
74 177
75 87
75 89
75 112
75 124
75 133
75 138
75 141
75 148
75 153
75 155
75 166
75 184
75 189
76 81
76 82
76 84
76 91
76 93
76 94
76 96
76 97
76 116
76 120
76 135
76 144
76 155
76 161
76 162
76 166
76 170
76 187
76 189
77 79
77 80
77 82
77 91
77 93
77 94
77 97
77 115
77 131
77 149
77 158
77 175
77 178
77 184
77 193
77 198
77 199
78 79
78 82
78 85
78 105
78 117
78 124
78 165
78 168
78 175
78 178
78 184
78 190
78 192
79 87
79 93
79 98
79 102
79 103
79 105
79 113
79 130
79 134
79 139
79 141
79 143
79 149
79 153
79 162
79 176
80 82
80 86
80 89
80 96
80 102
80 106
80 111
80 119
80 121
80 128
80 133
80 163
80 194
81 84
81 95
81 104
81 116
81 123
81 126
81 128
81 134
81 169
81 175
81 183
82 89
82 91
82 102
82 111
82 121
82 123
82 129
82 159
82 173
82 181
82 183
82 190
82 192
83 89
83 93
83 102
83 104
83 111
83 120
83 121
83 122
83 124
83 134
83 148
83 151
83 154
83 160
83 163
83 168
83 173
83 197
84 106
84 108
84 124
84 126
84 158
85 91
85 93
85 105
85 113
85 150
85 154
86 105
86 108
86 137
86 155
86 195
87 92
87 97
87 98
87 99
87 101
87 136
87 155
87 164
87 169
87 174
87 177
87 178
88 98
88 106
88 107
88 112
88 115
88 116
88 119
88 127
88 132
88 145
88 182
88 192
89 94
89 114
89 116
89 117
89 124
89 132
89 147
89 156
89 157
89 182
89 187
90 99
90 102
90 134
90 146
90 172
90 179
90 180
90 187
91 130
91 192
91 195
92 98
92 100
92 110
92 115
92 132
92 192
92 195
93 101
93 118
93 124
93 141
93 142
93 158
93 172
93 175
93 188
93 198
94 99
94 100
94 108
94 109
94 119
94 137
94 158
94 159
94 182
94 185
95 100
95 109
95 123
95 155
95 162
95 168
95 170
95 173
95 187
95 194
95 199
96 108
96 117
96 137
96 151
96 158
96 169
96 174
97 119
97 121
97 142
97 154
97 185
97 196
98 110
98 140
98 154
98 183
99 113
99 116
99 176
99 190
99 191
100 109
100 112
100 120
100 135
100 145
101 103
101 108
101 118
101 122
101 134
101 148
101 151
101 154
101 156
101 186
101 188
101 197
102 105
102 114
102 122
102 128
102 177
102 178
103 118
103 127
103 131
103 135
103 142
104 107
104 110
104 113
104 151
104 165
104 185
105 127
105 130
105 132
106 132
106 135
106 139
106 167
107 132
107 140
107 141
107 169
107 176
107 181
108 111
108 119
108 124
108 131
108 134
108 141
108 151
108 152
108 166
108 185
108 187
109 111
109 126
109 130
109 132
109 134
109 160
109 161
109 168
109 183
109 184
109 190
110 114
110 118
110 133
110 145
110 148
110 150
110 156
110 181
111 116
112 131
112 168
112 197
113 116
113 117
113 118
113 132
113 150
113 152
113 165
113 194
114 124
114 131
114 133
114 141
114 150
114 166
114 169
114 181
114 186
114 195
115 123
115 128
115 155
116 120
116 127
116 128
116 156
116 164
116 167
116 184
116 185
116 191
116 193
117 134
117 159
117 171
117 174
117 193
118 123
118 144
118 170
119 124
119 145
119 153
119 182
120 122
120 139
120 147
120 166
120 197
121 139
121 148
121 156
121 167
121 168
122 127
122 176
123 148
123 158
123 180
124 128
124 129
124 130
124 163
124 178
124 187
124 195
125 146
125 149
125 155
125 156
125 159
125 164
125 165
125 173
125 183
125 186
125 187
126 146
126 154
126 174
126 177
126 193
127 134
127 135
127 138
127 146
127 156
127 190
128 136
128 137
128 143
128 151
128 153
128 169
129 136
129 143
129 161
130 133
130 138
131 160
131 187
132 133
132 138
132 146
132 181
133 167
133 184
134 146
134 165
134 197
135 150
135 194
136 137
136 151
136 158
136 186
136 191
137 160
137 167
137 184
138 144
138 153
138 189
139 144
139 172
140 145
140 186
141 152
142 150
142 173
142 180
143 145
143 153
143 184
143 191
144 145
144 146
144 157
144 167
144 173
144 174
144 185
145 183
145 189
146 155
146 159
146 193
147 156
147 158
147 167
147 168
147 172
148 176
149 151
149 152
149 161
149 167
149 174
149 178
150 196
151 163
151 164
151 166
151 177
152 173
153 179
153 190
153 195
154 173
154 189
154 198
155 161
155 170
155 172
156 168
157 194
158 159
158 195
160 181
160 193
163 173
164 169
165 167
165 180
166 172
166 185
167 194
167 198
168 198
168 199
170 177
171 175
172 178
173 175
173 180
173 182
174 186
175 178
175 183
175 188
175 192
176 181
177 199
178 198
183 184
183 186
183 188
183 199
184 193
184 197
184 199
190 193
190 199
196 197
198 199
