0 1
0 2
0 3
0 4
0 5
0 6
0 7
0 8
0 9
0 10
0 11
0 12
0 13
0 14
0 15
0 16
0 17
0 18
0 19
0 20
0 21
0 22
0 23
0 24
0 25
0 26
0 27
0 30
0 31
0 32
0 34
0 35
0 36
0 37
0 40
0 43
0 44
0 45
0 46
0 48
0 52
0 54
0 55
0 62
0 63
0 67
0 68
0 72
0 73
0 74
0 77
0 82
0 83
0 89
0 90
0 92
0 93
0 95
0 97
0 98
0 100
0 105
0 106
0 112
0 116
0 119
0 127
0 128
0 133
0 134
0 137
0 144
0 146
0 147
0 152
0 157
0 161
0 177
0 182
0 190
1 11
1 12
1 13
1 15
1 16
1 18
1 19
1 22
1 23
1 24
1 25
1 26
1 28
1 30
1 32
1 39
1 49
1 50
1 52
1 55
1 56
1 70
1 77
1 78
1 80
1 85
1 87
1 89
1 90
1 91
1 93
1 100
1 101
1 107
1 109
1 117
1 119
1 136
1 150
1 155
1 156
1 157
1 164
1 178
1 185
1 188
2 11
2 12
2 13
2 14
2 15
2 17
2 20
2 22
2 25
2 35
2 37
2 39
2 40
2 45
2 69
2 77
2 79
2 82
2 94
2 95
2 96
2 97
2 100
2 107
2 110
2 118
2 126
2 128
2 146
2 171
2 175
2 182
3 11
3 12
3 14
3 15
3 17
3 20
3 21
3 26
3 38
3 47
3 55
3 58
3 66
3 74
3 76
3 81
3 88
3 95
3 111
3 122
3 125
3 133
3 136
3 150
3 151
3 153
3 161
3 166
3 181
3 182
3 188
4 12
4 22
4 38
4 43
4 113
4 115
4 174
4 181
5 11
5 13
5 14
5 17
5 21
5 22
5 23
5 39
5 45
5 51
5 53
5 56
5 58
5 61
5 62
5 72
5 92
5 102
5 108
5 109
5 121
5 123
5 130
5 140
5 148
5 158
5 160
5 186
5 195
5 196
6 11
6 12
6 13
6 14
6 16
6 17
6 18
6 19
6 24
6 29
6 30
6 32
6 41
6 42
6 58
6 63
6 83
6 87
6 91
6 102
6 103
6 104
6 114
6 117
6 118
6 120
6 125
6 128
6 150
6 160
6 161
6 165
7 11
7 12
7 13
7 14
7 15
7 16
7 17
7 18
7 20
7 21
7 22
7 24
7 27
7 39
7 49
7 54
7 56
7 59
7 74
7 76
7 82
7 104
7 112
7 129
7 131
7 139
7 141
7 151
7 159
7 173
7 177
7 182
7 188
7 191
7 195
8 11
8 12
8 14
8 15
8 16
8 17
8 20
8 24
8 27
8 28
8 31
8 40
8 44
8 49
8 53
8 59
8 62
8 65
8 67
8 76
8 77
8 91
8 102
8 133
8 154
8 160
8 162
8 170
8 172
8 175
8 186
8 191
8 198
9 11
9 12
9 13
9 14
9 18
9 19
9 26
9 31
9 34
9 36
9 37
9 38
9 46
9 48
9 62
9 68
9 69
9 72
9 73
9 90
9 92
9 96
9 106
9 107
9 109
9 116
9 134
9 152
9 159
9 162
9 164
9 169
9 171
9 173
9 189
9 193
10 11
10 13
10 50
10 121
10 123
10 134
11 12
11 13
11 14
11 15
11 16
11 17
11 18
11 19
11 20
11 21
11 26
11 29
11 31
11 33
11 36
11 38
11 41
11 44
11 46
11 49
11 52
11 53
11 55
11 57
11 60
11 65
11 69
11 86
11 92
11 94
11 96
11 101
11 108
11 111
11 112
11 115
11 122
11 135
11 141
11 143
11 149
11 152
11 160
11 165
11 167
11 175
11 178
11 183
11 187
11 189
11 195
11 199
12 13
12 14
12 15
12 16
12 18
12 19
12 20
12 21
12 24
12 26
12 27
12 29
12 34
12 37
12 40
12 41
12 43
12 46
12 51
12 53
12 57
12 61
12 64
12 65
12 66
12 67
12 69
12 70
12 71
12 77
12 81
12 85
12 94
12 109
12 115
12 118
12 120
12 133
12 142
12 155
12 158
12 165
12 179
12 189
12 192
13 15
13 16
13 17
13 19
13 21
13 24
13 26
13 27
13 28
13 32
13 33
13 34
13 44
13 46
13 47
13 50
13 52
13 54
13 55
13 57
13 66
13 68
13 73
13 74
13 81
13 84
13 85
13 86
13 87
13 88
13 89
13 94
13 96
13 98
13 100
13 110
13 116
13 118
13 119
13 122
13 127
13 128
13 129
13 140
13 143
13 145
13 147
13 148
13 153
13 156
13 163
13 164
13 166
13 168
13 174
13 178
13 179
13 183
13 185
13 189
13 190
13 194
13 199
14 15
14 16
14 17
14 18
14 19
14 21
14 22
14 23
14 25
14 26
14 28
14 30
14 33
14 35
14 36
14 38
14 39
14 40
14 44
14 46
14 48
14 51
14 56
14 58
14 61
14 63
14 67
14 70
14 71
14 73
14 75
14 78
14 84
14 85
14 86
14 89
14 91
14 93
14 104
14 111
14 113
14 117
14 136
14 139
14 147
14 150
14 164
14 171
14 174
14 175
14 179
14 186
14 190
14 195
14 196
15 16
15 18
15 20
15 21
15 23
15 25
15 27
15 28
15 31
15 33
15 34
15 35
15 36
15 39
15 40
15 43
15 46
15 63
15 64
15 73
15 75
15 78
15 87
15 107
15 115
15 121
15 128
15 129
15 135
15 140
15 147
15 154
15 156
15 157
15 163
15 167
15 180
15 191
15 194
16 18
16 22
16 23
16 24
16 28
16 29
16 31
16 32
16 33
16 34
16 35
16 36
16 38
16 41
16 42
16 47
16 48
16 49
16 51
16 56
16 61
16 62
16 66
16 68
16 79
16 81
16 97
16 98
16 100
16 102
16 103
16 104
16 106
16 108
16 109
16 114
16 115
16 127
16 140
16 145
16 146
16 148
16 149
16 154
16 163
16 169
16 172
16 175
16 179
16 183
16 184
16 187
16 196
16 199
17 19
17 20
17 22
17 23
17 25
17 28
17 32
17 35
17 37
17 38
17 39
17 45
17 48
17 51
17 57
17 62
17 63
17 65
17 70
17 77
17 79
17 87
17 92
17 94
17 96
17 99
17 113
17 114
17 116
17 118
17 119
17 124
17 125
17 126
17 127
17 128
17 169
17 174
17 198
18 19
18 20
18 23
18 24
18 25
18 31
18 32
18 33
18 37
18 39
18 41
18 45
18 57
18 70
18 71
18 73
18 81
18 84
18 91
18 96
18 98
18 99
18 102
18 118
18 126
18 129
18 132
18 140
18 151
18 157
18 171
18 182
18 196
18 197
19 25
19 27
19 28
19 29
19 30
19 31
19 36
19 37
19 40
19 42
19 43
19 45
19 47
19 48
19 50
19 53
19 59
19 61
19 63
19 65
19 66
19 68
19 71
19 72
19 75
19 83
19 88
19 110
19 113
19 125
19 130
19 138
19 152
19 159
19 160
19 167
19 180
19 189
19 195
19 198
20 21
20 22
20 23
20 29
20 30
20 31
20 35
20 42
20 45
20 52
20 56
20 60
20 66
20 72
20 80
20 94
20 98
20 109
20 112
20 116
20 124
20 132
20 135
20 141
20 146
20 155
20 159
20 166
20 174
20 178
20 184
20 190
20 192
20 194
21 25
21 27
21 29
21 36
21 38
21 43
21 50
21 63
21 64
21 67
21 70
21 71
21 76
21 99
21 112
21 113
21 117
21 119
21 127
21 134
21 138
21 149
21 150
21 157
21 163
21 164
21 190
22 23
22 24
22 26
22 27
22 31
22 33
22 39
22 50
22 56
22 58
22 60
22 67
22 68
22 69
22 72
22 74
22 75
22 80
22 82
22 85
22 89
22 92
22 93
22 99
22 104
22 105
22 110
22 117
22 121
22 134
22 141
22 147
22 152
22 161
22 171
22 188
23 28
23 29
23 33
23 34
23 36
23 37
23 41
23 44
23 78
23 79
23 94
23 98
23 101
23 129
23 133
23 138
23 140
23 146
23 149
23 177
23 194
24 25
24 26
24 27
24 28
24 30
24 34
24 40
24 45
24 51
24 79
24 83
24 87
24 105
24 132
24 137
24 144
24 148
24 163
24 182
24 191
25 29
25 30
25 37
25 38
25 39
25 44
25 48
25 50
25 53
25 54
25 57
25 66
25 70
25 75
25 76
25 78
25 79
25 97
25 106
25 110
25 112
25 114
25 118
25 123
25 131
25 132
25 134
25 142
25 145
25 148
25 159
25 162
25 169
25 175
25 177
25 187
25 192
25 193
26 29
26 30
26 32
26 40
26 56
26 59
26 64
26 72
26 73
26 74
26 75
26 80
26 82
26 90
26 95
26 107
26 174
26 192
26 195
27 30
27 32
27 33
27 34
27 35
27 41
27 42
27 43
27 46
27 47
27 48
27 50
27 58
27 113
27 126
27 148
27 158
27 159
27 189
27 194
27 196
28 32
28 33
28 44
28 47
28 49
28 61
28 62
28 66
28 71
28 76
28 87
28 93
28 101
28 111
28 121
28 125
28 137
28 140
28 146
28 149
28 156
28 170
28 177
29 44
29 48
29 49
29 52
29 54
29 57
29 75
29 80
29 85
29 86
29 97
29 106
29 114
29 126
29 143
29 164
29 173
29 177
29 178
29 180
29 184
29 194
29 195
29 197
30 38
30 40
30 41
30 42
30 48
30 49
30 50
30 86
30 103
30 162
30 168
30 188
31 36
31 46
31 50
31 55
31 57
31 62
31 73
31 82
31 84
31 88
31 90
31 93
31 97
31 103
31 114
31 136
31 154
31 158
32 34
32 35
32 42
32 44
32 46
32 47
32 59
32 62
32 82
32 83
32 87
32 90
32 122
32 129
32 144
32 163
32 193
33 35
33 45
33 52
33 53
33 54
33 55
33 58
33 59
33 61
33 67
33 76
33 82
33 85
33 95
33 97
33 106
33 107
33 110
33 111
33 126
33 131
33 137
33 179
33 188
33 194
34 103
34 145
34 176
34 185
35 42
35 53
35 63
35 76
35 122
35 131
35 158
35 199
36 37
36 53
36 54
36 60
36 61
36 66
36 96
36 104
36 109
36 131
36 142
36 144
36 154
36 157
36 166
36 173
36 184
36 192
37 41
37 43
37 51
37 73
37 139
37 162
37 166
37 167
37 171
37 172
37 183
37 191
38 41
38 42
38 52
38 65
38 78
38 81
38 86
38 91
38 101
38 108
38 111
38 116
38 121
38 122
38 128
38 130
38 172
39 42
39 59
39 60
39 81
39 86
39 90
39 110
39 129
39 173
40 64
40 77
40 88
40 90
40 91
40 109
40 143
40 155
40 171
40 179
40 183
40 185
41 43
41 45
41 47
41 49
41 51
41 62
41 66
41 68
41 74
41 88
41 94
41 95
41 96
41 98
41 102
41 103
41 108
41 117
41 145
41 152
41 155
41 161
41 185
42 43
42 47
42 51
42 65
42 105
42 125
42 129
42 157
42 176
42 181
43 51
43 55
43 57
43 69
43 70
43 79
43 101
43 104
43 122
43 144
43 167
43 177
44 52
44 53
44 54
44 56
44 68
44 69
44 71
44 74
44 80
44 83
44 95
44 106
44 113
44 117
44 120
44 123
44 161
44 176
44 179
44 182
45 47
45 61
45 71
45 84
45 89
45 103
45 119
45 142
45 149
46 49
46 59
46 69
46 80
46 81
46 85
46 101
46 132
46 163
46 171
46 187
47 55
47 58
47 86
47 108
47 124
47 127
47 135
47 139
47 141
47 147
47 168
47 190
48 54
48 58
48 59
48 63
48 65
48 72
48 78
48 81
48 93
48 95
48 98
48 124
48 129
48 142
48 159
48 188
49 52
49 55
49 56
49 60
49 77
49 116
49 118
49 124
50 60
50 64
50 69
50 84
50 87
50 135
50 137
50 145
51 59
51 68
51 79
51 101
51 123
51 124
51 175
51 184
51 186
52 58
52 75
52 84
52 88
52 105
52 116
52 117
52 130
52 156
52 162
52 170
52 176
53 54
53 57
53 60
53 75
53 92
53 101
53 108
53 111
53 116
53 122
53 135
53 144
53 171
53 179
53 180
53 190
54 64
54 77
54 85
54 89
54 108
54 113
54 123
54 132
54 141
54 149
54 151
54 153
54 156
54 169
54 193
55 60
55 76
55 80
55 88
55 93
55 94
55 99
55 102
55 115
55 130
55 136
55 160
55 168
55 177
55 192
55 199
56 64
56 75
56 80
56 145
56 176
57 64
57 92
57 98
57 105
57 117
57 120
57 121
57 131
57 157
57 187
57 192
58 61
58 144
58 153
58 154
58 158
58 172
58 191
59 60
59 64
59 65
59 70
59 92
59 95
59 106
59 111
59 115
59 124
59 173
59 182
59 197
60 68
60 72
60 83
60 93
60 99
60 112
60 125
60 139
60 140
60 142
60 143
60 146
60 165
61 63
61 69
61 78
61 83
61 101
61 112
61 118
61 135
61 153
62 67
62 71
62 81
62 100
62 107
62 132
62 176
62 187
63 65
63 79
63 96
63 134
63 137
63 175
63 179
63 198
64 67
64 71
64 76
64 85
64 99
64 127
64 128
64 145
64 149
64 155
64 161
64 170
65 94
65 97
65 99
66 67
66 91
66 96
66 106
66 108
66 115
66 131
66 154
66 174
66 178
67 125
67 147
67 152
68 70
68 73
68 83
68 99
68 113
68 119
68 120
68 137
68 144
68 170
68 176
68 196
69 74
69 79
69 88
69 103
69 116
69 138
69 140
69 175
69 196
69 199
70 155
70 157
70 167
71 72
71 82
71 88
71 97
71 193
72 74
72 78
72 82
72 91
72 92
72 93
72 97
72 114
72 122
72 134
72 141
72 145
72 152
73 86
73 99
73 100
73 107
73 137
73 167
73 197
74 77
74 89
74 132
74 150
74 168
74 173
74 196
75 84
75 152
75 196
76 80
76 90
76 170
76 194
77 78
77 123
77 130
77 143
77 153
77 155
77 163
78 98
78 138
78 148
78 198
79 83
79 84
79 122
79 130
79 138
79 147
79 172
80 87
80 89
80 102
80 105
80 119
80 121
80 127
80 141
80 143
80 174
80 199
81 84
81 86
81 91
81 111
81 124
81 141
81 165
82 100
82 120
82 166
83 137
83 138
83 163
83 191
84 100
84 104
84 105
84 131
84 186
85 103
85 132
85 180
86 89
86 90
86 107
86 110
86 131
86 153
86 189
86 197
86 199
87 103
87 121
87 127
87 156
87 186
87 189
88 95
88 123
88 151
88 185
89 100
89 105
89 124
89 145
89 193
90 104
90 120
90 138
90 139
90 167
90 170
90 187
91 117
91 136
91 143
92 112
92 113
92 185
92 192
93 114
93 126
93 146
93 197
94 110
94 174
94 180
94 181
95 102
95 114
95 133
95 158
95 165
96 119
96 136
96 148
96 149
96 160
97 105
97 109
97 128
97 130
97 153
97 158
97 169
98 112
98 123
98 166
98 176
98 188
98 195
99 114
99 126
99 128
99 148
99 156
99 158
99 160
99 162
99 166
99 176
99 180
100 126
100 151
101 102
101 107
101 133
101 152
102 109
102 120
102 125
102 181
102 187
103 104
103 106
103 115
103 119
103 153
103 160
103 164
104 108
104 110
104 156
104 164
104 168
104 169
104 174
104 176
105 137
105 143
105 171
105 198
106 151
107 127
107 133
107 139
107 142
107 158
107 165
107 166
107 178
108 111
108 120
108 129
108 141
108 151
108 154
108 168
108 182
108 195
109 130
109 155
110 120
110 133
110 181
111 130
111 131
111 183
112 115
112 142
112 144
112 187
112 197
112 198
113 184
114 125
114 170
114 190
114 198
115 118
115 121
115 132
115 154
115 188
116 147
117 139
117 184
118 124
118 140
118 150
118 181
119 123
119 133
119 142
119 151
119 184
120 139
120 144
120 149
120 153
120 178
121 154
121 161
121 167
121 168
121 173
121 180
122 126
122 134
122 135
122 138
123 186
123 189
123 197
124 165
125 135
125 138
125 163
126 134
126 150
126 181
127 161
127 162
127 182
127 183
128 136
128 172
128 196
128 197
129 139
129 167
130 173
132 135
132 136
132 143
132 159
132 190
134 136
134 170
135 162
136 142
136 168
136 186
137 146
137 185
138 194
139 159
139 169
139 179
139 181
140 146
140 148
140 150
140 165
140 173
140 181
140 183
141 150
141 161
141 172
141 178
143 190
145 147
146 162
146 164
146 177
146 180
146 197
147 178
147 193
148 180
149 198
149 199
150 151
150 165
150 185
151 156
151 159
151 160
151 164
151 169
151 175
153 157
154 155
155 191
156 168
156 172
158 169
158 172
158 191
158 192
159 188
159 189
160 194
161 183
162 170
162 198
163 187
163 193
164 166
164 177
164 184
164 193
166 199
171 191
172 193
174 184
174 185
175 186
176 186
177 183
180 195
184 192
