0 1
0 2
0 3
0 4
0 5
0 6
0 7
0 8
0 9
0 10
0 11
0 12
0 13
0 14
0 15
0 16
0 17
0 18
0 19
0 20
0 21
0 23
0 24
0 25
0 26
0 30
0 31
0 32
0 36
0 37
0 39
0 40
0 41
0 44
0 45
0 50
0 53
0 54
0 57
0 59
0 64
0 66
0 74
0 75
0 78
0 80
0 82
0 83
0 87
0 93
0 95
0 96
0 98
0 101
0 108
0 114
0 117
0 122
0 126
0 134
0 137
0 145
0 149
0 154
0 161
0 176
0 178
0 179
0 185
0 190
0 194
0 198
1 11
1 13
1 14
1 16
1 17
1 27
1 42
1 44
1 46
1 47
1 55
1 63
1 64
1 70
1 75
1 82
1 85
1 87
1 91
1 94
1 104
1 105
1 112
1 189
1 193
1 198
2 11
2 12
2 13
2 14
2 15
2 16
2 17
2 19
2 22
2 25
2 26
2 27
2 30
2 31
2 33
2 35
2 41
2 42
2 48
2 51
2 57
2 66
2 69
2 71
2 76
2 82
2 83
2 89
2 90
2 97
2 100
2 101
2 114
2 117
2 118
2 122
2 127
2 140
2 145
2 185
3 11
3 12
3 13
3 14
3 15
3 18
3 20
3 21
3 23
3 29
3 33
3 45
3 47
3 59
3 63
3 75
3 105
3 119
3 123
3 141
3 143
3 154
3 168
3 178
3 181
3 183
3 188
3 195
4 11
4 12
4 14
4 15
4 16
4 17
4 18
4 20
4 28
4 29
4 39
4 40
4 55
4 61
4 63
4 73
4 75
4 76
4 78
4 97
4 107
4 108
4 115
4 144
4 161
4 164
5 11
5 12
5 16
5 17
5 28
5 50
5 51
5 66
5 84
5 95
5 98
5 132
5 140
5 145
5 167
5 169
6 11
6 12
6 13
6 14
6 15
6 18
6 19
6 25
6 27
6 28
6 30
6 35
6 38
6 49
6 51
6 53
6 59
6 60
6 70
6 71
6 72
6 73
6 74
6 76
6 83
6 85
6 92
6 94
6 101
6 104
6 107
6 117
6 120
6 124
6 131
6 133
6 138
6 142
6 148
6 150
6 160
6 177
6 181
6 187
6 195
7 11
7 12
7 13
7 16
7 18
7 23
7 24
7 26
7 28
7 36
7 41
7 59
7 63
7 64
7 66
7 69
7 73
7 111
7 115
7 118
7 137
7 142
7 145
7 146
7 172
7 185
8 11
8 12
8 13
8 14
8 15
8 17
8 20
8 21
8 23
8 24
8 29
8 31
8 32
8 34
8 35
8 38
8 52
8 57
8 59
8 60
8 61
8 62
8 64
8 72
8 82
8 90
8 91
8 100
8 102
8 103
8 104
8 108
8 112
8 123
8 139
8 152
8 163
8 164
8 169
8 171
8 177
8 190
9 25
10 11
10 12
10 13
10 16
10 19
10 20
10 26
10 27
10 32
10 43
10 45
10 49
10 52
10 55
10 56
10 67
10 77
10 79
10 93
10 108
10 118
10 119
10 129
10 130
10 131
10 134
10 137
10 153
10 157
10 158
10 159
10 167
10 178
10 186
10 187
11 12
11 13
11 14
11 15
11 17
11 18
11 19
11 20
11 21
11 22
11 23
11 24
11 25
11 26
11 29
11 32
11 34
11 35
11 36
11 40
11 43
11 47
11 48
11 49
11 50
11 51
11 53
11 54
11 55
11 58
11 62
11 69
11 74
11 81
11 85
11 86
11 87
11 88
11 102
11 103
11 105
11 106
11 109
11 113
11 116
11 117
11 118
11 126
11 132
11 134
11 135
11 138
11 144
11 150
11 152
11 173
11 175
11 181
11 189
12 13
12 14
12 15
12 16
12 17
12 18
12 19
12 20
12 21
12 22
12 23
12 24
12 26
12 27
12 28
12 29
12 32
12 37
12 39
12 44
12 47
12 56
12 57
12 58
12 61
12 63
12 65
12 66
12 70
12 71
12 75
12 78
12 79
12 82
12 83
12 87
12 92
12 94
12 102
12 105
12 125
12 127
12 136
12 147
12 148
12 149
12 159
12 164
12 165
12 166
12 168
12 189
12 192
12 195
13 14
13 15
13 16
13 18
13 21
13 22
13 25
13 32
13 35
13 39
13 42
13 47
13 58
13 64
13 66
13 67
13 68
13 77
13 79
13 81
13 87
13 90
13 95
13 101
13 107
13 112
13 121
13 126
13 131
13 136
13 139
13 141
13 143
13 153
13 154
13 158
13 161
13 175
13 176
13 185
13 186
13 193
13 196
14 15
14 16
14 18
14 19
14 20
14 21
14 23
14 25
14 27
14 29
14 30
14 32
14 33
14 35
14 43
14 44
14 46
14 48
14 50
14 52
14 53
14 56
14 60
14 62
14 69
14 74
14 79
14 87
14 93
14 102
14 109
14 110
14 121
14 125
14 130
14 131
14 132
14 136
14 141
14 148
14 156
14 159
14 160
14 161
14 162
14 171
14 173
14 195
15 17
15 22
15 23
15 24
15 25
15 26
15 27
15 28
15 29
15 30
15 31
15 33
15 37
15 42
15 46
15 48
15 51
15 55
15 56
15 64
15 67
15 69
15 71
15 74
15 76
15 79
15 80
15 84
15 87
15 89
15 94
15 97
15 100
15 106
15 108
15 116
15 120
15 122
15 128
15 129
15 131
15 134
15 143
15 147
15 148
15 150
15 151
15 153
15 164
15 174
15 176
15 181
15 184
15 194
16 17
16 18
16 19
16 20
16 22
16 26
16 30
16 31
16 33
16 34
16 35
16 40
16 41
16 44
16 52
16 54
16 57
16 58
16 64
16 67
16 68
16 73
16 76
16 80
16 83
16 86
16 98
16 104
16 109
16 115
16 120
16 124
16 129
16 130
16 133
16 139
16 140
16 156
16 159
16 180
16 184
16 187
17 19
17 22
17 28
17 33
17 38
17 40
17 45
17 53
17 67
17 68
17 72
17 88
17 91
17 98
17 99
17 116
17 121
17 123
17 128
17 129
17 130
17 134
17 139
17 153
17 157
17 163
17 168
17 178
17 184
17 192
17 194
18 19
18 20
18 21
18 22
18 23
18 26
18 27
18 28
18 29
18 38
18 45
18 46
18 47
18 48
18 50
18 51
18 54
18 55
18 56
18 62
18 69
18 71
18 72
18 74
18 84
18 86
18 88
18 90
18 91
18 92
18 93
18 97
18 110
18 112
18 118
18 123
18 134
18 140
18 148
18 151
18 152
18 158
18 163
18 181
18 192
19 21
19 24
19 25
19 27
19 31
19 33
19 34
19 35
19 36
19 37
19 38
19 39
19 43
19 46
19 48
19 52
19 53
19 60
19 63
19 64
19 75
19 76
19 81
19 82
19 85
19 87
19 88
19 92
19 96
19 101
19 102
19 111
19 116
19 128
19 141
19 156
19 158
19 166
19 168
19 182
19 198
20 21
20 22
20 26
20 29
20 36
20 37
20 39
20 41
20 45
20 51
20 55
20 56
20 70
20 71
20 77
20 85
20 95
20 97
20 109
20 116
20 126
20 130
20 143
20 144
20 150
20 151
20 153
20 160
21 22
21 24
21 25
21 28
21 30
21 33
21 34
21 40
21 47
21 52
21 83
21 90
21 97
21 101
21 104
21 109
21 111
21 113
21 130
21 132
21 152
21 160
21 169
21 183
22 23
22 24
22 30
22 31
22 34
22 35
22 37
22 41
22 43
22 44
22 47
22 54
22 56
22 57
22 61
22 64
22 68
22 72
22 85
22 93
22 114
22 115
22 121
22 125
22 131
22 135
22 145
22 147
22 148
22 149
22 151
22 157
22 170
22 172
22 177
22 191
23 24
23 27
23 30
23 32
23 36
23 38
23 39
23 43
23 56
23 57
23 58
23 59
23 80
23 81
23 84
23 89
23 91
23 95
23 98
23 128
23 131
23 134
23 136
23 137
23 163
23 173
23 192
23 196
23 197
24 28
24 33
24 34
24 38
24 39
24 40
24 42
24 48
24 52
24 58
24 59
24 62
24 68
24 78
24 84
24 96
24 98
24 105
24 107
24 112
24 113
24 120
24 123
24 135
24 140
24 146
24 150
24 159
24 172
24 174
24 179
24 180
24 190
25 30
25 31
25 34
25 36
25 42
25 43
25 48
25 53
25 57
25 59
25 61
25 70
25 72
25 75
25 84
25 86
25 89
25 99
25 108
25 119
25 120
25 121
25 126
25 134
25 155
25 161
25 196
25 198
26 31
26 33
26 34
26 36
26 38
26 45
26 49
26 65
26 92
26 99
26 118
26 132
26 137
26 147
26 155
26 174
26 175
26 184
26 191
27 29
27 37
27 38
27 39
27 41
27 48
27 49
27 50
27 60
27 62
27 65
27 67
27 88
27 91
27 95
27 99
27 105
27 110
27 113
27 119
27 132
27 147
27 149
27 151
27 162
27 188
27 189
27 190
28 32
28 37
28 45
28 46
28 49
28 55
28 58
28 65
28 84
28 85
28 86
28 98
28 114
28 170
28 183
28 187
28 188
28 189
28 196
29 40
29 65
29 95
29 116
29 159
29 171
29 180
30 31
30 36
30 39
30 44
30 45
30 47
30 68
30 72
30 75
30 78
30 85
30 106
30 110
30 117
30 130
30 150
30 155
30 156
30 158
30 159
30 166
30 176
30 178
30 189
31 32
31 41
31 42
31 44
31 46
31 53
31 55
31 65
31 66
31 67
31 73
31 74
31 76
31 77
31 81
31 94
31 95
31 101
31 106
31 108
31 110
31 113
31 117
31 118
31 122
31 127
31 128
31 156
31 160
31 167
31 176
31 183
31 193
32 35
32 36
32 40
32 41
32 49
32 50
32 51
32 74
32 94
32 105
32 107
32 108
32 135
32 144
32 145
32 146
32 158
32 162
32 169
32 171
32 179
32 181
32 191
32 192
32 195
32 197
33 34
33 37
33 43
33 50
33 52
33 60
33 65
33 70
33 81
33 83
33 95
33 102
33 107
33 110
33 115
33 126
33 128
33 129
33 144
33 149
33 161
33 162
33 166
34 42
34 45
34 58
34 61
34 87
34 103
34 124
34 125
34 143
34 161
34 184
34 195
34 199
35 42
35 46
35 59
35 89
35 111
35 117
35 156
35 161
35 172
35 196
35 199
36 37
36 40
36 43
36 50
36 51
36 70
36 79
36 80
36 94
36 96
36 120
36 123
36 128
36 132
36 135
36 137
36 138
36 139
36 152
36 159
36 180
37 38
37 44
37 49
37 79
37 81
37 164
37 198
38 42
38 47
38 49
38 60
38 82
38 104
38 106
38 107
38 115
38 154
38 186
38 189
39 43
39 46
39 49
39 54
39 70
39 73
39 135
39 141
39 166
40 41
40 53
40 54
40 64
40 65
40 72
40 73
40 74
40 86
40 89
40 90
40 112
40 117
40 125
40 198
41 46
41 57
41 65
41 68
41 79
41 92
41 93
41 100
41 125
41 130
41 161
41 182
42 44
42 60
42 83
42 88
42 96
42 112
42 119
42 126
42 149
42 161
42 165
42 173
42 174
43 58
43 60
43 73
43 88
43 97
43 173
43 177
43 180
43 193
43 195
43 197
43 198
44 51
44 54
44 60
44 61
44 62
44 66
44 67
44 68
44 69
44 78
44 99
44 100
44 103
44 107
44 108
44 113
44 124
44 129
44 152
44 170
44 172
44 181
44 195
46 55
46 71
46 100
46 101
46 113
46 115
46 122
46 124
46 125
46 128
46 140
46 153
46 163
46 169
46 195
47 48
47 52
47 54
47 76
47 84
47 89
47 102
47 104
47 105
47 125
47 126
47 168
47 171
47 173
48 53
48 63
48 75
48 79
48 86
48 93
48 110
48 111
48 140
48 157
48 158
48 169
48 170
48 182
48 185
48 186
48 190
49 50
49 52
49 62
49 69
49 92
49 96
49 104
49 118
49 123
49 129
49 140
49 151
50 56
50 74
50 77
50 99
50 113
50 121
50 174
51 54
51 57
51 61
51 77
51 93
51 104
51 110
51 119
51 129
51 132
51 135
51 188
51 196
51 197
52 62
52 63
52 70
52 78
52 122
52 148
52 186
53 62
53 67
53 94
53 135
53 153
53 163
53 168
53 188
53 191
54 61
54 63
54 66
54 69
54 71
54 81
54 90
54 109
54 110
54 133
54 143
54 148
54 152
54 156
55 56
55 61
55 71
55 93
55 170
55 183
56 59
56 63
56 78
56 96
56 100
56 103
56 104
56 109
56 111
56 115
56 142
56 173
56 174
56 192
57 58
57 65
57 68
57 69
57 91
57 116
57 130
57 137
57 139
57 153
57 163
57 169
57 176
57 198
58 67
58 81
58 106
58 107
58 122
58 133
58 137
58 168
58 178
58 189
59 72
59 76
59 90
59 103
59 114
59 133
59 142
59 167
59 180
59 185
59 186
59 189
60 76
60 86
60 114
60 115
60 156
60 158
60 193
60 195
61 71
61 72
61 106
61 162
61 188
61 192
62 77
62 101
62 120
62 121
62 122
62 127
62 158
63 70
63 81
63 83
63 84
63 86
63 93
63 100
63 111
63 130
63 144
63 157
63 159
64 66
64 73
64 88
64 106
64 120
64 124
65 77
65 131
65 141
65 145
65 187
66 68
66 80
66 99
66 102
66 107
66 164
66 194
66 198
67 82
67 91
67 94
67 113
67 137
67 163
67 178
68 83
68 154
68 156
69 94
69 163
69 197
70 75
70 77
70 88
70 120
70 127
70 139
70 155
70 180
70 194
70 197
71 80
71 89
71 112
71 116
71 178
71 193
72 73
72 84
72 133
72 170
72 171
73 77
73 78
73 79
73 85
73 90
73 91
73 98
73 101
73 103
73 146
73 179
73 182
74 80
74 92
74 151
74 162
74 182
75 80
75 86
75 116
75 119
75 121
75 138
75 139
75 172
75 190
75 191
76 78
76 89
76 140
76 146
76 149
76 164
76 177
76 194
77 96
77 100
77 146
78 82
78 90
78 99
78 103
78 106
78 111
78 115
78 117
78 157
78 184
79 80
79 82
79 95
79 109
79 150
79 154
79 166
79 173
79 190
79 197
80 92
80 124
80 133
80 142
80 152
80 173
80 199
81 98
81 128
81 150
81 180
82 105
82 155
83 85
83 87
83 97
83 129
83 142
84 98
84 129
84 138
85 88
85 91
85 109
85 114
85 123
85 138
85 171
85 172
85 175
85 188
85 191
85 193
85 196
86 138
86 162
87 89
87 92
87 96
87 99
87 127
87 148
87 170
87 191
87 199
88 186
88 188
88 189
89 97
89 103
89 111
89 120
89 122
89 141
89 143
89 169
89 183
89 184
89 185
90 96
90 114
90 119
90 127
90 131
90 144
90 147
90 153
90 167
90 168
90 171
90 191
90 199
91 124
91 166
92 97
92 105
92 121
92 147
92 151
92 157
92 160
92 165
92 183
93 102
93 109
93 126
93 133
93 141
93 145
93 151
93 155
93 156
93 175
93 178
93 181
93 183
94 125
94 149
94 157
95 100
95 121
95 124
96 141
96 198
97 99
97 113
97 114
97 118
97 126
97 132
97 136
97 140
97 142
97 146
97 154
98 110
98 167
99 102
99 103
99 106
99 111
99 119
99 136
99 138
99 141
99 144
99 164
99 165
99 194
100 116
100 160
100 182
101 119
101 127
101 191
101 192
102 122
102 133
102 165
102 179
102 186
103 108
103 112
103 136
103 142
103 178
104 125
104 143
104 180
104 186
104 192
104 194
105 123
105 154
105 194
106 127
107 118
107 134
107 175
108 112
108 114
108 127
108 146
108 157
108 160
108 176
108 181
109 168
109 170
111 167
112 117
112 139
112 164
112 165
112 197
113 131
113 136
113 183
113 190
114 165
114 197
115 135
115 155
116 138
116 154
116 162
116 169
116 180
117 188
117 190
118 155
118 187
118 193
119 123
119 133
119 144
119 146
119 151
119 166
119 170
119 176
120 183
121 124
121 128
121 142
121 143
121 149
121 152
122 177
122 187
123 146
123 165
124 136
124 138
124 182
125 160
125 163
126 139
126 169
126 175
127 176
127 177
128 144
128 148
128 168
129 132
129 134
129 136
129 145
129 164
129 174
130 135
130 160
130 165
130 177
131 155
131 173
131 186
131 187
132 149
132 150
133 152
133 182
134 179
136 137
136 167
140 142
140 174
140 185
141 147
141 196
142 143
143 145
143 147
143 154
143 177
144 150
144 155
144 165
145 159
146 147
146 157
146 167
146 170
146 177
147 162
148 153
148 158
148 175
148 184
149 171
150 176
150 185
151 167
151 174
153 166
154 172
154 174
154 193
155 175
155 199
158 171
158 179
158 187
159 172
159 175
159 187
160 196
161 162
161 166
162 172
162 179
162 184
162 199
164 184
165 182
165 194
166 185
170 179
170 199
171 190
175 179
177 181
177 188
178 182
179 197
182 192
185 191
186 193
190 196
195 199
196 199
