0 1
0 2
0 3
0 4
0 5
0 6
0 7
0 8
0 9
0 10
0 11
0 12
0 13
0 14
0 15
0 16
0 17
0 18
0 19
0 22
0 23
0 24
0 25
0 26
0 31
0 32
0 33
0 34
0 35
0 37
0 39
0 43
0 44
0 46
0 49
0 52
0 53
0 54
0 59
0 60
0 61
0 70
0 72
0 74
0 76
0 77
0 81
0 83
0 84
0 86
0 96
0 97
0 100
0 104
0 106
0 114
0 118
0 121
0 137
0 138
0 143
0 146
0 147
0 148
0 151
0 155
0 166
0 168
0 172
0 173
0 178
0 188
0 191
0 193
0 195
1 11
1 12
1 13
1 15
1 16
1 18
1 28
1 30
1 31
1 35
1 39
1 40
1 51
1 56
1 57
1 66
1 76
1 111
1 129
1 131
1 132
1 141
1 145
1 147
1 149
1 181
1 182
1 183
2 12
2 15
2 19
2 21
2 24
2 37
2 65
2 69
2 83
2 127
2 152
2 157
2 168
2 171
2 182
2 196
3 11
3 12
3 13
3 17
3 24
3 25
3 26
3 38
3 40
3 43
3 49
3 62
3 72
3 128
3 157
3 158
3 159
3 179
3 180
4 11
4 12
4 13
4 14
4 17
4 18
4 19
4 27
4 31
4 33
4 36
4 42
4 46
4 48
4 53
4 58
4 73
4 80
4 96
4 99
4 103
4 107
4 108
4 113
4 119
4 125
4 143
4 149
4 150
4 185
4 186
4 190
4 194
4 199
5 11
5 12
5 14
5 16
5 18
5 20
5 22
5 26
5 31
5 34
5 39
5 50
5 52
5 56
5 67
5 70
5 78
5 82
5 108
5 109
5 113
5 151
5 154
5 173
5 190
6 11
6 15
6 20
6 23
6 32
6 40
6 41
6 43
6 47
6 62
6 71
6 79
6 92
6 105
6 112
6 123
6 162
6 198
7 11
7 12
7 13
7 14
7 19
7 20
7 29
7 32
7 44
7 47
7 58
7 62
7 64
7 69
7 78
7 80
7 91
7 92
7 94
7 97
7 110
7 120
7 163
7 174
7 187
8 11
8 12
8 13
8 14
8 15
8 16
8 17
8 22
8 24
8 31
8 32
8 34
8 50
8 55
8 60
8 63
8 64
8 71
8 76
8 89
8 108
8 110
8 127
8 132
8 140
8 146
8 162
8 167
8 170
8 171
8 174
8 182
8 199
9 11
9 13
9 14
9 19
9 22
9 23
9 26
9 27
9 37
9 42
9 50
9 60
9 68
9 73
9 95
9 150
9 161
9 164
9 186
10 11
10 12
10 13
10 14
10 15
10 16
10 17
10 18
10 20
10 24
10 27
10 34
10 47
10 54
10 68
10 85
10 91
10 117
10 121
11 12
11 13
11 14
11 15
11 16
11 19
11 20
11 21
11 22
11 26
11 28
11 29
11 30
11 32
11 33
11 36
11 37
11 40
11 41
11 42
11 45
11 46
11 47
11 51
11 58
11 62
11 63
11 70
11 72
11 74
11 79
11 82
11 85
11 86
11 89
11 90
11 92
11 93
11 95
11 101
11 102
11 103
11 104
11 107
11 119
11 120
11 126
11 128
11 134
11 142
11 155
11 159
11 169
11 170
11 172
11 175
11 179
11 181
11 182
11 183
11 186
11 187
11 192
11 198
12 13
12 14
12 15
12 16
12 17
12 18
12 20
12 21
12 22
12 24
12 25
12 26
12 27
12 28
12 31
12 32
12 33
12 35
12 37
12 38
12 40
12 42
12 45
12 48
12 51
12 53
12 55
12 57
12 58
12 60
12 61
12 64
12 65
12 66
12 67
12 69
12 75
12 77
12 83
12 86
12 91
12 108
12 109
12 115
12 124
12 130
12 137
12 139
12 148
12 163
12 169
12 179
12 185
13 14
13 15
13 16
13 17
13 18
13 19
13 20
13 21
13 22
13 23
13 27
13 28
13 30
13 32
13 35
13 36
13 38
13 39
13 40
13 41
13 43
13 44
13 45
13 48
13 50
13 58
13 64
13 66
13 77
13 79
13 81
13 82
13 88
13 93
13 96
13 98
13 101
13 105
13 107
13 112
13 121
13 124
13 127
13 132
13 134
13 136
13 138
13 162
13 170
13 173
13 184
13 189
13 196
14 15
14 16
14 17
14 18
14 19
14 20
14 21
14 22
14 25
14 26
14 29
14 32
14 34
14 36
14 38
14 40
14 41
14 47
14 51
14 59
14 60
14 62
14 63
14 66
14 71
14 77
14 86
14 87
14 96
14 100
14 102
14 103
14 106
14 117
14 118
14 122
14 130
14 132
14 133
14 144
14 149
14 151
14 154
14 155
14 156
14 161
14 162
14 175
14 181
14 196
14 197
14 198
15 16
15 17
15 20
15 21
15 22
15 23
15 25
15 26
15 27
15 29
15 33
15 35
15 40
15 42
15 44
15 52
15 56
15 63
15 64
15 65
15 68
15 71
15 73
15 80
15 87
15 91
15 95
15 96
15 97
15 104
15 106
15 108
15 111
15 114
15 118
15 121
15 133
15 139
15 141
15 147
15 150
15 151
15 152
15 153
15 156
15 175
15 176
15 183
15 194
16 17
16 18
16 20
16 21
16 23
16 24
16 28
16 29
16 30
16 31
16 39
16 41
16 42
16 44
16 46
16 48
16 52
16 53
16 56
16 57
16 60
16 78
16 80
16 89
16 91
16 94
16 107
16 117
16 122
16 133
16 134
16 137
16 139
16 140
16 144
16 145
16 147
16 148
16 157
16 164
16 169
16 172
16 197
17 18
17 19
17 21
17 23
17 25
17 26
17 27
17 28
17 30
17 33
17 36
17 37
17 38
17 39
17 43
17 46
17 49
17 54
17 55
17 57
17 71
17 81
17 83
17 84
17 87
17 90
17 93
17 95
17 103
17 115
17 124
17 141
17 151
17 162
17 176
17 183
17 189
17 190
17 191
17 197
18 19
18 21
18 22
18 24
18 25
18 33
18 35
18 41
18 42
18 46
18 48
18 62
18 67
18 68
18 85
18 87
18 94
18 107
18 109
18 119
18 122
18 129
18 134
18 135
18 154
18 156
18 159
18 164
18 180
18 182
18 192
18 194
19 21
19 25
19 30
19 33
19 38
19 39
19 49
19 51
19 53
19 57
19 68
19 74
19 76
19 85
19 86
19 90
19 94
19 100
19 106
19 117
19 120
19 126
19 129
19 139
19 143
19 183
19 187
19 188
20 23
20 24
20 27
20 28
20 31
20 39
20 43
20 45
20 48
20 50
20 52
20 55
20 57
20 60
20 70
20 71
20 81
20 84
20 88
20 90
20 91
20 93
20 94
20 107
20 116
20 128
20 138
20 142
20 165
20 167
20 174
20 175
21 23
21 24
21 25
21 27
21 34
21 35
21 38
21 39
21 40
21 41
21 45
21 58
21 59
21 73
21 81
21 85
21 88
21 90
21 96
21 102
21 103
21 105
21 107
21 122
21 136
21 139
21 164
21 174
21 177
21 181
21 184
21 188
21 189
21 199
22 23
22 28
22 29
22 34
22 43
22 50
22 58
22 63
22 65
22 67
22 72
22 78
22 84
22 87
22 102
22 105
22 109
22 111
22 135
22 153
22 170
23 29
23 30
23 33
23 34
23 36
23 39
23 42
23 44
23 45
23 51
23 52
23 61
23 63
23 67
23 72
23 78
23 86
23 113
23 126
23 134
23 137
23 139
23 149
23 159
23 161
23 162
23 172
23 177
23 180
23 189
23 198
23 199
24 25
24 29
24 30
24 35
24 36
24 38
24 44
24 46
24 50
24 52
24 58
24 60
24 69
24 74
24 76
24 79
24 81
24 82
24 91
24 94
24 99
24 100
24 104
24 114
24 116
24 117
24 123
24 125
24 128
24 129
24 133
24 141
24 186
24 187
24 195
24 196
24 199
25 26
25 28
25 29
25 30
25 32
25 36
25 37
25 49
25 64
25 67
25 69
25 75
25 103
25 122
25 148
25 158
25 181
25 197
25 198
26 27
26 28
26 29
26 31
26 35
26 45
26 49
26 55
26 59
26 71
26 88
26 92
26 98
26 99
26 101
26 105
26 110
26 119
26 134
26 140
26 144
26 150
26 153
26 154
26 167
26 169
26 172
27 34
27 48
27 53
27 57
27 68
27 70
27 73
27 97
27 127
27 130
27 135
27 142
27 159
27 172
27 177
27 190
27 193
28 30
28 31
28 33
28 35
28 36
28 43
28 49
28 51
28 63
28 70
28 72
28 75
28 89
28 95
28 98
28 100
28 104
28 105
28 108
28 109
28 112
28 120
28 122
28 131
28 146
28 150
28 151
28 152
28 160
28 186
28 194
29 32
29 41
29 42
29 46
29 47
29 53
29 54
29 58
29 61
29 68
29 69
29 72
29 80
29 83
29 84
29 88
29 104
29 115
29 132
29 139
29 145
29 184
29 197
30 37
30 41
30 55
30 57
30 64
30 65
30 72
30 76
30 95
30 99
30 106
30 113
30 116
30 132
30 136
30 145
30 165
30 171
30 183
30 190
30 193
30 197
31 37
31 44
31 49
31 51
31 52
31 54
31 65
31 70
31 93
31 96
31 99
31 100
31 110
31 116
31 118
31 123
31 131
31 133
31 144
31 149
31 152
31 165
31 168
31 173
31 181
31 195
32 34
32 37
32 40
32 42
32 43
32 65
32 91
32 118
32 133
32 145
32 147
32 175
32 190
32 195
33 59
33 71
33 124
33 132
33 155
33 159
33 164
33 166
33 171
34 38
34 45
34 55
34 58
34 62
34 63
34 66
34 74
34 88
34 95
34 97
34 107
34 109
34 112
34 115
34 118
34 148
34 158
34 166
34 169
34 179
34 182
34 186
34 187
34 193
35 36
35 38
35 41
35 46
35 49
35 56
35 60
35 73
35 74
35 77
35 78
35 92
35 102
35 106
35 109
35 110
35 116
35 165
35 167
35 168
35 184
35 190
35 197
36 50
36 73
36 75
36 77
36 79
36 108
36 163
36 166
36 193
37 51
37 54
37 57
37 59
37 73
37 87
37 96
37 102
37 119
37 127
37 134
37 153
37 180
37 189
37 194
38 46
38 47
38 48
38 49
38 53
38 55
38 56
38 63
38 67
38 70
38 74
38 80
38 88
38 89
38 97
38 105
38 111
38 112
38 115
38 121
38 155
38 156
38 170
39 44
39 45
39 52
39 54
39 60
39 65
39 66
39 67
39 69
39 73
39 75
39 82
39 87
39 92
39 94
39 98
39 108
39 111
39 114
39 135
39 144
39 146
39 152
39 162
39 166
39 175
39 187
39 189
39 191
40 48
40 61
40 62
40 66
40 89
40 99
40 102
40 117
40 125
40 145
40 158
40 190
41 43
41 44
41 47
41 54
41 56
41 61
41 74
41 85
41 90
41 101
41 104
41 106
41 147
41 154
41 167
41 176
41 190
41 199
42 45
42 47
42 53
42 69
42 71
42 82
42 91
42 112
42 121
42 122
42 127
42 135
42 156
43 53
43 59
43 66
43 77
43 78
43 79
43 92
43 101
43 104
43 124
43 141
43 145
43 180
43 181
43 191
44 50
44 59
44 68
44 77
44 86
44 89
44 92
44 114
44 140
44 147
44 162
44 191
45 64
45 75
45 78
45 80
45 99
45 106
45 129
45 131
45 135
45 165
45 178
45 187
45 192
46 47
46 56
46 78
46 89
46 111
46 116
46 117
46 126
46 129
46 132
46 134
46 136
46 153
46 197
47 48
47 52
47 54
47 56
47 59
47 64
47 72
47 87
47 92
47 110
47 116
47 130
47 159
47 168
47 176
47 189
47 195
48 50
48 55
48 77
48 137
48 161
48 165
48 166
48 177
48 178
48 183
49 57
49 62
49 64
49 94
49 97
49 103
49 109
49 143
49 162
49 164
49 183
49 193
49 194
50 51
50 70
50 88
50 95
50 106
50 119
50 123
50 126
50 139
50 144
50 145
50 148
50 152
50 163
50 177
50 192
51 55
51 81
51 84
51 85
51 89
51 90
51 95
51 100
51 118
51 124
51 130
51 137
51 142
51 145
51 170
51 177
52 54
52 98
52 108
52 114
52 157
52 161
52 180
52 188
53 65
53 76
53 84
53 88
53 98
53 124
53 126
53 132
53 160
53 166
53 185
53 188
54 63
54 67
54 68
54 69
54 107
54 135
54 150
54 174
54 194
55 56
55 59
55 68
55 80
55 83
55 84
55 123
55 131
55 140
55 141
55 144
55 151
55 160
55 172
55 185
55 195
56 61
56 66
56 80
56 82
56 99
56 101
56 102
56 120
56 123
56 140
56 141
56 163
56 188
56 192
56 196
57 75
57 76
57 81
57 84
57 119
57 132
57 144
57 147
57 180
57 181
58 61
58 71
58 81
58 85
58 98
58 100
58 105
58 113
58 126
58 149
58 157
58 161
58 163
59 61
59 78
59 95
59 96
59 100
59 114
59 127
59 136
59 142
59 152
60 61
60 62
60 67
60 69
60 73
60 76
60 79
60 84
60 93
60 119
60 123
60 127
60 128
60 129
60 130
60 131
60 150
60 174
60 194
61 65
61 75
61 79
61 81
61 90
61 127
61 134
61 168
61 174
61 183
61 191
61 196
62 90
62 103
62 120
62 122
62 138
62 153
62 166
62 172
62 185
63 66
63 92
63 118
63 125
63 133
63 178
64 83
64 86
64 97
64 114
64 136
64 143
64 148
64 150
64 168
64 183
64 199
65 70
65 110
65 133
65 138
65 141
65 158
65 177
65 187
66 76
66 83
66 98
66 116
66 125
66 128
66 134
66 153
66 156
66 193
67 74
67 87
67 124
67 128
67 167
67 173
67 179
68 72
68 85
68 102
68 112
68 113
68 175
68 176
68 184
68 186
69 86
69 115
69 121
69 140
69 152
69 195
70 101
71 74
71 79
71 87
71 94
71 160
71 163
72 77
72 79
72 160
72 179
73 75
73 85
73 93
73 96
73 109
73 113
73 116
73 123
73 142
73 169
74 75
74 83
74 144
74 151
74 159
74 160
74 167
74 178
74 184
74 190
74 198
75 80
75 82
75 83
75 86
75 89
75 93
75 99
75 101
75 117
75 120
75 168
75 192
76 82
76 88
76 94
76 108
76 111
76 121
76 128
76 130
76 148
76 155
76 182
76 195
77 198
78 114
79 91
79 131
79 147
79 152
80 82
80 100
80 101
80 106
80 110
80 113
80 138
80 146
80 149
80 154
80 158
81 120
81 141
81 180
81 186
82 93
82 97
82 104
82 112
82 115
82 149
82 182
82 198
83 155
84 111
84 123
84 151
85 112
85 120
85 128
85 176
86 111
86 115
86 121
86 124
86 126
86 155
86 160
86 164
86 178
86 196
86 199
87 90
87 103
87 125
87 130
87 140
87 170
87 185
88 93
88 113
88 143
88 157
88 180
88 191
89 97
89 111
89 148
90 119
90 122
90 169
90 177
91 120
91 131
91 142
91 169
91 189
92 105
92 110
92 113
92 118
92 142
92 154
92 155
93 98
93 125
93 150
94 137
94 146
95 107
95 115
95 126
95 179
95 180
95 182
95 193
96 99
96 125
96 135
96 161
96 170
97 98
97 101
97 166
97 182
98 105
98 143
98 165
98 175
99 103
99 104
99 112
99 118
99 136
99 143
99 148
100 102
100 129
100 147
100 153
100 158
101 138
101 168
102 119
102 125
102 169
102 173
103 121
103 130
104 114
104 157
104 172
105 116
105 127
105 143
105 171
105 179
105 188
106 109
106 153
106 193
107 110
107 117
107 125
107 128
107 131
107 138
107 164
107 175
108 142
109 115
109 153
109 176
109 184
110 129
110 130
110 137
110 138
110 139
110 146
110 156
110 176
110 198
111 122
111 141
111 154
111 156
111 163
111 166
111 167
111 173
111 177
111 178
111 189
112 142
112 165
113 171
113 185
114 117
114 123
114 126
114 133
114 184
114 197
117 131
117 140
119 135
119 137
119 158
119 196
120 124
120 160
120 192
121 144
121 146
121 149
121 157
121 188
123 133
123 146
123 149
123 160
123 185
123 195
125 136
125 146
125 152
125 157
125 164
125 169
125 194
126 140
126 160
126 161
126 171
126 172
126 187
127 129
127 150
127 165
127 188
128 156
128 167
128 171
128 175
128 184
128 185
128 191
129 158
129 161
129 199
130 156
131 135
131 136
131 164
131 168
131 174
131 194
132 196
133 139
134 159
135 136
135 137
135 143
135 163
136 155
136 199
137 138
137 174
138 154
138 159
139 187
140 193
142 145
142 181
143 158
143 167
143 186
144 154
144 157
144 162
144 188
144 192
145 170
147 151
148 179
148 195
149 173
150 171
150 173
151 161
151 165
151 196
152 185
153 178
153 197
155 174
155 186
157 163
157 173
159 178
159 179
159 181
160 191
161 176
161 189
162 178
163 170
163 177
163 191
166 171
168 176
169 192
177 198
179 192
183 184
