0 1
0 2
0 3
0 4
0 5
0 6
0 7
0 8
0 9
0 10
0 11
0 12
0 13
0 14
0 15
0 16
0 17
0 18
0 19
0 21
0 24
0 28
0 29
0 32
0 35
0 37
0 39
0 45
0 53
0 56
0 58
0 59
0 62
0 64
0 69
0 71
0 78
0 82
0 86
0 90
0 92
0 104
0 105
0 107
0 109
0 115
0 119
0 121
0 123
0 128
0 145
0 147
0 159
0 182
1 11
1 13
1 14
1 15
1 16
1 18
1 19
1 21
1 26
1 33
1 34
1 36
1 45
1 46
1 54
1 55
1 58
1 63
1 73
1 76
1 92
1 96
1 122
1 135
1 139
1 164
1 168
1 181
2 11
2 12
2 13
2 14
2 15
2 16
2 17
2 18
2 19
2 20
2 22
2 24
2 26
2 27
2 29
2 32
2 33
2 38
2 44
2 46
2 47
2 60
2 65
2 68
2 72
2 73
2 74
2 75
2 76
2 79
2 80
2 81
2 92
2 98
2 100
2 101
2 102
2 103
2 104
2 106
2 107
2 111
2 113
2 118
2 129
2 133
2 136
2 142
2 145
2 153
2 154
2 158
2 161
2 167
2 171
2 179
2 186
2 192
2 199
3 11
3 12
3 13
3 14
3 16
3 17
3 18
3 21
3 23
3 25
3 26
3 46
3 47
3 49
3 50
3 59
3 68
3 70
3 72
3 73
3 81
3 90
3 93
3 117
3 119
3 132
3 140
3 155
3 156
3 158
3 172
3 184
3 197
4 11
4 12
4 13
4 14
4 15
4 16
4 18
4 23
4 26
4 28
4 30
4 32
4 46
4 47
4 48
4 49
4 62
4 71
4 72
4 83
4 84
4 99
4 103
4 113
4 114
4 130
4 134
4 138
4 139
4 142
4 147
4 148
4 151
4 188
4 194
4 197
5 11
5 12
5 13
5 14
5 15
5 17
5 22
5 23
5 32
5 38
5 39
5 42
5 46
5 60
5 63
5 65
5 75
5 77
5 87
5 95
5 120
5 136
5 147
5 163
5 174
6 11
6 12
6 13
6 17
6 27
6 35
6 42
6 44
6 55
6 68
6 69
6 76
6 87
6 101
6 104
6 105
6 110
6 111
6 136
6 140
6 141
6 158
6 161
6 175
6 178
6 190
7 11
7 12
7 13
7 14
7 15
7 17
7 22
7 24
7 26
7 27
7 35
7 43
7 45
7 48
7 55
7 58
7 59
7 61
7 67
7 69
7 70
7 81
7 92
7 93
7 120
7 129
7 139
7 149
7 154
7 155
7 161
7 169
7 179
8 20
8 22
8 24
8 26
8 27
8 32
8 33
8 49
8 53
8 57
8 59
8 64
8 105
8 129
8 164
8 192
9 11
9 12
9 13
9 16
9 18
9 19
9 20
9 32
9 35
9 40
9 77
9 82
9 88
9 109
9 150
9 155
9 156
9 163
9 184
9 192
10 11
10 12
10 19
10 24
10 26
10 36
10 38
10 42
10 85
10 107
10 111
10 161
10 164
11 12
11 13
11 14
11 15
11 16
11 18
11 19
11 20
11 21
11 22
11 23
11 25
11 29
11 30
11 31
11 34
11 35
11 38
11 40
11 42
11 43
11 45
11 46
11 47
11 49
11 51
11 52
11 53
11 55
11 58
11 62
11 63
11 66
11 69
11 70
11 78
11 79
11 80
11 85
11 88
11 103
11 117
11 121
11 122
11 124
11 126
11 128
11 132
11 133
11 136
11 146
11 161
11 162
11 173
11 176
11 180
11 184
11 185
11 189
11 198
11 199
12 14
12 15
12 16
12 17
12 18
12 19
12 21
12 23
12 24
12 25
12 28
12 29
12 30
12 31
12 33
12 34
12 36
12 37
12 38
12 40
12 41
12 42
12 44
12 47
12 48
12 50
12 52
12 56
12 57
12 70
12 71
12 74
12 75
12 80
12 83
12 86
12 89
12 97
12 101
12 106
12 108
12 114
12 117
12 120
12 124
12 126
12 127
12 138
12 152
12 154
12 156
12 157
12 159
12 167
12 173
12 174
12 177
12 181
12 188
12 190
12 191
12 193
12 195
12 196
13 14
13 15
13 16
13 17
13 18
13 19
13 20
13 21
13 22
13 23
13 24
13 25
13 27
13 29
13 30
13 32
13 35
13 36
13 38
13 39
13 40
13 45
13 54
13 55
13 58
13 59
13 61
13 66
13 68
13 70
13 71
13 80
13 82
13 84
13 86
13 91
13 101
13 102
13 105
13 112
13 113
13 116
13 118
13 125
13 128
13 130
13 141
13 148
13 169
13 170
13 178
13 196
13 198
13 199
14 15
14 17
14 20
14 21
14 27
14 33
14 35
14 36
14 37
14 40
14 42
14 43
14 44
14 49
14 53
14 67
14 68
14 69
14 72
14 78
14 83
14 86
14 89
14 92
14 96
14 99
14 101
14 102
14 107
14 118
14 128
14 133
14 134
14 135
14 140
14 149
14 150
14 151
14 159
14 162
14 174
14 176
14 177
14 191
15 16
15 18
15 19
15 20
15 26
15 27
15 31
15 37
15 39
15 41
15 47
15 50
15 53
15 54
15 64
15 67
15 72
15 85
15 87
15 107
15 110
15 115
15 132
15 137
15 143
15 145
15 147
15 151
15 158
15 189
16 17
16 19
16 20
16 21
16 23
16 24
16 26
16 27
16 31
16 32
16 34
16 38
16 40
16 41
16 47
16 48
16 49
16 50
16 51
16 52
16 54
16 57
16 64
16 69
16 76
16 77
16 78
16 81
16 82
16 89
16 95
16 99
16 108
16 111
16 120
16 124
16 132
16 153
16 156
16 163
16 168
16 173
16 174
16 176
16 177
16 181
16 183
16 189
17 20
17 22
17 24
17 25
17 27
17 28
17 29
17 30
17 33
17 34
17 35
17 37
17 42
17 43
17 44
17 46
17 48
17 50
17 51
17 52
17 72
17 76
17 77
17 78
17 90
17 94
17 98
17 102
17 106
17 115
17 123
17 130
17 134
17 138
17 139
17 141
17 149
17 150
17 165
17 168
17 173
17 181
17 186
17 189
17 194
17 195
18 22
18 23
18 24
18 25
18 26
18 28
18 30
18 31
18 36
18 37
18 38
18 42
18 47
18 51
18 54
18 57
18 62
18 75
18 83
18 86
18 98
18 105
18 106
18 114
18 119
18 122
18 157
18 165
18 181
18 182
18 189
18 193
19 20
19 21
19 22
19 25
19 28
19 29
19 31
19 34
19 39
19 41
19 43
19 44
19 45
19 50
19 51
19 54
19 58
19 61
19 64
19 66
19 71
19 74
19 76
19 79
19 82
19 90
19 97
19 100
19 102
19 103
19 105
19 108
19 109
19 115
19 116
19 132
19 134
19 138
19 145
19 153
19 154
19 164
19 171
19 179
19 181
19 185
19 187
20 21
20 22
20 23
20 28
20 30
20 36
20 37
20 39
20 40
20 43
20 44
20 51
20 53
20 54
20 58
20 59
20 63
20 65
20 76
20 82
20 84
20 86
20 87
20 88
20 90
20 91
20 94
20 95
20 99
20 103
20 106
20 113
20 134
20 135
20 146
20 150
20 151
20 152
20 156
20 178
20 196
20 199
21 23
21 25
21 33
21 41
21 48
21 53
21 56
21 74
21 100
21 106
21 123
21 126
21 164
22 31
22 48
22 53
22 60
22 66
22 69
22 75
22 91
22 96
22 104
22 143
22 145
22 172
22 179
22 182
22 189
23 25
23 28
23 30
23 34
23 38
23 39
23 41
23 43
23 48
23 58
23 62
23 67
23 84
23 88
23 99
23 112
23 115
23 128
23 130
23 140
23 152
23 153
23 157
23 160
23 166
23 171
23 173
23 174
24 25
24 28
24 29
24 30
24 31
24 32
24 33
24 34
24 35
24 42
24 43
24 44
24 56
24 57
24 59
24 64
24 72
24 79
24 91
24 92
24 93
24 94
24 96
24 97
24 98
24 102
24 110
24 115
24 116
24 118
24 121
24 126
24 127
24 130
24 142
24 171
24 173
24 183
24 196
25 27
25 29
25 31
25 33
25 34
25 40
25 41
25 44
25 52
25 56
25 57
25 60
25 61
25 66
25 78
25 85
25 89
25 100
25 102
25 108
25 123
25 129
25 145
25 178
25 188
26 29
26 44
26 47
26 63
26 65
26 73
26 76
26 80
26 81
26 83
26 87
26 88
26 93
26 101
26 104
26 123
26 127
26 143
26 160
26 172
26 175
26 176
26 187
27 28
27 36
27 49
27 50
27 56
27 70
27 71
27 78
27 85
27 97
27 106
27 118
27 120
27 126
27 129
27 143
27 167
27 191
27 197
27 199
28 30
28 37
28 39
28 65
28 69
28 71
28 73
28 81
28 85
28 107
28 122
28 123
28 131
28 147
28 166
28 178
29 31
29 32
29 50
29 52
29 53
29 54
29 56
29 57
29 58
29 62
29 63
29 64
29 71
29 74
29 91
29 93
29 95
29 115
29 119
29 121
29 125
29 127
29 144
29 152
29 158
29 194
30 33
30 36
30 39
30 45
30 68
30 103
30 109
30 115
30 127
30 140
30 196
31 37
31 47
31 51
31 57
31 61
31 64
31 67
31 70
31 75
31 83
31 92
31 95
31 108
31 114
31 121
31 122
31 133
31 156
31 159
31 162
31 163
31 169
31 171
31 177
31 186
32 34
32 35
32 43
32 48
32 49
32 50
32 51
32 54
32 57
32 66
32 69
32 77
32 79
32 81
32 92
32 102
32 119
32 127
32 159
32 160
32 163
32 178
32 179
33 38
33 60
33 62
33 66
33 68
33 72
33 80
33 146
33 168
33 170
33 175
34 36
34 40
34 49
34 51
34 65
34 66
34 85
34 96
34 106
34 120
34 124
34 137
34 143
34 147
34 149
34 150
34 151
34 152
34 179
34 183
34 186
34 189
34 192
34 195
35 37
35 45
35 55
35 67
35 101
35 103
35 121
35 125
35 175
35 181
36 45
36 53
36 59
36 60
36 61
36 63
36 76
36 91
36 93
36 110
36 139
36 144
36 145
36 149
36 152
36 158
36 164
36 175
36 181
36 182
37 39
37 41
37 45
37 52
37 56
37 61
37 84
37 88
37 94
37 97
37 109
37 121
37 170
37 183
37 188
38 50
38 60
38 61
38 63
38 68
38 71
38 73
38 77
38 82
38 95
38 110
38 111
38 118
38 133
38 154
38 156
38 167
38 171
39 40
39 41
39 66
39 132
39 149
39 178
39 182
40 41
40 42
40 48
40 55
40 56
40 59
40 62
40 75
40 76
40 78
40 79
40 82
40 84
40 89
40 93
40 98
40 104
40 107
40 109
40 112
40 113
40 118
40 123
40 129
40 130
40 136
40 144
40 152
40 155
40 159
40 168
40 193
40 194
41 43
41 46
41 67
41 72
41 75
41 80
41 85
41 97
41 98
41 134
41 137
41 169
41 196
42 52
42 70
42 75
42 85
42 94
42 96
42 103
42 104
42 113
42 142
42 147
42 151
42 193
42 196
43 46
43 52
43 56
43 62
43 65
43 66
43 72
43 73
43 78
43 83
43 89
43 93
43 95
43 97
43 99
43 104
43 108
43 111
43 113
43 117
43 138
43 145
43 146
43 191
43 199
44 51
44 77
44 113
44 129
44 137
44 140
45 46
45 49
45 59
45 60
45 90
45 117
45 133
45 144
45 153
45 162
46 55
46 63
46 65
46 82
46 84
46 133
46 137
46 141
46 143
46 144
46 154
46 165
46 175
46 195
47 74
47 118
47 125
48 61
48 68
48 79
48 87
48 95
48 100
48 110
48 111
48 128
48 135
48 138
49 63
49 84
49 194
50 52
50 57
50 104
50 124
50 138
50 149
50 180
51 55
51 60
51 65
51 69
51 77
51 87
51 91
51 95
51 99
51 105
51 116
51 121
51 139
51 140
51 142
51 162
51 166
51 167
51 173
51 194
51 198
52 54
52 64
52 79
52 81
52 88
52 110
52 113
52 123
52 126
52 139
52 141
52 198
53 55
53 62
53 71
53 83
53 94
53 113
53 119
53 131
53 165
53 166
54 64
54 67
54 73
54 84
54 89
54 98
54 101
54 122
54 137
54 140
54 142
54 151
54 153
54 154
54 162
54 163
54 195
55 74
55 110
55 118
55 120
55 124
55 131
55 141
55 162
55 185
56 58
56 111
56 116
56 139
56 158
57 65
57 74
57 81
57 82
57 90
57 92
57 119
57 127
57 153
57 156
57 162
57 170
57 171
57 172
57 180
58 60
58 73
58 96
58 102
58 108
58 118
58 131
58 155
58 177
58 190
59 61
59 80
59 147
59 177
59 192
60 67
60 70
60 74
60 79
60 97
60 99
60 106
60 123
60 137
60 168
60 185
60 190
60 196
61 67
61 70
61 73
61 89
61 92
61 119
61 144
61 180
61 185
61 186
62 75
62 87
62 88
62 96
62 103
62 109
62 110
62 117
62 183
63 96
63 98
63 115
63 125
63 199
64 68
64 90
64 94
64 114
64 122
64 126
64 139
64 168
64 172
64 198
65 187
66 83
66 86
66 100
66 104
66 115
66 131
66 137
66 142
66 150
66 172
66 180
66 191
66 195
66 198
67 91
67 107
67 112
67 142
67 157
67 182
67 183
68 80
68 94
68 135
68 158
68 172
68 198
69 74
69 77
69 89
69 100
69 128
69 164
69 167
69 188
70 78
70 87
70 90
70 93
70 98
70 100
70 114
70 124
70 148
70 158
70 160
70 178
71 87
71 125
71 131
71 145
71 183
71 185
72 77
72 86
72 109
72 112
72 130
72 154
72 159
72 161
72 180
72 190
72 193
72 194
72 195
73 88
73 96
73 105
73 112
73 120
73 152
73 154
73 166
73 178
73 199
74 86
74 97
75 91
75 124
76 80
76 110
76 120
76 124
76 125
76 131
76 148
76 182
76 185
77 81
77 84
77 105
77 184
78 79
78 85
78 86
78 108
78 132
78 152
78 156
78 159
79 91
79 95
79 144
79 169
79 186
80 83
80 136
80 141
80 169
80 172
80 186
80 187
80 193
81 116
81 129
81 131
81 147
81 155
81 160
81 166
81 185
81 187
81 189
82 99
82 130
82 135
82 139
82 146
82 147
82 163
82 180
82 185
82 192
83 107
83 108
83 132
83 140
83 144
83 165
83 176
83 192
83 193
84 90
84 97
84 100
84 122
84 133
84 149
84 157
84 176
85 99
86 88
86 89
86 100
86 111
86 121
86 134
86 160
86 198
87 93
87 106
87 114
87 116
87 117
87 129
87 142
87 148
87 159
87 180
87 188
88 105
88 151
88 170
89 131
89 166
90 98
90 123
90 130
90 152
90 180
90 192
91 94
91 101
91 102
91 149
91 155
91 160
91 178
91 179
91 192
91 196
91 197
92 94
92 125
92 133
92 145
92 148
92 184
92 194
93 109
93 148
93 151
93 165
93 191
94 109
94 135
94 164
94 171
95 120
95 134
95 141
95 153
95 157
95 159
96 119
96 135
96 165
97 114
97 116
97 148
97 155
97 173
97 187
98 101
98 103
98 114
98 171
99 111
99 112
99 119
99 146
99 154
99 170
99 171
100 121
100 134
100 156
100 165
100 194
101 127
101 138
101 143
102 108
102 117
102 124
102 128
102 134
102 167
102 188
103 112
103 126
103 161
103 172
103 190
104 107
104 112
104 114
104 126
104 127
104 150
104 191
105 116
105 148
105 160
105 167
105 184
106 112
106 122
106 137
106 162
106 169
106 179
107 149
107 186
107 193
108 131
108 136
108 157
108 164
109 117
109 132
109 169
109 170
110 133
110 150
110 166
110 176
110 197
111 125
111 138
111 181
111 191
112 116
112 117
112 162
112 177
112 197
113 126
113 127
113 129
113 132
113 142
113 150
113 151
113 158
113 169
114 143
114 164
114 166
115 128
115 135
116 146
116 157
116 185
116 199
117 135
117 143
117 174
117 191
117 197
118 146
119 122
119 125
119 128
119 136
119 141
119 182
119 197
120 194
121 136
121 146
121 184
122 187
122 189
123 160
123 169
123 170
123 190
124 136
124 163
124 174
125 157
125 170
126 130
126 160
127 188
127 190
128 146
129 174
129 186
129 187
130 141
130 144
130 177
130 195
131 138
131 165
131 176
131 197
132 143
132 161
132 168
134 140
134 155
135 137
135 148
136 175
136 179
136 191
137 144
137 157
137 161
140 176
141 150
141 167
141 172
141 173
141 180
142 163
142 179
142 182
143 186
143 190
143 199
144 153
144 166
144 174
144 184
144 187
144 192
144 195
145 183
145 198
146 155
146 163
146 175
147 153
147 170
148 161
148 176
149 173
149 175
149 177
149 198
150 188
152 168
153 196
154 174
155 177
155 197
157 165
159 187
160 168
160 175
160 190
161 183
161 193
163 193
164 182
164 188
165 167
170 184
173 183
174 181
177 184
186 189
194 195
