0 1
0 2
0 3
0 4
0 5
0 6
0 7
0 8
0 9
0 10
0 11
0 12
0 13
0 14
0 15
0 16
0 18
0 19
0 20
0 21
0 22
0 23
0 24
0 26
0 27
0 31
0 32
0 33
0 34
0 35
0 36
0 40
0 43
0 47
0 48
0 49
0 51
0 52
0 53
0 55
0 58
0 61
0 62
0 66
0 68
0 72
0 76
0 78
0 80
0 82
0 93
0 94
0 95
0 96
0 98
0 100
0 102
0 103
0 105
0 106
0 109
0 110
0 114
0 120
0 124
0 125
0 126
0 129
0 132
0 136
0 138
0 144
0 149
0 150
0 162
0 176
0 177
0 178
0 186
0 190
0 197
1 11
1 12
1 13
1 14
1 15
1 16
1 17
1 22
1 25
1 26
1 31
1 33
1 43
1 50
1 55
1 57
1 82
1 83
1 85
1 90
1 92
1 96
1 119
1 139
2 11
2 12
2 13
2 14
2 16
2 18
2 19
2 22
2 23
2 26
2 29
2 32
2 35
2 44
2 47
2 49
2 53
2 58
2 71
2 74
2 75
2 76
2 81
2 84
2 85
2 86
2 101
2 103
2 111
2 121
2 124
2 127
2 133
2 134
2 142
2 146
2 156
2 162
2 165
2 181
2 184
2 191
3 12
3 14
3 19
3 26
3 41
3 48
3 81
3 99
3 134
3 142
3 182
4 11
4 13
4 14
4 15
4 17
4 18
4 19
4 20
4 21
4 22
4 23
4 24
4 25
4 31
4 33
4 37
4 41
4 42
4 47
4 50
4 52
4 54
4 56
4 60
4 63
4 89
4 92
4 98
4 104
4 105
4 117
4 126
4 129
4 133
4 140
4 153
4 156
4 160
4 161
4 178
4 181
5 11
5 12
5 13
5 16
5 17
5 29
5 76
5 82
5 84
5 96
5 113
5 129
5 145
5 147
6 11
6 18
6 20
6 29
6 31
6 33
6 34
6 44
6 74
6 80
6 83
6 84
6 111
6 115
6 154
6 156
6 158
6 166
6 192
7 11
7 12
7 13
7 14
7 15
7 16
7 17
7 18
7 20
7 23
7 24
7 27
7 28
7 33
7 38
7 46
7 59
7 62
7 66
7 75
7 76
7 89
7 93
7 95
7 100
7 104
7 107
7 112
7 130
7 148
7 149
7 161
8 11
8 12
8 13
8 14
8 17
8 18
8 22
8 24
8 27
8 28
8 33
8 34
8 39
8 45
8 57
8 69
8 84
8 93
8 97
8 99
8 104
8 105
8 106
8 107
8 126
8 128
8 156
8 163
8 199
9 11
9 12
9 13
9 15
9 20
9 23
9 25
9 32
9 41
9 54
9 72
9 83
9 97
9 102
9 104
9 123
9 131
9 132
9 146
9 153
9 175
9 176
9 199
10 11
10 12
10 15
10 16
10 17
10 18
10 24
10 29
10 30
10 36
10 38
10 42
10 43
10 44
10 55
10 74
10 81
10 90
10 91
10 96
10 98
10 115
10 116
10 120
10 123
10 132
10 141
10 149
10 155
10 159
10 170
10 171
10 184
10 195
11 12
11 13
11 14
11 15
11 16
11 17
11 18
11 19
11 20
11 23
11 25
11 28
11 29
11 30
11 31
11 32
11 34
11 35
11 38
11 39
11 41
11 43
11 44
11 45
11 47
11 48
11 49
11 50
11 51
11 55
11 57
11 62
11 63
11 67
11 70
11 78
11 79
11 81
11 86
11 87
11 88
11 92
11 102
11 103
11 105
11 109
11 116
11 130
11 133
11 134
11 136
11 141
11 151
11 157
11 158
11 165
11 176
11 179
11 180
11 189
11 192
11 195
11 197
12 13
12 14
12 15
12 16
12 17
12 18
12 19
12 20
12 21
12 22
12 24
12 27
12 29
12 30
12 36
12 37
12 40
12 41
12 42
12 49
12 50
12 54
12 56
12 57
12 59
12 65
12 67
12 69
12 75
12 89
12 109
12 118
12 140
12 143
12 146
12 154
12 155
12 162
12 169
12 170
12 176
12 180
12 190
12 194
12 196
12 198
13 14
13 15
13 16
13 17
13 21
13 22
13 23
13 27
13 31
13 33
13 34
13 35
13 39
13 41
13 46
13 48
13 53
13 54
13 56
13 58
13 59
13 62
13 64
13 68
13 69
13 92
13 94
13 100
13 106
13 107
13 115
13 122
13 146
13 147
13 152
13 155
13 157
13 168
13 169
13 175
13 182
13 183
13 195
13 197
13 199
14 15
14 22
14 23
14 27
14 34
14 36
14 45
14 50
14 54
14 58
14 60
14 72
14 74
14 83
14 90
14 95
14 101
14 105
14 106
14 108
14 110
14 115
14 117
14 125
14 127
14 132
14 133
14 135
14 139
14 142
14 145
14 151
14 154
14 169
14 185
14 198
15 16
15 17
15 18
15 19
15 21
15 23
15 24
15 28
15 32
15 35
15 37
15 38
15 40
15 42
15 49
15 53
15 59
15 63
15 66
15 78
15 79
15 85
15 86
15 87
15 99
15 103
15 113
15 119
15 121
15 126
15 137
15 142
15 146
15 148
15 150
15 160
15 161
15 173
15 176
15 179
15 183
15 186
15 197
16 19
16 20
16 21
16 24
16 26
16 27
16 28
16 29
16 34
16 35
16 37
16 42
16 43
16 44
16 48
16 51
16 52
16 58
16 59
16 68
16 74
16 75
16 88
16 90
16 96
16 104
16 105
16 109
16 111
16 112
16 117
16 119
16 128
16 135
16 137
16 143
16 145
16 146
16 150
16 152
16 155
16 157
16 159
16 171
16 183
16 190
16 195
16 197
17 19
17 20
17 21
17 26
17 31
17 33
17 49
17 50
17 53
17 64
17 80
17 88
17 89
17 90
17 99
17 100
17 113
17 123
17 130
17 136
17 137
17 148
17 176
17 183
17 193
18 19
18 21
18 23
18 26
18 29
18 30
18 32
18 35
18 37
18 40
18 42
18 49
18 51
18 57
18 58
18 70
18 75
18 88
18 90
18 106
18 112
18 113
18 114
18 120
18 133
18 134
18 141
18 144
18 163
18 167
19 20
19 21
19 22
19 25
19 28
19 31
19 33
19 36
19 38
19 46
19 51
19 55
19 56
19 57
19 61
19 65
19 71
19 75
19 85
19 92
19 95
19 99
19 124
19 133
19 136
19 148
19 152
19 161
19 162
19 164
19 187
20 21
20 22
20 25
20 26
20 27
20 28
20 32
20 34
20 37
20 39
20 40
20 44
20 48
20 52
20 55
20 56
20 61
20 70
20 73
20 75
20 77
20 83
20 95
20 99
20 105
20 110
20 111
20 122
20 124
20 127
20 134
20 135
20 164
20 174
20 181
20 191
20 198
21 25
21 30
21 35
21 37
21 38
21 39
21 43
21 45
21 48
21 49
21 50
21 51
21 52
21 54
21 62
21 64
21 65
21 80
21 81
21 83
21 95
21 117
21 145
21 146
21 168
21 175
21 183
21 187
21 193
22 24
22 25
22 26
22 28
22 29
22 30
22 31
22 34
22 36
22 42
22 43
22 46
22 52
22 65
22 68
22 77
22 80
22 82
22 83
22 84
22 85
22 87
22 101
22 106
22 107
22 110
22 111
22 115
22 134
22 144
22 157
22 168
22 173
23 24
23 25
23 28
23 30
23 32
23 41
23 48
23 54
23 56
23 69
23 70
23 72
23 73
23 76
23 80
23 82
23 83
23 86
23 93
23 98
23 104
23 108
23 117
23 122
23 126
23 129
23 133
23 140
23 146
23 167
23 171
23 172
23 185
23 187
24 25
24 27
24 29
24 36
24 40
24 44
24 61
24 77
24 86
24 96
24 98
24 106
24 111
24 117
24 124
24 125
24 139
24 149
24 158
24 169
24 177
24 179
24 190
24 196
25 26
25 27
25 30
25 31
25 34
25 37
25 38
25 39
25 44
25 47
25 51
25 53
25 54
25 56
25 66
25 68
25 75
25 77
25 78
25 79
25 82
25 83
25 84
25 85
25 87
25 101
25 104
25 107
25 108
25 120
25 125
25 130
25 135
25 156
25 179
25 181
25 193
25 198
25 199
26 28
26 30
26 33
26 38
26 43
26 45
26 49
26 69
26 75
26 78
26 80
26 85
26 96
26 107
26 109
26 116
26 131
26 159
26 169
26 177
26 180
26 190
27 30
27 32
27 36
27 37
27 40
27 45
27 47
27 52
27 56
27 61
27 63
27 65
27 69
27 70
27 79
27 137
27 143
27 145
27 153
27 160
27 162
27 164
27 168
27 171
27 183
28 41
28 43
28 58
28 62
28 85
28 104
28 111
28 119
28 128
28 157
28 166
28 167
28 174
28 186
28 189
28 193
28 194
29 32
29 35
29 36
29 39
29 40
29 46
29 48
29 64
29 67
29 68
29 70
29 71
29 74
29 76
29 77
29 81
29 82
29 89
29 97
29 104
29 105
29 109
29 112
29 113
29 114
29 130
29 134
29 147
29 156
29 158
29 161
29 163
29 165
29 190
30 36
30 40
30 41
30 58
30 61
30 66
30 71
30 72
30 87
30 88
30 94
30 95
30 98
30 106
30 130
30 143
30 149
30 157
30 159
30 165
30 181
30 191
30 196
31 37
31 38
31 42
31 45
31 46
31 47
31 60
31 72
31 73
31 77
31 85
31 91
31 92
31 111
31 124
31 125
31 127
31 129
31 151
31 153
31 156
31 157
31 180
32 42
32 46
32 51
32 66
32 72
32 90
32 94
32 98
32 108
32 110
32 120
32 132
32 144
32 152
32 154
32 160
32 162
32 164
32 191
33 35
33 45
33 50
33 55
33 56
33 59
33 62
33 92
33 107
33 135
33 141
34 45
34 47
34 48
34 53
34 55
34 77
34 84
34 86
34 107
34 137
34 141
34 170
34 172
34 187
34 189
35 38
35 39
35 40
35 51
35 57
35 64
35 69
35 71
35 80
35 96
35 116
35 120
35 125
36 39
36 107
36 116
36 128
36 157
36 192
37 41
37 42
37 45
37 50
37 53
37 58
37 61
37 66
37 71
37 73
37 80
37 92
37 97
37 120
37 131
37 148
37 157
37 190
38 39
38 44
38 58
38 62
38 64
38 67
38 74
38 78
38 99
38 101
38 119
38 129
38 131
38 155
38 161
38 184
38 189
39 46
39 47
39 49
39 51
39 52
39 70
39 91
39 96
39 105
39 117
39 132
39 169
39 170
39 180
39 197
40 43
40 47
40 74
40 79
40 97
40 121
40 141
41 46
41 67
41 71
41 84
41 90
41 91
41 97
41 108
41 125
41 130
41 142
41 148
41 153
41 156
41 167
41 168
41 174
41 179
41 182
41 198
42 44
42 46
42 52
42 60
42 62
42 63
42 66
42 67
42 78
42 87
42 88
42 89
42 94
42 101
42 103
42 106
42 118
42 119
42 121
42 123
42 125
42 136
42 141
42 160
42 183
43 65
43 68
43 69
43 81
43 101
43 140
43 144
43 152
43 153
43 184
43 197
44 53
44 63
44 64
44 76
44 91
44 100
44 110
44 112
44 115
44 126
44 127
44 142
44 175
44 189
44 197
45 54
45 56
45 59
45 60
45 63
45 71
45 79
45 119
45 151
45 172
45 187
45 196
46 52
46 57
46 61
46 86
46 92
46 94
46 108
46 130
46 136
46 147
47 57
47 59
47 60
47 72
47 76
47 78
47 81
47 88
47 93
47 122
47 124
47 151
47 185
47 196
48 50
48 61
48 63
48 64
48 81
48 87
48 88
48 93
48 97
48 152
48 158
48 161
48 170
48 191
49 53
49 70
49 111
49 118
49 121
49 127
49 128
49 132
49 139
49 142
49 192
50 55
50 63
50 74
50 90
50 95
50 101
50 118
50 128
50 137
50 143
50 159
50 182
50 195
51 54
51 60
51 66
51 67
51 72
51 76
51 77
51 87
51 89
51 97
51 100
51 102
51 122
51 163
51 195
52 55
52 59
52 64
52 65
52 93
52 99
52 105
52 140
52 145
52 155
52 194
53 57
53 59
53 61
53 65
53 79
53 125
53 134
53 143
53 147
53 150
53 162
53 165
53 166
53 168
53 179
53 183
54 77
54 114
54 147
54 195
55 60
55 62
55 65
55 92
55 100
55 102
55 110
55 130
55 136
55 198
56 60
56 67
56 108
56 138
57 60
57 63
57 73
57 82
57 103
57 127
57 142
57 198
58 88
58 91
58 137
58 159
58 161
58 173
59 64
59 68
59 69
59 73
59 79
59 129
59 132
59 138
59 143
59 151
59 174
59 186
59 188
59 192
60 67
60 68
60 69
60 73
60 77
60 84
60 95
60 100
60 103
60 109
60 110
60 127
60 148
60 171
60 179
60 185
60 193
61 67
61 70
61 79
61 97
61 102
61 116
61 118
61 121
61 122
61 158
61 164
61 177
62 73
62 109
62 127
62 129
62 145
62 164
63 66
63 68
63 71
63 81
63 88
63 106
63 160
63 169
63 177
64 65
64 87
64 95
64 118
64 133
64 155
65 83
65 114
65 131
65 135
65 138
65 186
65 188
65 190
65 199
66 126
66 168
67 70
67 74
67 75
67 94
67 123
67 154
67 182
67 191
68 73
68 79
68 91
68 113
68 116
68 123
68 135
68 143
68 146
69 76
69 80
69 85
69 94
69 109
69 114
69 117
69 123
69 144
69 151
69 167
69 170
69 173
69 175
70 71
70 72
70 73
70 86
70 98
70 110
70 113
70 114
70 119
70 120
70 139
71 104
71 112
71 119
71 135
71 137
71 165
71 176
71 191
71 195
72 82
72 87
72 128
72 138
72 182
73 78
73 91
73 96
73 121
73 139
73 158
73 172
74 89
74 93
74 98
74 121
74 136
74 159
74 166
74 175
74 178
74 194
75 111
75 112
75 113
75 148
75 161
75 168
75 177
75 188
75 194
76 78
76 86
76 100
76 125
76 136
76 137
76 161
76 163
76 175
76 189
76 191
77 82
77 91
77 94
77 124
77 131
77 143
77 163
77 167
78 114
78 129
78 136
78 152
78 170
78 171
78 191
78 194
79 144
79 173
80 143
80 174
81 110
81 112
81 122
81 193
82 103
82 115
82 128
82 158
82 160
82 174
83 84
83 89
83 97
83 130
83 163
83 173
83 175
83 181
84 86
84 90
84 99
84 108
84 127
84 128
84 188
85 108
85 131
85 149
85 154
85 170
85 182
86 102
86 117
86 149
86 150
86 177
87 94
87 180
87 198
88 89
88 102
88 113
88 120
88 152
89 91
89 93
89 124
89 129
89 139
89 150
89 153
89 154
89 164
89 168
89 172
89 178
89 180
89 186
89 192
90 98
90 103
90 115
90 117
90 126
90 140
90 144
90 145
90 154
90 162
90 163
90 190
91 107
91 122
91 141
91 169
91 182
91 183
92 93
92 100
92 112
92 116
92 118
92 119
92 158
92 171
92 176
92 186
92 199
93 101
93 103
93 112
93 151
93 158
93 170
93 178
93 187
94 134
94 166
94 171
94 181
94 187
95 138
95 173
95 184
95 193
96 121
96 138
97 99
97 122
97 140
98 121
98 145
98 193
98 199
99 101
99 108
99 115
99 126
99 133
99 175
99 188
100 102
100 116
100 137
100 144
101 102
101 122
101 140
101 177
102 118
102 172
102 188
103 109
103 144
103 149
103 154
104 120
104 128
104 131
104 132
104 141
104 149
104 150
104 151
104 155
104 167
104 177
104 184
104 189
104 199
105 146
105 165
106 113
107 114
107 118
107 126
107 134
107 138
107 139
107 148
107 160
107 162
107 165
107 169
107 178
107 185
107 199
108 135
108 153
108 164
108 181
109 123
109 140
109 153
109 167
109 181
109 188
109 189
109 193
110 114
110 115
110 135
111 116
111 118
111 124
112 182
112 188
114 147
114 148
114 172
115 154
115 157
115 173
116 183
118 131
118 133
118 165
118 171
119 152
119 171
119 190
120 123
120 150
120 163
120 176
121 123
121 149
121 194
121 196
122 156
122 176
122 178
122 193
123 151
123 184
124 131
124 196
125 138
125 139
125 142
125 174
126 138
126 147
126 180
127 142
127 147
127 174
127 186
127 194
128 167
128 172
128 179
129 139
129 164
129 185
129 197
130 159
130 185
131 132
131 147
131 170
131 173
131 191
132 153
132 167
132 187
132 195
133 155
133 166
133 174
133 179
133 181
134 141
134 166
134 184
134 192
135 150
136 145
136 162
139 140
139 156
139 160
139 166
139 175
139 184
139 187
141 169
142 150
142 192
143 155
144 152
144 178
145 168
146 159
146 185
147 174
149 160
149 166
149 172
149 196
149 197
149 199
150 196
151 166
151 182
152 164
152 165
153 159
153 178
155 163
155 179
155 189
156 194
157 173
157 184
159 187
163 172
163 192
164 185
164 186
165 177
167 180
168 188
174 178
174 180
174 198
176 186
176 194
178 198
180 188
183 185
185 192
188 189
189 195
194 196
