0 1
0 2
0 3
0 4
0 5
0 6
0 7
0 8
0 9
0 10
0 11
0 12
0 13
0 15
0 17
0 18
0 19
0 20
0 22
0 25
0 26
0 28
0 30
0 31
0 34
0 35
0 36
0 37
0 40
0 43
0 57
0 58
0 59
0 64
0 71
0 84
0 88
0 98
0 101
0 102
0 117
0 145
0 164
0 166
0 169
0 178
0 179
0 182
0 189
0 194
1 11
1 12
1 13
1 14
1 15
1 16
1 17
1 18
1 21
1 22
1 23
1 30
1 32
1 34
1 37
1 39
1 41
1 44
1 50
1 52
1 53
1 56
1 57
1 62
1 65
1 70
1 74
1 76
1 78
1 81
1 96
1 101
1 104
1 107
1 110
1 111
1 122
1 127
1 134
1 135
1 139
1 149
1 150
1 163
1 164
1 169
1 175
1 176
1 186
1 188
2 11
2 12
2 13
2 16
2 18
2 19
2 20
2 21
2 23
2 25
2 26
2 33
2 38
2 39
2 41
2 44
2 46
2 47
2 51
2 61
2 66
2 69
2 70
2 75
2 82
2 87
2 89
2 92
2 102
2 109
2 114
2 121
2 128
2 129
2 135
2 143
2 146
2 159
2 169
2 185
2 194
2 196
3 11
3 12
3 14
3 15
3 17
3 21
3 25
3 30
3 33
3 35
3 36
3 42
3 43
3 49
3 66
3 67
3 91
3 92
3 95
3 104
3 116
3 125
3 126
3 136
3 139
3 163
3 168
3 193
4 11
4 12
4 13
4 14
4 15
4 16
4 17
4 20
4 23
4 24
4 26
4 27
4 38
4 45
4 48
4 49
4 50
4 58
4 63
4 78
4 91
4 106
4 107
4 112
4 134
4 137
4 151
4 155
4 159
4 168
4 170
5 11
5 12
5 13
5 14
5 21
5 29
5 34
5 40
5 67
5 78
5 88
5 99
5 119
5 130
5 143
5 144
5 147
5 158
5 177
5 185
6 11
6 12
6 13
6 14
6 17
6 18
6 19
6 21
6 22
6 24
6 31
6 34
6 47
6 48
6 53
6 56
6 59
6 63
6 66
6 75
6 94
6 99
6 120
6 143
6 160
6 178
7 11
7 12
7 13
7 15
7 16
7 17
7 20
7 24
7 50
7 54
7 61
7 82
7 99
7 124
7 127
7 150
7 160
7 187
7 193
8 11
8 12
8 13
8 14
8 15
8 16
8 18
8 19
8 21
8 25
8 26
8 27
8 35
8 39
8 41
8 42
8 44
8 46
8 48
8 49
8 55
8 62
8 64
8 67
8 74
8 78
8 83
8 84
8 87
8 90
8 95
8 101
8 118
8 127
8 130
8 133
8 134
8 146
8 152
8 154
8 159
8 166
8 171
8 172
8 174
9 11
10 14
10 18
10 19
10 20
10 24
10 28
10 42
10 54
10 58
10 93
10 95
10 97
10 138
10 145
10 150
11 12
11 13
11 14
11 15
11 16
11 17
11 18
11 19
11 21
11 22
11 23
11 24
11 27
11 28
11 29
11 30
11 31
11 32
11 33
11 36
11 37
11 38
11 40
11 43
11 45
11 46
11 48
11 54
11 55
11 57
11 59
11 64
11 66
11 68
11 70
11 71
11 72
11 74
11 79
11 85
11 88
11 91
11 92
11 93
11 96
11 103
11 105
11 109
11 114
11 120
11 121
11 125
11 127
11 128
11 134
11 136
11 141
11 142
11 143
11 145
11 147
11 149
11 150
11 152
11 153
11 162
11 165
11 169
11 171
11 174
11 185
11 189
11 192
11 195
11 197
12 13
12 14
12 15
12 16
12 17
12 19
12 20
12 22
12 24
12 26
12 27
12 30
12 34
12 37
12 40
12 43
12 44
12 45
12 48
12 51
12 59
12 60
12 61
12 64
12 68
12 70
12 71
12 75
12 83
12 90
12 91
12 100
12 104
12 107
12 108
12 111
12 112
12 113
12 115
12 118
12 124
12 133
12 134
12 142
12 144
12 146
12 154
12 158
12 160
12 165
12 167
12 171
12 173
12 183
12 185
12 191
12 194
12 198
12 199
13 14
13 15
13 16
13 18
13 24
13 25
13 29
13 31
13 35
13 40
13 41
13 43
13 45
13 46
13 52
13 55
13 56
13 57
13 60
13 63
13 71
13 75
13 88
13 94
13 99
13 108
13 112
13 115
13 118
13 119
13 120
13 132
13 133
13 144
13 152
13 154
13 169
13 184
13 188
14 15
14 16
14 17
14 18
14 19
14 20
14 23
14 24
14 25
14 26
14 27
14 29
14 30
14 31
14 32
14 34
14 36
14 37
14 38
14 39
14 40
14 51
14 60
14 67
14 68
14 73
14 86
14 97
14 98
14 99
14 100
14 104
14 110
14 113
14 117
14 119
14 125
14 129
14 131
14 135
14 139
14 141
14 145
14 146
14 147
14 151
14 159
14 169
14 170
14 173
14 177
14 193
14 194
14 197
15 16
15 17
15 18
15 19
15 21
15 22
15 23
15 25
15 28
15 31
15 33
15 35
15 36
15 52
15 55
15 57
15 58
15 63
15 80
15 83
15 84
15 86
15 87
15 90
15 95
15 98
15 110
15 116
15 117
15 123
15 140
15 141
15 142
15 143
15 145
15 159
15 161
15 183
15 192
15 197
16 20
16 21
16 22
16 23
16 24
16 25
16 26
16 30
16 32
16 34
16 37
16 41
16 45
16 47
16 49
16 50
16 52
16 55
16 58
16 61
16 64
16 67
16 74
16 77
16 78
16 92
16 94
16 110
16 121
16 122
16 123
16 128
16 130
16 140
16 144
16 154
16 170
16 174
16 179
17 20
17 21
17 23
17 28
17 32
17 33
17 39
17 40
17 49
17 54
17 62
17 66
17 77
17 82
17 89
17 91
17 93
17 120
17 123
17 128
17 148
17 183
18 19
18 22
18 27
18 28
18 29
18 32
18 34
18 35
18 39
18 41
18 42
18 45
18 47
18 55
18 57
18 74
18 80
18 83
18 86
18 89
18 90
18 96
18 98
18 100
18 102
18 105
18 106
18 108
18 114
18 122
18 130
18 136
18 148
18 154
18 157
18 159
18 167
18 178
18 185
18 189
18 191
18 194
18 197
19 20
19 22
19 23
19 25
19 27
19 28
19 30
19 32
19 33
19 35
19 39
19 40
19 42
19 46
19 48
19 54
19 55
19 71
19 72
19 74
19 84
19 86
19 92
19 98
19 109
19 112
19 117
19 119
19 124
19 136
19 137
19 140
19 141
19 144
19 145
19 156
19 162
19 164
19 168
19 173
19 174
19 190
19 191
20 22
20 29
20 33
20 36
20 40
20 44
20 51
20 56
20 60
20 63
20 67
20 69
20 76
20 79
20 90
20 95
20 99
20 100
20 104
20 128
20 138
20 140
20 153
20 155
20 157
20 163
20 164
20 180
21 26
21 29
21 31
21 43
21 49
21 51
21 62
21 65
21 80
21 89
21 100
21 103
21 111
21 115
21 120
21 147
21 148
21 164
21 166
21 167
21 184
21 195
22 23
22 24
22 28
22 30
22 35
22 36
22 43
22 45
22 47
22 48
22 49
22 50
22 52
22 60
22 64
22 66
22 68
22 69
22 70
22 71
22 73
22 74
22 82
22 83
22 85
22 87
22 90
22 97
22 102
22 104
22 105
22 115
22 122
22 134
22 143
22 173
22 179
22 188
22 196
23 26
23 32
23 33
23 37
23 45
23 54
23 56
23 58
23 67
23 73
23 91
23 112
23 115
23 124
23 162
23 168
23 172
23 176
23 190
24 25
24 27
24 28
24 29
24 37
24 68
24 77
24 79
24 103
24 109
24 118
24 119
24 123
24 126
24 133
24 139
24 146
24 147
24 154
24 158
24 183
25 26
25 27
25 28
25 30
25 31
25 36
25 37
25 41
25 43
25 44
25 53
25 60
25 63
25 65
25 72
25 78
25 86
25 87
25 97
25 106
25 110
25 122
25 131
25 139
25 151
25 157
25 165
25 167
25 169
25 171
25 178
25 184
25 199
26 27
26 29
26 39
26 45
26 49
26 52
26 54
26 58
26 65
26 73
26 81
26 86
26 93
26 131
26 146
26 160
26 174
26 198
26 199
27 29
27 39
27 42
27 48
27 56
27 64
27 68
27 77
27 79
27 82
27 92
27 100
27 106
27 108
27 123
27 152
27 157
27 159
27 160
27 184
27 193
28 31
28 32
28 36
28 38
28 42
28 46
28 47
28 50
28 55
28 83
28 106
28 121
28 136
28 143
28 160
28 168
28 173
28 175
28 196
29 34
29 37
29 38
29 46
29 47
29 61
29 64
29 70
29 72
29 78
29 80
29 90
29 92
29 93
29 105
29 109
29 117
29 166
29 171
29 181
29 191
30 31
30 35
30 36
30 43
30 51
30 56
30 57
30 59
30 62
30 94
30 96
30 100
30 107
30 123
30 139
30 144
30 149
30 153
30 163
30 165
30 179
30 192
30 193
30 196
31 32
31 33
31 34
31 35
31 45
31 46
31 52
31 54
31 59
31 63
31 68
31 69
31 73
31 75
31 76
31 77
31 82
31 87
31 88
31 96
31 98
31 105
31 109
31 113
31 115
31 119
31 123
31 124
31 131
31 147
31 148
31 151
31 166
31 176
31 177
31 186
31 189
31 199
32 33
32 38
32 51
32 53
32 74
32 79
32 97
32 109
32 120
32 127
32 129
32 148
32 156
32 160
32 165
32 174
32 181
33 41
33 42
33 44
33 57
33 60
33 62
33 69
33 77
33 85
33 88
33 90
33 96
33 104
33 119
33 140
33 163
33 168
33 186
34 42
34 47
34 61
34 89
34 99
34 101
34 102
34 108
34 133
34 157
34 166
34 186
34 191
34 195
35 38
35 41
35 50
35 56
35 60
35 65
35 70
35 76
35 84
35 103
35 118
35 125
35 136
35 145
35 156
35 170
35 172
35 188
36 38
36 40
36 44
36 47
36 50
36 53
36 65
36 85
36 96
36 103
36 110
36 150
36 156
36 165
36 172
36 180
37 38
37 51
37 58
37 94
37 96
37 107
37 130
37 184
37 193
38 39
38 41
38 44
38 50
38 56
38 61
38 67
38 71
38 76
38 80
38 86
38 115
38 118
38 130
38 132
38 135
38 140
38 165
38 181
38 187
39 49
39 52
39 55
39 60
39 76
39 80
39 89
39 96
39 97
39 103
39 112
39 113
39 122
39 128
39 133
39 134
39 156
39 161
39 175
39 179
39 181
39 185
40 55
40 56
40 57
40 59
40 62
40 66
40 74
40 77
40 80
40 84
40 88
40 89
40 102
40 106
40 114
40 116
40 144
40 157
40 168
40 176
40 181
40 187
40 190
40 196
40 198
41 42
41 46
41 48
41 72
41 81
41 88
41 97
41 99
41 109
41 111
41 114
41 164
41 166
41 170
41 173
41 176
41 186
42 43
42 46
42 47
42 48
42 51
42 52
42 66
42 75
42 95
42 104
42 108
42 111
42 123
42 136
42 138
42 163
42 179
42 187
42 195
43 44
43 77
43 81
43 89
43 116
43 131
43 157
44 53
44 62
44 65
44 66
44 69
44 70
44 80
44 97
44 102
44 119
44 121
44 124
44 138
44 139
44 159
44 174
44 194
44 198
45 59
45 61
45 68
45 71
45 75
45 101
45 103
45 108
45 113
45 127
45 189
46 49
46 51
46 53
46 61
46 108
46 142
46 155
46 193
47 50
47 54
47 66
47 72
47 75
47 85
47 89
47 91
47 94
47 100
47 103
47 127
47 139
47 163
47 167
47 188
48 53
48 62
48 71
48 77
48 86
48 102
48 126
48 135
48 137
48 149
48 159
48 187
48 199
49 53
49 54
49 58
49 59
49 72
49 78
49 92
49 101
49 105
49 113
49 126
49 157
49 162
49 182
49 189
49 191
50 52
50 57
50 58
50 63
50 78
50 81
50 93
50 100
50 112
50 113
50 117
50 126
50 133
50 141
50 171
50 177
50 180
50 181
50 182
50 185
50 188
50 194
51 53
51 60
51 85
51 109
51 116
51 120
51 129
51 150
51 153
51 174
51 196
52 65
52 69
52 73
52 111
52 124
52 130
52 132
52 138
52 151
52 152
52 157
52 161
52 194
53 73
53 107
53 136
53 137
53 148
53 162
53 167
53 182
53 190
53 195
54 61
54 65
54 84
54 93
54 96
54 97
54 99
54 101
54 105
54 115
54 130
54 137
54 140
54 141
54 146
54 155
54 173
54 198
55 85
55 91
55 100
55 125
55 147
55 155
55 173
55 175
55 176
55 185
55 199
56 64
56 65
56 73
56 76
56 83
56 84
56 90
56 92
56 120
56 125
56 137
56 139
56 147
56 151
56 164
56 168
56 176
56 181
56 183
56 187
56 190
56 191
56 192
57 59
57 63
57 73
57 79
57 81
57 84
57 87
57 106
57 125
57 142
57 172
57 176
58 69
58 70
58 81
58 85
58 98
58 112
58 136
58 143
58 149
58 173
58 178
58 180
58 190
59 68
59 95
59 119
59 142
59 197
60 67
60 76
60 85
60 98
60 110
60 129
60 143
60 148
60 171
60 182
61 62
61 72
61 75
61 77
61 81
61 82
61 128
61 177
61 183
61 192
62 63
62 70
62 94
62 144
62 152
62 175
62 177
63 64
63 67
63 72
63 76
63 82
63 150
63 180
63 198
64 80
64 83
64 91
64 98
64 111
64 116
64 121
64 123
64 127
64 145
64 161
64 172
64 187
65 69
65 79
65 95
65 120
65 135
65 141
65 180
66 69
66 78
66 79
66 86
66 106
66 143
66 148
66 153
66 164
66 180
67 68
67 71
67 75
67 94
67 126
67 131
67 156
67 186
67 197
68 73
68 82
68 83
68 98
68 104
68 105
68 113
68 117
68 121
68 122
68 141
68 142
68 149
68 156
68 169
68 172
68 182
68 196
69 72
69 80
69 101
69 116
69 118
69 121
69 129
69 149
69 165
69 192
70 79
70 81
70 86
70 87
70 95
70 106
70 115
70 118
70 134
70 144
70 189
71 109
71 116
71 138
71 141
71 187
71 190
72 74
72 94
72 103
72 138
72 153
72 161
72 166
72 180
73 76
73 79
73 129
73 172
73 179
74 82
74 88
74 90
74 114
74 132
74 133
74 152
74 167
75 133
75 142
76 93
76 166
76 181
76 195
77 81
77 84
77 107
77 125
77 132
77 147
77 156
77 199
78 87
78 88
78 119
78 130
78 151
78 158
78 198
79 83
79 127
80 104
80 113
80 129
80 132
80 138
80 171
80 176
80 183
80 196
81 89
81 93
81 116
81 122
81 132
81 154
81 166
82 87
82 91
82 94
82 114
82 165
82 170
82 172
82 186
82 197
83 95
83 112
83 158
83 160
83 184
84 85
84 93
84 116
84 149
84 187
85 97
85 101
85 118
85 155
85 174
86 105
86 120
86 129
86 178
87 107
87 124
87 132
87 197
88 170
88 171
89 131
89 189
90 92
90 110
90 122
90 146
91 125
92 126
92 134
92 158
92 167
92 187
93 106
93 113
93 124
93 159
94 108
94 110
94 118
94 128
95 101
95 155
96 107
96 117
96 138
96 152
96 154
97 99
97 102
97 114
97 126
97 155
97 161
98 105
98 131
98 151
99 102
99 108
99 126
99 140
99 142
100 103
100 111
100 124
100 137
100 139
100 140
100 154
100 162
101 114
101 123
101 142
101 175
101 182
101 193
102 145
102 147
102 152
102 182
102 186
102 189
102 191
103 107
103 121
103 132
103 184
104 115
104 129
104 181
105 110
105 162
105 170
105 178
105 183
106 135
106 149
106 162
107 111
107 112
107 137
107 153
107 178
107 184
108 122
108 137
108 156
108 162
108 167
108 175
109 135
109 150
109 161
109 177
109 188
109 197
110 111
110 114
110 161
110 191
111 127
111 128
111 130
111 135
111 168
111 183
112 138
112 153
112 168
112 179
113 131
113 148
113 163
113 195
114 117
114 132
114 135
114 173
115 117
116 158
116 180
117 126
117 140
117 170
117 192
118 121
118 125
118 158
118 160
118 182
120 152
121 158
121 160
122 128
122 171
122 199
123 134
123 158
123 175
124 145
124 148
124 197
125 136
125 146
125 162
128 186
129 133
129 150
129 151
129 182
130 131
130 188
130 189
131 137
131 144
131 149
131 161
131 169
131 181
131 191
131 196
132 150
132 195
133 175
135 164
135 174
136 157
136 177
136 190
137 141
137 151
137 169
138 178
138 188
138 196
139 153
139 190
140 165
141 179
141 192
142 154
142 170
143 155
144 146
145 155
145 164
145 192
147 156
147 185
147 186
148 161
148 163
149 199
150 177
150 180
152 153
152 163
153 185
153 198
154 184
158 172
158 195
159 183
161 176
161 194
163 184
164 167
167 179
169 178
170 193
171 175
171 190
171 194
173 188
174 193
174 198
176 177
180 192
182 195
184 199
186 198
