0 1
0 2
0 3
0 4
0 5
0 6
0 7
0 8
0 9
0 10
0 11
0 12
0 13
0 14
0 15
0 16
0 17
0 19
0 20
0 21
0 26
0 27
0 28
0 29
0 37
0 39
0 40
0 48
0 57
0 58
0 60
0 64
0 78
0 82
0 88
0 89
0 91
0 101
0 136
0 140
0 151
0 165
0 184
0 190
0 191
0 194
0 199
1 11
1 12
1 13
1 14
1 15
1 16
1 17
1 20
1 22
1 24
1 28
1 33
1 37
1 38
1 41
1 44
1 47
1 57
1 61
1 70
1 74
1 80
1 86
1 88
1 93
1 101
1 108
1 111
1 116
1 123
1 142
1 143
1 156
1 165
1 180
1 181
1 190
1 195
1 197
1 199
2 11
2 14
2 15
2 19
2 23
2 25
2 28
2 29
2 31
2 41
2 43
2 49
2 53
2 55
2 56
2 62
2 70
2 72
2 78
2 81
2 91
2 110
2 120
2 121
2 124
2 135
2 150
2 179
2 194
3 11
3 12
3 13
3 15
3 20
3 23
3 29
3 35
3 47
3 48
3 53
3 59
3 62
3 65
3 66
3 67
3 68
3 74
3 76
3 87
3 91
3 101
3 103
3 116
3 117
3 141
3 151
4 11
4 12
4 14
4 16
4 17
4 18
4 20
4 23
4 24
4 26
4 28
4 32
4 34
4 36
4 38
4 39
4 40
4 42
4 50
4 51
4 52
4 53
4 54
4 55
4 60
4 62
4 79
4 81
4 83
4 85
4 86
4 90
4 92
4 95
4 100
4 102
4 103
4 105
4 113
4 126
4 137
4 138
4 140
4 142
4 146
4 154
4 162
4 163
4 184
5 11
5 12
5 13
5 14
5 15
5 18
5 20
5 21
5 22
5 25
5 34
5 36
5 38
5 52
5 59
5 64
5 73
5 78
5 80
5 91
5 98
5 107
5 109
5 110
5 117
5 119
5 120
5 122
5 128
5 152
5 160
5 162
5 166
5 174
5 198
6 12
6 13
6 14
6 16
6 18
6 20
6 25
6 33
6 35
6 39
6 48
6 49
6 66
6 67
6 78
6 85
6 97
6 109
6 110
6 114
6 127
6 133
6 148
6 158
6 159
6 162
6 170
6 184
6 195
7 11
7 12
7 13
7 16
7 17
7 26
7 30
7 35
7 38
7 45
7 56
7 77
7 150
7 170
7 178
8 11
8 12
8 13
8 14
8 28
8 30
8 31
8 35
8 46
8 55
8 56
8 62
8 71
8 72
8 73
8 105
8 112
8 113
8 138
8 170
8 176
9 11
9 12
9 14
9 15
9 16
9 18
9 20
9 21
9 22
9 23
9 24
9 26
9 27
9 34
9 36
9 59
9 60
9 68
9 69
9 71
9 76
9 92
9 93
9 103
9 105
9 113
9 120
9 125
9 129
9 137
9 145
9 146
9 159
9 176
9 181
9 187
10 11
10 13
10 20
10 21
10 22
10 24
10 29
10 42
10 69
10 70
10 71
10 94
10 101
10 106
10 113
10 134
10 138
10 167
10 169
10 177
10 187
10 189
10 192
11 12
11 13
11 14
11 15
11 16
11 17
11 18
11 19
11 20
11 21
11 22
11 24
11 25
11 27
11 29
11 30
11 33
11 34
11 37
11 44
11 49
11 51
11 54
11 76
11 79
11 86
11 88
11 90
11 98
11 112
11 113
11 117
11 120
11 123
11 133
11 134
11 177
11 182
11 192
12 13
12 15
12 16
12 17
12 18
12 19
12 23
12 24
12 25
12 27
12 31
12 32
12 34
12 35
12 36
12 37
12 38
12 41
12 45
12 46
12 49
12 50
12 52
12 53
12 64
12 65
12 70
12 86
12 89
12 90
12 91
12 94
12 97
12 98
12 104
12 107
12 117
12 121
12 124
12 131
12 136
12 139
12 140
12 142
12 144
12 148
12 149
12 157
12 166
12 170
12 172
12 183
12 187
12 192
13 14
13 15
13 16
13 17
13 18
13 19
13 21
13 22
13 23
13 24
13 25
13 26
13 28
13 30
13 31
13 33
13 36
13 42
13 44
13 46
13 48
13 49
13 53
13 54
13 59
13 61
13 66
13 68
13 72
13 75
13 84
13 92
13 95
13 99
13 100
13 105
13 118
13 119
13 122
13 126
13 127
13 130
13 131
13 132
13 140
13 141
13 143
13 144
13 152
13 154
13 164
13 168
13 172
13 177
13 184
13 185
13 191
13 196
14 15
14 16
14 17
14 19
14 20
14 21
14 22
14 23
14 25
14 26
14 29
14 39
14 40
14 42
14 43
14 44
14 45
14 47
14 51
14 54
14 55
14 56
14 60
14 65
14 66
14 68
14 69
14 72
14 79
14 85
14 89
14 91
14 103
14 108
14 124
14 126
14 127
14 128
14 129
14 134
14 137
14 139
14 144
14 150
14 153
14 157
14 162
14 164
14 168
14 170
14 177
14 178
14 185
14 186
14 187
14 192
14 196
14 197
15 17
15 18
15 19
15 21
15 25
15 26
15 32
15 34
15 35
15 38
15 39
15 40
15 41
15 43
15 45
15 48
15 50
15 55
15 58
15 60
15 61
15 72
15 74
15 89
15 92
15 95
15 97
15 103
15 107
15 109
15 115
15 133
15 134
15 141
15 147
15 166
15 168
15 176
15 178
15 184
15 186
15 198
16 17
16 18
16 19
16 22
16 23
16 30
16 33
16 35
16 36
16 39
16 41
16 45
16 53
16 54
16 60
16 62
16 64
16 65
16 68
16 74
16 82
16 87
16 94
16 96
16 99
16 109
16 111
16 129
16 131
16 132
16 135
16 139
16 141
16 153
16 158
16 165
16 171
16 173
16 186
17 18
17 19
17 21
17 27
17 29
17 37
17 43
17 50
17 52
17 54
17 55
17 59
17 64
17 75
17 83
17 99
17 105
17 111
17 117
17 122
17 125
17 126
17 128
17 132
17 135
17 138
17 141
17 151
17 153
17 161
17 168
17 180
17 189
17 191
18 19
18 22
18 24
18 25
18 28
18 29
18 30
18 31
18 36
18 42
18 46
18 52
18 58
18 63
18 68
18 75
18 90
18 92
18 118
18 129
18 137
18 186
19 22
19 23
19 26
19 29
19 30
19 31
19 34
19 35
19 37
19 38
19 41
19 44
19 50
19 60
19 65
19 77
19 78
19 79
19 89
19 102
19 128
19 136
19 140
19 157
19 171
19 179
20 21
20 23
20 26
20 29
20 31
20 33
20 34
20 36
20 37
20 49
20 73
20 85
20 87
20 88
20 115
20 129
20 131
20 140
20 151
20 153
20 157
20 160
20 163
20 181
20 196
21 24
21 27
21 28
21 32
21 36
21 37
21 40
21 43
21 44
21 46
21 48
21 50
21 56
21 73
21 79
21 80
21 87
21 98
21 104
21 105
21 119
21 124
21 132
21 141
21 147
21 149
21 158
21 163
21 169
21 171
21 172
21 186
21 190
22 26
22 27
22 32
22 40
22 45
22 57
22 63
22 66
22 69
22 76
22 79
22 82
22 95
22 99
22 105
22 112
22 114
22 122
22 139
22 142
22 145
22 151
22 163
22 166
22 169
22 170
22 174
22 178
22 193
23 24
23 25
23 27
23 30
23 36
23 39
23 44
23 45
23 51
23 53
23 57
23 69
23 71
23 72
23 82
23 84
23 85
23 87
23 94
23 97
23 101
23 103
23 106
23 112
23 113
23 115
23 123
23 161
23 164
23 167
23 171
23 179
23 181
23 192
24 27
24 28
24 30
24 32
24 33
24 42
24 43
24 47
24 57
24 58
24 63
24 65
24 67
24 69
24 73
24 75
24 77
24 89
24 94
24 95
24 110
24 120
24 127
24 128
24 143
24 144
24 153
24 178
24 179
24 182
24 185
24 189
24 196
24 198
25 27
25 32
25 41
25 47
25 48
25 51
25 54
25 67
25 80
25 81
25 84
25 86
25 112
25 117
25 144
25 197
26 28
26 31
26 32
26 33
26 35
26 40
26 46
26 54
26 55
26 59
26 62
26 63
26 70
26 74
26 79
26 81
26 83
26 89
26 96
26 103
26 109
26 137
26 149
26 152
26 158
26 162
26 167
26 179
26 194
26 199
27 33
27 34
27 37
27 40
27 47
27 51
27 71
27 104
27 139
27 151
27 182
27 188
28 30
28 32
28 35
28 39
28 42
28 44
28 57
28 58
28 59
28 62
28 70
28 71
28 93
28 97
28 121
28 129
28 142
28 170
28 172
28 175
28 179
28 185
28 194
29 31
29 32
29 37
29 38
29 40
29 43
29 47
29 48
29 51
29 52
29 59
29 75
29 77
29 114
29 125
29 126
29 128
29 130
29 141
29 143
29 144
29 148
29 159
29 160
29 168
30 31
30 34
30 38
30 44
30 45
30 46
30 51
30 55
30 56
30 61
30 81
30 90
30 91
30 131
30 150
30 152
30 154
30 161
30 172
30 173
30 175
30 181
31 41
31 43
31 67
31 69
31 74
31 83
31 91
31 99
31 108
31 116
31 124
31 131
31 133
31 155
31 159
31 160
31 181
32 33
32 39
32 43
32 50
32 52
32 54
32 55
32 56
32 61
32 64
32 67
32 68
32 71
32 72
32 76
32 79
32 83
32 85
32 98
32 101
32 107
32 109
32 115
32 139
32 142
32 146
32 151
32 174
32 184
32 190
32 195
32 199
33 41
33 46
33 47
33 61
33 63
33 77
33 98
33 106
33 116
33 124
33 143
33 147
33 148
33 154
33 170
33 176
33 180
34 38
34 39
34 42
34 45
34 46
34 47
34 61
34 65
34 66
34 67
34 71
34 77
34 78
34 82
34 83
34 85
34 93
34 110
34 116
34 118
34 133
34 136
34 145
34 147
34 149
34 150
34 162
34 164
34 166
34 173
34 175
34 183
34 184
34 188
34 190
34 192
34 193
34 195
35 42
35 45
35 60
35 70
35 73
35 78
35 86
35 89
35 101
35 106
35 107
35 110
35 135
35 140
35 156
35 158
35 176
35 194
36 40
36 75
36 76
36 82
36 87
36 99
36 103
36 106
36 115
36 117
36 118
36 150
36 158
36 188
36 189
36 191
37 49
37 58
37 61
37 62
37 80
37 92
37 129
37 146
37 148
37 159
37 167
37 178
38 41
38 42
38 43
38 49
38 53
38 74
38 80
38 90
38 96
38 100
38 110
38 117
38 121
38 123
38 124
38 126
38 127
38 129
38 160
38 167
38 190
38 195
39 46
39 48
39 49
39 51
39 57
39 62
39 64
39 75
39 81
39 82
39 83
39 88
39 109
39 161
40 44
40 47
40 50
40 58
40 60
40 77
40 82
40 92
40 95
40 96
40 97
40 109
40 130
40 141
40 156
40 168
40 172
40 184
41 52
41 53
41 63
41 64
41 65
41 73
41 84
41 98
41 102
41 114
41 129
41 141
41 171
41 179
42 48
42 55
42 56
42 67
42 68
42 77
42 101
42 139
42 164
43 50
43 52
43 57
43 65
43 76
43 83
43 96
43 100
43 114
43 122
43 138
43 156
43 165
43 187
44 51
44 56
44 60
44 63
44 68
44 74
44 78
44 82
44 105
44 116
44 126
44 138
44 144
44 145
44 166
44 191
45 49
45 53
45 88
45 92
45 93
45 94
45 117
45 166
46 58
46 98
46 106
46 120
46 123
46 126
46 139
46 149
47 52
47 59
47 66
47 72
47 75
47 79
47 87
47 97
47 102
47 127
47 146
47 147
47 165
47 173
47 179
47 189
48 56
48 57
48 63
48 69
48 72
48 74
48 99
48 115
48 121
48 127
48 130
48 177
48 193
48 197
48 199
49 50
49 54
49 66
49 70
49 71
49 76
49 90
49 136
49 138
49 153
49 173
49 182
49 187
49 188
49 190
50 57
50 71
50 73
50 86
50 87
50 90
50 162
50 180
51 58
51 61
51 63
51 69
51 75
51 85
51 88
51 97
51 104
51 108
51 113
51 133
51 142
51 153
51 169
52 81
52 105
52 106
52 121
52 129
52 163
52 175
52 196
53 93
53 96
53 107
53 162
53 164
54 66
54 81
54 94
54 122
54 130
54 174
55 58
55 61
55 64
55 67
55 76
55 78
55 83
55 84
55 104
55 106
55 114
55 130
55 132
55 133
55 147
55 191
56 73
56 84
56 86
56 115
56 196
57 64
57 65
57 70
57 91
57 95
57 103
57 111
57 185
57 192
58 59
58 62
58 67
58 80
58 86
58 96
58 127
58 133
58 140
58 144
58 151
58 152
58 155
58 162
58 174
58 191
59 81
59 83
59 90
59 96
59 121
59 130
59 175
59 188
59 197
60 73
60 88
60 135
60 158
60 161
60 173
60 186
61 63
61 66
61 85
61 93
61 102
61 108
61 125
61 138
61 140
61 148
61 177
61 187
62 75
62 77
62 80
62 102
62 107
62 112
62 117
62 119
62 121
62 126
62 128
62 132
62 134
62 135
62 147
62 155
62 183
63 84
63 92
63 95
63 100
63 107
63 112
63 134
63 149
63 150
63 154
63 197
64 69
64 110
64 116
64 130
64 147
64 157
64 159
64 174
64 181
65 68
65 72
65 77
65 80
65 84
65 88
65 94
65 113
65 118
65 119
65 120
65 122
65 125
65 126
65 136
65 137
65 142
65 143
65 155
65 160
65 180
65 182
65 195
65 197
66 85
66 87
66 94
66 98
66 128
66 132
66 137
67 81
67 90
67 125
67 132
67 153
67 154
67 155
68 104
68 172
69 70
69 76
69 84
69 87
69 91
69 102
69 108
69 114
69 125
69 134
69 176
69 185
69 188
69 196
70 78
70 94
70 102
70 108
70 111
70 121
70 155
70 183
70 186
70 199
71 74
71 99
71 108
71 111
71 115
71 116
71 122
71 131
71 137
71 149
71 152
71 157
71 183
72 82
72 93
72 111
72 130
72 181
73 89
73 92
73 96
73 116
73 169
73 196
73 199
74 79
74 84
74 93
74 98
74 99
74 100
74 112
74 133
74 162
74 163
74 168
74 171
75 123
75 125
75 178
76 150
76 153
76 169
77 104
77 110
77 113
77 115
77 124
77 147
77 158
77 164
78 80
78 88
78 100
78 101
78 112
78 136
78 145
78 177
78 181
78 193
78 198
78 199
79 119
79 145
79 154
80 97
80 108
80 111
80 143
80 176
80 177
81 86
81 95
81 102
81 104
81 106
81 107
81 123
81 167
81 173
82 106
82 107
82 116
82 123
82 148
82 154
82 158
82 182
82 187
82 188
83 108
83 197
83 198
84 121
84 125
85 89
85 110
86 100
86 103
87 96
87 100
87 127
87 135
87 143
87 187
87 199
88 135
88 172
88 174
88 186
89 93
89 111
89 122
89 123
89 144
89 149
89 155
89 167
89 185
90 100
90 137
90 185
90 194
91 114
91 119
91 123
91 190
92 95
92 97
92 102
92 156
92 164
92 194
93 99
93 105
93 119
93 131
93 132
93 149
93 150
93 161
93 168
93 183
93 184
94 114
94 120
94 183
94 187
95 104
95 118
95 142
95 147
95 148
95 157
95 159
95 164
95 193
96 118
96 132
96 134
96 140
96 176
97 104
97 109
97 118
97 119
97 124
97 136
97 146
97 150
97 152
97 168
97 190
98 157
98 168
99 113
99 138
99 142
99 148
100 101
100 130
100 146
100 151
100 165
100 182
100 183
101 131
101 156
102 169
103 175
103 192
104 112
104 135
104 146
104 152
104 155
104 163
105 165
106 115
106 134
106 141
106 155
106 198
107 111
108 109
108 124
108 160
109 114
109 145
109 180
109 194
109 195
110 128
110 139
110 171
110 192
111 131
111 144
111 151
111 161
111 175
112 118
112 161
112 186
113 180
114 120
114 135
114 160
114 176
114 183
114 185
114 188
114 197
114 198
115 119
115 143
115 179
115 182
116 127
116 134
116 148
116 154
116 165
116 169
116 178
116 181
116 182
116 189
116 197
117 118
117 122
117 145
118 120
118 159
118 180
119 178
119 192
120 156
121 157
121 179
121 184
121 186
121 193
122 166
123 191
124 125
124 171
125 128
125 136
125 159
125 169
125 177
126 152
126 170
128 153
129 133
129 136
129 138
129 172
129 198
131 143
131 146
132 139
133 137
133 145
133 161
133 174
134 145
134 152
134 163
134 165
136 149
136 171
136 194
138 163
139 178
139 195
141 173
141 174
141 180
141 193
141 196
142 146
142 154
142 156
142 160
142 171
142 175
142 182
143 174
143 175
143 188
146 157
146 165
146 166
146 167
146 169
147 173
148 189
149 177
150 166
150 170
150 191
151 158
151 176
152 156
152 198
153 155
153 159
153 164
153 185
153 189
154 167
155 156
155 163
155 195
156 193
158 190
159 160
159 161
162 194
166 167
166 172
166 189
170 173
170 189
172 183
172 191
172 193
174 175
174 188
177 180
180 199
184 193
189 198
191 195
193 196
