0 1
0 2
0 3
0 4
0 5
0 6
0 7
0 8
0 9
0 10
0 11
0 12
0 13
0 14
0 15
0 16
0 17
0 18
0 19
0 20
0 21
0 22
0 23
0 24
0 25
0 26
0 27
0 29
0 30
0 31
0 32
0 33
0 35
0 36
0 38
0 41
0 42
0 48
0 50
0 52
0 56
0 57
0 58
0 59
0 60
0 61
0 63
0 65
0 68
0 69
0 70
0 71
0 74
0 75
0 76
0 77
0 81
0 82
0 85
0 89
0 93
0 94
0 95
0 96
0 99
0 101
0 103
0 109
0 114
0 117
0 118
0 119
0 120
0 121
0 122
0 123
0 130
0 134
0 144
0 148
0 150
0 159
0 160
0 167
0 178
0 179
0 182
0 188
0 191
0 194
0 195
0 196
1 16
1 17
1 18
1 19
1 20
1 21
1 22
1 26
1 28
1 29
1 31
1 40
1 49
1 51
1 52
1 58
1 59
1 61
1 63
1 70
1 72
1 78
1 79
1 80
1 87
1 98
1 113
1 125
1 127
1 132
1 133
1 140
1 159
1 167
1 168
1 196
2 16
2 17
2 18
2 20
2 30
2 34
2 37
2 39
2 40
2 42
2 43
2 44
2 48
2 49
2 51
2 59
2 60
2 61
2 70
2 81
2 83
2 87
2 90
2 95
2 96
2 107
2 111
2 113
2 116
2 125
2 131
2 133
2 134
2 139
2 167
2 177
2 178
2 195
2 198
3 16
3 17
3 18
3 19
3 20
3 21
3 25
3 26
3 27
3 28
3 31
3 37
3 41
3 45
3 55
3 61
3 69
3 71
3 78
3 80
3 83
3 86
3 102
3 111
3 116
3 119
3 122
3 152
3 179
3 189
3 195
4 16
4 17
4 18
4 19
4 20
4 21
4 22
4 23
4 28
4 29
4 33
4 35
4 39
4 43
4 45
4 46
4 48
4 54
4 56
4 61
4 64
4 75
4 78
4 79
4 83
4 87
4 91
4 96
4 98
4 108
4 110
4 111
4 116
4 117
4 129
4 134
4 139
4 150
4 156
4 158
4 160
4 161
4 162
4 163
4 164
4 171
4 173
4 189
4 190
4 191
4 194
4 198
5 16
5 17
5 19
5 20
5 21
5 29
5 32
5 38
5 41
5 43
5 45
5 49
5 53
5 56
5 58
5 59
5 64
5 69
5 72
5 76
5 84
5 103
5 121
5 124
5 150
5 158
5 166
5 189
5 195
6 16
6 17
6 18
6 19
6 20
6 21
6 22
6 24
6 26
6 28
6 31
6 37
6 40
6 41
6 50
6 51
6 66
6 88
6 96
6 101
6 119
6 145
6 150
6 153
6 161
6 178
6 185
6 193
6 196
6 197
7 16
7 19
7 20
7 21
7 22
7 23
7 24
7 26
7 27
7 28
7 30
7 32
7 33
7 34
7 37
7 38
7 39
7 40
7 42
7 45
7 52
7 57
7 59
7 66
7 67
7 71
7 72
7 74
7 76
7 77
7 80
7 82
7 85
7 87
7 89
7 90
7 96
7 106
7 107
7 111
7 113
7 114
7 115
7 121
7 135
7 138
7 151
7 158
7 159
7 160
7 162
7 163
7 170
7 178
7 179
7 187
7 195
7 197
8 16
8 17
8 18
8 19
8 20
8 23
8 24
8 25
8 33
8 34
8 36
8 38
8 39
8 42
8 47
8 57
8 63
8 64
8 65
8 66
8 67
8 75
8 84
8 90
8 92
8 99
8 121
8 132
8 134
8 138
8 150
8 154
8 157
8 174
8 180
8 183
8 186
8 197
9 17
9 18
9 25
9 28
9 29
9 64
9 85
9 94
9 132
9 135
9 139
9 153
9 192
9 194
10 16
10 17
10 18
10 19
10 21
10 22
10 23
10 24
10 25
10 27
10 31
10 32
10 34
10 39
10 42
10 49
10 54
10 57
10 60
10 62
10 69
10 76
10 79
10 83
10 85
10 94
10 101
10 108
10 120
10 121
10 132
10 137
10 140
10 152
10 154
10 162
10 167
10 168
10 170
10 180
10 184
10 190
10 192
10 194
11 16
11 17
11 18
11 19
11 21
11 22
11 23
11 27
11 29
11 30
11 31
11 33
11 46
11 49
11 53
11 57
11 58
11 66
11 68
11 72
11 79
11 82
11 83
11 91
11 95
11 96
11 97
11 108
11 120
11 125
11 127
11 156
11 189
12 16
12 17
12 18
12 19
12 20
12 21
12 22
12 23
12 24
12 25
12 26
12 27
12 29
12 30
12 31
12 32
12 34
12 36
12 41
12 46
12 49
12 54
12 60
12 63
12 65
12 66
12 69
12 70
12 81
12 100
12 104
12 108
12 123
12 156
12 159
12 161
12 176
12 180
12 182
13 16
13 20
13 21
13 22
13 23
13 24
13 26
13 27
13 28
13 30
13 32
13 36
13 37
13 41
13 42
13 43
13 45
13 46
13 47
13 58
13 66
13 79
13 80
13 81
13 84
13 86
13 96
13 101
13 108
13 121
13 125
13 126
13 129
13 131
13 133
13 148
13 181
13 185
13 192
13 197
13 198
13 199
14 16
14 17
14 18
14 19
14 22
14 24
14 25
14 27
14 29
14 31
14 32
14 33
14 35
14 40
14 47
14 54
14 62
14 63
14 70
14 81
14 86
14 92
14 98
14 104
14 107
14 108
14 126
14 135
14 139
14 140
14 143
14 149
14 160
14 165
14 168
14 171
14 175
14 186
14 188
15 16
15 17
15 18
15 22
15 23
15 24
15 28
15 30
15 33
15 36
15 43
15 51
15 59
15 67
15 69
15 70
15 82
15 89
15 97
15 98
15 104
15 105
15 143
15 160
15 162
15 165
15 166
15 171
15 188
16 17
16 18
16 19
16 20
16 21
16 22
16 24
16 25
16 26
16 28
16 29
16 30
16 31
16 32
16 34
16 35
16 36
16 37
16 38
16 41
16 42
16 43
16 47
16 48
16 54
16 55
16 57
16 58
16 59
16 60
16 64
16 66
16 68
16 69
16 72
16 73
16 74
16 80
16 81
16 83
16 84
16 88
16 97
16 98
16 99
16 100
16 102
16 104
16 105
16 106
16 108
16 110
16 114
16 115
16 117
16 124
16 126
16 132
16 135
16 137
16 139
16 147
16 151
16 152
16 158
16 161
16 171
16 175
16 178
16 181
16 194
17 18
17 19
17 20
17 21
17 23
17 24
17 25
17 26
17 27
17 28
17 29
17 31
17 32
17 33
17 34
17 36
17 37
17 38
17 43
17 44
17 46
17 48
17 49
17 51
17 55
17 59
17 62
17 70
17 71
17 73
17 74
17 80
17 81
17 84
17 85
17 86
17 87
17 90
17 93
17 97
17 98
17 102
17 109
17 110
17 112
17 114
17 123
17 124
17 126
17 130
17 133
17 137
17 138
17 148
17 150
17 158
17 159
17 165
17 169
17 174
17 175
17 180
17 189
17 192
17 195
17 196
18 19
18 20
18 21
18 22
18 23
18 24
18 25
18 27
18 30
18 31
18 32
18 33
18 35
18 37
18 38
18 39
18 40
18 42
18 44
18 45
18 49
18 50
18 51
18 53
18 56
18 58
18 62
18 63
18 65
18 67
18 68
18 76
18 79
18 81
18 83
18 85
18 87
18 94
18 96
18 98
18 99
18 103
18 107
18 109
18 117
18 119
18 122
18 123
18 129
18 131
18 136
18 146
18 148
18 153
18 156
18 170
18 172
18 176
18 179
18 181
18 182
18 183
18 186
18 188
18 189
18 191
19 20
19 21
19 22
19 23
19 25
19 26
19 27
19 28
19 29
19 30
19 33
19 35
19 36
19 38
19 41
19 43
19 44
19 45
19 46
19 47
19 48
19 49
19 50
19 51
19 52
19 53
19 55
19 57
19 60
19 62
19 68
19 70
19 71
19 72
19 73
19 77
19 78
19 79
19 80
19 84
19 105
19 112
19 121
19 126
19 130
19 131
19 142
19 143
19 145
19 150
19 156
19 157
19 162
19 165
19 169
19 170
19 176
19 187
19 188
20 22
20 23
20 24
20 25
20 26
20 27
20 29
20 30
20 33
20 34
20 35
20 37
20 39
20 41
20 42
20 43
20 44
20 47
20 48
20 49
20 50
20 51
20 52
20 53
20 54
20 55
20 56
20 61
20 66
20 68
20 70
20 71
20 75
20 76
20 77
20 78
20 81
20 86
20 88
20 89
20 93
20 102
20 103
20 107
20 109
20 114
20 115
20 116
20 118
20 123
20 127
20 130
20 143
20 146
20 147
20 153
20 162
20 169
20 176
20 178
20 184
20 185
20 190
20 194
20 198
20 199
21 23
21 24
21 30
21 31
21 32
21 34
21 35
21 40
21 41
21 42
21 44
21 45
21 46
21 51
21 55
21 56
21 61
21 62
21 65
21 66
21 68
21 69
21 74
21 78
21 80
21 82
21 83
21 84
21 85
21 88
21 90
21 91
21 93
21 94
21 97
21 107
21 108
21 112
21 115
21 129
21 131
21 137
21 138
21 143
21 144
21 145
21 154
21 164
21 186
21 188
22 23
22 24
22 25
22 26
22 29
22 34
22 35
22 36
22 37
22 39
22 40
22 41
22 45
22 47
22 50
22 51
22 52
22 56
22 58
22 61
22 65
22 72
22 86
22 91
22 92
22 95
22 96
22 97
22 104
22 116
22 117
22 118
22 121
22 122
22 123
22 126
22 131
22 135
22 139
22 151
22 162
22 163
22 167
22 168
22 169
22 173
22 177
22 178
22 186
22 189
22 193
23 25
23 26
23 27
23 28
23 29
23 30
23 31
23 32
23 33
23 35
23 43
23 44
23 48
23 52
23 55
23 57
23 60
23 61
23 62
23 63
23 64
23 69
23 70
23 79
23 81
23 89
23 91
23 94
23 97
23 102
23 104
23 110
23 111
23 117
23 118
23 120
23 123
23 124
23 126
23 127
23 129
23 137
23 145
23 162
23 168
23 171
23 175
23 181
23 183
23 192
23 194
24 25
24 26
24 28
24 29
24 31
24 32
24 33
24 38
24 40
24 44
24 47
24 56
24 62
24 63
24 64
24 65
24 67
24 72
24 75
24 78
24 98
24 108
24 120
24 121
24 124
24 126
24 147
24 149
24 150
24 153
24 154
24 162
24 170
24 176
24 178
24 183
24 184
24 187
25 26
25 27
25 28
25 30
25 31
25 33
25 34
25 35
25 36
25 37
25 38
25 40
25 42
25 44
25 47
25 48
25 50
25 59
25 61
25 62
25 67
25 68
25 71
25 74
25 75
25 85
25 92
25 97
25 106
25 110
25 113
25 115
25 116
25 118
25 120
25 124
25 126
25 130
25 132
25 144
25 145
25 149
25 166
25 169
25 171
25 175
25 177
25 179
25 186
25 192
26 27
26 30
26 36
26 38
26 39
26 41
26 43
26 45
26 48
26 59
26 60
26 62
26 64
26 65
26 67
26 74
26 83
26 85
26 90
26 92
26 98
26 100
26 106
26 109
26 110
26 112
26 120
26 121
26 124
26 132
26 140
26 157
26 196
26 198
27 28
27 35
27 36
27 39
27 40
27 44
27 54
27 55
27 57
27 58
27 76
27 77
27 78
27 84
27 89
27 96
27 99
27 102
27 106
27 114
27 124
27 125
27 129
27 134
27 140
27 147
27 165
27 168
27 195
28 32
28 34
28 36
28 38
28 39
28 46
28 48
28 50
28 53
28 54
28 55
28 59
28 62
28 64
28 67
28 69
28 73
28 81
28 84
28 91
28 93
28 94
28 95
28 99
28 101
28 105
28 114
28 115
28 128
28 130
28 135
28 140
28 146
28 155
28 156
28 158
28 160
28 169
28 172
28 182
28 183
28 191
29 32
29 34
29 35
29 37
29 40
29 43
29 49
29 51
29 52
29 54
29 60
29 64
29 65
29 67
29 69
29 72
29 73
29 76
29 77
29 79
29 86
29 87
29 91
29 94
29 96
29 99
29 100
29 101
29 107
29 109
29 110
29 113
29 127
29 128
29 132
29 141
29 144
29 146
29 147
29 148
29 149
29 152
29 155
29 161
29 165
29 177
29 185
29 191
30 33
30 37
30 39
30 46
30 47
30 48
30 49
30 50
30 53
30 54
30 58
30 60
30 63
30 67
30 68
30 72
30 74
30 80
30 86
30 94
30 102
30 117
30 118
30 120
30 123
30 125
30 141
30 144
30 151
30 152
30 153
30 161
30 164
30 165
30 168
30 175
30 187
30 199
31 34
31 35
31 38
31 39
31 40
31 41
31 42
31 51
31 52
31 53
31 55
31 58
31 60
31 62
31 72
31 85
31 86
31 87
31 88
31 93
31 101
31 103
31 111
31 120
31 128
31 131
31 134
31 137
31 164
31 183
32 36
32 39
32 41
32 43
32 44
32 47
32 49
32 51
32 57
32 60
32 61
32 73
32 76
32 81
32 100
32 105
32 109
32 116
32 122
32 129
32 144
32 155
32 167
32 184
32 186
33 34
33 35
33 37
33 39
33 45
33 46
33 51
33 54
33 61
33 63
33 64
33 65
33 75
33 76
33 82
33 84
33 85
33 88
33 92
33 98
33 103
33 106
33 108
33 111
33 113
33 115
33 118
33 128
33 142
33 149
33 155
33 157
33 164
33 172
33 180
33 182
33 184
33 188
34 36
34 37
34 38
34 40
34 43
34 46
34 49
34 54
34 58
34 67
34 68
34 72
34 74
34 77
34 78
34 91
34 102
34 122
34 125
34 131
34 133
34 147
34 152
34 154
34 164
34 167
34 187
34 197
35 38
35 45
35 47
35 53
35 54
35 65
35 66
35 75
35 93
35 94
35 101
35 105
35 106
35 111
35 112
35 127
35 130
35 136
35 143
35 152
35 165
35 166
35 169
35 181
35 197
36 44
36 47
36 52
36 55
36 66
36 68
36 78
36 79
36 88
36 90
36 112
36 118
36 132
36 139
36 145
36 150
36 158
36 162
36 163
36 172
36 183
36 186
36 189
37 43
37 46
37 50
37 57
37 74
37 86
37 100
37 105
37 106
37 108
37 109
37 115
37 119
37 124
37 126
37 129
37 135
37 141
37 151
37 153
37 163
37 166
37 193
37 198
38 40
38 41
38 42
38 50
38 53
38 60
38 70
38 72
38 76
38 87
38 91
38 97
38 117
38 124
38 125
38 126
38 128
38 132
38 157
38 159
38 161
38 166
38 195
39 42
39 44
39 48
39 53
39 55
39 56
39 68
39 72
39 80
39 81
39 88
39 99
39 110
39 122
39 129
39 136
39 158
39 160
39 161
39 162
39 168
39 170
39 179
39 185
39 192
40 42
40 44
40 46
40 47
40 49
40 71
40 73
40 80
40 85
40 91
40 99
40 103
40 111
40 115
40 135
40 138
40 142
40 147
40 155
40 157
40 164
40 174
40 185
41 44
41 45
41 46
41 47
41 50
41 54
41 56
41 57
41 61
41 62
41 66
41 70
41 73
41 74
41 79
41 81
41 97
41 108
41 125
41 134
41 138
41 146
41 152
41 153
41 160
41 166
41 168
41 169
41 170
41 172
41 183
41 188
41 196
41 198
42 45
42 46
42 52
42 56
42 63
42 65
42 71
42 73
42 77
42 90
42 92
42 99
42 103
42 106
42 112
42 113
42 119
42 128
42 138
42 139
42 146
42 147
42 153
42 163
42 169
42 174
42 182
43 45
43 50
43 52
43 58
43 60
43 61
43 66
43 67
43 76
43 83
43 88
43 91
43 95
43 102
43 104
43 105
43 107
43 136
43 158
43 160
43 171
43 180
44 53
44 56
44 63
44 67
44 71
44 74
44 75
44 83
44 85
44 86
44 87
44 89
44 90
44 92
44 95
44 97
44 99
44 100
44 103
44 106
44 107
44 122
44 145
44 150
44 151
44 155
44 156
44 159
44 161
44 162
44 165
44 167
44 169
44 172
44 174
44 177
45 48
45 61
45 75
45 88
45 90
45 91
45 94
45 98
45 103
45 104
45 105
45 115
45 116
45 117
45 118
45 127
45 136
45 137
45 146
45 155
45 173
45 179
45 182
45 191
46 48
46 56
46 57
46 58
46 84
46 91
46 95
46 102
46 106
46 107
46 109
46 127
46 128
46 133
46 140
46 142
46 151
46 152
46 156
46 172
46 179
46 188
46 191
46 199
47 50
47 51
47 52
47 65
47 68
47 82
47 84
47 89
47 100
47 117
47 121
47 130
47 142
47 145
47 169
47 178
47 181
47 188
47 194
47 198
48 50
48 52
48 53
48 55
48 59
48 64
48 75
48 82
48 84
48 85
48 86
48 95
48 99
48 100
48 101
48 105
48 121
48 140
48 141
48 142
48 144
48 146
48 162
48 171
48 175
48 176
48 181
48 182
48 184
48 187
48 190
49 57
49 64
49 77
49 78
49 82
49 92
49 96
49 101
49 102
49 110
49 122
49 123
49 126
49 129
49 141
49 151
49 152
49 154
49 163
49 177
49 192
49 193
50 52
50 53
50 65
50 66
50 69
50 73
50 76
50 78
50 82
50 87
50 89
50 94
50 101
50 104
50 114
50 124
50 126
50 165
50 171
50 173
50 195
50 196
51 56
51 62
51 63
51 76
51 77
51 93
51 114
51 122
51 126
51 132
51 142
51 152
51 158
51 166
51 188
51 192
51 196
52 53
52 54
52 55
52 63
52 64
52 69
52 70
52 71
52 73
52 77
52 106
52 110
52 111
52 116
52 121
52 124
52 127
52 131
52 141
52 158
52 162
52 177
52 178
53 64
53 65
53 69
53 73
53 80
53 89
53 103
53 107
53 108
53 111
53 113
53 117
53 128
53 130
53 148
53 158
53 163
53 181
54 55
54 57
54 60
54 63
54 70
54 72
54 82
54 89
54 90
54 104
54 106
54 110
54 112
54 115
54 116
54 123
54 125
54 128
54 140
54 142
54 159
54 163
54 165
54 174
54 175
54 177
54 197
55 56
55 58
55 59
55 71
55 74
55 77
55 80
55 87
55 88
55 95
55 110
55 118
55 143
55 153
55 164
55 197
56 84
56 92
56 94
56 156
56 170
57 59
57 73
57 82
57 89
57 92
57 96
57 97
57 102
57 103
57 124
57 140
57 154
57 156
57 189
58 59
58 82
58 87
58 118
58 144
58 170
59 68
59 93
59 97
59 110
59 117
59 134
59 153
59 160
59 170
59 182
59 190
59 193
60 74
60 79
60 91
60 92
60 93
60 96
60 136
60 144
60 146
60 160
60 176
60 180
60 185
61 62
61 69
61 71
61 75
61 77
61 78
61 79
61 84
61 85
61 89
61 93
61 104
61 147
61 173
61 185
62 73
62 80
62 83
62 86
62 88
62 93
62 105
62 109
62 128
62 133
62 138
62 145
62 146
62 154
62 174
62 176
62 199
63 66
63 67
63 68
63 82
63 96
63 101
63 111
63 112
63 119
63 173
63 177
63 180
63 185
64 67
64 89
64 107
64 111
64 120
64 129
64 131
64 141
64 167
64 173
64 175
64 181
65 76
65 81
65 112
65 119
65 123
65 127
65 152
65 159
65 182
66 70
66 71
66 78
66 79
66 83
66 86
66 95
66 113
66 114
66 137
66 138
67 75
67 99
67 102
67 105
67 111
67 133
67 138
67 144
67 148
67 155
67 157
67 159
67 194
68 71
68 73
68 75
68 87
68 90
68 93
68 109
68 112
68 118
68 120
68 125
68 134
68 139
68 144
68 155
68 161
68 173
68 174
68 176
68 193
68 197
69 75
69 80
69 86
69 92
69 98
69 108
69 119
69 122
69 127
69 129
69 136
69 139
69 140
69 142
69 147
69 161
69 179
69 184
70 77
70 83
70 106
70 131
70 175
70 187
71 88
71 97
71 116
71 143
71 186
72 74
72 77
72 83
72 94
72 100
72 112
72 123
72 130
72 157
72 158
72 180
72 190
73 78
73 82
73 93
73 100
73 107
73 110
73 111
73 115
73 136
73 140
73 141
73 145
73 153
73 184
73 195
74 88
74 99
74 100
74 101
74 124
74 127
74 132
74 144
74 145
74 147
74 161
74 173
74 184
74 190
74 191
74 199
75 92
75 94
75 107
75 114
75 115
75 119
75 125
75 141
75 160
75 171
76 79
76 89
76 100
76 104
76 132
76 148
76 174
76 183
76 190
77 123
77 140
77 143
77 184
77 190
78 87
78 103
78 105
78 113
78 125
78 128
78 141
78 149
78 172
78 176
78 177
78 180
78 185
79 95
79 104
79 116
79 123
79 128
79 149
79 164
79 194
80 144
80 155
80 166
80 170
81 90
81 113
81 122
81 129
81 135
81 136
81 139
81 142
81 157
81 194
82 88
82 93
82 117
82 172
82 187
83 95
83 98
83 100
83 102
83 108
83 124
83 134
83 149
83 151
83 163
83 168
83 170
83 184
83 199
84 91
84 100
84 102
84 107
84 113
84 117
84 119
84 121
84 143
84 150
84 152
84 165
84 179
84 186
85 90
85 112
85 134
85 142
85 171
85 173
85 178
86 95
86 97
86 115
86 127
86 137
86 140
86 149
86 150
86 156
86 167
86 177
86 194
87 95
87 101
87 120
87 134
87 137
87 138
87 158
87 162
87 199
88 104
88 114
88 116
88 148
88 178
89 90
89 137
89 142
89 181
89 193
89 195
89 196
89 197
90 109
90 116
90 118
90 126
90 131
90 135
90 143
90 147
90 156
90 168
90 172
91 92
91 109
91 127
91 130
91 137
91 141
91 167
91 186
91 191
91 193
92 103
92 131
92 187
93 103
93 112
93 113
93 119
93 142
93 145
93 156
93 176
94 109
94 122
94 128
94 129
94 151
94 174
94 197
95 101
95 105
95 135
95 136
95 137
95 149
95 166
95 168
95 179
95 193
96 98
96 105
96 114
96 119
96 120
96 131
96 140
96 146
96 151
96 152
96 169
96 170
96 171
96 186
97 98
97 99
97 104
97 106
97 133
97 138
97 139
97 149
97 166
97 168
97 186
97 194
98 113
98 118
98 127
98 135
98 136
98 174
98 198
99 110
99 137
99 178
99 184
99 190
100 120
100 128
100 130
100 131
100 144
100 148
100 150
100 161
100 166
100 196
101 118
101 120
101 137
101 153
102 133
102 154
102 177
102 190
103 117
103 132
103 133
103 134
103 143
103 165
103 167
103 181
103 190
104 109
104 112
104 119
104 134
104 157
104 180
104 183
105 168
105 175
105 187
105 190
105 192
106 125
106 135
106 159
106 183
106 190
107 122
107 130
107 145
107 160
107 165
107 173
107 177
107 179
107 193
108 123
108 141
108 149
108 164
108 197
109 114
109 133
109 143
109 146
109 154
109 181
109 188
110 113
110 130
110 132
110 182
111 114
111 122
111 148
111 153
111 156
111 163
112 115
112 116
112 130
112 133
112 145
112 154
112 167
112 173
112 182
112 185
112 187
112 193
112 199
113 138
113 148
113 155
113 179
113 183
113 198
113 199
114 119
114 142
114 166
114 192
115 141
115 149
115 155
115 161
115 167
115 169
115 179
115 189
117 128
117 129
117 148
117 157
117 172
117 174
118 141
118 150
118 151
118 160
118 172
118 193
119 125
119 144
119 146
119 151
119 154
120 121
120 133
120 138
120 143
120 152
120 164
121 151
121 163
121 165
121 188
121 194
123 139
123 185
123 187
124 148
124 159
124 173
125 196
126 135
126 136
126 178
126 198
127 133
127 134
127 138
127 139
127 149
127 155
127 164
127 166
127 174
127 199
128 135
128 157
128 159
128 172
128 191
128 192
129 168
129 185
130 139
131 143
131 183
131 187
132 155
132 164
132 186
133 136
133 148
133 161
133 179
134 136
134 190
135 136
135 142
135 147
135 154
135 159
135 160
135 174
135 177
136 187
137 145
137 149
137 180
137 186
137 189
138 146
138 147
138 164
138 173
138 181
138 197
138 199
139 141
139 164
139 171
139 187
139 193
140 155
140 163
140 193
141 146
141 174
141 180
141 188
141 191
141 199
143 147
143 151
143 156
143 191
144 154
144 172
145 153
145 163
145 176
146 157
146 167
146 169
146 175
146 176
146 182
146 191
147 150
147 154
147 178
147 195
148 166
149 171
150 158
150 169
151 171
151 182
151 185
152 157
152 175
152 177
152 192
152 196
152 197
153 189
155 157
155 198
156 163
156 170
156 176
156 196
157 159
157 170
157 172
157 184
157 199
158 180
159 195
161 184
161 196
162 180
162 189
163 191
163 198
164 193
165 175
166 188
166 189
166 191
166 192
168 195
169 184
170 173
170 199
171 175
171 183
173 176
174 183
174 189
175 185
177 192
179 181
179 182
180 181
185 195
186 197
187 194
188 198
191 196
191 198
