0 1
0 2
0 3
0 4
0 5
0 6
0 7
0 8
0 9
0 10
0 11
0 12
0 13
0 14
0 15
0 16
0 18
0 21
0 23
0 24
0 25
0 26
0 27
0 28
0 30
0 33
0 35
0 36
0 37
0 41
0 49
0 53
0 57
0 62
0 63
0 67
0 70
0 73
0 75
0 89
0 90
0 91
0 94
0 101
0 104
0 112
0 115
0 121
0 122
0 141
0 146
0 150
0 158
0 163
0 165
0 168
0 169
0 170
0 171
0 182
0 194
1 11
1 12
1 14
1 15
1 17
1 20
1 21
1 22
1 23
1 29
1 33
1 38
1 39
1 46
1 61
1 70
1 72
1 76
1 99
1 102
1 110
1 122
1 135
1 141
1 172
1 174
1 198
1 199
2 12
2 13
2 37
2 55
2 56
2 96
2 155
2 174
2 188
3 11
3 12
3 14
3 30
3 32
3 34
3 35
3 47
3 48
3 54
3 55
3 59
3 75
3 79
3 86
3 90
3 93
3 95
3 100
3 115
3 118
3 125
3 135
3 154
3 162
3 163
3 171
3 184
3 193
3 198
4 11
4 12
4 13
4 14
4 15
4 16
4 17
4 18
4 19
4 22
4 23
4 24
4 25
4 26
4 28
4 31
4 32
4 33
4 34
4 36
4 38
4 40
4 44
4 47
4 48
4 51
4 53
4 55
4 57
4 60
4 63
4 77
4 87
4 88
4 90
4 92
4 97
4 99
4 104
4 108
4 111
4 117
4 118
4 119
4 123
4 126
4 129
4 130
4 139
4 144
4 145
4 150
4 152
4 158
4 164
4 167
4 168
4 172
4 176
4 185
4 190
5 11
5 12
5 13
5 14
5 15
5 16
5 17
5 18
5 19
5 22
5 23
5 25
5 26
5 30
5 34
5 40
5 43
5 44
5 50
5 55
5 60
5 67
5 70
5 84
5 86
5 112
5 114
5 118
5 130
5 141
5 154
5 156
5 171
5 172
5 176
6 11
6 13
6 16
6 17
6 18
6 20
6 21
6 24
6 33
6 34
6 35
6 37
6 46
6 51
6 53
6 56
6 57
6 71
6 75
6 82
6 87
6 102
6 103
6 109
6 116
6 147
6 158
6 161
6 170
6 171
6 196
7 11
7 12
7 13
7 14
7 15
7 16
7 17
7 19
7 20
7 22
7 23
7 24
7 29
7 31
7 32
7 34
7 39
7 44
7 45
7 47
7 59
7 63
7 66
7 69
7 72
7 79
7 83
7 88
7 95
7 98
7 102
7 105
7 108
7 109
7 110
7 114
7 116
7 118
7 126
7 129
7 137
7 138
7 140
7 143
7 150
7 153
7 155
7 165
7 173
7 174
7 177
7 182
7 186
7 193
7 199
8 11
8 12
8 16
8 24
8 39
8 42
8 59
8 69
8 70
8 103
8 104
8 131
8 156
8 158
8 169
9 11
9 12
9 13
9 15
9 18
9 21
9 28
9 30
9 31
9 32
9 33
9 41
9 48
9 55
9 58
9 60
9 73
9 93
9 104
9 111
9 113
9 115
9 131
9 142
9 150
9 154
9 159
9 165
9 167
9 170
9 197
10 11
10 13
10 14
10 15
10 16
10 17
10 20
10 21
10 26
10 28
10 29
10 31
10 32
10 37
10 38
10 41
10 42
10 46
10 47
10 48
10 50
10 54
10 58
10 59
10 61
10 63
10 71
10 73
10 81
10 94
10 97
10 111
10 113
10 125
10 136
10 137
10 145
10 149
10 151
10 168
10 171
10 182
10 183
10 187
10 190
11 12
11 13
11 14
11 15
11 17
11 18
11 19
11 20
11 22
11 24
11 26
11 27
11 32
11 33
11 38
11 40
11 42
11 43
11 48
11 49
11 50
11 52
11 56
11 57
11 58
11 59
11 64
11 65
11 70
11 78
11 89
11 90
11 99
11 111
11 175
11 184
12 13
12 14
12 15
12 16
12 18
12 19
12 20
12 22
12 24
12 25
12 27
12 29
12 30
12 31
12 32
12 35
12 39
12 43
12 45
12 50
12 52
12 54
12 61
12 64
12 65
12 69
12 70
12 77
12 84
12 86
12 89
12 92
12 94
12 99
12 100
12 101
12 102
12 109
12 110
12 111
12 116
12 120
12 121
12 123
12 128
12 130
12 131
12 134
12 139
12 142
12 145
12 153
12 157
12 160
12 165
12 166
12 177
12 185
12 187
12 188
12 190
12 196
12 197
12 199
13 14
13 15
13 18
13 20
13 22
13 27
13 28
13 29
13 30
13 34
13 36
13 38
13 40
13 41
13 42
13 45
13 49
13 50
13 51
13 54
13 60
13 66
13 69
13 70
13 74
13 75
13 92
13 96
13 99
13 101
13 107
13 109
13 111
13 112
13 116
13 121
13 122
13 123
13 133
13 142
13 144
13 149
13 155
13 158
13 161
13 165
13 172
13 173
13 197
13 198
14 16
14 17
14 18
14 19
14 20
14 21
14 26
14 27
14 28
14 29
14 31
14 34
14 35
14 38
14 39
14 40
14 41
14 43
14 46
14 49
14 51
14 54
14 59
14 63
14 64
14 72
14 73
14 75
14 79
14 83
14 86
14 90
14 107
14 115
14 117
14 121
14 123
14 126
14 128
14 132
14 140
14 141
14 147
14 148
14 155
14 160
14 179
14 196
15 16
15 17
15 19
15 20
15 23
15 24
15 25
15 26
15 27
15 28
15 30
15 33
15 34
15 36
15 39
15 40
15 41
15 44
15 48
15 52
15 57
15 58
15 59
15 66
15 67
15 69
15 84
15 85
15 89
15 92
15 95
15 107
15 110
15 120
15 125
15 126
15 136
15 148
15 149
15 154
15 167
15 187
15 188
16 17
16 19
16 21
16 22
16 25
16 29
16 31
16 33
16 35
16 36
16 38
16 45
16 46
16 62
16 67
16 80
16 83
16 84
16 92
16 103
16 124
16 127
16 132
16 175
16 186
16 193
17 18
17 19
17 20
17 21
17 22
17 23
17 25
17 29
17 34
17 35
17 38
17 39
17 41
17 44
17 49
17 54
17 56
17 60
17 81
17 82
17 84
17 86
17 87
17 88
17 93
17 98
17 112
17 114
17 135
17 142
17 149
17 150
17 153
17 157
17 158
17 170
17 173
17 184
17 189
17 192
17 197
18 19
18 21
18 23
18 25
18 27
18 31
18 34
18 43
18 48
18 53
18 54
18 55
18 56
18 65
18 78
18 81
18 85
18 90
18 94
18 97
18 98
18 103
18 106
18 111
18 115
18 119
18 132
18 138
18 142
18 145
18 146
18 153
18 160
18 164
18 167
18 173
18 178
18 182
18 188
18 191
19 24
19 27
19 30
19 39
19 41
19 42
19 48
19 50
19 60
19 77
19 79
19 81
19 95
19 110
19 112
19 119
19 121
19 134
19 135
19 157
19 159
20 21
20 23
20 24
20 26
20 29
20 35
20 39
20 40
20 45
20 49
20 63
20 68
20 70
20 72
20 73
20 80
20 84
20 109
20 126
20 141
20 151
20 198
21 22
21 25
21 27
21 29
21 30
21 32
21 37
21 43
21 45
21 63
21 64
21 69
21 88
21 106
21 109
21 111
21 138
21 174
21 183
21 184
22 23
22 25
22 32
22 35
22 46
22 47
22 51
22 52
22 58
22 62
22 63
22 78
22 87
22 91
22 100
22 108
22 118
22 148
22 158
23 26
23 31
23 33
23 37
23 38
23 41
23 50
23 52
23 60
23 68
23 73
23 76
23 93
23 94
23 99
23 105
23 110
23 140
23 146
23 148
23 149
23 150
23 151
23 165
23 187
23 194
24 28
24 40
24 43
24 44
24 51
24 56
24 82
24 101
24 103
24 106
24 113
24 121
24 137
24 146
24 151
24 162
24 185
24 186
25 26
25 28
25 36
25 40
25 42
25 49
25 64
25 66
25 67
25 76
25 78
25 83
25 91
25 100
25 115
25 116
25 117
25 123
25 139
25 144
25 147
25 153
25 156
25 162
25 166
25 170
25 172
25 176
25 183
25 199
26 27
26 33
26 37
26 62
26 80
26 86
26 97
26 103
26 118
26 131
26 137
26 197
27 28
27 30
27 35
27 37
27 43
27 46
27 48
27 61
27 65
27 67
27 71
27 74
27 85
27 91
27 93
27 101
27 102
27 107
27 114
27 121
27 122
27 131
27 136
27 169
27 186
28 36
28 37
28 42
28 43
28 53
28 54
28 55
28 56
28 58
28 62
28 64
28 65
28 66
28 71
28 74
28 82
28 93
28 97
28 107
28 110
28 184
29 36
29 42
29 52
29 77
29 98
29 104
29 106
29 117
29 120
29 161
29 167
29 198
30 31
30 36
30 50
30 52
30 63
30 68
30 77
30 85
30 98
30 100
30 117
30 124
30 142
30 148
30 166
30 180
30 187
30 188
31 32
31 42
31 44
31 48
31 53
31 61
31 63
31 64
31 67
31 68
31 72
31 74
31 83
31 85
31 89
31 94
31 96
31 104
31 105
31 122
31 135
31 163
31 171
31 172
31 180
31 194
32 38
32 51
32 62
32 88
32 102
32 106
32 132
32 135
32 140
32 143
32 149
32 153
32 156
32 165
32 173
32 183
32 191
33 36
33 44
33 47
33 61
33 66
33 67
33 68
33 73
33 75
33 84
33 85
33 88
33 99
33 125
33 138
33 143
33 146
33 163
33 186
34 50
34 65
34 75
34 83
34 127
34 133
34 139
34 156
34 160
34 161
34 181
35 37
35 39
35 40
35 44
35 47
35 53
35 57
35 61
35 67
35 71
35 72
35 80
35 81
35 90
35 98
35 100
35 108
35 113
35 123
35 127
35 129
35 131
35 136
35 157
35 174
35 182
35 184
35 199
36 41
36 45
36 46
36 49
36 56
36 58
36 59
36 77
36 82
36 91
36 106
36 134
36 142
36 148
36 186
37 46
37 57
37 64
37 75
37 80
37 81
37 83
37 107
37 114
37 118
37 120
37 122
37 133
37 136
37 141
37 152
37 160
37 164
37 168
37 175
37 184
37 185
37 188
38 49
38 62
38 68
38 82
38 103
38 126
38 130
38 148
38 170
38 173
38 182
38 191
39 42
39 45
39 60
39 81
39 86
39 87
39 112
39 113
39 127
39 128
39 137
39 140
39 154
39 157
39 167
39 168
39 170
39 179
39 180
39 183
39 189
39 195
40 43
40 44
40 52
40 55
40 59
40 61
40 67
40 78
40 87
40 104
40 106
40 108
40 111
40 134
40 169
40 189
40 198
41 45
41 52
41 62
41 68
41 71
41 81
41 93
41 101
41 117
41 119
41 121
41 129
41 130
41 131
41 134
41 144
41 146
41 159
41 162
41 173
41 180
41 196
42 45
42 47
42 49
42 53
42 57
42 69
42 76
42 97
42 106
42 119
42 126
42 127
42 152
42 154
42 162
42 175
43 47
43 53
43 54
43 61
43 82
43 105
43 128
43 129
43 133
43 135
43 138
43 165
43 168
43 175
43 185
43 189
43 197
44 56
44 71
44 74
44 79
44 86
44 105
44 115
44 179
44 180
45 46
45 47
45 51
45 55
45 58
45 64
45 68
45 80
45 90
45 96
45 120
45 132
45 143
45 146
45 167
45 183
45 188
46 60
46 62
46 73
46 81
46 83
46 85
46 87
46 89
46 110
46 112
46 134
46 147
46 152
46 154
46 162
46 176
46 178
47 51
47 52
47 54
47 65
47 69
47 88
47 96
47 97
47 108
48 55
48 84
48 88
48 92
48 95
48 104
48 112
48 116
48 121
48 132
49 50
49 78
49 80
49 125
50 51
50 57
50 60
50 61
50 71
50 79
50 87
50 98
50 119
50 132
50 140
50 144
50 146
50 166
50 192
50 195
51 66
51 157
51 167
52 53
52 131
52 152
53 57
53 72
53 74
53 76
53 79
53 116
53 122
53 163
53 170
53 174
53 180
54 56
54 58
54 65
54 68
54 71
54 76
54 77
54 95
54 114
54 128
54 138
54 152
54 162
54 196
55 58
55 65
55 69
55 72
55 79
55 85
55 114
55 118
55 160
55 171
56 59
56 79
56 82
56 91
56 93
56 105
56 118
56 144
56 178
56 182
56 189
57 74
57 83
57 101
57 105
57 116
57 127
57 136
57 177
57 179
58 65
58 66
58 74
58 79
58 80
58 91
58 101
58 102
58 104
58 110
58 120
58 126
58 156
58 172
58 177
59 69
59 83
59 86
59 92
59 98
59 108
59 138
59 141
59 147
60 70
60 85
60 89
60 113
60 115
60 172
60 187
61 62
61 78
61 84
61 102
61 111
61 135
61 143
61 166
61 181
62 68
62 74
62 75
62 107
62 113
62 118
62 157
62 190
63 64
63 66
63 77
63 78
63 82
63 91
63 92
63 99
63 109
63 117
63 120
63 133
63 161
63 163
63 181
64 80
64 153
64 197
65 66
65 72
65 73
65 78
65 80
65 95
65 99
65 123
65 125
65 130
65 161
65 163
65 189
65 194
66 71
66 87
66 88
66 97
66 98
66 100
66 113
66 120
66 144
66 159
66 179
66 191
66 194
67 72
67 95
67 96
67 102
67 151
68 75
68 145
68 158
68 170
69 70
69 87
69 89
69 90
69 95
69 100
69 119
69 124
69 128
69 135
69 164
69 179
69 193
70 73
70 76
70 81
70 82
70 89
70 94
70 95
70 104
70 106
70 119
70 128
70 139
70 150
70 155
70 157
70 159
70 164
70 176
70 183
71 76
71 107
71 114
71 122
71 169
71 177
71 181
71 196
72 77
72 105
72 127
72 156
72 160
72 174
72 184
73 74
73 76
73 98
73 103
73 105
73 117
73 140
73 168
73 178
73 184
73 190
73 192
74 77
74 78
74 100
74 108
74 115
74 127
74 132
74 168
75 76
75 90
75 92
75 105
75 132
75 140
75 143
75 147
75 155
75 160
75 173
76 108
76 112
76 129
76 133
76 134
76 138
76 142
76 165
76 169
76 174
77 86
77 93
77 94
77 130
77 134
77 192
78 124
78 129
78 150
78 185
78 197
79 84
79 85
79 125
79 168
79 177
79 185
80 107
80 147
80 163
81 88
81 91
81 109
81 133
81 136
81 157
81 187
82 133
82 196
83 113
83 152
84 96
84 112
84 114
84 131
84 169
84 190
85 91
85 93
85 101
85 107
85 119
85 132
85 191
85 196
86 139
87 94
87 124
87 161
87 198
88 89
88 120
88 128
88 161
89 94
89 96
89 102
89 120
89 137
89 148
89 194
90 96
90 100
90 109
90 124
90 129
90 141
90 159
90 165
90 178
90 182
91 92
91 96
91 148
91 152
91 164
91 192
91 194
92 115
92 135
92 137
92 142
92 151
92 154
92 162
92 167
92 196
93 106
93 113
93 124
93 126
93 139
93 166
94 97
94 101
94 126
94 133
94 136
94 137
94 177
94 193
95 152
95 175
95 182
96 97
96 114
96 116
96 124
96 137
96 145
96 151
96 176
96 180
96 189
97 163
98 99
98 130
98 152
98 195
99 103
99 117
99 124
99 134
99 138
99 168
99 173
99 179
100 124
100 148
100 198
101 103
101 108
101 110
101 123
101 147
101 164
101 178
101 179
101 180
101 185
102 109
102 125
102 130
102 145
102 149
102 193
103 116
103 133
103 143
103 162
103 189
104 134
104 153
105 122
105 123
105 162
105 166
105 174
105 181
105 187
106 145
106 146
106 183
107 122
107 125
107 129
107 141
107 145
107 147
107 159
107 167
107 172
107 190
108 127
108 160
108 190
109 123
109 137
109 171
109 197
110 191
111 138
111 195
112 140
112 141
112 158
112 175
113 121
113 136
113 143
113 144
113 151
114 117
114 151
114 159
115 128
116 181
116 196
117 119
117 128
117 143
117 147
117 149
117 155
117 158
117 170
118 189
118 192
119 140
119 150
119 156
119 166
119 186
120 136
120 177
121 144
121 153
121 166
122 131
122 139
122 145
123 125
123 154
123 155
124 130
124 157
125 127
125 139
125 169
126 144
126 177
126 192
126 193
127 129
127 155
127 159
127 194
128 142
128 159
128 193
129 139
129 146
129 161
129 163
129 164
130 153
130 154
130 181
130 198
132 164
135 143
135 149
135 150
136 189
136 198
137 161
137 171
137 193
137 197
137 199
138 176
138 185
139 188
140 173
141 182
142 156
142 174
142 187
142 195
144 176
145 166
145 181
145 195
146 185
147 160
147 172
147 178
147 183
147 192
148 149
148 181
149 151
149 156
149 175
151 171
151 179
153 155
154 164
154 177
154 178
156 176
156 186
157 180
158 190
158 192
159 181
159 183
160 169
160 199
161 179
162 178
163 186
163 191
163 193
164 169
164 195
166 184
167 194
168 176
168 199
169 194
172 175
172 188
172 195
174 175
174 178
174 186
175 180
176 199
179 192
180 191
183 188
186 187
187 191
188 190
188 195
190 191
190 195
194 199
