0 1
0 2
0 3
0 4
0 5
0 6
0 7
0 8
0 9
0 10
0 11
0 12
0 13
0 14
0 16
0 17
0 18
0 19
0 20
0 22
0 23
0 24
0 26
0 27
0 29
0 30
0 34
0 37
0 40
0 41
0 43
0 45
0 46
0 49
0 54
0 55
0 56
0 60
0 62
0 64
0 66
0 68
0 78
0 80
0 81
0 85
0 87
0 95
0 103
0 108
0 110
0 111
0 115
0 130
0 136
0 137
0 138
0 152
0 153
0 154
0 168
0 169
0 170
0 171
0 185
0 186
0 187
0 198
0 199
1 11
1 12
1 15
1 16
1 17
1 19
1 26
1 32
1 33
1 34
1 39
1 42
1 46
1 47
1 50
1 51
1 61
1 84
1 88
1 98
1 106
1 107
1 109
1 120
1 144
1 145
1 168
1 171
1 184
1 188
2 11
2 12
2 13
2 14
2 15
2 18
2 21
2 22
2 23
2 25
2 30
2 37
2 38
2 48
2 50
2 57
2 71
2 74
2 75
2 82
2 90
2 91
2 92
2 119
2 121
2 123
2 124
2 133
2 151
2 153
2 167
2 168
2 179
3 11
3 12
3 13
3 14
3 17
3 18
3 19
3 20
3 21
3 23
3 24
3 25
3 26
3 29
3 31
3 32
3 33
3 34
3 35
3 38
3 40
3 41
3 50
3 54
3 57
3 59
3 70
3 76
3 85
3 93
3 96
3 106
3 107
3 115
3 120
3 127
3 135
3 142
3 145
3 148
3 162
3 167
3 170
3 175
3 180
4 11
4 12
4 13
4 15
4 20
4 33
4 37
4 49
4 51
4 62
4 105
4 120
4 122
4 144
4 145
4 157
5 13
5 14
5 33
5 46
5 50
5 76
5 114
5 157
5 190
6 11
6 16
6 32
6 40
6 59
6 94
6 150
6 166
6 196
6 198
7 11
7 12
7 14
7 16
7 18
7 20
7 21
7 23
7 24
7 31
7 36
7 38
7 42
7 47
7 49
7 55
7 67
7 80
7 89
7 92
7 101
7 111
7 118
7 119
7 129
7 133
7 134
7 153
7 181
7 183
7 185
7 192
8 11
8 12
8 13
8 15
8 16
8 17
8 18
8 30
8 44
8 51
8 52
8 53
8 63
8 67
8 68
8 80
8 94
8 123
8 147
8 152
9 11
9 12
9 13
9 14
9 15
9 16
9 17
9 19
9 20
9 21
9 22
9 25
9 27
9 34
9 37
9 38
9 39
9 41
9 43
9 44
9 45
9 47
9 51
9 54
9 56
9 57
9 59
9 60
9 70
9 75
9 81
9 83
9 88
9 92
9 94
9 98
9 100
9 102
9 103
9 116
9 120
9 121
9 143
9 144
9 147
9 160
9 162
9 163
9 168
9 182
9 187
9 194
10 11
10 12
10 13
10 14
10 15
10 16
10 25
10 27
10 28
10 31
10 33
10 42
10 43
10 52
10 53
10 56
10 58
10 69
10 85
10 87
10 95
10 96
10 111
10 112
10 123
10 135
10 142
10 146
10 148
10 152
10 163
10 170
10 177
11 12
11 13
11 14
11 15
11 17
11 18
11 23
11 24
11 25
11 27
11 30
11 34
11 36
11 38
11 41
11 42
11 43
11 44
11 46
11 48
11 49
11 52
11 53
11 59
11 63
11 64
11 65
11 67
11 70
11 71
11 73
11 74
11 75
11 76
11 77
11 78
11 79
11 82
11 83
11 89
11 91
11 97
11 98
11 103
11 110
11 113
11 119
11 120
11 122
11 125
11 130
11 139
11 140
11 143
11 144
11 146
11 148
11 149
11 151
11 154
11 165
11 172
11 180
11 181
11 195
11 196
12 13
12 14
12 15
12 16
12 17
12 18
12 19
12 20
12 21
12 23
12 24
12 27
12 28
12 36
12 37
12 40
12 42
12 44
12 46
12 48
12 51
12 58
12 61
12 63
12 69
12 70
12 76
12 80
12 84
12 86
12 88
12 91
12 93
12 94
12 100
12 101
12 104
12 110
12 113
12 114
12 127
12 128
12 131
12 137
12 146
12 153
12 156
12 157
12 159
12 180
12 181
12 184
12 192
12 197
13 14
13 15
13 16
13 19
13 20
13 22
13 23
13 25
13 26
13 28
13 32
13 33
13 36
13 42
13 48
13 50
13 53
13 57
13 59
13 60
13 63
13 64
13 68
13 71
13 72
13 77
13 80
13 82
13 91
13 92
13 98
13 102
13 109
13 113
13 117
13 127
13 128
13 131
13 133
13 142
13 145
13 147
13 153
13 163
13 166
13 167
13 170
13 181
13 188
13 190
14 15
14 17
14 18
14 19
14 21
14 24
14 26
14 28
14 29
14 30
14 31
14 32
14 33
14 34
14 41
14 43
14 44
14 46
14 48
14 49
14 67
14 71
14 90
14 100
14 105
14 113
14 147
14 150
14 166
14 169
14 180
14 183
14 184
14 191
14 192
15 16
15 17
15 18
15 19
15 20
15 22
15 23
15 24
15 28
15 29
15 30
15 31
15 35
15 36
15 37
15 38
15 39
15 42
15 45
15 48
15 51
15 53
15 56
15 63
15 64
15 65
15 67
15 69
15 73
15 77
15 80
15 87
15 100
15 108
15 110
15 116
15 118
15 119
15 127
15 128
15 129
15 132
15 150
15 151
15 156
15 158
15 170
15 175
15 185
15 192
15 197
15 198
16 17
16 21
16 22
16 25
16 26
16 27
16 30
16 32
16 35
16 36
16 39
16 46
16 47
16 48
16 52
16 53
16 55
16 58
16 60
16 66
16 68
16 74
16 76
16 79
16 82
16 83
16 86
16 100
16 105
16 113
16 127
16 129
16 146
16 157
16 158
16 164
16 168
16 177
16 182
16 189
16 191
16 195
17 18
17 19
17 20
17 21
17 22
17 23
17 24
17 25
17 26
17 27
17 36
17 43
17 44
17 45
17 52
17 60
17 61
17 69
17 72
17 77
17 79
17 83
17 87
17 94
17 95
17 96
17 98
17 99
17 102
17 104
17 111
17 116
17 118
17 137
17 144
17 153
17 174
17 196
18 19
18 21
18 22
18 28
18 31
18 41
18 45
18 54
18 55
18 58
18 65
18 90
18 102
18 109
18 118
18 132
18 148
18 149
18 157
18 184
18 191
19 20
19 22
19 24
19 25
19 29
19 30
19 31
19 34
19 35
19 39
19 42
19 47
19 49
19 53
19 57
19 61
19 64
19 68
19 73
19 74
19 81
19 86
19 88
19 97
19 102
19 106
19 109
19 110
19 121
19 122
19 124
19 125
19 126
19 128
19 140
19 142
19 143
19 147
19 149
19 164
19 166
19 169
19 172
20 21
20 23
20 24
20 25
20 26
20 32
20 37
20 45
20 52
20 54
20 62
20 67
20 80
20 81
20 82
20 91
20 92
20 97
20 104
20 118
20 124
20 132
20 137
20 153
20 154
20 159
20 167
20 169
20 172
20 173
20 188
21 22
21 27
21 28
21 29
21 31
21 36
21 39
21 82
21 95
21 111
21 120
21 150
21 161
21 163
21 173
21 178
21 186
21 192
21 197
21 198
22 27
22 29
22 32
22 33
22 38
22 41
22 45
22 48
22 50
22 51
22 55
22 58
22 66
22 67
22 74
22 78
22 83
22 88
22 96
22 101
22 103
22 115
22 116
22 120
22 129
22 131
22 133
22 138
22 145
22 155
22 162
22 166
22 178
22 181
22 184
22 186
22 193
22 197
23 26
23 27
23 28
23 30
23 32
23 35
23 44
23 50
23 53
23 55
23 57
23 59
23 60
23 61
23 65
23 68
23 69
23 76
23 78
23 85
23 86
23 90
23 100
23 111
23 119
23 122
23 124
23 126
23 135
23 136
23 141
23 156
23 162
23 164
23 165
23 173
23 186
24 29
24 38
24 40
24 47
24 48
24 49
24 50
24 51
24 56
24 58
24 61
24 64
24 75
24 76
24 78
24 83
24 86
24 88
24 92
24 95
24 96
24 106
24 108
24 110
24 111
24 131
24 134
24 141
24 145
24 150
24 169
24 172
24 176
24 182
24 189
24 194
25 26
25 29
25 34
25 44
25 74
25 84
25 93
25 97
25 105
25 118
25 121
25 126
25 152
26 28
26 29
26 33
26 34
26 35
26 42
26 43
26 51
26 52
26 54
26 57
26 61
26 73
26 75
26 83
26 95
26 96
26 100
26 102
26 118
26 119
26 122
26 123
26 130
26 140
26 145
26 155
26 164
26 177
26 196
27 28
27 30
27 36
27 37
27 38
27 40
27 71
27 77
27 112
27 126
27 144
27 146
27 164
27 172
27 181
27 189
27 194
28 37
28 47
28 55
28 84
28 87
28 89
28 90
28 101
28 103
28 115
28 116
28 124
28 126
28 140
28 142
28 143
28 167
28 174
28 199
29 31
29 33
29 35
29 39
29 40
29 41
29 53
29 59
29 65
29 87
29 88
29 104
29 114
29 131
29 155
29 171
29 178
29 179
29 188
29 191
30 31
30 32
30 34
30 35
30 36
30 43
30 45
30 46
30 55
30 62
30 65
30 69
30 70
30 77
30 78
30 79
30 81
30 85
30 101
30 114
30 116
30 117
30 121
30 132
30 133
30 135
30 147
30 157
30 163
30 167
30 169
30 183
30 184
30 186
30 188
31 38
31 39
31 40
31 73
31 82
31 85
31 98
31 116
31 120
31 121
31 125
31 130
31 150
31 158
31 159
31 160
31 161
31 167
31 169
31 195
31 198
32 35
32 37
32 52
32 54
32 63
32 64
32 67
32 68
32 71
32 73
32 85
32 89
32 94
32 107
32 111
32 114
32 117
32 124
32 131
32 136
32 140
32 147
32 175
32 177
32 191
32 193
33 39
33 40
33 46
33 52
33 57
33 62
33 65
33 69
33 70
33 71
33 79
33 89
33 96
33 107
33 109
33 114
33 121
33 123
33 130
33 144
33 156
33 159
33 168
33 177
33 183
34 35
34 39
34 47
34 49
34 57
34 58
34 60
34 72
34 75
34 77
34 84
34 107
34 110
34 115
34 125
34 130
34 139
34 143
34 148
34 155
34 156
34 158
34 167
35 58
35 66
35 72
35 81
35 91
35 95
35 101
35 104
35 107
35 160
35 161
36 40
36 41
36 47
36 63
36 64
36 73
36 98
36 104
36 108
36 109
36 127
36 136
36 152
36 161
36 173
36 185
37 41
37 43
37 51
37 61
37 108
37 118
37 128
37 132
37 154
37 182
37 183
38 49
38 50
38 56
38 60
38 66
38 68
38 73
38 74
38 75
38 80
38 83
38 90
38 98
38 101
38 106
38 107
38 112
38 130
38 150
38 152
38 155
38 160
38 162
38 180
38 184
38 186
38 199
39 62
39 67
39 70
39 81
39 108
39 123
39 141
39 193
40 47
40 56
40 59
40 65
40 77
40 95
40 99
40 102
40 108
40 116
40 137
40 153
40 155
40 160
40 181
40 186
41 42
41 44
41 45
41 46
41 48
41 63
41 69
41 77
41 78
41 88
41 89
41 97
41 138
41 149
41 154
41 155
41 157
41 158
41 159
41 195
42 43
42 44
42 58
42 61
42 64
42 67
42 76
42 91
42 99
42 139
42 174
42 198
43 45
43 56
43 104
43 136
43 139
43 187
43 190
44 60
44 93
44 96
44 105
44 124
44 125
44 126
44 135
44 137
44 172
44 175
44 176
45 54
45 65
45 76
45 114
45 132
45 173
46 49
46 53
46 54
46 58
46 79
46 117
46 135
46 142
46 154
46 175
46 185
46 194
47 60
47 66
47 69
47 74
47 80
47 129
48 55
48 64
48 66
48 84
48 90
48 97
48 112
48 140
48 165
48 169
49 50
49 54
49 66
49 88
49 94
49 95
49 99
49 107
49 131
49 176
49 192
50 57
50 62
50 68
50 71
50 73
50 75
50 77
50 83
50 103
50 117
50 118
50 119
50 121
50 123
50 134
50 140
50 145
50 151
50 182
50 183
50 186
50 194
51 52
51 74
51 86
51 97
51 125
51 147
51 178
51 184
51 188
52 59
52 66
52 76
52 79
52 96
52 113
52 114
52 117
52 119
52 162
53 55
53 56
53 62
53 63
53 72
53 79
53 87
53 91
53 93
53 105
53 116
53 117
53 123
53 131
53 136
53 155
53 196
54 56
54 59
54 62
54 70
54 72
54 86
54 94
54 104
54 133
54 143
54 169
54 181
55 84
55 87
55 142
55 150
55 194
56 62
56 63
56 84
56 107
56 128
56 129
56 135
56 138
57 61
57 81
57 84
57 90
57 93
57 99
57 108
57 112
57 120
57 133
57 134
57 136
57 164
57 178
58 72
58 132
58 164
58 175
59 65
59 72
59 87
59 133
59 140
59 149
59 152
59 156
59 158
59 166
59 182
60 70
60 74
60 78
60 81
60 94
60 100
60 113
60 134
60 151
60 161
60 176
60 191
60 195
61 88
61 97
61 134
62 82
62 90
62 101
62 105
62 106
62 112
62 138
62 139
62 176
62 196
63 70
63 97
63 111
63 126
63 151
63 159
63 160
63 168
64 68
64 71
64 73
64 79
64 83
64 85
64 89
64 99
64 118
64 132
64 138
64 139
64 142
64 145
64 158
64 159
64 164
64 174
64 175
64 189
64 191
65 66
65 72
65 81
65 98
65 103
65 104
65 115
65 121
65 139
65 140
65 144
65 149
65 151
65 160
65 163
66 71
66 85
66 104
66 137
66 153
66 154
66 166
66 178
66 192
67 69
67 78
67 106
67 112
67 127
67 130
67 137
67 146
67 177
67 188
67 189
67 193
67 197
68 75
68 82
68 148
68 170
68 190
69 91
69 92
69 103
69 114
69 148
69 152
69 156
69 189
69 190
70 72
70 82
70 85
70 89
70 95
70 102
70 110
70 122
70 129
70 131
70 155
70 162
70 163
70 185
70 199
71 75
71 93
71 99
71 108
71 119
71 126
71 128
71 148
71 156
71 194
72 86
72 90
72 117
72 124
72 132
72 146
73 86
73 96
73 99
73 137
73 140
73 159
73 176
73 182
74 122
74 160
74 183
75 94
75 113
75 135
75 146
75 178
75 196
76 100
76 113
76 126
76 170
77 78
77 79
77 92
77 110
77 117
77 127
77 193
78 80
78 102
78 106
78 126
78 129
78 153
78 165
79 93
79 113
79 120
79 127
79 134
79 143
79 149
79 171
79 183
79 192
79 193
80 111
80 125
80 166
80 189
80 198
81 97
81 141
81 156
81 174
81 175
81 177
82 92
82 98
82 109
82 122
82 125
82 128
82 133
82 145
82 173
82 185
83 84
83 93
83 99
83 114
83 119
83 172
83 175
83 195
84 86
84 87
84 136
85 89
85 92
85 116
85 143
85 150
85 179
85 180
85 187
86 106
86 109
86 115
87 101
87 115
87 139
87 149
87 154
87 163
87 187
88 89
88 91
88 101
88 125
88 131
88 167
88 175
88 181
88 185
89 102
89 112
89 172
90 93
90 99
90 100
90 105
90 132
90 149
90 171
90 177
90 194
91 103
91 109
91 122
91 135
91 171
91 180
91 191
92 129
92 134
92 143
92 150
92 151
92 162
92 173
92 199
93 108
93 112
93 123
93 133
93 138
93 144
93 158
93 182
94 106
94 186
94 199
95 187
96 105
96 173
97 103
97 110
97 115
97 159
97 174
97 178
97 190
97 198
98 109
98 177
99 112
99 123
99 124
99 125
99 185
99 189
99 196
100 182
100 190
101 105
101 130
101 161
102 141
102 154
102 161
103 128
103 141
103 187
104 134
104 141
104 167
104 184
105 107
105 179
105 193
107 139
108 121
108 130
108 176
109 124
109 172
109 179
109 183
110 148
110 165
110 170
111 115
111 146
111 161
111 163
111 176
112 151
112 152
112 160
112 170
112 180
112 193
113 128
113 129
113 190
114 122
114 139
114 173
114 174
114 179
114 196
115 117
115 165
115 180
115 197
117 127
117 141
118 135
118 171
119 144
120 168
120 171
121 136
121 186
121 193
122 138
122 141
123 136
124 143
124 163
125 134
125 158
125 165
125 188
126 138
126 142
126 157
126 165
126 190
127 137
127 147
127 168
127 179
127 188
129 148
129 165
129 195
130 154
130 161
130 166
130 197
131 147
131 174
132 177
132 182
132 191
133 142
134 157
134 173
134 195
135 157
136 156
136 197
137 138
137 159
137 160
138 149
138 155
138 197
139 141
139 164
139 180
143 146
144 183
145 178
145 198
146 152
147 161
147 162
147 176
148 170
148 199
149 165
149 195
150 151
150 168
150 178
150 179
152 162
152 190
154 158
154 164
155 176
155 191
158 179
158 193
158 196
159 172
159 194
160 174
160 188
161 169
161 171
161 189
161 195
162 174
162 185
162 199
163 179
163 192
163 194
164 187
165 166
165 187
166 171
166 181
168 184
168 187
176 199
178 198
185 189
185 192
190 199
193 197
