0 1
0 2
0 3
0 4
0 5
0 6
0 7
0 8
0 9
0 10
0 11
0 12
0 13
0 14
0 15
0 16
0 17
0 18
0 19
0 20
0 21
0 22
0 23
0 24
0 26
0 27
0 28
0 29
0 31
0 33
0 34
0 36
0 37
0 39
0 41
0 44
0 46
0 53
0 56
0 58
0 59
0 62
0 63
0 64
0 65
0 66
0 68
0 72
0 79
0 81
0 88
0 89
0 91
0 93
0 98
0 99
0 101
0 102
0 107
0 111
0 113
0 115
0 117
0 123
0 128
0 132
0 134
0 137
0 139
0 146
0 151
0 155
0 158
0 170
0 172
0 177
0 178
0 181
0 186
0 199
1 16
1 17
1 18
1 19
1 20
1 21
1 22
1 23
1 27
1 30
1 33
1 43
1 51
1 52
1 54
1 57
1 62
1 65
1 72
1 73
1 76
1 85
1 92
1 95
1 97
1 144
1 147
1 148
1 152
1 165
1 194
2 16
2 17
2 20
2 28
2 30
2 32
2 44
2 49
2 57
2 64
2 76
2 87
2 97
2 99
2 120
2 126
2 177
3 16
3 17
3 18
3 30
3 32
3 40
3 47
3 67
3 79
3 90
3 96
3 100
3 112
3 116
3 122
3 125
3 129
3 137
3 141
3 146
3 147
3 159
3 165
3 168
3 174
3 191
3 198
4 16
4 18
4 19
4 21
4 22
4 23
4 24
4 25
4 27
4 29
4 30
4 31
4 35
4 36
4 37
4 38
4 42
4 43
4 46
4 48
4 51
4 52
4 53
4 54
4 58
4 62
4 67
4 73
4 74
4 75
4 76
4 87
4 103
4 107
4 115
4 122
4 124
4 125
4 138
4 149
4 170
4 172
4 179
4 189
5 16
5 17
5 18
5 19
5 20
5 22
5 23
5 25
5 27
5 29
5 31
5 39
5 40
5 41
5 42
5 43
5 46
5 48
5 57
5 67
5 68
5 71
5 88
5 92
5 94
5 97
5 102
5 121
5 124
5 145
5 158
5 163
5 190
5 194
6 16
6 17
6 18
6 19
6 20
6 21
6 24
6 25
6 26
6 29
6 36
6 38
6 41
6 45
6 47
6 49
6 50
6 65
6 67
6 73
6 74
6 75
6 76
6 77
6 81
6 84
6 90
6 93
6 99
6 102
6 109
6 110
6 114
6 116
6 120
6 126
6 133
6 148
6 149
6 153
6 155
6 156
6 160
6 165
6 175
6 186
6 193
6 196
6 197
7 16
7 17
7 21
7 22
7 23
7 24
7 25
7 27
7 28
7 30
7 33
7 36
7 40
7 43
7 56
7 58
7 59
7 60
7 62
7 63
7 66
7 70
7 71
7 72
7 77
7 89
7 91
7 94
7 95
7 96
7 97
7 102
7 105
7 106
7 109
7 113
7 117
7 119
7 121
7 136
7 138
7 144
7 145
7 146
7 148
7 149
7 150
7 155
7 157
7 160
7 167
7 170
7 174
7 178
7 184
7 195
8 16
8 17
8 18
8 19
8 20
8 21
8 22
8 27
8 28
8 34
8 35
8 39
8 44
8 47
8 48
8 50
8 52
8 53
8 54
8 57
8 60
8 61
8 63
8 64
8 68
8 77
8 80
8 81
8 84
8 85
8 86
8 88
8 94
8 107
8 108
8 131
8 140
8 144
8 145
8 150
8 160
8 167
8 168
8 170
8 173
8 182
8 185
8 188
8 190
8 191
8 192
8 197
8 198
9 16
9 18
9 20
9 21
9 30
9 37
9 38
9 39
9 40
9 45
9 51
9 53
9 54
9 62
9 67
9 83
9 90
9 101
9 105
9 107
9 109
9 115
9 123
9 128
9 141
9 149
9 163
9 174
10 17
10 19
10 24
10 33
10 69
10 79
10 89
10 92
10 115
10 185
10 187
10 192
11 16
11 17
11 18
11 19
11 20
11 21
11 22
11 23
11 24
11 26
11 27
11 31
11 33
11 35
11 36
11 37
11 40
11 46
11 48
11 49
11 50
11 54
11 56
11 59
11 61
11 64
11 75
11 99
11 109
11 120
11 146
11 148
11 153
11 157
11 169
11 172
11 184
12 16
12 17
12 18
12 19
12 20
12 23
12 26
12 28
12 30
12 31
12 34
12 35
12 37
12 42
12 54
12 59
12 61
12 62
12 64
12 80
12 101
12 106
12 108
12 109
12 111
12 118
12 123
12 127
12 128
12 138
12 139
12 155
12 158
12 172
12 193
12 194
12 198
13 16
13 17
13 18
13 19
13 20
13 22
13 25
13 26
13 29
13 33
13 34
13 35
13 48
13 53
13 56
13 59
13 70
13 71
13 76
13 77
13 80
13 82
13 89
13 90
13 93
13 98
13 99
13 112
13 121
13 132
13 137
13 146
13 150
13 155
13 165
13 174
13 180
13 182
13 188
13 199
14 16
14 17
14 18
14 19
14 21
14 22
14 23
14 24
14 25
14 26
14 27
14 28
14 29
14 33
14 37
14 38
14 41
14 44
14 46
14 48
14 51
14 57
14 58
14 64
14 68
14 78
14 81
14 87
14 90
14 97
14 104
14 108
14 112
14 124
14 128
14 131
14 138
14 140
14 146
14 151
14 162
14 166
14 169
14 174
14 182
14 189
14 198
15 16
15 17
15 18
15 19
15 20
15 21
15 26
15 27
15 29
15 30
15 34
15 36
15 37
15 43
15 49
15 58
15 63
15 77
15 80
15 85
15 86
15 106
15 109
15 114
15 119
15 147
15 152
15 153
15 154
15 159
15 161
15 162
15 163
15 195
16 17
16 18
16 19
16 20
16 21
16 22
16 23
16 24
16 25
16 26
16 28
16 29
16 31
16 32
16 34
16 35
16 36
16 38
16 40
16 42
16 49
16 50
16 55
16 56
16 60
16 61
16 62
16 67
16 69
16 78
16 81
16 84
16 87
16 88
16 91
16 92
16 94
16 95
16 98
16 102
16 103
16 107
16 108
16 111
16 117
16 119
16 121
16 128
16 136
16 141
16 145
16 147
16 156
16 165
16 170
16 173
16 181
16 183
16 187
16 189
16 191
17 18
17 19
17 20
17 21
17 22
17 23
17 24
17 25
17 26
17 27
17 28
17 29
17 30
17 31
17 38
17 39
17 41
17 42
17 44
17 46
17 47
17 50
17 53
17 54
17 62
17 63
17 68
17 69
17 70
17 72
17 77
17 84
17 89
17 91
17 97
17 98
17 104
17 106
17 107
17 111
17 113
17 114
17 118
17 125
17 126
17 129
17 131
17 137
17 139
17 158
17 159
17 162
17 164
17 170
17 181
17 182
17 183
17 186
17 192
17 194
18 19
18 20
18 21
18 22
18 23
18 24
18 25
18 26
18 27
18 28
18 29
18 30
18 32
18 34
18 35
18 36
18 37
18 38
18 39
18 42
18 43
18 44
18 45
18 47
18 49
18 50
18 51
18 53
18 57
18 59
18 63
18 72
18 81
18 83
18 85
18 86
18 89
18 92
18 100
18 103
18 104
18 115
18 119
18 121
18 122
18 124
18 125
18 130
18 134
18 137
18 141
18 142
18 143
18 147
18 155
18 158
18 159
18 169
18 174
18 176
18 177
18 178
18 187
18 197
19 20
19 21
19 22
19 23
19 24
19 25
19 26
19 27
19 28
19 29
19 30
19 31
19 35
19 40
19 42
19 48
19 49
19 50
19 53
19 54
19 55
19 56
19 57
19 59
19 60
19 62
19 67
19 69
19 70
19 73
19 75
19 84
19 86
19 89
19 91
19 102
19 103
19 109
19 110
19 113
19 114
19 115
19 116
19 117
19 118
19 136
19 151
19 152
19 153
19 154
19 155
19 161
19 164
19 181
19 182
19 184
19 186
20 21
20 22
20 23
20 24
20 25
20 27
20 28
20 30
20 31
20 32
20 33
20 34
20 35
20 37
20 38
20 40
20 42
20 44
20 45
20 47
20 50
20 51
20 56
20 57
20 58
20 60
20 63
20 65
20 66
20 67
20 68
20 71
20 73
20 74
20 75
20 81
20 82
20 85
20 87
20 92
20 100
20 104
20 110
20 114
20 120
20 133
20 136
20 137
20 138
20 144
20 147
20 158
20 162
20 181
20 182
20 185
20 189
21 22
21 23
21 24
21 25
21 26
21 30
21 31
21 32
21 35
21 36
21 38
21 40
21 41
21 42
21 44
21 46
21 49
21 50
21 51
21 52
21 57
21 58
21 62
21 63
21 65
21 66
21 68
21 70
21 79
21 85
21 86
21 92
21 95
21 99
21 103
21 104
21 107
21 113
21 114
21 115
21 116
21 127
21 141
21 142
21 147
21 153
21 158
21 159
21 160
21 168
21 175
21 176
21 180
21 185
21 196
21 198
22 23
22 24
22 25
22 27
22 28
22 29
22 31
22 32
22 33
22 34
22 36
22 37
22 40
22 41
22 43
22 44
22 45
22 46
22 47
22 48
22 52
22 54
22 56
22 57
22 58
22 64
22 65
22 69
22 74
22 79
22 82
22 85
22 87
22 96
22 105
22 106
22 107
22 108
22 110
22 113
22 117
22 124
22 126
22 127
22 135
22 141
22 150
22 152
22 166
22 172
22 187
22 188
22 189
22 191
23 24
23 25
23 26
23 27
23 28
23 29
23 30
23 31
23 32
23 33
23 34
23 35
23 38
23 41
23 43
23 44
23 47
23 49
23 51
23 57
23 59
23 69
23 73
23 83
23 84
23 87
23 90
23 100
23 105
23 108
23 112
23 115
23 122
23 127
23 129
23 130
23 138
23 141
23 148
23 160
23 165
23 167
23 173
23 180
23 183
23 192
23 197
24 25
24 26
24 31
24 32
24 33
24 35
24 41
24 43
24 45
24 49
24 53
24 54
24 66
24 67
24 74
24 78
24 81
24 82
24 91
24 93
24 94
24 98
24 104
24 106
24 107
24 108
24 110
24 111
24 112
24 116
24 118
24 120
24 128
24 166
24 168
24 176
24 179
24 180
24 183
24 184
24 189
24 193
24 194
25 26
25 28
25 31
25 32
25 34
25 35
25 37
25 38
25 39
25 40
25 41
25 45
25 47
25 48
25 55
25 56
25 58
25 64
25 66
25 68
25 69
25 75
25 79
25 80
25 81
25 89
25 90
25 91
25 92
25 96
25 100
25 104
25 108
25 117
25 119
25 122
25 128
25 133
25 144
25 145
25 148
25 153
25 156
25 169
25 174
25 175
25 177
25 186
25 189
25 190
26 28
26 29
26 32
26 33
26 39
26 40
26 45
26 48
26 50
26 53
26 54
26 55
26 58
26 63
26 67
26 73
26 74
26 79
26 80
26 82
26 83
26 84
26 86
26 90
26 97
26 100
26 107
26 112
26 115
26 116
26 127
26 128
26 130
26 131
26 133
26 137
26 151
26 157
26 164
26 166
26 171
26 172
26 178
26 184
27 29
27 33
27 37
27 38
27 43
27 46
27 47
27 49
27 55
27 58
27 66
27 70
27 71
27 75
27 92
27 95
27 110
27 111
27 113
27 126
27 132
27 138
27 156
27 168
27 171
27 175
27 180
27 187
27 191
27 196
27 197
28 30
28 32
28 33
28 34
28 35
28 36
28 39
28 45
28 48
28 52
28 56
28 59
28 60
28 70
28 71
28 72
28 76
28 82
28 83
28 86
28 88
28 95
28 101
28 103
28 104
28 105
28 111
28 118
28 125
28 134
28 135
28 142
28 151
28 156
28 164
28 168
28 183
28 184
28 187
28 188
28 194
28 195
28 199
29 32
29 34
29 35
29 37
29 39
29 46
29 47
29 50
29 53
29 55
29 56
29 65
29 71
29 73
29 77
29 81
29 96
29 97
29 102
29 106
29 111
29 116
29 119
29 121
29 127
29 130
29 131
29 134
29 139
29 145
29 147
29 149
29 154
29 157
29 160
29 161
29 162
29 171
29 174
29 183
29 193
29 195
30 31
30 32
30 34
30 36
30 38
30 39
30 43
30 44
30 45
30 51
30 55
30 65
30 73
30 78
30 86
30 87
30 92
30 116
30 123
30 124
30 128
30 131
30 132
30 139
30 144
30 146
30 157
30 170
30 171
30 174
30 178
30 188
30 195
31 32
31 34
31 36
31 39
31 40
31 41
31 44
31 50
31 57
31 59
31 68
31 73
31 74
31 81
31 89
31 107
31 113
31 114
31 115
31 119
31 128
31 134
31 144
31 162
31 173
31 177
31 189
32 33
32 38
32 39
32 40
32 41
32 44
32 45
32 48
32 51
32 56
32 57
32 59
32 60
32 64
32 65
32 68
32 70
32 73
32 77
32 80
32 82
32 84
32 97
32 99
32 100
32 104
32 120
32 122
32 124
32 132
32 136
32 138
32 143
32 163
32 165
32 170
32 182
32 184
33 36
33 38
33 41
33 42
33 43
33 45
33 46
33 47
33 48
33 52
33 54
33 55
33 56
33 61
33 63
33 64
33 66
33 69
33 70
33 72
33 74
33 75
33 76
33 79
33 86
33 90
33 93
33 97
33 98
33 102
33 105
33 114
33 115
33 117
33 120
33 124
33 127
33 135
33 137
33 139
33 145
33 153
33 156
33 162
33 163
33 168
33 170
33 175
33 180
33 190
33 196
34 37
34 39
34 40
34 41
34 42
34 43
34 50
34 51
34 62
34 63
34 67
34 72
34 86
34 89
34 101
34 106
34 120
34 122
34 125
34 129
34 136
34 147
34 158
34 160
34 166
34 188
34 197
35 36
35 37
35 49
35 52
35 55
35 56
35 57
35 58
35 60
35 61
35 62
35 66
35 69
35 73
35 76
35 77
35 78
35 79
35 82
35 86
35 88
35 90
35 91
35 96
35 98
35 101
35 103
35 104
35 108
35 110
35 113
35 117
35 120
35 123
35 125
35 135
35 140
35 142
35 144
35 146
35 154
35 155
35 156
35 166
35 167
35 179
36 42
36 49
36 51
36 58
36 59
36 61
36 63
36 65
36 74
36 77
36 79
36 84
36 89
36 93
36 96
36 97
36 105
36 118
36 126
36 133
36 142
36 146
36 148
36 170
36 171
36 176
36 180
36 186
36 193
36 195
37 39
37 55
37 66
37 78
37 83
37 97
37 109
37 123
37 126
37 142
37 154
37 162
37 164
37 166
37 173
37 174
37 178
37 199
38 42
38 43
38 45
38 47
38 53
38 64
38 70
38 75
38 86
38 87
38 95
38 101
38 107
38 110
38 111
38 114
38 124
38 131
38 133
38 135
38 160
38 161
38 169
38 175
38 176
38 178
38 179
38 186
38 191
38 193
38 196
39 44
39 46
39 51
39 58
39 73
39 79
39 90
39 91
39 97
39 103
39 118
39 123
39 130
39 132
39 140
39 154
39 164
39 165
39 167
39 176
39 188
40 41
40 42
40 44
40 46
40 48
40 50
40 65
40 67
40 68
40 75
40 83
40 88
40 100
40 107
40 111
40 112
40 120
40 129
40 148
40 152
40 155
40 169
40 175
40 183
40 187
41 42
41 43
41 45
41 50
41 52
41 53
41 57
41 59
41 63
41 67
41 71
41 77
41 80
41 95
41 96
41 106
41 109
41 112
41 119
41 128
41 129
41 133
41 139
41 153
41 155
41 166
41 176
41 177
41 197
41 198
41 199
42 46
42 47
42 51
42 55
42 60
42 61
42 63
42 64
42 71
42 75
42 78
42 94
42 95
42 102
42 125
42 143
42 145
42 158
42 159
42 164
42 165
42 174
43 48
43 55
43 60
43 62
43 70
43 83
43 91
43 106
43 114
43 126
43 127
43 129
43 130
43 133
43 142
43 149
43 177
43 195
43 197
44 45
44 46
44 49
44 52
44 59
44 60
44 69
44 76
44 78
44 83
44 84
44 88
44 93
44 95
44 100
44 103
44 110
44 118
44 119
44 136
44 139
44 140
44 144
44 146
44 152
44 156
44 158
44 161
44 169
44 191
45 52
45 54
45 55
45 66
45 84
45 93
45 146
45 167
45 173
46 47
46 49
46 52
46 54
46 64
46 65
46 70
46 71
46 75
46 77
46 78
46 100
46 112
46 117
46 121
46 126
46 128
46 143
46 167
46 180
46 185
46 192
47 53
47 65
47 66
47 68
47 70
47 71
47 74
47 80
47 82
47 85
47 91
47 93
47 94
47 99
47 101
47 109
47 111
47 117
47 118
47 145
47 152
47 157
47 161
47 164
47 176
47 177
47 180
47 184
47 193
48 51
48 52
48 59
48 68
48 70
48 71
48 88
48 104
48 105
48 119
48 122
48 138
48 143
48 150
48 173
48 190
48 191
49 52
49 58
49 61
49 65
49 68
49 72
49 94
49 95
49 99
49 122
49 196
50 52
50 60
50 72
50 80
50 84
50 86
50 88
50 91
50 98
50 100
50 103
50 152
50 153
50 156
50 160
50 163
50 188
51 53
51 54
51 56
51 60
51 61
51 69
51 79
51 81
51 94
51 96
51 99
51 103
51 114
51 136
51 142
51 159
51 162
51 169
51 176
51 197
51 198
52 61
52 64
52 69
52 72
52 78
52 82
52 88
52 92
52 98
52 100
52 106
52 110
52 112
52 118
52 122
52 123
52 132
52 144
52 147
52 167
52 168
52 173
52 175
52 186
52 199
53 55
53 60
53 62
53 71
53 76
53 78
53 82
53 101
53 103
53 110
53 111
53 112
53 117
53 132
53 143
53 146
53 153
53 167
53 180
53 181
53 194
53 197
53 199
54 55
54 61
54 62
54 66
54 81
54 85
54 96
54 97
54 98
54 102
54 106
54 118
54 122
54 124
54 125
54 129
54 137
54 146
54 148
54 153
54 156
54 172
55 61
55 68
55 72
55 74
55 79
55 84
55 85
55 86
55 108
55 109
55 115
55 141
55 150
55 171
55 178
55 181
55 186
55 192
55 199
56 76
56 87
56 122
56 129
56 140
56 152
56 176
56 179
56 198
57 60
57 63
57 65
57 66
57 71
57 74
57 80
57 83
57 84
57 85
57 88
57 93
57 94
57 99
57 110
57 121
57 123
57 125
57 129
57 140
57 147
57 163
57 164
57 179
57 198
58 69
58 73
58 82
58 85
58 89
58 93
58 117
58 132
58 143
58 149
58 166
58 187
59 61
59 72
59 76
59 77
59 79
59 82
59 83
59 95
59 100
59 105
59 121
59 123
59 128
59 129
59 132
59 137
59 141
59 143
59 151
59 160
59 184
59 189
59 190
59 192
59 193
60 61
60 67
60 80
60 109
60 114
60 133
60 134
60 161
60 171
60 191
61 64
61 73
61 77
61 78
61 80
61 83
61 92
61 93
61 96
61 98
61 104
61 113
61 126
61 133
61 136
61 152
61 154
61 162
61 167
61 182
62 67
62 79
62 85
62 87
62 93
62 121
62 148
62 151
62 185
63 69
63 75
63 81
63 82
63 87
63 90
63 102
63 112
63 123
63 124
63 135
63 147
63 150
63 179
63 196
64 66
64 69
64 74
64 76
64 89
64 113
64 154
64 177
64 179
64 189
65 78
65 80
65 83
65 102
65 110
65 124
65 136
65 139
65 164
65 196
66 74
66 85
66 131
66 154
66 168
66 173
67 71
67 75
67 92
67 104
67 113
67 135
67 145
67 152
67 159
67 190
68 70
68 72
68 98
68 100
68 105
68 112
68 120
68 126
68 127
68 130
68 134
68 146
68 149
68 166
68 168
68 182
68 196
68 198
69 75
69 81
69 89
69 95
69 130
69 136
69 139
69 169
69 175
70 72
70 74
70 77
70 78
70 90
70 93
70 96
70 106
70 123
70 129
70 138
70 142
70 188
70 192
71 76
71 108
71 110
71 127
71 128
71 138
71 148
71 162
71 176
71 192
71 193
72 83
72 109
72 115
72 119
72 122
72 140
72 144
72 145
72 160
72 167
72 171
72 179
72 181
73 78
73 95
73 104
73 113
73 116
73 122
73 124
73 127
73 133
73 142
73 158
73 159
73 160
73 162
73 163
73 166
73 175
73 183
74 80
74 109
74 116
74 137
74 151
74 168
74 172
74 188
75 76
75 84
75 86
75 105
75 118
75 131
75 132
75 155
75 156
75 157
75 175
75 185
76 85
76 92
76 96
76 98
76 103
76 105
76 108
76 116
76 126
76 135
76 153
76 164
76 165
76 169
76 174
76 178
77 82
77 83
77 96
77 102
77 114
77 115
77 125
77 132
77 134
77 160
77 172
77 183
77 194
78 134
78 135
78 154
78 174
78 185
79 92
79 94
79 117
79 148
79 150
79 154
79 184
79 188
79 190
79 191
80 91
80 94
80 101
80 107
80 119
80 120
80 129
80 135
80 140
80 157
80 166
81 87
81 88
81 91
81 94
81 113
81 125
81 136
81 140
81 142
81 144
81 153
81 194
82 88
82 90
82 94
82 108
82 117
82 133
82 148
82 149
82 158
82 159
82 180
82 196
83 88
83 90
83 101
83 112
83 116
83 123
83 143
83 152
83 161
83 169
83 171
83 194
83 199
84 87
84 89
84 91
84 95
84 98
84 103
84 117
84 122
84 127
84 134
84 140
84 158
84 184
84 189
84 196
84 199
85 106
85 116
85 119
85 121
85 127
85 137
85 145
85 150
85 157
85 165
85 175
85 176
85 177
86 87
86 113
86 152
86 171
86 172
86 178
86 191
86 198
87 102
87 136
87 162
87 163
87 180
87 198
88 96
88 108
88 114
88 123
88 125
88 141
88 163
88 179
88 189
88 194
89 98
89 101
89 123
89 161
89 169
89 170
89 178
89 195
90 99
90 101
90 105
90 115
90 131
90 139
91 107
91 112
91 121
91 165
91 181
91 182
91 187
91 188
91 189
91 194
92 93
92 94
92 99
92 101
92 103
92 114
92 143
92 144
92 168
92 182
93 97
93 131
93 133
93 137
93 139
93 150
93 152
93 155
93 156
93 159
93 179
94 100
94 111
94 116
94 121
94 140
94 143
94 171
95 119
95 128
95 140
95 150
95 173
95 187
95 193
96 99
96 105
96 130
96 149
96 178
96 199
97 99
97 130
97 142
97 183
97 198
98 102
98 104
98 120
98 130
98 134
98 142
98 144
98 147
98 150
98 167
99 111
99 129
99 136
99 149
100 101
100 110
100 116
100 118
100 135
100 154
100 173
100 186
101 121
101 143
101 150
102 105
102 172
102 173
102 178
103 108
103 111
103 118
103 120
103 132
103 133
103 143
103 161
103 164
103 170
103 181
104 106
104 124
104 126
104 127
104 137
104 153
104 154
104 156
104 157
104 177
104 186
105 124
105 141
105 142
105 185
105 192
106 132
106 138
106 145
106 160
106 193
106 197
107 125
107 126
107 161
107 192
108 109
108 121
108 138
108 155
108 185
108 188
109 130
109 132
109 141
109 148
109 159
109 170
110 151
110 161
111 134
111 154
111 161
111 175
111 183
112 129
112 133
112 135
112 139
112 145
112 151
112 187
112 189
112 196
112 197
113 141
113 144
113 149
113 157
114 118
114 158
114 166
115 125
115 126
115 127
115 131
115 134
115 135
115 138
115 165
115 181
115 183
116 136
116 170
117 135
117 143
117 149
117 187
117 192
118 119
118 120
118 150
118 161
118 182
119 135
119 140
119 145
119 149
119 156
119 159
119 177
119 181
119 190
119 195
119 197
119 198
119 199
120 168
121 130
121 143
121 164
121 172
122 138
122 139
122 147
122 165
122 169
122 175
122 182
122 193
123 130
123 131
123 137
123 139
123 157
123 166
123 174
123 195
124 134
124 146
124 157
124 170
125 131
125 151
125 155
125 166
125 171
125 176
125 178
125 187
125 199
126 148
127 131
127 150
127 164
127 169
128 159
128 162
128 171
128 179
128 185
129 130
129 134
129 164
130 156
131 157
131 176
132 151
132 183
132 190
133 141
133 151
133 153
133 168
133 171
134 163
134 193
134 199
135 141
135 149
135 157
136 140
136 184
136 194
137 190
137 193
138 182
139 142
139 152
139 167
139 184
140 163
140 177
141 147
141 151
141 184
142 155
142 158
142 173
143 161
143 172
143 185
143 190
143 191
144 154
144 160
144 173
144 186
144 191
145 181
146 151
146 172
146 173
147 179
147 183
147 191
148 159
148 163
148 196
149 163
149 165
149 183
149 185
149 195
149 197
150 188
150 190
151 171
151 172
151 180
151 187
153 162
153 167
153 176
153 181
153 184
154 163
154 192
155 175
155 186
157 180
157 181
158 169
158 195
160 178
161 167
161 168
162 180
162 198
163 174
163 188
163 189
164 182
164 187
164 196
165 192
166 195
169 177
169 186
170 190
171 177
171 185
171 190
172 179
175 197
176 179
176 185
177 192
177 199
178 186
182 194
183 194
187 191
187 196
189 193
190 195
194 195
