0 1
0 2
0 3
0 4
0 5
0 6
0 7
0 8
0 9
0 10
0 11
0 12
0 13
0 14
0 16
0 17
0 19
0 20
0 21
0 22
0 25
0 26
0 27
0 28
0 29
0 32
0 34
0 35
0 36
0 40
0 43
0 45
0 46
0 48
0 49
0 50
0 51
0 57
0 60
0 63
0 74
0 75
0 77
0 78
0 81
0 84
0 86
0 87
0 93
0 94
0 97
0 98
0 100
0 108
0 113
0 114
0 116
0 122
0 123
0 125
0 127
0 130
0 131
0 141
0 146
0 148
0 153
0 157
0 168
0 179
0 181
0 183
0 192
0 194
0 197
0 199
1 11
1 12
1 15
1 16
1 17
1 24
1 26
1 27
1 35
1 40
1 45
1 77
1 86
1 108
1 111
1 113
1 128
1 133
1 146
1 160
2 11
2 12
2 13
2 14
2 15
2 16
2 18
2 19
2 22
2 24
2 27
2 31
2 36
2 37
2 38
2 45
2 48
2 49
2 51
2 53
2 58
2 59
2 61
2 68
2 70
2 71
2 72
2 73
2 82
2 85
2 93
2 96
2 111
2 120
2 125
2 131
2 165
2 168
2 179
2 188
2 192
2 193
3 11
3 12
3 13
3 14
3 15
3 17
3 19
3 20
3 22
3 23
3 24
3 34
3 38
3 39
3 40
3 41
3 43
3 45
3 61
3 65
3 68
3 70
3 79
3 91
3 100
3 103
3 105
3 108
3 122
3 123
3 124
3 140
3 174
3 178
3 195
4 11
4 12
4 13
4 14
4 15
4 16
4 18
4 19
4 21
4 24
4 26
4 27
4 30
4 39
4 41
4 44
4 46
4 47
4 50
4 55
4 63
4 66
4 75
4 80
4 83
4 86
4 88
4 90
4 95
4 104
4 108
4 115
4 120
4 122
4 129
4 132
4 139
4 147
4 152
4 154
4 161
4 164
4 171
4 172
4 173
4 196
5 11
5 12
5 13
5 14
5 15
5 16
5 18
5 20
5 21
5 24
5 25
5 34
5 35
5 36
5 37
5 38
5 39
5 52
5 63
5 68
5 72
5 73
5 75
5 77
5 83
5 86
5 89
5 91
5 96
5 105
5 116
5 119
5 137
5 153
5 155
5 179
6 11
6 12
6 15
6 16
6 17
6 18
6 19
6 34
6 50
6 62
6 65
6 69
6 70
6 95
6 97
6 100
6 111
6 154
6 158
6 177
6 187
6 191
6 196
7 11
7 13
7 14
7 23
7 25
7 31
7 33
7 35
7 44
7 48
7 56
7 60
7 62
7 79
7 88
7 91
7 98
7 100
7 134
7 149
7 152
7 153
7 157
7 185
7 198
8 11
8 12
8 13
8 16
8 17
8 20
8 21
8 22
8 23
8 25
8 29
8 30
8 38
8 41
8 44
8 50
8 54
8 60
8 69
8 71
8 74
8 75
8 76
8 89
8 91
8 105
8 109
8 112
8 115
8 128
8 142
8 144
8 167
8 171
9 11
9 12
9 13
9 14
9 15
9 17
9 18
9 23
9 25
9 28
9 30
9 38
9 42
9 47
9 51
9 57
9 64
9 66
9 68
9 73
9 76
9 80
9 87
9 88
9 103
9 107
9 110
9 118
9 121
9 122
9 123
9 124
9 130
9 138
9 140
9 145
9 150
9 159
9 163
9 167
9 176
9 190
9 193
10 45
10 64
10 67
10 79
10 102
10 146
10 161
10 177
11 12
11 13
11 14
11 15
11 17
11 18
11 19
11 20
11 21
11 22
11 24
11 26
11 30
11 31
11 33
11 34
11 35
11 36
11 38
11 39
11 40
11 41
11 42
11 43
11 46
11 50
11 51
11 52
11 54
11 62
11 64
11 67
11 69
11 90
11 98
11 104
11 107
11 113
11 118
11 121
11 135
11 149
11 151
11 153
11 155
11 159
11 173
11 180
11 192
11 194
11 197
12 13
12 14
12 15
12 17
12 18
12 19
12 21
12 23
12 26
12 28
12 29
12 30
12 41
12 43
12 44
12 46
12 47
12 48
12 51
12 52
12 57
12 60
12 62
12 69
12 74
12 83
12 84
12 88
12 91
12 93
12 99
12 100
12 112
12 113
12 114
12 125
12 127
12 128
12 130
12 150
12 159
12 164
12 178
12 183
12 186
13 14
13 16
13 17
13 18
13 19
13 20
13 27
13 29
13 30
13 32
13 33
13 35
13 37
13 39
13 40
13 41
13 42
13 50
13 51
13 55
13 59
13 61
13 64
13 66
13 76
13 81
13 88
13 90
13 92
13 98
13 101
13 104
13 105
13 106
13 110
13 119
13 134
13 152
13 183
13 190
13 195
13 196
14 15
14 16
14 17
14 18
14 20
14 21
14 22
14 26
14 29
14 32
14 36
14 41
14 43
14 48
14 56
14 59
14 61
14 67
14 76
14 87
14 89
14 90
14 104
14 107
14 112
14 119
14 124
14 129
14 130
14 142
14 147
14 149
14 158
14 160
14 169
14 177
14 179
14 199
15 16
15 19
15 20
15 22
15 23
15 25
15 28
15 29
15 30
15 31
15 32
15 33
15 42
15 43
15 44
15 49
15 52
15 53
15 56
15 65
15 71
15 73
15 76
15 86
15 90
15 92
15 94
15 104
15 106
15 107
15 111
15 118
15 128
15 137
15 143
15 144
15 154
15 180
15 195
15 199
16 21
16 23
16 24
16 25
16 26
16 28
16 31
16 34
16 37
16 38
16 46
16 52
16 58
16 69
16 71
16 74
16 80
16 83
16 87
16 93
16 95
16 100
16 101
16 105
16 110
16 116
16 121
16 129
16 142
16 151
16 155
16 163
16 167
16 175
16 177
16 193
16 194
16 198
16 199
17 18
17 20
17 22
17 27
17 39
17 47
17 59
17 72
17 77
17 82
17 94
17 95
17 117
17 118
17 128
17 137
17 159
17 166
17 185
17 191
17 193
18 19
18 20
18 21
18 24
18 25
18 26
18 27
18 28
18 29
18 31
18 34
18 36
18 37
18 42
18 48
18 49
18 54
18 55
18 56
18 57
18 59
18 65
18 72
18 79
18 82
18 85
18 90
18 103
18 109
18 111
18 112
18 122
18 132
18 133
18 135
18 141
18 147
18 152
18 155
18 162
18 166
18 168
18 169
18 176
18 179
18 180
18 187
19 21
19 22
19 24
19 26
19 27
19 28
19 29
19 30
19 31
19 32
19 35
19 39
19 46
19 47
19 52
19 53
19 55
19 56
19 64
19 66
19 78
19 86
19 91
19 98
19 99
19 101
19 113
19 122
19 127
19 131
19 132
19 141
19 143
19 145
19 148
19 150
19 152
19 184
19 194
19 196
19 197
20 23
20 25
20 27
20 28
20 30
20 32
20 33
20 34
20 36
20 40
20 47
20 48
20 49
20 50
20 53
20 58
20 59
20 65
20 71
20 101
20 102
20 103
20 106
20 127
20 132
20 147
20 148
20 167
20 169
20 171
20 192
20 198
21 22
21 23
21 24
21 26
21 27
21 29
21 32
21 36
21 37
21 38
21 42
21 47
21 48
21 62
21 68
21 82
21 124
21 140
21 144
21 162
21 179
21 185
21 186
22 23
22 36
22 43
22 44
22 46
22 49
22 52
22 56
22 57
22 63
22 64
22 77
22 78
22 79
22 88
22 89
22 104
22 108
22 115
22 118
22 159
22 170
22 172
22 173
22 175
22 178
22 185
22 187
22 198
23 25
23 28
23 29
23 31
23 32
23 36
23 44
23 52
23 68
23 80
23 90
23 97
23 98
23 99
23 120
23 129
23 130
23 140
23 157
23 158
23 160
23 163
23 166
23 191
23 197
24 38
24 40
24 64
24 85
24 105
24 107
24 110
24 125
24 132
24 150
24 151
24 186
24 188
24 189
25 30
25 31
25 35
25 39
25 50
25 51
25 57
25 59
25 60
25 62
25 67
25 81
25 83
25 88
25 92
25 95
25 112
25 114
25 120
25 130
25 134
25 151
25 163
25 169
25 173
25 182
26 32
26 33
26 34
26 40
26 41
26 42
26 43
26 45
26 49
26 50
26 60
26 61
26 66
26 71
26 77
26 79
26 80
26 84
26 85
26 89
26 93
26 98
26 110
26 116
26 117
26 124
26 128
26 164
26 167
26 175
26 188
27 28
27 51
27 55
27 56
27 57
27 58
27 63
27 64
27 66
27 82
27 113
27 123
27 126
27 159
27 166
27 196
28 32
28 33
28 35
28 44
28 46
28 53
28 60
28 68
28 80
28 82
28 91
28 111
28 117
28 119
28 126
28 139
28 145
28 170
28 184
28 193
29 31
29 33
29 34
29 37
29 39
29 42
29 60
29 72
29 75
29 84
29 95
29 102
29 113
29 120
29 123
29 125
29 126
29 131
29 135
29 139
29 141
29 143
29 148
29 149
29 151
29 152
29 154
29 166
29 170
29 172
29 177
29 184
29 191
29 192
30 33
30 35
30 52
30 61
30 70
30 80
30 86
30 97
30 107
30 108
30 120
30 126
30 129
30 132
30 142
30 151
30 166
30 180
30 195
31 33
31 37
31 40
31 42
31 45
31 49
31 51
31 53
31 55
31 58
31 61
31 71
31 75
31 79
31 96
31 101
31 104
31 106
31 109
31 114
31 118
31 122
31 134
31 135
31 138
31 139
31 141
31 148
31 152
31 156
31 167
31 172
31 173
31 175
31 184
31 188
31 189
32 38
32 63
32 84
32 94
32 102
32 120
32 121
32 122
32 128
32 133
32 136
32 148
32 157
32 167
32 184
32 189
32 192
32 197
33 40
33 44
33 45
33 47
33 54
33 92
33 96
33 119
33 127
33 138
33 142
33 181
34 37
34 43
34 45
34 47
34 48
34 53
34 54
34 56
34 58
34 60
34 67
34 71
34 76
34 77
34 81
34 82
34 85
34 94
34 99
34 101
34 102
34 115
34 120
34 131
34 132
34 139
34 146
34 151
34 154
34 157
34 159
34 183
34 190
35 43
35 45
35 46
35 47
35 65
35 72
35 89
35 93
35 101
35 144
35 148
35 180
35 190
36 37
36 39
36 41
36 52
36 57
36 72
36 81
36 83
36 105
36 172
36 178
37 42
37 53
37 62
37 63
37 65
37 78
37 81
37 94
37 99
37 107
37 144
37 155
37 158
37 161
37 170
37 171
37 174
37 198
38 49
38 51
38 53
38 56
38 63
38 67
38 76
38 79
38 86
38 118
38 135
38 139
38 146
39 70
39 77
39 83
39 90
39 103
39 105
39 128
39 129
39 145
39 149
39 163
39 171
39 180
39 182
40 41
40 49
40 58
40 72
40 80
40 87
40 91
40 96
40 99
40 109
40 160
40 195
41 44
41 53
41 54
41 55
41 58
41 59
41 62
41 67
41 84
41 92
41 112
41 116
41 118
41 142
41 144
41 146
41 153
41 188
41 190
41 191
42 46
42 50
42 57
42 69
42 81
42 132
42 145
42 156
42 180
42 181
43 56
43 75
43 78
43 110
43 121
43 137
43 142
43 160
43 164
43 193
44 48
44 54
44 63
44 69
44 74
44 99
44 123
44 128
44 136
44 149
44 162
44 169
44 178
45 66
45 106
45 143
45 178
46 55
46 62
46 70
46 76
46 84
46 85
46 92
46 94
46 106
46 120
46 156
46 167
46 173
47 54
47 74
47 85
47 95
47 102
47 108
47 128
47 133
47 138
47 161
47 176
48 78
48 89
48 104
48 105
48 116
48 125
48 144
48 165
48 174
48 178
49 54
49 61
49 74
49 94
49 115
49 130
49 133
49 134
49 144
49 171
50 66
50 67
50 73
50 75
50 89
50 104
50 109
50 121
50 123
50 124
50 141
50 148
50 153
50 161
50 168
50 169
50 171
50 172
50 184
50 190
51 54
51 55
51 58
51 59
51 61
51 65
51 67
51 69
51 75
51 85
51 96
51 112
51 117
51 118
51 136
51 157
51 158
51 171
51 172
51 173
51 183
51 197
51 198
52 57
52 58
52 61
52 63
52 64
52 78
52 82
52 87
52 88
52 97
52 110
52 126
52 141
52 149
52 154
52 177
52 181
53 77
53 78
53 129
53 132
53 175
54 55
54 59
54 60
54 65
54 73
54 74
54 76
54 77
54 80
54 99
54 103
54 125
54 127
54 135
54 149
54 159
54 161
54 165
54 191
54 195
54 197
55 62
55 73
55 192
55 194
56 65
56 73
56 94
56 104
56 138
56 140
56 158
56 192
57 68
57 91
57 106
57 122
57 131
57 136
57 141
57 142
57 144
57 148
57 160
57 161
57 162
57 174
57 175
57 181
57 187
58 66
58 69
58 75
58 147
58 162
58 169
58 178
58 182
58 196
59 66
59 68
59 83
59 86
59 87
59 89
59 97
59 110
59 113
59 119
59 135
59 142
59 147
59 182
60 70
60 136
61 67
61 85
61 90
61 97
61 105
61 111
61 116
61 125
61 134
61 157
61 162
61 189
62 73
62 81
62 85
62 100
62 101
62 111
62 117
62 131
62 138
62 151
62 163
62 168
62 171
63 64
63 69
63 70
63 71
63 90
63 92
63 93
63 107
63 112
63 114
63 126
63 129
63 134
63 147
63 185
63 187
64 71
64 72
64 87
64 109
64 119
64 130
64 156
64 187
65 83
65 88
65 124
65 147
65 152
65 199
66 68
66 74
66 80
66 82
66 84
66 98
66 115
66 117
66 124
66 132
66 143
66 155
66 161
66 162
66 168
66 195
67 70
67 79
67 87
67 152
67 163
68 72
68 84
68 89
68 93
68 106
68 111
68 116
68 123
68 126
68 127
68 133
68 137
68 139
68 145
68 155
68 160
68 184
69 70
69 73
69 100
69 115
69 126
69 138
69 150
69 160
69 176
69 180
69 184
70 76
70 86
70 92
70 97
70 139
70 150
70 156
70 164
70 173
70 179
71 81
71 84
71 93
71 110
71 168
72 74
72 103
72 154
73 96
73 117
73 125
73 136
73 157
74 79
74 81
74 135
74 143
74 162
75 78
75 92
75 97
75 99
75 103
75 113
75 114
75 143
75 147
75 156
75 180
75 191
76 82
76 102
76 152
76 164
76 170
76 183
77 78
77 92
77 96
77 129
77 140
77 163
77 183
78 97
78 102
78 193
79 110
79 115
81 83
81 88
81 94
81 98
81 109
81 112
81 114
81 116
81 119
81 121
81 137
81 172
81 182
82 123
82 125
82 127
83 136
83 146
84 93
84 96
84 103
84 108
84 137
84 164
84 170
84 173
84 194
85 91
85 100
85 106
85 109
85 116
85 135
85 147
86 87
86 114
86 120
86 174
86 183
87 95
87 114
87 117
87 166
87 197
88 95
88 101
88 138
88 150
88 155
89 95
89 96
89 102
89 127
89 137
89 165
90 114
90 119
90 126
90 144
90 149
91 151
91 176
92 106
92 143
92 156
92 157
93 126
93 137
93 179
93 197
94 98
94 102
94 108
94 133
94 158
94 181
94 184
94 190
95 99
95 123
95 145
95 159
95 189
96 108
96 149
96 169
96 178
97 100
97 103
97 130
97 146
97 150
97 151
97 162
97 168
97 189
98 111
98 174
99 122
99 136
99 154
99 163
99 177
100 101
100 119
100 146
100 169
101 112
101 117
101 121
101 158
101 176
101 178
102 141
104 107
104 145
104 161
104 165
105 109
105 117
105 127
105 133
105 134
105 165
105 166
106 107
106 121
106 137
107 109
107 139
107 153
107 170
109 141
109 160
109 188
110 115
110 131
110 139
110 172
110 173
111 131
111 138
111 140
111 146
111 175
111 189
112 113
112 165
112 166
112 170
113 118
113 133
113 154
113 166
114 115
114 130
114 170
115 121
115 124
115 140
115 183
115 185
115 188
115 193
116 135
116 153
116 162
117 124
117 134
117 163
117 183
118 140
118 153
119 150
119 156
119 165
119 176
119 186
119 198
120 133
120 138
120 193
121 143
121 174
122 131
122 186
123 143
124 145
124 190
124 196
125 140
125 175
126 142
126 190
126 193
127 197
127 198
128 129
128 134
128 167
128 189
129 136
129 196
130 156
131 136
132 145
132 158
132 181
132 186
132 196
133 167
133 168
133 175
133 176
133 179
134 165
134 176
134 182
135 184
136 175
136 182
136 189
137 155
137 177
137 181
138 160
139 192
139 199
142 153
142 174
142 176
142 182
143 150
143 164
144 182
145 186
145 189
145 195
146 156
146 185
146 191
146 194
147 148
147 154
147 182
147 191
148 155
148 181
150 164
150 165
152 187
153 157
153 170
153 179
154 194
156 158
156 159
156 161
157 190
158 177
159 188
160 181
160 194
161 188
162 164
162 169
162 174
162 198
164 174
164 198
165 172
165 186
166 171
167 168
167 185
167 186
167 194
171 185
171 187
172 177
172 180
174 199
177 187
177 196
179 186
179 191
179 199
182 185
183 187
185 188
185 192
185 195
187 195
194 199
196 199
