0 1
0 2
0 3
0 4
0 5
0 6
0 7
0 8
0 9
0 10
0 11
0 12
0 13
0 14
0 15
0 16
0 17
0 19
0 20
0 22
0 23
0 24
0 26
0 27
0 29
0 30
0 31
0 33
0 34
0 35
0 36
0 37
0 38
0 42
0 43
0 44
0 45
0 48
0 50
0 51
0 53
0 58
0 59
0 63
0 64
0 66
0 69
0 72
0 73
0 76
0 77
0 78
0 79
0 82
0 87
0 89
0 90
0 92
0 94
0 96
0 104
0 110
0 112
0 114
0 116
0 120
0 122
0 124
0 125
0 126
0 132
0 136
0 139
0 140
0 151
0 155
0 157
0 167
0 175
0 179
0 181
0 186
0 187
0 189
0 191
1 11
1 13
1 14
1 15
1 16
1 17
1 18
1 20
1 25
1 28
1 30
1 32
1 33
1 37
1 40
1 47
1 49
1 53
1 57
1 58
1 69
1 71
1 90
1 98
1 119
1 122
1 130
1 132
1 135
1 145
1 153
1 162
1 172
2 11
2 12
2 13
2 15
2 16
2 19
2 21
2 24
2 34
2 37
2 44
2 57
2 64
2 67
2 68
2 73
2 83
2 96
2 99
2 131
2 133
2 136
2 138
2 172
2 175
3 11
3 12
3 13
3 14
3 16
3 21
3 32
3 46
3 47
3 73
3 78
3 82
3 115
3 128
3 131
3 147
3 164
3 166
3 185
4 11
4 12
4 13
4 14
4 15
4 17
4 18
4 19
4 21
4 23
4 25
4 29
4 39
4 43
4 45
4 49
4 81
4 87
4 91
4 92
4 104
4 110
4 113
4 118
4 160
4 169
5 11
5 12
5 13
5 15
5 19
5 21
5 22
5 24
5 26
5 36
5 39
5 44
5 48
5 49
5 53
5 54
5 65
5 67
5 72
5 84
5 92
5 102
5 112
5 120
5 122
5 128
5 146
5 164
5 196
6 11
6 12
6 33
6 53
6 54
6 83
6 94
6 125
6 132
6 168
6 198
7 12
7 14
7 15
7 19
7 23
7 26
7 30
7 31
7 33
7 35
7 45
7 53
7 56
7 59
7 62
7 72
7 89
7 93
7 101
7 105
7 116
7 117
7 127
7 138
7 143
7 150
8 11
8 12
8 13
8 15
8 16
8 17
8 21
8 27
8 28
8 29
8 31
8 43
8 50
8 52
8 63
8 64
8 88
8 91
8 106
8 115
8 132
8 147
8 157
8 171
8 172
9 11
9 14
9 18
9 20
9 21
9 30
9 35
9 36
9 42
9 48
9 51
9 58
9 60
9 61
9 67
9 75
9 102
9 115
9 129
9 130
9 135
9 185
9 191
9 195
10 11
10 12
10 13
10 14
10 17
10 20
10 27
10 31
10 42
10 50
10 52
10 54
10 57
10 62
10 63
10 75
10 79
10 102
10 124
10 125
10 141
10 142
10 155
10 173
10 177
10 180
10 185
10 186
11 12
11 13
11 14
11 15
11 16
11 17
11 18
11 19
11 20
11 21
11 23
11 24
11 25
11 26
11 27
11 28
11 29
11 30
11 32
11 33
11 34
11 35
11 38
11 39
11 40
11 45
11 50
11 51
11 56
11 57
11 59
11 70
11 72
11 75
11 76
11 77
11 79
11 98
11 101
11 103
11 105
11 121
11 137
11 140
11 145
11 146
11 147
11 148
11 150
11 158
11 160
11 161
11 166
11 183
11 192
11 197
11 199
12 13
12 14
12 15
12 16
12 17
12 18
12 19
12 20
12 22
12 23
12 25
12 27
12 29
12 31
12 32
12 34
12 35
12 37
12 39
12 40
12 43
12 45
12 46
12 49
12 50
12 54
12 58
12 61
12 64
12 71
12 75
12 76
12 78
12 79
12 82
12 85
12 87
12 89
12 92
12 93
12 96
12 99
12 111
12 114
12 117
12 118
12 122
12 124
12 125
12 129
12 131
12 133
12 141
12 147
12 156
12 163
12 167
12 176
12 181
12 183
12 187
12 190
12 191
12 193
12 195
12 197
13 14
13 16
13 18
13 19
13 20
13 22
13 24
13 25
13 26
13 27
13 29
13 30
13 32
13 35
13 37
13 40
13 41
13 43
13 46
13 47
13 48
13 51
13 56
13 57
13 59
13 63
13 66
13 68
13 69
13 71
13 72
13 76
13 80
13 82
13 83
13 85
13 87
13 89
13 97
13 100
13 104
13 106
13 107
13 111
13 113
13 117
13 120
13 126
13 134
13 136
13 143
13 155
13 157
13 175
13 179
13 199
14 15
14 16
14 17
14 18
14 20
14 22
14 24
14 25
14 27
14 28
14 29
14 35
14 38
14 40
14 41
14 42
14 43
14 46
14 47
14 51
14 57
14 62
14 78
14 81
14 84
14 85
14 87
14 88
14 90
14 101
14 105
14 107
14 108
14 111
14 112
14 113
14 119
14 122
14 123
14 124
14 137
14 139
14 142
14 144
14 146
14 154
14 164
14 170
14 176
14 188
14 191
14 192
14 193
15 16
15 17
15 18
15 21
15 22
15 25
15 26
15 27
15 28
15 29
15 31
15 34
15 35
15 36
15 41
15 46
15 47
15 55
15 56
15 66
15 69
15 70
15 74
15 75
15 79
15 86
15 87
15 90
15 96
15 97
15 98
15 99
15 111
15 113
15 137
15 140
15 142
15 145
15 147
15 148
15 160
15 176
15 180
15 189
15 192
15 195
16 17
16 18
16 19
16 20
16 22
16 23
16 24
16 25
16 26
16 27
16 28
16 30
16 31
16 32
16 33
16 35
16 38
16 39
16 42
16 44
16 48
16 51
16 52
16 58
16 63
16 69
16 76
16 77
16 81
16 85
16 86
16 88
16 100
16 101
16 103
16 105
16 118
16 121
16 134
16 135
16 136
16 147
16 150
16 155
16 160
16 161
16 164
16 169
16 176
16 180
16 187
16 199
17 18
17 19
17 23
17 26
17 27
17 31
17 32
17 36
17 37
17 40
17 43
17 44
17 51
17 54
17 55
17 65
17 67
17 73
17 79
17 80
17 84
17 90
17 96
17 107
17 119
17 122
17 123
17 131
17 135
17 136
17 138
17 152
17 154
17 157
17 168
17 169
17 192
17 194
18 20
18 22
18 23
18 24
18 30
18 33
18 37
18 40
18 41
18 42
18 44
18 48
18 50
18 62
18 66
18 70
18 73
18 74
18 77
18 82
18 86
18 88
18 91
18 94
18 95
18 99
18 102
18 104
18 106
18 107
18 109
18 119
18 130
18 143
18 149
18 156
18 158
18 168
18 171
18 174
18 186
18 187
18 196
18 199
19 21
19 22
19 24
19 28
19 31
19 32
19 39
19 42
19 44
19 50
19 52
19 53
19 55
19 59
19 63
19 71
19 72
19 88
19 96
19 100
19 106
19 108
19 110
19 114
19 131
19 133
19 138
19 162
19 164
19 169
19 172
19 179
19 186
19 187
20 21
20 23
20 25
20 49
20 50
20 65
20 75
20 76
20 77
20 78
20 79
20 91
20 92
20 94
20 98
20 104
20 109
20 137
20 143
20 150
20 156
20 158
20 159
20 166
20 191
21 22
21 26
21 28
21 34
21 37
21 39
21 41
21 52
21 60
21 64
21 67
21 73
21 77
21 78
21 82
21 83
21 86
21 95
21 99
21 111
21 114
21 115
21 117
21 118
21 159
21 168
21 180
21 181
21 189
22 23
22 32
22 49
22 61
22 71
22 74
22 78
22 92
22 97
22 99
22 100
22 109
22 114
22 116
22 126
22 128
22 138
22 173
22 188
22 189
22 195
23 24
23 36
23 38
23 41
23 52
23 79
23 81
23 102
23 127
23 146
23 151
23 155
24 25
24 26
24 28
24 30
24 32
24 36
24 40
24 42
24 45
24 52
24 55
24 56
24 61
24 63
24 70
24 73
24 95
24 103
24 106
24 108
24 112
24 115
24 125
24 132
24 134
24 142
24 152
24 163
24 173
24 174
24 175
24 194
24 196
24 197
25 33
25 37
25 38
25 47
25 48
25 51
25 59
25 60
25 64
25 66
25 69
25 70
25 74
25 79
25 82
25 90
25 94
25 95
25 97
25 102
25 128
25 140
25 158
25 164
25 176
25 185
25 189
26 29
26 34
26 43
26 49
26 50
26 55
26 58
26 59
26 60
26 63
26 65
26 68
26 83
26 85
26 91
26 99
26 102
26 120
26 127
26 138
26 145
26 171
26 173
26 176
26 179
26 184
26 190
27 28
27 29
27 33
27 34
27 36
27 37
27 38
27 39
27 43
27 44
27 46
27 50
27 56
27 80
27 89
27 98
27 106
27 111
27 119
27 121
27 131
27 132
27 137
27 139
27 141
27 146
27 150
27 161
27 192
27 198
28 38
28 46
28 53
28 57
28 61
28 68
28 70
28 72
28 76
28 78
28 89
28 90
28 107
28 145
28 153
28 154
28 157
28 182
28 188
28 190
29 30
29 34
29 36
29 39
29 46
29 53
29 54
29 56
29 59
29 60
29 62
29 64
29 88
29 98
29 100
29 103
29 113
29 120
29 124
29 129
29 133
29 134
29 168
29 183
29 184
29 190
29 194
30 31
30 33
30 56
30 61
30 87
30 94
30 100
30 106
30 108
30 114
30 128
30 167
30 176
30 192
31 34
31 36
31 39
31 41
31 42
31 45
31 62
31 66
31 82
31 85
31 97
31 111
31 124
31 131
31 140
31 145
31 158
31 180
31 188
32 54
32 55
32 68
32 115
32 123
32 144
33 40
33 45
33 60
33 66
33 81
33 84
33 94
33 95
33 96
33 97
33 129
33 169
33 176
33 178
33 185
34 35
34 44
34 45
34 48
34 59
34 67
34 84
34 93
34 110
34 119
34 136
34 159
34 170
34 176
34 183
35 41
35 43
35 47
35 52
35 68
35 70
35 83
35 84
35 112
35 199
36 38
36 46
36 49
36 51
36 52
36 57
36 61
36 66
36 82
36 88
36 93
36 98
36 101
36 103
36 112
36 132
36 181
36 195
37 38
37 41
37 47
37 55
37 58
37 62
37 65
37 107
37 115
37 116
37 118
37 120
37 121
37 124
37 130
37 152
37 159
37 166
37 170
37 181
38 41
38 49
38 54
38 60
38 67
38 70
38 74
38 80
38 92
38 97
38 117
38 131
38 146
38 161
38 166
38 174
38 182
38 185
39 40
39 47
39 48
39 53
39 54
39 65
39 67
39 69
39 134
39 135
39 143
39 158
39 172
39 195
39 196
40 42
40 63
40 64
40 94
40 117
40 118
40 129
40 148
40 156
40 161
40 178
41 52
41 55
41 60
41 71
41 73
41 76
41 88
41 121
41 123
41 126
41 137
41 160
42 45
42 48
42 49
42 58
42 67
42 68
42 69
42 97
42 107
42 109
42 116
42 119
42 142
42 144
42 153
42 156
42 161
42 162
42 167
42 170
42 173
42 174
42 175
42 182
42 188
43 44
43 56
43 60
43 72
43 73
43 80
43 85
43 93
43 105
43 122
43 145
43 149
43 153
43 179
43 199
44 77
44 80
44 90
44 98
44 100
44 103
44 174
44 192
45 46
45 51
45 63
45 64
45 68
45 72
45 74
45 76
45 91
45 94
45 110
45 111
45 116
45 130
45 139
45 165
46 47
46 55
46 62
46 77
46 92
46 93
46 96
46 99
46 104
46 105
46 107
46 108
46 109
46 113
46 114
46 124
46 127
46 144
46 156
46 174
46 179
47 53
47 55
47 57
47 71
47 86
47 112
47 113
47 115
47 188
48 65
48 68
48 102
48 103
48 116
48 118
48 133
48 134
48 144
48 169
48 170
48 181
48 186
48 193
49 61
49 91
49 101
49 108
49 129
49 165
49 175
50 71
50 102
50 136
50 138
50 141
50 149
50 155
50 182
51 54
51 58
51 95
51 101
51 121
51 135
51 144
51 152
51 187
51 195
52 62
52 89
52 103
52 121
52 127
53 56
53 61
53 66
53 91
53 95
53 98
53 141
53 156
53 172
53 191
53 194
54 62
54 65
54 66
54 67
54 70
54 74
54 81
54 87
54 123
54 128
54 133
54 149
54 160
54 174
54 179
54 193
55 58
55 60
55 61
55 68
55 77
55 87
55 100
55 142
55 150
55 154
55 157
55 167
55 194
56 57
56 82
56 136
56 170
56 175
56 183
56 193
57 59
57 65
57 75
57 84
57 85
57 89
57 110
57 120
57 149
57 195
58 75
58 105
58 107
58 110
58 151
58 153
58 154
58 170
59 64
59 86
59 96
59 109
60 77
60 81
60 97
60 117
60 122
60 134
60 138
60 139
60 198
61 71
61 74
61 83
61 101
61 128
61 152
61 159
61 181
61 189
61 196
62 69
62 74
62 76
62 90
62 106
62 121
62 144
62 150
62 159
62 167
62 181
62 189
63 89
63 153
64 65
64 84
64 92
64 105
64 108
64 141
64 148
64 165
64 187
64 193
65 95
65 98
65 118
65 159
65 197
65 199
66 75
66 80
66 136
66 143
66 154
66 160
66 163
66 165
66 187
66 188
66 190
67 69
67 73
67 86
67 88
67 89
67 95
67 107
67 166
67 179
67 187
67 193
67 194
68 70
68 78
68 80
68 92
68 109
68 113
68 122
68 147
68 149
68 157
68 163
68 164
68 172
69 71
69 74
69 110
69 119
69 143
69 144
69 182
70 75
70 81
70 135
70 141
70 146
70 156
70 183
70 192
71 72
71 80
71 81
71 84
71 124
71 146
71 154
72 79
72 87
72 90
72 93
72 105
72 109
72 139
72 151
72 154
72 163
72 165
72 167
73 101
73 110
73 123
74 83
74 84
74 91
74 150
74 166
74 178
75 94
75 104
75 105
75 113
75 114
75 135
75 141
75 158
75 160
75 163
75 177
75 180
75 184
75 198
76 81
76 143
76 148
77 78
77 85
77 123
77 162
77 166
78 80
78 86
78 91
78 97
78 101
78 116
78 120
78 143
78 145
78 149
78 160
78 165
78 168
78 171
78 186
79 103
79 104
79 108
79 114
79 135
79 152
79 182
79 184
79 190
79 192
79 197
80 83
80 85
80 93
80 100
80 102
80 103
80 115
80 126
80 127
80 129
80 142
80 143
80 145
80 147
80 151
80 159
80 162
80 169
80 175
80 193
81 86
81 88
81 119
81 122
81 123
81 125
81 128
81 130
81 133
81 171
82 83
82 117
82 127
82 129
83 100
83 119
83 123
83 127
83 148
83 165
84 86
84 99
84 111
84 149
84 180
84 196
85 93
85 108
85 118
85 124
85 125
85 126
85 155
85 157
85 159
85 160
85 165
85 174
85 178
85 184
85 186
86 93
86 111
86 133
86 152
86 168
86 182
86 184
87 109
87 127
87 129
87 130
87 133
87 146
87 177
87 198
88 96
88 99
88 153
88 178
89 106
89 108
89 147
89 158
89 190
90 95
90 114
90 117
91 109
91 146
92 115
92 120
92 125
92 130
92 148
92 178
93 104
93 106
93 110
93 120
93 190
93 193
93 194
93 195
93 197
94 132
94 140
94 149
94 153
94 155
94 181
94 195
95 116
95 125
95 126
95 135
96 139
97 126
98 140
99 157
100 121
100 134
100 148
100 156
100 161
100 169
101 131
101 174
102 104
102 118
102 132
102 163
102 187
102 198
103 128
103 158
104 112
104 127
104 151
104 171
104 196
105 112
105 128
105 133
105 162
106 168
106 173
107 112
107 123
107 140
107 163
107 166
108 113
109 117
109 140
109 147
109 167
109 184
110 130
110 169
111 144
111 179
112 116
112 126
112 177
112 185
112 188
112 191
112 196
113 132
113 152
113 183
113 191
113 194
113 198
114 155
115 139
115 154
115 199
116 150
116 159
116 162
116 182
117 149
117 172
117 176
118 137
118 139
118 145
118 150
118 183
119 121
119 129
119 184
120 125
120 142
120 183
120 189
121 158
121 166
122 142
122 189
123 134
123 137
123 151
123 157
123 168
123 171
123 175
123 197
124 126
124 131
124 137
124 141
125 196
126 136
126 137
126 178
127 130
127 151
127 177
128 180
129 134
130 153
130 162
130 170
131 148
131 153
131 154
131 185
132 138
132 142
132 161
132 172
132 194
133 138
133 139
133 140
133 141
133 163
134 164
134 191
135 144
135 156
136 180
136 197
137 169
137 185
140 165
140 177
140 182
141 151
141 178
142 152
142 161
142 179
143 168
143 177
144 148
144 180
144 181
145 152
146 194
147 151
147 162
147 178
148 162
148 171
150 155
150 163
150 177
150 198
151 164
151 172
151 173
151 177
151 184
152 186
154 193
155 165
155 167
155 175
155 183
156 167
156 170
156 189
157 199
159 173
160 161
162 164
162 171
164 173
164 190
164 191
165 190
166 170
166 171
166 184
167 188
167 192
170 186
170 196
170 198
171 173
171 182
172 174
173 185
174 177
174 188
174 198
175 178
178 186
185 197
188 197
196 199
