0 1
0 2
0 3
0 4
0 5
0 6
0 7
0 8
0 9
0 10
0 11
0 12
0 13
0 15
0 16
0 17
0 20
0 21
0 22
0 24
0 25
0 26
0 27
0 28
0 29
0 31
0 33
0 34
0 38
0 39
0 40
0 41
0 42
0 43
0 45
0 47
0 51
0 52
0 53
0 55
0 56
0 57
0 59
0 61
0 65
0 68
0 72
0 76
0 80
0 81
0 86
0 89
0 90
0 95
0 96
0 100
0 106
0 108
0 114
0 115
0 118
0 126
0 137
0 139
0 140
0 163
0 165
0 168
0 175
0 183
0 187
1 11
1 12
1 14
1 15
1 16
1 18
1 19
1 20
1 21
1 22
1 24
1 25
1 32
1 34
1 43
1 46
1 49
1 50
1 53
1 60
1 62
1 65
1 67
1 68
1 73
1 77
1 81
1 82
1 89
1 91
1 93
1 110
1 112
1 122
1 137
1 139
1 148
1 158
1 166
1 189
1 199
2 11
2 13
2 14
2 15
2 17
2 29
2 30
2 32
2 34
2 39
2 45
2 48
2 52
2 62
2 70
2 71
2 75
2 98
2 128
2 130
2 146
3 11
3 12
3 13
3 15
3 16
3 19
3 25
3 34
3 35
3 40
3 45
3 46
3 49
3 50
3 51
3 59
3 64
3 67
3 69
3 79
3 83
3 91
3 95
3 108
3 118
3 123
3 138
3 148
3 149
3 150
3 154
3 159
3 177
4 11
4 12
4 13
4 14
4 15
4 18
4 19
4 23
4 28
4 30
4 42
4 78
4 93
4 109
4 112
4 115
4 120
4 125
4 149
4 159
4 160
4 178
4 180
4 190
5 11
5 12
5 16
5 17
5 20
5 21
5 22
5 23
5 24
5 25
5 27
5 28
5 29
5 31
5 47
5 48
5 51
5 52
5 53
5 61
5 64
5 74
5 81
5 83
5 90
5 91
5 94
5 98
5 104
5 106
5 110
5 119
5 130
5 133
5 142
5 147
5 153
5 158
5 168
5 169
5 177
5 178
5 196
5 199
6 11
6 12
6 13
6 14
6 15
6 17
6 18
6 23
6 24
6 26
6 31
6 32
6 36
6 39
6 42
6 43
6 48
6 54
6 56
6 59
6 63
6 64
6 75
6 76
6 78
6 82
6 84
6 91
6 92
6 93
6 95
6 101
6 111
6 112
6 122
6 123
6 132
6 136
6 140
6 151
6 162
6 163
6 166
6 170
6 172
6 197
7 14
7 31
7 41
7 42
7 46
7 81
7 93
7 104
7 105
7 106
7 134
7 158
8 11
8 12
8 13
8 14
8 17
8 18
8 19
8 20
8 22
8 29
8 31
8 33
8 36
8 39
8 40
8 45
8 53
8 60
8 64
8 76
8 85
8 87
8 92
8 103
8 128
8 135
8 140
8 142
8 150
8 155
8 176
8 179
8 190
8 192
8 194
9 11
9 12
9 13
9 14
9 15
9 16
9 18
9 27
9 36
9 50
9 71
9 73
9 112
9 113
9 120
9 122
9 140
9 149
9 153
9 175
9 177
9 197
10 11
10 12
10 13
10 15
10 16
10 19
10 22
10 23
10 28
10 33
10 34
10 37
10 39
10 41
10 43
10 61
10 68
10 76
10 77
10 87
10 97
10 105
10 108
10 115
10 120
10 131
10 136
10 147
10 158
10 196
10 199
11 12
11 13
11 14
11 16
11 17
11 18
11 19
11 20
11 21
11 23
11 24
11 25
11 26
11 27
11 28
11 30
11 32
11 35
11 38
11 45
11 46
11 47
11 48
11 49
11 51
11 53
11 54
11 56
11 59
11 64
11 66
11 67
11 69
11 76
11 77
11 84
11 88
11 93
11 96
11 97
11 100
11 102
11 104
11 105
11 106
11 109
11 113
11 117
11 120
11 121
11 124
11 127
11 130
11 131
11 132
11 144
11 152
11 164
11 167
11 171
11 177
11 181
11 182
11 185
12 13
12 14
12 15
12 16
12 17
12 18
12 20
12 21
12 22
12 24
12 27
12 28
12 33
12 34
12 39
12 42
12 43
12 44
12 46
12 57
12 65
12 70
12 74
12 77
12 80
12 83
12 84
12 87
12 96
12 121
12 122
12 130
12 137
12 141
12 149
12 153
12 167
12 168
12 170
12 171
12 182
12 186
12 187
12 190
12 191
13 14
13 16
13 17
13 19
13 21
13 22
13 23
13 24
13 25
13 26
13 28
13 29
13 32
13 34
13 38
13 42
13 44
13 46
13 49
13 50
13 58
13 61
13 68
13 72
13 73
13 74
13 84
13 86
13 88
13 91
13 96
13 97
13 104
13 111
13 119
13 125
13 128
13 129
13 137
13 156
13 159
13 173
13 186
13 190
13 199
14 15
14 17
14 18
14 20
14 25
14 26
14 27
14 29
14 30
14 31
14 33
14 35
14 37
14 38
14 40
14 42
14 43
14 45
14 47
14 48
14 50
14 52
14 54
14 55
14 58
14 60
14 62
14 66
14 75
14 79
14 83
14 87
14 96
14 100
14 101
14 107
14 110
14 111
14 112
14 115
14 118
14 119
14 130
14 132
14 144
14 146
14 156
14 159
14 164
14 167
14 168
14 169
14 171
14 183
14 187
14 188
14 195
15 16
15 22
15 23
15 25
15 26
15 32
15 35
15 38
15 47
15 48
15 59
15 66
15 69
15 71
15 73
15 74
15 82
15 86
15 100
15 106
15 107
15 123
15 127
15 138
15 145
15 147
15 150
15 165
15 172
15 173
15 175
15 189
15 190
15 191
15 194
15 197
15 198
16 17
16 18
16 19
16 20
16 21
16 26
16 27
16 29
16 34
16 44
16 56
16 61
16 64
16 66
16 68
16 72
16 83
16 87
16 98
16 102
16 112
16 123
16 134
16 135
16 139
16 142
16 172
16 178
16 182
16 186
17 18
17 19
17 20
17 22
17 23
17 26
17 27
17 30
17 33
17 34
17 35
17 36
17 37
17 38
17 41
17 43
17 45
17 46
17 48
17 52
17 53
17 54
17 56
17 57
17 59
17 61
17 62
17 63
17 65
17 69
17 70
17 71
17 72
17 73
17 75
17 77
17 79
17 80
17 82
17 88
17 92
17 94
17 96
17 102
17 106
17 107
17 118
17 119
17 121
17 122
17 124
17 126
17 127
17 128
17 129
17 130
17 135
17 136
17 141
17 144
17 145
17 152
17 162
17 165
17 169
17 171
17 176
17 197
17 198
17 199
18 19
18 20
18 21
18 24
18 30
18 31
18 32
18 33
18 38
18 40
18 45
18 51
18 54
18 55
18 57
18 65
18 66
18 70
18 75
18 76
18 79
18 80
18 81
18 82
18 88
18 89
18 94
18 99
18 100
18 123
18 124
18 131
18 143
18 147
18 151
18 154
18 158
18 160
18 179
18 187
18 191
18 192
19 21
19 22
19 25
19 27
19 28
19 29
19 32
19 35
19 36
19 37
19 39
19 40
19 41
19 52
19 53
19 58
19 60
19 61
19 62
19 63
19 85
19 87
19 93
19 98
19 100
19 107
19 108
19 121
19 122
19 129
19 130
19 138
19 151
19 152
19 157
19 161
19 165
19 172
19 174
19 176
19 177
19 178
19 179
19 180
19 186
19 188
19 192
19 194
20 21
20 23
20 29
20 41
20 48
20 67
20 69
20 70
20 99
20 127
20 133
20 137
20 163
20 180
21 24
21 31
21 32
21 35
21 37
21 43
21 57
21 59
21 67
21 71
21 79
21 80
21 86
21 90
21 97
21 147
21 176
22 23
22 24
22 26
22 30
22 33
22 40
22 41
22 55
22 59
22 60
22 77
22 105
22 115
22 118
22 121
22 136
22 179
22 180
22 181
22 188
22 191
22 197
23 25
23 27
23 28
23 33
23 35
23 40
23 42
23 44
23 63
23 64
23 66
23 69
23 71
23 73
23 76
23 80
23 83
23 85
23 101
23 121
23 125
23 129
23 153
23 161
23 169
23 190
23 193
23 195
23 198
24 36
24 44
24 49
24 61
24 113
24 114
24 156
24 192
25 26
25 30
25 31
25 38
25 44
25 49
25 50
25 59
25 62
25 70
25 79
25 84
25 103
25 137
25 141
25 145
25 147
25 161
25 166
25 171
25 173
25 183
26 28
26 30
26 32
26 36
26 37
26 39
26 41
26 46
26 51
26 52
26 53
26 56
26 60
26 62
26 63
26 73
26 87
26 88
26 92
26 98
26 99
26 103
26 114
26 116
26 117
26 119
26 121
26 124
26 127
26 128
26 130
26 133
26 134
26 142
26 145
26 165
26 183
26 190
26 198
27 29
27 37
27 47
27 51
27 55
27 60
27 63
27 64
27 73
27 75
27 81
27 96
27 98
27 110
27 111
27 114
27 115
27 132
27 139
27 140
27 151
27 159
27 163
27 164
27 166
27 185
27 199
28 33
28 37
28 43
28 46
28 51
28 58
28 71
28 72
28 93
28 97
28 102
28 114
28 116
28 129
28 142
28 164
28 192
29 30
29 37
29 44
29 47
29 66
29 75
29 81
29 90
29 100
29 107
29 116
29 120
29 132
29 133
29 139
29 141
29 151
29 158
29 164
29 185
29 188
29 194
30 31
30 36
30 39
30 41
30 49
30 56
30 60
30 74
30 75
30 78
30 79
30 89
30 91
30 95
30 96
30 100
30 109
30 116
30 117
30 121
30 122
30 135
30 146
30 149
30 175
31 34
31 52
31 56
31 63
31 70
31 78
31 80
31 82
31 89
31 97
31 99
31 102
31 107
31 109
31 127
31 146
31 154
31 179
32 35
32 36
32 38
32 39
32 42
32 44
32 45
32 60
32 62
32 71
32 73
32 74
32 78
32 90
32 94
32 109
32 113
32 123
32 145
32 148
32 149
32 154
32 155
32 156
32 180
32 186
33 35
33 37
33 38
33 40
33 41
33 53
33 71
33 72
33 81
33 108
33 115
33 136
33 142
33 147
33 152
33 161
33 163
33 171
33 173
33 184
33 198
34 36
34 40
34 43
34 45
34 46
34 49
34 50
34 54
34 55
34 70
34 71
34 72
34 88
34 90
34 94
34 98
34 126
34 127
34 140
34 153
34 160
34 171
34 174
34 194
34 196
35 85
35 86
35 92
35 100
35 117
35 133
35 134
35 156
35 158
35 160
35 166
36 47
36 54
36 55
36 58
36 74
36 77
36 78
36 99
36 101
36 103
36 104
36 111
36 125
36 126
36 128
36 134
36 143
36 144
36 160
36 182
36 187
36 196
37 42
37 48
37 58
37 65
37 68
37 69
37 76
37 91
37 110
37 125
37 127
37 152
37 156
37 159
37 177
37 178
37 186
37 189
38 44
38 47
38 48
38 49
38 51
38 68
38 69
38 74
38 88
38 125
38 131
38 133
38 147
39 44
39 47
39 66
39 83
39 85
39 94
39 95
39 113
39 134
39 178
39 184
39 188
40 57
40 61
40 68
40 80
40 101
40 103
40 120
40 129
40 131
40 162
40 173
40 177
40 185
40 187
40 189
41 65
41 120
41 155
41 196
42 54
42 92
42 116
42 139
43 49
43 50
43 57
43 63
43 72
43 91
43 104
43 118
43 140
43 147
43 149
44 54
44 56
44 57
44 65
44 72
44 81
44 85
44 95
44 117
44 135
44 138
44 141
44 144
44 152
44 162
44 163
44 166
44 181
45 50
45 52
45 54
45 57
45 58
45 63
45 65
45 69
45 78
45 81
45 88
45 89
45 92
45 94
45 102
45 103
45 138
45 142
45 145
45 148
45 151
45 157
45 159
45 160
45 183
45 198
46 75
46 86
46 91
46 99
46 109
46 110
46 113
46 153
46 165
47 58
47 70
47 72
47 102
47 105
47 112
47 134
47 160
47 162
48 55
48 67
48 75
48 78
48 101
48 140
48 155
48 156
48 163
48 175
48 181
48 183
48 193
48 197
49 50
49 51
49 53
49 55
49 57
49 64
49 84
49 86
49 105
49 132
49 144
49 153
49 171
49 174
50 55
50 61
50 66
50 67
50 83
50 84
50 96
50 103
50 111
50 114
50 115
50 119
50 120
50 126
50 131
50 145
50 150
50 158
50 159
50 180
50 193
51 52
51 58
51 60
51 63
51 67
51 77
51 86
51 95
51 96
51 98
51 101
51 108
51 126
51 151
51 165
51 172
51 194
52 68
52 89
52 100
52 113
52 128
52 129
52 132
52 156
52 159
52 160
52 167
52 170
52 173
53 62
53 94
53 95
53 97
53 101
53 108
53 141
53 164
54 65
54 74
54 82
54 104
54 110
54 111
54 113
54 137
54 141
54 143
54 145
54 156
54 166
54 176
54 184
54 195
55 56
55 59
55 77
55 95
55 104
55 116
55 134
55 135
55 144
55 149
55 161
56 58
56 89
56 109
56 133
56 136
56 139
56 145
56 146
56 183
56 192
57 125
57 138
58 76
58 82
58 135
58 142
58 184
58 185
58 196
59 67
59 79
59 92
59 102
59 122
59 130
59 148
59 165
59 169
59 188
60 62
60 80
60 118
60 126
60 151
60 161
60 168
60 169
60 172
61 64
61 67
61 70
61 78
61 86
61 87
61 110
61 131
61 133
61 155
61 157
61 174
62 66
62 69
62 93
62 97
62 104
62 136
62 143
62 154
62 159
62 181
63 80
63 85
63 107
63 111
63 114
63 124
63 166
63 173
63 174
63 175
64 73
64 79
64 82
64 91
64 117
64 179
64 188
65 82
65 85
65 86
65 97
65 106
65 116
65 126
65 140
65 143
65 166
65 193
65 195
65 197
66 76
66 98
66 99
66 105
66 108
66 137
66 141
66 142
66 170
66 171
66 177
66 178
67 68
67 102
67 135
67 141
67 146
67 164
67 170
67 173
67 178
68 78
68 85
68 87
68 90
68 107
68 160
69 87
69 124
69 160
69 180
69 192
69 196
70 77
70 84
70 89
70 110
70 125
70 128
70 132
70 144
70 171
71 83
71 152
71 162
71 167
71 184
72 74
72 103
72 107
72 119
72 121
72 126
72 133
72 149
72 150
72 178
73 79
73 99
73 113
73 149
73 179
74 89
74 94
74 128
74 144
74 189
75 138
75 167
75 169
75 183
75 191
76 84
76 92
76 157
76 162
76 168
76 169
76 189
77 84
77 109
77 147
77 151
77 193
78 83
78 90
78 126
78 153
78 195
80 92
80 119
80 180
81 103
81 105
81 115
81 124
81 132
82 90
82 103
82 116
82 118
82 144
82 155
82 182
83 85
83 99
83 109
83 114
83 117
83 119
83 177
83 190
84 90
84 150
84 154
84 157
84 189
85 88
85 97
85 108
85 131
85 153
85 155
85 164
85 170
85 172
85 189
85 195
86 88
86 93
86 95
86 101
86 105
86 117
86 118
86 155
86 162
87 94
87 162
88 93
88 161
88 182
88 198
89 105
89 150
90 106
90 134
90 142
90 188
91 111
91 167
91 168
91 173
91 174
91 181
91 184
91 193
91 195
92 123
92 146
92 164
93 101
93 102
93 118
93 120
93 148
93 167
94 98
94 114
94 158
94 195
95 99
95 138
96 107
96 109
96 125
96 146
96 152
96 165
96 194
97 110
97 114
97 123
97 125
97 132
97 198
98 111
98 136
98 185
99 104
99 106
99 113
99 124
99 135
99 143
99 152
99 161
99 172
99 174
99 175
100 108
100 115
100 116
100 119
100 148
100 176
100 185
100 186
101 106
101 112
101 121
101 198
102 128
102 152
102 155
102 193
102 195
103 148
103 170
104 117
104 122
104 143
104 146
104 157
104 165
105 112
105 123
105 131
105 154
106 116
106 161
106 179
106 194
106 196
107 120
107 136
107 139
107 140
107 154
107 168
108 124
108 137
108 146
109 131
109 181
110 112
110 117
110 129
110 174
111 129
111 169
111 175
111 189
113 150
113 157
113 180
113 196
114 130
114 181
115 122
115 135
115 151
115 178
115 182
116 139
116 166
116 195
117 123
117 153
117 164
117 184
117 197
118 129
118 168
118 172
118 182
119 176
120 163
120 169
121 124
121 133
121 139
121 179
121 181
122 134
122 167
123 138
123 141
124 127
124 150
124 179
125 157
125 192
126 127
126 143
127 170
127 187
128 143
128 175
128 192
128 193
129 150
130 138
131 183
132 188
132 193
133 136
133 137
133 143
134 186
134 187
134 189
135 145
136 167
136 182
136 192
137 155
138 170
138 191
139 187
139 190
139 199
141 185
141 194
142 162
142 174
142 196
144 148
145 154
145 174
146 156
146 157
146 187
146 194
147 148
147 157
147 185
147 186
147 191
149 154
150 163
151 158
152 163
152 191
155 172
155 173
156 170
156 175
156 191
157 161
157 188
157 199
158 186
158 193
158 197
160 184
160 185
162 181
163 168
164 176
165 176
165 177
167 199
168 176
170 184
172 184
173 183
176 190
178 180
178 182
182 191
192 197
194 198
198 199
