0 1
0 2
0 3
0 4
0 5
0 6
0 7
0 8
0 9
0 10
0 11
0 12
0 13
0 14
0 15
0 16
0 17
0 18
0 19
0 21
0 22
0 23
0 26
0 27
0 28
0 32
0 33
0 37
0 39
0 42
0 43
0 46
0 49
0 50
0 52
0 53
0 57
0 61
0 64
0 71
0 74
0 78
0 85
0 86
0 91
0 92
0 93
0 98
0 101
0 105
0 109
0 113
0 115
0 119
0 122
0 126
0 135
0 137
0 139
0 141
0 144
0 146
0 149
0 151
0 154
0 158
0 160
0 165
0 175
0 177
0 178
0 179
0 188
1 11
1 12
1 14
1 18
1 19
1 20
1 24
1 27
1 28
1 29
1 32
1 34
1 38
1 41
1 45
1 49
1 50
1 53
1 54
1 55
1 56
1 67
1 78
1 79
1 88
1 89
1 96
1 97
1 102
1 103
1 122
1 138
1 144
1 148
1 150
1 163
1 164
1 170
1 195
2 11
2 12
2 14
2 15
2 16
2 17
2 23
2 24
2 27
2 29
2 30
2 33
2 36
2 38
2 41
2 42
2 44
2 51
2 58
2 67
2 69
2 73
2 74
2 79
2 85
2 93
2 94
2 102
2 105
2 109
2 126
2 138
2 139
2 151
2 156
3 15
3 17
3 21
3 27
3 29
3 31
3 35
3 48
3 51
3 52
3 86
3 103
3 106
4 11
4 13
4 14
4 16
4 17
4 18
4 22
4 24
4 31
4 36
4 45
4 48
4 60
4 65
4 70
4 71
4 72
4 86
4 92
4 109
4 115
4 120
4 130
4 145
4 154
4 166
4 174
4 181
5 11
5 12
5 13
5 16
5 36
5 57
5 58
5 62
5 100
5 108
5 165
5 192
6 11
6 12
6 13
6 15
6 16
6 17
6 19
6 20
6 22
6 23
6 25
6 44
6 53
6 60
6 66
6 68
6 81
6 99
6 100
6 105
6 119
6 142
6 178
6 180
6 186
7 11
7 12
7 13
7 15
7 23
7 24
7 28
7 29
7 41
7 43
7 53
7 68
7 77
7 94
7 105
7 128
7 159
7 160
7 161
7 168
7 193
8 11
8 12
8 13
8 14
8 18
8 25
8 31
8 33
8 34
8 38
8 39
8 43
8 48
8 61
8 64
8 74
8 75
8 85
8 86
8 88
8 89
8 99
8 120
8 137
8 143
8 144
8 150
8 158
8 161
8 164
8 169
8 170
8 175
8 178
8 187
8 196
8 197
9 11
9 12
9 13
9 14
9 15
9 16
9 19
9 25
9 27
9 32
9 35
9 44
9 59
9 69
9 75
9 91
9 118
9 121
9 130
9 141
9 147
9 158
9 168
9 176
9 179
9 199
10 11
10 12
10 13
10 14
10 17
10 18
10 26
10 29
10 30
10 37
10 40
10 42
10 43
10 49
10 50
10 60
10 61
10 62
10 64
10 70
10 71
10 83
10 98
10 103
10 104
10 106
10 113
10 117
10 123
10 129
10 130
10 137
10 140
10 143
10 148
10 149
10 157
10 166
10 172
10 175
10 184
10 186
11 12
11 13
11 14
11 15
11 16
11 18
11 19
11 20
11 21
11 22
11 23
11 24
11 25
11 26
11 27
11 28
11 29
11 30
11 31
11 32
11 33
11 37
11 40
11 41
11 47
11 49
11 51
11 54
11 59
11 60
11 61
11 63
11 64
11 71
11 76
11 77
11 78
11 79
11 80
11 83
11 88
11 90
11 104
11 107
11 108
11 111
11 132
11 133
11 147
11 151
11 169
11 172
11 176
11 184
11 185
11 191
11 193
11 197
12 13
12 14
12 15
12 16
12 17
12 18
12 20
12 21
12 22
12 25
12 28
12 30
12 32
12 37
12 41
12 51
12 55
12 57
12 60
12 62
12 64
12 67
12 68
12 75
12 80
12 81
12 86
12 88
12 89
12 91
12 110
12 112
12 118
12 119
12 120
12 121
12 127
12 129
12 140
12 141
12 143
12 150
12 152
12 164
12 181
12 189
12 190
12 193
12 195
12 196
13 14
13 15
13 16
13 17
13 18
13 19
13 20
13 22
13 23
13 24
13 25
13 26
13 27
13 31
13 32
13 33
13 37
13 39
13 41
13 45
13 47
13 48
13 51
13 61
13 62
13 64
13 65
13 66
13 70
13 79
13 82
13 89
13 90
13 96
13 98
13 107
13 114
13 120
13 121
13 122
13 130
13 132
13 136
13 138
13 143
13 146
13 153
13 167
13 168
13 170
13 171
13 173
13 174
13 189
14 15
14 16
14 17
14 19
14 20
14 21
14 22
14 23
14 24
14 25
14 26
14 28
14 30
14 34
14 35
14 37
14 40
14 44
14 45
14 46
14 48
14 52
14 55
14 64
14 69
14 70
14 71
14 74
14 76
14 80
14 82
14 94
14 96
14 97
14 99
14 101
14 108
14 113
14 114
14 117
14 122
14 152
14 155
14 161
14 164
14 168
14 175
14 179
14 190
14 191
14 193
15 17
15 19
15 21
15 23
15 25
15 26
15 28
15 30
15 34
15 36
15 37
15 43
15 44
15 45
15 49
15 50
15 55
15 58
15 59
15 62
15 68
15 69
15 74
15 78
15 80
15 83
15 85
15 88
15 103
15 113
15 150
15 164
15 175
15 176
15 177
15 178
15 183
15 194
16 18
16 20
16 21
16 22
16 23
16 27
16 33
16 36
16 37
16 47
16 48
16 50
16 53
16 54
16 74
16 76
16 78
16 83
16 84
16 87
16 115
16 122
16 128
16 129
16 131
16 132
16 134
16 141
16 142
16 153
16 160
16 167
16 170
16 179
17 18
17 19
17 20
17 21
17 24
17 28
17 30
17 31
17 32
17 34
17 38
17 40
17 42
17 45
17 46
17 48
17 50
17 51
17 52
17 59
17 70
17 72
17 73
17 80
17 82
17 90
17 93
17 94
17 99
17 102
17 103
17 106
17 112
17 117
17 118
17 123
17 126
17 131
17 152
17 153
17 155
17 161
17 187
17 196
18 19
18 20
18 25
18 26
18 29
18 31
18 34
18 42
18 54
18 90
18 107
18 110
18 111
18 112
18 121
18 122
18 124
18 125
18 134
18 135
18 153
18 157
18 188
19 20
19 21
19 22
19 25
19 26
19 29
19 30
19 34
19 38
19 41
19 42
19 43
19 46
19 49
19 50
19 51
19 54
19 56
19 57
19 60
19 64
19 66
19 67
19 69
19 70
19 71
19 86
19 97
19 98
19 101
19 103
19 106
19 109
19 132
19 146
19 169
19 175
19 180
19 181
19 182
19 185
19 196
20 21
20 30
20 32
20 33
20 35
20 47
20 52
20 55
20 56
20 66
20 72
20 90
20 95
20 99
20 104
20 120
20 143
20 148
20 173
20 182
20 191
21 22
21 23
21 24
21 31
21 36
21 45
21 54
21 61
21 74
21 77
21 78
21 94
21 97
21 99
21 104
21 108
21 109
21 125
21 140
21 156
21 171
21 172
21 173
21 190
21 199
22 49
22 54
22 56
22 60
22 61
22 63
22 99
22 114
22 138
22 142
22 143
22 178
22 192
23 24
23 27
23 28
23 34
23 35
23 36
23 39
23 43
23 45
23 46
23 47
23 57
23 59
23 70
23 72
23 76
23 81
23 89
23 90
23 101
23 109
23 113
23 116
23 123
23 133
23 136
23 154
23 173
23 175
23 177
23 185
23 191
23 199
24 26
24 33
24 38
24 39
24 44
24 45
24 53
24 56
24 57
24 63
24 64
24 71
24 73
24 94
24 98
24 101
24 105
24 113
24 137
24 146
24 159
25 26
25 27
25 28
25 29
25 36
25 44
25 72
25 75
25 86
25 89
25 96
25 97
25 110
25 115
25 124
25 127
25 156
25 171
26 30
26 35
26 38
26 39
26 40
26 41
26 42
26 46
26 50
26 52
26 57
26 58
26 59
26 70
26 72
26 75
26 78
26 85
26 88
26 92
26 93
26 114
26 119
26 134
26 138
26 161
26 164
26 166
26 170
26 187
26 198
27 32
27 34
27 37
27 40
27 47
27 52
27 54
27 58
27 72
27 91
27 104
27 133
27 136
27 155
27 187
27 196
28 29
28 31
28 35
28 38
28 39
28 40
28 42
28 48
28 56
28 68
28 90
28 124
28 133
28 162
29 31
29 32
29 36
29 47
29 61
29 62
29 65
29 67
29 81
29 92
29 99
29 104
29 107
29 111
29 113
29 115
29 129
29 133
29 140
29 147
29 152
29 155
29 159
29 161
29 162
29 170
29 183
29 191
30 33
30 37
30 38
30 40
30 41
30 53
30 87
30 92
30 116
30 128
30 139
30 149
30 150
30 171
30 184
31 33
31 34
31 39
31 43
31 46
31 49
31 52
31 58
31 63
31 67
31 95
31 96
31 97
31 102
31 116
31 149
31 152
31 174
31 175
31 177
31 189
31 191
32 35
32 50
32 58
32 59
32 86
32 130
32 132
32 138
32 139
32 145
32 186
33 35
33 40
33 53
33 54
33 58
33 75
33 80
33 96
33 100
33 146
33 150
33 152
33 156
33 164
34 35
34 36
34 38
34 43
34 47
34 61
34 66
34 69
34 70
34 83
34 84
34 85
34 93
34 107
34 119
34 162
35 43
35 48
35 55
35 56
35 65
35 66
35 83
35 84
35 89
35 91
35 93
35 95
35 101
35 126
35 128
35 143
35 145
35 155
35 166
35 167
35 174
35 178
35 179
35 187
35 193
35 196
36 39
36 41
36 44
36 48
36 49
36 52
36 57
36 62
36 66
36 75
36 79
36 83
36 84
36 102
36 109
36 110
36 129
36 136
36 162
36 178
36 181
36 186
37 40
37 46
37 50
37 53
37 60
37 73
37 77
37 82
37 101
37 107
37 123
37 127
37 129
37 131
37 143
37 144
37 153
37 154
37 160
37 173
37 177
38 39
38 55
38 58
38 60
38 69
38 76
38 77
38 82
38 83
38 88
38 105
38 110
38 116
38 119
38 136
38 147
38 173
38 190
38 198
39 44
39 46
39 47
39 57
39 63
39 68
39 81
39 83
39 99
39 104
39 117
39 121
39 131
39 149
39 157
39 168
39 171
39 189
39 199
40 42
40 56
40 59
40 63
40 66
40 72
40 84
40 95
40 110
40 129
40 144
40 145
40 151
40 171
40 174
40 189
40 199
41 42
41 46
41 63
41 79
41 87
41 99
41 105
41 124
41 130
41 154
41 166
42 44
42 45
42 55
42 61
42 84
42 89
42 92
42 93
42 97
42 108
42 111
42 115
42 134
42 167
42 174
42 176
42 198
43 51
43 56
43 63
43 65
43 77
43 106
43 109
43 135
43 140
43 147
43 149
43 165
43 174
43 184
43 185
43 194
43 197
44 47
44 52
44 53
44 56
44 67
44 76
44 77
44 86
44 93
44 108
44 117
44 123
44 130
44 153
44 165
44 176
44 198
45 67
45 76
45 81
45 87
45 92
45 97
45 104
45 110
45 111
45 116
45 118
45 167
46 49
46 66
46 67
46 71
46 76
46 79
46 81
46 88
46 114
46 117
46 124
46 135
46 137
46 159
46 160
46 173
46 175
46 183
46 185
46 197
47 55
47 68
47 81
47 111
47 159
47 171
47 173
47 177
47 179
48 55
48 58
48 62
48 76
48 78
48 79
48 89
48 94
48 96
48 110
48 145
48 161
48 179
48 180
48 183
49 51
49 62
49 63
49 67
49 68
49 73
49 77
49 80
49 85
49 110
49 115
49 117
49 144
49 146
49 149
49 161
49 167
49 176
50 51
50 69
50 73
50 74
50 87
50 117
50 119
50 152
50 155
50 158
50 159
50 160
50 183
50 185
50 189
50 199
51 71
51 72
51 81
51 84
51 87
51 95
51 133
51 172
52 64
52 65
52 74
52 82
52 100
52 113
52 121
52 127
52 148
52 179
52 188
52 195
53 54
53 65
53 66
53 68
53 69
53 73
53 92
53 95
53 112
53 115
53 116
53 131
53 138
53 144
53 170
53 172
53 181
54 57
54 60
54 62
54 73
54 93
54 96
54 117
54 120
54 127
54 128
54 133
54 141
54 143
54 145
54 180
54 192
55 59
55 72
55 91
55 101
55 103
55 127
55 147
55 179
55 182
56 65
56 91
56 106
56 118
56 122
56 124
56 127
56 170
56 194
56 195
57 59
57 70
57 73
57 77
57 90
57 92
57 106
57 112
57 114
57 118
57 127
57 131
57 139
57 141
57 142
57 165
58 103
58 126
58 127
58 139
58 163
58 181
59 65
59 92
59 105
59 120
59 128
59 129
59 167
59 184
60 65
60 75
60 76
60 98
60 100
60 123
60 131
60 135
60 140
60 142
60 168
60 170
60 172
61 63
61 84
61 111
61 149
61 193
62 98
62 102
62 134
62 146
62 163
62 165
62 168
63 68
63 75
63 87
63 94
63 105
63 107
63 137
63 151
63 163
64 78
64 80
64 85
64 98
64 124
64 132
64 147
64 181
64 182
64 184
64 188
65 80
65 82
65 95
65 100
65 101
65 108
65 125
65 136
65 147
65 185
65 194
66 80
66 124
66 138
66 140
66 144
66 177
66 180
66 195
67 69
67 95
67 121
67 136
67 161
67 197
68 73
68 81
68 87
69 71
69 90
69 94
69 95
69 102
69 112
69 150
69 174
69 186
70 75
70 100
70 116
70 120
70 121
70 134
70 151
70 173
71 74
71 82
71 85
71 91
71 108
71 119
71 129
71 130
71 142
71 153
71 158
71 162
71 182
71 187
72 83
72 85
72 87
72 111
72 162
72 166
72 172
72 192
73 79
73 149
73 169
74 78
74 82
74 88
74 98
74 131
74 148
74 158
74 159
74 160
74 188
74 192
75 77
75 88
75 91
75 106
75 128
75 141
75 156
75 158
75 165
75 187
75 199
76 82
76 84
76 91
76 104
76 110
76 114
76 123
76 164
76 191
76 197
77 79
77 84
77 107
77 116
77 137
77 142
77 154
77 185
78 86
78 106
78 108
78 143
78 186
78 189
79 96
80 134
80 140
80 152
80 157
80 167
81 98
81 103
81 118
81 119
81 125
81 148
81 155
82 94
82 140
82 147
82 186
83 87
83 93
83 97
83 105
83 106
83 124
83 142
83 162
83 184
83 193
84 97
84 145
84 186
85 119
85 121
85 124
85 134
85 150
85 162
85 163
85 183
85 198
86 96
86 100
86 134
86 152
86 166
86 182
86 190
86 199
87 126
87 136
87 139
87 157
88 89
88 112
88 196
89 90
89 101
89 102
89 109
89 126
89 128
89 160
89 163
89 165
90 102
90 112
90 113
90 117
90 121
90 171
90 191
91 118
91 135
91 137
91 139
91 153
91 164
91 166
91 167
92 95
92 100
92 107
92 111
92 148
92 182
92 184
93 100
93 137
93 159
94 103
94 132
94 155
94 181
94 196
95 115
95 133
95 177
95 181
95 198
96 109
96 133
96 138
96 144
97 104
97 145
97 158
98 107
98 125
98 131
98 140
98 141
98 158
98 166
98 187
99 112
99 123
99 132
99 136
99 157
99 164
99 171
99 180
100 113
100 115
100 120
100 131
100 156
100 157
100 168
100 183
101 102
101 111
101 125
101 135
101 142
101 146
101 156
101 194
102 118
102 122
102 125
102 130
102 135
102 160
102 187
103 118
103 171
104 114
104 175
104 188
104 191
105 120
105 122
105 126
105 127
105 135
105 162
106 108
106 114
106 141
106 142
106 173
106 190
106 196
108 116
108 123
108 148
108 172
108 183
109 128
109 151
109 192
110 133
110 146
110 194
110 198
111 112
111 116
111 125
111 128
111 136
111 158
111 166
111 172
111 178
111 180
111 188
112 114
112 126
112 150
112 169
113 135
113 137
113 145
113 156
113 168
114 132
114 188
114 198
115 125
115 129
115 154
115 198
116 122
116 157
116 169
116 178
116 187
116 195
117 163
117 169
119 123
119 126
119 134
119 176
120 125
121 144
121 163
122 138
122 139
122 155
123 153
123 157
123 159
123 160
123 165
123 176
123 178
124 130
124 150
124 154
124 155
124 182
124 193
124 197
125 132
125 145
125 169
126 148
126 182
127 172
128 169
128 188
128 192
129 169
132 186
132 195
136 192
137 151
137 153
137 190
138 139
138 151
139 141
139 159
139 176
139 186
139 189
139 195
139 197
140 176
142 185
142 193
144 148
144 154
144 195
145 146
145 147
146 151
146 181
146 192
147 152
147 185
147 190
148 149
148 161
150 156
150 162
150 180
151 154
151 156
151 163
152 157
152 196
153 177
154 165
154 194
155 170
156 199
157 163
157 168
157 189
157 195
158 188
159 167
159 198
161 184
167 177
167 180
167 193
168 183
169 190
169 194
170 174
170 180
171 174
171 182
174 183
177 179
179 184
180 194
181 199
182 190
182 191
182 192
182 194
184 197
186 189
187 197
