0 1
0 2
0 3
0 4
0 5
0 6
0 7
0 8
0 9
0 10
0 11
0 12
0 13
0 14
0 15
0 16
0 22
0 23
0 27
0 31
0 40
0 45
0 51
0 52
0 55
0 61
0 69
0 74
0 77
0 89
0 90
0 91
0 95
0 103
0 105
0 125
0 143
0 147
0 151
0 153
0 159
0 162
0 166
0 172
0 174
0 180
0 185
0 189
1 11
1 12
1 13
1 14
1 15
1 16
1 17
1 18
1 19
1 20
1 21
1 23
1 25
1 27
1 29
1 32
1 36
1 37
1 44
1 47
1 53
1 55
1 59
1 68
1 70
1 74
1 80
1 81
1 96
1 109
1 110
1 117
1 124
1 127
1 131
1 136
1 140
1 141
1 150
1 154
1 157
1 167
1 184
1 186
1 192
1 193
2 11
2 12
2 13
2 14
2 15
2 16
2 19
2 20
2 22
2 25
2 26
2 27
2 28
2 35
2 36
2 39
2 42
2 48
2 53
2 57
2 63
2 64
2 74
2 75
2 79
2 84
2 87
2 101
2 113
2 124
2 128
2 131
2 133
2 145
2 150
2 153
2 154
2 156
2 158
2 161
2 163
2 164
2 172
2 180
2 183
2 187
2 188
3 11
3 12
3 13
3 14
3 15
3 16
3 17
3 19
3 20
3 33
3 47
3 52
3 64
3 84
3 111
3 154
4 11
4 12
4 13
4 19
4 22
4 24
4 26
4 56
4 165
4 188
5 11
5 12
5 14
5 15
5 18
5 19
5 20
5 22
5 25
5 26
5 30
5 47
5 50
5 54
5 58
5 59
5 62
5 75
5 83
5 94
5 104
5 109
5 111
5 114
5 130
5 137
5 152
5 160
5 168
5 172
5 175
5 176
5 177
5 198
6 32
6 37
6 46
6 191
7 11
7 12
7 13
7 16
7 20
7 24
7 28
7 30
7 31
7 33
7 36
7 37
7 48
7 72
7 75
7 80
7 81
7 99
7 123
7 127
7 133
7 147
7 189
7 192
8 11
8 12
8 14
8 15
8 17
8 21
8 23
8 26
8 30
8 35
8 42
8 48
8 49
8 54
8 61
8 68
8 71
8 72
8 80
8 91
8 94
8 110
8 118
8 130
8 136
8 143
8 159
8 171
8 172
8 175
9 11
9 13
9 17
9 18
9 19
9 20
9 21
9 23
9 28
9 29
9 31
9 41
9 42
9 43
9 51
9 56
9 57
9 59
9 60
9 62
9 67
9 68
9 84
9 86
9 91
9 102
9 107
9 121
9 125
9 130
9 135
9 137
9 138
9 148
9 158
9 161
9 166
9 178
9 189
10 11
10 12
10 13
10 14
10 16
10 18
10 21
10 22
10 23
10 24
10 26
10 31
10 35
10 40
10 41
10 42
10 43
10 46
10 69
10 75
10 76
10 85
10 96
10 98
10 104
10 120
10 126
10 127
10 130
10 133
10 134
10 144
10 150
10 173
11 12
11 13
11 14
11 15
11 17
11 18
11 21
11 22
11 23
11 24
11 25
11 27
11 30
11 32
11 38
11 39
11 41
11 43
11 45
11 47
11 54
11 58
11 59
11 67
11 77
11 79
11 82
11 99
11 102
11 109
11 114
11 116
11 117
11 119
11 141
11 147
11 151
11 159
11 160
11 162
11 167
11 169
11 177
11 180
11 187
11 189
11 190
11 191
11 195
12 13
12 14
12 15
12 16
12 17
12 18
12 19
12 21
12 22
12 23
12 24
12 25
12 27
12 28
12 29
12 30
12 31
12 32
12 34
12 35
12 37
12 41
12 43
12 45
12 49
12 50
12 53
12 54
12 56
12 57
12 59
12 61
12 64
12 67
12 72
12 77
12 78
12 81
12 82
12 85
12 88
12 103
12 111
12 123
12 124
12 127
12 129
12 141
12 143
12 151
12 153
12 158
12 165
12 170
12 172
12 176
12 183
12 184
12 192
12 194
13 14
13 15
13 16
13 17
13 18
13 25
13 28
13 30
13 32
13 33
13 34
13 38
13 39
13 40
13 46
13 50
13 51
13 56
13 62
13 64
13 66
13 67
13 73
13 81
13 86
13 94
13 98
13 99
13 108
13 112
13 119
13 123
13 128
13 146
13 164
13 167
13 172
13 181
13 189
13 192
14 15
14 16
14 17
14 19
14 20
14 21
14 22
14 23
14 24
14 25
14 27
14 30
14 31
14 32
14 37
14 40
14 43
14 44
14 47
14 50
14 52
14 56
14 57
14 63
14 65
14 66
14 74
14 83
14 87
14 89
14 95
14 101
14 103
14 118
14 122
14 125
14 127
14 128
14 132
14 136
14 140
14 145
14 146
14 148
14 149
14 150
14 160
14 163
14 173
14 177
14 179
14 181
14 182
14 185
14 188
15 16
15 17
15 18
15 20
15 22
15 28
15 29
15 31
15 33
15 35
15 41
15 45
15 49
15 51
15 52
15 53
15 57
15 63
15 65
15 68
15 69
15 73
15 76
15 81
15 84
15 90
15 96
15 97
15 99
15 101
15 103
15 107
15 114
15 117
15 118
15 121
15 123
15 124
15 127
15 131
15 132
15 135
15 139
15 140
15 141
15 143
15 145
15 147
15 157
15 160
15 165
15 166
16 17
16 18
16 19
16 21
16 24
16 26
16 28
16 29
16 31
16 32
16 34
16 35
16 36
16 46
16 47
16 49
16 50
16 51
16 55
16 56
16 59
16 62
16 66
16 69
16 70
16 79
16 83
16 96
16 98
16 102
16 103
16 106
16 107
16 114
16 119
16 124
16 129
16 133
16 136
16 149
16 154
16 163
16 167
16 169
16 178
17 18
17 20
17 21
17 25
17 27
17 33
17 36
17 41
17 42
17 44
17 46
17 48
17 51
17 53
17 57
17 61
17 64
17 72
17 74
17 77
17 79
17 82
17 84
17 87
17 92
17 94
17 109
17 122
17 132
17 141
17 150
17 151
17 156
17 179
17 185
17 194
18 19
18 20
18 23
18 27
18 28
18 34
18 37
18 38
18 39
18 41
18 49
18 50
18 57
18 66
18 76
18 81
18 82
18 89
18 91
18 92
18 93
18 94
18 110
18 112
18 116
18 119
18 124
18 137
18 139
18 143
18 144
18 156
18 162
18 170
18 185
19 22
19 23
19 24
19 27
19 29
19 34
19 36
19 37
19 38
19 44
19 45
19 54
19 60
19 66
19 74
19 85
19 88
19 93
19 105
19 123
19 125
19 136
19 142
19 146
19 149
19 152
19 159
19 164
19 169
19 173
19 191
19 193
20 21
20 25
20 26
20 28
20 29
20 35
20 37
20 39
20 42
20 43
20 44
20 45
20 47
20 49
20 50
20 55
20 58
20 67
20 69
20 80
20 83
20 86
20 101
20 102
20 110
20 120
20 124
20 127
20 133
20 135
20 137
20 148
20 160
20 163
20 173
20 174
20 186
20 187
20 190
20 191
20 194
21 26
21 31
21 32
21 36
21 38
21 39
21 40
21 41
21 42
21 43
21 44
21 48
21 50
21 54
21 56
21 70
21 77
21 92
21 93
21 104
21 107
21 114
21 120
21 126
21 132
21 138
21 140
21 149
21 170
21 173
21 192
21 195
22 24
22 33
22 36
22 37
22 40
22 45
22 47
22 51
22 52
22 56
22 62
22 65
22 71
22 83
22 89
22 97
22 99
22 102
22 113
22 118
22 122
22 131
22 133
22 135
22 150
22 168
23 24
23 25
23 26
23 30
23 32
23 34
23 38
23 43
23 65
23 66
23 69
23 85
23 102
23 104
23 118
23 134
23 157
23 178
23 184
24 26
24 28
24 29
24 30
24 46
24 52
24 53
24 54
24 68
24 76
24 78
24 90
24 95
24 96
24 98
24 105
24 106
24 120
24 125
24 129
24 142
24 145
24 158
24 163
24 169
24 177
24 189
24 197
24 198
25 27
25 29
25 42
25 51
25 64
25 84
25 88
25 89
25 144
25 158
25 176
26 33
26 34
26 37
26 40
26 42
26 46
26 47
26 57
26 59
26 62
26 68
26 72
26 88
26 96
26 97
26 108
26 109
26 110
26 112
26 115
26 120
26 121
26 132
26 133
26 136
26 156
26 160
26 161
26 165
26 166
26 178
26 182
26 193
26 195
27 29
27 30
27 32
27 33
27 34
27 46
27 53
27 57
27 58
27 63
27 65
27 71
27 72
27 76
27 78
27 81
27 88
27 95
27 100
27 106
27 121
27 129
27 138
27 146
27 158
27 175
27 193
28 38
28 40
28 60
28 64
28 71
28 87
28 93
28 97
28 100
28 104
28 110
28 121
28 128
28 176
28 180
28 187
28 194
29 31
29 34
29 46
29 48
29 49
29 50
29 60
29 63
29 64
29 69
29 70
29 72
29 81
29 82
29 97
29 119
29 137
29 139
29 169
29 174
29 181
29 183
29 184
29 195
30 33
30 34
30 35
30 38
30 44
30 46
30 55
30 58
30 61
30 65
30 66
30 86
30 89
30 95
30 96
30 97
30 100
30 110
30 126
30 155
30 162
30 171
30 185
30 199
31 35
31 39
31 44
31 45
31 49
31 61
31 62
31 70
31 71
31 73
31 81
31 87
31 101
31 102
31 106
31 111
31 122
31 142
31 177
31 187
32 33
32 36
32 38
32 39
32 40
32 41
32 48
32 53
32 58
32 59
32 61
32 66
32 67
32 70
32 71
32 73
32 75
32 94
32 101
32 103
32 117
32 119
32 124
32 132
32 138
32 140
32 144
32 147
32 187
32 194
32 196
32 199
33 35
33 45
33 79
33 90
33 108
33 117
33 125
33 168
33 183
33 187
34 54
34 73
34 86
34 90
34 92
34 105
34 113
35 36
35 38
35 39
35 41
35 44
35 52
35 60
35 63
35 71
35 72
35 76
35 77
35 87
35 88
35 95
35 97
35 100
35 102
35 112
35 116
35 119
35 127
35 135
35 138
35 145
35 153
35 155
35 158
35 175
35 199
36 48
36 55
36 73
36 78
36 93
36 100
36 117
36 118
36 130
36 135
36 136
37 39
37 52
37 58
37 61
37 69
37 75
37 77
37 91
37 107
37 108
37 140
37 141
37 155
38 42
38 43
38 48
38 52
38 57
38 63
38 74
38 79
38 86
38 95
38 114
38 116
38 121
38 128
38 138
38 141
38 143
38 148
38 167
38 168
38 171
38 179
38 186
38 187
38 195
39 40
39 58
39 88
39 95
39 99
39 119
39 171
39 195
40 43
40 44
40 45
40 49
40 58
40 70
40 78
40 80
40 85
40 92
40 101
40 113
40 116
40 125
40 134
40 139
40 165
40 182
40 189
40 191
40 193
40 196
41 54
41 55
41 56
41 61
41 73
41 78
41 80
41 83
41 89
41 113
41 115
41 121
41 122
41 123
41 139
41 152
41 176
41 180
41 182
42 51
42 64
42 68
42 99
42 129
42 177
42 179
43 47
43 58
43 62
43 63
43 65
43 70
43 83
43 85
43 86
43 92
43 94
43 104
43 112
43 126
43 134
43 137
43 140
43 153
43 162
43 166
43 168
43 197
44 51
44 53
44 74
44 83
44 85
44 87
44 88
44 89
44 101
44 104
44 157
44 174
44 178
44 179
44 188
44 190
44 191
45 48
45 52
45 55
45 79
45 82
45 93
45 96
45 107
45 137
45 154
45 156
45 164
45 173
46 53
46 59
46 67
46 98
46 103
46 107
46 111
46 117
46 135
46 198
47 49
47 63
47 65
47 68
47 78
47 88
47 96
47 107
47 111
47 123
47 134
47 142
47 146
47 153
47 157
47 168
47 180
47 183
47 184
47 194
48 50
48 55
48 60
48 61
48 82
48 90
48 95
48 109
48 143
48 161
48 178
48 186
49 67
49 72
49 73
49 83
49 87
49 91
49 92
49 93
49 98
49 100
49 105
49 115
49 121
49 127
49 128
49 131
49 133
49 134
49 137
49 141
49 146
49 147
49 148
49 157
49 177
49 178
49 188
50 60
50 69
50 77
50 78
50 84
50 90
50 91
50 100
50 106
50 131
50 145
51 54
51 55
51 62
51 64
51 105
51 110
51 143
51 153
51 156
51 164
51 176
52 83
52 93
52 100
52 131
52 150
53 59
53 65
53 67
53 89
53 115
53 118
53 120
53 170
53 174
53 188
53 191
53 197
54 60
54 66
54 70
54 72
54 73
54 75
54 77
54 112
54 114
54 124
54 141
54 163
54 174
54 176
54 195
54 196
55 56
55 60
55 82
55 90
55 106
55 130
55 132
55 162
55 195
56 67
56 69
56 73
56 79
56 87
56 121
56 122
56 123
56 149
56 155
56 165
57 60
57 71
57 74
57 88
57 92
57 106
57 109
57 113
57 114
57 124
57 127
57 129
57 144
57 147
57 156
57 174
57 182
58 62
58 99
58 142
58 161
59 75
59 102
59 147
59 164
59 167
59 173
59 181
60 79
60 104
60 162
61 63
61 68
61 125
61 129
61 149
61 155
61 197
62 65
62 76
62 86
62 104
62 118
62 190
62 192
63 71
63 96
63 99
63 115
63 121
63 172
63 180
63 189
63 195
64 68
64 82
64 115
64 128
64 151
64 152
64 154
64 159
64 189
65 66
65 71
65 84
65 100
65 111
65 139
65 141
65 155
65 170
66 75
66 77
66 92
66 135
66 165
66 170
66 175
66 199
67 75
67 76
67 80
67 84
67 85
67 93
67 94
67 95
67 103
67 106
67 112
67 120
67 142
67 152
67 165
67 168
68 70
68 74
68 79
68 90
68 91
68 105
68 111
68 126
68 145
68 151
68 174
68 197
69 86
69 91
69 146
69 148
69 171
70 133
70 192
71 80
71 97
71 106
71 111
71 126
71 134
71 196
71 199
72 80
72 98
72 116
72 142
72 144
72 172
73 76
73 103
73 108
73 109
73 110
73 113
73 119
73 128
73 150
73 168
73 179
74 82
74 107
74 119
74 126
74 136
74 138
74 140
74 145
74 146
74 151
74 186
75 76
75 78
75 84
75 117
75 134
75 158
76 81
76 129
77 78
77 80
77 138
77 171
77 194
78 91
78 116
78 128
78 142
78 149
79 90
79 98
79 122
79 130
79 137
79 160
79 199
80 86
80 108
80 144
81 159
81 165
81 183
82 85
82 93
82 108
82 115
82 126
82 179
82 182
82 194
82 199
83 85
83 87
83 97
83 101
83 139
83 166
83 183
84 101
84 122
84 132
84 152
84 168
85 109
85 199
86 109
86 115
86 123
86 131
86 148
86 151
86 157
86 169
87 89
87 94
87 105
87 108
87 120
87 134
87 159
87 166
88 104
88 105
88 118
88 131
88 140
88 145
88 170
88 180
88 190
89 94
89 100
89 106
89 112
89 115
89 116
89 157
90 92
90 108
90 118
90 175
90 176
90 193
90 198
91 98
91 113
91 120
91 130
91 135
91 149
91 154
91 155
91 156
91 175
91 190
92 99
92 102
92 112
92 142
92 154
92 155
92 163
92 171
92 181
93 97
93 146
93 178
93 190
94 103
94 123
94 139
94 143
94 150
94 152
94 154
94 155
94 156
94 164
94 165
94 181
94 184
94 189
95 98
95 125
95 132
95 161
95 190
95 198
96 140
96 157
96 171
96 183
96 187
97 108
97 111
97 114
97 128
97 144
98 112
98 117
99 105
99 113
99 168
100 146
100 167
101 153
101 177
102 114
102 117
103 110
103 125
103 153
103 157
103 167
104 116
104 161
105 129
105 133
105 137
105 162
105 172
105 183
106 107
106 120
106 126
106 148
106 160
106 196
107 116
107 186
107 187
107 190
108 113
108 122
108 138
108 164
109 136
109 155
109 161
109 188
110 131
110 196
111 115
111 143
111 164
111 173
111 188
111 194
111 195
111 197
112 126
112 156
112 159
112 169
113 177
113 181
113 182
113 197
113 199
114 148
114 178
115 122
115 134
115 149
115 152
115 163
115 171
115 185
116 130
116 136
116 144
117 176
118 145
118 152
118 166
120 130
121 153
121 159
121 163
121 193
123 150
123 151
123 173
124 142
124 186
124 196
125 139
126 193
127 158
127 191
128 129
128 135
128 148
128 154
130 132
130 170
130 196
131 152
131 160
132 138
132 139
132 184
132 192
133 160
133 163
133 182
133 185
135 194
138 161
138 185
139 174
140 149
141 144
141 147
141 158
141 159
141 170
142 147
142 188
142 190
143 166
143 181
143 192
144 164
144 172
145 176
146 151
147 177
147 181
147 184
150 178
150 182
151 169
151 198
152 161
152 193
153 166
153 182
154 162
154 167
154 171
155 179
155 180
155 186
156 162
156 183
156 198
157 175
158 170
158 175
158 184
159 167
159 169
159 180
160 192
160 196
161 173
161 179
161 185
162 199
163 169
163 191
163 198
169 179
171 174
172 181
172 185
172 186
172 188
174 175
174 196
176 186
176 191
179 197
179 198
180 197
181 193
182 184
192 197
194 198
