0 1
0 2
0 3
0 4
0 5
0 6
0 7
0 8
0 9
0 10
0 11
0 12
0 13
0 14
0 15
0 16
0 17
0 18
0 19
0 21
0 22
0 27
0 28
0 30
0 31
0 36
0 37
0 38
0 40
0 44
0 45
0 47
0 48
0 49
0 55
0 57
0 58
0 60
0 62
0 63
0 67
0 69
0 71
0 72
0 78
0 79
0 84
0 89
0 90
0 98
0 100
0 101
0 102
0 106
0 117
0 119
0 120
0 122
0 124
0 132
0 134
0 135
0 136
0 137
0 139
0 142
0 143
0 144
0 151
0 155
0 160
0 161
0 167
0 168
0 174
0 178
0 186
0 190
0 191
0 192
0 195
1 11
1 12
1 13
1 15
1 17
1 19
1 24
1 26
1 28
1 31
1 32
1 33
1 35
1 36
1 37
1 39
1 41
1 42
1 43
1 72
1 76
1 84
1 95
1 115
1 133
1 140
1 194
2 11
2 12
2 13
2 14
2 15
2 16
2 18
2 19
2 21
2 24
2 28
2 38
2 43
2 47
2 50
2 55
2 66
2 67
2 76
2 77
2 81
2 102
2 113
2 114
2 142
2 172
2 179
2 197
3 11
3 12
3 14
3 15
3 16
3 17
3 18
3 26
3 27
3 30
3 58
3 61
3 67
3 68
3 79
3 87
3 90
3 102
3 109
3 112
3 113
3 118
3 125
3 127
3 134
3 141
3 159
4 12
4 14
4 17
4 24
4 28
4 34
4 39
4 40
4 42
4 45
4 46
4 57
4 72
4 80
4 143
4 165
5 11
5 12
5 13
5 15
5 18
5 19
5 20
5 23
5 26
5 27
5 28
5 34
5 37
5 43
5 44
5 49
5 50
5 51
5 54
5 55
5 58
5 66
5 79
5 80
5 93
5 108
5 111
5 112
5 132
5 145
5 146
5 185
5 193
5 199
6 11
6 13
6 16
6 17
6 20
6 21
6 22
6 25
6 27
6 29
6 32
6 70
6 73
6 81
6 93
6 101
6 109
6 112
6 116
6 121
6 143
6 150
6 179
6 198
7 11
7 15
7 16
7 17
7 18
7 19
7 20
7 23
7 30
7 31
7 33
7 35
7 36
7 41
7 47
7 56
7 68
7 71
7 73
7 97
7 100
7 102
7 104
7 120
7 127
7 143
7 145
7 148
7 149
7 152
7 153
7 167
7 168
8 11
8 12
8 13
8 14
8 20
8 22
8 25
8 34
8 37
8 43
8 49
8 51
8 89
8 99
8 110
8 139
8 144
8 163
8 164
8 165
8 166
8 173
8 185
8 194
8 196
8 199
9 11
9 12
9 13
9 14
9 16
9 21
9 22
9 46
9 85
9 96
9 107
9 109
9 146
9 176
9 182
9 184
10 11
10 12
10 13
10 14
10 15
10 20
10 23
10 30
10 31
10 40
10 44
10 47
10 56
10 58
10 60
10 62
10 63
10 68
10 72
10 74
10 76
10 79
10 80
10 85
10 89
10 121
10 124
10 143
10 161
10 164
10 172
10 188
10 193
11 12
11 13
11 14
11 15
11 16
11 17
11 19
11 20
11 22
11 23
11 32
11 33
11 34
11 35
11 36
11 39
11 40
11 42
11 43
11 46
11 47
11 51
11 52
11 53
11 58
11 64
11 65
11 74
11 75
11 78
11 79
11 83
11 89
11 92
11 93
11 94
11 96
11 101
11 105
11 110
11 112
11 116
11 122
11 124
11 126
11 130
11 131
11 133
11 134
11 146
11 147
11 148
11 163
11 169
11 170
11 173
11 174
11 176
11 182
11 188
12 13
12 14
12 16
12 17
12 19
12 22
12 23
12 25
12 26
12 37
12 38
12 41
12 45
12 50
12 54
12 55
12 66
12 67
12 77
12 82
12 86
12 94
12 100
12 104
12 105
12 116
12 131
12 138
12 151
12 152
12 160
12 178
12 190
12 199
13 14
13 15
13 16
13 17
13 18
13 19
13 20
13 21
13 23
13 24
13 27
13 29
13 31
13 32
13 33
13 35
13 37
13 38
13 40
13 41
13 42
13 43
13 45
13 49
13 51
13 56
13 57
13 58
13 59
13 60
13 61
13 63
13 65
13 66
13 67
13 68
13 70
13 72
13 73
13 76
13 78
13 79
13 81
13 83
13 85
13 89
13 90
13 95
13 97
13 99
13 102
13 106
13 107
13 110
13 111
13 115
13 124
13 141
13 144
13 148
13 162
13 169
13 170
13 184
13 191
13 197
14 15
14 17
14 18
14 19
14 20
14 24
14 25
14 26
14 28
14 29
14 31
14 33
14 35
14 36
14 37
14 38
14 39
14 44
14 46
14 47
14 49
14 52
14 53
14 54
14 55
14 56
14 59
14 60
14 63
14 64
14 69
14 73
14 74
14 78
14 80
14 81
14 101
14 103
14 104
14 105
14 114
14 120
14 127
14 140
14 141
14 144
14 147
14 159
14 160
14 168
14 177
14 186
15 16
15 18
15 21
15 24
15 25
15 26
15 28
15 39
15 52
15 55
15 56
15 62
15 64
15 65
15 66
15 73
15 79
15 84
15 94
15 99
15 100
15 103
15 135
15 141
15 150
15 159
15 175
15 185
15 193
15 194
16 18
16 19
16 20
16 21
16 23
16 24
16 26
16 29
16 30
16 31
16 32
16 36
16 39
16 40
16 43
16 46
16 52
16 53
16 56
16 57
16 58
16 65
16 68
16 70
16 71
16 74
16 75
16 77
16 79
16 80
16 86
16 88
16 90
16 97
16 99
16 105
16 106
16 108
16 113
16 121
16 129
16 131
16 135
16 142
16 146
16 149
16 150
16 152
16 158
16 168
16 170
16 172
16 174
16 181
16 186
16 187
16 189
17 18
17 23
17 25
17 26
17 27
17 30
17 32
17 33
17 36
17 37
17 38
17 39
17 41
17 42
17 48
17 57
17 81
17 94
17 95
17 99
17 104
17 121
17 153
17 154
17 162
18 20
18 21
18 22
18 24
18 25
18 29
18 30
18 34
18 37
18 40
18 41
18 42
18 44
18 45
18 46
18 48
18 49
18 50
18 51
18 52
18 56
18 57
18 59
18 62
18 63
18 64
18 65
18 69
18 70
18 71
18 72
18 73
18 77
18 79
18 80
18 85
18 90
18 93
18 100
18 101
18 103
18 114
18 120
18 122
18 125
18 130
18 131
18 132
18 136
18 149
18 151
18 152
18 153
18 154
18 157
18 159
18 163
18 164
18 165
18 171
18 179
18 190
18 194
18 199
19 21
19 22
19 24
19 25
19 27
19 28
19 29
19 32
19 34
19 45
19 47
19 52
19 62
19 65
19 68
19 72
19 73
19 75
19 95
19 99
19 100
19 109
19 111
19 115
19 116
19 119
19 120
19 122
19 130
19 136
19 147
19 154
19 161
19 164
19 170
19 178
19 183
19 187
19 192
20 21
20 22
20 23
20 27
20 29
20 33
20 34
20 38
20 48
20 49
20 52
20 58
20 59
20 60
20 70
20 73
20 76
20 85
20 98
20 101
20 103
20 115
20 119
20 121
20 122
20 128
20 130
20 139
20 142
20 143
20 147
20 148
20 166
20 171
20 174
20 181
20 198
21 22
21 25
21 28
21 29
21 30
21 31
21 33
21 42
21 46
21 49
21 51
21 53
21 59
21 61
21 69
21 76
21 86
21 92
21 102
21 111
21 113
21 114
21 131
21 132
21 138
21 158
21 159
21 173
21 182
21 187
21 188
22 23
22 24
22 26
22 30
22 31
22 32
22 33
22 34
22 35
22 46
22 50
22 52
22 58
22 64
22 72
22 76
22 81
22 92
22 98
22 101
22 119
22 132
22 134
22 150
22 169
22 171
22 173
22 177
22 183
22 192
22 193
22 197
22 199
23 26
23 27
23 28
23 30
23 31
23 35
23 43
23 44
23 45
23 51
23 107
23 117
23 124
23 135
23 140
23 151
23 189
23 199
24 25
24 27
24 29
24 32
24 34
24 37
24 40
24 44
24 49
24 64
24 71
24 78
24 79
24 80
24 88
24 95
24 100
24 108
24 116
24 117
24 118
24 128
24 133
24 138
24 140
24 141
24 162
24 168
24 177
24 192
24 193
24 195
25 29
25 36
25 40
25 42
25 46
25 48
25 50
25 51
25 54
25 60
25 65
25 69
25 70
25 71
25 85
25 88
25 98
25 116
25 127
25 138
25 142
25 169
25 172
25 184
25 196
26 35
26 36
26 38
26 41
26 43
26 45
26 78
26 81
26 85
26 93
26 98
26 119
26 120
26 123
26 152
26 163
26 177
27 35
27 36
27 41
27 51
27 55
27 65
27 77
27 96
27 142
27 149
27 167
28 39
28 40
28 49
28 59
28 60
28 64
28 72
28 96
28 124
28 135
28 155
28 169
29 53
29 66
29 82
29 100
29 125
29 138
29 190
29 191
30 32
30 34
30 38
30 44
30 64
30 71
30 74
30 75
30 77
30 83
30 84
30 92
30 93
30 94
30 95
30 98
30 107
30 114
30 115
30 118
30 120
30 123
30 126
30 129
30 138
30 147
30 148
30 155
30 165
30 166
30 183
30 184
30 189
30 196
31 35
31 39
31 44
31 50
31 80
31 87
31 88
31 90
31 91
31 93
31 97
31 100
31 109
31 113
31 116
31 155
31 158
31 159
31 162
31 164
31 195
32 33
32 45
32 48
32 54
32 61
32 66
32 86
32 87
32 93
32 103
32 108
32 117
32 129
32 133
32 137
32 139
32 156
32 164
32 182
32 198
33 38
33 41
33 47
33 48
33 61
33 67
33 71
33 78
33 91
33 106
33 107
33 110
33 111
33 126
33 139
33 146
33 154
33 155
33 161
33 168
33 172
33 173
33 176
34 52
34 57
34 70
34 106
34 110
34 145
34 151
34 154
34 161
34 166
34 172
34 176
34 178
34 180
35 42
35 51
35 56
35 60
35 61
35 63
35 75
35 83
35 87
35 92
35 94
35 98
35 108
35 112
35 116
35 139
35 150
35 156
35 175
35 178
35 181
36 42
36 56
36 60
36 98
36 101
36 126
36 138
36 142
36 180
37 39
37 41
37 44
37 62
37 68
37 69
37 75
37 76
37 81
37 83
37 88
37 123
37 124
37 133
37 150
37 158
37 166
37 180
37 194
37 198
38 52
38 59
38 60
38 77
38 85
38 88
38 94
38 102
38 111
38 121
38 147
38 152
38 153
38 156
38 176
38 182
38 196
39 50
39 53
39 78
39 82
39 93
39 94
39 99
39 107
39 109
39 113
39 132
39 137
39 150
39 158
39 188
39 198
40 43
40 45
40 55
40 63
40 67
40 68
40 75
40 82
40 86
40 91
40 95
40 96
40 111
40 144
40 169
40 178
41 48
41 57
41 66
41 69
41 80
41 128
41 158
41 169
42 46
42 48
42 54
42 62
42 63
42 83
42 89
42 92
42 95
42 96
42 99
42 113
42 118
42 123
42 127
42 137
42 140
42 146
42 150
42 164
42 169
42 171
42 174
42 182
42 183
42 187
42 198
43 47
43 63
43 67
43 70
43 72
43 100
43 122
43 125
43 146
43 158
43 159
43 172
43 189
44 54
44 62
44 65
44 67
44 70
44 82
44 88
44 103
44 104
44 107
44 118
44 126
44 128
44 144
44 149
44 151
44 154
44 155
44 161
44 164
44 188
45 50
45 53
45 61
45 64
45 66
45 69
45 76
45 78
45 81
45 90
45 93
45 119
45 123
45 128
45 154
45 156
45 157
45 165
45 172
45 178
45 184
46 47
46 50
46 53
46 54
46 55
46 69
46 73
46 74
46 75
46 84
46 85
46 87
46 97
46 102
46 110
46 112
46 113
46 115
46 118
46 124
46 126
46 132
46 134
46 136
46 149
46 162
46 170
46 181
46 187
46 189
47 48
47 67
47 71
47 77
47 99
47 102
47 103
47 110
47 145
47 155
47 161
47 170
47 192
48 54
48 55
48 57
48 59
48 69
48 82
48 86
48 130
48 133
48 136
48 140
48 157
48 167
48 177
48 197
49 75
49 104
49 129
49 145
50 53
50 86
50 87
50 91
50 92
50 106
50 107
50 126
50 138
50 144
50 159
50 173
50 186
50 187
51 53
51 74
51 75
51 87
51 89
51 91
51 98
51 180
51 190
52 54
52 74
52 77
52 123
52 180
53 56
53 58
53 68
53 84
53 89
53 91
53 104
53 106
53 156
53 173
54 61
54 63
54 129
55 59
55 61
55 84
55 94
55 130
55 143
55 154
55 171
55 189
55 192
56 57
56 64
56 87
56 112
56 113
56 119
56 166
57 59
57 86
57 92
57 110
57 115
57 149
57 171
57 181
57 182
58 61
58 68
58 76
58 91
58 106
58 145
58 175
58 189
58 191
58 192
59 62
59 91
59 103
59 105
59 153
59 163
59 182
59 184
59 186
59 190
59 199
60 62
60 66
60 80
60 83
60 89
60 114
60 137
60 151
60 157
61 94
61 114
61 135
61 144
61 152
61 156
61 164
61 177
61 191
62 65
62 81
62 107
62 112
62 142
62 183
63 73
63 78
63 86
63 92
63 108
63 126
63 141
63 145
64 71
64 74
64 82
64 95
64 97
64 101
64 114
64 134
64 142
64 179
65 82
65 90
65 128
65 157
66 70
66 84
66 86
66 135
66 146
66 175
66 189
67 82
67 123
67 142
67 170
67 174
67 176
68 83
68 88
68 97
68 106
68 115
68 136
68 162
69 83
69 105
69 108
69 119
69 125
69 136
69 167
69 175
69 186
70 74
70 83
70 87
70 102
70 120
70 176
70 195
71 77
71 88
71 183
71 195
72 96
72 103
72 155
72 180
73 87
73 90
73 116
73 125
73 126
73 148
73 165
73 194
73 199
74 82
74 85
74 105
74 113
74 128
74 176
75 84
75 88
75 95
75 97
75 98
75 121
75 139
75 153
75 156
75 188
75 194
76 108
76 112
76 116
76 117
76 125
76 144
76 148
76 165
76 181
77 91
77 103
77 105
77 125
77 133
77 141
77 145
77 157
77 179
77 185
78 99
78 109
78 118
78 122
78 127
78 133
78 143
78 146
78 149
78 167
78 177
78 183
79 96
79 118
79 128
79 156
80 106
80 109
80 135
80 178
80 195
81 134
81 183
81 191
82 111
82 118
83 84
83 96
83 101
83 110
83 111
83 121
83 128
83 129
83 152
83 160
83 181
83 199
84 140
85 96
85 97
85 117
85 131
85 155
85 187
85 192
85 195
86 108
86 119
86 139
86 190
87 97
87 104
87 121
87 153
87 157
87 177
87 179
88 89
88 90
88 109
88 117
88 132
88 147
88 165
88 197
89 91
89 109
89 124
89 130
89 147
89 160
89 172
90 92
90 127
90 135
90 160
90 168
90 194
91 105
91 108
91 125
91 134
91 148
91 158
91 188
92 140
92 155
92 171
92 191
93 110
93 120
93 129
93 138
93 148
93 161
93 162
93 173
93 179
93 197
94 104
94 124
94 145
94 174
95 162
96 104
96 107
96 117
96 122
96 133
96 147
96 154
96 163
96 176
96 178
96 185
96 187
97 115
97 128
97 157
97 170
97 174
98 105
99 125
100 119
100 123
100 133
100 134
100 135
100 159
102 118
102 122
102 129
102 130
102 137
102 143
103 112
103 123
103 193
104 114
104 123
104 129
104 131
104 138
104 175
105 163
106 115
106 122
106 145
106 153
106 179
107 117
107 126
107 129
107 137
107 178
107 184
108 136
108 149
108 166
109 111
109 137
109 158
109 164
109 174
109 185
109 188
109 197
110 114
110 127
110 130
111 127
111 134
111 193
112 153
112 188
112 189
113 117
113 131
113 132
113 141
113 167
113 168
114 121
114 127
114 141
114 151
114 160
114 163
115 146
115 175
116 147
116 165
116 170
116 194
117 183
118 120
118 139
118 141
118 160
118 166
118 193
119 131
119 143
119 161
119 193
120 137
120 149
122 195
123 131
123 180
123 187
124 132
124 137
124 140
125 140
125 161
125 162
125 168
126 160
126 166
126 172
126 173
126 177
126 186
126 196
127 139
127 168
128 136
129 130
129 153
129 167
130 182
130 184
130 198
131 150
131 152
131 179
132 150
132 152
133 136
133 151
133 180
134 185
134 191
134 194
135 157
135 160
136 167
136 190
136 198
137 148
137 186
137 196
138 159
138 167
138 186
139 144
139 156
139 173
140 154
140 165
140 170
140 196
140 198
141 157
141 175
142 185
143 195
144 176
146 181
148 151
148 175
148 193
149 158
149 180
149 197
150 156
151 169
151 171
151 175
151 182
152 162
152 171
153 169
153 174
155 166
155 171
157 181
159 184
159 185
160 163
161 196
162 163
163 181
165 197
166 188
167 186
167 192
168 179
168 185
168 196
169 177
169 180
171 184
171 195
176 189
180 187
180 192
181 183
182 191
183 190
184 191
189 190
190 198
191 196
192 197
195 199
