0 1
0 2
0 3
0 4
0 5
0 6
0 7
0 8
0 9
0 10
0 11
0 12
0 13
0 14
0 15
0 16
0 19
0 20
0 23
0 24
0 26
0 27
0 30
0 31
0 33
0 35
0 37
0 40
0 41
0 42
0 43
0 45
0 47
0 49
0 51
0 53
0 54
0 61
0 62
0 65
0 67
0 70
0 71
0 77
0 78
0 79
0 92
0 94
0 97
0 108
0 111
0 119
0 120
0 121
0 124
0 126
0 136
0 145
0 161
0 169
0 170
0 175
0 179
0 192
1 11
1 12
1 13
1 15
1 18
1 19
1 25
1 57
1 73
1 86
1 130
1 141
1 153
1 169
1 184
1 193
2 11
2 12
2 14
2 15
2 16
2 17
2 18
2 19
2 20
2 21
2 22
2 26
2 29
2 30
2 38
2 41
2 44
2 45
2 46
2 47
2 52
2 59
2 63
2 64
2 65
2 69
2 71
2 76
2 77
2 79
2 84
2 86
2 91
2 100
2 105
2 110
2 114
2 120
2 138
2 140
2 145
2 158
2 175
2 179
2 189
2 192
2 194
3 11
3 12
3 13
3 14
3 15
3 16
3 17
3 18
3 21
3 26
3 28
3 30
3 31
3 32
3 46
3 51
3 54
3 60
3 74
3 83
3 86
3 122
3 130
3 134
3 137
3 142
3 154
3 160
3 162
3 163
3 171
3 180
3 182
3 184
4 11
4 12
4 13
4 16
4 23
4 24
4 33
4 36
4 53
4 56
4 76
4 78
4 86
4 91
4 102
4 103
4 115
4 125
4 137
4 146
4 148
4 196
5 11
5 12
5 13
5 14
5 16
5 28
5 29
5 95
5 151
6 25
6 32
6 70
6 108
6 147
7 11
7 13
7 14
7 17
7 20
7 22
7 32
7 36
7 43
7 44
7 59
7 77
7 93
7 106
7 127
7 132
7 135
7 138
7 195
8 11
8 12
8 15
8 21
8 27
8 37
8 47
8 50
8 94
8 123
8 196
9 11
9 12
9 13
9 14
9 15
9 18
9 29
9 30
9 42
9 47
9 57
9 70
9 104
9 125
9 133
9 145
9 163
9 178
9 183
9 185
9 192
10 11
10 12
10 13
10 14
10 17
10 19
10 20
10 21
10 23
10 28
10 31
10 34
10 39
10 40
10 42
10 45
10 47
10 48
10 55
10 59
10 60
10 67
10 69
10 70
10 72
10 73
10 76
10 78
10 80
10 85
10 89
10 97
10 98
10 110
10 123
10 125
10 128
10 141
10 152
10 153
10 155
10 168
10 171
10 174
10 177
10 180
10 186
10 187
10 195
11 12
11 13
11 14
11 15
11 16
11 17
11 18
11 19
11 20
11 21
11 22
11 23
11 24
11 25
11 26
11 27
11 28
11 31
11 34
11 36
11 37
11 39
11 40
11 41
11 48
11 50
11 51
11 52
11 53
11 56
11 57
11 58
11 59
11 60
11 62
11 64
11 65
11 66
11 67
11 69
11 72
11 73
11 75
11 87
11 88
11 90
11 97
11 98
11 99
11 100
11 108
11 110
11 112
11 114
11 119
11 124
11 127
11 129
11 130
11 131
11 143
11 149
11 172
11 175
11 182
11 189
11 191
12 13
12 14
12 15
12 16
12 17
12 18
12 19
12 20
12 21
12 22
12 23
12 24
12 25
12 26
12 31
12 32
12 39
12 42
12 43
12 45
12 46
12 51
12 52
12 53
12 55
12 58
12 62
12 64
12 69
12 71
12 72
12 77
12 78
12 79
12 89
12 91
12 93
12 95
12 98
12 100
12 102
12 104
12 109
12 112
12 113
12 115
12 118
12 125
12 127
12 130
12 131
12 135
12 136
12 138
12 140
12 141
12 144
12 152
12 161
12 175
12 176
12 178
12 184
12 186
12 189
12 199
13 14
13 15
13 16
13 17
13 18
13 21
13 22
13 23
13 24
13 27
13 30
13 31
13 32
13 33
13 34
13 36
13 37
13 38
13 45
13 46
13 52
13 54
13 55
13 60
13 61
13 64
13 65
13 68
13 69
13 71
13 76
13 77
13 78
13 84
13 86
13 99
13 114
13 118
13 120
13 124
13 125
13 126
13 132
13 143
13 147
13 149
13 150
13 152
13 154
13 157
13 165
13 170
13 180
13 183
13 184
13 185
13 186
13 189
13 190
13 198
14 15
14 16
14 17
14 18
14 21
14 22
14 24
14 25
14 26
14 27
14 28
14 29
14 31
14 33
14 34
14 35
14 36
14 40
14 41
14 43
14 45
14 47
14 50
14 52
14 55
14 56
14 57
14 62
14 69
14 71
14 82
14 99
14 109
14 110
14 113
14 117
14 134
14 146
14 147
14 149
14 151
14 152
14 154
14 157
14 160
14 161
14 165
14 168
14 176
14 177
14 179
14 182
14 183
14 188
15 16
15 17
15 19
15 20
15 21
15 24
15 25
15 26
15 30
15 34
15 35
15 37
15 38
15 41
15 44
15 54
15 59
15 66
15 67
15 71
15 72
15 74
15 91
15 103
15 119
15 134
15 135
15 143
15 151
15 153
15 154
15 163
15 164
15 165
15 169
15 173
15 179
15 192
16 17
16 18
16 19
16 20
16 22
16 23
16 25
16 33
16 34
16 38
16 44
16 47
16 48
16 56
16 63
16 65
16 66
16 68
16 75
16 79
16 84
16 95
16 101
16 107
16 110
16 115
16 123
16 131
16 140
16 143
16 144
16 153
16 154
16 156
16 159
16 166
16 173
16 177
16 183
17 18
17 19
17 20
17 22
17 23
17 25
17 27
17 28
17 30
17 32
17 35
17 37
17 41
17 42
17 45
17 48
17 50
17 53
17 63
17 71
17 72
17 82
17 85
17 96
17 102
17 103
17 111
17 118
17 119
17 121
17 123
17 127
17 131
17 134
17 136
17 139
17 150
17 156
17 181
17 183
17 191
17 194
18 19
18 21
18 22
18 27
18 36
18 38
18 40
18 42
18 43
18 44
18 47
18 48
18 49
18 51
18 52
18 53
18 59
18 61
18 65
18 67
18 70
18 83
18 87
18 88
18 89
18 90
18 93
18 95
18 100
18 113
18 121
18 133
18 135
18 141
18 144
18 149
18 155
18 158
18 163
18 164
18 165
18 170
18 178
18 183
18 186
18 190
18 191
18 196
18 198
19 20
19 22
19 24
19 27
19 28
19 29
19 35
19 36
19 38
19 55
19 59
19 68
19 74
19 80
19 81
19 90
19 92
19 101
19 102
19 103
19 105
19 112
19 118
19 123
19 138
19 139
19 141
19 142
19 149
19 179
19 188
19 197
20 24
20 26
20 27
20 32
20 37
20 39
20 42
20 47
20 48
20 49
20 50
20 57
20 64
20 67
20 74
20 79
20 81
20 82
20 84
20 86
20 87
20 91
20 99
20 103
20 105
20 118
20 132
20 140
20 146
20 147
20 176
20 179
20 190
20 195
21 23
21 25
21 26
21 32
21 38
21 39
21 41
21 42
21 71
21 82
21 83
21 93
21 99
21 116
21 118
21 122
21 131
21 150
21 168
21 170
21 182
21 189
21 190
22 23
22 29
22 32
22 36
22 38
22 39
22 40
22 44
22 60
22 64
22 70
22 99
22 101
22 120
22 151
22 159
22 166
22 167
22 177
22 188
22 193
23 24
23 26
23 27
23 30
23 31
23 33
23 34
23 35
23 37
23 39
23 40
23 42
23 45
23 46
23 49
23 51
23 52
23 53
23 57
23 59
23 61
23 62
23 63
23 65
23 66
23 72
23 74
23 75
23 79
23 80
23 81
23 83
23 84
23 86
23 87
23 89
23 100
23 104
23 110
23 116
23 124
23 126
23 138
23 143
23 144
23 157
23 161
23 166
23 189
23 190
23 199
24 25
24 28
24 29
24 31
24 33
24 40
24 41
24 44
24 50
24 54
24 58
24 61
24 77
24 79
24 81
24 89
24 90
24 92
24 94
24 100
24 106
24 115
24 116
24 122
24 125
24 134
24 135
24 142
24 143
24 148
24 153
24 166
24 169
24 185
24 190
25 28
25 29
25 37
25 38
25 43
25 46
25 49
25 54
25 69
25 88
25 96
25 100
25 106
25 133
25 148
25 158
25 189
25 190
25 195
26 29
26 33
26 34
26 35
26 39
26 50
26 53
26 57
26 59
26 63
26 64
26 83
26 91
26 109
26 111
26 113
26 115
26 117
26 119
26 123
26 124
26 127
26 140
26 143
26 145
26 154
26 177
26 180
26 197
27 28
27 33
27 34
27 35
27 41
27 63
27 78
27 90
27 98
27 110
27 124
27 146
27 167
27 172
27 174
27 197
28 29
28 30
28 35
28 36
28 38
28 45
28 51
28 52
28 58
28 60
28 61
28 62
28 63
28 66
28 67
28 68
28 75
28 83
28 86
28 95
28 98
28 99
28 109
28 115
28 120
28 131
28 147
28 149
28 150
28 155
28 161
28 163
28 167
28 168
28 171
28 175
28 180
28 181
28 194
29 30
29 34
29 36
29 43
29 49
29 56
29 82
29 95
29 97
29 105
29 117
29 138
29 156
29 169
29 181
30 31
30 40
30 41
30 43
30 50
30 55
30 62
30 63
30 69
30 70
30 83
30 90
30 93
30 96
30 102
30 105
30 109
30 120
30 127
30 137
30 158
30 161
30 166
30 171
30 172
30 197
31 32
31 33
31 37
31 39
31 43
31 48
31 60
31 65
31 68
31 71
31 72
31 73
31 80
31 84
31 98
31 104
31 117
31 121
31 128
31 147
31 150
31 155
31 162
31 163
31 169
31 173
31 178
31 183
31 199
32 35
32 40
32 43
32 63
32 65
32 66
32 87
32 90
32 92
32 94
32 103
32 112
32 116
32 149
32 151
32 181
32 188
32 196
32 197
33 46
33 49
33 51
33 57
33 66
33 68
33 73
33 75
33 77
33 80
33 84
33 88
33 100
33 101
33 114
33 126
33 127
33 128
33 129
33 130
33 132
33 133
33 136
33 139
33 141
33 153
33 161
33 170
33 191
33 199
34 44
34 52
34 53
34 54
34 55
34 57
34 58
34 59
34 79
34 82
34 94
34 117
34 126
34 137
34 143
34 157
34 184
35 48
35 49
35 58
35 61
35 65
35 77
35 85
35 91
35 103
35 120
35 128
35 133
35 169
35 182
35 186
36 58
36 70
36 74
36 98
36 107
36 136
36 138
36 144
36 148
36 185
37 42
37 45
37 75
37 81
37 88
37 97
37 129
37 151
37 165
38 39
38 46
38 48
38 73
38 74
38 82
38 84
38 85
38 86
38 88
38 92
38 93
38 94
38 106
38 108
38 112
38 113
38 117
38 121
38 144
38 160
38 164
38 174
38 176
38 181
38 182
38 193
39 58
39 75
39 87
39 94
39 96
39 108
39 131
39 162
39 163
39 165
39 184
39 185
39 196
40 49
40 66
40 85
40 88
40 96
40 105
40 107
40 139
41 44
41 46
41 56
41 61
41 68
41 69
41 92
41 96
41 97
41 101
41 116
41 119
41 123
41 131
41 152
41 197
42 44
42 55
42 56
42 68
42 87
42 88
42 92
42 94
42 112
42 120
42 135
42 140
42 142
42 143
42 146
42 177
43 48
43 49
43 50
43 56
43 61
43 66
43 78
43 81
43 83
43 87
43 93
43 103
43 112
43 116
43 128
43 129
43 139
43 141
43 142
43 157
43 198
44 46
44 60
44 72
44 76
44 85
44 88
44 98
44 106
44 113
44 119
44 198
45 47
45 53
45 57
45 73
45 77
45 90
45 105
45 108
45 111
45 115
45 117
45 124
45 126
45 135
45 150
45 177
45 199
46 50
46 61
46 95
46 137
47 51
47 52
47 54
47 62
47 75
47 76
47 84
47 85
47 88
47 96
47 113
47 148
47 149
47 158
47 164
47 188
48 51
48 56
48 58
48 60
48 63
48 64
48 70
48 73
48 75
48 91
48 101
48 104
48 123
48 126
48 179
48 191
48 192
49 58
49 67
49 74
49 76
49 82
49 83
49 102
49 103
49 108
49 111
49 113
49 131
49 145
49 151
49 152
49 153
49 164
49 179
50 54
50 55
50 62
50 64
50 82
50 92
50 102
50 139
50 140
50 146
50 168
50 172
50 184
50 191
51 55
51 73
51 87
51 90
51 95
51 118
51 137
51 145
51 170
51 186
51 190
52 101
52 108
52 122
52 132
52 136
52 145
52 173
52 190
53 54
53 67
53 122
54 56
54 75
54 80
54 81
54 104
54 106
54 128
54 130
54 156
54 162
54 176
54 195
55 89
55 92
55 97
55 98
55 109
55 149
55 172
55 174
55 197
56 80
56 105
56 120
56 122
56 160
56 161
56 186
56 198
57 60
57 72
57 76
57 90
57 94
57 176
57 177
57 190
58 70
58 78
58 95
58 96
58 115
58 116
58 160
58 165
59 74
59 80
59 96
59 97
59 100
59 104
59 107
59 112
59 129
59 130
59 132
59 136
59 147
59 153
59 168
59 173
59 174
59 184
60 64
60 69
60 95
60 130
60 142
60 152
60 156
60 166
61 62
61 71
61 83
61 93
61 107
61 109
61 114
61 121
61 122
61 124
61 125
61 133
61 168
61 186
62 68
62 76
62 84
62 102
62 106
62 108
62 157
62 166
62 178
62 197
63 67
63 77
63 79
63 107
63 117
63 128
63 157
63 159
63 175
63 185
63 199
64 80
64 114
64 141
64 171
65 66
65 85
65 87
65 128
65 133
65 139
65 176
66 72
66 80
66 159
67 68
67 89
67 119
67 133
67 165
67 183
67 187
67 198
68 73
68 103
68 107
68 116
68 119
68 123
68 159
68 178
68 194
69 100
69 105
69 110
69 119
69 199
70 79
70 81
70 89
70 101
70 114
70 121
70 126
70 132
70 174
71 78
71 85
71 89
71 97
71 101
71 106
71 107
71 121
71 155
71 172
71 176
71 180
71 189
72 74
72 76
72 85
72 108
72 113
72 114
72 158
72 159
72 174
72 191
72 196
73 78
73 86
73 93
73 99
73 116
73 123
73 132
73 140
73 181
74 99
74 107
74 111
74 152
74 155
75 127
75 148
76 81
76 82
76 92
76 97
76 101
76 104
76 107
76 110
76 127
76 155
76 162
76 167
76 171
76 194
77 81
77 114
77 125
77 129
77 132
77 183
77 189
78 115
78 147
78 159
78 167
79 89
79 104
79 111
79 118
79 124
79 129
79 133
79 134
79 145
79 158
79 159
79 194
80 99
80 131
80 156
80 160
81 98
81 104
82 96
82 105
82 111
82 150
83 147
83 156
84 134
84 141
84 142
84 174
84 193
85 91
85 106
85 117
85 124
85 140
85 154
85 195
86 169
87 94
87 112
87 136
88 91
88 106
88 116
88 121
88 132
88 144
88 193
88 198
89 102
89 133
89 153
89 182
89 189
90 156
90 163
90 188
91 93
91 114
91 151
91 154
91 162
91 184
91 185
92 167
93 135
93 152
93 196
94 129
94 146
94 170
94 173
94 175
95 118
95 199
96 118
96 125
96 130
96 148
96 158
96 169
96 175
96 178
96 180
98 120
98 136
98 148
98 171
99 102
99 111
99 125
99 130
99 144
99 163
99 170
99 171
100 122
100 129
100 187
100 191
101 168
101 171
101 192
102 110
102 144
102 153
102 160
102 179
102 181
102 186
103 109
103 115
103 134
103 137
103 139
103 156
103 166
103 191
104 122
104 128
104 135
104 157
104 194
104 198
105 117
105 145
105 155
105 172
106 109
106 111
106 141
106 142
106 167
107 109
108 112
108 113
108 126
108 174
108 186
108 193
109 142
109 145
109 185
110 154
111 122
112 134
112 139
112 144
113 155
113 181
114 126
114 128
114 159
114 177
114 178
114 193
114 197
115 166
115 167
115 178
115 194
116 184
116 188
116 198
117 188
118 174
119 121
119 148
119 155
120 140
121 150
122 142
123 127
123 136
123 151
123 160
123 169
123 180
124 139
124 173
125 157
125 162
125 163
125 165
125 192
126 129
126 134
126 150
126 157
126 162
126 193
127 137
127 150
127 171
127 196
128 172
128 173
129 149
129 158
129 170
130 138
130 154
130 161
131 137
131 146
131 167
131 185
131 195
132 135
132 168
134 187
134 188
135 138
135 158
135 188
136 137
136 138
136 152
136 159
136 164
136 176
136 177
136 183
136 191
137 166
137 178
138 151
138 196
139 168
140 173
140 175
140 196
141 143
142 146
142 147
143 146
144 192
145 148
145 194
146 160
146 172
147 187
147 192
148 162
148 164
149 156
149 172
149 181
151 170
151 180
152 164
154 161
155 160
155 162
155 165
155 175
156 164
156 193
157 167
157 173
157 187
157 195
160 180
161 193
163 164
163 176
163 195
165 187
165 195
166 185
166 187
167 179
170 182
173 181
174 182
178 187
178 194
178 199
179 187
180 182
182 192
184 198
187 199
188 197
