0 1
0 2
0 3
0 4
0 5
0 6
0 7
0 8
0 9
0 10
0 11
0 12
0 13
0 15
0 16
0 17
0 19
0 20
0 24
0 26
0 29
0 35
0 36
0 38
0 39
0 42
0 43
0 45
0 46
0 48
0 49
0 50
0 55
0 59
0 64
0 65
0 66
0 67
0 68
0 69
0 71
0 73
0 76
0 84
0 89
0 98
0 103
0 104
0 109
0 112
0 117
0 118
0 123
0 124
0 130
0 135
0 136
0 142
0 143
0 149
0 150
0 153
0 162
0 166
0 169
0 179
0 188
1 11
1 12
1 13
1 14
1 16
1 17
1 19
1 27
1 28
1 30
1 31
1 37
1 40
1 47
1 49
1 50
1 52
1 56
1 57
1 62
1 68
1 69
1 72
1 78
1 88
1 94
1 97
1 99
1 101
1 103
1 109
1 113
1 117
1 118
1 122
1 135
1 137
1 138
1 143
1 156
1 165
1 174
1 180
1 184
1 194
1 197
1 198
1 199
2 11
2 12
2 13
2 14
2 16
2 19
2 21
2 22
2 23
2 25
2 26
2 29
2 32
2 34
2 35
2 37
2 42
2 46
2 49
2 67
2 81
2 83
2 101
2 108
2 141
2 169
2 171
2 177
3 12
3 13
3 14
3 15
3 18
3 19
3 20
3 24
3 32
3 36
3 57
3 58
3 82
3 93
3 106
3 140
3 182
3 193
3 196
4 11
4 13
4 15
4 16
4 18
4 20
4 21
4 26
4 28
4 31
4 33
4 34
4 41
4 47
4 48
4 53
4 65
4 70
4 72
4 90
4 97
4 104
4 113
4 137
4 154
4 155
4 184
4 197
5 11
5 12
5 18
5 20
5 47
5 48
5 54
5 61
5 63
5 76
5 156
5 162
6 11
6 15
6 16
6 19
6 23
6 24
6 25
6 27
6 32
6 33
6 36
6 39
6 44
6 49
6 53
6 54
6 60
6 62
6 67
6 69
6 72
6 73
6 78
6 86
6 94
6 96
6 97
6 98
6 112
6 113
6 122
6 131
6 141
6 146
6 153
6 160
6 163
6 165
6 187
6 194
7 11
7 12
7 13
7 14
7 15
7 21
7 26
7 28
7 30
7 34
7 36
7 40
7 42
7 50
7 69
7 73
7 83
7 84
7 88
7 90
7 93
7 110
7 114
7 126
7 137
7 140
7 159
7 166
7 171
7 177
7 183
7 195
8 11
8 12
8 13
8 14
8 15
8 16
8 17
8 18
8 21
8 25
8 27
8 28
8 31
8 33
8 42
8 44
8 45
8 49
8 50
8 52
8 58
8 59
8 60
8 71
8 75
8 78
8 83
8 86
8 90
8 94
8 99
8 111
8 115
8 120
8 122
8 141
8 143
8 159
8 166
8 181
8 186
8 188
8 193
8 195
9 11
9 12
9 13
9 14
9 17
9 22
9 26
9 34
9 39
9 48
9 79
9 84
9 98
9 104
9 157
9 166
9 187
9 189
9 199
10 11
10 12
10 14
10 15
10 17
10 18
10 19
10 20
10 21
10 24
10 25
10 26
10 27
10 32
10 33
10 34
10 35
10 39
10 40
10 44
10 51
10 52
10 59
10 62
10 63
10 64
10 66
10 70
10 73
10 77
10 81
10 86
10 89
10 91
10 95
10 101
10 102
10 114
10 116
10 125
10 127
10 130
10 133
10 146
10 150
10 151
10 154
10 175
10 179
10 187
11 12
11 13
11 14
11 15
11 16
11 17
11 19
11 22
11 23
11 24
11 27
11 29
11 30
11 32
11 34
11 35
11 36
11 39
11 40
11 41
11 42
11 46
11 47
11 48
11 51
11 52
11 54
11 56
11 58
11 59
11 64
11 65
11 67
11 68
11 69
11 71
11 74
11 80
11 85
11 90
11 94
11 96
11 97
11 99
11 103
11 106
11 108
11 113
11 119
11 120
11 121
11 130
11 132
11 133
11 134
11 137
11 138
11 140
11 146
11 147
11 156
11 160
11 162
11 166
11 167
11 170
11 175
11 180
11 185
11 187
11 188
11 193
12 13
12 14
12 15
12 16
12 17
12 18
12 19
12 20
12 22
12 23
12 24
12 25
12 27
12 30
12 32
12 34
12 36
12 40
12 43
12 44
12 47
12 52
12 53
12 55
12 56
12 63
12 73
12 75
12 77
12 79
12 80
12 81
12 89
12 93
12 106
12 107
12 109
12 116
12 119
12 120
12 126
12 130
12 137
12 139
12 144
12 146
12 148
12 156
12 158
12 161
12 168
12 174
12 178
12 181
12 186
12 196
13 14
13 15
13 16
13 17
13 18
13 19
13 20
13 21
13 22
13 23
13 24
13 26
13 28
13 31
13 32
13 33
13 34
13 35
13 37
13 38
13 41
13 42
13 44
13 45
13 47
13 48
13 50
13 52
13 53
13 54
13 61
13 62
13 66
13 68
13 70
13 75
13 76
13 78
13 82
13 84
13 86
13 90
13 94
13 98
13 102
13 104
13 109
13 110
13 113
13 114
13 119
13 121
13 124
13 126
13 128
13 131
13 133
13 144
13 150
13 153
13 159
13 169
13 170
13 172
13 173
13 175
13 184
13 188
13 194
14 17
14 20
14 21
14 22
14 27
14 28
14 29
14 30
14 31
14 32
14 34
14 37
14 40
14 41
14 43
14 44
14 45
14 50
14 55
14 58
14 61
14 65
14 71
14 74
14 77
14 79
14 87
14 92
14 94
14 96
14 99
14 100
14 102
14 104
14 113
14 124
14 128
14 139
14 144
14 148
14 153
14 160
14 163
14 177
14 180
14 181
14 185
14 195
15 16
15 18
15 20
15 21
15 22
15 25
15 27
15 30
15 35
15 37
15 43
15 44
15 45
15 50
15 51
15 54
15 57
15 58
15 59
15 60
15 64
15 86
15 91
15 96
15 101
15 108
15 118
15 126
15 128
15 131
15 134
15 144
15 156
15 161
15 168
15 170
15 178
15 182
15 189
15 191
15 196
15 198
15 199
16 17
16 18
16 22
16 23
16 29
16 30
16 31
16 33
16 37
16 38
16 47
16 54
16 55
16 58
16 61
16 75
16 79
16 83
16 85
16 89
16 95
16 103
16 107
16 108
16 110
16 112
16 128
16 129
16 134
16 135
16 141
16 148
16 151
16 161
16 170
16 172
16 181
16 190
16 193
16 195
17 18
17 19
17 20
17 21
17 22
17 23
17 25
17 27
17 33
17 38
17 41
17 42
17 48
17 56
17 59
17 61
17 63
17 70
17 74
17 75
17 77
17 80
17 81
17 83
17 85
17 91
17 100
17 112
17 117
17 120
17 127
17 129
17 133
17 134
17 154
17 159
17 167
17 171
17 176
17 177
17 185
17 190
17 191
18 23
18 25
18 26
18 31
18 32
18 38
18 46
18 49
18 50
18 54
18 63
18 73
18 75
18 93
18 94
18 101
18 104
18 120
18 121
18 128
18 136
18 138
18 142
18 144
18 145
18 162
18 165
18 168
18 177
18 178
18 198
19 27
19 28
19 29
19 40
19 43
19 44
19 50
19 51
19 56
19 61
19 64
19 69
19 70
19 95
19 96
19 109
19 116
19 130
19 141
19 159
19 161
19 162
19 178
20 21
20 22
20 23
20 30
20 35
20 37
20 43
20 48
20 57
20 59
20 61
20 66
20 68
20 74
20 78
20 80
20 81
20 88
20 94
20 106
20 110
20 111
20 142
20 145
20 149
20 150
20 157
20 160
20 167
20 169
20 175
20 182
20 188
20 193
21 23
21 24
21 31
21 33
21 35
21 36
21 38
21 43
21 46
21 51
21 52
21 53
21 54
21 63
21 64
21 68
21 73
21 79
21 103
21 105
21 111
21 121
21 123
21 128
21 136
21 139
21 142
21 146
21 148
21 152
21 154
21 163
21 164
21 165
21 186
21 199
22 24
22 25
22 29
22 32
22 33
22 39
22 46
22 51
22 68
22 70
22 76
22 77
22 78
22 79
22 80
22 85
22 88
22 89
22 93
22 105
22 106
22 119
22 121
22 129
22 131
22 137
22 152
22 153
23 24
23 25
23 26
23 28
23 40
23 57
23 59
23 67
23 74
23 94
23 95
23 97
23 101
23 105
23 108
23 118
23 126
23 127
23 132
23 136
23 153
23 160
23 183
23 192
23 196
24 26
24 28
24 29
24 31
24 35
24 38
24 41
24 51
24 56
24 60
24 62
24 63
24 87
24 92
24 145
24 148
24 155
24 159
24 162
24 184
24 191
24 192
25 28
25 29
25 30
25 31
25 33
25 34
25 36
25 42
25 43
25 46
25 50
25 59
25 60
25 67
25 68
25 71
25 75
25 78
25 85
25 89
25 107
25 127
25 145
25 147
25 149
25 179
25 180
25 184
25 195
26 39
26 52
26 68
26 77
26 81
26 86
26 89
26 106
26 108
26 131
26 169
26 191
27 29
27 35
27 36
27 52
27 55
27 56
27 57
27 60
27 64
27 66
27 78
27 80
27 82
27 84
27 87
27 90
27 92
27 102
27 103
27 107
27 112
27 132
27 137
27 148
27 161
27 173
27 180
27 189
27 196
28 30
28 37
28 38
28 41
28 45
28 46
28 47
28 58
28 71
28 72
28 79
28 87
28 92
28 99
28 108
28 111
28 112
28 115
28 117
28 141
28 143
28 146
28 158
28 167
28 179
29 41
29 42
29 49
29 51
29 72
29 83
29 105
29 126
29 127
29 135
29 136
29 183
29 194
30 38
30 39
30 53
30 55
30 62
30 66
30 69
30 70
30 76
30 79
30 83
30 117
30 120
30 123
30 132
30 134
30 146
30 154
30 163
30 164
30 176
30 180
30 182
30 183
30 199
31 36
31 37
31 40
31 53
31 56
31 63
31 68
31 71
31 72
31 75
31 77
31 122
31 123
31 126
31 138
31 148
31 156
31 160
31 173
31 190
32 39
32 40
32 42
32 55
32 60
32 63
32 65
32 72
32 74
32 85
32 87
32 100
32 116
32 127
32 135
32 150
32 157
32 163
33 41
33 43
33 45
33 49
33 62
33 66
33 73
33 84
33 97
33 115
33 131
33 140
33 153
33 157
33 174
33 198
34 37
34 45
34 46
34 48
34 54
34 67
34 79
34 85
34 123
34 144
34 177
34 185
35 81
35 82
35 84
35 99
35 100
35 105
35 136
35 147
35 149
35 185
36 38
36 73
36 80
36 125
36 148
36 158
36 173
36 178
36 193
36 195
37 39
37 45
37 46
37 47
37 51
37 65
37 72
37 75
37 85
37 88
37 90
37 93
37 99
37 100
37 124
37 129
37 142
37 145
37 151
37 158
37 165
37 168
37 170
37 186
37 190
37 194
38 41
38 43
38 44
38 47
38 51
38 54
38 58
38 62
38 76
38 78
38 94
38 100
38 111
38 118
38 127
38 129
38 130
38 138
38 141
38 148
38 169
38 174
38 179
38 192
38 199
39 55
39 105
39 123
39 129
39 158
39 171
39 182
39 183
40 57
40 58
40 61
40 69
40 84
40 85
40 88
40 96
40 117
40 122
40 130
40 151
40 154
40 181
40 196
40 199
41 62
41 67
41 77
41 86
41 91
41 172
42 48
42 53
42 57
42 70
42 74
42 76
42 82
42 91
42 92
42 102
42 112
42 114
42 134
42 143
42 152
42 164
42 168
42 169
42 170
42 171
42 174
43 44
43 64
43 67
43 69
43 70
43 81
43 90
43 93
43 134
43 137
43 139
43 147
43 168
43 170
43 172
43 182
44 45
44 49
44 53
44 55
44 57
44 58
44 69
44 73
44 76
44 77
44 88
44 91
44 92
44 95
44 104
44 109
44 113
44 117
44 121
44 123
44 124
44 130
44 139
44 152
44 172
44 191
44 192
44 197
45 60
45 65
45 71
45 74
45 81
45 105
45 109
45 131
45 133
45 140
45 151
45 159
45 167
45 182
46 56
46 59
46 81
46 92
46 139
46 156
46 163
46 183
46 189
47 80
47 98
47 103
47 163
47 182
47 183
47 184
47 197
48 49
48 80
48 89
48 99
48 103
48 146
48 147
48 155
48 197
49 67
49 82
49 98
49 115
49 117
49 124
49 194
50 52
50 80
50 88
50 92
50 95
50 108
50 129
50 154
50 175
50 192
51 60
51 75
51 82
51 98
51 135
51 172
51 196
52 53
52 72
52 88
52 109
52 110
52 118
52 123
52 136
52 144
52 149
52 151
52 157
53 55
53 56
53 60
53 84
53 96
53 101
53 102
53 108
53 109
53 124
53 157
53 186
54 83
54 111
54 134
54 147
54 155
54 186
55 61
55 63
55 70
55 71
55 87
55 88
55 91
55 93
55 106
55 116
55 128
55 151
55 153
55 174
55 186
55 196
56 57
56 65
56 102
56 122
56 175
56 177
56 188
56 198
57 82
57 84
57 86
57 87
57 114
57 138
57 161
57 165
57 188
58 61
58 71
58 111
59 62
59 66
59 79
59 99
59 106
59 126
59 154
59 156
59 178
60 64
60 72
60 83
60 103
60 115
60 119
60 126
60 128
60 135
60 140
61 66
61 82
61 100
61 122
61 133
62 64
62 65
62 74
62 99
62 104
62 107
62 110
62 119
62 124
62 125
62 133
62 143
62 158
62 178
62 181
62 185
62 187
62 189
63 65
63 100
63 138
63 166
64 66
64 91
64 95
64 105
64 114
64 118
64 124
64 127
64 141
64 173
65 90
65 96
65 114
65 173
65 190
66 90
66 143
66 172
67 74
67 76
67 97
67 102
67 111
67 113
67 122
67 129
67 141
67 145
67 146
67 159
67 164
67 171
67 177
67 198
68 104
68 115
68 132
69 87
69 134
69 150
69 162
69 168
69 174
69 177
69 187
69 190
69 192
70 77
70 119
70 138
71 85
71 97
71 101
71 114
71 115
71 117
71 136
71 150
71 158
71 187
72 87
72 166
72 169
73 76
73 78
73 98
73 114
73 123
74 82
74 100
74 102
74 108
74 115
74 116
74 124
74 125
74 139
74 140
74 152
74 157
74 176
74 190
74 193
75 107
75 122
75 192
76 92
76 96
76 121
76 131
76 132
76 152
76 175
76 185
76 194
76 197
77 83
77 89
77 92
77 111
77 130
77 142
77 155
77 156
77 159
77 171
77 179
77 183
77 187
78 89
78 93
78 95
78 110
78 115
78 125
78 133
78 140
78 144
78 149
78 188
78 190
79 86
79 171
80 97
80 143
80 174
81 95
81 100
81 102
81 107
81 123
81 159
81 166
81 180
81 187
81 189
82 116
82 153
83 98
83 103
83 131
83 135
83 142
83 149
83 179
83 194
84 87
84 119
84 145
85 86
85 101
85 176
86 91
86 118
86 125
87 95
87 107
87 111
87 119
87 125
87 138
87 161
87 170
87 172
87 174
87 176
87 181
87 191
88 91
88 109
88 113
88 144
88 165
88 177
88 197
88 199
89 106
89 117
89 155
90 93
90 98
90 104
90 112
90 118
90 163
90 191
90 195
91 106
91 110
91 112
91 150
92 97
92 101
92 110
92 112
92 149
92 152
92 178
92 195
93 105
93 119
93 154
94 107
94 120
94 130
94 133
94 149
94 178
95 96
95 114
95 155
95 180
96 115
96 129
96 143
96 155
96 160
96 178
96 197
97 107
97 150
97 182
98 110
98 138
98 147
100 131
100 132
101 116
101 137
102 105
102 116
102 122
102 151
102 167
102 190
103 125
103 127
103 154
103 196
104 120
104 128
104 147
104 186
105 125
105 168
105 195
106 164
106 188
107 121
107 127
107 135
107 141
107 151
107 174
108 118
108 136
108 152
108 181
109 113
109 120
109 121
109 126
109 132
109 137
110 116
110 128
110 142
110 167
111 143
111 149
111 165
111 184
111 191
112 120
112 139
112 164
113 139
113 151
113 152
113 157
113 158
113 175
113 194
114 171
115 176
115 181
116 160
116 176
117 121
117 135
117 145
118 167
118 197
119 152
119 168
119 184
120 155
120 156
120 183
121 133
121 162
122 162
122 176
123 132
123 139
123 153
124 125
124 157
125 145
125 150
125 170
125 191
126 132
126 134
126 158
126 186
126 199
128 129
129 158
129 169
130 162
130 164
130 179
132 140
132 160
133 140
133 175
134 136
134 144
134 185
135 142
135 173
136 147
136 164
136 171
137 148
138 142
138 147
139 157
139 168
139 189
140 145
140 165
140 166
140 192
140 198
142 161
142 163
142 167
142 175
142 187
143 170
143 179
143 191
143 196
144 166
145 146
146 176
147 161
148 155
149 163
149 169
149 172
150 160
150 184
150 198
151 161
151 173
152 164
152 190
152 199
153 195
154 173
154 182
154 189
154 194
156 180
161 165
161 167
161 172
162 173
162 183
162 192
163 164
163 185
165 185
165 189
167 184
167 197
168 198
169 188
170 180
171 192
171 198
173 176
173 186
175 193
176 179
176 189
180 181
183 193
189 193
