0 1
0 2
0 3
0 4
0 5
0 6
0 7
0 8
0 9
0 10
0 11
0 12
0 13
0 15
0 17
0 18
0 20
0 23
0 24
0 25
0 26
0 28
0 32
0 33
0 34
0 36
0 42
0 43
0 46
0 48
0 49
0 52
0 54
0 57
0 58
0 62
0 64
0 70
0 73
0 76
0 83
0 92
0 96
0 105
0 110
0 113
0 121
0 129
0 130
0 133
0 136
0 140
0 141
0 143
0 144
0 156
0 160
0 166
0 177
0 186
0 188
0 195
0 196
0 197
1 11
1 12
1 13
1 14
1 15
1 16
1 18
1 23
1 26
1 28
1 30
1 32
1 34
1 36
1 37
1 46
1 51
1 57
1 58
1 60
1 61
1 62
1 71
1 79
1 82
1 86
1 88
1 91
1 146
1 161
1 181
1 182
2 11
2 12
2 14
2 16
2 27
2 35
2 39
2 40
2 45
2 49
2 61
2 67
2 68
2 85
2 87
2 89
2 167
2 171
2 189
2 197
3 11
3 12
3 13
3 14
3 21
3 35
3 40
3 42
3 47
3 54
3 58
3 69
3 79
3 83
3 90
3 93
3 98
3 100
3 104
3 117
3 119
3 124
3 128
3 156
3 180
4 13
4 14
4 15
4 16
4 17
4 18
4 19
4 22
4 27
4 31
4 36
4 40
4 50
4 63
4 66
4 74
4 81
4 86
4 88
4 89
4 91
4 93
4 100
4 120
4 129
4 137
4 139
4 144
4 158
4 180
4 195
5 11
5 12
5 14
5 15
5 17
5 18
5 19
5 21
5 24
5 27
5 29
5 38
5 41
5 43
5 44
5 45
5 46
5 47
5 48
5 50
5 57
5 58
5 66
5 68
5 70
5 75
5 80
5 82
5 87
5 101
5 105
5 107
5 112
5 125
5 127
5 131
5 136
5 164
5 178
5 194
6 11
6 12
6 13
6 15
6 16
6 17
6 18
6 19
6 22
6 23
6 24
6 28
6 29
6 37
6 39
6 44
6 45
6 50
6 53
6 57
6 58
6 64
6 68
6 69
6 90
6 99
6 101
6 106
6 108
6 123
6 131
6 138
6 149
6 154
6 158
6 174
6 182
7 11
7 12
7 13
7 14
7 15
7 16
7 17
7 19
7 20
7 21
7 23
7 24
7 25
7 26
7 27
7 31
7 32
7 41
7 46
7 49
7 50
7 53
7 54
7 55
7 59
7 62
7 68
7 73
7 76
7 79
7 80
7 83
7 85
7 90
7 93
7 100
7 109
7 112
7 116
7 117
7 123
7 141
7 143
7 152
7 164
7 169
7 170
7 171
7 173
7 184
7 187
7 191
7 197
8 11
8 35
8 37
8 46
8 76
8 92
8 97
8 99
8 103
8 104
8 149
8 174
8 179
8 186
9 11
9 12
9 13
9 14
9 15
9 16
9 19
9 22
9 24
9 25
9 26
9 31
9 32
9 33
9 34
9 35
9 39
9 45
9 56
9 60
9 63
9 66
9 78
9 81
9 93
9 106
9 107
9 116
9 122
9 138
9 144
9 196
9 199
10 11
10 12
10 13
10 14
10 17
10 20
10 21
10 26
10 31
10 33
10 34
10 35
10 36
10 38
10 41
10 45
10 56
10 62
10 72
10 76
10 95
10 100
10 104
10 107
10 109
10 110
10 113
10 114
10 117
10 140
10 163
10 165
10 178
10 182
11 12
11 13
11 14
11 15
11 16
11 17
11 18
11 20
11 21
11 22
11 23
11 25
11 26
11 27
11 28
11 29
11 30
11 31
11 32
11 33
11 34
11 36
11 37
11 38
11 39
11 40
11 41
11 42
11 44
11 50
11 55
11 58
11 61
11 63
11 64
11 72
11 74
11 75
11 77
11 78
11 79
11 82
11 84
11 88
11 93
11 96
11 107
11 114
11 124
11 130
11 139
11 145
11 149
11 150
11 164
11 166
11 167
11 169
11 176
11 180
11 194
12 13
12 15
12 16
12 17
12 18
12 19
12 20
12 21
12 22
12 28
12 29
12 30
12 33
12 35
12 38
12 40
12 42
12 43
12 47
12 52
12 56
12 60
12 62
12 65
12 68
12 77
12 82
12 89
12 93
12 98
12 102
12 103
12 105
12 109
12 117
12 124
12 125
12 126
12 131
12 138
12 142
12 143
12 147
12 148
12 171
12 175
12 179
12 181
12 190
13 14
13 16
13 19
13 20
13 22
13 23
13 24
13 25
13 28
13 30
13 32
13 36
13 43
13 45
13 53
13 54
13 63
13 69
13 74
13 75
13 82
13 84
13 86
13 88
13 94
13 97
13 99
13 108
13 111
13 130
13 146
13 151
13 160
13 163
13 179
13 189
13 196
14 15
14 17
14 18
14 19
14 22
14 23
14 24
14 27
14 28
14 29
14 30
14 33
14 43
14 54
14 55
14 59
14 68
14 69
14 71
14 90
14 95
14 111
14 113
14 114
14 121
14 125
14 127
14 130
14 138
14 139
14 148
14 174
14 175
14 181
14 191
14 197
15 16
15 17
15 18
15 20
15 21
15 22
15 23
15 24
15 33
15 36
15 37
15 42
15 45
15 49
15 51
15 54
15 55
15 58
15 70
15 71
15 76
15 78
15 79
15 81
15 104
15 106
15 125
15 127
15 129
15 133
15 134
15 137
15 141
15 145
15 146
15 148
15 152
15 154
15 155
15 171
15 173
15 192
15 193
15 194
16 18
16 20
16 22
16 25
16 27
16 32
16 34
16 38
16 40
16 49
16 50
16 54
16 61
16 68
16 71
16 79
16 82
16 85
16 89
16 100
16 128
16 132
16 134
16 137
16 152
16 153
16 172
16 174
16 185
17 19
17 20
17 21
17 22
17 27
17 28
17 29
17 36
17 37
17 40
17 48
17 55
17 64
17 67
17 69
17 80
17 85
17 88
17 90
17 91
17 94
17 102
17 108
17 123
17 126
17 132
17 138
17 142
17 158
17 168
17 171
17 183
17 186
17 195
18 19
18 20
18 21
18 26
18 32
18 34
18 40
18 44
18 45
18 49
18 50
18 54
18 60
18 65
18 66
18 67
18 74
18 75
18 76
18 81
18 94
18 98
18 104
18 110
18 113
18 115
18 116
18 121
18 127
18 141
18 153
18 173
18 182
18 183
19 21
19 23
19 26
19 29
19 30
19 34
19 35
19 37
19 38
19 41
19 46
19 50
19 52
19 53
19 55
19 56
19 60
19 62
19 64
19 76
19 80
19 83
19 85
19 90
19 103
19 111
19 112
19 119
19 132
19 134
19 139
19 160
19 163
19 169
19 178
19 195
20 24
20 25
20 40
20 42
20 46
20 51
20 70
20 97
20 98
20 112
20 150
20 190
20 192
21 30
21 31
21 36
21 46
21 51
21 66
21 67
21 72
21 87
21 101
21 102
21 113
21 160
21 166
21 188
21 193
22 23
22 25
22 28
22 30
22 32
22 33
22 37
22 47
22 48
22 65
22 70
22 83
22 86
22 87
22 88
22 102
22 125
22 140
22 144
22 145
22 164
22 165
22 168
22 171
22 176
22 188
22 193
23 24
23 25
23 26
23 27
23 31
23 33
23 35
23 41
23 43
23 46
23 49
23 58
23 59
23 60
23 61
23 62
23 69
23 74
23 99
23 105
23 106
23 122
23 124
23 137
23 143
23 145
23 147
23 149
23 167
23 173
23 181
23 191
23 195
24 25
24 27
24 31
24 47
24 49
24 56
24 60
24 68
24 69
24 71
24 81
24 85
24 92
24 93
24 99
24 101
24 115
24 133
24 157
24 158
24 168
24 177
24 181
25 26
25 28
25 29
25 30
25 31
25 34
25 38
25 39
25 46
25 49
25 52
25 54
25 61
25 64
25 73
25 82
25 96
25 104
25 109
25 120
25 156
25 159
25 166
25 186
25 197
25 198
26 29
26 39
26 42
26 50
26 56
26 61
26 64
26 65
26 74
26 86
26 104
26 108
26 131
26 132
26 133
26 135
26 164
26 167
26 177
27 30
27 36
27 39
27 44
27 51
27 55
27 56
27 62
27 72
27 90
27 91
27 107
27 116
27 117
27 118
27 138
27 143
27 148
27 150
27 167
27 194
28 29
28 44
28 47
28 48
28 55
28 60
28 63
28 66
28 73
28 94
28 113
28 122
28 127
28 133
28 144
28 155
28 160
28 178
28 193
29 33
29 38
29 43
29 47
29 48
29 64
29 66
29 69
29 71
29 105
29 127
29 128
29 137
29 142
29 149
29 159
29 180
29 199
30 31
30 32
30 39
30 41
30 43
30 51
30 58
30 64
30 69
30 70
30 75
30 83
30 113
30 114
30 117
30 132
30 138
30 143
30 161
30 179
30 180
30 181
30 182
30 184
30 191
31 38
31 39
31 53
31 63
31 65
31 73
31 75
31 78
31 79
31 84
31 96
31 116
31 117
31 124
31 128
31 131
31 134
31 152
31 155
31 164
31 165
31 167
31 172
31 181
31 182
31 185
31 193
32 34
32 35
32 42
32 44
32 48
32 50
32 56
32 57
32 68
32 71
32 73
32 77
32 80
32 83
32 94
32 101
32 104
32 107
32 111
32 116
32 137
32 140
32 142
32 146
32 160
32 163
32 173
33 37
33 52
33 59
33 64
33 74
33 101
33 115
33 125
33 126
33 127
33 131
33 152
33 157
33 164
33 179
34 35
34 37
34 41
34 43
34 44
34 59
34 69
34 74
34 84
34 91
34 92
34 109
34 122
34 124
34 134
34 135
34 143
34 158
34 162
34 164
34 184
35 40
35 47
35 52
35 58
35 61
35 76
35 83
35 84
35 85
35 87
35 88
35 110
35 118
35 131
35 149
35 156
35 170
35 175
36 39
36 41
36 42
36 53
36 56
36 60
36 63
36 73
36 81
36 84
36 90
36 95
36 96
36 107
36 115
36 118
36 119
36 120
36 122
36 128
36 141
36 145
36 150
36 154
36 163
36 164
36 174
36 175
36 179
36 184
36 185
37 38
37 43
37 44
37 63
37 70
37 75
37 77
37 78
37 88
37 166
37 185
37 189
38 42
38 44
38 45
38 53
38 65
38 70
38 90
38 100
38 104
38 106
38 112
38 119
38 120
38 128
38 135
38 158
38 161
38 163
38 177
38 178
38 186
38 189
38 198
39 41
39 51
39 59
39 66
39 72
39 95
39 123
39 137
39 141
39 176
39 193
39 196
40 47
40 49
40 53
40 57
40 86
40 98
40 136
40 178
41 51
41 111
41 129
41 136
41 139
41 144
41 158
41 163
42 51
42 55
42 73
42 78
42 80
42 94
42 111
42 112
42 151
42 159
42 197
43 45
43 48
43 52
43 57
43 62
43 80
43 82
43 84
43 94
43 103
43 151
43 188
43 192
44 47
44 63
44 89
44 114
44 125
44 155
44 162
44 176
44 181
44 183
44 191
45 48
45 52
45 55
45 56
45 67
45 70
45 71
45 77
45 85
45 102
45 114
45 115
45 120
45 129
45 130
45 166
45 168
45 176
45 183
46 48
46 51
46 53
46 59
46 65
46 77
46 82
46 87
46 92
46 94
46 99
46 103
46 106
46 127
46 153
46 154
46 156
46 157
46 173
46 194
46 196
47 87
47 96
47 146
48 52
48 53
48 61
48 79
48 88
48 92
48 95
48 145
49 52
49 59
49 75
49 78
49 87
49 90
49 101
49 110
49 112
49 114
49 123
49 135
49 144
49 179
49 191
49 194
49 198
49 199
50 57
50 67
50 98
50 105
50 109
50 128
50 162
50 197
51 62
51 65
51 67
51 77
51 92
51 95
51 97
51 99
51 103
51 129
51 142
51 156
51 177
51 191
51 192
51 194
52 67
52 70
52 75
52 91
52 96
52 97
52 98
52 99
52 102
52 104
52 107
52 118
52 130
52 139
52 145
52 147
52 155
52 175
52 186
53 54
53 72
53 78
53 106
53 115
53 148
53 198
54 59
54 85
54 86
54 96
54 120
54 121
54 124
54 135
54 138
54 152
54 159
54 172
55 57
55 91
55 110
55 119
55 163
55 169
55 187
55 190
56 57
56 59
56 75
56 77
56 127
56 132
56 133
56 135
56 136
56 169
56 176
56 184
57 60
57 71
57 113
57 153
57 162
57 169
57 192
58 88
58 91
58 119
58 129
58 133
58 154
58 157
58 187
59 61
59 76
59 81
59 100
59 103
59 107
59 109
59 120
59 123
59 162
59 168
59 188
60 65
60 67
60 68
60 74
60 79
60 80
60 93
60 95
60 102
60 108
60 109
60 114
60 123
60 151
60 156
60 171
61 63
61 66
61 67
61 73
61 78
61 85
61 98
61 110
61 117
61 121
61 125
61 135
61 155
61 158
61 159
61 174
61 177
61 183
61 187
62 106
62 137
62 147
62 170
62 196
63 65
63 80
63 84
63 86
63 96
63 99
63 112
63 133
63 138
63 142
63 144
63 152
63 158
63 165
63 171
63 190
64 91
64 96
64 116
64 131
64 132
64 174
64 188
65 66
65 81
65 86
65 94
65 103
65 139
65 147
65 159
65 161
65 176
65 177
66 77
66 112
66 119
66 153
66 163
66 167
66 176
66 183
66 196
66 199
67 102
67 133
67 135
67 136
67 148
67 151
68 71
68 72
68 77
68 79
68 109
68 110
68 111
68 122
68 126
68 132
68 134
68 151
68 154
68 156
69 72
69 73
69 74
69 105
69 108
69 119
69 122
69 129
69 141
69 154
69 155
69 161
69 170
69 179
69 190
70 72
70 92
70 106
70 117
70 148
70 155
70 157
70 162
70 171
70 174
70 175
70 193
71 72
71 82
71 144
71 170
71 180
71 182
71 196
72 80
72 89
72 199
73 81
73 83
73 89
73 98
73 99
73 101
73 113
73 114
73 134
73 140
73 152
73 158
73 178
73 192
74 84
74 97
74 101
74 112
74 120
74 121
74 135
74 136
74 172
75 76
75 78
75 84
75 87
75 89
75 91
75 92
75 115
75 118
75 122
75 134
75 168
76 81
76 95
76 116
76 129
76 141
76 150
76 157
76 180
77 92
77 105
77 111
77 119
77 121
77 123
77 137
77 186
78 103
78 118
78 128
78 147
78 198
79 105
79 151
80 93
80 111
80 118
80 121
80 126
80 139
80 146
80 157
80 162
80 169
80 171
80 191
81 83
81 86
81 108
81 118
81 130
81 145
81 150
81 154
81 177
81 192
82 120
82 142
82 149
82 162
82 169
82 183
83 87
83 126
83 168
83 182
83 185
84 98
84 109
84 140
84 142
84 146
84 149
84 165
84 167
84 194
85 95
85 97
85 106
85 116
85 122
85 137
86 89
86 93
86 97
86 100
86 101
86 113
86 119
86 166
86 169
87 89
87 97
87 100
87 102
87 122
87 124
87 135
87 136
87 141
87 161
87 165
87 187
87 189
87 198
88 140
88 142
88 143
88 156
88 185
89 94
89 149
89 170
90 95
90 105
90 107
90 111
90 161
90 191
91 97
91 131
91 136
92 100
92 116
92 117
92 124
92 132
92 159
92 183
92 185
92 187
92 190
93 152
93 179
93 184
94 102
94 108
94 125
94 134
94 142
94 155
94 163
95 115
95 125
95 140
95 168
96 110
96 121
96 156
96 162
96 199
97 134
97 150
97 154
97 190
97 192
98 127
98 143
98 164
99 114
99 145
99 149
99 154
99 183
100 103
100 141
100 187
101 121
101 123
101 136
101 157
101 165
102 110
102 115
102 140
102 184
102 192
103 120
103 143
103 172
104 108
104 170
104 175
104 188
106 108
106 151
107 131
107 170
107 172
108 160
109 126
109 133
109 194
109 195
110 199
111 115
111 161
111 197
112 146
113 130
113 181
114 132
114 145
114 155
114 184
115 126
115 130
115 153
116 118
116 130
116 153
116 157
116 166
116 175
116 180
116 190
116 195
117 118
117 126
117 150
118 128
118 165
119 128
119 144
119 150
119 172
119 192
119 197
119 199
120 123
120 124
120 139
121 138
121 148
121 152
121 176
123 147
123 151
123 159
123 160
123 173
124 147
124 150
124 153
124 172
125 126
126 146
126 177
126 197
127 129
127 159
127 160
127 185
128 139
128 181
129 151
129 157
129 162
129 165
129 168
130 172
130 189
131 167
131 168
131 198
133 170
133 190
135 148
136 147
137 140
137 153
137 160
137 172
138 146
138 178
138 195
139 193
141 173
141 175
143 147
143 185
145 153
145 161
145 174
145 178
145 189
147 148
147 169
147 174
147 176
147 196
148 161
148 166
149 170
150 188
151 199
152 180
152 198
153 159
153 165
155 166
155 186
155 187
155 190
156 167
157 189
160 189
161 177
161 198
162 179
162 184
162 199
164 188
164 195
165 182
165 188
167 186
169 173
169 183
170 187
170 193
170 194
171 178
172 173
173 175
174 185
176 180
176 193
178 182
181 195
182 184
182 191
183 187
184 186
186 196
186 198
188 189
