0 1
0 2
0 3
0 4
0 5
0 6
0 7
0 8
0 9
0 10
0 11
0 12
0 13
0 14
0 15
0 16
0 17
0 18
0 19
0 20
0 21
0 22
0 28
0 30
0 31
0 35
0 39
0 44
0 48
0 53
0 55
0 58
0 60
0 61
0 64
0 65
0 66
0 68
0 69
0 72
0 77
0 78
0 82
0 85
0 88
0 89
0 92
0 96
0 101
0 102
0 108
0 110
0 112
0 113
0 115
0 116
0 121
0 123
0 133
0 142
0 146
0 163
0 168
0 169
0 188
1 11
1 12
1 24
1 29
1 67
1 70
1 159
1 162
2 11
2 13
2 14
2 16
2 17
2 18
2 21
2 26
2 30
2 31
2 35
2 36
2 46
2 48
2 72
2 76
2 109
2 125
2 128
2 134
2 140
2 153
2 160
2 161
2 192
2 197
2 198
3 11
3 12
3 14
3 15
3 16
3 17
3 18
3 20
3 23
3 24
3 25
3 28
3 29
3 32
3 33
3 34
3 40
3 41
3 44
3 46
3 51
3 53
3 55
3 57
3 65
3 68
3 71
3 82
3 83
3 96
3 100
3 103
3 115
3 117
3 125
3 129
3 137
3 138
3 147
3 156
3 166
3 167
3 192
3 195
3 197
3 198
3 199
4 11
4 12
4 13
4 16
4 17
4 19
4 21
4 29
4 43
4 45
4 55
4 56
4 62
4 71
4 92
4 100
4 101
4 102
4 105
4 122
4 126
4 137
4 143
4 151
4 158
4 176
4 181
4 187
5 11
5 12
5 13
5 16
5 17
5 18
5 19
5 23
5 36
5 42
5 46
5 48
5 52
5 53
5 64
5 70
5 74
5 77
5 78
5 89
5 90
5 101
5 114
5 123
5 136
5 144
5 149
5 154
5 170
5 174
5 183
5 191
6 11
6 12
6 13
6 16
6 19
6 21
6 22
6 23
6 25
6 26
6 27
6 30
6 31
6 38
6 40
6 50
6 55
6 56
6 58
6 59
6 60
6 62
6 65
6 80
6 82
6 86
6 117
6 122
6 138
6 142
6 147
6 151
6 154
6 155
6 163
6 170
7 11
7 12
7 13
7 14
7 15
7 16
7 17
7 18
7 19
7 23
7 24
7 26
7 30
7 33
7 36
7 42
7 50
7 58
7 66
7 76
7 79
7 89
7 90
7 91
7 94
7 99
7 101
7 110
7 113
7 121
7 124
7 128
7 129
7 139
7 150
7 159
7 164
7 179
7 184
7 185
7 187
8 11
8 12
8 13
8 14
8 15
8 19
8 27
8 29
8 30
8 34
8 36
8 37
8 38
8 39
8 42
8 53
8 67
8 73
8 91
8 98
8 104
8 108
8 110
8 119
8 123
8 132
8 133
8 171
8 172
8 182
8 193
8 197
9 11
9 12
9 13
9 14
9 15
9 18
9 19
9 20
9 22
9 23
9 24
9 27
9 28
9 30
9 31
9 32
9 33
9 34
9 35
9 37
9 39
9 40
9 43
9 44
9 47
9 49
9 54
9 58
9 61
9 65
9 71
9 81
9 83
9 86
9 89
9 95
9 96
9 100
9 101
9 104
9 105
9 107
9 116
9 132
9 134
9 148
9 156
9 163
9 167
9 190
9 193
9 195
10 14
10 15
10 30
10 37
10 104
10 147
11 12
11 13
11 14
11 15
11 17
11 19
11 21
11 22
11 25
11 27
11 28
11 29
11 30
11 31
11 32
11 33
11 37
11 38
11 40
11 43
11 45
11 48
11 49
11 51
11 53
11 54
11 58
11 60
11 64
11 66
11 67
11 69
11 71
11 72
11 73
11 76
11 84
11 86
11 97
11 104
11 109
11 117
11 122
11 126
11 127
11 132
11 134
11 138
11 143
11 145
11 150
11 156
11 163
11 168
11 174
11 184
11 185
11 196
12 13
12 14
12 15
12 16
12 17
12 20
12 21
12 22
12 23
12 24
12 26
12 27
12 29
12 32
12 33
12 34
12 36
12 40
12 41
12 42
12 43
12 45
12 48
12 49
12 51
12 52
12 59
12 60
12 62
12 67
12 68
12 71
12 73
12 74
12 75
12 79
12 84
12 91
12 97
12 98
12 99
12 100
12 103
12 105
12 112
12 113
12 116
12 119
12 122
12 123
12 137
12 142
12 145
12 150
12 156
12 159
12 179
12 181
12 182
12 190
13 14
13 15
13 16
13 17
13 18
13 19
13 20
13 22
13 23
13 24
13 25
13 26
13 27
13 30
13 34
13 36
13 37
13 39
13 47
13 50
13 55
13 56
13 59
13 65
13 71
13 73
13 81
13 83
13 90
13 91
13 98
13 99
13 106
13 109
13 119
13 121
13 124
13 132
13 136
13 138
13 139
13 164
13 184
13 190
13 191
13 193
14 15
14 16
14 18
14 20
14 22
14 25
14 27
14 28
14 31
14 33
14 35
14 38
14 39
14 42
14 43
14 46
14 48
14 50
14 51
14 59
14 60
14 65
14 71
14 73
14 74
14 79
14 85
14 89
14 92
14 95
14 96
14 108
14 112
14 121
14 128
14 139
14 140
14 141
14 158
14 161
14 173
14 176
14 184
14 193
14 194
14 195
15 17
15 18
15 20
15 21
15 23
15 35
15 36
15 37
15 38
15 40
15 44
15 45
15 54
15 66
15 69
15 75
15 82
15 84
15 113
15 114
15 117
15 124
15 127
15 136
15 154
15 155
15 172
15 175
15 176
15 179
16 21
16 25
16 34
16 35
16 42
16 56
16 57
16 61
16 79
16 82
16 87
16 88
16 92
16 93
16 99
16 103
16 106
16 111
16 120
16 130
16 136
16 141
16 148
16 152
16 153
16 169
16 185
17 18
17 20
17 25
17 26
17 28
17 29
17 31
17 32
17 35
17 38
17 44
17 45
17 57
17 70
17 71
17 75
17 77
17 82
17 87
17 88
17 90
17 97
17 115
17 117
17 118
17 122
17 132
17 141
17 145
17 153
17 194
18 19
18 20
18 22
18 23
18 25
18 26
18 27
18 30
18 33
18 34
18 39
18 40
18 43
18 54
18 63
18 66
18 70
18 73
18 74
18 81
18 85
18 88
18 94
18 95
18 102
18 105
18 106
18 110
18 132
18 135
18 140
18 142
18 154
18 160
18 175
18 178
18 181
18 185
19 20
19 21
19 22
19 26
19 27
19 28
19 29
19 32
19 35
19 36
19 39
19 41
19 42
19 56
19 58
19 61
19 64
19 68
19 75
19 81
19 83
19 84
19 90
19 92
19 105
19 110
19 113
19 132
19 139
19 144
19 161
19 162
19 165
19 183
19 191
19 197
20 21
20 24
20 25
20 26
20 29
20 32
20 37
20 41
20 42
20 46
20 47
20 50
20 52
20 57
20 58
20 61
20 69
20 73
20 79
20 81
20 84
20 85
20 94
20 102
20 121
20 128
20 137
20 173
20 184
21 22
21 24
21 25
21 28
21 32
21 38
21 41
21 43
21 46
21 48
21 50
21 51
21 52
21 53
21 56
21 57
21 61
21 64
21 67
21 74
21 84
21 86
21 87
21 89
21 92
21 93
21 97
21 98
21 100
21 106
21 109
21 122
21 131
21 137
21 140
21 142
21 144
21 146
21 148
21 151
21 156
21 161
21 162
21 165
21 166
21 182
21 194
21 197
21 198
21 199
22 23
22 24
22 40
22 42
22 53
22 58
22 60
22 66
22 68
22 72
22 74
22 75
22 76
22 77
22 79
22 80
22 87
22 107
22 118
22 133
22 135
22 150
22 152
22 160
22 186
22 191
22 198
22 199
23 24
23 34
23 54
23 73
23 99
23 100
23 108
23 109
23 126
23 136
23 149
23 160
23 173
23 198
24 27
24 28
24 29
24 32
24 33
24 35
24 36
24 40
24 44
24 48
24 50
24 51
24 52
24 58
24 59
24 60
24 63
24 64
24 74
24 81
24 87
24 91
24 96
24 97
24 99
24 107
24 111
24 120
24 125
24 126
24 127
24 130
24 132
24 133
24 139
24 149
24 151
24 153
24 169
24 174
24 176
24 177
25 26
25 31
25 32
25 35
25 38
25 39
25 45
25 46
25 47
25 49
25 55
25 56
25 57
25 60
25 62
25 68
25 76
25 83
25 88
25 100
25 107
25 115
25 128
25 129
25 135
25 137
25 159
25 162
25 172
25 173
25 188
25 199
26 33
26 34
26 47
26 50
26 52
26 54
26 55
26 62
26 66
26 67
26 73
26 76
26 88
26 90
26 102
26 104
26 118
26 119
26 125
26 138
26 147
26 148
26 167
26 182
26 199
27 28
27 31
27 37
27 41
27 51
27 54
27 63
27 74
27 78
27 80
27 85
27 91
27 98
27 99
27 110
27 116
27 122
27 128
27 129
27 139
27 146
27 148
27 153
27 168
27 175
27 183
27 197
28 33
28 43
28 44
28 45
28 47
28 49
28 59
28 66
28 68
28 69
28 75
28 90
28 93
28 98
28 102
28 106
28 111
28 112
28 115
28 119
28 120
28 124
28 129
28 130
28 137
28 141
28 144
28 163
28 169
28 187
28 190
28 192
28 194
28 195
29 44
29 53
29 55
29 66
29 103
29 107
29 112
29 116
29 123
29 133
29 140
29 173
29 179
29 186
29 198
29 199
30 31
30 36
30 37
30 43
30 45
30 48
30 56
30 72
30 79
30 80
30 84
30 94
30 95
30 106
30 118
30 133
30 142
30 143
30 144
30 145
30 146
30 155
30 161
30 175
30 177
30 178
30 193
31 37
31 38
31 41
31 46
31 51
31 55
31 57
31 63
31 67
31 78
31 79
31 80
31 83
31 84
31 86
31 96
31 109
31 110
31 114
31 135
31 142
31 145
31 148
31 162
31 167
31 190
31 196
32 42
32 46
32 47
32 51
32 63
32 67
32 78
32 114
32 152
32 172
32 177
33 34
33 63
33 68
33 77
33 78
33 80
33 86
33 97
33 104
33 107
33 110
33 120
33 126
33 147
33 149
33 150
33 164
33 184
34 41
34 47
34 98
34 108
34 109
34 112
34 128
34 130
34 135
34 157
34 159
34 166
34 189
35 44
35 53
35 130
36 38
36 40
36 49
36 63
36 69
36 70
36 89
36 92
36 93
36 144
36 145
36 174
36 180
36 181
36 185
36 190
36 192
37 39
37 45
37 48
37 59
37 64
37 77
37 87
37 110
37 114
38 39
38 41
38 43
38 44
38 49
38 51
38 52
38 56
38 65
38 69
38 75
38 77
38 79
38 86
38 120
38 156
38 157
38 193
38 198
39 41
39 54
39 55
39 59
39 63
39 64
39 70
39 85
39 86
39 97
39 115
39 168
39 187
40 49
40 50
40 54
40 83
40 111
40 118
40 161
40 165
40 166
40 169
40 188
40 191
40 197
41 45
41 47
41 52
41 62
41 80
41 93
41 96
41 99
41 124
41 127
41 134
41 142
41 186
41 189
42 49
42 61
42 72
42 87
42 100
42 102
42 121
42 122
42 129
42 166
42 172
42 185
42 193
43 47
43 84
43 97
43 120
43 158
43 162
43 182
43 189
44 70
44 75
44 76
44 81
44 87
44 89
44 91
44 127
44 131
44 141
44 152
44 158
44 184
45 46
45 49
45 61
45 62
45 74
45 76
45 81
45 108
45 136
45 143
45 160
45 170
45 171
45 180
45 182
46 50
46 52
46 57
46 63
46 65
46 69
46 71
46 94
46 101
46 105
46 111
46 140
46 144
46 164
46 178
47 57
47 60
47 77
47 82
47 85
47 97
47 124
47 141
47 147
47 158
47 164
47 165
47 191
48 52
48 53
48 59
48 61
48 62
48 64
48 67
48 76
48 86
48 91
48 95
48 99
48 125
48 128
48 147
49 60
49 63
49 68
49 88
49 104
49 113
49 153
49 168
49 175
49 186
50 56
50 61
50 67
50 78
50 103
50 105
50 107
50 120
50 131
50 133
50 148
50 160
50 171
51 57
51 72
51 81
51 82
51 95
51 109
51 113
51 119
51 121
51 146
51 152
51 170
51 172
51 180
51 198
52 70
52 77
52 78
52 96
52 103
52 124
52 126
52 143
52 154
53 54
53 75
53 77
53 83
53 85
53 98
53 112
53 118
53 129
53 148
53 151
53 190
54 118
54 120
54 172
54 193
54 194
54 198
55 87
55 101
55 103
55 106
55 172
56 62
56 65
56 69
56 79
56 83
56 92
56 98
56 106
56 108
56 114
56 131
56 134
56 137
56 138
56 160
56 164
56 178
56 189
56 192
57 58
57 68
57 80
57 86
57 111
57 114
57 124
57 127
57 148
57 156
57 167
57 169
58 59
58 64
58 71
58 80
58 113
58 126
58 162
58 177
58 179
58 184
58 185
59 62
59 93
59 94
59 117
59 144
59 157
59 189
60 65
60 69
60 129
60 164
60 172
60 192
61 78
61 95
61 140
61 163
61 179
62 72
62 93
62 131
62 182
62 187
62 196
63 66
63 138
63 149
63 167
63 187
63 191
64 72
64 90
64 95
64 111
64 125
64 149
64 156
64 157
64 177
64 182
65 81
65 88
65 94
65 103
65 105
65 117
65 121
65 141
65 151
65 178
66 101
66 141
66 196
67 82
67 96
67 147
67 149
67 171
68 70
68 72
68 73
68 76
68 88
68 91
68 108
68 115
68 117
68 119
68 126
68 131
68 135
68 136
68 146
68 180
68 181
68 193
68 194
69 70
69 75
69 95
69 137
69 148
69 154
69 170
69 176
69 178
69 188
69 199
70 94
70 105
70 151
70 154
70 156
71 74
71 123
71 134
71 152
71 179
72 130
72 136
72 143
72 150
72 157
72 166
73 80
73 90
73 102
73 119
73 182
73 191
73 192
74 92
74 104
74 120
74 121
74 126
74 140
74 143
74 160
74 189
74 196
75 82
75 107
75 139
76 78
76 85
76 131
76 138
76 159
76 171
76 189
77 88
77 91
77 96
77 106
77 111
77 118
77 125
77 134
77 159
77 161
77 163
78 84
78 90
78 99
78 100
78 108
78 173
78 174
79 85
79 87
79 89
79 94
79 124
79 132
79 135
79 150
79 152
79 159
79 185
79 188
79 194
80 89
80 95
80 149
80 177
81 83
81 104
81 108
81 122
81 127
81 131
81 138
81 146
81 168
82 100
82 117
82 123
82 144
82 159
82 162
82 171
82 178
82 195
83 112
83 145
84 92
84 160
84 188
85 103
85 112
85 146
85 155
85 158
85 171
86 129
86 137
87 94
87 97
87 145
87 150
87 155
88 93
88 98
88 113
88 115
88 117
88 125
88 128
88 130
88 133
88 141
88 186
88 189
89 132
89 140
89 179
89 199
90 101
90 139
91 93
91 115
91 127
91 136
91 143
91 187
91 199
92 93
92 111
93 102
93 107
93 123
93 155
93 165
93 170
93 181
93 195
94 107
94 116
94 130
94 131
94 144
94 172
95 116
95 149
95 167
96 106
96 109
96 116
96 168
97 104
97 109
97 125
97 157
97 165
97 174
98 102
98 103
98 125
98 128
98 130
98 143
98 185
99 101
99 126
99 163
99 180
99 197
100 112
100 113
100 116
100 166
100 183
100 188
100 195
101 105
101 114
101 145
101 147
101 157
101 158
101 175
102 115
102 155
102 157
102 176
102 177
102 180
102 187
103 164
104 114
104 123
104 133
104 134
104 135
104 146
104 151
104 182
104 184
104 187
105 114
105 119
105 189
105 194
105 196
106 110
106 130
106 140
106 151
106 163
106 187
106 195
107 111
107 122
107 141
107 153
107 160
107 167
107 168
108 118
108 123
108 158
108 183
109 196
110 152
110 173
110 177
111 119
111 162
111 174
111 180
111 181
111 186
112 116
112 121
112 136
112 154
112 173
112 190
113 120
113 196
114 118
114 129
114 169
115 142
115 178
116 127
116 150
116 152
116 168
116 169
116 181
117 127
117 134
117 155
117 156
117 157
117 167
117 174
118 131
119 149
120 139
120 151
120 189
121 158
122 135
122 179
123 124
123 133
123 166
123 173
124 164
124 175
124 192
124 194
125 134
125 154
125 158
126 183
126 191
127 162
127 165
127 171
127 192
128 165
128 174
128 188
129 135
129 147
130 139
130 143
130 161
130 169
130 170
130 175
131 183
131 197
132 150
132 152
132 153
132 170
132 199
134 145
134 181
134 197
136 146
136 167
136 169
136 171
137 138
137 142
137 170
137 181
138 153
138 193
139 164
139 165
139 176
139 198
140 154
140 155
140 176
140 177
140 178
141 175
142 183
142 196
143 186
143 190
145 180
147 155
149 153
149 188
150 168
150 174
150 180
152 170
153 163
153 192
155 157
155 176
155 179
155 190
156 159
156 196
158 161
158 183
158 184
159 161
159 166
159 186
161 165
161 166
162 186
162 195
163 180
166 175
166 178
167 176
169 171
172 173
172 177
172 186
174 183
174 195
175 188
179 185
181 194
186 191
