0 1
0 2
0 3
0 4
0 5
0 6
0 7
0 8
0 9
0 10
0 11
0 12
0 13
0 14
0 15
0 16
0 17
0 18
0 19
0 20
0 21
0 22
0 23
0 24
0 25
0 26
0 28
0 32
0 33
0 35
0 36
0 38
0 39
0 40
0 41
0 44
0 46
0 47
0 48
0 50
0 53
0 56
0 57
0 59
0 65
0 66
0 68
0 70
0 74
0 75
0 78
0 86
0 97
0 98
0 99
0 104
0 108
0 111
0 113
0 115
0 121
0 123
0 126
0 131
0 133
0 134
0 135
0 137
0 140
0 145
0 148
0 149
0 153
0 157
0 173
0 175
0 177
0 178
0 179
0 180
0 185
0 190
0 194
0 196
0 198
1 11
1 12
1 15
1 17
1 18
1 21
1 23
1 26
1 34
1 36
1 42
1 46
1 47
1 54
1 64
1 72
1 75
1 76
1 109
1 144
1 151
1 159
1 175
1 176
2 12
2 14
2 16
2 29
2 32
2 33
2 37
2 77
2 107
2 125
2 136
2 148
3 11
3 13
3 14
3 26
3 27
3 35
3 46
3 48
3 54
3 66
3 67
3 77
3 78
3 93
3 101
3 120
3 123
3 124
3 139
3 166
3 176
4 11
4 13
4 14
4 15
4 17
4 18
4 21
4 28
4 30
4 37
4 41
4 45
4 48
4 51
4 56
4 122
4 129
4 131
4 153
4 190
4 194
5 11
5 12
5 13
5 14
5 15
5 16
5 17
5 19
5 20
5 21
5 22
5 23
5 24
5 28
5 40
5 41
5 52
5 58
5 61
5 62
5 83
5 85
5 93
5 105
5 107
5 109
5 121
5 125
5 136
5 152
5 155
5 158
5 162
5 172
5 173
5 177
5 185
5 191
6 11
6 12
6 42
6 151
7 11
7 12
7 13
7 14
7 15
7 16
7 17
7 18
7 19
7 20
7 22
7 25
7 26
7 27
7 29
7 31
7 32
7 34
7 35
7 38
7 40
7 42
7 43
7 52
7 63
7 67
7 69
7 73
7 74
7 79
7 83
7 88
7 90
7 92
7 100
7 126
7 129
7 130
7 134
7 141
7 143
7 144
7 146
7 147
7 154
7 155
7 159
7 164
7 165
7 173
7 186
7 192
8 11
8 12
8 13
8 14
8 16
8 19
8 21
8 24
8 25
8 29
8 33
8 35
8 37
8 40
8 42
8 44
8 51
8 62
8 69
8 77
8 81
8 100
8 103
8 104
8 119
8 121
8 126
8 139
8 140
8 157
9 11
9 12
9 13
9 15
9 16
9 18
9 21
9 24
9 29
9 42
9 45
9 46
9 47
9 53
9 57
9 85
9 94
9 111
9 156
9 162
9 165
9 183
10 11
10 12
10 13
10 15
10 16
10 17
10 19
10 22
10 35
10 41
10 42
10 48
10 51
10 60
10 76
11 12
11 13
11 14
11 15
11 16
11 17
11 18
11 19
11 20
11 21
11 22
11 23
11 24
11 26
11 28
11 29
11 31
11 36
11 39
11 40
11 41
11 42
11 43
11 48
11 50
11 52
11 54
11 55
11 56
11 58
11 59
11 66
11 70
11 73
11 74
11 75
11 77
11 82
11 83
11 87
11 88
11 90
11 91
11 92
11 97
11 98
11 99
11 100
11 101
11 105
11 107
11 110
11 112
11 117
11 120
11 124
11 129
11 132
11 135
11 136
11 141
11 143
11 149
11 163
11 168
11 171
11 175
11 179
11 189
11 190
11 197
11 199
12 13
12 14
12 15
12 16
12 17
12 18
12 19
12 22
12 23
12 25
12 26
12 27
12 28
12 30
12 31
12 33
12 34
12 38
12 41
12 45
12 47
12 49
12 51
12 61
12 68
12 73
12 74
12 78
12 79
12 90
12 91
12 92
12 100
12 127
12 128
12 129
12 130
12 132
12 133
12 139
12 141
12 161
12 170
12 177
12 189
13 14
13 15
13 19
13 20
13 23
13 24
13 28
13 30
13 31
13 32
13 36
13 38
13 41
13 48
13 49
13 51
13 57
13 58
13 60
13 64
13 81
13 94
13 95
13 96
13 105
13 112
13 122
13 124
13 129
13 132
13 145
13 152
13 154
13 159
13 161
13 165
13 179
13 186
14 19
14 20
14 21
14 22
14 23
14 25
14 26
14 30
14 32
14 34
14 35
14 37
14 39
14 40
14 48
14 49
14 50
14 51
14 62
14 68
14 71
14 78
14 86
14 91
14 106
14 112
14 116
14 118
14 122
14 126
14 135
14 138
14 150
14 153
14 155
14 164
14 168
14 171
14 173
14 180
14 182
14 184
14 187
14 190
14 192
15 16
15 17
15 18
15 20
15 22
15 23
15 24
15 27
15 28
15 30
15 32
15 34
15 38
15 44
15 46
15 48
15 52
15 58
15 61
15 63
15 66
15 72
15 73
15 85
15 89
15 90
15 93
15 95
15 101
15 102
15 106
15 115
15 116
15 127
15 130
15 131
15 134
15 135
15 147
15 149
15 150
15 153
15 169
15 177
15 179
15 181
15 190
15 193
16 17
16 18
16 19
16 20
16 23
16 25
16 27
16 31
16 32
16 33
16 38
16 39
16 42
16 47
16 52
16 54
16 56
16 59
16 62
16 67
16 70
16 75
16 80
16 84
16 91
16 92
16 95
16 98
16 100
16 118
16 122
16 131
16 132
16 149
16 157
16 163
16 169
16 172
16 174
16 188
16 191
17 18
17 20
17 23
17 24
17 25
17 29
17 31
17 33
17 39
17 43
17 47
17 50
17 56
17 57
17 59
17 61
17 62
17 63
17 64
17 70
17 81
17 90
17 91
17 100
17 108
17 110
17 118
17 139
17 148
17 171
17 188
17 196
17 199
18 20
18 21
18 22
18 25
18 26
18 27
18 28
18 29
18 35
18 36
18 38
18 39
18 41
18 42
18 43
18 44
18 45
18 49
18 50
18 60
18 62
18 64
18 66
18 77
18 82
18 83
18 89
18 92
18 93
18 99
18 104
18 112
18 113
18 118
18 119
18 128
18 139
18 142
18 143
18 144
18 161
18 165
18 171
18 175
18 181
18 184
18 188
18 199
19 22
19 24
19 25
19 27
19 34
19 35
19 37
19 39
19 49
19 58
19 64
19 68
19 80
19 84
19 94
19 97
19 103
19 124
19 125
19 134
19 137
19 145
19 148
19 153
19 164
19 168
19 177
19 178
19 192
20 21
20 25
20 27
20 29
20 30
20 31
20 33
20 39
20 44
20 48
20 55
20 68
20 71
20 74
20 75
20 76
20 77
20 91
20 94
20 101
20 107
20 113
20 117
20 126
20 138
20 148
20 149
20 160
20 173
20 174
20 180
20 189
20 193
20 196
21 24
21 26
21 27
21 28
21 44
21 46
21 53
21 55
21 61
21 65
21 72
21 73
21 77
21 91
21 94
21 97
21 100
21 106
21 108
21 112
21 113
21 115
21 117
21 124
21 127
21 128
21 142
21 148
21 168
21 170
21 172
21 185
21 195
22 26
22 27
22 30
22 31
22 33
22 36
22 37
22 38
22 51
22 55
22 56
22 57
22 60
22 61
22 62
22 66
22 67
22 70
22 73
22 88
22 97
22 105
22 111
22 160
22 163
22 180
23 29
23 44
23 53
23 58
23 59
23 63
23 78
23 81
23 87
23 98
23 123
23 125
23 131
23 144
23 156
23 158
23 172
23 176
23 187
24 28
24 29
24 30
24 33
24 34
24 35
24 38
24 40
24 43
24 54
24 64
24 74
24 90
24 102
24 113
24 116
24 124
24 125
24 131
24 132
24 165
24 178
24 182
24 192
24 194
25 36
25 37
25 43
25 46
25 51
25 58
25 73
25 76
25 78
25 81
25 83
25 84
25 86
25 88
25 91
25 97
25 109
25 110
25 111
25 112
25 114
25 122
25 139
25 142
25 149
25 178
25 183
25 186
26 36
26 37
26 54
26 63
26 68
26 75
26 84
26 92
26 110
26 116
26 133
26 141
26 142
26 153
26 162
26 184
26 186
26 190
26 193
27 30
27 32
27 43
27 57
27 60
27 64
27 83
27 96
27 138
27 170
27 176
27 199
28 31
28 37
28 43
28 52
28 53
28 55
28 56
28 60
28 79
28 82
28 83
28 87
28 99
28 102
28 121
28 145
28 154
29 30
29 33
29 36
29 44
29 45
29 50
29 51
29 53
29 57
29 69
29 78
29 80
29 83
29 97
29 125
29 149
29 153
29 163
29 187
29 189
29 192
29 195
29 199
30 31
30 32
30 34
30 44
30 56
30 58
30 59
30 61
30 63
30 67
30 69
30 72
30 114
30 116
30 124
30 152
30 158
30 160
30 166
30 173
30 178
31 32
31 34
31 40
31 41
31 43
31 44
31 45
31 46
31 47
31 49
31 51
31 55
31 65
31 68
31 71
31 81
31 113
31 114
31 120
31 127
31 128
31 136
31 144
31 145
31 150
31 152
31 155
31 157
31 174
31 187
32 34
32 38
32 50
32 55
32 62
32 70
32 71
32 75
32 80
32 82
32 96
32 98
32 99
32 104
32 106
32 120
32 144
32 149
32 179
33 40
33 49
33 60
33 64
33 65
33 67
33 76
33 94
33 95
33 106
33 118
33 140
33 144
33 147
33 153
33 168
33 170
33 182
33 183
33 189
34 35
34 37
34 39
34 49
34 59
34 65
34 71
34 73
34 80
34 86
34 92
34 93
34 101
34 103
34 131
34 135
34 146
34 149
34 152
34 154
34 156
34 161
34 164
34 169
34 177
34 189
34 192
35 36
35 40
35 45
35 49
35 54
35 59
35 62
35 74
35 88
35 89
35 90
35 94
35 104
35 105
35 107
35 128
35 133
35 134
35 136
35 141
35 143
35 181
35 193
36 52
36 63
36 73
36 86
36 87
36 95
36 104
36 110
36 113
36 119
36 130
36 168
36 171
36 172
37 39
37 45
37 50
37 54
37 96
37 97
37 102
37 103
37 114
37 116
37 121
37 134
37 141
37 142
37 154
37 168
37 171
37 172
37 179
37 194
38 42
38 52
38 53
38 56
38 61
38 72
38 79
38 84
38 87
38 93
38 94
38 99
38 109
38 115
38 130
38 132
38 133
38 163
39 41
39 47
39 53
39 54
39 61
39 82
39 94
39 117
39 155
39 167
40 66
40 70
40 86
40 119
40 123
40 140
40 142
40 144
40 188
40 198
41 43
41 45
41 49
41 55
41 67
41 71
41 76
41 81
41 97
41 109
41 146
41 171
41 184
42 46
42 47
42 48
42 50
42 57
42 67
42 69
42 90
42 95
42 103
42 107
42 109
42 110
42 111
42 113
42 148
42 152
42 163
42 172
42 184
42 199
43 46
43 50
43 52
43 59
43 60
43 71
43 72
43 75
43 83
43 85
43 95
43 103
43 111
43 115
43 116
43 123
43 124
43 135
43 143
43 148
43 150
43 158
43 166
44 45
44 65
44 68
44 77
44 79
44 93
44 105
44 117
44 121
44 129
44 188
44 195
45 47
45 52
45 66
45 94
45 96
45 103
45 112
45 114
45 121
45 137
45 152
45 154
45 157
45 173
45 186
46 55
46 56
46 65
46 67
46 80
46 82
46 90
46 98
46 101
46 103
46 117
46 124
46 155
46 175
47 55
47 58
47 60
47 70
47 72
47 75
47 77
47 82
47 85
47 89
47 93
47 106
47 122
47 127
47 159
47 176
47 188
47 199
48 53
48 66
48 108
48 123
48 128
48 137
48 139
48 186
49 65
49 68
49 76
49 80
49 86
49 92
49 104
49 131
49 139
49 147
49 165
49 179
50 64
50 69
50 79
50 80
50 82
50 109
50 115
50 118
50 123
50 124
50 158
50 184
51 53
51 54
51 57
51 61
51 63
51 69
51 71
51 76
51 87
51 95
51 115
51 121
51 129
51 136
51 137
51 164
51 179
51 183
51 198
52 78
52 84
52 85
52 89
52 96
52 112
52 117
52 119
52 167
52 171
52 174
52 176
52 182
52 199
53 69
53 70
53 72
53 79
53 81
53 87
53 91
53 112
53 149
53 157
53 161
53 166
53 180
53 186
54 63
54 68
54 69
54 84
54 102
54 111
54 114
54 119
54 120
54 122
54 136
54 165
54 181
54 183
55 57
55 58
55 102
55 120
55 121
55 126
55 132
55 155
55 169
55 171
55 181
55 197
56 66
56 71
56 79
56 87
56 118
56 119
56 133
56 138
56 145
56 148
56 170
56 194
56 196
57 60
57 62
57 71
57 85
57 104
57 116
57 126
57 132
57 143
57 147
57 158
57 160
57 184
57 191
57 198
58 59
58 74
58 79
58 88
58 89
58 101
58 102
58 106
58 127
58 137
58 138
58 140
58 169
58 173
58 175
58 181
58 186
59 64
59 84
59 93
60 76
60 85
60 112
60 145
60 181
60 193
60 195
61 63
61 81
61 95
61 100
61 103
61 106
61 126
61 129
61 154
61 176
61 186
61 190
61 191
61 195
62 65
62 67
62 79
62 84
62 88
62 103
62 139
62 154
62 155
62 178
62 183
63 65
63 70
63 72
63 78
63 80
63 81
63 86
63 90
63 99
63 111
63 133
63 151
63 167
63 174
64 69
64 86
64 98
64 162
64 196
64 197
65 77
65 108
65 114
65 120
65 160
65 166
65 179
66 84
66 110
67 73
67 98
67 105
67 122
67 123
67 142
67 156
67 158
68 75
68 76
68 82
68 89
68 97
68 119
68 140
68 147
68 151
68 167
69 87
69 131
69 146
69 152
69 156
69 159
69 164
69 165
69 168
69 174
70 72
70 110
70 141
70 147
70 182
70 187
71 74
71 104
71 146
72 74
72 96
72 118
72 119
72 138
72 177
73 82
73 116
73 121
73 151
73 184
73 189
74 78
74 80
74 91
74 93
74 105
74 106
74 135
74 143
74 147
74 155
74 157
74 162
74 167
75 85
75 89
75 120
75 123
76 83
76 88
76 92
76 96
76 102
76 106
76 128
76 133
76 140
76 144
76 151
76 167
76 174
76 175
76 178
76 188
76 190
77 101
77 107
77 153
77 161
77 169
78 95
78 100
78 117
78 128
78 146
78 150
78 174
78 187
79 87
79 100
79 102
79 105
79 108
79 142
79 143
79 148
79 157
79 159
79 166
80 89
80 101
80 161
80 169
80 197
81 98
81 99
81 108
81 114
81 118
81 123
81 178
81 179
82 85
82 88
82 107
82 136
82 145
82 192
83 86
83 88
83 98
83 102
83 111
83 151
83 156
83 162
83 183
84 89
84 96
84 109
84 150
84 158
84 189
84 192
85 92
85 107
85 117
85 187
86 164
86 185
87 96
87 99
87 105
87 118
87 120
87 127
87 131
87 156
87 166
87 172
87 183
88 130
88 132
88 154
88 163
88 191
88 193
88 196
88 197
89 109
89 129
89 176
90 99
90 107
90 116
90 134
90 170
91 108
91 110
91 111
91 138
91 165
91 184
91 188
91 193
92 104
92 108
92 163
92 185
93 190
93 192
94 110
94 127
94 128
94 152
94 168
94 171
94 191
95 119
95 136
95 174
95 197
96 134
96 164
98 101
98 120
98 132
98 137
98 158
98 196
99 114
99 122
99 195
100 114
100 140
100 145
100 156
100 162
100 169
100 189
101 160
101 164
101 185
102 115
103 109
103 160
103 166
103 186
104 126
104 130
104 134
104 181
105 117
105 128
105 144
105 147
105 157
105 197
106 108
106 137
106 180
107 160
107 176
107 196
108 113
108 115
108 129
108 135
108 136
108 146
108 180
108 198
109 113
109 125
109 127
109 158
109 194
110 130
111 162
111 166
112 125
112 147
113 115
113 122
113 133
115 162
115 182
115 193
115 194
116 150
116 161
116 165
116 185
116 191
117 130
117 145
117 150
118 127
118 170
118 187
118 199
119 125
119 146
119 159
119 170
120 198
121 125
121 140
121 151
121 180
122 126
122 137
122 161
122 163
122 198
123 153
123 155
123 196
124 166
124 172
124 173
124 177
124 191
126 146
126 159
127 137
127 142
128 130
128 135
128 138
128 139
128 163
129 143
129 170
130 133
130 194
131 138
131 152
131 170
132 134
132 141
132 167
132 168
132 187
132 195
132 199
133 141
133 143
133 162
133 167
133 176
133 194
134 135
135 167
135 188
136 138
136 142
136 146
136 157
136 177
136 185
137 140
137 172
137 177
137 189
137 193
137 197
137 198
139 141
140 150
140 175
141 182
142 173
143 150
144 175
144 182
144 197
145 183
145 185
146 159
146 160
147 169
147 191
148 156
148 160
149 151
150 151
150 154
151 156
153 194
154 164
155 161
156 159
156 185
158 195
159 190
159 191
160 167
160 180
160 187
162 175
162 178
162 182
163 193
165 178
166 174
167 181
168 169
170 188
170 197
171 180
172 181
174 182
175 195
176 196
179 184
180 195
182 183
183 192
185 198
192 198
