0 1
0 2
0 3
0 4
0 5
0 6
0 7
0 8
0 9
0 10
0 11
0 12
0 13
0 14
0 15
0 16
0 17
0 18
0 19
0 20
0 21
0 24
0 28
0 29
0 30
0 31
0 32
0 34
0 35
0 37
0 38
0 43
0 48
0 58
0 60
0 61
0 62
0 63
0 66
0 74
0 76
0 82
0 84
0 86
0 91
0 92
0 93
0 95
0 98
0 100
0 101
0 102
0 108
0 112
0 116
0 120
0 124
0 126
0 132
0 138
0 140
0 142
0 146
0 148
0 149
0 150
0 158
0 162
0 165
0 169
0 180
0 185
1 11
1 12
1 13
1 23
1 25
1 26
1 27
1 31
1 40
1 57
1 69
1 77
1 85
1 95
1 150
1 162
1 182
1 189
1 196
2 11
2 12
2 13
2 14
2 15
2 16
2 22
2 23
2 24
2 30
2 56
2 57
2 61
2 72
2 75
2 84
2 104
2 118
2 147
2 149
2 151
2 161
2 179
3 11
3 12
3 17
3 18
3 19
3 27
3 41
3 50
3 63
3 66
3 68
3 70
3 80
3 88
3 89
3 101
3 109
3 118
3 125
3 133
3 147
3 164
4 11
4 12
4 13
4 14
4 16
4 18
4 21
4 22
4 24
4 26
4 27
4 34
4 36
4 41
4 57
4 68
4 92
4 104
4 109
4 130
4 136
4 154
4 159
4 198
5 11
5 13
5 14
5 15
5 16
5 17
5 18
5 24
5 25
5 26
5 29
5 31
5 33
5 35
5 36
5 38
5 39
5 40
5 41
5 43
5 50
5 59
5 63
5 64
5 76
5 79
5 81
5 88
5 89
5 108
5 127
5 131
5 135
5 138
5 139
5 147
5 154
5 166
5 177
5 181
5 187
5 194
5 197
5 198
6 11
6 12
6 13
6 14
6 15
6 19
6 20
6 21
6 23
6 25
6 32
6 36
6 42
6 45
6 46
6 50
6 53
6 54
6 60
6 66
6 67
6 88
6 96
6 111
6 122
6 155
6 156
6 165
6 174
7 11
7 14
7 15
7 16
7 19
7 22
7 26
7 28
7 31
7 34
7 47
7 51
7 57
7 60
7 71
7 73
7 86
7 112
7 113
7 121
7 126
7 162
8 11
8 12
8 13
8 15
8 16
8 18
8 19
8 20
8 21
8 29
8 49
8 50
8 74
8 79
8 80
8 83
8 85
8 91
8 96
8 105
8 109
8 110
8 116
8 132
8 144
8 147
8 164
8 180
8 181
9 11
9 12
9 13
9 14
9 16
9 17
9 18
9 19
9 21
9 25
9 27
9 28
9 30
9 31
9 32
9 34
9 37
9 38
9 39
9 40
9 43
9 44
9 47
9 51
9 53
9 56
9 60
9 63
9 66
9 67
9 68
9 74
9 76
9 77
9 78
9 86
9 87
9 89
9 90
9 93
9 102
9 103
9 111
9 121
9 122
9 133
9 135
9 141
9 143
9 145
9 146
9 152
9 153
9 165
9 168
9 170
9 173
9 174
9 177
9 178
9 179
9 193
10 12
10 17
10 29
10 42
10 47
10 58
10 59
10 77
10 93
10 139
10 174
10 186
11 12
11 13
11 14
11 15
11 16
11 17
11 18
11 19
11 22
11 26
11 28
11 29
11 30
11 31
11 32
11 33
11 35
11 36
11 39
11 40
11 41
11 46
11 53
11 56
11 61
11 63
11 66
11 68
11 69
11 71
11 73
11 75
11 78
11 82
11 84
11 86
11 94
11 100
11 101
11 102
11 106
11 119
11 121
11 123
11 126
11 139
11 141
11 143
11 145
11 148
11 153
11 157
11 158
11 167
11 169
11 174
11 178
11 181
11 189
11 192
11 193
11 197
12 13
12 14
12 15
12 18
12 23
12 24
12 26
12 27
12 33
12 34
12 37
12 38
12 42
12 46
12 47
12 48
12 49
12 54
12 57
12 60
12 64
12 65
12 67
12 69
12 72
12 90
12 91
12 92
12 97
12 98
12 103
12 108
12 109
12 111
12 114
12 117
12 122
12 131
12 135
12 137
12 153
12 162
12 168
12 173
12 174
12 185
13 14
13 15
13 16
13 17
13 19
13 20
13 21
13 22
13 23
13 24
13 25
13 26
13 28
13 30
13 33
13 34
13 35
13 39
13 41
13 43
13 47
13 51
13 55
13 57
13 58
13 62
13 69
13 72
13 76
13 81
13 85
13 87
13 88
13 91
13 101
13 103
13 108
13 111
13 113
13 115
13 117
13 121
13 123
13 130
13 131
13 133
13 140
13 142
13 143
13 154
13 166
13 169
13 175
13 181
13 183
13 185
13 187
13 189
13 190
13 191
13 197
14 15
14 17
14 20
14 21
14 23
14 25
14 30
14 31
14 34
14 37
14 38
14 40
14 41
14 42
14 50
14 54
14 57
14 58
14 61
14 66
14 67
14 68
14 69
14 76
14 81
14 89
14 91
14 94
14 106
14 111
14 114
14 125
14 127
14 131
14 132
14 134
14 143
14 147
14 155
14 160
14 161
14 172
14 186
14 192
14 195
14 197
14 199
15 16
15 17
15 18
15 19
15 20
15 22
15 23
15 24
15 27
15 28
15 30
15 41
15 42
15 46
15 49
15 52
15 53
15 54
15 55
15 58
15 59
15 66
15 68
15 72
15 79
15 81
15 83
15 84
15 89
15 92
15 94
15 104
15 110
15 118
15 119
15 120
15 121
15 130
15 152
15 159
15 161
15 163
15 166
15 167
15 170
15 171
15 174
15 177
15 184
15 187
15 188
16 17
16 18
16 20
16 21
16 27
16 28
16 29
16 30
16 38
16 40
16 42
16 43
16 44
16 46
16 47
16 48
16 49
16 50
16 53
16 62
16 65
16 69
16 75
16 87
16 88
16 90
16 95
16 99
16 129
16 133
16 161
16 180
17 20
17 22
17 24
17 28
17 29
17 31
17 33
17 35
17 42
17 44
17 47
17 69
17 70
17 74
17 80
17 82
17 84
17 86
17 94
17 103
17 111
17 112
17 124
17 139
17 140
17 145
17 146
17 158
17 167
17 169
17 180
18 19
18 20
18 22
18 23
18 27
18 29
18 37
18 39
18 40
18 41
18 45
18 48
18 50
18 51
18 59
18 62
18 70
18 71
18 72
18 74
18 83
18 90
18 91
18 118
18 122
18 134
18 137
18 144
18 147
18 148
18 152
18 176
18 185
19 20
19 21
19 22
19 23
19 25
19 28
19 29
19 32
19 36
19 43
19 44
19 45
19 46
19 48
19 54
19 56
19 59
19 60
19 64
19 67
19 73
19 78
19 79
19 83
19 84
19 85
19 87
19 89
19 93
19 96
19 99
19 100
19 104
19 119
19 126
19 127
19 128
19 129
19 133
19 135
19 141
19 144
19 146
19 153
19 154
19 179
19 180
19 188
19 193
20 21
20 22
20 23
20 24
20 25
20 26
20 32
20 33
20 36
20 44
20 45
20 46
20 48
20 49
20 55
20 58
20 64
20 68
20 73
20 75
20 77
20 78
20 84
20 92
20 97
20 99
20 100
20 101
20 115
20 123
20 125
20 126
20 127
20 134
20 136
20 137
20 141
20 145
20 150
20 158
20 163
20 168
20 169
20 172
20 173
20 174
20 178
20 180
20 182
20 185
20 188
20 193
20 195
21 26
21 29
21 30
21 32
21 34
21 37
21 38
21 40
21 47
21 50
21 52
21 66
21 82
21 88
21 105
21 111
21 122
21 141
21 183
22 24
22 25
22 26
22 31
22 32
22 35
22 36
22 41
22 43
22 54
22 55
22 59
22 65
22 67
22 72
22 75
22 76
22 83
22 86
22 92
22 104
22 107
22 110
22 119
22 139
22 160
22 182
22 192
22 195
22 198
23 27
23 28
23 33
23 35
23 45
23 51
23 58
23 68
23 70
23 79
23 82
23 84
23 87
23 95
23 97
23 102
23 113
23 151
24 25
24 27
24 33
24 44
24 45
24 46
24 48
24 68
24 102
24 106
24 110
24 114
24 124
24 132
24 137
24 151
24 164
24 169
24 176
24 183
24 187
24 192
25 43
25 45
25 51
25 52
25 55
25 60
25 64
25 70
25 71
25 72
25 76
25 106
25 108
25 117
25 159
25 169
25 177
25 185
25 189
26 31
26 36
26 37
26 46
26 47
26 52
26 55
26 59
26 69
26 70
26 74
26 78
26 79
26 80
26 81
26 83
26 94
26 101
26 107
26 113
26 120
26 121
26 123
26 140
26 141
26 156
26 158
26 167
26 170
26 178
26 179
26 184
26 185
26 187
26 191
26 194
27 35
27 37
27 39
27 43
27 54
27 63
27 74
27 88
27 91
27 94
27 98
27 100
27 107
27 116
27 120
27 127
27 136
27 155
27 160
27 170
27 177
27 184
27 186
27 190
27 197
27 199
28 34
28 35
28 37
28 39
28 49
28 54
28 61
28 65
28 71
28 89
28 101
28 109
28 113
28 114
28 116
28 119
28 137
28 140
28 145
28 160
29 30
29 35
29 36
29 38
29 39
29 48
29 58
29 62
29 65
29 67
29 71
29 76
29 77
29 85
29 90
29 94
29 95
29 106
29 107
29 123
29 138
29 150
29 154
29 158
29 159
29 160
29 168
29 172
29 183
29 187
30 32
30 38
30 49
30 52
30 53
30 56
30 57
30 59
30 69
30 71
30 74
30 86
30 97
30 98
30 105
30 108
30 122
30 128
30 142
30 159
30 173
31 32
31 33
31 34
31 42
31 44
31 45
31 47
31 53
31 60
31 81
31 82
31 88
31 89
31 93
31 96
31 97
31 98
31 99
31 109
31 113
31 118
31 125
31 130
31 131
31 148
31 150
31 154
31 160
31 164
31 169
31 182
31 187
31 191
31 194
32 33
32 36
32 42
32 44
32 45
32 46
32 61
32 62
32 99
32 105
32 109
32 118
32 125
32 129
32 134
32 166
32 171
32 174
32 183
32 188
32 190
32 199
33 39
33 42
33 49
33 50
33 62
33 74
33 77
33 90
33 94
33 96
33 103
33 117
33 133
33 136
33 138
33 164
33 167
33 173
33 197
33 199
34 48
34 52
34 56
34 60
34 67
34 103
34 109
34 122
34 123
34 124
34 130
34 134
34 135
34 136
34 146
34 153
34 165
34 167
34 172
34 181
34 189
34 194
35 41
35 81
35 91
35 97
35 136
35 182
36 37
36 40
36 43
36 44
36 51
36 59
36 62
36 66
36 75
36 96
36 120
36 130
36 148
36 151
36 185
36 186
36 191
37 38
37 39
37 40
37 53
37 56
37 64
37 75
37 78
37 85
37 90
37 97
37 104
37 107
37 113
37 117
37 120
37 125
37 131
37 139
37 151
37 162
37 163
37 166
37 178
37 189
37 191
38 52
38 54
38 57
38 60
38 64
38 77
38 87
38 115
38 118
38 123
38 154
38 171
38 172
38 173
38 184
38 188
38 194
38 195
39 49
39 55
39 64
39 70
39 81
39 85
39 102
39 129
39 138
39 161
39 181
39 186
39 199
40 44
40 54
40 55
40 58
40 61
40 64
40 65
40 73
40 75
40 83
40 87
40 93
40 96
40 99
40 110
40 112
40 116
40 120
40 125
40 128
40 134
40 136
40 139
40 142
40 154
40 171
40 179
40 193
41 57
41 58
41 67
41 70
41 71
41 115
41 125
41 133
41 134
41 152
41 165
41 181
41 182
41 195
42 52
42 70
42 73
42 83
42 92
42 108
42 110
42 111
42 112
42 117
42 123
42 137
42 163
42 170
43 45
43 56
43 65
43 80
43 86
43 90
43 97
43 108
43 110
43 122
43 126
43 142
43 146
43 195
44 51
44 52
44 61
44 63
44 65
44 71
44 105
44 133
44 138
44 144
44 156
44 160
44 166
44 167
44 172
44 178
44 199
45 48
45 51
45 52
45 68
45 73
45 77
45 150
45 173
45 175
46 49
46 51
46 61
46 66
46 156
46 175
46 177
46 185
46 190
47 78
47 95
47 99
47 102
47 108
47 109
47 110
47 111
47 137
47 145
47 163
47 168
47 176
48 50
48 53
48 78
48 93
48 128
48 129
48 131
48 134
48 194
48 199
49 53
49 55
49 61
49 63
49 71
49 82
49 91
49 93
49 99
49 100
49 106
49 121
49 129
49 136
49 149
49 153
49 156
49 164
49 193
49 194
50 56
50 75
50 76
50 87
50 121
51 55
51 69
51 73
51 78
51 103
51 115
51 162
51 172
51 181
52 62
52 97
52 102
52 121
52 138
52 145
52 163
52 169
52 174
52 176
52 180
52 183
52 190
52 197
53 79
53 89
53 90
53 102
53 105
53 110
53 112
53 114
53 141
53 152
53 165
53 168
53 178
53 185
53 187
53 199
54 56
54 72
54 79
54 80
54 84
54 106
54 112
54 115
54 142
54 144
54 151
54 180
54 184
54 191
54 196
55 73
55 86
55 88
55 96
55 125
55 142
55 143
55 144
55 149
55 163
55 170
55 182
55 183
55 192
55 194
55 195
55 196
56 59
56 64
56 65
56 67
56 70
56 80
56 103
56 145
57 63
57 77
57 82
57 119
57 120
57 141
57 161
57 171
57 196
58 82
58 83
58 87
58 131
58 165
58 188
58 195
58 198
59 62
59 63
59 75
59 89
59 95
59 112
59 114
59 135
59 179
59 197
60 92
60 93
60 105
60 106
60 173
60 182
61 77
61 78
61 79
61 105
61 112
61 139
61 143
61 155
61 186
62 65
62 80
62 101
62 107
62 113
62 133
62 161
62 177
63 85
63 121
63 132
63 141
63 147
63 155
63 159
64 72
64 88
64 120
64 123
64 129
64 135
64 154
64 159
64 189
65 83
65 85
65 98
65 103
65 117
65 125
65 158
65 168
66 74
66 79
66 81
66 86
66 106
66 107
66 114
66 155
66 157
67 93
67 113
67 177
67 188
67 192
67 195
68 73
68 76
68 80
68 91
68 92
68 94
68 95
68 114
68 118
68 128
68 157
69 72
69 128
69 129
69 181
70 80
70 115
70 151
70 175
70 182
70 184
71 102
71 105
71 115
71 119
71 128
71 138
71 150
71 191
72 104
72 116
72 117
72 145
73 98
73 99
73 120
73 122
73 136
73 175
74 81
74 132
74 167
74 178
75 117
76 104
76 129
76 165
77 95
77 153
78 82
78 84
78 87
78 98
78 112
78 114
78 116
78 155
78 156
78 157
78 161
78 176
78 197
79 92
79 124
79 147
79 162
79 186
79 196
80 161
80 176
81 101
81 106
81 118
81 142
81 143
82 85
82 90
82 100
82 107
82 116
82 130
82 139
82 178
82 183
82 186
82 192
83 95
83 103
83 172
84 98
84 100
84 146
84 156
84 179
84 187
85 119
85 130
85 184
86 129
86 153
86 160
87 96
87 109
87 132
89 96
89 118
89 122
89 130
89 132
89 143
89 159
90 94
90 97
90 100
90 127
90 131
90 148
90 158
90 162
90 176
91 98
91 104
91 126
91 134
92 100
92 147
92 167
92 192
93 113
93 132
93 174
93 190
93 191
94 124
94 140
94 198
95 127
95 142
95 168
95 183
96 127
96 148
96 149
96 187
96 198
97 114
97 158
97 168
98 99
98 101
98 105
98 149
98 150
98 157
99 111
99 119
99 178
99 188
99 193
100 124
100 144
100 171
101 104
101 107
101 108
101 124
101 146
101 151
101 157
101 192
102 110
102 115
102 119
102 126
102 128
102 140
102 143
102 148
102 156
102 189
103 146
104 107
104 124
104 137
104 149
104 157
104 165
104 169
104 170
104 193
104 196
105 176
106 173
106 180
106 190
107 116
107 124
107 126
107 130
107 135
107 154
107 191
107 198
108 117
108 150
108 188
109 115
109 116
109 126
109 140
109 141
109 152
110 163
110 181
111 137
111 149
111 190
112 135
112 155
113 144
114 123
114 149
114 160
114 164
116 139
116 145
116 175
117 128
117 167
117 170
118 199
119 152
119 157
120 131
120 132
120 135
120 140
120 146
120 147
120 159
120 162
121 127
121 128
121 136
121 151
121 164
121 198
122 156
122 163
123 171
124 143
124 177
124 198
125 127
125 137
125 152
125 164
125 166
125 175
125 179
125 182
125 191
125 198
126 149
126 157
126 194
128 148
128 171
128 196
129 133
129 155
129 161
129 170
130 175
131 134
131 165
131 173
131 179
132 140
132 166
132 168
133 144
133 155
135 144
136 138
137 138
137 162
137 166
138 142
138 152
138 157
138 175
139 150
139 186
139 189
140 159
141 176
141 177
141 194
142 153
143 192
143 196
144 171
145 180
147 148
147 153
147 179
147 196
148 151
149 152
149 156
150 166
151 164
151 193
152 158
152 172
152 176
152 190
157 160
157 189
157 197
159 171
159 188
159 195
160 163
160 175
160 196
166 190
167 172
167 184
168 170
168 183
169 199
173 184
176 184
183 186
188 193
