0 1
0 2
0 3
0 4
0 5
0 6
0 7
0 8
0 9
0 10
0 11
0 12
0 13
0 14
0 15
0 16
0 17
0 18
0 19
0 20
0 21
0 22
0 23
0 24
0 25
0 26
0 30
0 31
0 32
0 35
0 36
0 37
0 40
0 44
0 49
0 51
0 52
0 55
0 64
0 65
0 68
0 70
0 74
0 75
0 78
0 80
0 82
0 83
0 89
0 104
0 124
0 130
0 131
0 132
0 135
0 137
0 143
0 146
0 152
0 153
0 160
0 168
0 188
1 14
1 20
1 28
1 34
1 51
1 56
1 67
1 69
1 80
1 92
1 98
1 107
1 121
1 147
1 151
1 159
1 176
2 11
2 12
2 13
2 14
2 15
2 16
2 17
2 19
2 20
2 21
2 27
2 28
2 29
2 31
2 34
2 43
2 45
2 48
2 50
2 60
2 62
2 76
2 109
2 119
2 122
2 139
2 164
2 169
2 183
2 196
3 11
3 12
3 13
3 14
3 19
3 20
3 27
3 33
3 35
3 46
3 47
3 50
3 51
3 52
3 60
3 67
3 71
3 79
3 87
3 92
3 97
3 99
3 109
3 115
3 120
3 125
3 127
3 140
3 153
4 11
4 12
4 13
4 16
4 17
4 20
4 23
4 28
4 33
4 71
4 76
4 103
4 133
4 136
4 142
4 156
4 177
4 183
4 194
5 11
5 12
5 13
5 14
5 15
5 17
5 20
5 21
5 22
5 25
5 26
5 28
5 29
5 32
5 33
5 37
5 41
5 43
5 48
5 49
5 57
5 66
5 75
5 82
5 88
5 100
5 103
5 105
5 107
5 108
5 116
5 122
5 125
5 137
5 141
5 145
5 158
5 170
5 183
6 11
6 12
6 14
6 15
6 16
6 17
6 22
6 25
6 26
6 29
6 30
6 38
6 52
6 57
6 61
6 64
6 66
6 86
6 90
6 120
6 126
6 160
6 172
7 11
7 12
7 13
7 15
7 16
7 17
7 18
7 19
7 20
7 22
7 24
7 26
7 29
7 32
7 34
7 35
7 43
7 44
7 46
7 52
7 53
7 54
7 56
7 60
7 65
7 67
7 70
7 72
7 73
7 76
7 77
7 83
7 85
7 94
7 95
7 97
7 100
7 104
7 116
7 129
7 135
7 136
7 141
7 145
7 146
7 156
7 174
7 178
7 185
8 11
8 12
8 14
8 15
8 17
8 18
8 25
8 26
8 36
8 39
8 45
8 46
8 50
8 61
8 78
8 79
8 80
8 83
8 89
8 91
8 100
8 102
8 106
8 112
8 120
8 123
8 129
8 145
8 150
8 151
8 152
8 158
8 162
8 168
8 186
8 191
9 11
9 13
9 15
9 23
9 26
9 27
9 30
9 32
9 33
9 35
9 37
9 54
9 63
9 65
9 79
9 105
9 129
9 137
9 140
9 142
9 147
9 149
9 154
9 156
9 164
9 179
9 195
10 11
10 12
10 13
10 17
10 18
10 25
10 27
10 35
10 36
10 56
10 62
10 64
10 72
10 73
10 74
10 80
10 87
10 93
10 101
10 109
10 120
10 123
10 133
10 177
10 178
11 12
11 13
11 14
11 15
11 16
11 18
11 19
11 20
11 21
11 22
11 24
11 25
11 31
11 33
11 34
11 35
11 36
11 39
11 40
11 42
11 43
11 51
11 61
11 64
11 68
11 69
11 73
11 74
11 78
11 80
11 83
11 88
11 93
11 102
11 110
11 113
11 122
11 125
11 126
11 128
11 131
11 133
11 138
11 139
11 141
11 148
11 157
11 161
11 165
11 175
11 178
11 180
11 183
11 192
11 197
11 199
12 13
12 14
12 15
12 16
12 17
12 18
12 19
12 21
12 22
12 23
12 24
12 25
12 26
12 28
12 29
12 31
12 32
12 37
12 38
12 40
12 41
12 45
12 48
12 50
12 52
12 53
12 56
12 58
12 60
12 62
12 64
12 72
12 79
12 80
12 90
12 101
12 106
12 109
12 110
12 111
12 113
12 116
12 117
12 121
12 131
12 133
12 147
12 153
12 157
12 164
12 166
12 170
12 174
12 181
12 184
12 186
12 189
12 191
12 193
12 199
13 14
13 15
13 16
13 18
13 19
13 21
13 23
13 24
13 29
13 30
13 36
13 37
13 38
13 41
13 42
13 45
13 52
13 54
13 58
13 59
13 64
13 72
13 73
13 76
13 77
13 84
13 88
13 93
13 95
13 101
13 102
13 104
13 114
13 116
13 118
13 146
13 147
13 152
13 154
13 168
13 171
13 174
13 175
13 185
13 192
13 198
14 16
14 18
14 19
14 21
14 22
14 23
14 25
14 27
14 28
14 29
14 32
14 35
14 36
14 39
14 40
14 41
14 42
14 44
14 45
14 48
14 51
14 54
14 57
14 58
14 59
14 60
14 63
14 64
14 69
14 71
14 79
14 94
14 95
14 98
14 101
14 105
14 118
14 119
14 132
14 138
14 139
14 141
14 146
14 165
14 166
14 169
14 183
14 189
14 190
14 192
15 16
15 17
15 18
15 19
15 20
15 21
15 24
15 27
15 28
15 29
15 31
15 36
15 41
15 42
15 47
15 48
15 49
15 51
15 59
15 63
15 69
15 72
15 73
15 77
15 82
15 83
15 84
15 85
15 86
15 87
15 88
15 89
15 90
15 91
15 104
15 110
15 112
15 117
15 121
15 129
15 138
15 145
15 147
15 162
15 178
15 181
15 182
15 195
16 18
16 19
16 25
16 27
16 28
16 32
16 34
16 42
16 56
16 60
16 63
16 65
16 71
16 79
16 94
16 95
16 97
16 104
16 105
16 118
16 123
16 128
16 131
16 132
16 138
16 139
16 147
16 151
16 152
16 156
16 164
17 20
17 21
17 22
17 23
17 24
17 30
17 31
17 33
17 34
17 38
17 40
17 43
17 46
17 49
17 57
17 65
17 70
17 71
17 75
17 78
17 81
17 83
17 84
17 89
17 90
17 95
17 96
17 99
17 108
17 109
17 112
17 115
17 119
17 126
17 129
17 130
17 133
17 141
17 143
17 148
17 149
17 155
17 160
17 166
17 175
17 178
17 185
17 191
17 198
18 23
18 27
18 28
18 29
18 31
18 33
18 35
18 42
18 43
18 44
18 45
18 47
18 48
18 49
18 53
18 54
18 55
18 60
18 69
18 76
18 79
18 84
18 88
18 93
18 95
18 101
18 110
18 112
18 113
18 115
18 116
18 118
18 146
18 151
18 153
18 157
18 159
18 163
18 168
18 174
18 185
18 187
18 189
19 23
19 26
19 28
19 31
19 32
19 33
19 34
19 36
19 38
19 39
19 41
19 44
19 46
19 47
19 52
19 53
19 60
19 66
19 76
19 90
19 92
19 93
19 96
19 101
19 102
19 107
19 115
19 128
19 131
19 158
19 160
19 164
19 173
19 175
19 176
19 178
19 187
19 198
20 21
20 22
20 23
20 24
20 25
20 26
20 27
20 30
20 34
20 40
20 42
20 43
20 44
20 45
20 50
20 54
20 55
20 57
20 59
20 61
20 63
20 67
20 69
20 71
20 75
20 79
20 81
20 92
20 94
20 97
20 98
20 100
20 106
20 120
20 130
20 134
20 139
20 156
20 159
20 172
20 174
20 180
20 181
20 184
20 186
20 187
20 195
21 22
21 24
21 27
21 32
21 34
21 42
21 44
21 49
21 54
21 74
21 82
21 96
21 99
21 108
21 109
21 118
21 124
21 131
21 151
21 153
21 159
21 171
21 185
22 24
22 29
22 30
22 33
22 35
22 36
22 38
22 41
22 46
22 54
22 60
22 61
22 62
22 63
22 75
22 78
22 82
22 83
22 84
22 95
22 101
22 105
22 117
22 132
22 134
22 142
22 146
22 161
22 162
22 171
22 174
22 175
22 176
22 190
23 30
23 37
23 47
23 51
23 53
23 70
23 71
23 88
23 90
23 91
23 103
23 109
23 111
23 113
23 127
23 134
23 140
23 150
23 151
23 152
23 154
23 157
23 168
23 184
23 190
23 197
24 39
24 43
24 47
24 50
24 56
24 57
24 58
24 68
24 74
24 82
24 93
24 111
24 128
24 131
24 132
24 134
24 149
24 155
24 160
24 164
24 169
24 179
24 194
25 26
25 30
25 31
25 32
25 34
25 38
25 39
25 61
25 62
25 65
25 78
25 85
25 99
25 100
25 105
25 114
25 123
25 143
25 177
25 184
25 187
26 35
26 37
26 48
26 65
26 69
26 71
26 81
26 83
26 87
26 96
26 99
26 113
26 127
26 130
26 133
26 149
27 30
27 37
27 38
27 39
27 43
27 48
27 55
27 65
27 69
27 76
27 78
27 79
27 87
27 91
27 99
27 124
27 135
27 137
27 140
27 150
27 154
27 159
27 179
27 193
28 36
28 37
28 40
28 41
28 56
28 70
28 76
28 80
28 92
28 94
28 96
28 128
28 165
28 175
28 186
28 193
29 39
29 42
29 47
29 56
29 58
29 74
29 75
29 85
29 92
29 107
29 119
29 133
29 134
29 159
29 165
30 31
30 33
30 38
30 39
30 41
30 46
30 47
30 49
30 55
30 66
30 68
30 72
30 75
30 77
30 81
30 90
30 93
30 104
30 106
30 108
30 121
30 126
30 129
30 148
30 151
30 172
30 185
30 198
31 43
31 45
31 50
31 57
31 67
31 68
31 73
31 75
31 77
31 86
31 101
31 114
31 123
31 124
31 170
31 178
31 184
31 188
31 197
32 40
32 52
32 55
32 58
32 64
32 67
32 77
32 87
32 93
32 100
32 111
32 121
32 134
32 161
32 163
32 169
32 170
32 180
32 187
32 199
33 40
33 41
33 52
33 56
33 59
33 62
33 81
33 86
33 96
33 117
33 122
33 124
33 138
33 140
33 150
33 163
33 171
33 191
34 45
34 49
34 53
34 57
34 63
34 71
34 73
34 80
34 83
34 86
34 88
34 89
34 92
34 98
34 107
34 108
34 111
34 115
34 122
34 126
34 134
34 136
34 140
34 180
34 190
35 44
35 53
35 62
35 72
35 116
35 165
35 177
36 37
36 39
36 42
36 61
36 63
36 66
36 68
36 73
36 91
36 97
36 106
36 109
36 141
36 143
36 162
36 163
36 177
36 186
36 194
37 38
37 50
37 54
37 59
37 68
37 74
37 82
37 85
37 89
37 125
37 133
37 143
37 158
37 188
38 44
38 45
38 47
38 50
38 53
38 59
38 62
38 64
38 69
38 73
38 81
38 94
38 98
38 109
38 110
38 112
38 127
38 143
38 151
38 184
38 190
39 40
39 44
39 46
39 51
39 57
39 59
39 69
39 88
39 96
39 140
39 146
39 162
39 176
39 180
39 189
39 195
40 70
40 100
40 141
40 143
40 182
41 49
41 50
41 55
41 57
41 58
41 66
41 74
41 75
41 84
41 88
41 100
41 108
41 111
41 112
41 119
41 127
41 128
41 132
41 144
41 148
41 155
41 172
41 173
41 176
41 180
41 199
42 52
42 54
42 58
42 59
42 74
42 81
42 103
42 106
42 132
42 135
42 161
43 47
43 48
43 53
43 66
43 77
43 84
43 100
43 104
43 105
43 108
43 116
43 121
43 125
43 129
43 146
43 160
43 161
43 167
43 171
43 173
43 180
43 191
43 198
44 46
44 55
44 70
44 111
44 122
44 136
44 171
44 183
45 46
45 49
45 53
45 56
45 59
45 66
45 67
45 84
45 99
45 107
45 113
45 126
45 133
45 139
45 147
45 152
45 153
45 154
45 160
45 187
45 196
46 48
46 61
46 78
46 87
46 90
46 93
46 126
46 138
46 149
46 154
46 161
46 163
46 166
46 173
46 176
46 196
46 199
47 58
47 71
47 72
47 77
47 86
47 95
47 107
47 117
47 121
47 161
47 188
47 190
47 193
47 198
48 51
48 55
48 60
48 61
48 64
48 65
48 66
48 68
48 81
48 84
48 85
48 91
48 92
48 111
48 112
48 127
48 137
48 138
48 140
48 145
48 165
48 168
49 82
49 98
49 102
49 119
49 144
49 145
49 165
49 188
50 51
50 58
50 89
50 117
50 118
50 124
50 139
50 141
50 152
50 173
50 179
50 182
50 190
50 198
51 55
51 62
51 68
51 92
51 102
51 105
51 119
51 120
51 150
51 167
51 169
51 198
52 62
52 77
52 85
52 98
52 113
52 128
52 135
52 162
52 164
52 170
52 172
52 179
52 189
52 192
53 70
53 73
53 89
53 114
53 115
53 129
53 152
53 162
53 164
54 63
54 86
54 113
54 123
54 124
54 166
54 179
54 192
54 194
55 63
55 65
55 85
55 97
55 120
55 186
56 92
56 102
56 103
56 110
56 115
56 122
56 196
57 91
57 118
57 138
57 157
57 158
57 188
58 61
58 67
58 81
58 90
58 103
58 119
58 144
58 149
58 150
58 163
59 67
59 76
59 94
59 148
59 177
60 120
60 156
60 182
61 70
61 72
61 134
61 190
61 192
61 198
62 70
62 99
62 120
62 136
62 153
62 162
62 187
63 90
63 121
63 128
63 135
63 189
64 66
64 67
64 91
64 99
64 116
64 135
64 140
64 144
64 173
64 197
65 78
65 81
65 106
65 122
65 135
65 155
65 165
65 176
65 177
66 68
66 105
66 123
66 139
66 144
66 150
66 171
66 172
66 192
67 74
67 80
67 82
67 87
67 145
67 179
68 72
68 75
68 77
68 114
68 116
68 149
68 172
68 173
69 85
69 123
69 132
69 144
69 169
70 104
70 106
70 174
70 181
71 82
71 94
71 97
71 121
71 150
71 167
71 170
71 181
72 76
72 80
72 87
72 89
72 103
72 145
72 153
72 177
73 93
73 101
73 118
73 187
74 78
74 91
75 84
75 86
75 109
75 128
75 129
75 142
75 151
75 159
75 167
75 169
75 193
76 97
76 99
76 103
76 112
76 115
76 136
76 142
76 144
76 187
77 85
77 89
77 104
77 114
77 135
77 144
77 150
77 181
77 185
77 187
77 195
78 79
78 86
78 101
78 117
78 131
78 148
78 178
78 180
79 91
79 95
79 96
79 98
79 102
79 103
79 124
79 126
79 136
79 166
79 167
79 179
79 193
80 83
80 105
80 142
80 153
80 155
80 188
80 191
81 107
81 108
81 111
81 124
81 130
81 157
81 160
81 167
82 86
82 108
82 125
82 132
82 136
82 182
82 184
83 126
83 133
83 138
83 141
83 148
83 163
84 98
84 114
84 127
84 169
84 183
85 87
85 88
85 96
85 111
85 154
85 166
85 177
85 182
85 186
85 192
86 97
86 103
86 118
86 120
86 128
86 166
86 197
86 199
88 110
88 160
88 185
89 94
89 95
89 98
89 113
89 130
89 149
89 188
89 192
89 197
90 130
90 147
90 150
90 155
90 158
90 181
91 94
91 193
92 96
92 125
92 145
92 162
92 199
93 117
93 137
93 143
93 183
93 198
94 100
94 106
94 110
94 115
94 116
94 137
94 148
94 157
94 158
94 184
94 186
94 188
95 117
95 122
95 137
95 142
95 167
95 196
96 97
96 102
96 108
96 114
96 134
96 154
97 123
97 126
97 127
97 132
97 159
97 174
97 194
98 110
98 119
98 122
98 130
98 134
98 142
98 149
98 153
98 155
98 174
98 175
98 189
98 191
98 196
99 104
99 106
99 107
99 114
99 152
99 164
99 179
99 196
100 136
100 139
100 146
100 154
100 158
100 159
100 170
101 102
101 127
101 148
102 112
102 117
102 138
103 107
103 121
103 130
103 143
103 154
103 170
103 181
103 196
104 118
104 125
104 136
104 141
104 146
104 191
105 110
105 112
105 144
106 178
106 197
106 199
107 131
107 174
108 127
108 129
108 189
108 195
109 125
109 155
109 173
110 113
110 114
111 131
111 144
111 161
111 165
111 186
112 176
112 178
113 115
114 119
114 124
114 163
114 176
115 155
115 183
115 184
115 194
116 147
116 149
116 161
116 165
116 166
116 175
116 192
116 194
116 195
117 157
117 189
117 191
118 139
118 156
118 158
118 194
119 123
119 130
119 161
119 170
119 172
120 175
120 194
122 196
123 125
123 169
124 135
124 152
124 171
124 185
125 170
125 171
126 199
127 148
127 162
127 190
127 193
128 137
129 171
129 190
129 196
129 199
131 142
131 145
132 142
132 147
132 164
132 166
132 169
133 156
133 157
134 172
134 195
135 151
135 181
136 137
136 156
136 163
136 172
136 180
138 140
139 181
141 156
142 143
142 159
142 168
142 197
143 163
144 167
146 167
146 168
147 191
149 157
150 182
150 183
151 155
151 175
151 185
154 173
155 176
155 188
157 158
158 167
158 168
159 160
159 168
164 184
166 173
168 177
168 179
168 182
172 193
174 182
174 189
174 193
176 180
176 195
177 194
180 182
181 186
181 195
186 197
194 197
