0 1
0 2
0 3
0 4
0 5
0 6
0 7
0 8
0 9
0 10
0 11
0 12
0 13
0 14
0 15
0 16
0 17
0 18
0 19
0 20
0 21
0 23
0 24
0 25
0 26
0 27
0 30
0 35
0 36
0 40
0 43
0 45
0 46
0 47
0 48
0 51
0 53
0 55
0 56
0 57
0 60
0 62
0 66
0 67
0 73
0 82
0 86
0 87
0 91
0 93
0 99
0 104
0 106
0 107
0 114
0 115
0 118
0 121
0 126
0 128
0 132
0 135
0 138
0 151
0 159
0 160
0 165
0 168
0 172
0 175
0 179
0 188
0 190
0 195
0 196
1 11
1 12
1 13
1 14
1 15
1 17
1 23
1 25
1 29
1 39
1 43
1 44
1 45
1 48
1 53
1 54
1 72
1 74
1 80
1 94
1 102
1 108
1 121
1 184
2 11
2 12
2 13
2 14
2 23
2 29
2 43
2 47
2 56
2 67
2 70
2 71
2 85
2 130
2 136
2 158
2 159
2 198
3 11
3 12
3 13
3 15
3 18
3 19
3 20
3 21
3 26
3 27
3 28
3 29
3 30
3 31
3 37
3 41
3 48
3 49
3 52
3 59
3 64
3 68
3 71
3 82
3 90
3 101
3 108
3 113
3 115
3 118
3 127
3 133
3 135
3 136
3 139
3 143
3 150
3 159
3 165
3 172
3 177
3 197
4 11
4 13
4 14
4 16
4 17
4 19
4 22
4 23
4 29
4 60
4 67
4 70
4 76
4 78
4 90
4 99
4 101
4 104
4 109
4 116
4 117
4 129
4 138
4 144
4 146
4 162
4 176
4 177
4 179
4 194
4 196
5 11
5 12
5 13
5 14
5 15
5 16
5 17
5 18
5 19
5 21
5 22
5 24
5 25
5 26
5 29
5 32
5 35
5 42
5 43
5 48
5 52
5 54
5 56
5 69
5 74
5 76
5 79
5 81
5 82
5 85
5 91
5 108
5 111
5 121
5 128
5 131
5 134
5 137
5 143
5 145
5 163
5 177
5 194
6 11
6 12
6 13
6 16
6 28
6 37
6 38
6 40
6 43
6 48
6 51
6 55
6 59
6 61
6 79
6 81
6 86
6 135
6 154
6 172
7 12
7 14
7 15
7 16
7 18
7 20
7 22
7 25
7 27
7 36
7 40
7 97
7 103
7 106
7 132
7 150
7 169
7 173
7 191
7 195
8 11
8 14
8 16
8 19
8 25
8 58
8 69
8 89
8 95
8 96
8 123
8 128
8 153
8 180
8 192
9 11
9 12
9 13
9 18
9 23
9 33
9 34
9 44
9 45
9 48
9 49
9 50
9 53
9 54
9 60
9 64
9 72
9 76
9 77
9 91
9 98
9 133
9 134
9 146
9 155
9 158
9 163
9 171
9 196
10 11
10 12
10 15
10 17
10 18
10 20
10 26
10 33
10 80
10 95
10 107
10 111
10 140
10 168
10 173
10 191
10 194
11 12
11 13
11 14
11 15
11 16
11 17
11 18
11 19
11 20
11 21
11 24
11 26
11 27
11 29
11 30
11 31
11 37
11 38
11 41
11 42
11 45
11 46
11 47
11 50
11 52
11 53
11 54
11 56
11 59
11 63
11 67
11 69
11 71
11 79
11 86
11 88
11 93
11 102
11 119
11 125
11 129
11 133
11 147
11 148
11 156
11 159
11 161
11 171
11 174
11 180
11 182
11 185
11 188
12 13
12 14
12 15
12 17
12 18
12 19
12 21
12 24
12 25
12 26
12 28
12 29
12 30
12 31
12 33
12 37
12 38
12 39
12 47
12 50
12 51
12 56
12 58
12 63
12 64
12 65
12 69
12 71
12 75
12 79
12 80
12 84
12 86
12 88
12 94
12 109
12 114
12 116
12 120
12 122
12 130
12 138
12 140
12 144
12 150
12 157
12 174
12 178
12 187
12 199
13 14
13 15
13 16
13 17
13 20
13 21
13 24
13 26
13 27
13 28
13 29
13 30
13 32
13 33
13 34
13 35
13 36
13 38
13 39
13 42
13 43
13 46
13 47
13 48
13 49
13 50
13 52
13 53
13 54
13 56
13 57
13 58
13 64
13 65
13 67
13 70
13 73
13 75
13 81
13 83
13 84
13 85
13 93
13 95
13 96
13 99
13 103
13 105
13 106
13 108
13 109
13 119
13 120
13 125
13 126
13 133
13 138
13 141
13 143
13 145
13 147
13 148
13 152
13 157
13 160
13 164
13 165
13 166
13 174
13 177
13 178
13 186
13 193
13 195
13 196
13 198
13 199
14 15
14 16
14 18
14 22
14 23
14 26
14 29
14 32
14 40
14 43
14 44
14 55
14 59
14 60
14 62
14 65
14 68
14 72
14 74
14 75
14 77
14 79
14 83
14 84
14 87
14 94
14 102
14 113
14 114
14 116
14 119
14 124
14 127
14 128
14 134
14 137
14 139
14 141
14 143
14 163
14 164
14 170
14 186
14 192
14 197
15 16
15 17
15 19
15 20
15 21
15 22
15 24
15 25
15 27
15 28
15 31
15 33
15 34
15 38
15 40
15 41
15 44
15 57
15 62
15 64
15 84
15 98
15 106
15 126
15 136
15 153
15 164
15 180
15 182
15 183
15 187
15 189
16 17
16 20
16 21
16 22
16 23
16 25
16 30
16 32
16 33
16 34
16 35
16 40
16 42
16 53
16 55
16 58
16 62
16 65
16 75
16 81
16 88
16 96
16 98
16 103
16 115
16 136
16 144
16 145
16 148
16 158
16 166
16 168
16 173
16 186
16 189
16 192
17 18
17 19
17 20
17 21
17 22
17 23
17 27
17 28
17 30
17 32
17 34
17 35
17 36
17 38
17 40
17 46
17 47
17 50
17 60
17 65
17 74
17 81
17 82
17 96
17 99
17 100
17 111
17 123
17 127
17 132
17 140
17 147
17 151
17 152
17 155
17 161
17 171
17 177
17 184
17 190
18 19
18 21
18 22
18 24
18 28
18 31
18 32
18 33
18 39
18 40
18 42
18 43
18 45
18 49
18 55
18 59
18 70
18 78
18 87
18 93
18 95
18 97
18 98
18 99
18 103
18 110
18 112
18 127
18 129
18 156
18 159
18 168
18 169
18 172
18 181
18 189
18 191
19 20
19 22
19 26
19 30
19 31
19 35
19 37
19 39
19 42
19 43
19 44
19 46
19 47
19 52
19 53
19 54
19 59
19 63
19 68
19 69
19 74
19 78
19 100
19 109
19 118
19 128
19 137
19 140
19 154
19 166
19 169
19 173
19 175
19 182
19 193
20 22
20 23
20 24
20 25
20 27
20 30
20 31
20 33
20 34
20 36
20 37
20 38
20 39
20 41
20 48
20 58
20 66
20 67
20 70
20 72
20 89
20 92
20 93
20 95
20 99
20 101
20 102
20 103
20 107
20 111
20 113
20 119
20 131
20 133
20 137
20 142
20 143
20 148
20 155
20 162
20 163
20 184
20 191
21 28
21 31
21 43
21 51
21 61
21 64
21 66
21 69
21 73
21 74
21 78
21 83
21 87
21 99
21 104
21 118
21 124
21 127
21 128
21 133
21 143
21 144
21 178
21 190
22 23
22 24
22 27
22 32
22 33
22 38
22 39
22 42
22 44
22 46
22 51
22 55
22 56
22 60
22 61
22 63
22 66
22 70
22 74
22 77
22 78
22 87
22 90
22 96
22 97
22 98
22 103
22 105
22 110
22 114
22 123
22 127
22 151
22 156
22 161
22 173
22 178
22 195
23 24
23 25
23 27
23 30
23 36
23 37
23 41
23 45
23 46
23 49
23 50
23 51
23 52
23 57
23 68
23 75
23 79
23 82
23 84
23 86
23 89
23 92
23 97
23 111
23 116
23 117
23 122
23 134
23 150
23 160
23 161
23 167
23 174
23 181
23 186
23 190
23 191
23 195
24 37
24 38
24 39
24 40
24 46
24 54
24 57
24 58
24 61
24 62
24 73
24 76
24 82
24 91
24 100
24 103
24 112
24 127
24 132
24 137
24 140
24 141
24 146
24 147
24 157
24 174
24 180
24 194
25 26
25 29
25 31
25 34
25 45
25 54
25 59
25 63
25 65
25 71
25 78
25 89
25 92
25 93
25 97
25 109
25 119
25 129
25 154
25 169
26 28
26 32
26 34
26 35
26 39
26 40
26 42
26 51
26 56
26 58
26 62
26 79
26 90
26 94
26 110
26 113
26 115
26 118
26 119
26 128
26 129
26 134
26 139
26 150
26 155
26 162
26 168
26 177
26 183
27 28
27 32
27 34
27 36
27 37
27 41
27 42
27 44
27 45
27 47
27 48
27 49
27 57
27 64
27 65
27 68
27 72
27 76
27 80
27 81
27 89
27 91
27 96
27 100
27 108
27 115
27 125
27 134
27 135
27 138
27 144
27 146
27 147
27 149
27 156
27 179
27 181
27 195
27 197
27 198
28 35
28 41
28 46
28 53
28 59
28 67
28 79
28 102
28 121
28 122
28 129
28 133
28 135
28 139
28 196
29 41
29 58
29 76
29 140
29 159
30 31
30 36
30 39
30 41
30 63
30 73
30 78
30 99
30 100
30 107
30 131
30 151
30 156
30 170
30 175
30 181
30 187
31 32
31 33
31 36
31 37
31 44
31 47
31 53
31 54
31 75
31 85
31 88
31 93
31 110
31 113
31 117
31 126
31 135
31 139
31 140
31 142
31 162
31 164
31 178
31 185
31 187
31 191
32 34
32 35
32 36
32 49
32 61
32 69
32 89
32 91
32 108
32 128
32 130
32 133
32 138
32 142
32 143
32 151
32 164
32 170
32 179
32 184
32 198
33 45
33 68
33 84
33 91
33 111
33 112
33 114
33 131
33 171
34 35
34 45
34 52
34 60
34 65
34 66
34 77
34 82
34 95
34 113
34 118
34 122
34 126
34 135
34 137
34 139
34 141
34 142
34 147
34 155
34 160
34 162
34 181
34 196
35 38
35 42
35 47
35 48
35 49
35 51
35 55
35 56
35 58
35 65
35 73
35 84
35 98
35 101
35 105
35 126
35 135
35 165
35 173
35 199
36 49
36 63
36 64
36 76
36 78
36 92
36 104
36 109
36 120
36 133
36 161
36 169
37 53
37 55
37 58
37 63
37 70
37 71
37 98
37 101
37 111
37 132
37 146
37 157
37 169
37 178
37 180
38 46
38 50
38 61
38 72
38 73
38 77
38 78
38 87
38 88
38 90
38 92
38 115
38 117
38 122
38 131
38 134
38 142
38 146
38 173
38 181
38 189
38 190
39 57
39 62
39 79
39 125
39 127
39 130
39 131
39 137
39 158
39 167
39 192
39 199
40 41
40 105
40 107
40 133
41 49
41 51
41 57
41 66
41 84
41 106
41 124
41 153
41 182
41 186
42 44
42 68
42 90
42 100
42 113
42 121
42 136
42 166
43 44
43 50
43 55
43 61
43 62
43 74
43 75
43 81
43 87
43 94
43 97
43 100
43 109
43 114
43 125
43 148
43 173
44 56
44 61
44 67
44 71
44 80
44 81
44 85
44 86
44 91
44 96
44 98
44 120
44 131
44 136
44 137
44 138
44 139
44 163
44 166
44 187
44 193
45 73
45 84
45 100
45 119
45 144
45 152
45 153
45 157
45 170
45 188
45 189
45 193
46 50
46 52
46 57
46 70
46 75
46 76
46 83
46 107
46 119
46 149
46 164
46 190
46 199
47 50
47 60
47 66
47 67
47 69
47 74
47 94
47 104
47 113
47 156
47 167
47 170
47 173
47 175
48 52
48 72
48 77
48 80
48 99
48 105
48 111
48 113
48 121
48 127
48 129
48 142
48 152
48 177
48 180
48 196
49 55
49 57
49 62
49 68
49 69
49 70
49 80
49 93
49 94
49 105
49 106
49 114
49 120
49 141
49 149
49 152
49 156
49 189
50 51
50 54
50 63
50 67
50 71
50 73
50 76
50 77
50 78
50 82
50 85
50 87
50 90
50 92
50 100
50 101
50 116
50 118
50 123
50 129
50 131
50 158
50 163
50 167
50 182
50 183
50 194
51 52
51 66
51 89
51 94
51 116
51 154
51 168
51 170
52 59
52 62
52 63
52 64
52 77
52 83
52 89
52 102
52 125
52 130
52 175
52 185
53 61
53 80
53 86
53 91
53 94
53 105
53 123
53 151
53 160
53 185
53 193
54 77
54 83
54 88
54 107
54 111
54 117
54 128
54 155
54 182
55 68
55 69
55 75
55 77
55 82
55 83
55 89
55 93
55 110
55 122
55 138
55 155
55 163
55 164
55 174
56 66
56 70
56 83
56 88
56 95
56 112
56 124
56 136
56 166
56 167
56 169
56 179
56 184
56 187
56 190
56 192
57 59
57 60
57 61
57 68
57 97
57 103
57 109
57 112
57 141
57 142
57 149
57 186
58 60
58 72
58 80
58 81
58 92
58 95
58 99
58 108
58 127
58 130
58 135
58 155
58 171
58 184
59 92
59 93
59 104
59 112
59 117
59 123
59 125
59 134
59 139
59 193
59 198
60 64
60 71
60 88
60 94
60 109
60 120
60 124
60 140
60 141
60 172
60 189
61 71
61 74
61 82
61 89
61 126
61 135
61 146
61 152
61 160
61 178
61 188
61 192
61 198
62 65
62 72
62 130
62 168
63 75
63 85
63 90
63 97
63 110
63 117
63 120
63 153
63 195
63 197
64 66
64 86
64 130
64 173
65 86
65 98
65 174
66 76
66 91
66 104
66 106
66 116
66 130
66 142
66 153
66 162
66 194
67 90
67 102
67 107
67 143
68 79
68 85
68 102
68 151
68 176
68 181
68 185
68 197
69 85
69 101
69 115
69 147
69 160
69 188
69 199
70 88
70 97
70 104
70 116
70 117
70 122
70 146
70 157
70 161
70 176
70 187
71 72
71 87
71 101
71 112
71 129
71 138
71 168
72 73
72 98
72 101
72 102
72 108
72 118
72 131
72 145
72 149
72 160
72 167
72 188
72 199
73 95
73 100
73 113
73 121
73 125
73 154
73 164
73 170
73 176
74 103
74 112
74 123
74 124
74 137
74 145
75 105
75 109
75 112
75 117
75 124
75 126
75 132
75 151
75 174
76 86
76 95
76 165
76 171
76 184
76 186
76 193
77 85
77 104
77 154
77 167
77 179
77 180
78 80
78 81
78 90
78 115
78 151
78 153
78 162
78 166
78 172
79 88
79 106
79 111
79 116
79 154
79 161
80 83
80 87
80 110
80 141
80 182
80 188
80 193
81 83
81 110
82 84
82 102
82 104
82 120
82 122
82 139
82 165
82 189
83 96
83 145
83 150
83 157
83 192
83 195
83 199
84 117
84 124
84 158
84 194
85 92
85 110
85 139
85 156
85 160
86 96
86 175
86 176
87 92
87 96
87 114
87 122
87 148
87 169
88 171
89 123
89 129
89 177
89 186
90 124
90 142
90 143
90 149
90 155
90 181
91 97
91 101
91 108
91 156
91 159
92 120
92 147
92 157
92 182
93 115
93 126
93 132
93 140
93 150
94 149
94 162
94 171
94 175
94 191
95 119
95 125
95 137
95 140
95 158
95 179
95 191
95 192
96 114
96 130
96 131
96 156
96 164
96 199
97 121
97 125
97 144
97 152
98 105
98 107
98 108
98 110
98 180
98 198
99 106
99 132
99 136
99 149
99 152
99 163
100 172
100 195
101 103
101 106
101 136
101 145
101 158
101 161
101 168
101 169
101 175
102 145
102 152
102 165
102 185
103 105
103 123
103 141
103 147
103 148
103 161
103 166
103 194
103 197
104 118
104 181
104 194
104 197
105 107
105 114
105 124
105 157
105 190
106 112
106 152
106 186
107 153
107 163
107 182
107 194
107 198
108 115
108 144
108 147
109 167
109 187
109 190
109 193
110 151
111 118
111 158
112 116
112 132
112 150
112 154
112 170
112 177
113 122
113 123
114 153
115 119
115 120
115 121
115 171
116 121
116 138
116 141
116 172
116 176
116 196
117 148
117 153
117 199
118 134
118 154
118 166
118 182
118 183
118 192
119 146
119 165
119 172
120 143
120 169
121 162
122 149
122 176
122 179
122 183
123 126
123 144
123 159
123 183
124 160
124 164
124 183
124 190
125 162
126 128
126 145
126 150
126 165
126 187
126 197
127 145
127 161
128 172
128 176
129 132
129 144
133 134
133 142
133 183
134 136
134 146
134 149
134 150
134 176
134 183
135 197
136 148
136 177
138 184
139 154
139 167
140 158
142 148
142 171
142 185
143 155
143 179
144 170
144 188
146 166
146 174
147 170
147 181
147 188
147 196
148 192
148 197
149 178
149 186
150 159
150 175
150 178
151 179
152 180
152 184
153 157
153 159
154 174
154 189
156 191
157 187
158 183
158 191
159 163
159 167
160 168
160 198
162 165
166 178
167 180
167 185
168 188
170 189
172 175
172 176
172 195
177 185
180 184
180 198
181 196
182 185
192 193
