0 1
0 2
0 3
0 4
0 5
0 6
0 7
0 8
0 9
0 10
0 11
0 12
0 13
0 14
0 15
0 16
0 18
0 19
0 20
0 21
0 23
0 25
0 26
0 27
0 28
0 29
0 30
0 31
0 32
0 34
0 38
0 41
0 43
0 45
0 49
0 50
0 52
0 54
0 58
0 59
0 65
0 66
0 68
0 76
0 77
0 88
0 92
0 97
0 99
0 100
0 104
0 107
0 118
0 121
0 123
0 133
0 136
0 137
0 138
0 142
0 147
0 149
0 155
0 158
0 165
0 169
0 170
0 175
0 183
0 199
1 11
1 12
1 13
1 14
1 15
1 17
1 19
1 25
1 35
1 40
1 50
1 51
1 55
1 63
1 67
1 70
1 88
1 90
1 99
1 100
1 142
1 154
1 174
1 180
1 181
2 11
2 12
2 17
2 33
2 60
2 61
2 67
2 111
2 116
2 134
2 188
3 11
3 12
3 13
3 15
3 16
3 18
3 21
3 22
3 24
3 27
3 30
3 31
3 32
3 33
3 40
3 43
3 48
3 50
3 51
3 53
3 54
3 56
3 58
3 63
3 84
3 90
3 99
3 102
3 105
3 110
3 113
3 130
3 145
3 157
3 162
3 163
3 171
3 185
4 11
4 12
4 13
4 14
4 17
4 18
4 31
4 36
4 43
4 44
4 45
4 46
4 47
4 50
4 58
4 62
4 63
4 67
4 79
4 83
4 85
4 86
4 87
4 89
4 94
4 98
4 102
4 108
4 112
4 121
4 128
4 137
4 138
4 154
4 158
4 164
4 178
4 180
4 199
5 11
5 12
5 13
5 15
5 18
5 19
5 22
5 31
5 34
5 59
5 67
5 68
5 71
5 75
5 98
5 116
5 143
5 153
5 189
5 198
6 33
6 98
6 144
6 190
7 11
7 12
7 13
7 14
7 15
7 16
7 18
7 22
7 27
7 28
7 35
7 41
7 44
7 47
7 48
7 56
7 63
7 64
7 69
7 70
7 76
7 84
7 85
7 86
7 88
7 102
7 106
7 109
7 129
7 130
7 132
7 134
7 195
8 11
8 13
8 14
8 15
8 22
8 24
8 29
8 33
8 39
8 43
8 48
8 49
8 52
8 71
8 76
8 86
8 97
8 108
8 114
8 163
8 165
8 167
8 168
8 179
8 180
8 187
9 11
9 12
9 14
9 16
9 17
9 21
9 32
9 41
9 47
9 55
9 60
9 75
9 85
9 93
9 96
9 101
9 107
9 117
9 118
9 128
9 134
9 188
9 190
10 11
10 12
10 13
10 14
10 15
10 16
10 17
10 20
10 21
10 25
10 27
10 28
10 29
10 31
10 36
10 42
10 44
10 53
10 58
10 59
10 61
10 70
10 73
10 94
10 108
10 128
10 130
10 148
10 150
10 152
10 169
10 183
10 197
10 199
11 12
11 13
11 14
11 15
11 16
11 17
11 18
11 19
11 20
11 21
11 22
11 23
11 24
11 25
11 27
11 32
11 34
11 35
11 41
11 42
11 43
11 45
11 46
11 47
11 51
11 55
11 62
11 69
11 72
11 74
11 76
11 80
11 81
11 89
11 93
11 99
11 101
11 105
11 107
11 116
11 128
11 132
11 133
11 145
11 152
11 164
11 165
11 166
11 167
11 168
11 170
11 174
11 183
11 184
11 185
11 192
11 193
12 13
12 14
12 15
12 16
12 17
12 18
12 19
12 20
12 21
12 22
12 23
12 24
12 25
12 26
12 28
12 29
12 30
12 31
12 35
12 36
12 37
12 43
12 44
12 49
12 52
12 55
12 61
12 63
12 69
12 70
12 71
12 72
12 73
12 74
12 85
12 90
12 92
12 102
12 107
12 112
12 117
12 121
12 134
12 145
12 156
12 158
12 169
12 181
12 182
12 186
12 190
12 194
13 14
13 16
13 19
13 20
13 21
13 24
13 25
13 28
13 30
13 33
13 34
13 35
13 39
13 43
13 45
13 48
13 51
13 55
13 57
13 59
13 64
13 65
13 67
13 69
13 70
13 73
13 77
13 80
13 83
13 90
13 95
13 96
13 99
13 100
13 101
13 103
13 105
13 108
13 109
13 114
13 116
13 120
13 123
13 127
13 129
13 157
13 159
13 160
13 164
13 176
13 182
13 186
13 191
13 192
14 15
14 16
14 17
14 18
14 19
14 20
14 25
14 26
14 27
14 29
14 30
14 31
14 32
14 33
14 34
14 35
14 36
14 37
14 40
14 49
14 53
14 55
14 58
14 59
14 65
14 71
14 75
14 76
14 79
14 83
14 86
14 87
14 88
14 94
14 99
14 101
14 104
14 106
14 109
14 115
14 118
14 120
14 140
14 145
14 146
14 155
14 163
14 165
14 167
14 174
14 175
15 16
15 17
15 18
15 19
15 20
15 23
15 24
15 25
15 27
15 28
15 30
15 32
15 33
15 34
15 35
15 37
15 38
15 39
15 42
15 44
15 45
15 49
15 50
15 56
15 59
15 61
15 62
15 64
15 65
15 66
15 78
15 79
15 90
15 93
15 94
15 103
15 104
15 107
15 110
15 118
15 125
15 126
15 147
15 150
15 152
15 168
15 179
15 188
15 191
15 194
15 197
16 17
16 19
16 20
16 21
16 22
16 23
16 24
16 26
16 27
16 32
16 35
16 36
16 37
16 38
16 40
16 41
16 47
16 48
16 52
16 54
16 57
16 59
16 61
16 62
16 66
16 71
16 76
16 78
16 79
16 80
16 83
16 85
16 87
16 91
16 92
16 96
16 105
16 108
16 112
16 129
16 130
16 138
16 139
16 151
16 159
16 164
16 167
16 174
16 175
16 192
16 195
17 18
17 19
17 23
17 24
17 25
17 26
17 27
17 28
17 30
17 42
17 44
17 48
17 49
17 50
17 53
17 55
17 60
17 74
17 81
17 82
17 84
17 87
17 89
17 91
17 92
17 97
17 100
17 103
17 108
17 111
17 123
17 126
17 127
17 132
17 135
17 147
17 148
17 150
17 160
17 179
17 191
17 195
17 196
18 20
18 22
18 23
18 24
18 26
18 27
18 28
18 38
18 46
18 49
18 50
18 51
18 63
18 64
18 67
18 69
18 73
18 76
18 77
18 86
18 88
18 95
18 96
18 105
18 112
18 115
18 117
18 122
18 128
18 134
18 144
18 154
18 163
18 167
18 186
19 20
19 21
19 23
19 26
19 29
19 31
19 41
19 43
19 46
19 47
19 50
19 58
19 59
19 61
19 74
19 76
19 78
19 81
19 84
19 94
19 98
19 110
19 111
19 117
19 133
19 143
19 154
19 155
19 156
19 160
19 177
19 178
19 181
19 188
19 189
20 21
20 22
20 26
20 30
20 34
20 35
20 37
20 38
20 39
20 40
20 46
20 53
20 62
20 64
20 71
20 79
20 80
20 81
20 82
20 84
20 94
20 102
20 109
20 110
20 113
20 123
20 124
20 126
20 146
20 152
20 157
20 162
20 168
20 186
21 22
21 23
21 26
21 29
21 30
21 31
21 38
21 39
21 40
21 42
21 45
21 46
21 55
21 58
21 60
21 65
21 68
21 73
21 77
21 81
21 86
21 93
21 94
21 95
21 99
21 106
21 107
21 108
21 112
21 123
21 130
21 145
21 147
21 149
21 153
21 162
21 171
21 185
21 189
21 190
22 23
22 24
22 29
22 33
22 34
22 41
22 45
22 46
22 47
22 60
22 62
22 84
22 89
22 90
22 97
22 103
22 128
22 146
22 157
23 25
23 26
23 29
23 32
23 38
23 40
23 44
23 46
23 49
23 66
23 69
23 99
23 106
23 117
23 128
23 137
23 142
23 172
23 176
23 191
23 197
24 41
24 48
24 77
24 119
24 143
24 150
25 35
25 38
25 39
25 43
25 77
25 78
25 87
25 106
25 119
25 136
25 172
25 182
25 184
25 187
26 28
26 29
26 31
26 32
26 34
26 36
26 40
26 44
26 54
26 62
26 64
26 67
26 68
26 95
26 122
26 126
26 133
27 28
27 37
27 39
27 40
27 42
27 44
27 48
27 55
27 56
27 61
27 69
27 71
27 75
27 82
27 84
27 86
27 88
27 92
27 97
27 98
27 135
27 140
27 151
27 157
27 165
27 186
28 34
28 42
28 60
28 82
28 103
28 104
28 120
28 132
28 135
28 144
28 150
29 30
29 36
29 37
29 38
29 39
29 40
29 48
29 51
29 53
29 57
29 60
29 61
29 64
29 69
29 72
29 81
29 83
29 86
29 88
29 90
29 93
29 98
29 107
29 111
29 120
29 124
29 127
29 128
29 130
29 137
29 139
29 149
29 154
29 164
29 168
29 169
29 175
29 176
29 177
29 184
29 194
29 196
29 197
29 198
30 32
30 33
30 36
30 38
30 39
30 47
30 49
30 52
30 57
30 72
30 99
30 120
30 125
30 126
30 187
30 191
30 193
31 36
31 47
31 51
31 52
31 57
31 67
31 72
31 75
31 96
31 100
31 101
31 106
31 108
31 116
31 122
31 125
31 137
31 139
31 145
31 147
31 161
31 163
31 168
31 169
31 171
31 173
31 187
32 33
32 36
32 37
32 53
32 54
32 61
32 65
32 74
32 75
32 102
32 110
32 113
32 121
32 131
32 144
32 145
32 147
32 155
32 156
32 183
32 184
32 189
33 37
33 44
33 51
33 68
33 72
33 73
33 87
33 103
33 167
33 172
33 192
33 194
34 37
34 45
34 51
34 57
34 60
34 66
34 71
34 74
34 85
34 95
34 99
34 127
34 139
34 173
35 46
35 56
35 61
35 63
35 67
35 79
35 85
35 88
35 92
35 95
35 97
35 100
35 117
35 121
35 139
35 149
35 172
35 176
35 195
36 41
36 42
36 57
36 63
36 68
36 73
36 76
36 77
36 79
36 83
36 91
36 95
36 104
36 107
36 109
36 123
36 129
36 138
36 159
36 160
36 170
36 192
37 46
37 50
37 56
37 57
37 59
37 62
37 69
37 77
37 89
37 93
37 97
37 101
37 134
37 141
37 156
37 162
37 168
37 169
37 173
37 180
37 183
38 39
38 42
38 62
38 63
38 66
38 72
38 73
38 87
38 91
38 104
38 111
38 115
38 146
38 169
38 170
38 190
38 196
38 199
39 41
39 42
39 48
39 57
39 64
39 66
39 70
39 71
39 82
39 88
39 93
39 102
39 111
39 120
39 158
39 191
39 193
39 196
39 197
40 43
40 54
40 57
40 63
40 72
40 74
40 78
40 89
40 98
40 114
40 115
40 151
40 177
40 182
40 196
40 197
41 45
41 50
41 53
41 66
41 68
41 73
41 75
41 79
41 81
41 91
41 101
41 114
41 118
41 121
41 124
41 125
41 129
41 133
41 135
41 141
41 143
41 154
41 157
41 179
41 199
42 47
42 51
42 53
42 60
42 77
42 96
42 100
42 110
42 111
42 116
42 141
42 143
42 160
42 162
42 165
42 166
42 197
43 49
43 56
43 74
43 75
43 80
43 87
43 89
43 97
43 105
43 115
43 131
43 140
43 142
43 152
43 175
43 180
43 199
44 45
44 53
44 54
44 55
44 56
44 78
44 80
44 82
44 106
44 127
44 133
44 138
44 155
44 175
44 179
44 181
44 195
44 198
45 54
45 56
45 58
45 62
45 70
45 96
45 112
45 123
45 138
45 141
45 156
45 160
45 177
45 191
46 52
46 58
46 78
46 81
46 82
46 95
46 103
46 113
46 121
46 131
46 138
46 182
46 183
46 184
46 193
46 195
47 67
47 70
47 71
47 92
47 101
47 106
47 112
47 127
47 135
47 136
47 176
47 181
48 54
48 56
48 60
48 65
48 80
48 94
48 103
48 142
48 143
48 152
48 153
48 162
48 189
49 52
49 64
49 81
49 161
50 52
50 54
50 64
50 70
50 75
50 77
50 78
50 85
50 105
50 119
50 128
50 146
50 154
50 176
50 193
51 52
51 66
51 79
51 86
51 96
51 100
51 122
51 133
51 135
51 141
51 162
51 163
51 169
51 176
51 182
51 185
51 191
52 65
52 66
52 83
52 125
52 127
52 138
52 148
52 149
52 181
52 186
52 188
52 192
53 59
53 78
53 97
53 108
53 112
53 143
53 158
53 161
53 173
53 174
53 195
54 58
54 68
54 82
54 91
54 95
54 194
55 68
55 83
55 98
55 126
55 140
55 161
55 166
55 184
55 193
56 76
56 89
56 106
56 109
56 136
56 161
56 182
56 184
56 198
57 83
57 120
57 149
57 170
57 172
57 196
58 123
58 141
58 151
58 156
58 184
58 196
59 70
59 73
59 84
59 105
59 128
59 134
59 141
59 167
59 197
60 72
61 65
61 68
61 74
61 102
61 104
61 118
61 149
61 159
62 65
62 102
62 113
62 125
62 146
63 72
63 82
63 89
63 120
63 148
63 162
64 101
64 104
64 109
64 112
64 115
64 116
64 134
64 148
64 173
65 85
66 75
66 80
66 98
66 103
66 106
66 110
66 131
66 147
67 74
67 87
67 113
67 118
67 119
67 124
67 126
67 130
67 153
68 69
68 80
68 107
68 114
68 117
68 118
68 119
68 136
68 137
68 145
68 153
68 159
68 192
68 194
69 84
69 91
69 110
69 124
69 171
69 178
70 83
70 86
70 90
70 92
70 97
70 114
70 115
70 116
70 117
70 119
70 131
70 132
70 166
70 170
70 177
71 104
71 135
71 145
71 164
72 81
72 84
72 93
72 113
72 132
72 153
72 156
72 183
72 188
72 193
73 85
73 103
73 109
73 118
73 119
73 127
73 147
73 150
74 148
74 151
75 89
75 96
75 98
75 125
75 131
75 178
76 78
76 80
76 87
76 90
76 93
76 94
76 110
76 160
76 168
76 171
77 79
77 92
77 93
77 94
77 105
77 112
77 115
77 117
77 124
77 135
77 145
78 82
78 88
78 92
78 96
78 109
78 114
78 129
78 142
78 179
78 181
79 90
79 110
79 125
79 155
79 168
79 199
80 117
80 124
80 132
80 151
80 166
80 171
80 173
81 121
81 155
81 160
81 171
81 181
81 187
81 192
82 119
83 91
83 137
83 140
83 162
83 170
83 179
83 194
84 102
84 114
84 119
84 122
84 123
84 134
84 135
84 139
84 150
84 155
84 158
84 189
84 198
85 105
85 163
86 91
86 111
86 118
86 122
86 129
86 142
86 166
86 174
86 185
87 95
87 123
87 124
87 132
87 156
87 181
88 152
88 163
88 188
89 101
89 164
90 91
90 120
90 125
90 126
90 131
90 144
90 148
90 160
90 172
90 174
91 139
91 144
91 185
92 153
92 155
92 159
93 100
93 113
93 132
93 136
93 148
93 157
93 189
93 198
94 108
94 122
94 138
94 190
95 115
95 151
95 161
96 122
97 100
97 114
97 129
97 130
97 131
97 140
97 141
97 184
98 144
98 149
98 164
98 180
98 188
98 192
99 107
99 167
99 175
99 178
99 198
100 113
100 129
100 130
100 131
100 134
100 148
100 169
101 113
101 115
101 119
101 146
101 161
101 190
101 192
102 104
102 120
102 122
102 127
102 142
103 109
103 116
103 131
103 141
103 198
104 126
104 150
104 199
105 124
105 152
105 167
106 121
106 129
106 130
106 140
106 142
106 144
106 146
106 170
106 172
106 186
106 187
107 111
107 170
107 195
108 136
108 156
108 176
108 190
109 111
109 189
110 116
110 121
110 122
110 151
110 190
110 193
111 114
111 132
111 144
111 146
111 147
111 149
111 163
111 179
112 125
112 152
112 180
112 187
113 140
113 186
114 159
114 163
114 185
115 153
115 172
115 183
116 127
116 137
116 176
116 182
117 133
117 136
117 149
117 151
117 158
117 159
117 171
117 193
118 166
118 174
119 153
119 157
119 172
120 150
121 178
121 188
122 124
122 138
122 139
122 148
122 164
122 173
122 175
122 185
122 188
123 135
123 155
123 156
123 161
123 180
123 187
123 194
123 197
124 171
125 126
125 146
126 137
126 169
126 186
127 140
127 185
128 139
128 153
128 178
129 133
129 136
130 136
130 141
130 194
130 197
131 133
131 158
131 172
132 161
133 137
133 143
133 144
133 165
134 147
134 154
135 139
135 159
137 140
137 165
137 166
137 180
138 161
138 167
138 168
138 175
138 198
138 199
139 142
139 143
139 158
139 165
139 166
139 183
139 193
140 150
140 157
140 175
140 176
140 186
140 196
141 191
142 143
142 159
142 160
142 162
142 166
142 177
142 178
143 174
144 152
144 170
146 164
147 151
147 154
147 181
147 195
148 165
148 173
150 179
150 191
151 154
151 177
152 196
154 158
154 179
154 190
155 157
155 196
156 173
158 177
158 180
158 182
159 178
160 173
160 198
164 171
165 189
167 184
167 187
168 177
170 174
171 177
171 199
172 178
178 183
179 182
181 189
183 185
186 187
191 195
192 194
