0 1
0 2
0 3
0 4
0 5
0 6
0 7
0 8
0 9
0 10
0 11
0 12
0 13
0 14
0 15
0 17
0 18
0 19
0 20
0 21
0 22
0 23
0 29
0 32
0 34
0 36
0 37
0 39
0 40
0 49
0 51
0 52
0 53
0 54
0 56
0 59
0 61
0 65
0 71
0 72
0 73
0 75
0 78
0 79
0 84
0 88
0 93
0 99
0 101
0 102
0 105
0 113
0 119
0 120
0 125
0 129
0 140
0 162
0 173
0 183
0 192
0 199
1 11
1 12
1 15
1 20
1 21
1 28
1 32
1 37
1 48
1 52
1 73
1 74
1 84
1 90
1 94
1 96
1 102
1 106
1 128
1 145
1 188
1 197
2 11
2 12
2 13
2 14
2 17
2 18
2 19
2 20
2 24
2 27
2 28
2 33
2 37
2 44
2 46
2 54
2 55
2 82
2 98
2 105
2 106
2 112
2 122
2 136
2 153
2 161
2 172
2 182
2 184
2 191
2 194
2 196
3 11
3 12
3 13
3 14
3 15
3 16
3 20
3 22
3 23
3 24
3 26
3 27
3 35
3 50
3 54
3 58
3 64
3 67
3 69
3 71
3 80
3 81
3 82
3 115
3 119
3 124
3 136
3 142
3 148
3 151
3 152
3 153
3 184
3 191
3 194
4 11
4 13
4 14
4 19
4 20
4 22
4 26
4 27
4 30
4 41
4 53
4 56
4 58
4 59
4 61
4 69
4 70
4 74
4 76
4 81
4 102
4 108
4 115
4 116
4 123
4 142
4 150
4 173
4 185
4 187
5 11
5 12
5 13
5 14
5 17
5 19
5 22
5 25
5 32
5 39
5 42
5 47
5 48
5 55
5 57
5 58
5 73
5 74
5 76
5 109
5 117
5 134
5 138
5 143
5 149
5 155
5 167
6 12
6 15
6 16
6 18
6 24
6 27
6 28
6 29
6 31
6 35
6 71
6 82
6 96
6 97
6 108
6 116
6 162
6 181
7 11
7 12
7 14
7 15
7 16
7 17
7 18
7 19
7 23
7 25
7 26
7 27
7 30
7 33
7 38
7 39
7 40
7 45
7 46
7 47
7 50
7 52
7 65
7 70
7 78
7 85
7 86
7 112
7 114
7 119
7 122
7 154
7 161
7 181
8 11
8 12
8 13
8 14
8 15
8 16
8 17
8 18
8 24
8 27
8 28
8 32
8 38
8 44
8 57
8 58
8 64
8 68
8 74
8 75
8 78
8 88
8 91
8 121
8 129
8 145
8 159
8 160
8 165
8 166
9 11
9 13
9 16
9 18
9 21
9 22
9 23
9 37
9 38
9 43
9 48
9 49
9 55
9 61
9 66
9 88
9 89
9 92
9 93
9 94
9 97
9 102
9 107
9 118
9 120
9 121
9 124
9 125
9 141
9 143
9 146
9 165
9 171
9 176
9 177
9 182
9 198
10 11
10 12
10 13
10 14
10 16
10 18
10 24
10 28
10 35
10 71
10 83
10 89
10 93
10 96
10 109
10 112
10 136
10 141
10 146
10 153
10 156
10 162
10 184
10 186
10 190
11 12
11 13
11 15
11 16
11 17
11 18
11 20
11 21
11 23
11 24
11 25
11 26
11 29
11 32
11 33
11 34
11 35
11 37
11 38
11 39
11 40
11 45
11 51
11 57
11 59
11 64
11 66
11 72
11 79
11 80
11 81
11 85
11 86
11 88
11 90
11 92
11 93
11 100
11 110
11 120
11 122
11 123
11 131
11 132
11 135
11 139
11 140
11 144
11 151
11 152
11 153
11 156
11 166
11 174
11 175
11 176
12 13
12 14
12 15
12 16
12 17
12 19
12 20
12 21
12 22
12 23
12 25
12 27
12 28
12 30
12 31
12 34
12 35
12 36
12 37
12 38
12 43
12 48
12 49
12 50
12 51
12 57
12 58
12 60
12 62
12 65
12 68
12 69
12 70
12 74
12 75
12 77
12 81
12 82
12 86
12 88
12 100
12 107
12 108
12 109
12 113
12 114
12 115
12 119
12 120
12 126
12 130
12 137
12 138
12 146
12 157
12 161
12 165
12 168
12 173
12 184
12 189
12 193
12 196
12 198
12 199
13 14
13 15
13 17
13 18
13 19
13 21
13 22
13 23
13 24
13 25
13 30
13 31
13 35
13 39
13 41
13 42
13 43
13 44
13 45
13 46
13 48
13 50
13 51
13 52
13 54
13 57
13 62
13 64
13 70
13 73
13 74
13 78
13 80
13 81
13 85
13 88
13 89
13 96
13 99
13 102
13 111
13 114
13 117
13 123
13 134
13 144
13 149
13 154
13 155
13 157
13 159
13 164
13 169
13 171
13 185
13 186
14 15
14 16
14 17
14 20
14 21
14 22
14 24
14 29
14 30
14 31
14 34
14 36
14 37
14 38
14 39
14 41
14 42
14 50
14 51
14 54
14 55
14 58
14 59
14 62
14 65
14 66
14 67
14 71
14 77
14 83
14 84
14 86
14 87
14 100
14 103
14 106
14 111
14 113
14 114
14 115
14 117
14 121
14 122
14 124
14 127
14 128
14 129
14 133
14 139
14 145
14 148
14 156
14 157
14 158
14 160
14 166
14 169
14 170
14 174
14 180
14 181
14 182
14 186
14 187
14 194
15 16
15 20
15 21
15 23
15 25
15 26
15 27
15 28
15 31
15 32
15 33
15 34
15 35
15 36
15 41
15 45
15 46
15 48
15 50
15 51
15 52
15 55
15 60
15 61
15 66
15 78
15 79
15 84
15 85
15 89
15 90
15 91
15 92
15 93
15 95
15 96
15 97
15 98
15 101
15 104
15 105
15 107
15 110
15 116
15 118
15 120
15 126
15 127
15 130
15 131
15 143
15 145
15 146
15 147
15 148
15 149
15 155
15 157
15 164
15 170
15 172
15 173
15 175
15 177
15 178
15 183
15 185
15 191
15 193
15 196
16 17
16 18
16 19
16 23
16 28
16 33
16 37
16 40
16 44
16 45
16 48
16 49
16 52
16 62
16 64
16 69
16 70
16 72
16 75
16 80
16 81
16 83
16 87
16 92
16 94
16 97
16 116
16 125
16 155
16 176
16 179
16 195
16 196
17 19
17 20
17 21
17 22
17 23
17 24
17 28
17 30
17 31
17 32
17 33
17 34
17 41
17 43
17 53
17 59
17 60
17 61
17 62
17 66
17 71
17 79
17 84
17 85
17 86
17 87
17 101
17 108
17 109
17 110
17 113
17 123
17 126
17 128
17 131
17 137
17 140
17 142
17 144
17 145
17 149
17 152
17 157
17 162
17 175
17 179
17 186
17 189
17 191
17 195
18 19
18 26
18 29
18 31
18 33
18 40
18 51
18 60
18 61
18 67
18 72
18 75
18 76
18 84
18 88
18 96
18 102
18 116
18 129
18 139
18 155
18 159
18 162
18 163
18 170
18 171
18 177
19 24
19 25
19 29
19 30
19 31
19 33
19 36
19 39
19 40
19 41
19 42
19 43
19 47
19 51
19 58
19 60
19 62
19 63
19 65
19 70
19 72
19 75
19 83
19 86
19 88
19 118
19 120
19 124
19 127
19 134
19 149
19 168
19 199
20 21
20 25
20 27
20 29
20 36
20 47
20 68
20 69
20 70
20 92
20 93
20 108
20 117
20 132
20 145
20 149
20 150
20 151
20 153
20 164
20 170
20 194
21 22
21 25
21 26
21 28
21 30
21 32
21 34
21 35
21 36
21 38
21 39
21 42
21 44
21 45
21 56
21 57
21 59
21 63
21 64
21 71
21 72
21 76
21 85
21 86
21 95
21 98
21 104
21 106
21 107
21 117
21 122
21 130
21 131
21 144
21 150
21 155
21 157
21 158
21 162
21 172
21 174
21 182
21 183
21 192
21 196
22 25
22 38
22 40
22 44
22 49
22 56
22 57
22 60
22 61
22 63
22 77
22 79
22 90
22 91
22 97
22 98
22 100
22 106
22 108
22 126
22 128
22 136
22 137
22 138
22 139
22 178
22 190
22 192
23 26
23 29
23 30
23 31
23 40
23 52
23 64
23 70
23 87
23 98
23 100
23 103
23 107
23 112
23 115
23 130
23 150
23 178
23 183
23 192
23 193
23 198
24 26
24 29
24 32
24 37
24 44
24 53
24 62
24 63
24 65
24 69
24 71
24 92
24 105
24 115
24 141
24 147
24 164
24 175
24 188
25 26
25 29
25 31
25 33
25 34
25 36
25 41
25 43
25 45
25 58
25 60
25 62
25 64
25 65
25 77
25 87
25 90
25 102
25 110
25 112
25 118
25 119
25 136
25 160
25 167
25 173
25 175
25 179
25 183
26 27
26 30
26 37
26 38
26 47
26 53
26 61
26 67
26 78
26 103
26 107
26 113
26 120
26 133
26 140
26 144
26 151
26 153
26 159
26 167
26 171
26 174
26 178
26 188
26 197
26 199
27 35
27 43
27 44
27 45
27 53
27 72
27 74
27 77
27 80
27 89
27 91
27 104
27 106
27 115
27 129
27 136
27 137
27 141
27 157
27 190
28 36
28 41
28 47
28 54
28 85
28 98
28 103
28 107
28 111
28 114
28 117
28 129
28 142
28 148
29 36
29 40
29 42
29 56
29 70
29 76
29 79
29 93
29 112
29 120
29 122
29 125
29 129
29 132
29 137
29 139
29 145
29 147
29 165
29 167
29 175
29 183
29 185
29 189
29 199
30 32
30 40
30 41
30 42
30 46
30 47
30 48
30 60
30 63
30 68
30 69
30 75
30 81
30 84
30 86
30 91
30 109
30 126
30 127
30 132
30 134
30 137
30 140
30 144
30 152
30 155
30 166
30 181
30 197
31 33
31 42
31 44
31 55
31 56
31 85
31 94
31 103
31 104
31 107
31 111
31 114
31 115
31 122
31 155
31 160
31 164
31 198
32 34
32 38
32 43
32 45
32 46
32 49
32 50
32 53
32 66
32 72
32 75
32 79
32 81
32 90
32 91
32 93
32 100
32 101
32 112
32 117
32 127
32 133
32 135
32 136
32 138
32 154
32 191
32 192
33 34
33 47
33 49
33 54
33 60
33 66
33 80
33 85
33 93
33 97
33 99
33 109
33 125
33 152
33 180
33 193
34 35
34 45
34 53
34 54
34 59
34 60
34 63
34 68
34 69
34 73
34 79
34 80
34 88
34 89
34 94
34 99
34 103
34 105
34 110
34 119
34 121
34 128
34 133
34 137
34 153
34 169
34 196
35 48
35 55
35 56
35 58
35 67
35 68
35 72
35 82
35 94
35 95
35 104
35 108
35 121
35 140
35 156
35 163
35 169
35 172
35 173
35 190
36 39
36 44
36 46
36 47
36 49
36 50
36 53
36 69
36 79
36 83
36 85
36 103
36 107
36 109
36 123
36 132
36 141
36 171
36 177
36 188
37 42
37 56
37 67
37 113
37 124
37 135
37 155
37 163
38 39
38 41
38 48
38 49
38 50
38 52
38 55
38 56
38 63
38 65
38 88
38 96
38 98
38 125
38 130
38 131
38 134
38 138
38 143
38 161
38 179
38 193
38 195
39 50
39 59
39 100
39 117
39 164
39 165
39 170
39 187
39 195
40 43
40 46
40 47
40 49
40 52
40 53
40 62
40 63
40 66
40 77
40 103
40 118
40 130
40 132
40 134
40 137
40 142
40 147
40 152
40 156
40 159
40 160
40 165
40 169
40 174
40 182
41 42
41 43
41 51
41 52
41 59
41 82
41 83
41 95
41 118
41 134
41 148
41 171
42 64
42 71
42 75
42 89
42 113
42 130
42 134
42 143
42 151
42 172
42 196
43 63
43 66
43 67
43 105
43 120
43 123
43 127
43 131
43 141
43 158
43 164
43 170
44 46
44 57
44 65
44 91
44 104
44 111
44 114
44 118
44 160
44 194
45 46
45 74
45 97
45 99
45 122
45 123
45 145
45 189
45 190
46 51
46 55
46 57
46 68
46 73
46 76
46 77
46 94
46 101
46 124
46 131
46 146
46 174
46 181
46 189
47 54
47 103
47 120
48 56
48 73
48 76
48 77
48 86
48 90
48 92
48 94
48 101
48 103
48 124
48 127
48 139
48 180
48 187
49 61
49 64
49 77
49 80
49 81
49 96
49 122
49 135
49 159
49 178
49 179
50 54
50 61
50 74
50 145
50 152
50 166
50 171
50 198
51 62
51 73
51 97
51 135
51 172
51 179
51 191
52 55
52 57
52 82
52 91
52 94
52 98
52 105
52 109
52 113
52 116
52 125
52 136
52 148
52 168
52 170
52 177
53 68
53 77
53 132
53 138
53 142
53 146
53 157
53 169
53 180
54 67
54 71
54 76
54 92
54 105
54 106
54 110
54 116
54 142
55 66
55 78
55 84
55 91
55 95
55 112
55 113
55 161
55 163
55 182
56 58
56 68
56 83
56 89
56 95
56 102
56 111
56 121
56 133
56 135
56 154
56 187
56 199
57 63
57 72
57 82
57 104
57 140
57 150
57 168
58 59
58 67
58 80
58 95
58 108
58 199
59 161
59 191
60 65
60 87
60 95
60 139
60 147
60 152
60 184
61 67
61 76
61 81
61 121
61 126
61 180
61 193
61 196
62 112
62 126
62 134
62 169
62 179
63 78
63 95
63 97
63 129
63 135
63 148
63 149
63 156
63 168
63 175
63 188
64 70
64 83
64 86
64 87
64 100
64 101
64 112
64 146
64 166
64 177
64 185
64 188
65 73
65 82
65 133
65 142
65 166
65 167
66 78
66 89
66 94
66 104
66 124
66 142
66 169
66 177
67 68
67 73
67 75
67 102
67 123
67 129
67 176
67 177
67 179
67 196
68 69
68 80
68 99
68 101
68 135
68 149
68 178
69 84
69 97
69 109
69 136
69 159
69 161
70 96
70 108
70 132
70 143
70 147
70 153
70 154
70 195
71 76
71 79
71 108
71 110
71 146
72 74
72 99
72 104
72 141
72 180
72 186
73 78
73 83
73 92
73 110
73 111
73 123
73 143
73 148
73 164
73 167
73 180
73 188
74 128
74 132
74 156
74 181
74 192
75 83
75 95
75 98
75 101
75 118
75 128
75 131
75 154
75 160
75 170
75 171
75 184
76 82
76 90
76 91
76 117
76 118
76 197
77 89
77 96
77 127
77 133
77 138
78 87
78 98
78 147
78 166
78 169
78 175
79 90
79 140
79 156
79 161
79 165
79 168
79 170
79 195
80 84
81 99
81 139
82 114
82 139
82 141
82 194
83 92
83 105
83 141
83 143
83 150
84 101
84 124
84 151
84 155
84 163
84 165
84 191
85 87
85 100
85 105
85 121
85 159
85 165
85 188
86 87
86 90
86 123
86 125
86 129
86 130
86 163
87 111
87 131
87 162
87 175
87 180
87 190
87 195
88 125
88 158
88 162
88 164
88 168
89 99
89 116
89 126
89 163
89 199
90 154
90 171
91 93
91 100
91 102
91 181
92 114
93 113
93 142
93 179
93 197
94 99
94 107
94 138
94 152
94 153
94 165
94 168
94 182
94 189
95 106
95 150
95 160
95 187
96 137
96 140
96 170
96 183
96 186
97 106
97 110
97 115
97 119
97 133
98 109
98 119
98 140
98 144
98 146
98 160
98 179
99 106
99 111
99 116
99 154
100 176
101 118
101 136
101 149
101 150
101 163
101 167
102 119
102 126
102 138
102 151
102 173
102 183
103 104
103 110
103 121
103 132
103 135
103 145
103 195
104 111
104 122
104 127
104 158
104 182
105 115
105 149
105 161
105 193
105 199
106 157
107 116
107 144
107 156
107 181
107 184
107 185
107 193
108 138
108 146
108 150
108 151
108 188
109 127
109 195
110 119
110 182
110 190
110 195
111 131
111 182
111 198
112 114
112 130
112 133
112 137
112 181
112 186
113 130
113 143
113 144
113 148
113 158
114 117
114 139
115 144
115 186
115 193
116 126
116 169
116 176
116 198
117 198
118 121
118 124
118 128
118 189
118 197
119 128
120 150
120 171
120 172
120 176
120 185
121 128
121 133
121 134
121 184
122 158
122 174
122 178
122 185
122 192
123 141
123 156
123 167
124 125
125 197
126 147
126 189
127 154
127 173
128 190
129 147
129 164
129 173
129 184
131 186
131 198
131 199
132 148
133 143
133 180
133 192
134 135
134 194
135 183
135 189
137 152
137 158
137 161
137 174
137 193
139 147
140 151
140 154
140 167
140 190
141 166
141 176
141 192
142 151
142 153
142 163
142 174
142 176
143 158
144 159
145 198
146 177
147 178
147 187
147 192
149 168
149 184
149 197
150 160
150 167
150 188
151 162
151 166
151 168
151 172
151 190
151 191
152 185
154 158
154 172
154 187
154 194
155 196
156 157
156 172
157 163
157 194
158 159
160 176
160 185
161 162
161 175
165 178
165 181
166 187
169 173
169 174
171 197
172 187
173 177
174 178
175 183
175 189
178 191
178 197
179 180
184 186
185 194
