0 1
0 2
0 3
0 4
0 5
0 6
0 7
0 8
0 9
0 10
0 11
0 12
0 13
0 14
0 15
0 16
0 17
0 18
0 19
0 20
0 21
0 22
0 23
0 24
0 26
0 27
0 28
0 30
0 33
0 34
0 35
0 37
0 43
0 45
0 53
0 54
0 56
0 57
0 59
0 60
0 63
0 65
0 68
0 75
0 76
0 83
0 84
0 86
0 92
0 93
0 102
0 117
0 125
0 133
0 137
0 141
0 144
0 145
0 146
0 152
0 154
0 164
0 170
0 175
0 179
0 187
0 190
0 192
0 195
0 196
1 11
1 12
1 13
1 14
1 18
1 19
1 20
1 23
1 29
1 35
1 37
1 38
1 40
1 43
1 44
1 46
1 57
1 60
1 68
1 69
1 70
1 77
1 79
1 83
1 111
1 120
1 129
1 138
1 151
1 155
1 159
1 186
2 11
2 12
2 13
2 15
2 19
2 22
2 23
2 54
2 55
2 56
2 72
2 76
2 86
2 90
2 96
2 109
2 118
2 121
2 129
2 136
2 139
2 188
3 11
3 12
3 15
3 16
3 18
3 21
3 28
3 29
3 39
3 40
3 44
3 48
3 50
3 52
3 72
3 80
3 81
3 83
3 86
3 129
3 139
3 150
3 163
3 178
3 193
3 195
4 11
4 13
4 15
4 64
4 66
4 112
5 11
5 12
5 14
5 17
5 20
5 21
5 24
5 25
5 27
5 29
5 30
5 32
5 33
5 35
5 37
5 38
5 39
5 42
5 43
5 46
5 49
5 50
5 52
5 53
5 55
5 56
5 66
5 69
5 74
5 85
5 98
5 99
5 107
5 114
5 126
5 130
5 134
5 164
5 167
5 178
5 181
5 188
5 192
5 194
5 195
6 11
6 12
6 13
6 14
6 16
6 17
6 20
6 23
6 25
6 26
6 33
6 36
6 62
6 73
6 88
6 91
6 96
6 113
6 124
6 147
6 168
6 172
6 190
7 12
7 14
7 15
7 16
7 29
7 44
7 52
7 63
7 64
7 68
7 77
7 81
7 99
7 104
7 109
7 111
7 134
7 141
7 162
7 164
7 166
7 190
8 11
8 12
8 13
8 21
8 24
8 26
8 29
8 34
8 38
8 45
8 48
8 50
8 57
8 71
8 77
8 185
8 186
8 191
9 11
9 13
9 14
9 22
9 24
9 36
9 41
9 42
9 43
9 44
9 46
9 47
9 53
9 57
9 59
9 61
9 74
9 80
9 81
9 93
9 103
9 106
9 116
9 119
9 139
9 159
9 162
9 184
10 11
10 12
10 13
10 14
10 15
10 16
10 17
10 18
10 19
10 21
10 22
10 23
10 25
10 26
10 28
10 31
10 38
10 40
10 41
10 51
10 56
10 60
10 61
10 66
10 69
10 71
10 72
10 82
10 85
10 89
10 92
10 93
10 103
10 107
10 108
10 110
10 113
10 114
10 119
10 121
10 122
10 136
10 140
10 148
10 155
10 156
10 157
10 158
10 160
10 161
10 164
10 171
10 174
10 175
10 176
10 177
10 181
10 182
10 188
10 191
10 192
10 199
11 12
11 13
11 14
11 15
11 16
11 17
11 18
11 19
11 20
11 21
11 22
11 23
11 24
11 27
11 30
11 33
11 34
11 38
11 43
11 45
11 46
11 53
11 64
11 65
11 67
11 71
11 76
11 88
11 89
11 100
11 107
11 108
11 118
11 121
11 124
11 129
11 130
11 131
11 141
11 144
11 147
11 159
11 161
11 184
11 199
12 13
12 14
12 15
12 16
12 17
12 18
12 20
12 25
12 26
12 30
12 31
12 32
12 33
12 35
12 41
12 42
12 43
12 45
12 49
12 53
12 56
12 59
12 60
12 62
12 66
12 67
12 68
12 71
12 76
12 83
12 85
12 89
12 93
12 97
12 105
12 113
12 115
12 118
12 137
12 146
12 161
12 164
12 173
12 179
12 180
12 184
12 186
12 199
13 14
13 15
13 16
13 17
13 18
13 19
13 21
13 22
13 23
13 25
13 26
13 27
13 32
13 34
13 35
13 39
13 45
13 47
13 50
13 51
13 52
13 55
13 57
13 62
13 70
13 73
13 75
13 79
13 85
13 94
13 96
13 97
13 98
13 99
13 104
13 105
13 106
13 117
13 131
13 135
13 137
13 139
13 151
13 152
13 172
13 173
13 175
13 176
13 185
13 189
13 193
13 198
13 199
14 15
14 16
14 17
14 18
14 20
14 21
14 22
14 23
14 25
14 26
14 27
14 28
14 29
14 30
14 31
14 32
14 34
14 36
14 44
14 49
14 52
14 54
14 55
14 58
14 59
14 64
14 67
14 69
14 73
14 81
14 82
14 84
14 91
14 95
14 98
14 102
14 116
14 118
14 126
14 128
14 131
14 133
14 147
14 152
14 156
14 157
14 166
14 167
14 168
14 174
14 177
14 178
14 179
14 192
14 194
15 16
15 17
15 19
15 24
15 27
15 28
15 36
15 68
15 76
15 80
15 83
15 84
15 87
15 90
15 104
15 105
15 116
15 119
15 125
15 133
15 142
15 160
15 197
16 17
16 18
16 19
16 20
16 21
16 22
16 25
16 26
16 28
16 31
16 32
16 34
16 36
16 37
16 38
16 41
16 42
16 47
16 48
16 49
16 50
16 58
16 59
16 60
16 61
16 64
16 70
16 78
16 79
16 88
16 89
16 97
16 101
16 102
16 106
16 107
16 108
16 112
16 113
16 118
16 121
16 125
16 128
16 132
16 133
16 140
16 159
16 163
16 165
16 179
16 180
16 187
16 188
16 199
17 18
17 19
17 20
17 24
17 28
17 32
17 39
17 45
17 52
17 54
17 55
17 58
17 62
17 67
17 76
17 84
17 86
17 91
17 96
17 99
17 103
17 105
17 112
17 126
17 127
17 134
17 149
17 151
17 153
17 155
17 159
17 167
17 168
17 169
17 174
17 175
17 176
17 192
18 19
18 20
18 21
18 22
18 23
18 24
18 25
18 26
18 27
18 29
18 30
18 36
18 38
18 44
18 45
18 54
18 59
18 70
18 72
18 77
18 98
18 103
18 104
18 106
18 112
18 114
18 120
18 144
18 147
18 152
18 153
18 160
18 165
18 177
18 179
18 185
18 188
18 197
19 28
19 30
19 31
19 34
19 39
19 42
19 47
19 51
19 55
19 69
19 75
19 77
19 84
19 94
19 99
19 116
19 119
19 120
19 126
19 130
19 180
19 192
19 198
20 22
20 33
20 38
20 43
20 44
20 49
20 51
20 58
20 78
20 79
20 81
20 84
20 85
20 101
20 106
20 126
20 142
20 172
21 23
21 25
21 28
21 31
21 32
21 33
21 37
21 39
21 47
21 48
21 49
21 54
21 60
21 65
21 66
21 70
21 77
21 79
21 96
21 97
21 111
21 112
21 113
21 116
21 131
21 134
21 135
21 141
21 143
21 148
21 149
21 160
21 161
21 180
21 188
21 194
22 24
22 25
22 27
22 29
22 31
22 33
22 40
22 42
22 48
22 61
22 62
22 63
22 69
22 88
22 94
22 100
22 114
22 118
22 134
22 162
22 166
22 168
22 171
22 172
22 176
22 195
22 196
23 24
23 26
23 32
23 33
23 37
23 38
23 46
23 51
23 58
23 62
23 70
23 74
23 79
23 80
23 87
23 88
23 89
23 91
23 94
23 100
23 111
23 119
23 122
23 123
23 130
23 136
23 140
23 150
23 154
23 159
23 165
23 168
23 175
23 177
23 178
23 181
23 183
23 188
23 190
23 198
24 30
24 38
24 40
24 47
24 50
24 53
24 55
24 57
24 60
24 90
24 93
24 95
24 103
24 115
24 117
24 128
24 132
24 142
24 144
24 147
24 150
24 164
24 175
24 176
24 177
24 180
25 27
25 29
25 30
25 34
25 35
25 40
25 41
25 49
25 51
25 68
25 74
25 82
25 87
25 111
25 144
25 151
25 158
25 165
25 182
25 186
25 191
26 27
26 28
26 34
26 37
26 39
26 43
26 45
26 55
26 57
26 65
26 72
26 73
26 101
26 122
26 137
26 147
26 158
26 169
26 176
26 181
26 188
26 192
26 194
26 198
27 30
27 31
27 32
27 35
27 37
27 41
27 47
27 50
27 51
27 53
27 59
27 60
27 62
27 64
27 65
27 70
27 83
27 90
27 93
27 94
27 95
27 99
27 100
27 123
27 129
27 139
27 140
27 145
27 150
27 152
27 157
27 169
27 183
27 195
27 197
27 198
27 199
28 29
28 31
28 35
28 37
28 40
28 41
28 42
28 45
28 58
28 59
28 62
28 68
28 76
28 80
28 83
28 95
28 101
28 103
28 110
28 113
28 139
28 140
28 146
28 151
28 157
28 159
28 160
28 173
28 183
28 186
29 36
29 37
29 39
29 46
29 48
29 50
29 65
29 66
29 68
29 69
29 75
29 83
29 90
29 92
29 93
29 95
29 97
29 115
29 123
29 124
29 151
29 174
30 31
30 32
30 36
30 39
30 42
30 55
30 60
30 63
30 73
30 74
30 83
30 86
30 97
30 103
30 112
30 118
30 119
30 123
30 125
30 127
30 135
30 174
30 187
30 189
31 35
31 43
31 48
31 51
31 52
31 56
31 59
31 63
31 64
31 77
31 86
31 92
31 99
31 109
31 114
31 121
31 133
31 142
31 148
31 152
31 155
31 158
31 172
31 187
31 196
32 33
32 36
32 54
32 56
32 58
32 62
32 63
32 67
32 75
32 78
32 79
32 80
32 81
32 85
32 87
32 91
32 110
32 121
32 130
32 150
32 183
32 189
33 34
33 36
33 44
33 52
33 62
33 63
33 66
33 96
33 98
33 114
33 116
33 120
33 124
33 130
33 141
33 154
33 157
33 173
33 197
34 35
34 42
34 46
34 52
34 65
34 81
34 97
34 100
34 108
34 113
34 125
34 128
34 133
34 137
34 158
34 161
34 163
34 191
35 45
35 46
35 56
35 57
35 59
35 71
35 79
35 88
35 91
35 92
35 102
35 120
35 134
35 139
35 147
35 157
35 197
36 39
36 40
36 47
36 48
36 56
36 58
36 65
36 66
36 71
36 73
36 75
36 77
36 78
36 84
36 95
36 102
36 106
36 124
36 125
36 127
36 132
36 143
36 147
36 149
36 159
36 176
36 195
37 41
37 47
37 53
37 64
37 69
37 85
37 102
37 110
37 122
37 154
37 181
37 182
38 40
38 41
38 42
38 44
38 58
38 74
38 75
38 76
38 86
38 103
38 104
38 138
38 162
38 170
38 172
39 40
39 41
39 43
39 61
39 63
39 68
39 87
39 94
39 135
39 145
39 153
39 158
39 161
39 164
39 169
39 171
40 44
40 47
40 49
40 51
40 52
40 54
40 70
40 73
40 74
40 76
40 78
40 81
40 82
40 87
40 88
40 100
40 101
40 105
40 106
40 108
40 110
40 121
40 126
40 129
40 131
40 132
40 165
40 182
40 183
40 197
41 46
41 76
41 100
41 116
41 151
41 170
41 174
41 184
42 46
42 48
42 49
42 51
42 53
42 57
42 77
42 78
42 81
42 86
42 91
42 110
42 126
42 132
42 147
42 149
42 156
42 162
42 183
43 49
43 63
43 74
43 94
43 107
43 115
43 136
43 137
43 168
43 170
43 171
43 176
43 196
44 56
44 57
44 80
44 81
44 101
44 118
44 136
44 143
44 155
44 169
44 185
45 48
45 61
45 65
45 67
45 97
45 109
45 125
45 127
45 131
45 145
45 177
46 54
46 70
46 71
46 72
46 84
46 106
46 114
46 116
46 125
46 138
46 144
46 145
46 161
46 172
46 184
46 186
47 58
47 75
47 105
47 107
47 117
47 130
47 140
47 143
47 160
47 185
47 192
48 50
48 53
48 54
48 55
48 63
48 65
48 67
48 70
48 72
48 79
48 83
48 100
48 111
48 117
48 122
48 123
48 131
48 134
48 155
48 160
48 178
48 181
49 50
49 64
49 66
49 69
49 71
49 73
49 85
49 112
49 120
49 134
49 135
49 138
49 141
49 153
49 155
49 167
49 182
49 183
49 184
49 187
50 60
50 73
50 84
50 88
50 98
50 103
50 115
50 138
50 161
50 173
50 174
51 101
51 117
51 120
51 141
51 163
51 185
51 186
51 190
52 61
52 75
52 82
52 90
52 95
52 109
52 171
53 61
53 89
53 106
53 117
53 125
53 137
53 141
53 151
53 153
53 163
53 167
54 67
54 72
54 79
54 82
54 89
54 107
54 108
54 142
54 185
55 69
55 82
55 149
55 192
55 196
55 197
55 199
56 74
56 106
56 117
56 126
56 127
56 129
56 143
56 145
56 146
56 148
56 184
56 191
56 193
56 195
57 67
57 96
57 123
57 131
57 137
57 138
57 152
57 163
57 195
58 61
58 80
58 85
58 88
58 92
58 98
58 109
58 140
58 157
58 198
59 61
59 66
59 67
59 80
59 82
59 85
59 86
59 109
59 116
59 135
59 137
59 160
59 177
59 187
60 71
60 94
60 112
60 124
60 135
60 142
60 144
60 152
60 194
61 104
61 105
61 107
61 112
61 124
61 128
61 141
61 150
61 162
61 165
61 171
61 183
61 189
62 64
62 68
62 75
62 93
62 107
62 121
62 166
62 186
62 196
63 93
63 108
63 110
63 127
63 134
63 175
63 197
64 73
64 77
64 99
64 109
64 111
64 145
64 148
64 168
64 182
64 189
65 71
65 96
65 108
65 112
65 115
65 143
65 154
66 104
66 118
66 119
66 123
66 126
66 181
66 185
67 89
67 90
67 93
67 119
68 72
68 110
68 123
68 140
68 145
68 153
68 156
68 157
69 86
69 87
69 89
69 90
69 97
69 98
69 132
69 144
69 158
69 163
69 191
69 195
70 78
70 80
70 82
70 91
70 95
70 136
71 72
71 78
71 95
71 104
71 110
71 119
71 159
72 95
72 98
72 101
72 102
72 114
72 128
72 154
72 164
73 74
73 78
73 82
73 84
73 105
73 118
73 125
73 133
73 140
73 150
73 164
73 174
74 88
74 102
74 103
74 132
74 142
74 156
75 92
75 99
75 101
75 164
76 78
76 92
76 104
76 149
76 167
76 193
77 87
77 98
77 105
77 110
77 129
77 132
77 149
77 179
77 184
77 190
78 91
78 197
79 128
79 138
79 169
79 190
80 87
80 94
81 89
81 94
81 100
81 114
81 133
81 138
81 155
81 186
82 111
82 121
82 129
82 143
82 148
82 161
83 90
83 92
83 134
83 152
83 176
83 180
83 189
85 91
85 97
85 99
85 117
85 127
85 167
86 87
86 90
86 122
86 132
86 138
86 142
86 144
86 191
87 92
87 123
87 140
87 158
87 169
87 170
87 177
89 102
89 104
89 132
89 149
89 189
90 111
90 136
90 146
91 96
91 105
91 116
91 154
91 156
91 166
91 186
91 189
92 113
92 131
92 158
92 165
92 197
93 96
93 100
93 108
93 113
93 115
93 120
93 130
93 136
93 139
93 154
93 158
93 195
93 198
94 102
94 108
94 122
94 128
94 137
95 107
95 109
95 111
95 124
95 128
95 135
95 177
96 119
96 176
97 121
97 139
97 182
97 183
98 101
98 109
98 127
99 115
99 150
99 175
100 120
100 143
100 148
100 169
100 184
100 191
101 114
101 153
101 163
101 166
102 154
102 166
103 131
103 133
103 146
104 124
104 128
104 162
104 199
105 113
105 117
105 170
105 171
107 143
107 145
107 148
107 150
107 183
108 115
108 122
108 127
108 138
108 139
108 147
108 171
109 122
109 141
109 165
110 130
110 133
110 145
110 199
111 120
111 126
111 142
111 189
111 190
113 146
113 154
113 168
114 115
114 123
114 130
114 169
115 143
115 144
115 159
115 168
115 173
116 122
116 167
116 179
116 194
117 124
117 151
117 162
117 175
117 178
117 179
117 182
117 185
117 199
118 152
118 157
119 178
119 198
120 127
120 136
120 156
120 163
120 167
120 196
121 169
122 194
123 136
123 172
123 193
124 174
125 146
125 151
126 129
127 153
127 166
128 135
128 170
128 179
128 181
129 146
130 146
130 148
131 175
131 180
132 148
132 166
132 181
133 135
133 150
134 179
135 165
136 155
136 184
137 157
137 165
138 182
138 194
139 142
141 166
141 170
141 194
142 149
142 155
142 162
143 153
143 160
143 170
143 191
144 156
144 170
144 172
144 193
146 156
146 162
146 168
146 193
148 149
148 153
148 173
148 178
149 174
152 178
152 193
153 156
153 167
153 173
153 192
154 180
155 180
157 163
157 182
158 160
158 172
158 187
158 196
159 196
160 161
160 171
161 191
163 180
163 181
163 187
163 198
164 185
164 190
166 173
166 188
166 194
167 171
168 173
170 178
171 177
177 187
180 188
180 193
185 187
186 189
187 193
189 190
194 198
195 196
