0 1
0 2
0 3
0 4
0 5
0 6
0 7
0 8
0 9
0 10
0 11
0 12
0 13
0 14
0 15
0 16
0 17
0 18
0 19
0 20
0 21
0 22
0 23
0 24
0 25
0 27
0 28
0 29
0 30
0 34
0 35
0 36
0 37
0 38
0 39
0 42
0 43
0 45
0 47
0 50
0 53
0 56
0 57
0 58
0 61
0 62
0 67
0 71
0 75
0 80
0 81
0 82
0 83
0 85
0 86
0 89
0 90
0 91
0 96
0 97
0 98
0 101
0 104
0 105
0 106
0 107
0 108
0 109
0 123
0 128
0 136
0 144
0 145
0 148
0 158
0 162
0 166
0 173
0 180
0 182
0 184
0 185
0 188
0 191
0 192
0 195
0 196
0 197
1 16
1 17
1 18
1 19
1 20
1 21
1 25
1 26
1 27
1 32
1 35
1 37
1 39
1 41
1 46
1 47
1 51
1 55
1 63
1 72
1 76
1 87
1 89
1 103
1 108
1 113
1 118
1 120
1 133
1 147
1 149
1 160
1 174
1 175
1 182
1 191
1 196
2 16
2 17
2 18
2 21
2 22
2 26
2 29
2 30
2 33
2 44
2 51
2 66
2 69
2 77
2 82
2 83
2 97
2 99
2 103
2 113
2 119
2 140
2 172
2 184
3 16
3 17
3 19
3 21
3 22
3 23
3 24
3 41
3 52
3 58
3 59
3 71
3 103
3 126
3 141
3 165
4 16
4 17
4 18
4 19
4 20
4 21
4 22
4 23
4 24
4 26
4 28
4 29
4 36
4 41
4 42
4 55
4 59
4 71
4 76
4 87
4 93
4 94
4 97
4 102
4 114
4 118
4 121
4 127
4 132
4 143
4 144
4 151
4 153
4 178
4 180
4 186
4 189
5 16
5 24
5 28
5 30
5 34
5 38
5 41
5 58
5 65
5 70
5 84
5 90
5 91
5 115
5 126
5 143
5 164
5 168
5 169
5 174
5 195
6 16
6 17
6 18
6 20
6 21
6 22
6 25
6 27
6 33
6 42
6 48
6 49
6 61
6 64
6 65
6 68
6 79
6 103
6 114
6 132
6 160
6 186
7 16
7 18
7 19
7 20
7 22
7 23
7 24
7 25
7 27
7 30
7 31
7 32
7 35
7 42
7 44
7 67
7 75
7 81
7 83
7 86
7 90
7 92
7 101
7 107
7 110
7 124
7 135
7 143
7 151
7 153
7 169
7 173
7 183
7 185
7 188
7 196
7 197
8 17
8 18
8 21
8 38
8 42
8 47
8 48
8 49
8 65
8 102
8 112
8 114
8 120
8 134
8 143
8 146
8 150
8 171
8 186
8 198
9 16
9 17
9 19
9 20
9 21
9 23
9 24
9 25
9 27
9 28
9 30
9 32
9 41
9 42
9 44
9 50
9 53
9 54
9 55
9 58
9 60
9 61
9 62
9 64
9 67
9 73
9 79
9 80
9 85
9 91
9 105
9 111
9 129
9 150
9 160
9 165
9 171
9 178
10 16
10 17
10 18
10 19
10 20
10 26
10 28
10 35
10 36
10 37
10 45
10 50
10 61
10 64
10 89
10 98
10 106
10 109
10 116
10 134
10 138
10 161
10 165
10 171
10 175
10 189
10 191
11 16
11 17
11 18
11 19
11 20
11 21
11 22
11 23
11 25
11 27
11 28
11 29
11 31
11 32
11 33
11 34
11 36
11 37
11 39
11 40
11 43
11 46
11 47
11 53
11 59
11 70
11 77
11 78
11 79
11 80
11 87
11 88
11 94
11 112
11 113
11 118
11 119
11 125
11 135
11 138
11 144
11 157
11 160
11 194
11 197
12 16
12 17
12 18
12 19
12 20
12 21
12 22
12 23
12 24
12 31
12 32
12 36
12 44
12 47
12 66
12 82
12 91
12 100
12 116
12 125
12 142
12 147
12 156
13 16
13 17
13 18
13 19
13 20
13 22
13 24
13 25
13 26
13 27
13 28
13 29
13 30
13 31
13 32
13 33
13 36
13 39
13 44
13 59
13 61
13 73
13 76
13 77
13 82
13 85
13 86
13 88
13 97
13 100
13 106
13 107
13 113
13 115
13 118
13 125
13 135
13 141
13 150
13 155
13 172
13 176
13 181
13 183
13 193
14 16
14 17
14 18
14 19
14 20
14 24
14 46
14 47
14 52
14 57
14 63
14 71
14 79
14 81
14 110
14 128
14 132
14 145
14 167
14 173
14 175
15 16
15 17
15 18
15 19
15 23
15 24
15 25
15 26
15 28
15 30
15 32
15 34
15 35
15 42
15 48
15 62
15 66
15 90
15 102
15 122
15 125
15 137
15 164
15 177
15 188
15 190
16 17
16 18
16 19
16 20
16 21
16 22
16 23
16 24
16 25
16 26
16 27
16 29
16 30
16 31
16 32
16 33
16 34
16 35
16 38
16 40
16 43
16 47
16 48
16 49
16 51
16 53
16 55
16 56
16 57
16 60
16 62
16 64
16 65
16 66
16 68
16 69
16 76
16 78
16 79
16 80
16 81
16 82
16 86
16 87
16 88
16 89
16 91
16 93
16 97
16 107
16 109
16 112
16 114
16 116
16 124
16 126
16 130
16 131
16 132
16 140
16 141
16 142
16 143
16 148
16 150
16 151
16 154
16 159
16 160
16 161
16 165
16 169
16 170
16 175
16 179
16 181
16 183
16 188
16 196
16 197
16 199
17 18
17 19
17 20
17 21
17 22
17 23
17 24
17 25
17 26
17 27
17 28
17 29
17 33
17 34
17 37
17 43
17 45
17 46
17 48
17 52
17 56
17 57
17 60
17 66
17 69
17 70
17 78
17 88
17 97
17 98
17 99
17 100
17 101
17 102
17 104
17 107
17 112
17 120
17 129
17 134
17 135
17 136
17 142
17 143
17 145
17 165
17 167
17 172
17 175
17 183
17 190
17 193
18 19
18 20
18 21
18 22
18 23
18 24
18 25
18 26
18 28
18 29
18 30
18 32
18 33
18 36
18 37
18 38
18 39
18 41
18 42
18 43
18 45
18 46
18 48
18 49
18 52
18 53
18 54
18 55
18 56
18 57
18 58
18 59
18 60
18 61
18 66
18 68
18 69
18 70
18 71
18 72
18 74
18 75
18 76
18 77
18 79
18 82
18 83
18 84
18 86
18 87
18 90
18 95
18 100
18 102
18 103
18 108
18 110
18 111
18 115
18 117
18 124
18 125
18 130
18 132
18 133
18 138
18 139
18 142
18 151
18 164
18 167
18 168
18 179
18 184
18 187
19 20
19 21
19 22
19 23
19 26
19 27
19 28
19 29
19 31
19 32
19 34
19 35
19 36
19 38
19 39
19 40
19 44
19 45
19 46
19 51
19 55
19 56
19 58
19 59
19 63
19 74
19 77
19 79
19 80
19 82
19 83
19 84
19 86
19 87
19 92
19 93
19 94
19 96
19 97
19 100
19 104
19 115
19 117
19 118
19 122
19 124
19 127
19 138
19 145
19 170
19 171
19 184
19 186
19 193
20 21
20 22
20 23
20 24
20 25
20 26
20 27
20 31
20 33
20 35
20 37
20 38
20 39
20 41
20 44
20 45
20 47
20 48
20 54
20 57
20 61
20 62
20 64
20 68
20 69
20 72
20 75
20 77
20 78
20 80
20 81
20 82
20 86
20 87
20 88
20 89
20 92
20 102
20 103
20 104
20 107
20 110
20 111
20 113
20 116
20 118
20 121
20 127
20 129
20 130
20 134
20 139
20 141
20 145
20 163
20 166
20 176
20 179
20 181
20 183
20 186
20 191
20 196
20 198
21 22
21 23
21 24
21 26
21 27
21 28
21 29
21 30
21 31
21 33
21 35
21 36
21 38
21 39
21 40
21 42
21 44
21 45
21 46
21 48
21 49
21 52
21 54
21 55
21 57
21 58
21 59
21 61
21 64
21 69
21 72
21 75
21 76
21 77
21 82
21 83
21 89
21 92
21 94
21 98
21 99
21 106
21 108
21 112
21 118
21 121
21 134
21 155
21 158
21 159
21 162
21 163
21 168
21 169
21 173
21 179
21 196
21 198
22 23
22 25
22 26
22 27
22 31
22 33
22 34
22 35
22 37
22 40
22 42
22 45
22 48
22 49
22 51
22 52
22 53
22 54
22 63
22 65
22 70
22 76
22 78
22 81
22 85
22 89
22 93
22 97
22 104
22 112
22 126
22 132
22 146
22 156
22 162
22 167
22 179
22 195
23 25
23 29
23 30
23 31
23 32
23 33
23 37
23 40
23 41
23 43
23 45
23 47
23 49
23 50
23 51
23 52
23 53
23 54
23 55
23 58
23 61
23 64
23 65
23 67
23 68
23 75
23 76
23 77
23 78
23 81
23 85
23 86
23 89
23 90
23 91
23 93
23 100
23 103
23 105
23 106
23 113
23 115
23 122
23 126
23 130
23 131
23 135
23 139
23 140
23 141
23 142
23 151
23 159
23 174
23 182
23 184
23 188
23 193
24 25
24 26
24 27
24 28
24 29
24 30
24 31
24 33
24 34
24 37
24 39
24 42
24 47
24 50
24 52
24 56
24 59
24 60
24 65
24 66
24 71
24 73
24 97
24 106
24 111
24 118
24 122
24 123
24 126
24 127
24 131
24 133
24 136
24 137
24 145
24 148
24 151
24 153
24 159
24 161
24 168
24 170
24 179
24 183
24 184
25 26
25 27
25 28
25 29
25 30
25 35
25 39
25 40
25 41
25 43
25 45
25 49
25 50
25 51
25 52
25 53
25 54
25 55
25 57
25 60
25 61
25 64
25 65
25 67
25 68
25 69
25 71
25 74
25 75
25 80
25 88
25 89
25 90
25 92
25 93
25 96
25 98
25 100
25 101
25 103
25 105
25 114
25 121
25 129
25 130
25 133
25 137
25 140
25 154
25 155
25 156
25 159
25 160
25 166
25 168
25 172
25 176
25 177
25 179
25 185
25 188
25 192
25 195
25 197
25 198
26 29
26 30
26 31
26 33
26 36
26 38
26 40
26 43
26 50
26 58
26 67
26 70
26 75
26 79
26 83
26 85
26 86
26 94
26 100
26 105
26 106
26 109
26 111
26 115
26 118
26 124
26 125
26 146
26 152
26 154
26 156
26 168
26 172
26 179
26 180
26 189
27 28
27 29
27 32
27 34
27 35
27 37
27 38
27 39
27 40
27 41
27 43
27 46
27 49
27 50
27 53
27 55
27 64
27 73
27 75
27 82
27 83
27 85
27 88
27 95
27 96
27 98
27 101
27 107
27 108
27 110
27 111
27 112
27 120
27 129
27 132
27 135
27 138
27 139
27 142
27 147
27 148
27 153
27 154
27 162
27 166
27 174
27 175
27 181
27 189
27 193
27 194
27 195
27 199
28 31
28 32
28 33
28 34
28 36
28 38
28 40
28 47
28 60
28 61
28 70
28 73
28 74
28 78
28 81
28 113
28 121
28 124
28 131
28 136
28 154
28 160
28 161
28 174
28 177
28 185
28 198
29 30
29 31
29 32
29 33
29 34
29 35
29 39
29 44
29 46
29 47
29 57
29 62
29 64
29 65
29 74
29 80
29 95
29 98
29 108
29 109
29 110
29 114
29 122
29 125
29 133
29 140
29 144
29 150
29 170
29 180
29 181
29 185
29 197
30 31
30 34
30 35
30 36
30 37
30 40
30 41
30 43
30 44
30 46
30 52
30 53
30 58
30 59
30 60
30 65
30 66
30 67
30 68
30 69
30 71
30 74
30 77
30 80
30 84
30 92
30 95
30 97
30 102
30 103
30 104
30 105
30 107
30 108
30 109
30 119
30 120
30 125
30 134
30 158
30 161
30 164
30 165
30 167
30 168
30 193
30 196
31 32
31 34
31 39
31 43
31 46
31 50
31 52
31 55
31 56
31 57
31 58
31 63
31 64
31 66
31 67
31 69
31 70
31 71
31 72
31 76
31 79
31 82
31 87
31 88
31 92
31 95
31 96
31 98
31 99
31 109
31 115
31 117
31 119
31 122
31 133
31 148
31 149
31 152
31 153
31 159
31 163
31 164
31 169
31 172
31 174
31 193
31 196
32 36
32 37
32 38
32 40
32 43
32 45
32 49
32 51
32 56
32 57
32 59
32 60
32 63
32 66
32 70
32 71
32 72
32 85
32 88
32 90
32 91
32 92
32 93
32 94
32 101
32 107
32 116
32 118
32 120
32 122
32 131
32 133
32 147
32 157
32 163
32 169
32 172
32 177
32 179
32 180
32 181
32 189
32 194
32 195
33 34
33 35
33 36
33 37
33 38
33 40
33 44
33 49
33 50
33 56
33 59
33 61
33 63
33 64
33 68
33 72
33 78
33 87
33 96
33 99
33 104
33 120
33 123
33 128
33 133
33 139
33 154
33 160
33 162
33 166
33 167
33 175
33 187
33 189
33 199
34 36
34 38
34 42
34 45
34 46
34 54
34 65
34 71
34 73
34 82
34 83
34 84
34 88
34 90
34 94
34 98
34 104
34 106
34 109
34 114
34 121
34 122
34 123
34 126
34 127
34 129
34 130
34 139
34 146
34 158
34 162
34 163
34 168
34 183
34 187
34 192
34 194
34 196
34 198
35 40
35 42
35 43
35 44
35 48
35 49
35 50
35 51
35 53
35 69
35 70
35 81
35 83
35 85
35 87
35 90
35 91
35 93
35 102
35 105
35 106
35 107
35 113
35 116
35 119
35 140
35 142
35 146
35 149
35 155
35 158
35 159
35 188
36 37
36 38
36 39
36 41
36 45
36 46
36 48
36 52
36 55
36 57
36 60
36 63
36 64
36 68
36 72
36 73
36 78
36 84
36 104
36 108
36 112
36 139
36 142
36 144
36 148
36 158
36 160
36 165
36 179
36 180
36 186
36 195
37 39
37 40
37 41
37 43
37 47
37 48
37 51
37 52
37 53
37 60
37 61
37 65
37 84
37 85
37 100
37 102
37 109
37 128
37 134
37 142
37 143
37 145
37 152
37 153
37 170
37 175
37 176
37 177
37 191
38 41
38 44
38 52
38 54
38 57
38 70
38 89
38 101
38 123
38 127
38 138
38 147
38 160
38 161
38 177
38 198
39 41
39 42
39 44
39 48
39 49
39 57
39 60
39 62
39 63
39 67
39 76
39 78
39 94
39 95
39 97
39 112
39 113
39 117
39 121
39 125
39 130
39 146
39 149
39 165
39 178
39 179
39 185
39 190
39 195
40 44
40 45
40 46
40 47
40 51
40 53
40 54
40 56
40 58
40 62
40 68
40 75
40 81
40 86
40 87
40 91
40 95
40 96
40 100
40 106
40 115
40 137
40 139
40 140
40 144
40 147
40 150
40 153
40 168
40 169
40 173
40 174
40 176
40 189
40 199
41 42
41 43
41 45
41 47
41 54
41 59
41 62
41 63
41 67
41 77
41 79
41 80
41 95
41 99
41 101
41 104
41 105
41 108
41 114
41 119
41 121
41 123
41 124
41 125
41 141
41 145
41 149
41 155
41 163
41 168
41 171
41 184
41 194
41 199
42 48
42 49
42 50
42 54
42 55
42 56
42 57
42 59
42 62
42 66
42 67
42 69
42 73
42 74
42 75
42 80
42 87
42 92
42 95
42 102
42 105
42 126
42 133
42 162
42 174
42 187
43 46
43 50
43 62
43 63
43 65
43 90
43 103
43 105
43 108
43 111
43 117
43 120
43 156
43 165
43 169
43 177
43 180
43 192
43 198
44 48
44 61
44 62
44 68
44 89
44 119
44 124
44 131
44 132
44 138
44 141
44 153
44 171
44 175
44 183
44 187
45 71
45 72
45 73
45 74
45 75
45 94
45 96
45 124
45 128
45 131
45 137
45 144
45 149
45 161
45 167
45 184
46 51
46 53
46 54
46 55
46 58
46 62
46 64
46 73
46 76
46 81
46 91
46 94
46 101
46 109
46 110
46 132
46 155
46 157
46 198
47 49
47 50
47 53
47 55
47 56
47 58
47 70
47 85
47 105
47 111
47 118
47 140
47 147
47 153
47 154
47 155
47 157
47 166
47 168
47 199
48 50
48 51
48 52
48 54
48 56
48 60
48 65
48 67
48 70
48 77
48 92
48 93
48 94
48 114
48 116
48 117
48 125
48 130
48 131
48 142
48 148
48 157
48 159
48 166
48 167
48 169
48 170
48 176
48 182
48 188
49 51
49 58
49 108
49 125
49 132
49 133
49 150
49 159
49 162
49 165
49 172
49 190
49 194
49 195
50 51
50 59
50 63
50 66
50 68
50 70
50 79
50 88
50 89
50 92
50 93
50 96
50 107
50 111
50 116
50 119
50 127
50 137
50 138
50 141
50 148
50 157
50 175
51 56
51 59
51 75
51 96
51 103
51 115
51 120
51 121
51 132
51 136
51 146
51 147
51 148
51 154
51 159
51 174
51 176
51 177
51 183
51 187
51 192
52 56
52 69
52 79
52 82
52 84
52 88
52 105
52 106
52 113
52 116
52 120
52 136
52 142
52 157
52 192
53 54
53 63
53 71
53 74
53 96
53 97
53 104
53 105
53 109
53 119
53 147
53 152
53 167
53 197
54 77
54 86
54 87
54 133
54 135
54 163
54 188
54 197
55 64
55 66
55 78
55 81
55 83
55 88
55 91
55 93
55 99
55 106
55 111
55 114
55 127
55 161
55 171
55 173
55 184
55 194
56 60
56 62
56 67
56 76
56 78
56 82
56 84
56 89
56 119
56 144
56 156
57 62
57 63
57 69
57 73
57 76
57 85
57 95
57 96
57 98
57 112
57 114
57 115
57 124
57 131
57 137
58 60
58 67
58 72
58 73
58 74
58 81
58 99
58 100
58 101
58 102
58 109
58 116
58 128
58 147
58 178
58 181
58 182
58 192
59 71
59 78
59 89
59 101
59 115
59 130
59 137
59 138
59 139
59 149
59 150
59 161
59 163
59 164
59 168
59 178
59 188
59 190
60 61
60 68
60 70
60 76
60 110
60 121
60 125
60 126
60 176
60 187
60 190
60 192
60 194
61 66
61 68
61 74
61 79
61 80
61 87
61 91
61 95
61 103
61 104
61 106
61 111
61 113
61 114
61 115
61 119
61 122
61 123
61 144
61 152
61 156
61 162
61 167
61 183
61 187
61 199
62 63
62 72
62 73
62 77
62 79
62 86
62 92
62 102
62 107
62 110
62 120
62 132
62 141
62 146
62 173
62 184
62 188
62 190
62 193
62 195
63 65
63 66
63 69
63 72
63 73
63 75
63 84
63 92
63 93
63 98
63 101
63 123
63 126
63 128
63 135
63 136
63 145
63 185
63 188
63 198
64 69
64 72
64 74
64 75
64 79
64 80
64 84
64 85
64 94
64 100
64 109
64 113
64 122
64 128
64 134
64 135
64 139
64 158
64 183
64 186
64 195
65 67
65 72
65 85
65 94
65 95
65 98
65 99
65 101
65 113
65 117
65 126
65 129
65 131
65 133
65 143
65 147
65 165
65 169
65 171
65 183
65 196
66 68
66 78
66 84
66 90
66 99
66 115
66 118
66 124
66 127
66 132
66 138
66 143
66 178
66 189
67 72
67 77
67 83
67 102
67 107
67 128
67 151
67 178
68 77
68 94
68 136
68 148
68 151
68 158
68 166
68 197
69 73
69 74
69 76
69 80
69 81
69 83
69 86
69 105
69 115
69 122
69 126
69 145
69 149
69 151
69 153
69 185
70 71
70 83
70 87
70 90
70 103
70 106
70 108
70 112
70 114
70 117
70 118
70 130
70 134
70 163
70 181
70 196
70 199
71 84
71 88
71 92
71 96
71 110
71 112
71 138
71 139
71 161
71 186
71 191
71 194
72 74
72 81
72 112
72 119
72 123
72 130
72 154
72 173
72 184
72 194
73 74
73 78
73 83
73 85
73 91
73 97
73 99
73 108
73 113
73 124
73 126
73 134
73 154
73 159
73 164
73 166
73 182
73 191
73 194
74 88
74 90
74 99
74 103
74 104
74 117
74 124
74 126
74 127
74 134
74 136
74 140
74 141
74 143
74 146
74 147
74 185
75 86
75 93
75 100
75 118
75 123
75 127
75 140
75 144
75 145
75 150
75 152
75 157
75 158
75 168
75 170
75 180
75 195
76 80
76 96
76 100
76 107
76 110
76 114
76 127
76 134
76 155
76 166
76 168
76 184
76 188
76 191
76 192
77 89
77 106
77 111
77 112
77 116
77 117
77 120
77 137
77 144
77 160
77 163
77 166
77 172
77 173
77 179
77 183
77 195
78 95
78 119
78 121
79 100
79 104
79 110
79 129
79 143
79 145
79 191
79 199
80 82
80 84
80 93
80 94
80 98
80 99
80 116
80 119
80 120
80 128
80 153
80 199
81 86
81 91
81 96
81 129
81 139
81 180
81 181
81 187
81 189
82 84
82 91
82 154
82 155
82 180
82 195
83 108
83 121
83 123
83 143
83 149
83 174
84 92
84 109
84 110
84 122
84 131
84 132
84 136
84 141
84 151
84 156
84 182
84 185
85 98
85 102
85 110
85 117
85 127
85 143
85 144
85 156
85 165
85 186
86 98
86 102
86 109
86 174
86 199
87 93
87 95
87 113
87 121
87 129
87 130
87 140
87 163
88 90
88 103
88 110
88 111
88 127
88 142
88 154
88 159
88 161
88 164
88 192
89 108
89 141
89 146
89 153
89 160
89 171
89 181
89 197
90 95
90 101
90 121
90 124
90 138
90 164
90 167
90 179
90 190
90 192
91 97
91 112
91 158
91 178
92 117
92 128
92 136
92 148
92 173
92 176
92 177
92 178
93 123
93 131
93 138
93 166
93 189
94 97
94 137
94 144
94 154
94 171
94 191
95 99
95 111
95 129
95 131
95 133
95 157
95 163
95 165
95 169
95 179
95 187
96 101
96 134
96 137
96 174
97 135
97 145
97 157
97 182
97 189
97 191
98 99
98 128
98 130
98 135
98 141
98 142
98 148
98 160
98 168
98 181
99 111
99 136
99 141
99 164
99 172
99 173
100 117
100 140
100 147
100 148
100 184
101 149
101 154
101 159
101 171
101 185
102 104
102 105
102 119
102 122
102 123
102 130
102 155
102 170
102 197
103 121
103 149
103 160
103 181
104 129
104 147
104 173
105 122
105 125
105 129
105 134
105 150
105 152
105 159
105 180
105 184
105 190
105 191
105 196
106 107
106 134
106 135
106 157
107 120
107 137
107 146
107 156
108 116
108 139
109 128
109 137
109 142
109 144
109 152
109 162
110 115
110 152
110 158
110 174
111 114
111 116
111 117
111 120
111 123
111 125
111 133
111 136
111 140
111 151
111 152
111 165
111 180
111 191
111 197
112 116
112 118
112 133
112 157
112 163
112 177
113 126
113 150
113 158
113 161
113 163
113 166
113 170
113 176
113 181
114 117
114 127
114 128
114 129
114 130
114 139
114 141
114 145
114 170
114 176
114 189
114 198
115 140
115 146
115 150
115 167
115 171
115 175
115 182
116 122
116 131
116 151
116 152
116 155
116 167
116 172
116 182
116 187
117 124
117 162
118 129
118 138
118 149
118 195
118 199
119 132
119 140
119 153
119 161
119 170
120 123
120 146
120 149
120 156
120 161
120 162
120 172
120 173
120 174
120 179
120 189
120 199
121 131
121 150
121 154
121 155
121 172
121 175
121 180
121 193
122 144
122 156
122 166
122 170
122 182
122 186
122 190
123 135
124 136
124 185
124 194
124 198
125 162
125 189
125 193
126 128
126 162
126 175
126 176
126 178
126 190
126 192
127 158
127 164
127 171
127 182
128 159
128 173
128 187
129 136
129 137
129 143
129 170
130 152
130 160
131 135
131 146
131 172
131 188
132 147
132 155
132 165
133 135
133 183
134 139
134 156
134 164
134 178
134 186
134 193
135 137
135 150
135 152
135 172
136 185
136 198
137 138
137 155
137 169
137 177
137 185
137 199
138 177
138 184
138 186
138 188
138 197
139 151
139 162
139 193
140 169
140 178
141 142
141 157
142 143
142 146
142 161
142 182
143 167
143 176
144 145
144 149
144 151
144 199
145 148
145 149
145 171
145 181
145 194
146 148
147 151
147 153
147 174
148 178
149 150
149 152
150 152
150 153
150 156
150 167
150 177
150 198
151 171
152 158
152 177
152 183
153 180
153 189
154 155
154 156
154 157
154 158
154 182
155 157
156 175
156 190
157 166
158 170
158 178
158 181
159 163
159 164
159 169
160 164
160 177
161 173
162 185
162 194
163 164
163 169
163 186
164 170
164 176
166 176
166 186
166 191
166 196
166 197
167 178
167 196
167 197
168 192
169 198
170 190
170 193
171 175
172 186
172 191
173 180
173 187
174 193
178 182
178 190
178 192
180 187
181 194
182 193
183 192
185 187
186 190
187 196
