0 1
0 2
0 3
0 4
0 5
0 6
0 7
0 8
0 9
0 10
0 11
0 12
0 13
0 14
0 15
0 17
0 18
0 20
0 30
0 32
0 33
0 36
0 38
0 42
0 43
0 46
0 49
0 51
0 55
0 56
0 60
0 61
0 67
0 72
0 75
0 77
0 86
0 88
0 91
0 94
0 96
0 98
0 100
0 104
0 114
0 117
0 120
0 128
0 133
0 136
0 144
0 160
0 161
0 168
0 182
0 185
0 195
0 197
1 11
1 13
1 15
1 16
1 18
1 20
1 21
1 22
1 24
1 29
1 31
1 34
1 36
1 45
1 46
1 48
1 59
1 63
1 68
1 70
1 96
1 100
1 102
1 103
1 106
1 117
1 132
1 134
1 146
1 159
2 11
2 12
2 19
2 25
2 26
2 42
2 48
2 52
2 60
2 61
2 74
2 77
2 102
2 110
2 121
2 137
2 179
2 188
3 11
3 12
3 14
3 16
3 17
3 23
3 38
3 47
3 53
3 65
3 69
3 76
3 80
3 89
3 98
3 115
3 132
3 135
3 164
3 170
3 176
3 177
3 193
4 11
4 12
4 13
4 14
4 15
4 16
4 19
4 21
4 22
4 24
4 32
4 33
4 43
4 49
4 55
4 56
4 70
4 71
4 77
4 84
4 89
4 113
4 114
4 138
4 139
4 192
5 12
5 13
5 14
5 16
5 17
5 28
5 34
5 57
5 85
5 141
5 158
5 165
5 184
5 193
5 194
5 197
6 11
6 12
6 13
6 14
6 16
6 17
6 18
6 20
6 21
6 22
6 23
6 24
6 25
6 29
6 30
6 31
6 32
6 34
6 38
6 39
6 42
6 54
6 57
6 64
6 65
6 67
6 81
6 82
6 99
6 103
6 104
6 105
6 107
6 117
6 120
6 142
6 145
6 147
6 151
6 152
6 166
6 174
6 175
6 184
6 185
6 186
6 190
6 193
7 11
7 12
7 14
7 23
7 26
7 27
7 28
7 37
7 42
7 48
7 50
7 68
7 70
7 74
7 75
7 78
7 79
7 94
7 97
7 120
7 125
7 126
7 128
7 165
7 166
7 177
7 185
7 190
7 195
8 11
8 12
8 13
8 14
8 15
8 17
8 19
8 25
8 26
8 31
8 36
8 39
8 51
8 53
8 55
8 74
8 75
8 76
8 77
8 101
8 104
8 122
8 153
9 11
9 12
9 13
9 15
9 16
9 20
9 24
9 26
9 30
9 37
9 44
9 55
9 57
9 58
9 74
9 88
9 107
9 122
9 125
9 142
9 153
9 154
9 157
9 174
10 11
10 13
10 15
10 18
10 19
10 21
10 22
10 24
10 26
10 27
10 33
10 34
10 35
10 36
10 38
10 40
10 49
10 52
10 55
10 57
10 69
10 71
10 74
10 88
10 90
10 91
10 97
10 101
10 118
10 122
10 126
10 151
10 152
10 157
10 160
10 179
10 188
10 196
11 12
11 13
11 14
11 15
11 16
11 17
11 18
11 19
11 23
11 24
11 27
11 28
11 29
11 31
11 37
11 39
11 42
11 44
11 49
11 51
11 55
11 57
11 63
11 64
11 65
11 75
11 76
11 77
11 89
11 91
11 92
11 93
11 94
11 102
11 110
11 117
11 119
11 124
11 133
11 148
11 150
11 160
11 168
11 172
11 173
11 180
11 189
11 192
11 194
12 13
12 14
12 15
12 17
12 18
12 19
12 20
12 21
12 22
12 26
12 28
12 29
12 30
12 31
12 32
12 35
12 43
12 46
12 49
12 51
12 59
12 62
12 66
12 68
12 73
12 75
12 78
12 81
12 84
12 86
12 96
12 99
12 111
12 116
12 118
12 120
12 121
12 123
12 125
12 129
12 132
12 133
12 134
12 138
12 141
12 144
12 145
12 151
12 154
12 169
12 171
12 176
12 178
12 188
13 14
13 15
13 16
13 17
13 18
13 19
13 20
13 23
13 24
13 25
13 33
13 36
13 38
13 39
13 40
13 44
13 50
13 54
13 60
13 69
13 73
13 76
13 78
13 81
13 83
13 84
13 88
13 89
13 92
13 100
13 101
13 108
13 119
13 121
13 123
13 127
13 137
13 142
13 143
13 153
13 156
13 159
13 169
13 171
13 177
13 186
13 192
13 197
14 15
14 16
14 17
14 21
14 22
14 23
14 24
14 25
14 26
14 27
14 28
14 29
14 30
14 32
14 33
14 34
14 36
14 38
14 39
14 41
14 43
14 44
14 45
14 47
14 48
14 51
14 52
14 57
14 58
14 61
14 63
14 65
14 67
14 69
14 70
14 72
14 78
14 79
14 80
14 90
14 93
14 98
14 103
14 104
14 106
14 115
14 119
14 124
14 125
14 133
14 134
14 140
14 141
14 148
14 150
14 160
14 175
14 176
14 183
14 185
14 190
14 191
14 192
14 195
15 16
15 17
15 18
15 19
15 20
15 21
15 22
15 25
15 27
15 28
15 32
15 33
15 35
15 41
15 47
15 48
15 53
15 62
15 66
15 76
15 79
15 87
15 97
15 102
15 116
15 120
15 124
15 126
15 134
15 141
15 154
15 166
15 167
15 198
16 18
16 19
16 20
16 21
16 23
16 28
16 33
16 35
16 38
16 41
16 42
16 43
16 44
16 45
16 49
16 55
16 57
16 62
16 74
16 76
16 77
16 80
16 84
16 87
16 91
16 93
16 94
16 106
16 108
16 116
16 117
16 123
16 132
16 138
16 139
16 143
16 148
16 158
16 169
16 174
16 176
16 197
16 199
17 18
17 22
17 23
17 25
17 29
17 41
17 72
17 82
17 104
17 121
17 125
17 131
17 137
17 183
17 192
18 19
18 20
18 22
18 23
18 25
18 26
18 27
18 29
18 31
18 34
18 35
18 39
18 40
18 41
18 42
18 44
18 49
18 50
18 55
18 64
18 67
18 70
18 74
18 78
18 83
18 85
18 89
18 107
18 126
18 143
18 149
18 153
18 164
18 167
18 182
19 20
19 21
19 24
19 25
19 31
19 32
19 36
19 37
19 40
19 45
19 48
19 52
19 53
19 56
19 57
19 67
19 69
19 93
19 95
19 110
19 127
19 139
19 148
19 159
19 175
20 21
20 23
20 25
20 26
20 27
20 29
20 35
20 36
20 37
20 43
20 46
20 47
20 48
20 50
20 61
20 65
20 71
20 79
20 88
20 96
20 105
20 107
20 113
20 116
20 136
20 145
20 146
20 148
20 167
20 170
20 171
20 177
20 190
20 199
21 22
21 24
21 30
21 39
21 40
21 54
21 59
21 71
21 75
21 83
21 86
21 94
21 97
21 99
21 113
21 128
21 129
21 132
21 135
21 136
21 140
21 149
21 158
21 181
21 183
21 185
21 193
22 29
22 30
22 32
22 37
22 44
22 45
22 46
22 48
22 51
22 52
22 61
22 77
22 82
22 83
22 95
22 98
22 101
22 114
22 115
22 147
22 150
22 172
22 179
22 182
23 31
23 33
23 41
23 45
23 65
23 79
23 86
23 94
23 119
23 123
23 128
23 182
23 184
23 189
24 27
24 28
24 37
24 45
24 46
24 48
24 51
24 64
24 68
24 71
24 73
24 74
24 75
24 83
24 96
24 127
24 130
24 131
24 141
24 178
24 184
24 191
24 196
25 26
25 27
25 28
25 29
25 34
25 38
25 39
25 43
25 49
25 50
25 52
25 53
25 54
25 55
25 58
25 61
25 63
25 64
25 66
25 67
25 71
25 80
25 83
25 84
25 88
25 92
25 93
25 102
25 122
25 132
25 135
25 152
25 191
25 194
25 195
26 27
26 30
26 32
26 34
26 41
26 46
26 56
26 58
26 64
26 65
26 68
26 70
26 73
26 76
26 99
26 100
26 105
26 106
26 108
26 116
26 129
26 138
26 139
26 144
26 149
26 159
26 170
26 185
26 198
27 28
27 31
27 34
27 35
27 44
27 54
27 56
27 59
27 62
27 69
27 73
27 75
27 85
27 96
27 108
27 109
27 111
27 132
27 133
27 145
27 153
27 162
27 171
27 181
27 184
27 190
28 30
28 32
28 35
28 37
28 39
28 40
28 42
28 50
28 54
28 66
28 78
28 80
28 88
28 108
28 113
28 129
28 130
28 134
28 154
28 158
28 175
28 180
28 181
29 30
29 31
29 35
29 50
29 54
29 83
29 114
29 119
29 120
29 127
29 130
29 137
29 168
29 175
29 198
30 33
30 35
30 36
30 37
30 39
30 41
30 44
30 45
30 51
30 52
30 53
30 66
30 71
30 72
30 75
30 77
30 88
30 91
30 95
30 130
30 131
30 139
30 140
30 158
30 162
30 168
30 184
30 186
30 187
30 189
30 194
30 197
31 42
31 46
31 53
31 60
31 63
31 65
31 79
31 82
31 90
31 99
31 136
31 146
31 165
31 167
31 183
31 184
32 33
32 34
32 36
32 37
32 38
32 40
32 47
32 56
32 58
32 59
32 61
32 63
32 64
32 66
32 70
32 77
32 80
32 84
32 90
32 105
32 136
32 190
32 198
33 40
33 60
33 62
33 73
33 75
33 87
33 94
33 102
33 108
33 114
33 134
33 138
33 155
33 164
33 167
33 181
34 40
34 46
34 48
34 56
34 59
34 68
34 81
34 85
34 107
34 111
34 121
34 123
34 136
34 153
34 155
34 164
34 170
34 174
34 175
34 182
34 184
35 45
35 46
35 49
35 53
35 57
35 59
35 60
35 63
35 66
35 67
35 76
35 81
35 84
35 86
35 100
35 104
35 114
35 119
35 120
35 121
35 129
35 136
35 143
35 150
35 152
35 174
35 183
36 38
36 66
36 72
36 81
36 82
36 91
36 92
36 105
36 106
36 118
36 150
36 165
36 168
36 185
37 41
37 55
37 64
37 95
37 107
37 109
37 111
37 125
37 141
37 155
37 160
37 166
38 43
38 51
38 56
38 60
38 66
38 84
38 90
38 96
38 99
38 109
38 130
38 142
38 149
38 156
38 166
38 170
38 197
38 199
39 40
39 42
39 43
39 44
39 47
39 54
39 60
39 61
39 62
39 66
39 73
39 76
39 85
39 89
39 92
39 98
39 103
39 109
39 115
39 133
39 145
39 147
39 150
39 151
39 164
39 173
39 177
40 41
40 47
40 96
40 102
40 112
40 120
40 164
40 168
40 170
41 47
41 50
41 69
41 70
41 80
41 89
41 112
41 133
41 151
41 155
41 174
41 195
42 43
42 47
42 52
42 59
42 60
42 61
42 69
42 72
42 78
42 86
42 87
42 91
42 104
42 105
42 117
42 118
42 123
42 131
42 137
42 154
42 155
42 169
42 170
42 172
42 173
42 180
42 181
42 189
42 191
43 47
43 50
43 62
43 63
43 64
43 65
43 68
43 82
43 89
43 105
43 113
43 133
43 136
43 140
43 143
43 160
43 165
44 45
44 49
44 56
44 58
44 62
44 67
44 79
44 93
44 102
44 106
44 108
44 109
44 115
44 121
44 122
44 132
44 135
44 162
45 50
45 53
45 56
45 61
45 96
45 101
45 102
45 107
45 111
45 113
45 114
45 119
45 125
45 134
45 139
45 149
45 161
45 169
45 179
46 51
46 52
46 54
46 62
46 67
46 72
46 79
46 81
46 87
46 110
46 115
46 118
46 130
46 172
46 173
46 182
46 190
47 69
47 105
47 122
47 134
47 161
47 165
47 180
47 189
47 196
48 54
48 57
48 58
48 59
48 78
48 100
48 105
48 109
48 111
48 112
48 129
48 158
48 161
48 173
48 196
48 197
49 59
49 71
49 81
49 85
49 87
49 93
49 98
49 157
49 174
49 184
49 189
50 53
50 85
50 100
50 116
50 135
51 52
51 63
51 64
51 72
51 82
51 85
51 86
51 87
51 93
51 117
51 121
51 128
51 129
51 152
51 163
51 171
51 187
51 190
52 58
52 68
52 74
52 79
52 97
52 108
52 115
52 123
52 159
52 172
52 173
52 182
52 197
53 58
53 60
53 70
53 73
53 123
53 153
53 177
54 92
54 110
54 118
54 136
54 142
54 144
54 150
54 153
54 186
55 90
55 93
55 94
55 95
55 96
55 112
55 118
55 123
55 124
55 140
55 147
55 154
55 178
55 196
56 58
56 130
57 72
57 101
57 158
57 162
57 185
57 189
58 62
58 63
58 85
58 101
58 103
58 104
58 127
58 143
58 156
58 180
59 67
59 81
59 82
59 98
59 105
59 124
59 150
59 155
60 72
60 76
60 83
60 86
60 152
60 166
60 169
60 189
61 71
61 80
61 91
61 109
61 125
61 146
61 152
61 159
62 65
62 71
62 73
62 80
62 81
62 82
62 92
62 110
62 116
62 118
62 127
62 135
62 140
62 144
62 147
62 151
62 155
62 156
62 163
62 172
62 176
62 177
62 186
63 84
63 109
63 113
63 136
63 140
63 143
63 149
63 168
63 183
63 197
64 68
64 74
64 118
64 124
64 167
64 186
64 187
65 69
65 82
65 87
65 92
65 98
65 102
65 141
65 142
65 143
65 156
65 157
65 164
66 83
66 95
66 100
66 110
66 123
66 135
66 142
66 146
66 164
66 172
67 68
67 70
67 77
67 78
67 79
67 89
67 95
67 103
67 128
67 148
67 163
67 168
67 187
67 193
68 92
68 106
68 125
68 142
68 155
68 178
68 183
68 188
69 90
69 99
69 144
69 145
69 146
69 150
69 162
69 163
69 179
69 182
69 199
70 86
70 132
70 163
70 174
70 187
71 111
71 115
71 147
71 151
72 73
72 87
72 91
72 97
72 101
72 104
72 114
72 131
72 165
72 174
72 176
72 187
72 188
73 78
73 97
73 101
73 145
73 153
73 181
74 100
74 103
74 112
74 168
74 169
74 170
74 173
74 189
75 92
75 103
75 129
75 175
76 100
76 121
76 137
76 180
77 80
77 93
77 94
77 95
77 97
77 110
77 111
77 114
77 126
77 147
77 154
77 166
77 193
77 199
78 87
78 90
78 106
78 119
78 144
78 151
78 163
79 112
79 120
79 145
79 154
79 190
80 83
80 99
80 103
80 112
80 124
80 125
80 145
80 156
80 163
80 171
81 84
81 85
81 86
81 90
81 111
81 114
81 144
82 94
82 131
82 132
82 137
83 146
83 183
84 90
84 98
84 112
84 113
84 127
84 139
84 149
84 161
84 176
84 181
84 194
84 196
85 88
85 112
85 147
85 165
85 169
85 172
86 88
86 106
86 115
86 134
86 172
86 173
87 116
87 118
87 131
87 147
87 157
87 198
87 199
88 89
88 97
88 101
88 107
88 141
88 148
88 160
88 177
88 180
88 199
89 98
89 106
89 108
89 121
89 122
89 140
89 155
89 178
89 181
89 184
90 91
90 95
90 99
90 110
90 115
90 171
90 175
90 188
91 113
91 160
91 161
91 179
91 193
91 194
92 119
92 144
92 164
92 187
93 116
93 119
93 126
93 194
94 95
94 97
94 111
94 190
95 99
95 158
95 169
96 167
97 107
97 134
97 152
98 110
98 191
99 122
99 126
99 178
99 195
100 104
100 107
100 122
100 128
101 127
101 128
101 148
102 103
102 109
102 126
102 137
102 139
102 142
102 149
102 164
102 166
102 198
103 130
103 166
103 192
104 117
104 120
104 130
104 152
105 109
105 116
105 124
105 128
105 140
105 167
105 178
105 193
106 108
106 169
106 181
107 117
107 126
107 141
107 156
107 172
107 199
108 113
108 185
109 124
109 149
110 112
110 127
110 135
110 177
110 194
111 117
111 138
111 150
111 155
111 157
111 165
111 188
112 127
113 158
113 187
114 131
114 137
114 139
114 147
114 149
114 162
114 175
115 138
115 186
116 131
116 191
117 140
117 154
117 198
118 146
118 156
118 174
118 181
119 138
120 126
120 157
121 122
121 128
121 133
121 135
121 144
121 162
122 124
122 145
122 171
122 179
123 143
123 178
123 186
123 192
124 138
125 129
125 131
125 137
125 142
126 129
126 130
126 148
126 191
126 192
127 160
127 161
127 170
128 148
128 167
128 179
128 186
128 196
129 133
129 135
129 162
129 188
130 151
131 163
131 180
131 188
131 195
132 141
132 143
132 159
133 159
133 162
133 173
133 187
133 198
134 138
134 151
136 162
137 146
138 139
138 146
138 157
138 189
139 186
140 160
140 171
140 192
141 156
142 157
142 159
142 161
142 183
143 154
143 156
144 161
144 180
145 158
145 163
146 152
146 178
147 166
147 176
147 195
148 165
149 176
149 193
150 157
152 153
155 159
155 196
155 198
156 163
156 180
156 199
157 161
157 171
157 176
157 179
157 182
157 183
158 167
158 173
162 170
162 192
164 175
164 182
165 191
166 177
167 168
167 194
171 178
171 179
171 191
173 195
176 188
180 191
180 196
181 187
181 194
181 195
183 185
184 199
186 196
187 193
189 197
196 198
