0 1
0 2
0 3
0 4
0 5
0 6
0 7
0 8
0 9
0 10
0 11
0 12
0 13
0 14
0 16
0 17
0 18
0 19
0 23
0 26
0 28
0 29
0 30
0 31
0 34
0 35
0 38
0 40
0 41
0 43
0 44
0 46
0 47
0 50
0 51
0 57
0 58
0 59
0 60
0 65
0 66
0 67
0 68
0 70
0 80
0 86
0 94
0 97
0 98
0 99
0 101
0 105
0 107
0 108
0 111
0 113
0 118
0 124
0 127
0 130
0 135
0 140
0 142
0 144
0 149
0 150
0 155
0 159
0 161
0 163
0 166
0 167
0 174
0 179
0 183
0 189
0 190
0 191
0 194
0 196
1 11
1 12
1 13
1 14
1 35
1 36
1 41
1 61
1 64
1 71
1 104
1 130
1 156
1 169
1 185
2 11
2 12
2 14
2 15
2 16
2 17
2 25
2 27
2 28
2 32
2 37
2 40
2 53
2 56
2 57
2 62
2 64
2 70
2 75
2 86
2 101
2 111
2 114
2 115
2 116
2 122
2 128
2 133
2 149
2 150
2 158
2 161
2 168
2 178
2 181
2 199
3 11
3 12
3 14
3 16
3 20
3 21
3 24
3 29
3 34
3 35
3 37
3 46
3 49
3 57
3 62
3 63
3 72
3 78
3 87
3 90
3 126
3 134
3 136
3 159
3 187
3 188
4 12
4 13
4 15
4 18
4 22
4 24
4 26
4 27
4 28
4 29
4 37
4 43
4 44
4 46
4 65
4 67
4 73
4 97
4 100
4 103
4 105
4 113
4 116
4 121
4 122
4 129
4 146
4 163
4 190
5 11
5 12
5 13
5 14
5 15
5 16
5 18
5 19
5 20
5 21
5 24
5 35
5 39
5 47
5 48
5 75
5 79
5 81
5 83
5 87
5 103
5 110
5 139
5 149
5 154
5 156
5 182
5 186
5 195
6 11
6 12
6 13
6 15
6 16
6 17
6 18
6 21
6 23
6 24
6 27
6 33
6 36
6 37
6 40
6 41
6 59
6 65
6 67
6 72
6 83
6 93
6 95
6 104
6 152
6 176
6 186
6 187
7 11
7 12
7 13
7 15
7 16
7 17
7 18
7 20
7 22
7 23
7 26
7 33
7 37
7 46
7 47
7 52
7 58
7 66
7 77
7 78
7 79
7 84
7 89
7 91
7 100
7 111
7 116
7 119
7 127
7 128
7 149
7 161
7 181
8 11
8 24
8 26
8 35
8 36
8 38
8 43
8 55
8 60
8 63
8 76
8 79
8 97
8 115
8 135
8 150
8 180
8 185
8 192
8 199
9 11
9 13
9 14
9 15
9 18
9 25
9 27
9 29
9 35
9 38
9 41
9 45
9 48
9 50
9 56
9 59
9 60
9 65
9 66
9 68
9 81
9 107
9 129
9 146
9 153
9 156
9 161
9 170
9 177
10 11
10 12
10 13
10 14
10 17
10 19
10 24
10 26
10 28
10 29
10 32
10 36
10 40
10 42
10 43
10 45
10 46
10 47
10 49
10 52
10 60
10 66
10 70
10 75
10 78
10 91
10 92
10 93
10 96
10 98
10 121
10 122
10 126
10 130
10 143
10 150
10 160
10 168
10 173
10 180
10 183
10 184
10 188
10 194
11 12
11 13
11 14
11 15
11 16
11 17
11 18
11 19
11 20
11 21
11 22
11 27
11 28
11 29
11 32
11 33
11 39
11 41
11 42
11 44
11 45
11 48
11 54
11 57
11 59
11 68
11 69
11 70
11 72
11 76
11 82
11 91
11 102
11 106
11 114
11 115
11 125
11 128
11 131
11 140
11 143
11 147
11 155
11 158
11 166
11 169
11 173
11 175
11 186
11 191
12 13
12 14
12 15
12 16
12 17
12 18
12 19
12 20
12 21
12 22
12 23
12 24
12 27
12 28
12 30
12 32
12 33
12 36
12 37
12 40
12 42
12 45
12 49
12 51
12 52
12 55
12 60
12 61
12 64
12 72
12 74
12 79
12 80
12 82
12 90
12 95
12 96
12 97
12 100
12 102
12 109
12 111
12 113
12 117
12 125
12 126
12 127
12 128
12 133
12 136
12 147
12 168
12 171
12 173
12 174
12 175
12 177
12 178
12 183
12 185
12 187
12 188
12 191
12 193
12 195
12 196
12 197
12 198
13 14
13 15
13 16
13 17
13 20
13 21
13 23
13 24
13 25
13 31
13 34
13 42
13 45
13 49
13 50
13 51
13 55
13 56
13 62
13 66
13 67
13 74
13 80
13 81
13 86
13 88
13 92
13 94
13 96
13 100
13 109
13 110
13 122
13 124
13 125
13 126
13 127
13 129
13 135
13 139
13 155
13 168
13 173
13 176
13 179
13 181
13 190
14 15
14 17
14 19
14 20
14 21
14 22
14 25
14 26
14 27
14 28
14 31
14 34
14 36
14 38
14 39
14 42
14 44
14 47
14 48
14 51
14 53
14 54
14 56
14 57
14 58
14 75
14 76
14 80
14 81
14 83
14 84
14 88
14 94
14 103
14 104
14 105
14 109
14 110
14 114
14 121
14 124
14 129
14 133
14 158
14 160
14 162
14 172
15 16
15 19
15 23
15 25
15 29
15 30
15 31
15 32
15 33
15 35
15 36
15 43
15 44
15 45
15 50
15 51
15 52
15 56
15 57
15 64
15 76
15 77
15 81
15 82
15 83
15 84
15 85
15 87
15 88
15 89
15 90
15 93
15 96
15 98
15 102
15 107
15 111
15 132
15 137
15 149
15 157
15 171
15 178
15 186
15 191
16 17
16 18
16 19
16 22
16 31
16 33
16 34
16 37
16 39
16 51
16 53
16 57
16 59
16 63
16 68
16 72
16 77
16 91
16 97
16 99
16 109
16 113
16 115
16 120
16 123
16 130
16 142
16 148
16 152
16 154
16 163
16 164
16 167
16 175
16 183
16 184
16 193
16 195
17 18
17 19
17 20
17 23
17 24
17 25
17 26
17 30
17 31
17 37
17 38
17 43
17 44
17 48
17 54
17 63
17 65
17 77
17 79
17 82
17 85
17 86
17 88
17 90
17 91
17 106
17 112
17 118
17 124
17 130
17 145
17 148
17 157
17 158
17 162
17 172
17 184
17 189
17 198
18 19
18 20
18 21
18 22
18 23
18 26
18 31
18 32
18 35
18 38
18 39
18 40
18 41
18 42
18 43
18 45
18 46
18 48
18 49
18 51
18 71
18 74
18 75
18 78
18 80
18 83
18 86
18 88
18 92
18 93
18 94
18 109
18 140
18 163
18 164
18 180
18 183
18 188
18 198
19 20
19 21
19 22
19 25
19 28
19 30
19 32
19 33
19 34
19 41
19 42
19 43
19 46
19 49
19 53
19 54
19 58
19 62
19 63
19 68
19 70
19 76
19 78
19 80
19 87
19 90
19 95
19 98
19 102
19 123
19 126
19 128
19 137
19 139
19 146
19 152
19 157
19 160
19 162
19 164
19 167
19 169
19 174
19 176
20 21
20 22
20 23
20 25
20 29
20 30
20 31
20 34
20 35
20 36
20 39
20 47
20 50
20 51
20 52
20 53
20 55
20 71
20 73
20 75
20 78
20 82
20 85
20 91
20 95
20 98
20 104
20 107
20 108
20 109
20 110
20 117
20 118
20 119
20 124
20 125
20 126
20 136
20 138
20 143
20 146
20 149
20 170
20 182
20 186
20 196
21 22
21 24
21 25
21 26
21 27
21 32
21 33
21 39
21 46
21 56
21 58
21 59
21 60
21 61
21 64
21 67
21 68
21 71
21 82
21 83
21 87
21 108
21 110
21 116
21 132
21 139
21 142
21 161
21 166
21 169
21 177
21 179
21 184
21 187
21 195
22 23
22 27
22 28
22 29
22 30
22 34
22 38
22 44
22 47
22 48
22 49
22 52
22 61
22 76
22 79
22 101
22 105
22 107
22 134
22 135
22 143
22 148
22 158
22 179
22 183
22 191
23 26
23 29
23 30
23 50
23 57
23 62
23 68
23 70
23 71
23 85
23 99
23 101
23 120
23 151
23 167
23 172
23 174
23 175
23 178
23 179
23 185
23 193
23 197
24 25
24 27
24 35
24 37
24 49
24 71
24 74
24 101
24 119
24 139
24 171
24 188
24 193
25 31
25 38
25 39
25 41
25 43
25 44
25 48
25 52
25 78
25 90
25 91
25 96
25 97
25 101
25 103
25 114
25 123
25 127
25 133
25 160
25 182
25 192
25 195
25 199
26 28
26 30
26 31
26 32
26 36
26 41
26 42
26 48
26 52
26 54
26 55
26 61
26 72
26 84
26 90
26 98
26 107
26 120
26 121
26 126
26 141
26 144
26 160
26 169
26 172
26 173
26 185
27 32
27 54
27 55
27 57
27 70
27 73
27 83
27 90
27 94
27 103
27 113
27 116
27 118
27 119
27 123
27 131
27 139
27 165
27 169
27 182
28 40
28 53
28 54
28 61
28 69
28 79
28 80
28 96
28 123
28 127
28 172
28 177
29 30
29 33
29 34
29 43
29 45
29 53
29 54
29 62
29 64
29 69
29 77
29 87
29 91
29 106
29 112
29 131
29 138
29 146
29 152
29 162
29 173
30 33
30 34
30 41
30 42
30 51
30 53
30 58
30 66
30 67
30 70
30 72
30 74
30 95
30 99
30 100
30 104
30 110
30 133
30 134
30 161
30 167
30 178
30 179
30 184
30 189
30 190
31 36
31 42
31 46
31 50
31 68
31 75
31 77
31 89
31 93
31 101
31 109
31 117
31 131
31 143
31 147
31 154
31 162
31 165
31 168
32 38
32 39
32 45
32 55
32 61
32 71
32 72
32 85
32 86
32 92
32 103
32 125
32 128
32 132
32 133
32 136
32 138
32 140
32 154
32 156
32 171
32 172
32 178
32 186
32 189
33 37
33 40
33 50
33 56
33 59
33 63
33 64
33 66
33 85
33 104
33 128
33 131
33 171
33 196
34 38
34 40
34 45
34 63
34 72
34 73
34 79
34 85
34 95
34 106
34 110
34 111
34 129
34 152
34 161
34 179
35 44
35 53
35 56
35 62
35 69
35 73
35 75
35 77
35 79
35 96
35 101
35 104
35 117
35 122
35 129
35 141
35 145
35 155
35 169
35 171
35 177
35 198
35 199
36 50
36 71
36 78
36 87
36 94
36 124
36 136
36 137
36 143
36 168
36 170
36 187
36 193
36 195
37 51
37 55
37 57
37 63
37 84
37 94
37 108
37 115
37 136
37 143
37 166
37 182
37 190
37 192
38 39
38 40
38 44
38 47
38 52
38 55
38 56
38 67
38 76
38 88
38 89
38 100
38 111
38 139
38 150
38 151
38 153
38 157
38 158
38 184
38 186
38 187
38 193
38 196
39 47
39 50
39 56
39 59
39 60
39 73
39 76
39 155
39 162
39 178
40 46
40 47
40 49
40 62
40 67
40 93
40 143
40 164
40 167
41 54
41 73
41 77
41 92
41 93
41 115
41 119
41 132
41 139
41 148
41 154
41 155
41 157
41 184
41 186
42 54
42 58
42 63
42 69
42 71
42 85
42 86
42 102
42 109
42 114
42 127
42 130
42 144
42 170
43 62
43 65
43 67
43 74
43 86
43 90
43 92
43 99
43 129
43 133
43 136
43 167
44 66
44 69
44 71
44 96
44 100
44 102
44 112
44 125
44 131
44 134
44 148
44 157
44 163
45 49
45 60
45 61
45 65
45 74
45 81
45 98
45 120
45 151
45 160
45 161
45 166
45 167
45 177
45 190
45 195
46 48
46 58
46 64
46 65
46 77
46 85
46 88
46 91
46 99
46 105
46 106
46 115
46 121
46 132
46 135
46 145
46 150
46 166
46 170
46 175
46 178
46 186
46 188
46 189
47 52
47 74
47 93
47 148
48 82
48 97
48 106
48 116
48 162
48 180
49 53
49 60
49 65
49 66
49 67
49 80
49 92
49 114
49 121
49 124
49 125
49 133
49 140
49 156
49 159
49 168
49 178
49 180
49 197
50 55
50 58
50 91
50 93
50 97
50 111
50 112
50 115
50 136
50 141
50 151
50 174
50 188
50 197
51 60
51 69
51 74
51 84
51 89
51 92
51 95
51 106
51 112
51 132
51 152
51 165
51 176
51 196
52 83
52 104
52 108
52 123
52 133
53 58
53 61
53 63
53 66
53 69
53 72
53 73
53 78
53 105
53 116
53 134
53 148
53 150
53 181
53 189
53 191
54 80
54 85
54 110
54 118
54 145
54 175
54 197
55 65
55 69
55 76
55 81
55 90
55 121
55 130
55 147
55 152
55 155
55 182
56 59
56 84
56 94
56 108
56 112
56 124
56 183
57 68
57 118
57 125
57 149
57 194
58 59
58 61
58 70
58 79
58 81
58 84
58 92
58 97
58 103
58 104
58 107
58 109
58 113
58 124
58 145
58 152
58 153
58 164
58 173
58 175
58 197
59 62
59 64
59 73
59 76
59 107
59 120
59 123
59 127
59 132
59 133
59 172
59 174
59 184
59 185
59 189
60 74
60 82
60 97
60 103
60 105
60 126
60 131
60 153
61 70
61 80
61 87
61 89
61 98
61 111
61 117
61 119
61 120
61 130
61 155
61 177
61 181
62 64
62 144
62 147
62 159
62 161
62 193
63 78
63 86
63 88
63 95
63 106
63 142
63 188
64 73
64 102
64 108
64 113
64 122
64 135
64 138
64 140
64 189
65 75
65 83
65 101
65 112
65 134
65 141
65 143
65 165
65 194
66 68
66 81
66 86
66 100
66 103
66 106
66 108
66 119
66 135
66 139
66 174
66 199
67 83
67 87
67 95
67 107
67 112
67 138
67 161
68 69
68 77
68 99
68 121
68 131
68 135
68 138
68 147
68 154
68 165
68 168
68 194
69 134
69 194
70 100
70 103
70 117
70 122
70 132
70 194
71 82
71 84
71 99
71 128
71 137
71 189
72 119
72 127
72 146
72 159
72 175
73 81
73 89
73 93
73 110
73 121
73 122
73 126
73 140
73 145
73 153
73 158
73 188
73 198
74 75
74 98
74 116
74 118
74 121
74 128
74 131
74 137
74 147
74 156
74 167
74 172
74 193
75 109
75 112
75 123
75 195
76 82
76 118
76 126
77 84
77 88
77 94
77 114
77 131
77 132
77 163
77 176
78 89
78 102
78 120
78 141
78 144
78 147
78 151
78 165
78 169
78 181
78 183
78 191
79 89
79 113
79 119
79 150
79 156
79 176
80 96
80 100
80 110
80 116
80 135
80 145
80 148
80 151
80 173
80 180
81 95
81 106
81 137
81 138
81 163
81 178
82 92
82 99
82 102
82 105
82 114
82 139
82 149
82 151
83 89
83 96
83 108
83 150
83 156
84 87
84 104
84 118
84 122
84 137
84 142
84 151
84 167
84 196
85 94
85 159
86 88
86 112
86 137
86 138
86 144
86 186
87 134
87 153
88 98
88 125
88 159
89 101
89 117
89 123
89 152
89 182
90 137
90 144
90 156
90 180
90 193
90 198
91 99
91 108
91 113
91 127
91 159
91 170
91 187
92 116
92 130
92 198
93 114
93 128
93 154
94 153
94 179
94 190
95 117
95 145
95 153
95 185
96 155
97 105
97 111
97 120
97 155
98 115
98 160
98 165
99 105
99 144
99 147
99 171
99 192
100 129
101 102
101 117
102 134
102 146
102 190
103 142
103 185
104 124
104 157
105 107
105 115
105 125
105 138
105 141
105 153
105 157
105 171
105 172
105 199
106 141
107 145
107 152
107 159
107 174
109 119
109 123
109 164
110 118
110 120
110 148
110 173
110 181
111 113
111 114
111 129
111 135
111 142
111 150
112 160
112 181
112 197
113 117
113 144
113 163
113 165
113 179
113 187
113 197
114 154
114 192
115 122
115 132
115 136
115 187
116 156
116 166
116 169
117 146
117 164
118 120
118 141
118 157
121 158
122 144
122 154
122 175
122 177
122 183
123 147
123 163
123 165
124 140
124 164
124 177
125 142
125 146
126 129
126 138
126 175
126 182
127 160
127 162
127 163
127 176
128 130
128 140
128 141
128 176
129 134
129 168
129 192
130 143
130 160
130 185
130 199
131 183
132 140
132 149
132 158
132 168
132 171
133 137
133 141
134 157
135 136
135 149
135 154
135 169
135 170
136 142
136 145
136 153
136 181
136 195
137 142
137 151
138 165
140 170
142 146
142 162
142 190
144 158
144 196
145 148
145 164
145 176
146 185
147 159
147 180
148 151
148 191
149 164
149 174
150 170
150 188
152 162
152 184
153 166
153 189
153 198
156 173
158 166
158 171
160 166
161 179
162 177
162 182
165 172
165 184
165 194
166 190
167 170
167 198
168 192
168 199
169 199
170 180
170 192
171 187
172 181
173 174
173 176
174 194
174 196
174 197
175 182
178 198
179 180
179 193
179 195
182 191
184 199
187 191
187 192
187 196
190 192
190 194
191 197
