0 1
0 2
0 3
0 4
0 5
0 6
0 7
0 8
0 9
0 10
0 11
0 12
0 13
0 14
0 15
0 16
0 17
0 18
0 19
0 21
0 22
0 24
0 25
0 28
0 29
0 30
0 32
0 35
0 36
0 37
0 41
0 42
0 47
0 51
0 52
0 53
0 57
0 59
0 61
0 62
0 68
0 74
0 79
0 82
0 85
0 100
0 105
0 117
0 120
0 121
0 134
0 138
0 142
0 143
0 146
0 148
0 153
0 154
0 158
0 174
0 198
1 11
1 12
1 13
1 14
1 16
1 18
1 27
1 28
1 29
1 30
1 31
1 34
1 41
1 62
1 67
1 81
1 85
1 87
1 93
1 102
1 104
1 114
1 116
1 130
1 135
1 138
1 173
1 174
1 180
1 182
1 185
1 197
2 11
2 13
2 29
2 52
2 63
2 73
2 137
2 144
3 11
3 12
3 15
3 17
3 19
3 20
3 25
3 26
3 29
3 37
3 38
3 43
3 48
3 55
3 57
3 61
3 62
3 65
3 66
3 68
3 75
3 78
3 86
3 88
3 93
3 95
3 98
3 103
3 120
3 123
3 127
3 130
3 134
3 139
3 142
3 150
3 156
3 162
3 164
3 171
3 172
3 180
3 182
3 183
3 186
3 189
3 194
4 11
4 12
4 13
4 18
4 19
4 20
4 24
4 26
4 28
4 29
4 34
4 35
4 39
4 43
4 44
4 47
4 59
4 60
4 67
4 68
4 70
4 73
4 80
4 88
4 90
4 93
4 98
4 111
4 128
4 138
4 139
4 146
4 151
4 155
4 156
4 157
4 158
4 167
4 176
5 11
5 12
5 13
5 14
5 15
5 16
5 18
5 19
5 20
5 23
5 24
5 26
5 29
5 31
5 36
5 39
5 42
5 50
5 51
5 70
5 71
5 77
5 84
5 87
5 90
5 99
5 100
5 102
5 109
5 113
5 117
5 118
5 130
5 132
5 136
5 138
5 155
5 170
5 179
5 183
5 195
5 196
6 11
6 12
6 13
6 14
6 16
6 20
6 23
6 25
6 26
6 27
6 28
6 33
6 41
6 45
6 49
6 56
6 64
6 66
6 67
6 71
6 75
6 79
6 81
6 91
6 92
6 105
6 107
6 113
6 117
6 123
6 125
6 127
6 137
6 138
6 153
6 169
6 171
6 181
6 182
6 197
7 11
7 12
7 13
7 14
7 15
7 17
7 18
7 19
7 21
7 22
7 23
7 24
7 27
7 32
7 33
7 34
7 36
7 38
7 40
7 41
7 42
7 45
7 47
7 50
7 52
7 55
7 60
7 63
7 70
7 71
7 79
7 81
7 85
7 88
7 92
7 94
7 108
7 109
7 113
7 125
7 128
7 137
7 148
7 165
7 167
7 173
7 184
7 185
7 190
7 193
7 195
7 199
8 11
8 12
8 14
8 15
8 17
8 18
8 20
8 26
8 28
8 30
8 34
8 35
8 37
8 38
8 39
8 40
8 44
8 47
8 48
8 49
8 51
8 53
8 56
8 63
8 64
8 65
8 75
8 77
8 78
8 97
8 101
8 115
8 118
8 133
8 135
8 139
8 146
8 150
8 152
8 153
8 154
8 155
8 156
8 158
8 159
8 162
8 176
8 177
8 182
8 185
8 189
9 15
9 31
9 32
9 33
9 36
9 40
9 56
9 58
9 65
9 82
9 92
9 93
9 101
9 108
9 111
9 115
9 119
9 126
9 137
9 139
9 148
9 163
10 11
10 12
10 13
10 14
10 16
10 17
10 25
10 30
10 37
10 44
10 52
10 55
10 57
10 80
10 88
10 91
10 100
10 107
10 109
10 117
10 144
10 178
11 12
11 13
11 14
11 15
11 16
11 17
11 19
11 21
11 22
11 25
11 28
11 33
11 42
11 45
11 49
11 50
11 53
11 63
11 64
11 68
11 73
11 76
11 81
11 86
11 93
11 96
11 100
11 102
11 104
11 112
11 114
11 118
11 121
11 124
11 135
11 140
11 146
11 147
11 171
11 173
11 175
11 177
11 181
11 191
11 198
12 13
12 14
12 15
12 16
12 17
12 18
12 21
12 22
12 23
12 25
12 28
12 32
12 33
12 35
12 37
12 40
12 46
12 50
12 55
12 56
12 57
12 60
12 70
12 71
12 72
12 76
12 77
12 84
12 85
12 89
12 90
12 93
12 99
12 101
12 105
12 108
12 111
12 112
12 121
12 122
12 130
12 132
12 137
12 138
12 142
12 145
12 152
12 154
12 173
12 185
12 186
13 14
13 15
13 16
13 17
13 18
13 19
13 21
13 22
13 23
13 24
13 25
13 27
13 28
13 29
13 30
13 32
13 33
13 34
13 36
13 37
13 38
13 39
13 41
13 42
13 43
13 48
13 50
13 53
13 54
13 55
13 57
13 58
13 61
13 63
13 67
13 71
13 76
13 81
13 85
13 87
13 88
13 89
13 91
13 97
13 98
13 103
13 107
13 112
13 119
13 121
13 139
13 146
13 161
13 178
13 196
13 198
14 15
14 16
14 17
14 20
14 21
14 22
14 23
14 24
14 27
14 37
14 39
14 45
14 47
14 62
14 66
14 69
14 76
14 82
14 97
14 98
14 99
14 109
14 122
14 126
14 129
14 144
14 151
14 158
14 169
14 176
14 183
14 188
14 190
15 16
15 17
15 18
15 20
15 21
15 22
15 24
15 25
15 27
15 30
15 31
15 35
15 44
15 45
15 46
15 47
15 51
15 54
15 55
15 56
15 64
15 69
15 72
15 77
15 78
15 81
15 82
15 86
15 90
15 95
15 96
15 103
15 111
15 112
15 115
15 124
15 125
15 130
15 143
15 151
15 152
15 159
15 166
15 195
16 19
16 24
16 26
16 36
16 37
16 38
16 47
16 48
16 49
16 50
16 53
16 56
16 66
16 74
16 77
16 88
16 94
16 122
16 123
16 124
16 135
16 139
16 140
16 167
16 168
17 18
17 19
17 20
17 21
17 23
17 25
17 27
17 29
17 31
17 33
17 34
17 44
17 45
17 46
17 47
17 54
17 55
17 56
17 58
17 90
17 100
17 103
17 106
17 107
17 113
17 116
17 132
17 134
17 136
17 141
17 153
17 166
17 178
17 185
17 190
18 19
18 20
18 21
18 22
18 23
18 24
18 26
18 27
18 30
18 31
18 32
18 33
18 35
18 45
18 49
18 50
18 53
18 62
18 63
18 66
18 74
18 75
18 76
18 87
18 92
18 100
18 101
18 109
18 116
18 120
18 125
18 128
18 131
18 133
18 139
18 148
18 151
18 162
18 165
18 178
18 197
19 20
19 21
19 22
19 23
19 27
19 39
19 41
19 52
19 57
19 61
19 66
19 70
19 76
19 79
19 85
19 98
19 119
19 120
19 127
19 128
19 130
19 133
19 136
19 155
19 160
19 170
19 171
20 22
20 31
20 32
20 33
20 35
20 38
20 39
20 43
20 45
20 56
20 58
20 65
20 75
20 82
20 83
20 84
20 98
20 113
20 115
20 116
20 132
20 152
20 153
20 164
20 168
20 177
20 178
20 180
20 182
20 183
20 184
20 192
20 193
20 196
20 198
21 27
21 34
21 46
21 53
21 58
21 61
21 69
21 82
21 94
21 134
21 141
21 143
21 159
21 173
21 176
21 194
21 198
21 199
22 23
22 24
22 26
22 28
22 29
22 30
22 45
22 47
22 59
22 67
22 68
22 71
22 78
22 94
22 96
22 105
22 106
22 111
22 113
22 122
22 140
22 152
22 158
22 177
22 197
23 25
23 26
23 30
23 31
23 32
23 34
23 42
23 51
23 56
23 58
23 60
23 67
23 80
23 95
23 117
23 144
23 147
23 155
23 193
24 28
24 36
24 38
24 40
24 43
24 46
24 51
24 62
24 75
24 83
24 86
24 91
24 92
24 96
24 123
24 131
24 140
24 144
24 160
24 162
24 184
24 190
25 26
25 41
25 52
25 60
25 63
25 65
25 66
25 88
25 89
25 97
25 101
25 107
25 113
25 118
25 122
25 133
25 163
25 184
25 190
26 29
26 30
26 31
26 36
26 37
26 38
26 40
26 41
26 42
26 53
26 54
26 66
26 73
26 94
26 95
26 96
26 97
26 106
26 135
26 145
26 149
26 154
26 156
26 172
26 179
26 181
26 184
27 32
27 41
27 43
27 48
27 54
27 58
27 60
27 69
27 73
27 89
27 94
27 99
27 136
27 161
27 169
27 179
27 187
27 190
28 33
28 36
28 37
28 43
28 49
28 67
28 72
28 75
28 80
28 92
28 99
28 114
28 129
28 137
28 150
28 160
28 165
28 168
28 190
28 191
29 31
29 32
29 35
29 39
29 46
29 69
29 72
29 84
29 91
29 93
29 95
29 109
29 110
29 112
29 115
29 117
29 126
29 129
29 171
29 181
29 193
30 34
30 39
30 40
30 42
30 46
30 47
30 50
30 51
30 61
30 63
30 69
30 78
30 97
30 114
30 116
30 117
30 120
30 126
30 140
30 144
30 180
31 35
31 39
31 42
31 45
31 48
31 49
31 68
31 70
31 74
31 81
31 82
31 89
31 102
31 105
31 112
31 123
31 128
31 134
31 141
31 170
31 183
32 36
32 38
32 40
32 44
32 46
32 49
32 68
32 74
32 75
32 79
32 82
32 83
32 87
32 92
32 104
32 106
32 108
32 111
32 125
32 127
32 130
32 131
32 148
32 150
32 152
32 155
32 159
32 176
32 183
32 196
33 34
33 43
33 44
33 48
33 52
33 54
33 55
33 57
33 58
33 60
33 61
33 66
33 68
33 74
33 81
33 84
33 94
33 104
33 119
33 126
33 139
33 142
33 154
33 158
33 161
33 163
33 180
33 182
33 187
34 35
34 54
34 61
34 74
34 78
34 79
34 85
34 87
34 129
34 172
34 184
34 194
35 48
35 54
35 59
35 64
35 76
35 83
35 103
35 110
35 120
35 147
35 149
35 159
35 165
35 177
35 185
36 38
36 40
36 44
36 49
36 52
36 71
36 73
36 104
36 123
36 126
36 127
36 136
36 144
36 149
36 151
36 153
36 158
37 41
37 65
37 92
37 109
37 122
37 127
37 142
38 40
38 42
38 43
38 44
38 50
38 57
38 59
38 69
38 70
38 115
38 118
38 169
38 199
39 54
39 59
39 70
39 76
39 89
39 91
39 95
39 105
39 110
39 114
39 126
39 142
39 157
39 175
39 184
40 56
40 65
40 76
40 84
40 128
40 138
40 174
40 186
41 43
41 50
41 64
41 68
41 70
41 74
41 75
41 80
41 81
41 95
41 100
41 111
41 120
41 132
41 136
41 140
41 141
41 150
41 181
42 46
42 49
42 60
42 65
42 146
42 185
42 192
43 44
43 46
43 51
43 52
43 54
43 59
43 62
43 73
43 85
43 86
43 98
43 112
43 113
43 134
43 143
43 145
43 155
43 165
43 166
43 178
43 186
44 57
44 64
44 65
44 67
44 69
44 86
44 99
44 188
45 52
45 61
45 72
45 75
45 84
45 144
45 147
45 158
45 166
45 171
45 187
46 48
46 51
46 65
46 74
46 77
46 86
46 102
46 113
46 125
46 137
46 148
46 186
47 48
47 51
47 72
47 78
47 88
47 107
47 144
47 147
47 162
47 199
48 63
48 76
48 91
48 121
48 143
48 151
48 176
49 62
49 64
49 71
49 86
49 102
49 106
49 119
49 127
49 140
49 149
49 188
49 192
50 64
50 79
50 86
50 123
50 132
50 145
50 161
50 164
50 169
50 191
51 53
51 55
51 58
51 59
51 60
51 77
51 84
51 87
51 92
51 98
51 100
51 107
51 116
51 134
51 146
51 149
51 151
51 156
51 157
51 159
51 161
51 163
51 167
52 53
52 55
52 58
52 70
52 73
52 80
52 81
52 96
52 123
52 129
52 145
52 154
52 162
52 167
52 190
53 67
53 80
53 83
53 90
53 97
53 121
53 142
53 149
54 62
54 72
54 78
54 80
54 90
54 101
54 106
54 107
54 114
54 115
54 117
54 125
54 153
54 156
54 158
54 160
54 164
54 176
55 59
55 63
55 77
55 85
55 110
55 119
55 131
55 174
55 193
56 57
56 59
56 66
56 87
56 96
56 128
56 152
56 179
57 74
58 60
58 80
58 82
58 83
58 90
58 103
58 116
58 158
58 186
58 195
59 80
59 88
59 96
59 188
60 61
60 62
60 67
60 68
60 69
60 78
60 83
60 93
60 94
60 99
60 105
60 118
60 133
60 160
60 162
60 165
60 170
61 82
61 86
61 96
61 97
61 135
61 152
61 192
61 195
62 64
62 72
62 84
62 91
62 114
62 124
62 125
62 198
63 98
63 107
63 111
63 113
63 121
63 169
64 71
64 89
64 103
64 123
64 131
64 146
64 171
64 172
64 175
64 191
65 77
65 99
65 103
65 120
65 145
65 146
65 161
65 186
66 71
66 72
66 78
66 91
66 102
66 105
66 109
66 118
66 192
66 197
67 69
67 83
67 98
67 103
67 122
67 129
67 131
67 149
67 178
67 197
67 199
68 79
68 85
68 100
68 114
68 163
68 182
69 73
69 79
69 89
69 90
69 94
69 97
69 105
69 110
69 112
69 131
69 135
69 136
69 145
69 149
70 83
70 108
70 131
70 138
70 148
70 161
70 170
70 179
70 186
71 72
71 73
71 77
71 89
71 93
71 94
71 102
71 157
71 166
71 173
72 99
72 110
72 115
72 122
72 133
72 159
72 189
72 191
73 79
73 123
73 127
73 185
74 95
74 112
74 121
74 126
74 129
74 130
74 150
74 160
74 174
74 181
74 189
75 89
75 99
75 104
75 160
75 165
75 172
75 183
76 111
76 117
76 148
76 164
77 84
77 87
77 101
77 106
77 110
77 118
77 138
77 143
77 152
77 154
77 157
77 163
77 175
77 177
78 91
78 93
78 105
78 108
79 83
79 88
79 90
79 124
79 173
79 194
80 124
81 119
81 125
82 104
82 118
82 132
82 143
83 140
83 151
83 187
83 198
84 131
84 157
84 168
84 187
85 87
85 95
85 161
85 167
85 176
85 181
85 191
86 141
86 154
86 161
86 187
86 198
87 95
87 97
87 104
87 116
87 117
87 125
87 165
88 102
88 114
88 132
88 150
88 189
88 193
89 96
89 101
89 106
89 124
89 145
89 162
89 163
89 194
89 198
90 101
90 115
90 143
90 154
90 168
90 173
90 180
91 92
91 114
91 130
91 138
91 140
91 142
91 143
91 150
91 156
91 157
91 166
91 167
91 168
91 174
91 179
92 132
92 134
92 153
92 159
92 165
92 166
92 175
92 179
93 102
93 107
93 108
93 121
93 164
93 181
94 106
94 109
94 128
94 147
95 124
95 129
95 151
95 161
95 178
96 101
96 118
96 119
96 131
96 152
96 160
97 124
97 133
97 134
97 197
98 116
99 100
99 167
99 172
99 187
99 188
100 104
100 110
100 112
100 188
101 103
101 135
101 137
102 104
102 108
102 111
102 116
102 128
102 129
102 139
102 150
103 108
103 115
103 164
103 171
104 108
104 110
104 157
104 186
105 106
105 120
105 128
105 136
105 144
105 188
106 133
106 170
106 174
106 182
106 193
107 134
107 181
108 109
108 130
108 137
108 197
109 110
109 119
109 126
109 163
110 141
110 157
110 170
110 171
110 179
110 192
111 121
111 129
111 132
111 136
111 137
111 178
111 184
111 198
111 199
112 126
112 135
112 145
112 164
112 194
112 199
113 133
113 145
113 167
113 194
114 135
114 195
115 122
115 159
115 173
115 184
116 119
116 120
116 136
116 147
116 175
116 177
117 159
117 169
118 164
118 172
118 184
119 127
119 160
119 189
120 142
120 173
120 187
121 122
121 139
121 141
121 196
122 164
122 170
122 180
122 188
122 192
122 196
123 124
123 133
123 147
123 162
123 170
124 197
125 127
125 141
125 149
125 151
125 160
125 187
125 192
127 143
127 155
127 175
127 188
128 150
128 162
128 169
128 175
128 192
128 193
128 194
129 146
129 148
129 156
129 187
130 147
130 168
130 175
131 142
131 191
132 149
132 168
132 190
133 153
133 171
133 175
134 141
134 154
134 163
134 176
134 190
135 141
135 155
135 156
135 177
135 182
135 189
136 191
136 194
137 169
138 140
138 148
138 166
138 174
138 199
139 177
139 196
140 156
140 165
140 189
140 194
141 147
142 174
142 189
143 157
144 172
144 191
145 168
146 153
146 172
148 178
148 199
149 180
150 195
150 199
151 163
151 177
152 172
152 183
153 185
154 155
155 179
155 180
155 181
156 167
156 179
156 193
156 195
156 196
156 197
157 183
158 166
159 168
159 170
160 174
160 183
163 180
164 169
164 176
164 186
165 166
166 185
166 188
168 195
170 192
172 182
172 195
179 191
180 196
183 189
191 196
192 193
