0 1
0 2
0 3
0 4
0 5
0 6
0 7
0 8
0 9
0 10
0 11
0 12
0 13
0 14
0 15
0 16
0 17
0 18
0 19
0 20
0 21
0 22
0 23
0 24
0 25
0 26
0 27
0 29
0 30
0 31
0 32
0 34
0 35
0 36
0 37
0 38
0 40
0 41
0 42
0 43
0 44
0 45
0 48
0 50
0 51
0 52
0 55
0 69
0 70
0 73
0 78
0 80
0 81
0 84
0 85
0 87
0 90
0 92
0 93
0 97
0 98
0 106
0 108
0 122
0 131
0 132
0 142
0 144
0 154
0 155
0 156
0 157
0 164
0 177
0 178
0 191
0 194
0 199
1 16
1 17
1 18
1 19
1 20
1 23
1 26
1 28
1 29
1 31
1 34
1 35
1 36
1 43
1 51
1 52
1 53
1 56
1 57
1 60
1 62
1 71
1 72
1 74
1 75
1 83
1 86
1 95
1 103
1 108
1 111
1 116
1 117
1 123
1 126
1 129
1 130
1 139
1 143
1 144
1 149
1 150
1 155
1 160
1 170
1 183
1 186
1 189
1 193
2 16
2 17
2 18
2 19
2 20
2 21
2 38
2 47
2 48
2 117
2 135
2 146
2 161
2 165
2 183
2 192
2 198
3 16
3 17
3 18
3 19
3 20
3 21
3 23
3 24
3 25
3 27
3 28
3 31
3 33
3 36
3 39
3 40
3 45
3 47
3 49
3 50
3 53
3 57
3 65
3 67
3 68
3 76
3 83
3 84
3 85
3 86
3 93
3 95
3 99
3 101
3 102
3 107
3 115
3 116
3 119
3 123
3 143
3 144
3 170
3 173
3 185
3 190
3 191
3 192
4 16
4 17
4 18
4 19
4 20
4 21
4 22
4 23
4 24
4 25
4 33
4 36
4 37
4 38
4 44
4 53
4 55
4 60
4 66
4 67
4 82
4 92
4 124
4 132
4 164
4 165
4 189
5 16
5 17
5 18
5 21
5 22
5 23
5 26
5 28
5 31
5 32
5 43
5 44
5 46
5 47
5 52
5 54
5 57
5 67
5 68
5 74
5 79
5 83
5 84
5 96
5 104
5 106
5 116
5 133
5 160
5 197
6 16
6 17
6 18
6 19
6 20
6 21
6 25
6 27
6 31
6 42
6 49
6 50
6 53
6 54
6 57
6 61
6 64
6 66
6 68
6 76
6 80
6 85
6 91
6 94
6 96
6 106
6 115
6 117
6 138
6 156
6 163
6 171
6 176
6 177
6 181
6 196
6 197
7 16
7 18
7 20
7 24
7 25
7 27
7 28
7 29
7 31
7 35
7 47
7 53
7 54
7 60
7 66
7 73
7 75
7 116
7 123
7 165
7 167
7 174
7 176
7 192
8 16
8 17
8 18
8 19
8 25
8 34
8 58
8 67
8 72
8 75
8 87
8 163
8 171
8 179
9 19
9 22
9 23
9 24
9 25
9 26
9 29
9 30
9 32
9 37
9 38
9 39
9 40
9 41
9 42
9 44
9 50
9 52
9 55
9 59
9 61
9 65
9 68
9 82
9 90
9 98
9 103
9 104
9 110
9 144
9 149
9 154
9 168
9 172
9 182
9 185
9 187
9 192
10 16
10 17
10 18
10 19
10 20
10 22
10 23
10 27
10 28
10 33
10 36
10 37
10 43
10 44
10 46
10 61
10 62
10 73
10 76
10 83
10 85
10 89
10 96
10 122
10 123
10 124
10 125
10 127
10 141
10 142
10 151
10 153
10 192
11 16
11 17
11 18
11 19
11 22
11 23
11 24
11 25
11 26
11 27
11 28
11 32
11 34
11 35
11 36
11 39
11 40
11 42
11 43
11 44
11 48
11 50
11 54
11 55
11 56
11 60
11 61
11 64
11 68
11 69
11 71
11 73
11 78
11 79
11 80
11 81
11 82
11 92
11 94
11 97
11 104
11 106
11 113
11 115
11 119
11 123
11 127
11 128
11 140
11 142
11 151
11 158
11 167
11 174
11 177
11 183
11 185
11 187
11 192
12 16
12 17
12 18
12 20
12 21
12 22
12 23
12 26
12 28
12 29
12 33
12 36
12 48
12 49
12 58
12 59
12 63
12 67
12 69
12 72
12 77
12 82
12 84
12 91
12 96
12 102
12 118
12 121
12 125
12 132
12 140
12 142
12 145
12 151
12 153
12 161
12 182
12 188
12 195
13 16
13 17
13 20
13 21
13 22
13 26
13 30
13 34
13 39
13 41
13 42
13 59
13 66
13 99
13 104
13 118
13 172
13 192
13 196
13 197
14 16
14 17
14 18
14 19
14 20
14 21
14 22
14 24
14 30
14 34
14 47
14 69
14 83
14 84
14 127
14 146
14 151
14 158
14 161
14 171
14 181
14 185
14 194
14 195
15 16
15 17
15 19
15 21
15 22
15 23
15 24
15 26
15 27
15 29
15 30
15 39
15 43
15 45
15 46
15 50
15 51
15 52
15 62
15 63
15 81
15 82
15 91
15 92
15 100
15 104
15 111
15 123
15 130
15 136
15 158
15 188
16 17
16 18
16 19
16 20
16 21
16 22
16 23
16 27
16 28
16 29
16 30
16 31
16 32
16 33
16 34
16 35
16 37
16 40
16 41
16 42
16 44
16 46
16 51
16 52
16 54
16 56
16 57
16 58
16 59
16 61
16 64
16 66
16 72
16 73
16 78
16 79
16 80
16 86
16 90
16 91
16 94
16 108
16 112
16 113
16 116
16 117
16 122
16 129
16 132
16 144
16 148
16 150
16 157
16 158
16 162
16 179
17 18
17 19
17 20
17 21
17 22
17 23
17 24
17 25
17 27
17 28
17 30
17 31
17 32
17 34
17 36
17 38
17 40
17 41
17 45
17 47
17 48
17 50
17 51
17 53
17 55
17 56
17 58
17 59
17 65
17 72
17 90
17 95
17 106
17 111
17 112
17 116
17 121
17 127
17 142
17 143
17 151
17 153
17 159
17 175
17 179
17 187
17 195
18 19
18 20
18 21
18 22
18 23
18 24
18 25
18 26
18 27
18 28
18 29
18 30
18 31
18 32
18 33
18 34
18 39
18 40
18 41
18 42
18 43
18 44
18 48
18 49
18 51
18 52
18 53
18 54
18 56
18 57
18 61
18 62
18 63
18 64
18 65
18 66
18 68
18 70
18 71
18 75
18 77
18 78
18 79
18 82
18 89
18 90
18 98
18 101
18 105
18 108
18 109
18 112
18 118
18 119
18 121
18 123
18 126
18 133
18 134
18 136
18 138
18 145
18 147
18 148
18 153
18 158
18 161
18 163
18 169
18 174
18 177
18 178
18 180
18 184
18 190
18 194
18 196
18 199
19 20
19 21
19 22
19 24
19 25
19 26
19 30
19 31
19 32
19 33
19 34
19 38
19 39
19 43
19 46
19 52
19 53
19 55
19 59
19 61
19 65
19 66
19 67
19 68
19 73
19 74
19 75
19 82
19 87
19 88
19 90
19 93
19 94
19 96
19 100
19 101
19 102
19 103
19 105
19 107
19 110
19 118
19 120
19 124
19 126
19 130
19 137
19 141
19 142
19 145
19 148
19 150
19 155
19 160
19 161
19 162
19 171
19 173
19 177
19 178
19 181
19 190
19 197
19 199
20 21
20 23
20 24
20 25
20 26
20 27
20 28
20 29
20 31
20 32
20 33
20 34
20 35
20 36
20 37
20 39
20 40
20 44
20 45
20 46
20 47
20 54
20 56
20 59
20 63
20 70
20 74
20 79
20 80
20 84
20 88
20 89
20 92
20 95
20 97
20 101
20 102
20 103
20 104
20 105
20 109
20 112
20 123
20 126
20 127
20 132
20 136
20 139
20 140
20 141
20 152
20 154
20 168
20 172
20 173
20 175
20 178
20 189
20 195
21 22
21 24
21 25
21 28
21 30
21 31
21 32
21 33
21 34
21 35
21 36
21 38
21 40
21 41
21 42
21 44
21 49
21 50
21 60
21 62
21 63
21 64
21 66
21 67
21 68
21 73
21 76
21 79
21 80
21 83
21 84
21 85
21 87
21 88
21 90
21 94
21 95
21 97
21 98
21 101
21 102
21 108
21 110
21 124
21 126
21 127
21 128
21 129
21 132
21 141
21 143
21 151
21 154
21 156
21 157
21 159
21 179
21 180
21 188
22 23
22 24
22 25
22 26
22 27
22 29
22 30
22 35
22 37
22 39
22 41
22 44
22 47
22 54
22 57
22 58
22 60
22 63
22 64
22 65
22 67
22 69
22 70
22 72
22 77
22 81
22 85
22 87
22 93
22 99
22 109
22 112
22 113
22 131
22 133
22 140
22 142
22 150
22 152
22 155
22 160
22 162
22 175
22 187
23 24
23 25
23 26
23 27
23 29
23 30
23 33
23 35
23 39
23 45
23 47
23 48
23 49
23 50
23 55
23 56
23 58
23 61
23 62
23 63
23 67
23 71
23 74
23 75
23 76
23 83
23 88
23 97
23 99
23 103
23 109
23 112
23 115
23 117
23 119
23 122
23 128
23 137
23 138
23 142
23 148
23 156
23 158
23 159
23 161
23 163
23 165
23 166
23 175
23 180
23 191
23 193
23 194
24 26
24 30
24 31
24 32
24 33
24 34
24 35
24 36
24 37
24 38
24 39
24 40
24 41
24 42
24 43
24 45
24 47
24 49
24 52
24 53
24 54
24 56
24 61
24 62
24 63
24 68
24 80
24 81
24 83
24 89
24 90
24 93
24 95
24 99
24 102
24 103
24 110
24 111
24 112
24 118
24 119
24 120
24 122
24 124
24 127
24 140
24 141
24 146
24 147
24 148
24 152
24 163
24 164
24 172
24 175
24 183
24 187
25 26
25 27
25 28
25 29
25 30
25 33
25 34
25 35
25 40
25 41
25 42
25 44
25 45
25 46
25 49
25 52
25 54
25 55
25 62
25 63
25 65
25 68
25 70
25 71
25 74
25 75
25 80
25 88
25 89
25 93
25 95
25 96
25 97
25 100
25 105
25 112
25 113
25 122
25 125
25 130
25 131
25 138
25 142
25 147
25 151
25 153
25 158
25 160
25 162
25 168
25 175
25 180
25 182
25 183
25 187
25 192
25 196
25 198
26 27
26 28
26 29
26 34
26 35
26 36
26 37
26 48
26 51
26 52
26 55
26 60
26 62
26 67
26 68
26 73
26 77
26 78
26 83
26 84
26 88
26 92
26 97
26 105
26 107
26 112
26 113
26 120
26 122
26 125
26 126
26 129
26 142
26 149
26 150
26 160
26 162
26 173
26 176
26 179
26 190
27 28
27 29
27 31
27 32
27 33
27 35
27 37
27 38
27 41
27 43
27 45
27 47
27 50
27 52
27 58
27 59
27 60
27 62
27 70
27 71
27 75
27 77
27 79
27 83
27 84
27 86
27 89
27 91
27 92
27 95
27 101
27 108
27 124
27 133
27 136
27 137
27 139
27 145
27 154
27 157
27 162
27 166
27 171
27 172
27 180
27 189
27 196
28 29
28 32
28 33
28 38
28 39
28 46
28 48
28 49
28 51
28 52
28 56
28 60
28 63
28 68
28 69
28 70
28 73
28 76
28 78
28 91
28 97
28 99
28 101
28 102
28 105
28 106
28 120
28 133
28 137
28 149
28 150
28 157
28 161
28 166
28 170
28 178
28 180
28 189
29 30
29 31
29 32
29 36
29 37
29 38
29 42
29 45
29 46
29 48
29 49
29 53
29 56
29 57
29 58
29 61
29 64
29 79
29 82
29 84
29 87
29 94
29 97
29 100
29 101
29 103
29 108
29 118
29 125
29 132
29 134
29 135
29 137
29 141
29 157
29 161
29 162
29 163
29 164
29 166
29 167
29 168
29 175
29 176
29 197
29 198
30 32
30 33
30 35
30 37
30 39
30 40
30 41
30 43
30 46
30 47
30 48
30 50
30 68
30 69
30 74
30 76
30 85
30 86
30 89
30 90
30 93
30 110
30 111
30 114
30 117
30 128
30 134
30 136
30 144
30 146
30 154
30 159
30 167
30 168
30 169
30 171
30 173
30 174
30 177
30 179
30 184
30 185
30 194
30 195
31 37
31 38
31 40
31 41
31 46
31 49
31 56
31 64
31 66
31 67
31 71
31 77
31 79
31 82
31 85
31 88
31 94
31 95
31 104
31 120
31 125
31 126
31 140
31 159
31 165
31 173
31 175
31 179
31 188
31 190
32 37
32 38
32 40
32 42
32 44
32 47
32 48
32 51
32 57
32 59
32 60
32 68
32 69
32 70
32 74
32 77
32 78
32 88
32 92
32 96
32 97
32 100
32 101
32 102
32 103
32 104
32 105
32 107
32 121
32 128
32 131
32 138
32 143
32 146
32 148
32 151
32 152
32 154
32 163
32 177
32 181
32 185
32 186
32 188
33 35
33 39
33 42
33 60
33 61
33 71
33 76
33 79
33 89
33 91
33 120
33 126
33 144
33 149
33 155
33 157
33 172
33 183
33 198
34 36
34 37
34 38
34 40
34 41
34 45
34 48
34 49
34 58
34 63
34 65
34 72
34 74
34 78
34 81
34 87
34 89
34 98
34 99
34 106
34 113
34 130
34 144
34 147
34 151
34 153
34 156
34 164
34 170
34 174
34 179
35 36
35 38
35 39
35 43
35 46
35 48
35 50
35 53
35 54
35 55
35 56
35 61
35 62
35 63
35 64
35 71
35 81
35 83
35 86
35 88
35 89
35 92
35 96
35 101
35 109
35 114
35 120
35 121
35 125
35 127
35 130
35 139
35 150
35 152
35 165
35 167
35 168
35 176
35 180
35 182
35 186
35 190
35 192
36 41
36 57
36 62
36 63
36 64
36 65
36 67
36 70
36 72
36 76
36 78
36 79
36 82
36 89
36 90
36 92
36 106
36 122
36 130
36 138
36 147
36 149
36 154
36 174
36 194
36 196
37 46
37 47
37 49
37 53
37 54
37 55
37 59
37 64
37 65
37 78
37 86
37 87
37 91
37 93
37 96
37 100
37 114
37 115
37 116
37 118
37 123
37 128
37 134
37 135
37 142
37 149
37 166
37 169
37 170
37 175
37 180
37 184
37 196
38 43
38 45
38 46
38 56
38 57
38 76
38 80
38 86
38 87
38 90
38 95
38 96
38 98
38 104
38 107
38 123
38 129
38 132
38 151
38 155
38 159
38 182
38 184
38 187
38 193
38 197
39 44
39 53
39 58
39 61
39 64
39 70
39 75
39 77
39 78
39 81
39 88
39 93
39 94
39 99
39 106
39 113
39 115
39 121
39 127
39 128
39 129
39 133
39 138
39 140
39 144
39 164
39 165
39 167
39 173
39 174
39 185
39 194
40 42
40 43
40 45
40 49
40 50
40 51
40 52
40 71
40 75
40 76
40 89
40 94
40 108
40 110
40 113
40 114
40 115
40 122
40 137
40 139
40 159
40 174
40 197
41 42
41 44
41 45
41 46
41 50
41 51
41 54
41 55
41 58
41 60
41 64
41 65
41 75
41 78
41 81
41 82
41 85
41 94
41 100
41 101
41 110
41 127
41 134
41 137
41 155
41 156
41 162
41 164
41 177
41 193
42 43
42 45
42 47
42 48
42 58
42 61
42 66
42 67
42 72
42 131
42 139
42 146
42 149
42 167
42 169
42 187
42 196
43 50
43 59
43 65
43 71
43 91
43 124
43 126
43 182
43 191
44 49
44 68
44 77
44 100
44 121
44 125
44 129
44 132
44 139
44 148
44 178
44 199
45 55
45 58
45 63
45 72
45 76
45 98
45 100
45 101
45 103
45 117
45 121
45 130
45 136
45 145
45 155
45 165
45 184
46 58
46 60
46 82
46 86
46 94
46 107
46 111
46 126
46 135
46 136
46 138
46 144
46 159
46 164
46 183
47 51
47 53
47 55
47 59
47 60
47 69
47 73
47 74
47 84
47 111
47 132
47 134
47 142
47 161
47 166
47 188
48 51
48 52
48 53
48 57
48 70
48 74
48 77
48 83
48 85
48 88
48 97
48 107
48 111
48 122
48 136
48 166
49 51
49 65
49 76
49 77
49 92
49 94
49 95
49 98
49 105
49 119
49 126
49 135
49 193
49 197
50 51
50 54
50 55
50 57
50 62
50 69
50 81
50 90
50 103
50 105
50 107
50 108
50 111
50 118
50 119
50 120
50 121
50 133
50 166
50 199
51 57
51 66
51 70
51 76
51 81
51 82
51 99
51 106
51 113
51 125
51 130
51 140
51 143
51 154
51 156
51 164
51 171
52 72
52 73
52 85
52 89
52 96
52 99
52 102
52 103
52 104
52 123
52 127
52 159
52 173
52 176
52 179
52 182
52 194
52 197
53 54
53 66
53 69
53 90
53 94
53 95
53 97
53 103
53 114
53 116
53 119
53 128
53 133
53 140
53 141
53 192
54 56
54 57
54 58
54 59
54 63
54 64
54 72
54 80
54 88
54 91
54 107
54 108
54 123
54 130
54 160
54 186
54 188
54 191
55 56
55 60
55 70
55 74
55 87
55 105
55 109
55 120
55 121
55 129
55 141
55 158
55 161
55 169
55 184
55 199
56 59
56 73
56 75
56 80
56 86
56 94
56 98
56 100
56 102
56 113
56 114
56 135
56 148
56 150
56 152
56 162
56 168
56 179
56 197
57 59
57 61
57 62
57 64
57 66
57 69
57 74
57 78
57 81
57 84
57 86
57 102
57 107
57 112
57 117
57 132
57 144
57 149
57 165
57 172
57 178
57 184
57 189
57 193
57 198
58 71
58 75
58 83
58 97
58 111
58 140
58 144
58 150
58 161
58 170
58 174
58 175
58 181
58 192
59 62
59 74
59 79
59 87
59 93
59 105
59 112
59 117
59 124
59 131
59 137
59 142
59 154
59 172
59 184
59 196
60 67
60 87
60 91
60 114
60 118
60 119
60 134
60 135
60 145
60 149
60 159
60 160
60 172
60 181
60 190
61 71
61 73
61 82
61 85
61 100
61 114
61 115
61 133
61 134
61 138
61 139
61 149
61 150
61 154
61 157
61 165
61 168
61 177
61 187
62 65
62 73
62 77
62 92
62 147
62 156
62 168
62 171
63 65
63 66
63 69
63 73
63 75
63 77
63 85
63 104
63 125
63 127
63 134
63 188
64 66
64 67
64 69
64 72
64 78
64 88
64 98
64 99
64 103
64 113
64 120
64 135
64 147
64 151
64 180
65 70
65 72
65 74
65 79
65 82
65 84
65 86
65 88
65 105
65 106
65 141
65 143
65 172
65 188
65 197
66 69
66 70
66 71
66 80
66 92
66 93
66 96
66 116
66 129
66 138
66 143
66 174
66 186
67 72
67 77
67 81
67 85
67 86
67 88
67 104
67 118
67 129
67 134
67 160
67 189
68 71
68 76
68 79
68 80
68 108
68 114
68 125
68 140
68 148
68 158
68 168
68 177
68 178
68 187
68 193
68 196
69 79
69 80
69 86
69 89
69 90
69 93
69 95
69 105
69 109
69 115
69 116
69 121
69 123
69 129
69 132
69 148
69 149
69 170
69 176
69 187
69 188
69 193
70 114
70 129
70 135
70 137
70 147
70 151
70 165
70 166
70 169
71 90
71 94
71 104
71 108
71 124
71 126
71 133
71 142
71 146
71 153
71 163
71 178
71 195
71 196
71 199
72 105
72 120
72 122
72 136
72 153
72 158
72 161
72 162
73 75
73 93
73 97
73 98
73 99
73 116
73 124
73 133
73 152
73 184
73 191
74 81
74 89
74 91
74 98
74 103
74 114
74 115
74 131
74 136
74 150
74 182
74 183
74 190
74 192
75 77
75 78
75 80
75 92
75 95
75 107
75 109
75 112
75 116
75 118
75 145
75 148
75 163
75 176
75 185
75 198
76 84
76 106
76 130
76 143
76 154
76 184
76 191
77 81
77 98
77 107
77 111
77 114
77 121
77 122
77 128
77 133
77 177
77 194
78 87
78 93
78 106
78 107
78 110
78 114
78 117
78 118
78 120
78 136
78 147
78 156
78 157
78 159
78 165
78 166
78 178
78 183
78 192
78 197
79 83
79 87
79 91
79 98
79 109
79 133
79 134
79 146
79 153
79 154
79 157
79 158
79 185
80 95
80 96
80 102
80 108
80 109
80 117
80 125
80 126
80 139
80 143
80 145
80 147
80 168
80 173
80 187
81 84
81 87
81 91
81 96
81 117
81 179
81 184
81 193
82 83
82 99
82 100
82 105
82 106
82 112
82 135
82 166
82 171
83 85
83 96
83 107
83 108
83 110
83 118
83 119
83 122
83 156
83 180
83 189
84 101
84 104
84 115
84 127
84 131
84 135
84 136
84 139
84 164
84 171
84 172
84 176
84 177
85 86
85 100
85 110
85 115
85 145
85 148
85 160
85 174
85 181
85 193
86 92
86 100
86 109
86 120
86 133
86 151
86 170
86 196
87 91
87 109
87 131
87 138
87 141
87 156
87 173
87 174
87 181
87 186
87 188
87 194
88 103
88 113
88 131
88 149
88 163
88 198
89 100
89 104
89 107
89 110
89 113
89 117
89 138
89 157
89 169
89 189
89 198
90 99
90 110
90 121
90 124
90 128
90 155
90 161
90 170
90 178
91 93
91 98
91 124
91 128
91 130
91 131
91 144
91 145
91 146
91 168
91 169
91 172
92 109
92 117
92 119
92 139
92 141
92 163
92 169
92 189
92 193
93 97
93 102
93 110
93 118
93 134
93 153
93 170
93 179
93 191
94 110
94 111
94 124
94 127
94 131
94 145
94 146
94 162
94 174
94 196
94 197
95 101
95 102
95 115
95 140
96 99
96 101
96 111
96 120
96 123
96 132
96 136
96 163
96 174
96 179
96 183
96 194
97 111
97 130
97 141
97 143
97 190
97 191
97 199
98 119
98 129
98 142
98 143
98 153
98 158
98 169
98 176
98 181
98 183
98 190
98 191
99 106
99 119
99 126
99 135
99 140
99 152
99 159
99 167
99 190
100 109
100 115
100 147
100 171
100 195
101 102
101 118
101 145
101 193
102 155
102 167
102 171
102 181
102 182
103 112
103 113
103 116
103 121
103 127
103 131
103 132
103 158
103 172
104 108
104 111
104 114
104 146
104 152
104 155
104 170
104 179
104 188
105 113
105 130
105 134
105 162
105 175
106 109
106 116
106 122
106 124
106 125
106 137
106 156
106 185
107 110
107 137
107 138
107 155
108 122
108 150
108 152
108 153
108 158
108 169
108 178
108 180
108 199
109 115
109 125
109 128
109 136
109 141
109 148
109 166
109 173
109 176
109 198
110 112
110 117
110 129
110 150
110 156
110 169
110 193
111 114
111 137
111 141
111 164
111 180
111 192
112 126
112 138
112 164
112 190
112 198
113 116
113 120
113 128
113 135
113 152
114 119
114 124
114 129
114 143
114 190
115 119
115 131
115 135
115 143
115 147
115 148
115 149
115 167
115 170
115 175
115 178
115 179
115 182
115 198
116 121
116 123
116 138
116 154
116 156
116 181
116 182
116 191
117 125
117 145
117 147
117 165
117 166
117 183
118 156
118 162
118 170
118 176
118 199
119 141
119 145
119 169
119 195
120 128
120 139
121 132
121 160
121 169
121 173
121 177
121 188
122 128
122 131
122 133
122 139
122 140
122 198
124 159
124 160
124 192
125 134
125 143
125 170
125 189
125 190
126 137
126 157
126 167
126 175
126 185
127 136
127 137
127 144
127 150
127 153
127 182
127 195
128 139
128 145
128 154
128 163
128 173
128 199
129 130
129 161
129 167
129 172
130 144
130 151
130 167
130 172
130 182
131 135
131 137
131 166
131 181
132 147
132 149
132 162
133 134
133 146
133 187
133 196
134 139
134 146
134 157
134 176
135 150
135 151
135 160
135 169
135 198
136 140
136 152
136 155
136 158
136 191
136 199
137 146
137 147
137 153
137 178
137 190
137 194
138 152
138 191
138 195
139 185
139 186
140 157
140 178
140 186
141 166
141 181
142 152
142 160
142 163
142 165
142 173
142 180
142 182
142 186
143 146
143 159
143 167
143 181
144 152
144 155
144 160
144 198
145 168
146 195
147 148
147 171
147 176
147 180
148 155
148 157
148 171
148 177
149 159
150 153
150 164
150 177
150 184
150 185
150 189
150 193
151 183
152 161
152 163
152 164
152 165
152 167
152 176
153 197
154 197
155 162
155 196
156 173
156 174
156 195
157 164
157 187
158 168
158 184
159 189
160 175
161 184
161 198
162 171
163 168
164 183
165 186
166 191
167 170
167 186
167 195
169 183
170 180
170 185
171 184
171 189
172 191
173 175
173 185
173 188
175 186
175 199
178 181
179 186
180 182
180 194
181 187
182 188
182 194
184 186
185 186
186 195
187 189
187 199
188 193
189 194
189 199
191 195
