0 1
0 2
0 3
0 4
0 5
0 6
0 7
0 8
0 9
0 10
0 11
0 12
0 13
0 14
0 15
0 16
0 17
0 18
0 19
0 20
0 22
0 23
0 24
0 26
0 27
0 31
0 33
0 38
0 39
0 41
0 47
0 50
0 55
0 56
0 59
0 63
0 71
0 72
0 77
0 79
0 83
0 85
0 93
0 107
0 108
0 116
0 121
0 128
0 130
0 138
0 140
0 145
0 147
0 155
0 157
0 158
0 164
0 165
0 166
0 170
0 179
0 195
0 198
0 199
1 11
1 13
1 14
1 16
1 19
1 26
1 27
1 29
1 30
1 32
1 36
1 42
1 43
1 46
1 51
1 54
1 61
1 62
1 94
1 100
1 120
1 126
1 128
1 147
1 158
1 164
1 174
1 175
1 192
1 199
2 11
2 13
2 16
2 17
2 18
2 21
2 22
2 24
2 26
2 28
2 29
2 30
2 39
2 41
2 44
2 47
2 48
2 51
2 52
2 60
2 61
2 66
2 68
2 78
2 82
2 84
2 85
2 89
2 97
2 98
2 100
2 111
2 120
2 122
2 127
2 132
2 133
2 134
2 139
2 149
2 164
2 168
2 184
2 187
2 190
2 198
3 11
3 12
3 13
3 17
3 23
3 28
3 30
3 31
3 34
3 38
3 43
3 45
3 46
3 47
3 48
3 71
3 78
3 79
3 81
3 90
3 91
3 101
3 107
3 108
3 111
3 118
3 126
3 135
3 138
3 142
3 148
3 158
3 174
4 11
4 12
4 13
4 15
4 17
4 18
4 20
4 22
4 33
4 38
4 40
4 42
4 47
4 50
4 51
4 60
4 62
4 74
4 76
4 85
4 103
4 108
4 113
4 119
4 140
4 146
4 149
4 182
5 12
5 15
5 20
5 27
5 29
5 31
5 33
5 35
5 48
5 51
5 58
5 73
5 74
5 105
5 109
5 152
5 195
6 11
6 12
6 13
6 14
6 15
6 17
6 18
6 19
6 27
6 31
6 36
6 37
6 39
6 41
6 43
6 44
6 45
6 46
6 53
6 54
6 73
6 81
6 97
6 116
6 139
6 144
6 157
6 162
6 164
6 178
6 179
6 194
7 11
7 12
7 13
7 14
7 16
7 20
7 23
7 28
7 36
7 37
7 47
7 48
7 61
7 63
7 72
7 84
7 115
7 159
8 11
8 12
8 14
8 15
8 16
8 17
8 18
8 19
8 20
8 21
8 23
8 25
8 28
8 35
8 41
8 45
8 52
8 57
8 62
8 64
8 65
8 73
8 75
8 76
8 82
8 83
8 84
8 85
8 89
8 91
8 97
8 105
8 111
8 112
8 136
8 138
8 148
8 152
8 171
8 178
8 195
8 196
8 197
9 11
9 12
9 13
9 14
9 15
9 17
9 18
9 19
9 20
9 22
9 24
9 25
9 27
9 31
9 32
9 33
9 37
9 39
9 42
9 46
9 53
9 72
9 77
9 85
9 86
9 95
9 97
9 106
9 121
9 127
9 144
9 152
9 162
9 173
9 191
9 194
10 11
10 12
10 14
10 18
10 21
10 25
10 28
10 29
10 32
10 80
10 81
10 89
10 94
10 131
10 162
10 173
10 177
10 197
11 12
11 13
11 14
11 15
11 16
11 18
11 19
11 22
11 23
11 24
11 25
11 26
11 29
11 30
11 32
11 34
11 35
11 36
11 37
11 40
11 41
11 42
11 45
11 48
11 50
11 51
11 52
11 53
11 54
11 55
11 57
11 59
11 60
11 61
11 66
11 69
11 70
11 73
11 76
11 77
11 80
11 87
11 90
11 91
11 96
11 100
11 102
11 103
11 104
11 108
11 112
11 113
11 114
11 116
11 118
11 124
11 126
11 127
11 131
11 132
11 133
11 134
11 136
11 142
11 150
11 156
11 162
11 174
11 179
11 189
12 13
12 14
12 15
12 16
12 17
12 18
12 21
12 22
12 24
12 25
12 27
12 28
12 33
12 34
12 36
12 45
12 47
12 48
12 50
12 52
12 58
12 59
12 60
12 61
12 63
12 68
12 72
12 74
12 75
12 82
12 83
12 87
12 89
12 90
12 101
12 102
12 105
12 106
12 110
12 113
12 117
12 118
12 122
12 123
12 124
12 126
12 128
12 133
12 149
12 150
12 151
12 164
12 169
12 171
12 176
12 178
12 179
12 184
12 188
12 189
12 193
12 194
12 196
12 199
13 14
13 15
13 16
13 17
13 19
13 20
13 21
13 22
13 29
13 30
13 31
13 32
13 34
13 35
13 37
13 39
13 41
13 43
13 51
13 57
13 58
13 64
13 65
13 67
13 68
13 70
13 81
13 82
13 103
13 106
13 107
13 111
13 112
13 113
13 115
13 123
13 124
13 126
13 129
13 140
13 145
13 149
13 151
13 153
13 154
13 161
13 167
13 181
13 183
13 187
14 15
14 16
14 26
14 27
14 29
14 30
14 34
14 35
14 38
14 39
14 41
14 42
14 43
14 46
14 52
14 53
14 56
14 63
14 64
14 65
14 66
14 73
14 75
14 77
14 78
14 80
14 83
14 87
14 89
14 92
14 114
14 115
14 116
14 117
14 119
14 121
14 135
14 136
14 138
14 157
14 164
14 165
14 167
14 173
14 180
14 189
14 191
14 196
14 198
15 16
15 20
15 21
15 23
15 24
15 25
15 26
15 30
15 31
15 33
15 35
15 36
15 39
15 40
15 43
15 44
15 50
15 51
15 59
15 65
15 86
15 91
15 97
15 122
15 136
15 140
15 153
15 182
15 187
15 191
16 17
16 18
16 19
16 21
16 22
16 23
16 24
16 25
16 26
16 27
16 28
16 30
16 31
16 34
16 38
16 39
16 45
16 49
16 53
16 55
16 56
16 57
16 65
16 66
16 69
16 75
16 77
16 79
16 83
16 88
16 91
16 98
16 125
16 127
16 128
16 129
16 133
16 143
16 158
16 171
16 178
16 181
16 184
16 195
17 19
17 21
17 22
17 23
17 25
17 29
17 32
17 34
17 37
17 40
17 43
17 44
17 50
17 53
17 58
17 62
17 91
17 92
17 102
17 107
17 129
17 130
17 131
17 136
17 142
17 144
17 146
17 173
17 176
17 178
17 190
18 19
18 20
18 21
18 22
18 24
18 25
18 26
18 27
18 28
18 29
18 30
18 33
18 34
18 38
18 40
18 44
18 46
18 49
18 50
18 51
18 54
18 58
18 60
18 61
18 62
18 65
18 67
18 69
18 71
18 72
18 74
18 77
18 81
18 84
18 85
18 89
18 95
18 98
18 101
18 107
18 111
18 124
18 128
18 129
18 133
18 142
18 144
18 149
18 161
18 162
18 168
18 173
19 20
19 28
19 31
19 33
19 38
19 47
19 48
19 50
19 55
19 60
19 72
19 75
19 77
19 78
19 79
19 94
19 110
19 112
19 116
19 117
19 119
19 120
19 130
19 134
19 135
19 146
19 169
19 174
19 198
20 21
20 23
20 27
20 31
20 32
20 53
20 54
20 58
20 62
20 69
20 70
20 74
20 75
20 77
20 97
20 98
20 99
20 102
20 105
20 110
20 118
20 128
20 134
20 135
20 153
20 163
20 172
20 174
20 183
20 186
21 23
21 24
21 29
21 35
21 37
21 45
21 52
21 54
21 57
21 64
21 71
21 73
21 75
21 81
21 88
21 89
21 127
21 147
21 148
21 151
21 156
21 161
21 163
21 172
21 173
21 182
21 187
21 188
21 193
22 25
22 26
22 30
22 32
22 33
22 34
22 40
22 49
22 60
22 68
22 80
22 96
22 103
22 117
22 120
22 121
22 135
22 151
22 160
22 161
22 163
22 168
22 183
22 185
23 24
23 35
23 40
23 46
23 64
23 65
23 71
23 86
23 88
23 92
23 97
23 99
23 104
23 117
23 122
23 126
23 171
23 185
23 186
23 188
23 194
24 28
24 35
24 36
24 38
24 40
24 44
24 47
24 49
24 65
24 87
24 90
24 91
24 92
24 100
24 108
24 111
24 123
24 125
24 127
24 134
24 141
24 169
24 171
24 172
24 185
24 195
25 26
25 38
25 46
25 60
25 61
25 62
25 70
25 82
25 99
25 100
25 105
25 110
25 123
25 135
25 136
25 138
25 147
25 157
25 160
25 180
25 194
26 32
26 37
26 44
26 53
26 54
26 57
26 59
26 67
26 69
26 71
26 75
26 86
26 88
26 95
26 113
26 155
26 156
26 159
26 191
26 198
27 35
27 36
27 42
27 44
27 52
27 53
27 56
27 68
27 69
27 72
27 75
27 80
27 81
27 89
27 90
27 92
27 98
27 130
27 132
27 145
27 148
27 167
27 175
27 193
28 37
28 38
28 43
28 47
28 54
28 56
28 63
28 69
28 71
28 74
28 91
28 95
28 118
28 121
28 131
28 132
28 143
28 144
28 163
28 169
28 178
28 188
28 193
29 41
29 45
29 49
29 64
29 69
29 79
29 110
29 113
29 119
29 128
29 135
29 155
29 182
29 196
30 36
30 41
30 42
30 49
30 61
30 74
30 76
30 82
30 86
30 87
30 99
30 101
30 112
30 125
30 128
30 130
30 145
30 177
30 185
31 32
31 41
31 79
31 82
31 93
31 133
31 146
31 162
31 176
32 33
32 48
32 52
32 55
32 72
32 73
32 74
32 86
32 88
32 91
32 93
32 96
32 101
32 103
32 107
32 109
32 113
32 124
32 125
32 138
32 145
32 147
32 149
32 152
32 172
32 182
33 34
33 50
33 51
33 59
33 75
33 76
33 80
33 90
33 94
33 102
33 104
33 109
33 119
33 124
33 125
33 129
33 139
33 140
33 165
33 171
33 183
33 187
33 188
33 199
34 36
34 43
34 44
34 52
34 56
34 72
34 77
34 98
34 106
34 114
34 129
34 142
34 151
34 170
34 176
34 178
34 180
35 37
35 46
35 54
35 56
35 67
35 90
35 92
35 106
35 118
35 123
35 158
35 163
35 169
35 173
35 197
36 42
36 56
36 59
36 63
36 67
36 77
36 90
36 111
36 112
36 116
36 118
36 129
36 164
36 168
36 181
37 39
37 47
37 49
37 60
37 74
37 79
37 82
37 83
37 87
37 96
37 101
37 118
37 131
37 141
37 168
37 170
37 176
37 178
37 197
38 39
38 40
38 43
38 49
38 55
38 67
38 78
38 79
38 84
38 102
38 122
38 131
38 139
38 142
38 148
38 150
38 170
38 172
38 180
38 181
39 40
39 42
39 48
39 54
39 57
39 61
39 63
39 73
39 76
39 105
39 115
39 126
39 161
39 179
39 185
40 44
40 45
40 55
40 56
40 58
40 66
40 69
40 76
40 80
40 82
40 83
40 84
40 89
40 96
40 105
40 133
40 141
40 146
40 183
40 187
40 191
40 194
40 196
41 42
41 65
41 70
41 84
41 93
41 95
41 112
41 114
41 122
41 158
41 160
41 177
41 192
42 46
42 48
42 50
42 55
42 57
42 64
42 72
42 78
42 85
42 86
42 88
42 96
42 99
42 103
42 126
42 137
42 142
42 148
42 174
42 175
42 185
42 192
42 194
42 195
42 197
43 45
43 58
43 68
43 92
43 113
43 119
43 130
43 134
43 162
43 165
43 166
43 176
43 189
44 58
44 65
44 84
44 105
44 106
44 125
44 137
44 145
44 159
44 162
45 51
45 55
45 57
45 71
45 91
45 192
45 197
46 49
46 55
46 58
46 67
46 93
46 96
46 100
46 102
46 104
46 123
46 124
46 148
46 152
46 153
46 159
46 182
47 144
48 49
48 53
48 68
48 73
48 76
48 141
48 175
49 60
49 63
49 64
49 67
49 92
49 94
49 95
49 99
49 101
49 115
49 116
49 119
49 121
49 136
49 173
49 183
49 199
50 52
50 62
50 94
50 115
50 121
50 150
50 152
50 156
50 157
50 172
50 184
51 111
51 135
51 144
52 56
52 57
52 59
52 70
52 76
52 79
52 83
52 87
52 107
52 110
52 131
52 136
52 140
52 155
52 168
52 174
52 182
53 59
53 64
53 66
53 67
53 68
53 83
53 140
54 59
54 62
54 93
54 100
54 103
54 109
54 111
54 119
54 120
54 123
54 154
54 176
54 194
54 195
54 197
55 70
55 73
55 84
55 104
55 108
55 114
55 137
55 141
55 153
55 172
55 174
55 188
55 189
55 195
56 80
56 104
56 112
56 114
56 139
56 147
56 153
56 155
56 160
56 167
56 180
56 184
57 78
57 81
57 97
57 110
57 187
57 193
58 68
58 88
58 117
58 127
58 159
58 161
58 179
58 186
58 190
58 198
59 62
59 63
59 66
59 76
59 86
59 90
59 94
59 120
59 156
59 157
60 61
60 66
60 108
60 120
60 126
60 158
60 168
61 193
62 63
62 64
62 66
62 67
62 74
62 88
62 95
62 96
62 100
62 104
62 107
62 115
62 122
62 129
62 140
62 150
62 166
62 171
62 178
62 184
62 188
62 191
62 197
63 66
63 71
63 80
63 86
63 98
63 103
63 114
63 124
63 127
63 151
63 154
64 92
64 93
64 110
64 121
64 139
64 147
64 164
64 170
64 175
64 195
64 199
65 68
65 70
65 82
65 94
65 96
65 101
65 104
65 111
65 120
65 132
65 179
65 181
66 71
66 81
66 96
66 109
66 115
66 130
66 141
66 145
67 133
68 69
68 70
68 78
68 92
68 98
68 104
68 106
68 109
68 132
68 134
68 153
68 160
68 163
68 169
68 181
69 70
69 97
69 99
69 138
69 158
69 166
69 185
70 79
70 87
70 97
70 98
70 146
70 159
70 163
70 170
70 171
70 173
70 175
70 192
71 81
71 88
71 103
71 109
71 184
72 85
72 90
72 143
72 144
73 80
73 115
73 152
74 93
74 107
74 108
74 122
74 124
74 131
74 170
74 176
74 179
74 186
75 83
75 85
75 95
75 102
75 157
75 188
76 78
76 86
76 93
76 99
76 113
76 140
76 167
76 181
76 183
77 78
77 87
77 129
77 143
77 146
77 152
77 180
77 188
78 116
78 132
78 133
78 142
78 147
79 85
79 89
79 160
79 193
80 84
80 94
80 95
80 154
80 165
80 182
81 93
81 94
81 109
81 125
81 135
81 137
81 143
81 153
81 161
82 87
82 166
82 181
82 190
83 108
83 110
83 112
83 125
83 135
83 161
83 169
84 100
84 106
84 117
84 162
84 174
85 188
86 99
86 101
86 103
86 109
86 126
86 130
86 182
86 198
87 88
87 98
87 105
87 110
87 114
87 122
87 123
87 127
87 128
87 141
87 159
87 166
87 180
87 184
88 102
88 121
88 181
89 95
89 114
89 118
89 121
89 137
89 152
89 160
89 168
90 113
90 123
90 131
90 137
90 139
90 150
90 155
90 177
90 183
90 194
91 167
91 169
92 101
92 106
92 148
92 161
92 163
92 165
93 123
93 140
93 165
93 170
93 183
93 191
94 104
94 106
94 120
94 136
94 148
94 164
94 184
95 109
95 116
95 132
95 153
96 102
96 116
96 122
96 128
96 141
96 156
96 157
96 170
96 190
97 99
97 152
97 159
97 165
97 166
98 117
98 134
98 154
99 100
99 141
99 142
99 157
99 175
100 112
100 130
100 150
100 186
101 130
101 134
101 153
101 160
101 177
102 119
102 154
102 160
102 171
102 186
102 193
102 199
103 124
103 127
103 131
103 139
103 154
103 180
104 105
104 136
104 149
104 156
105 107
105 108
105 147
106 134
107 119
107 158
107 173
107 189
108 137
108 178
109 138
109 155
110 117
110 180
110 186
111 115
111 120
111 147
111 149
111 195
112 129
112 143
112 175
112 180
112 194
113 114
113 125
113 149
113 192
114 117
114 138
114 146
114 155
114 163
114 166
114 175
115 143
115 145
115 155
115 176
116 154
116 166
116 199
117 118
118 159
118 166
118 171
118 172
119 151
119 154
121 133
121 186
121 191
122 137
123 125
123 132
123 168
123 192
123 199
124 190
125 141
125 159
125 164
125 186
125 192
126 139
126 150
126 191
126 198
127 145
128 143
128 158
129 132
129 138
129 145
129 146
129 167
129 168
130 142
130 143
130 148
130 182
130 186
130 187
132 137
132 156
132 160
132 172
132 179
132 190
133 137
133 185
134 151
134 179
136 150
136 151
136 162
136 196
137 139
138 149
138 185
139 143
140 156
140 174
141 144
142 144
143 150
143 170
144 156
145 146
145 151
145 154
145 177
145 189
146 176
146 177
147 163
148 167
148 177
148 192
149 161
149 193
150 157
151 165
152 155
152 177
153 189
155 187
158 191
159 197
160 172
161 165
162 181
163 167
165 167
165 169
165 175
165 198
166 193
166 198
168 169
168 184
169 190
170 185
172 177
172 183
172 190
175 196
177 187
178 192
178 196
180 189
181 196
182 199
185 190
186 189
188 196
188 197
