0 1
0 2
0 3
0 4
0 5
0 6
0 7
0 8
0 9
0 10
0 11
0 12
0 13
0 14
0 15
0 16
0 18
0 20
0 22
0 23
0 27
0 28
0 29
0 30
0 31
0 32
0 33
0 35
0 37
0 39
0 40
0 41
0 42
0 43
0 44
0 48
0 53
0 55
0 56
0 57
0 59
0 60
0 61
0 64
0 66
0 73
0 76
0 77
0 78
0 79
0 81
0 82
0 85
0 86
0 94
0 98
0 102
0 104
0 111
0 119
0 122
0 123
0 127
0 134
0 138
0 143
0 145
0 158
0 159
0 167
0 171
0 174
0 183
0 186
0 187
0 195
0 198
1 16
1 17
1 21
1 34
1 42
1 53
1 69
1 78
1 94
1 100
1 120
1 157
1 159
1 192
2 11
2 12
2 13
2 14
2 21
2 22
2 23
2 24
2 25
2 26
2 27
2 36
2 38
2 39
2 54
2 57
2 66
2 68
2 73
2 79
2 84
2 93
2 94
2 119
2 120
2 127
2 135
2 144
2 149
2 150
2 151
2 155
2 159
2 161
2 190
2 198
3 11
3 12
3 13
3 14
3 15
3 17
3 20
3 21
3 22
3 23
3 24
3 26
3 28
3 33
3 38
3 40
3 46
3 47
3 58
3 59
3 66
3 71
3 82
3 83
3 91
3 98
3 106
3 123
3 130
3 140
3 154
3 161
3 196
4 11
4 13
4 15
4 16
4 31
4 58
4 72
4 87
4 124
4 176
4 179
5 11
5 12
5 13
5 14
5 18
5 19
5 22
5 23
5 24
5 26
5 38
5 47
5 49
5 50
5 65
5 68
5 71
5 72
5 74
5 76
5 77
5 104
5 106
5 107
5 109
5 144
5 145
5 151
5 154
5 172
5 173
5 177
5 191
5 193
6 11
6 12
6 13
6 14
6 15
6 17
6 19
6 20
6 22
6 24
6 25
6 28
6 29
6 50
6 56
6 64
6 66
6 71
6 74
6 75
6 82
6 85
6 87
6 94
6 101
6 116
6 123
6 125
6 136
6 176
6 181
6 198
7 11
7 12
7 13
7 14
7 15
7 16
7 17
7 18
7 19
7 20
7 28
7 31
7 42
7 46
7 53
7 55
7 56
7 57
7 58
7 59
7 61
7 65
7 68
7 76
7 81
7 84
7 90
7 93
7 95
7 96
7 102
7 106
7 115
7 122
7 134
7 146
7 162
7 170
8 11
8 12
8 13
8 14
8 15
8 16
8 17
8 18
8 22
8 23
8 25
8 29
8 30
8 31
8 33
8 38
8 40
8 48
8 57
8 80
8 87
8 90
8 95
8 99
8 122
8 123
8 124
8 131
8 150
8 165
8 187
8 194
8 195
9 11
9 12
9 13
9 15
9 18
9 19
9 21
9 24
9 25
9 26
9 35
9 48
9 55
9 64
9 69
9 70
9 84
9 91
9 104
9 116
9 119
9 132
9 137
9 197
10 11
10 12
10 16
10 20
10 21
10 31
10 37
10 53
10 64
10 73
10 76
10 80
10 102
10 133
10 136
10 145
10 149
10 150
10 160
10 169
10 170
10 178
10 192
11 12
11 14
11 17
11 18
11 19
11 20
11 21
11 24
11 26
11 29
11 30
11 31
11 32
11 34
11 36
11 37
11 38
11 39
11 40
11 42
11 44
11 45
11 48
11 49
11 51
11 52
11 57
11 61
11 68
11 70
11 71
11 79
11 80
11 83
11 84
11 86
11 87
11 88
11 90
11 93
11 95
11 100
11 102
11 106
11 107
11 108
11 118
11 121
11 122
11 125
11 128
11 134
11 135
11 140
11 142
11 143
11 154
11 155
11 164
11 166
11 167
11 168
11 173
11 177
11 189
11 190
12 13
12 14
12 15
12 16
12 17
12 18
12 19
12 20
12 21
12 22
12 23
12 28
12 30
12 32
12 33
12 36
12 43
12 47
12 56
12 58
12 67
12 76
12 77
12 78
12 80
12 81
12 90
12 92
12 97
12 98
12 104
12 105
12 108
12 110
12 112
12 113
12 126
12 129
12 130
12 138
12 145
12 148
12 161
12 162
12 164
12 165
12 177
12 178
12 182
12 192
12 194
12 198
12 199
13 14
13 15
13 16
13 17
13 18
13 20
13 24
13 25
13 26
13 28
13 29
13 32
13 35
13 38
13 40
13 42
13 43
13 44
13 45
13 46
13 47
13 51
13 52
13 54
13 61
13 65
13 67
13 68
13 70
13 72
13 75
13 87
13 91
13 97
13 98
13 99
13 107
13 110
13 111
13 119
13 122
13 131
13 143
13 147
13 156
13 165
13 174
13 186
13 190
13 192
13 193
13 194
14 15
14 16
14 17
14 19
14 20
14 21
14 22
14 25
14 27
14 32
14 33
14 35
14 37
14 38
14 41
14 42
14 43
14 45
14 48
14 49
14 57
14 60
14 63
14 65
14 68
14 71
14 79
14 85
14 89
14 98
14 106
14 107
14 114
14 116
14 128
14 130
14 137
14 138
14 143
14 145
14 146
14 147
14 167
14 177
14 182
14 184
14 185
14 196
14 197
14 199
15 16
15 19
15 23
15 24
15 25
15 29
15 33
15 36
15 38
15 46
15 47
15 51
15 54
15 55
15 56
15 59
15 60
15 63
15 67
15 69
15 78
15 83
15 85
15 88
15 97
15 105
15 110
15 122
15 125
15 127
15 142
15 149
15 153
15 155
15 162
15 168
15 180
15 182
15 189
15 190
16 17
16 18
16 20
16 22
16 25
16 26
16 27
16 31
16 37
16 39
16 44
16 46
16 47
16 50
16 51
16 53
16 70
16 72
16 73
16 84
16 86
16 88
16 89
16 94
16 98
16 100
16 101
16 104
16 109
16 111
16 121
16 125
16 126
16 128
16 136
16 142
16 144
16 148
16 150
16 151
16 152
16 153
16 158
16 159
16 167
16 171
16 193
16 195
17 18
17 19
17 21
17 23
17 27
17 33
17 35
17 38
17 39
17 66
17 80
17 87
17 89
17 102
17 107
17 108
17 117
17 135
17 143
17 161
18 19
18 27
18 32
18 35
18 40
18 46
18 47
18 59
18 64
18 66
18 67
18 74
18 75
18 79
18 80
18 88
18 92
18 99
18 101
18 107
18 114
18 123
18 128
18 134
18 138
18 150
18 158
18 184
18 190
18 191
19 22
19 26
19 27
19 28
19 32
19 34
19 36
19 37
19 40
19 41
19 45
19 46
19 48
19 49
19 50
19 52
19 59
19 75
19 80
19 84
19 92
19 94
19 96
19 104
19 105
19 106
19 107
19 108
19 109
19 110
19 111
19 114
19 115
19 116
19 117
19 119
19 126
19 130
19 141
19 149
19 154
19 155
19 160
19 164
19 167
19 168
19 170
19 174
19 179
19 184
19 190
19 193
19 195
19 197
20 21
20 23
20 24
20 25
20 26
20 30
20 32
20 34
20 39
20 40
20 41
20 44
20 45
20 46
20 47
20 48
20 49
20 54
20 56
20 59
20 60
20 67
20 71
20 72
20 74
20 78
20 82
20 83
20 97
20 101
20 102
20 103
20 110
20 127
20 129
20 133
20 141
20 142
20 156
20 169
20 179
20 194
20 199
21 23
21 27
21 29
21 30
21 35
21 37
21 46
21 52
21 55
21 57
21 58
21 60
21 67
21 70
21 83
21 85
21 88
21 112
21 113
21 139
21 146
21 149
21 153
21 175
21 178
21 180
21 181
21 182
21 186
21 188
21 198
22 27
22 28
22 30
22 32
22 34
22 35
22 36
22 37
22 40
22 42
22 45
22 56
22 68
22 72
22 90
22 93
22 111
22 122
22 124
22 126
22 133
22 139
22 147
22 151
22 158
22 186
23 24
23 25
23 26
23 28
23 29
23 30
23 31
23 33
23 34
23 35
23 36
23 41
23 42
23 43
23 45
23 47
23 48
23 58
23 73
23 75
23 81
23 82
23 83
23 87
23 103
23 105
23 126
23 130
23 138
23 139
23 142
23 149
23 151
23 160
23 167
23 189
23 196
23 199
24 42
24 64
24 71
24 81
24 100
24 104
24 112
24 118
24 127
24 131
24 144
24 198
25 28
25 31
25 33
25 34
25 36
25 37
25 44
25 48
25 49
25 51
25 52
25 54
25 66
25 69
25 71
25 74
25 76
25 79
25 83
25 87
25 99
25 112
25 113
25 115
25 118
25 125
25 139
25 148
25 153
25 154
25 155
25 158
25 163
25 164
25 165
25 170
25 171
25 175
25 176
25 178
25 197
26 27
26 29
26 36
26 39
26 41
26 69
26 128
26 129
26 145
26 159
27 29
27 30
27 31
27 32
27 39
27 40
27 52
27 54
27 60
27 69
27 70
27 81
27 88
27 92
27 103
27 105
27 109
27 126
27 165
27 171
27 175
27 179
27 185
27 191
28 30
28 34
28 39
28 43
28 44
28 45
28 48
28 57
28 60
28 61
28 63
28 73
28 77
28 83
28 92
28 95
28 101
28 105
28 110
28 116
28 117
28 119
28 121
28 122
28 125
28 133
28 137
28 140
28 158
28 163
28 169
28 170
28 173
28 181
29 34
29 41
29 44
29 51
29 69
29 75
29 85
29 86
29 89
29 95
29 98
29 118
29 129
29 132
29 135
29 142
29 145
29 151
29 154
29 163
29 173
29 174
29 176
29 180
29 195
30 53
30 55
30 64
30 65
30 66
30 76
30 91
30 99
30 120
30 123
30 156
30 178
30 181
30 183
31 35
31 54
31 63
31 75
31 86
31 95
31 97
31 100
31 109
31 117
31 118
31 124
31 180
31 198
32 33
32 36
32 44
32 49
32 50
32 58
32 78
32 95
32 102
32 113
32 132
32 136
32 153
32 194
33 34
33 37
33 38
33 43
33 49
33 59
33 60
33 62
33 63
33 64
33 72
33 80
33 86
33 94
33 97
33 115
33 129
33 157
33 164
33 184
33 187
34 41
34 44
34 50
34 52
34 55
34 56
34 61
34 62
34 71
34 88
34 128
34 130
34 161
34 162
34 172
34 173
34 177
35 45
35 55
35 58
35 92
35 114
35 120
35 174
36 41
36 42
36 52
36 65
36 85
36 92
36 104
36 109
36 121
36 146
36 182
37 58
37 63
37 64
37 65
37 74
37 84
37 95
37 125
37 131
37 152
37 172
37 186
37 189
38 39
38 41
38 47
38 62
38 66
38 74
38 78
38 79
38 80
38 82
38 105
38 113
38 114
38 115
38 120
38 121
38 129
38 143
38 144
38 161
38 168
38 172
38 179
38 180
38 182
39 43
39 49
39 51
39 52
39 55
39 59
39 79
39 93
39 96
39 114
39 138
39 158
39 169
39 174
39 177
39 180
39 197
40 43
40 49
40 50
40 51
40 53
40 56
40 62
40 63
40 70
40 72
40 76
40 81
40 82
40 84
40 85
40 89
40 95
40 120
40 123
40 131
40 148
40 151
40 169
41 43
41 50
41 51
41 62
41 65
41 67
41 70
41 73
41 82
41 83
41 87
41 91
41 92
41 96
41 98
41 100
41 109
41 124
41 126
41 132
41 134
41 140
41 166
41 191
41 195
42 52
42 55
42 60
42 69
42 89
42 95
42 133
42 136
42 157
42 184
42 195
43 45
43 50
43 51
43 62
43 68
43 126
43 133
43 147
43 149
43 176
43 178
43 199
44 46
44 53
44 54
44 122
44 141
45 50
45 59
45 63
45 68
45 70
45 91
45 92
45 106
45 112
45 118
45 141
45 147
45 152
45 171
45 177
45 183
46 73
46 81
46 87
46 96
46 100
46 103
46 127
46 132
46 134
46 139
46 155
47 53
47 54
47 57
47 66
47 69
47 70
47 85
47 94
47 96
47 105
47 107
47 112
47 114
47 120
47 136
47 155
47 181
48 58
48 62
48 89
48 113
48 152
48 197
49 88
49 90
49 110
49 112
49 122
49 141
49 157
49 160
49 163
49 179
49 192
49 194
50 53
50 54
50 61
50 63
50 78
50 81
50 93
50 96
50 98
50 111
50 118
50 121
50 124
50 129
50 143
50 152
50 156
50 160
50 175
50 188
51 57
51 86
51 108
51 117
51 168
51 170
52 56
52 61
52 63
52 77
52 78
52 93
52 105
52 113
52 116
52 191
52 197
52 199
53 60
53 64
53 65
53 67
53 68
53 75
53 80
53 125
53 135
53 138
53 140
53 151
53 162
53 166
54 77
54 91
54 105
54 115
54 127
54 129
54 159
54 162
55 62
55 79
55 124
55 127
55 128
55 140
55 144
55 162
56 91
56 109
56 128
56 132
56 148
56 196
57 61
57 67
57 83
57 84
57 100
57 131
57 132
57 138
57 147
57 164
57 176
57 199
58 62
58 67
58 107
58 110
58 129
58 175
58 185
59 72
59 90
59 94
59 113
59 137
59 141
59 153
59 164
59 181
60 61
60 73
60 74
60 82
60 106
60 115
60 135
60 142
60 155
60 186
61 62
61 69
61 93
61 109
61 153
61 162
61 191
61 196
62 88
62 146
62 159
62 171
63 77
63 88
63 155
63 163
64 65
64 74
64 76
64 89
64 101
64 123
64 140
64 152
64 161
64 184
64 185
65 76
65 136
65 143
65 166
65 195
66 101
66 130
66 146
66 149
66 157
67 75
67 81
67 84
67 89
67 93
67 112
67 114
67 120
67 146
67 148
67 160
67 165
67 166
67 168
68 74
68 77
68 130
68 135
68 141
68 159
68 160
68 189
69 71
69 78
69 86
69 99
69 115
69 149
70 75
70 102
70 115
70 120
70 150
70 165
70 169
70 176
70 181
71 72
71 73
71 90
71 97
71 144
72 90
72 103
72 137
72 144
72 177
73 79
73 96
73 99
73 132
73 133
73 152
73 156
73 161
73 185
73 190
74 77
74 96
74 99
74 100
74 101
74 108
74 109
74 121
74 138
74 147
74 178
74 193
75 86
75 106
75 115
75 123
75 136
75 145
75 153
76 77
76 99
76 102
76 140
76 156
76 175
77 85
77 86
77 111
77 156
77 170
78 91
78 118
78 124
78 127
78 152
78 162
78 179
78 182
79 82
79 90
79 91
79 92
79 93
79 94
79 97
79 103
79 110
79 130
79 133
79 144
79 146
79 150
79 171
79 194
80 99
80 175
81 108
81 139
81 165
82 142
82 160
82 163
82 164
82 179
82 187
83 89
83 148
83 154
83 181
83 182
84 103
84 108
84 114
84 162
84 187
84 190
84 197
85 119
85 120
85 126
85 169
85 183
86 111
86 156
87 101
87 124
87 131
87 136
87 137
87 143
87 150
87 171
87 178
87 183
87 199
88 100
88 170
89 124
90 106
90 139
90 186
91 96
91 103
91 110
91 112
91 117
91 118
91 119
91 131
91 167
91 176
91 187
92 107
92 113
92 134
92 181
93 97
93 136
93 137
93 149
93 192
94 97
94 102
94 103
94 104
94 133
94 172
94 192
95 103
95 172
95 187
96 148
97 98
97 119
97 126
97 128
97 135
97 144
97 158
97 160
98 114
98 121
99 104
99 117
99 123
99 145
100 101
100 164
100 168
100 169
100 173
100 199
101 111
101 135
101 167
101 172
101 182
102 108
102 116
102 131
102 147
102 153
102 187
102 189
102 191
103 108
103 177
104 111
104 168
104 173
105 117
105 129
105 135
105 154
105 169
105 174
105 183
105 187
105 197
106 119
106 127
106 130
106 158
106 168
106 180
106 193
107 151
107 166
107 193
108 112
108 116
108 137
108 157
108 185
109 116
109 121
109 134
109 138
109 139
110 117
110 128
110 153
110 157
110 179
110 188
110 194
110 196
111 166
111 198
112 113
112 133
112 134
112 189
113 116
113 125
113 131
113 191
114 117
114 118
115 155
115 174
115 181
115 184
115 185
116 175
116 190
117 140
117 185
118 121
118 125
118 132
118 176
118 188
120 132
120 150
120 154
120 166
120 175
120 184
120 186
121 139
121 152
121 193
122 157
122 184
122 191
123 147
124 139
124 141
124 154
124 156
124 159
124 167
124 169
124 182
125 147
125 161
125 172
126 150
126 171
127 134
127 160
127 163
127 189
128 137
129 145
129 198
130 157
130 185
131 188
132 137
132 141
132 159
132 188
132 196
133 142
133 146
133 156
133 157
133 186
134 175
134 178
134 189
135 186
135 196
136 152
136 165
136 183
137 143
138 141
138 199
139 140
139 146
139 161
140 142
140 170
140 183
140 198
141 163
141 187
142 148
142 151
142 167
142 171
142 180
143 166
143 168
144 158
145 148
145 192
147 163
147 172
147 177
147 179
148 184
149 178
152 188
152 194
153 164
153 172
153 185
153 188
153 196
154 183
155 174
156 180
156 197
157 163
158 166
158 183
158 192
160 165
160 173
160 174
160 195
161 170
161 188
162 193
166 173
169 176
171 193
172 173
174 195
176 180
176 188
181 191
181 192
185 189
188 194
189 190
190 196
