0 1
0 2
0 3
0 4
0 5
0 6
0 7
0 8
0 9
0 10
0 11
0 12
0 13
0 14
0 15
0 16
0 17
0 18
0 19
0 20
0 21
0 23
0 26
0 28
0 33
0 35
0 38
0 40
0 41
0 47
0 48
0 56
0 57
0 58
0 64
0 75
0 76
0 77
0 79
0 87
0 88
0 93
0 101
0 106
0 108
0 115
0 120
0 121
0 125
0 129
0 136
0 140
0 141
0 144
0 155
0 159
0 165
0 181
0 183
0 189
0 199
1 11
1 12
1 20
1 21
1 24
1 27
1 30
1 31
1 44
1 47
1 50
1 51
1 53
1 73
1 118
1 119
1 130
1 131
1 139
1 141
1 149
1 151
1 163
1 172
1 186
1 191
2 11
2 12
2 13
2 17
2 27
2 30
2 42
2 47
2 48
2 52
2 55
2 56
2 66
2 72
2 91
2 97
2 106
2 119
2 160
2 163
2 167
2 172
2 195
2 196
3 11
3 12
3 14
3 15
3 16
3 17
3 19
3 21
3 23
3 26
3 29
3 30
3 31
3 33
3 37
3 38
3 42
3 46
3 47
3 48
3 50
3 53
3 71
3 73
3 89
3 92
3 98
3 108
3 113
3 122
3 123
3 131
3 133
3 148
3 151
3 158
3 162
3 163
3 169
3 180
3 181
3 195
4 11
4 12
4 13
4 14
4 15
4 16
4 18
4 20
4 22
4 24
4 25
4 28
4 30
4 34
4 36
4 37
4 38
4 39
4 42
4 46
4 59
4 62
4 63
4 71
4 74
4 76
4 80
4 82
4 84
4 87
4 95
4 97
4 110
4 116
4 123
4 127
4 133
4 135
4 142
4 163
4 165
4 170
4 172
4 178
4 185
4 186
5 14
5 21
5 24
5 26
5 48
5 57
5 69
5 79
5 83
5 92
5 94
5 97
5 100
5 108
5 117
6 11
6 12
6 13
6 16
6 18
6 28
6 34
6 39
6 70
6 83
6 96
6 107
6 118
6 159
7 11
7 12
7 13
7 14
7 17
7 18
7 21
7 23
7 28
7 29
7 32
7 46
7 49
7 53
7 61
7 65
7 72
7 75
7 78
7 81
7 90
7 102
7 105
7 112
7 164
7 171
7 186
7 196
8 11
8 13
8 14
8 15
8 17
8 19
8 22
8 25
8 35
8 37
8 39
8 43
8 44
8 46
8 47
8 48
8 49
8 56
8 58
8 61
8 64
8 76
8 79
8 82
8 111
8 127
8 147
8 148
8 153
8 157
8 166
8 181
8 182
8 192
9 11
9 12
9 13
9 14
9 15
9 16
9 17
9 22
9 23
9 27
9 29
9 31
9 33
9 39
9 43
9 47
9 49
9 51
9 55
9 56
9 69
9 91
9 92
9 99
9 106
9 115
9 117
9 118
9 135
9 141
9 143
9 152
9 153
9 161
9 168
9 180
9 187
9 198
10 11
10 12
10 13
10 15
10 17
10 18
10 21
10 23
10 24
10 27
10 28
10 31
10 32
10 34
10 66
10 73
10 74
10 76
10 78
10 81
10 82
10 87
10 89
10 94
10 102
10 109
10 117
10 172
10 189
10 191
10 198
11 12
11 13
11 14
11 15
11 16
11 17
11 19
11 20
11 21
11 25
11 29
11 30
11 32
11 35
11 36
11 37
11 38
11 40
11 41
11 44
11 45
11 51
11 56
11 60
11 67
11 68
11 74
11 78
11 103
11 112
11 116
11 117
11 127
11 132
11 134
11 139
11 140
11 142
11 145
11 149
11 166
11 170
11 180
11 188
12 13
12 14
12 15
12 16
12 17
12 18
12 19
12 20
12 22
12 23
12 25
12 26
12 28
12 31
12 33
12 37
12 38
12 40
12 43
12 44
12 45
12 46
12 48
12 49
12 50
12 52
12 57
12 62
12 67
12 68
12 72
12 76
12 81
12 82
12 83
12 88
12 89
12 90
12 95
12 97
12 103
12 104
12 106
12 108
12 112
12 115
12 118
12 120
12 121
12 124
12 132
12 134
12 137
12 139
12 140
12 145
12 149
12 153
12 154
12 158
12 159
12 162
12 163
12 167
12 172
12 173
12 175
12 189
12 190
12 196
13 14
13 15
13 16
13 17
13 18
13 19
13 21
13 22
13 23
13 24
13 25
13 26
13 29
13 38
13 41
13 43
13 48
13 50
13 51
13 59
13 60
13 71
13 73
13 79
13 94
13 97
13 98
13 103
13 105
13 109
13 112
13 115
13 119
13 127
13 130
13 132
13 135
13 143
13 152
13 155
13 170
13 171
13 173
13 182
14 15
14 16
14 18
14 19
14 20
14 22
14 23
14 24
14 25
14 26
14 27
14 29
14 30
14 31
14 32
14 33
14 35
14 39
14 46
14 47
14 52
14 54
14 59
14 66
14 72
14 80
14 84
14 87
14 88
14 89
14 95
14 99
14 102
14 105
14 117
14 123
14 127
14 136
14 137
14 138
14 142
14 171
14 183
15 16
15 19
15 22
15 24
15 25
15 26
15 27
15 31
15 32
15 35
15 37
15 42
15 43
15 45
15 47
15 51
15 53
15 58
15 64
15 66
15 67
15 68
15 69
15 75
15 83
15 88
15 91
15 101
15 102
15 106
15 107
15 112
15 113
15 114
15 115
15 122
15 123
15 125
15 126
15 128
15 133
15 137
15 138
15 141
15 142
15 144
15 154
15 155
15 156
15 158
15 165
15 187
15 188
15 191
15 193
15 195
15 196
15 197
16 18
16 20
16 24
16 25
16 32
16 34
16 36
16 38
16 50
16 52
16 58
16 68
16 74
16 80
16 92
16 97
16 99
16 106
16 111
16 127
16 128
16 135
16 143
16 145
16 146
16 152
16 154
16 170
16 173
16 187
17 18
17 19
17 20
17 21
17 22
17 25
17 27
17 31
17 35
17 40
17 59
17 63
17 65
17 78
17 80
17 82
17 90
17 91
17 94
17 97
17 101
17 112
17 123
17 152
17 158
17 167
17 178
17 187
17 189
18 19
18 20
18 23
18 26
18 29
18 32
18 33
18 37
18 38
18 41
18 42
18 43
18 45
18 63
18 65
18 68
18 73
18 96
18 98
18 104
18 108
18 122
18 134
18 144
18 147
18 188
18 190
18 197
19 20
19 22
19 24
19 27
19 28
19 29
19 33
19 34
19 36
19 40
19 41
19 45
19 46
19 49
19 51
19 53
19 55
19 58
19 60
19 63
19 67
19 68
19 69
19 74
19 86
19 89
19 92
19 111
19 113
19 133
19 144
19 158
19 161
19 168
19 179
19 182
20 21
20 22
20 23
20 24
20 26
20 29
20 33
20 35
20 36
20 45
20 48
20 51
20 52
20 55
20 63
20 66
20 76
20 79
20 81
20 83
20 84
20 86
20 90
20 111
20 138
20 142
20 146
20 184
20 190
21 26
21 28
21 36
21 37
21 40
21 55
21 56
21 62
21 63
21 69
21 72
21 78
21 87
21 88
21 98
21 105
21 108
21 119
21 129
21 130
21 131
21 132
21 134
21 139
21 147
21 153
21 168
21 174
21 183
21 198
22 27
22 34
22 35
22 40
22 44
22 54
22 55
22 65
22 66
22 67
22 86
22 95
22 99
22 100
22 109
22 120
22 126
22 135
22 141
22 144
22 148
22 158
22 166
22 186
22 189
22 196
23 27
23 28
23 30
23 32
23 33
23 36
23 38
23 39
23 43
23 45
23 51
23 57
23 59
23 64
23 67
23 69
23 71
23 77
23 78
23 82
23 89
23 92
23 101
23 110
23 120
23 121
23 122
23 128
23 129
23 134
23 139
23 148
23 154
23 157
23 167
23 181
23 188
23 198
24 25
24 30
24 33
24 34
24 35
24 39
24 41
24 43
24 45
24 47
24 57
24 59
24 61
24 62
24 64
24 65
24 70
24 74
24 75
24 102
24 107
24 109
24 110
24 118
24 125
24 136
24 138
24 141
24 160
24 184
24 191
25 31
25 36
25 61
25 65
25 66
25 73
25 82
25 90
25 93
25 110
25 144
25 162
25 176
26 28
26 31
26 32
26 35
26 37
26 43
26 44
26 54
26 77
26 84
26 90
26 92
26 98
26 100
26 114
26 137
26 151
26 173
26 174
27 29
27 30
27 34
27 37
27 39
27 40
27 41
27 48
27 49
27 52
27 60
27 61
27 75
27 87
27 91
27 99
27 100
27 105
27 110
27 113
27 120
27 124
27 153
27 169
27 179
27 185
27 190
27 196
28 32
28 48
28 54
28 55
28 60
28 62
28 71
28 99
28 107
28 108
28 112
28 123
28 147
28 171
28 182
29 30
29 34
29 39
29 52
29 54
29 58
29 64
29 90
29 94
29 123
29 134
29 190
29 193
30 34
30 78
30 86
30 114
30 147
30 149
30 168
30 193
31 41
31 42
31 44
31 46
31 52
31 53
31 55
31 56
31 57
31 60
31 63
31 67
31 68
31 75
31 79
31 80
31 91
31 100
31 104
31 109
31 117
31 122
31 128
31 131
31 146
31 151
31 157
31 167
31 181
31 182
31 194
31 197
32 40
32 41
32 52
32 59
32 73
32 77
32 80
32 85
32 96
32 104
32 115
32 116
32 131
32 140
32 142
32 144
32 146
32 147
32 153
32 164
32 176
32 177
32 180
32 193
33 36
33 42
33 43
33 44
33 54
33 61
33 63
33 76
33 81
33 91
33 98
33 103
33 118
33 125
33 136
33 149
33 163
33 165
33 177
33 178
34 45
34 46
34 54
34 58
34 76
34 77
34 82
34 87
34 88
34 100
34 109
34 123
34 126
34 127
34 141
34 160
34 164
34 168
34 177
34 184
34 193
35 36
35 56
35 60
35 77
35 86
35 103
35 104
35 134
35 168
35 169
36 39
36 40
36 49
36 50
36 61
36 69
36 70
36 73
36 77
36 83
36 86
36 101
36 105
36 106
36 122
36 138
36 164
36 192
37 38
37 41
37 46
37 49
37 53
37 54
37 59
37 60
37 72
37 102
37 117
37 140
37 151
37 166
37 198
38 42
38 44
38 47
38 53
38 63
38 75
38 80
38 85
38 104
38 106
38 129
38 163
38 167
38 173
38 185
38 192
39 42
39 44
39 50
39 58
39 68
39 70
39 76
39 89
39 92
39 144
39 152
39 154
39 172
39 177
39 187
39 195
40 49
40 73
40 84
40 97
40 100
40 107
40 153
40 160
41 42
41 45
41 58
41 62
41 68
41 74
41 75
41 84
41 103
41 109
41 124
41 146
41 166
41 185
42 51
42 56
42 61
42 64
42 66
42 67
42 79
42 83
42 85
42 98
42 113
42 138
42 141
42 144
42 159
42 184
42 195
43 50
43 55
43 70
43 86
43 109
43 110
43 124
43 128
43 142
43 147
43 148
43 151
44 49
44 57
44 61
44 62
44 84
44 85
44 101
44 114
44 131
44 133
44 153
44 158
44 172
44 175
44 176
44 192
44 197
45 59
45 71
45 74
45 77
45 81
45 82
45 95
45 96
45 100
45 104
45 140
45 147
45 150
45 157
45 166
45 167
45 175
45 190
46 51
46 64
46 68
46 69
46 70
46 79
46 94
46 98
46 99
46 105
46 114
46 132
46 136
46 142
46 175
46 197
47 50
47 55
47 56
47 62
47 65
47 85
47 95
47 108
47 126
47 129
47 130
47 135
47 136
47 146
47 159
47 162
47 169
47 170
47 176
47 191
48 53
48 65
48 69
48 78
48 80
48 81
48 93
48 125
48 128
48 176
48 182
48 199
49 50
49 57
49 70
49 80
49 83
49 90
49 93
49 99
49 105
49 117
49 128
49 143
49 152
49 156
49 157
49 166
49 174
49 176
49 177
49 194
50 52
50 53
50 63
50 87
50 118
50 121
51 54
51 59
51 65
51 67
51 71
51 73
51 75
51 77
51 86
51 91
51 102
51 103
51 114
51 127
51 149
51 150
51 162
51 167
51 178
51 188
52 54
52 57
52 60
52 86
52 108
52 116
52 131
52 173
52 187
53 61
53 66
53 70
53 71
53 99
53 100
53 102
53 107
53 121
53 126
53 136
53 143
53 150
53 158
54 57
54 60
54 107
54 152
54 155
54 183
55 66
55 83
55 84
55 93
55 111
55 116
55 133
55 137
55 145
55 149
55 155
55 161
55 191
55 193
56 58
56 65
56 72
56 81
56 89
56 95
56 114
56 120
56 121
56 125
56 160
56 175
56 184
56 189
56 190
56 196
56 197
57 72
57 83
57 93
57 110
57 137
57 150
57 151
57 162
57 186
58 62
58 64
58 69
58 79
58 101
58 107
58 119
58 129
58 130
58 133
58 167
59 62
59 88
59 96
59 100
59 118
59 120
59 145
59 147
59 161
59 177
59 188
59 191
59 192
59 194
60 81
60 96
60 124
60 137
61 64
61 74
61 108
61 110
61 114
61 115
61 116
61 127
61 130
61 160
61 169
62 70
62 75
62 78
62 96
62 103
62 129
62 140
62 152
62 160
62 161
62 181
63 72
63 78
63 85
63 116
63 118
63 136
63 143
63 155
63 160
63 168
63 181
64 70
64 84
64 93
64 96
64 98
64 139
64 153
64 189
65 67
65 71
65 89
65 101
65 105
65 119
65 124
65 183
65 192
65 194
66 74
66 77
66 112
66 134
66 142
66 143
66 170
66 171
66 197
67 72
67 145
67 178
67 180
68 71
68 115
68 132
68 133
68 146
68 156
68 164
68 174
69 84
69 90
69 128
69 148
69 152
69 161
69 170
70 76
70 86
70 87
70 116
70 119
70 136
70 150
70 157
70 165
70 177
71 80
71 88
71 93
71 111
71 134
72 104
72 135
72 171
73 91
73 112
73 118
73 126
73 138
73 192
74 112
74 127
74 130
74 163
74 174
75 91
75 92
75 132
75 146
75 174
75 198
76 81
76 103
76 111
76 123
76 148
76 154
76 156
76 173
76 174
76 183
77 82
77 85
77 93
77 116
77 119
77 124
77 126
77 139
77 147
77 158
77 160
78 79
78 89
78 109
78 131
78 137
78 156
78 165
78 169
78 175
78 179
78 187
79 85
79 92
79 94
79 104
79 114
79 120
79 122
79 125
79 137
79 154
79 188
80 85
80 98
80 174
81 94
81 117
81 150
81 171
81 180
81 187
82 94
82 107
82 129
82 138
82 142
82 143
82 152
82 157
82 182
82 188
83 85
83 95
83 96
83 103
83 106
83 111
83 125
83 126
83 135
83 154
83 160
84 87
84 88
84 94
84 115
84 134
85 97
85 139
85 157
85 179
85 187
86 96
86 113
86 132
86 174
87 88
87 93
87 101
87 102
87 117
87 122
87 123
87 135
87 170
87 191
88 90
88 106
88 119
88 120
88 124
88 151
88 154
88 195
89 126
89 130
89 131
89 155
89 159
90 121
91 95
91 111
91 116
91 146
91 167
91 182
91 186
92 107
92 122
92 124
92 139
92 140
92 176
92 198
93 95
93 141
93 156
93 199
94 132
94 172
95 97
95 99
95 102
95 138
95 139
95 150
95 151
95 159
95 164
95 165
96 109
96 110
96 121
96 135
96 143
96 175
96 180
96 183
96 189
96 194
97 104
97 113
97 119
97 130
97 174
97 178
97 179
98 101
98 115
98 157
98 162
98 177
99 114
99 129
99 140
99 145
99 176
99 199
100 111
100 144
100 161
100 184
100 186
101 105
101 195
102 125
102 178
102 179
102 183
104 137
104 155
104 165
105 113
105 136
105 178
106 120
106 193
106 196
107 113
107 128
107 150
107 165
107 198
108 110
108 126
109 122
109 157
109 164
109 168
109 176
109 188
109 193
110 113
110 121
110 156
110 164
110 173
110 195
110 199
111 159
112 124
112 125
112 156
112 185
113 168
113 196
114 156
114 166
114 196
115 138
115 159
115 161
115 179
115 198
116 145
116 149
116 162
116 182
116 184
116 187
116 189
116 194
117 140
117 153
117 179
117 180
118 130
118 148
118 185
119 121
119 131
119 156
119 163
120 169
120 179
121 133
121 150
121 181
122 128
122 149
122 186
122 192
122 197
124 169
124 175
125 129
125 145
125 149
125 155
125 180
125 192
126 132
126 143
126 170
127 184
127 191
128 150
128 199
129 133
129 161
129 168
129 181
130 141
130 166
132 151
133 146
133 165
133 189
135 145
135 148
136 195
137 155
137 173
138 154
138 162
138 169
139 185
140 175
140 199
141 184
141 186
141 199
143 162
143 171
144 177
145 148
146 161
147 158
147 159
147 194
147 198
148 171
150 182
150 197
151 191
153 163
153 166
153 190
155 164
157 177
158 164
158 178
159 190
161 169
161 185
161 194
163 172
164 188
165 170
165 183
165 194
166 181
166 185
166 199
167 176
167 179
167 184
167 190
170 171
170 186
170 194
171 172
171 173
171 183
171 193
172 178
172 195
172 199
174 175
174 193
178 192
179 180
183 185
187 197
