0 1
0 2
0 3
0 4
0 5
0 6
0 7
0 8
0 9
0 10
0 11
0 12
0 13
0 14
0 15
0 16
0 17
0 18
0 19
0 20
0 22
0 25
0 26
0 28
0 29
0 31
0 34
0 35
0 36
0 37
0 38
0 41
0 42
0 43
0 47
0 49
0 50
0 56
0 65
0 66
0 70
0 72
0 84
0 85
0 87
0 94
0 97
0 98
0 102
0 104
0 108
0 109
0 111
0 114
0 120
0 126
0 128
0 131
0 132
0 139
0 147
0 149
0 150
0 152
0 153
0 155
0 165
0 168
0 170
0 173
0 187
1 11
1 12
1 14
1 16
1 17
1 18
1 19
1 20
1 21
1 23
1 26
1 27
1 42
1 50
1 53
1 63
1 65
1 69
1 71
1 74
1 86
1 90
1 92
1 96
1 115
1 118
1 128
1 134
1 140
1 142
1 183
1 198
2 11
2 12
2 13
2 14
2 15
2 17
2 19
2 20
2 24
2 27
2 28
2 30
2 32
2 37
2 39
2 42
2 43
2 44
2 45
2 54
2 55
2 56
2 57
2 59
2 64
2 67
2 68
2 71
2 72
2 73
2 76
2 79
2 84
2 87
2 88
2 91
2 92
2 93
2 105
2 107
2 110
2 117
2 122
2 125
2 127
2 135
2 136
2 137
2 138
2 142
2 150
2 154
2 155
2 169
2 179
2 184
2 188
2 191
2 199
3 11
3 12
3 13
3 23
3 24
3 34
3 40
3 52
3 55
3 68
3 75
3 80
3 88
3 94
3 95
3 98
3 123
3 131
3 135
3 143
3 156
3 167
3 168
3 179
3 189
4 11
4 12
4 13
4 14
4 18
4 19
4 20
4 26
4 27
4 32
4 35
4 36
4 45
4 51
4 70
4 95
4 96
4 108
4 126
5 11
5 15
5 16
5 23
5 33
5 40
5 58
5 63
5 67
5 69
5 71
5 84
5 85
5 118
5 140
5 145
5 173
6 11
6 12
6 13
6 15
6 17
6 27
6 28
6 30
6 36
6 41
6 42
6 43
6 49
6 74
6 75
6 78
6 89
6 103
6 104
6 109
6 123
6 141
6 154
6 157
6 182
6 187
7 12
7 13
7 16
7 18
7 19
7 20
7 22
7 26
7 28
7 31
7 32
7 38
7 45
7 52
7 54
7 58
7 59
7 62
7 65
7 71
7 73
7 74
7 79
7 80
7 86
7 89
7 101
7 107
7 111
7 120
7 133
7 137
7 138
7 139
7 143
7 162
7 167
7 175
7 182
7 192
7 193
8 11
8 12
8 13
8 14
8 15
8 19
8 20
8 21
8 23
8 25
8 27
8 31
8 33
8 54
8 56
8 61
8 62
8 68
8 69
8 77
8 83
8 85
8 97
8 98
8 105
8 107
8 141
8 150
8 162
8 173
8 183
9 11
9 14
9 22
9 25
9 27
9 31
9 32
9 42
9 46
9 49
9 52
9 60
9 64
9 75
9 77
9 79
9 86
9 94
9 98
9 102
9 103
9 106
9 108
9 113
9 116
9 124
9 137
9 166
9 182
9 192
10 11
10 12
10 13
10 14
10 15
10 16
10 17
10 19
10 21
10 22
10 25
10 26
10 29
10 30
10 41
10 50
10 51
10 53
10 55
10 79
10 87
10 105
10 113
10 114
10 127
10 128
10 129
10 145
10 146
10 160
10 164
10 165
10 168
10 186
10 191
10 193
11 12
11 13
11 14
11 15
11 16
11 17
11 18
11 19
11 20
11 21
11 24
11 25
11 27
11 29
11 30
11 31
11 32
11 33
11 34
11 37
11 40
11 42
11 43
11 44
11 45
11 47
11 48
11 49
11 50
11 52
11 53
11 54
11 57
11 62
11 65
11 67
11 68
11 70
11 75
11 76
11 90
11 101
11 105
11 107
11 108
11 109
11 116
11 128
11 136
11 146
11 157
11 158
11 164
11 165
11 167
11 170
11 176
11 178
11 181
11 184
11 191
11 192
11 198
12 13
12 14
12 15
12 16
12 18
12 20
12 21
12 22
12 23
12 24
12 25
12 26
12 27
12 29
12 30
12 31
12 32
12 33
12 34
12 38
12 39
12 40
12 46
12 47
12 48
12 49
12 50
12 51
12 57
12 58
12 64
12 68
12 75
12 77
12 79
12 80
12 81
12 86
12 90
12 93
12 94
12 100
12 101
12 104
12 115
12 119
12 121
12 125
12 127
12 135
12 137
12 140
12 146
12 148
12 149
12 163
12 168
12 172
12 179
12 181
12 183
12 184
12 187
13 14
13 15
13 16
13 17
13 18
13 22
13 30
13 31
13 32
13 34
13 35
13 37
13 38
13 42
13 43
13 44
13 56
13 59
13 64
13 66
13 69
13 93
13 98
13 101
13 105
13 110
13 114
13 132
13 138
13 149
13 171
13 186
14 15
14 16
14 17
14 18
14 19
14 21
14 24
14 25
14 29
14 30
14 35
14 40
14 41
14 42
14 48
14 50
14 52
14 54
14 56
14 58
14 60
14 61
14 64
14 69
14 70
14 72
14 74
14 76
14 77
14 81
14 82
14 89
14 92
14 96
14 101
14 102
14 112
14 116
14 118
14 120
14 121
14 125
14 128
14 133
14 135
14 141
14 143
14 144
14 154
14 162
14 163
14 166
14 176
14 177
14 188
14 190
14 193
14 195
14 199
15 16
15 17
15 19
15 20
15 21
15 22
15 26
15 30
15 33
15 38
15 42
15 46
15 47
15 49
15 51
15 64
15 67
15 78
15 81
15 83
15 86
15 112
15 113
15 119
15 135
15 147
15 164
15 171
15 178
16 17
16 18
16 20
16 21
16 24
16 25
16 26
16 31
16 33
16 38
16 39
16 41
16 44
16 46
16 47
16 51
16 53
16 54
16 56
16 59
16 60
16 83
16 90
16 91
16 93
16 94
16 99
16 100
16 104
16 117
16 120
16 123
16 131
16 133
16 141
16 144
16 151
16 170
16 171
16 191
16 195
16 199
17 18
17 21
17 22
17 23
17 26
17 29
17 36
17 41
17 44
17 54
17 58
17 63
17 67
17 74
17 76
17 78
17 85
17 94
17 103
17 104
17 115
17 117
17 123
17 136
17 140
17 142
17 146
17 150
17 151
17 163
17 167
17 170
17 174
17 176
17 179
17 197
18 23
18 24
18 25
18 28
18 29
18 33
18 38
18 39
18 40
18 41
18 46
18 62
18 65
18 73
18 75
18 84
18 98
18 132
18 133
18 144
18 161
18 171
18 180
18 181
18 188
19 21
19 22
19 23
19 27
19 33
19 35
19 36
19 37
19 47
19 48
19 55
19 61
19 67
19 69
19 71
19 72
19 73
19 77
19 88
19 91
19 100
19 111
19 121
19 127
19 137
19 139
19 155
19 157
19 167
19 175
19 183
19 189
19 195
19 199
20 23
20 24
20 34
20 35
20 43
20 53
20 54
20 55
20 57
20 64
20 65
20 69
20 71
20 72
20 74
20 75
20 78
20 88
20 90
20 96
20 97
20 98
20 102
20 110
20 115
20 117
20 125
20 144
20 154
20 162
20 173
20 177
20 185
21 22
21 23
21 24
21 25
21 27
21 29
21 30
21 33
21 36
21 45
21 48
21 52
21 55
21 60
21 78
21 82
21 83
21 84
21 91
21 109
21 114
21 117
21 126
21 128
21 131
21 146
21 163
21 169
21 178
21 186
22 26
22 28
22 29
22 31
22 34
22 39
22 40
22 43
22 44
22 46
22 57
22 61
22 67
22 68
22 82
22 92
22 95
22 97
22 108
22 111
22 113
22 116
22 119
22 130
22 142
22 152
22 157
22 159
22 161
22 166
22 168
22 186
23 24
23 28
23 30
23 35
23 46
23 51
23 55
23 61
23 67
23 70
23 73
23 74
23 76
23 83
23 89
23 97
23 104
23 110
23 112
23 123
23 124
23 141
23 147
23 148
23 149
23 154
23 156
23 158
23 159
23 175
23 182
23 184
23 196
24 28
24 32
24 34
24 35
24 36
24 38
24 39
24 40
24 41
24 42
24 52
24 57
24 58
24 63
24 73
24 82
24 83
24 91
24 95
24 97
24 102
24 110
24 120
24 134
24 142
24 153
24 166
24 180
25 28
25 36
25 41
25 43
25 48
25 68
25 72
25 89
25 101
25 104
25 106
25 111
25 114
25 115
25 125
25 134
25 140
25 144
25 152
25 179
25 192
25 194
26 34
26 52
26 58
26 59
26 61
26 66
26 76
26 85
26 86
26 89
26 95
26 114
26 141
26 156
26 157
26 177
26 178
26 186
26 188
26 190
26 198
26 199
27 28
27 31
27 32
27 37
27 39
27 48
27 60
27 66
27 71
27 73
27 78
27 79
27 83
27 85
27 90
27 101
27 107
27 110
27 116
27 124
27 144
27 152
27 163
27 187
27 193
28 29
28 32
28 37
28 39
28 47
28 49
28 50
28 53
28 55
28 60
28 61
28 62
28 63
28 64
28 65
28 69
28 73
28 74
28 81
28 84
28 91
28 99
28 100
28 113
28 133
28 137
28 151
28 155
28 156
28 159
28 163
28 172
28 174
28 185
28 189
28 197
29 37
29 46
29 48
29 54
29 57
29 65
29 72
29 77
29 78
29 79
29 81
29 87
29 91
29 97
29 102
29 108
29 109
29 111
29 115
29 121
29 136
29 146
29 163
29 176
29 185
30 33
30 35
30 37
30 38
30 45
30 46
30 49
30 65
30 67
30 80
30 86
30 91
30 97
30 100
30 103
30 108
30 120
30 138
30 139
30 146
30 151
30 157
30 159
30 164
30 180
31 34
31 35
31 39
31 44
31 49
31 58
31 77
31 98
31 136
32 44
32 47
32 51
32 53
32 56
32 60
32 80
32 94
32 99
32 109
32 110
32 114
32 124
32 126
32 134
32 146
32 153
32 159
32 161
32 170
32 180
32 189
32 194
32 199
33 39
33 44
33 50
33 61
33 62
33 64
33 70
33 78
33 80
33 82
33 83
33 84
33 87
33 88
33 93
33 113
33 127
33 129
33 131
34 36
34 37
34 50
34 57
34 59
34 60
34 81
34 82
34 96
34 112
34 113
34 124
34 127
34 129
34 135
34 138
34 144
34 158
34 159
34 161
34 172
34 179
34 187
34 197
35 36
35 38
35 43
35 46
35 49
35 52
35 57
35 62
35 80
35 109
35 126
35 127
35 144
35 153
35 176
35 191
36 40
36 48
36 53
36 59
36 63
36 69
36 74
36 76
36 84
36 85
36 88
36 89
36 112
36 123
36 130
36 148
36 152
36 169
36 175
37 45
37 51
37 54
37 56
37 75
37 77
37 81
37 83
37 92
37 93
37 99
37 103
37 104
37 106
37 121
37 125
37 129
37 133
37 151
37 161
37 182
38 40
38 41
38 58
38 66
38 68
38 80
38 90
38 92
38 99
38 118
38 169
38 184
38 198
39 66
39 71
39 85
39 92
39 99
39 117
39 122
39 132
39 158
39 170
39 199
40 45
40 50
40 51
40 68
40 82
40 85
40 94
40 111
40 136
40 150
40 155
41 43
41 45
41 47
41 56
41 76
41 105
41 106
41 123
41 129
41 131
41 143
41 152
41 154
41 164
41 167
41 172
41 174
42 44
42 57
42 99
42 108
42 162
42 173
42 198
43 48
43 52
43 77
43 99
43 114
43 120
43 124
43 193
44 45
44 66
44 71
44 74
44 96
44 110
44 112
44 118
44 119
44 120
44 122
44 143
44 152
44 156
44 158
44 166
44 169
45 47
45 59
45 60
45 63
45 72
45 102
45 116
45 129
45 131
45 135
45 139
45 174
46 66
46 79
46 100
46 136
46 151
47 90
47 112
47 114
47 121
47 176
47 181
48 53
48 61
48 63
48 68
48 76
48 89
48 95
48 102
48 106
48 107
48 121
48 142
48 144
49 53
49 56
49 60
49 62
49 63
49 81
49 87
49 101
49 122
49 128
49 133
49 145
49 164
49 172
50 51
50 55
50 62
50 93
50 97
50 114
50 133
50 143
50 175
50 180
51 71
51 140
51 155
51 190
52 55
52 66
52 72
52 73
52 77
52 82
52 84
52 99
52 106
52 113
52 119
52 122
52 157
52 158
52 169
52 170
52 180
53 59
53 70
53 84
53 94
53 134
53 164
53 195
54 61
54 62
54 76
54 95
54 113
54 117
54 148
54 178
55 88
55 115
55 160
56 58
56 59
56 64
56 67
56 70
56 83
56 86
56 89
56 105
56 118
56 139
56 149
56 162
56 179
56 189
56 197
57 70
57 75
57 90
57 97
57 111
57 115
57 137
57 143
57 159
57 176
57 184
57 191
58 73
58 112
58 140
58 160
58 166
59 87
59 112
59 117
59 124
59 155
59 160
59 174
59 193
60 63
60 66
60 116
60 117
60 126
60 149
60 171
60 173
60 174
61 96
61 125
62 80
62 107
62 119
62 125
62 129
62 132
62 164
62 170
62 197
63 65
63 87
63 108
63 173
63 178
64 81
64 118
64 120
65 88
65 130
65 148
65 194
66 69
66 91
66 92
66 100
66 148
66 178
66 187
66 190
67 72
67 82
67 87
67 92
67 109
68 70
68 79
68 107
68 148
68 149
68 155
68 162
68 185
68 186
69 80
69 85
69 91
69 93
69 96
69 165
69 168
69 182
69 194
70 78
70 87
70 95
70 99
70 116
70 193
70 195
71 75
71 92
71 103
71 154
71 190
72 86
72 96
72 98
72 125
72 127
72 132
72 138
72 152
72 158
72 172
72 174
72 175
72 195
73 93
73 153
73 185
73 195
74 119
74 124
74 140
74 165
74 186
75 78
75 121
75 123
75 130
75 141
75 158
75 161
75 187
75 196
76 79
76 81
76 82
76 88
76 100
76 103
76 104
76 110
76 129
76 130
76 174
76 193
77 95
77 131
77 141
77 145
78 89
78 98
78 111
78 131
78 134
78 165
78 169
78 185
79 86
79 93
79 117
79 139
79 169
80 106
80 128
80 148
80 149
80 151
80 183
80 198
81 95
81 107
81 162
82 94
82 100
82 103
82 106
82 142
82 160
82 168
82 188
83 88
83 121
83 122
83 126
83 144
83 181
84 90
84 106
84 122
84 124
84 127
84 135
84 190
84 191
84 192
84 199
85 118
85 147
86 111
86 130
86 135
86 136
86 145
86 157
86 178
86 183
87 108
87 109
87 118
87 132
87 155
87 178
87 189
88 115
88 120
88 132
88 134
88 147
88 168
88 171
88 185
89 107
89 122
89 125
89 134
89 194
90 139
90 143
90 156
90 172
90 177
91 159
91 160
91 184
92 101
92 102
92 126
92 134
92 153
92 173
92 192
92 195
93 101
93 116
93 140
93 154
93 172
93 199
94 96
95 105
95 115
95 152
95 156
95 158
95 181
95 196
96 102
96 112
96 123
96 163
96 187
97 100
97 103
97 110
97 138
97 145
97 162
98 105
98 113
98 126
98 142
98 165
98 179
98 192
98 194
99 121
99 138
99 151
99 159
99 186
99 187
100 104
100 155
100 173
100 180
101 105
101 109
101 118
101 123
101 143
101 161
101 197
102 103
102 128
102 132
102 145
102 146
102 150
102 184
102 185
103 158
104 106
104 122
104 126
104 165
104 169
104 176
104 181
104 185
104 189
104 190
105 136
105 148
105 188
106 131
106 154
106 156
106 166
106 197
107 122
107 130
107 194
108 124
108 130
108 137
108 139
108 150
108 151
108 167
108 175
108 186
109 160
109 165
109 174
109 177
109 180
109 190
110 116
110 119
110 134
110 149
110 157
110 167
111 128
111 130
111 173
111 197
112 177
113 147
113 166
113 177
114 119
114 153
114 179
115 127
115 147
115 194
116 133
116 194
116 198
117 119
117 156
117 196
118 130
118 151
118 172
118 196
119 146
119 159
119 160
119 185
120 129
120 138
120 147
120 161
120 164
121 140
121 196
122 129
122 136
122 137
122 152
122 157
122 177
122 186
122 192
123 138
123 150
123 189
124 161
124 181
125 139
125 156
125 196
126 153
126 167
126 177
127 141
127 193
128 142
128 150
128 160
129 165
130 145
130 171
130 189
131 132
131 153
131 166
131 195
131 198
132 133
132 135
132 147
132 183
133 183
135 137
135 181
136 147
136 153
136 166
136 168
136 182
137 168
138 141
138 143
138 145
138 167
138 187
139 142
139 180
141 163
143 145
143 148
143 178
144 149
144 162
146 170
146 182
148 150
148 174
148 183
148 192
148 193
149 164
149 180
149 183
149 188
149 191
150 160
151 161
152 169
152 171
152 176
152 197
152 199
153 154
153 171
153 177
154 175
155 171
155 198
156 182
159 163
162 179
164 190
165 176
166 197
167 170
167 172
168 181
168 184
168 191
170 175
171 189
171 195
171 198
172 182
172 184
172 190
173 196
174 175
174 192
177 191
182 188
185 188
186 188
192 194
192 196
194 196
