0 1
0 2
0 3
0 4
0 5
0 6
0 7
0 8
0 9
0 10
0 11
0 12
0 13
0 14
0 15
0 16
0 17
0 18
0 19
0 20
0 21
0 22
0 23
0 24
0 26
0 27
0 30
0 32
0 34
0 37
0 41
0 45
0 50
0 60
0 61
0 64
0 66
0 68
0 71
0 73
0 76
0 80
0 85
0 96
0 102
0 106
0 112
0 116
0 128
0 132
0 138
0 139
0 142
0 145
0 156
0 158
0 164
0 174
0 184
0 187
0 189
0 197
1 11
1 12
1 13
1 14
1 15
1 18
1 20
1 23
1 26
1 28
1 31
1 32
1 34
1 52
1 66
1 78
1 90
1 91
1 97
1 100
1 108
1 114
1 122
1 130
1 138
1 140
1 154
1 157
1 164
1 168
1 175
1 176
1 187
1 190
1 194
2 11
2 12
2 13
2 14
2 15
2 16
2 17
2 19
2 20
2 21
2 26
2 27
2 28
2 29
2 30
2 35
2 39
2 40
2 43
2 45
2 47
2 50
2 51
2 55
2 56
2 58
2 59
2 64
2 80
2 81
2 87
2 90
2 99
2 109
2 117
2 126
2 128
2 129
2 142
2 144
2 145
2 151
2 163
2 171
2 181
2 183
2 184
3 11
3 13
3 14
3 15
3 16
3 20
3 23
3 25
3 50
3 53
3 55
3 61
3 74
3 83
3 99
3 126
3 150
3 154
3 191
4 11
4 12
4 13
4 14
4 23
4 24
4 25
4 27
4 33
4 36
4 39
4 49
4 51
4 52
4 57
4 64
4 68
4 71
4 79
4 80
4 94
4 101
4 125
4 127
4 129
4 137
4 140
4 155
4 158
4 169
5 11
5 16
5 24
5 36
5 54
5 60
5 62
5 76
5 86
5 123
5 124
5 134
5 135
5 153
5 157
5 158
5 161
6 11
6 12
6 13
6 15
6 17
6 19
6 24
6 26
6 28
6 31
6 37
6 47
6 49
6 53
6 57
6 58
6 59
6 61
6 73
6 85
6 93
6 103
6 105
6 108
6 111
6 116
6 122
6 147
6 150
6 152
6 155
6 157
6 177
7 11
7 12
7 13
7 14
7 16
7 17
7 21
7 43
7 48
7 61
7 62
7 76
7 91
7 105
7 106
7 127
7 130
7 147
7 149
7 166
7 178
7 180
7 190
7 192
7 196
8 12
8 15
8 17
8 18
8 19
8 20
8 21
8 22
8 25
8 26
8 27
8 28
8 29
8 33
8 41
8 42
8 44
8 45
8 48
8 55
8 58
8 62
8 77
8 85
8 96
8 98
8 101
8 104
8 119
8 124
8 125
8 134
8 136
8 144
8 150
8 165
8 171
8 176
8 182
8 196
8 198
9 11
9 12
9 13
9 14
9 15
9 17
9 18
9 19
9 23
9 25
9 30
9 34
9 35
9 36
9 40
9 45
9 46
9 50
9 52
9 53
9 55
9 56
9 60
9 66
9 68
9 70
9 80
9 89
9 90
9 98
9 123
9 134
9 143
9 145
9 174
9 191
9 199
10 11
10 12
10 16
10 18
10 21
10 26
10 27
10 32
10 36
10 44
10 45
10 62
10 68
10 88
10 111
10 136
10 177
11 12
11 13
11 14
11 15
11 16
11 17
11 18
11 19
11 20
11 21
11 22
11 24
11 28
11 29
11 33
11 34
11 35
11 37
11 39
11 41
11 44
11 45
11 46
11 47
11 50
11 51
11 52
11 53
11 54
11 59
11 63
11 66
11 71
11 72
11 75
11 76
11 78
11 79
11 80
11 82
11 83
11 84
11 86
11 88
11 89
11 92
11 104
11 109
11 111
11 112
11 121
11 125
11 127
11 132
11 138
11 142
11 144
11 149
11 160
11 167
11 172
11 178
11 190
11 198
12 13
12 14
12 15
12 16
12 18
12 19
12 21
12 22
12 23
12 26
12 27
12 28
12 29
12 30
12 31
12 32
12 33
12 35
12 37
12 38
12 39
12 40
12 41
12 44
12 45
12 46
12 47
12 50
12 51
12 52
12 53
12 56
12 60
12 63
12 65
12 70
12 71
12 72
12 78
12 79
12 82
12 84
12 96
12 97
12 102
12 104
12 108
12 111
12 113
12 115
12 118
12 123
12 138
12 143
12 146
12 147
12 155
12 159
12 161
12 168
12 169
12 171
12 173
12 177
12 186
12 188
12 189
12 193
12 196
13 14
13 15
13 16
13 19
13 20
13 22
13 25
13 29
13 33
13 34
13 35
13 36
13 39
13 40
13 41
13 51
13 56
13 60
13 61
13 63
13 69
13 70
13 73
13 83
13 86
13 87
13 97
13 99
13 112
13 114
13 115
13 121
13 127
13 140
13 157
13 159
13 160
13 170
13 171
13 181
13 184
13 185
14 17
14 18
14 19
14 20
14 22
14 24
14 25
14 27
14 32
14 35
14 41
14 42
14 45
14 46
14 48
14 51
14 54
14 65
14 66
14 69
14 71
14 85
14 87
14 92
14 98
14 105
14 109
14 110
14 113
14 127
14 141
14 143
14 144
14 156
14 174
15 16
15 17
15 18
15 22
15 23
15 24
15 29
15 31
15 32
15 34
15 38
15 40
15 42
15 45
15 48
15 49
15 56
15 58
15 60
15 67
15 70
15 73
15 78
15 80
15 81
15 82
15 83
15 86
15 97
15 99
15 106
15 139
15 140
15 143
15 144
15 165
15 173
15 188
15 192
15 194
15 199
16 17
16 18
16 20
16 21
16 25
16 27
16 29
16 30
16 31
16 32
16 33
16 38
16 39
16 54
16 65
16 82
16 99
16 108
16 114
16 115
16 118
16 122
16 126
16 130
16 134
16 146
16 147
16 152
16 153
16 154
16 161
16 162
16 171
16 179
16 192
16 197
17 19
17 29
17 33
17 37
17 45
17 47
17 58
17 64
17 65
17 80
17 83
17 84
17 101
17 113
17 149
17 178
17 188
18 21
18 23
18 24
18 26
18 28
18 30
18 31
18 33
18 34
18 36
18 38
18 40
18 41
18 43
18 46
18 47
18 57
18 61
18 64
18 65
18 75
18 80
18 81
18 88
18 98
18 112
18 125
18 130
18 140
18 141
18 152
18 169
18 171
18 182
18 186
18 188
18 199
19 20
19 22
19 24
19 25
19 26
19 28
19 30
19 33
19 34
19 35
19 43
19 57
19 63
19 65
19 66
19 69
19 71
19 74
19 79
19 81
19 82
19 84
19 85
19 86
19 88
19 92
19 93
19 94
19 98
19 103
19 110
19 112
19 121
19 132
19 133
19 135
19 139
19 145
19 149
19 155
19 160
19 161
19 175
19 190
19 197
20 21
20 22
20 23
20 25
20 27
20 28
20 31
20 38
20 39
20 43
20 49
20 53
20 68
20 70
20 74
20 75
20 79
20 84
20 96
20 100
20 101
20 107
20 116
20 120
20 129
20 131
20 142
20 151
20 166
20 170
20 174
20 198
21 22
21 23
21 29
21 31
21 35
21 37
21 41
21 42
21 44
21 52
21 55
21 63
21 67
21 79
21 81
21 85
21 87
21 94
21 97
21 102
21 104
21 106
21 108
21 113
21 115
21 141
21 142
21 148
21 163
21 164
22 25
22 26
22 31
22 32
22 36
22 37
22 49
22 50
22 51
22 53
22 58
22 59
22 62
22 65
22 67
22 70
22 82
22 87
22 96
22 98
22 124
22 125
22 128
22 129
22 131
22 150
22 167
22 169
22 171
22 172
22 175
22 177
22 195
23 24
23 30
23 32
23 38
23 47
23 69
23 77
23 81
23 89
23 90
23 97
23 103
23 113
23 116
23 118
23 157
23 168
23 172
23 193
23 199
24 55
24 58
24 59
24 64
24 73
24 86
24 91
24 113
24 139
24 159
24 160
24 163
24 193
25 27
25 31
25 39
25 43
25 49
25 62
25 92
25 93
25 95
25 112
25 124
25 137
25 146
25 148
25 163
25 173
25 176
25 179
25 181
25 183
25 197
26 28
26 30
26 37
26 38
26 44
26 52
26 57
26 60
26 61
26 68
26 70
26 74
26 92
26 111
26 120
26 121
26 129
26 131
26 158
26 166
26 170
26 183
26 185
26 187
27 29
27 35
27 38
27 46
27 48
27 54
27 64
27 99
27 102
27 109
27 110
27 127
27 142
27 159
27 167
28 38
28 40
28 41
28 43
28 44
28 46
28 49
28 64
28 72
28 84
28 94
28 105
28 116
28 123
28 124
28 144
28 148
28 154
28 158
28 162
28 174
28 178
28 187
29 30
29 34
29 40
29 42
29 44
29 46
29 67
29 73
29 84
29 88
29 104
29 109
29 132
29 134
29 151
29 152
29 161
29 197
30 42
30 47
30 56
30 57
30 67
30 89
30 91
30 95
30 100
30 123
30 130
30 137
30 142
30 147
30 153
30 170
30 174
30 182
30 185
31 32
31 33
31 37
31 42
31 48
31 54
31 56
31 59
31 64
31 68
31 72
31 73
31 80
31 91
31 96
31 103
31 105
31 106
31 109
31 123
31 124
31 131
31 135
31 136
31 146
31 151
31 172
31 188
31 192
32 36
32 39
32 40
32 44
32 53
32 59
32 72
32 73
32 78
32 85
32 87
32 91
32 111
32 128
32 139
32 188
33 34
33 36
33 47
33 54
33 55
33 59
33 75
33 93
33 129
33 138
33 139
33 162
33 168
33 170
33 172
33 178
33 185
33 188
34 35
34 36
34 38
34 40
34 42
34 48
34 50
34 55
34 56
34 60
34 73
34 76
34 112
34 125
34 160
34 170
35 37
35 49
35 53
35 56
35 60
35 69
35 78
35 105
35 107
35 108
35 125
35 145
35 154
35 158
35 159
35 173
35 175
35 179
35 184
35 195
35 196
36 39
36 42
36 43
36 55
36 74
36 95
36 101
36 107
36 112
36 114
36 115
36 137
36 165
36 167
36 176
36 178
36 193
36 194
37 54
37 91
37 97
37 102
37 118
37 119
37 121
37 130
37 151
37 153
37 154
37 167
37 183
38 43
38 50
38 72
38 77
38 79
38 86
38 90
38 93
38 95
38 116
38 125
38 149
38 156
38 166
38 176
39 41
39 42
39 46
39 47
39 49
39 51
39 54
39 56
39 61
39 63
39 65
39 68
39 71
39 72
39 85
39 95
39 99
39 103
39 104
39 107
39 114
39 115
39 117
39 125
39 136
39 137
39 147
39 150
39 162
39 168
39 174
39 181
40 48
40 50
40 57
40 67
40 89
40 93
40 95
40 102
40 113
40 138
40 186
40 187
41 51
41 77
41 104
41 105
41 120
41 133
41 141
42 43
42 48
42 57
42 59
42 66
42 67
42 78
42 81
42 83
42 91
42 102
42 118
42 128
42 133
42 137
42 151
42 153
42 172
42 173
42 195
42 197
42 198
43 44
43 49
43 61
43 63
43 65
43 68
43 70
43 74
43 92
43 93
43 112
43 114
43 116
43 118
43 126
43 132
43 155
43 160
43 165
43 176
44 46
44 52
44 74
44 83
44 97
44 115
44 118
44 119
44 122
44 156
44 163
44 168
44 173
44 189
45 62
45 88
45 97
45 100
45 146
45 150
45 161
45 168
45 191
46 48
46 52
46 62
46 63
46 68
46 75
46 90
46 102
46 103
46 108
46 111
46 119
46 126
46 133
46 143
46 161
46 165
46 179
46 190
46 192
47 53
47 57
47 58
47 67
47 69
47 73
47 76
47 82
47 89
47 91
47 94
47 117
47 121
47 133
47 154
47 156
47 173
47 181
47 192
48 52
48 55
48 66
48 75
48 78
48 88
48 89
48 97
48 167
48 176
49 57
49 71
49 77
49 81
49 87
49 110
49 142
49 144
49 152
50 51
50 59
50 70
50 72
50 81
50 84
50 90
50 92
50 94
50 96
50 101
50 119
50 127
50 131
50 160
50 162
50 163
50 167
50 176
50 178
50 180
51 60
51 71
51 116
51 117
51 130
51 140
51 153
51 179
51 187
51 190
52 69
52 76
52 87
52 89
52 91
52 106
52 107
52 108
52 135
52 153
52 179
52 183
52 187
52 193
53 54
53 62
53 67
53 74
53 76
53 77
53 79
53 84
53 114
53 124
53 130
53 154
53 164
53 173
53 184
53 190
54 58
54 65
54 95
54 107
54 109
54 120
54 127
54 132
54 137
54 143
54 145
54 189
55 58
55 61
55 69
55 78
55 100
55 101
55 102
55 103
55 110
55 111
55 122
55 133
55 148
55 162
55 185
56 90
56 95
56 99
56 111
56 145
57 77
57 84
57 99
57 135
57 138
57 146
57 169
57 180
57 191
58 63
58 67
58 69
58 80
58 94
58 106
58 107
58 109
58 131
58 132
58 140
58 143
58 145
58 147
58 165
58 173
58 196
58 198
59 62
59 63
59 81
59 85
59 119
59 120
59 122
59 133
59 151
59 156
59 157
59 177
59 183
59 188
59 194
59 197
60 72
60 74
60 77
60 110
60 120
60 139
60 169
61 78
61 85
61 94
61 103
61 122
61 144
61 183
61 187
61 196
61 199
62 71
62 75
62 76
62 83
62 88
62 90
62 92
62 102
62 117
62 119
62 137
62 166
62 176
62 189
62 194
62 195
63 64
63 66
63 75
63 76
63 77
63 93
63 94
63 105
63 129
63 134
63 140
63 141
63 150
63 178
63 179
63 184
63 193
63 194
64 83
64 90
64 112
64 154
64 155
64 171
65 66
65 75
65 93
65 104
65 107
65 109
65 126
65 134
65 179
65 189
65 191
65 193
65 195
66 69
66 82
66 121
66 122
66 124
66 162
66 182
66 191
67 86
67 94
67 108
67 113
67 122
67 152
67 157
68 82
68 83
68 86
68 89
68 92
68 105
68 111
68 117
68 131
68 141
68 191
68 198
69 70
69 87
69 100
69 103
69 104
69 114
69 117
69 121
69 126
69 148
69 149
69 157
69 158
69 172
69 177
69 178
70 75
70 82
70 88
70 95
70 98
70 109
70 128
70 136
71 72
71 74
71 86
71 93
71 110
71 126
71 137
71 149
72 114
72 116
72 189
73 79
73 96
73 101
74 149
74 151
74 170
74 173
74 197
75 87
75 136
75 145
75 150
75 162
75 172
75 198
76 77
76 88
76 107
76 110
76 119
76 120
76 127
76 138
76 159
76 167
76 192
77 104
77 117
77 162
77 164
77 175
77 179
78 79
78 96
78 100
78 106
78 114
78 118
78 121
78 123
78 162
78 183
79 98
79 118
79 127
79 128
79 138
79 141
79 147
79 153
79 191
80 89
80 96
80 129
80 135
80 153
80 155
80 157
80 160
80 164
80 192
80 195
81 99
81 110
81 120
81 133
81 150
81 151
82 98
82 100
82 141
82 153
82 167
82 181
82 185
83 135
84 95
84 106
84 143
85 126
86 141
86 148
86 152
87 113
87 118
87 121
87 126
87 135
87 151
87 152
87 184
88 98
88 124
88 159
88 166
88 186
89 92
89 100
89 115
89 116
89 128
90 100
90 106
90 107
90 119
90 147
90 159
90 167
90 180
90 189
91 131
91 152
91 170
91 185
92 120
92 123
92 161
92 187
92 199
93 164
93 169
94 105
94 125
94 137
95 101
95 108
95 115
95 136
95 142
95 143
95 159
95 170
96 144
96 168
96 186
97 103
97 122
97 156
98 117
98 135
98 176
98 185
99 117
99 128
99 140
99 190
100 101
100 136
100 166
101 164
102 110
102 132
103 196
104 119
104 139
104 193
104 195
105 115
105 132
105 139
105 150
105 187
105 194
106 113
106 132
106 193
107 146
107 181
107 191
108 164
109 180
109 183
109 198
110 120
110 131
110 148
110 169
111 124
111 130
111 131
111 163
111 166
111 180
111 181
112 146
112 149
112 182
112 198
113 133
113 136
113 138
113 169
114 156
114 163
116 129
116 139
116 155
116 158
116 163
117 123
118 123
118 133
118 189
119 134
119 161
119 181
120 130
120 161
120 177
121 146
121 168
121 175
122 195
123 152
123 186
124 159
124 190
124 196
125 129
125 143
125 155
125 156
125 177
125 186
125 188
125 194
126 134
126 157
127 128
127 148
128 142
128 170
129 169
129 174
129 179
130 149
130 182
130 196
131 134
131 135
131 140
131 155
131 158
131 168
131 185
132 144
132 146
133 148
133 160
134 136
134 154
134 160
134 166
134 175
134 182
134 195
135 147
135 165
135 174
135 184
136 172
136 182
136 192
137 141
137 197
140 199
141 156
142 184
142 194
143 145
143 166
144 199
145 164
145 199
146 148
146 180
147 191
148 172
148 198
149 175
149 193
150 163
150 182
150 197
152 158
154 165
155 189
156 175
157 171
157 180
158 165
159 178
159 188
160 165
160 175
161 186
162 182
162 185
162 195
163 177
164 171
164 181
165 186
168 177
170 184
170 186
171 174
171 180
171 199
173 180
173 183
179 190
180 192
180 194
193 196
