0 1
0 2
0 3
0 4
0 5
0 6
0 7
0 8
0 9
0 10
0 11
0 12
0 13
0 14
0 15
0 16
0 17
0 18
0 22
0 24
0 25
0 26
0 27
0 29
0 30
0 33
0 35
0 36
0 37
0 41
0 43
0 44
0 45
0 49
0 50
0 51
0 53
0 56
0 62
0 65
0 66
0 69
0 72
0 76
0 78
0 79
0 81
0 86
0 91
0 92
0 95
0 99
0 104
0 107
0 110
0 111
0 121
0 123
0 124
0 135
0 145
0 157
0 177
0 178
0 179
0 185
0 191
0 195
0 196
0 198
1 11
1 12
1 17
1 20
1 38
1 70
1 88
1 107
1 162
2 11
2 12
2 13
2 16
2 24
2 33
2 41
2 42
2 43
2 49
2 51
2 61
2 68
2 72
2 83
2 117
2 135
2 157
2 166
2 177
2 187
2 190
2 192
3 11
3 14
3 15
3 18
3 21
3 25
3 33
3 35
3 38
3 39
3 43
3 78
3 117
3 126
3 129
3 143
3 147
3 157
3 170
3 172
3 177
3 183
3 194
4 11
4 12
4 13
4 15
4 17
4 26
4 27
4 29
4 31
4 37
4 39
4 51
4 53
4 66
4 71
4 74
4 80
4 101
4 108
4 109
4 151
4 163
5 12
5 13
5 14
5 18
5 20
5 21
5 22
5 25
5 28
5 29
5 32
5 34
5 37
5 42
5 44
5 46
5 48
5 52
5 63
5 64
5 75
5 82
5 83
5 102
5 104
5 109
5 119
5 123
5 124
5 126
5 135
5 145
5 147
5 152
5 153
5 158
5 159
5 163
5 169
5 175
5 178
5 182
6 11
6 12
6 13
6 14
6 16
6 18
6 19
6 22
6 23
6 27
6 31
6 34
6 37
6 41
6 47
6 55
6 56
6 57
6 61
6 64
6 68
6 69
6 72
6 81
6 84
6 111
6 112
6 134
6 135
6 136
6 145
6 147
6 148
6 149
6 153
6 157
6 161
6 166
6 172
6 173
6 185
7 11
7 12
7 15
7 19
7 24
7 25
7 38
7 42
7 49
7 50
7 52
7 57
7 58
7 70
7 71
7 77
7 78
7 92
7 93
7 94
7 114
7 122
7 127
7 130
7 155
7 195
7 196
7 197
8 11
8 12
8 13
8 14
8 15
8 16
8 17
8 19
8 20
8 21
8 23
8 24
8 27
8 28
8 31
8 36
8 39
8 47
8 55
8 63
8 71
8 72
8 80
8 87
8 90
8 94
8 96
8 99
8 100
8 104
8 118
8 124
8 133
8 134
8 147
8 159
8 168
8 170
8 181
8 193
9 11
9 13
9 14
9 15
9 16
9 17
9 22
9 26
9 29
9 31
9 32
9 50
9 62
9 67
9 68
9 76
9 108
9 113
9 119
9 180
10 11
10 12
10 13
10 14
10 16
10 17
10 18
10 20
10 21
10 23
10 24
10 26
10 29
10 31
10 33
10 45
10 46
10 51
10 55
10 58
10 59
10 60
10 68
10 74
10 76
10 84
10 86
10 97
10 101
10 102
10 103
10 107
10 120
10 124
10 128
10 134
10 135
10 157
10 160
10 174
10 183
10 195
11 12
11 13
11 14
11 15
11 16
11 17
11 18
11 19
11 20
11 21
11 22
11 23
11 26
11 27
11 28
11 32
11 35
11 36
11 38
11 39
11 40
11 41
11 42
11 44
11 48
11 51
11 52
11 57
11 61
11 62
11 64
11 65
11 67
11 69
11 71
11 73
11 75
11 78
11 79
11 80
11 83
11 85
11 88
11 91
11 95
11 98
11 99
11 103
11 106
11 109
11 115
11 127
11 132
11 135
11 141
11 149
11 153
11 155
11 164
11 168
11 175
11 176
11 179
11 186
11 188
11 189
11 196
11 197
12 13
12 14
12 15
12 16
12 18
12 19
12 20
12 21
12 23
12 25
12 27
12 30
12 33
12 34
12 35
12 36
12 37
12 38
12 41
12 43
12 44
12 46
12 47
12 50
12 52
12 57
12 59
12 62
12 63
12 64
12 65
12 66
12 71
12 72
12 75
12 79
12 95
12 97
12 101
12 103
12 119
12 129
12 139
12 141
12 150
12 152
12 160
12 177
12 182
12 183
12 184
12 186
13 14
13 15
13 16
13 19
13 20
13 21
13 22
13 23
13 26
13 28
13 29
13 30
13 35
13 39
13 42
13 44
13 48
13 60
13 65
13 66
13 78
13 90
13 96
13 116
13 127
13 133
13 138
13 145
13 151
13 164
13 181
13 197
14 15
14 17
14 19
14 25
14 30
14 31
14 34
14 43
14 46
14 49
14 51
14 55
14 59
14 66
14 70
14 74
14 78
14 83
14 85
14 87
14 89
14 93
14 94
14 97
14 120
14 121
14 127
14 135
14 140
14 141
14 142
14 145
14 147
14 150
14 153
14 162
14 166
14 167
14 169
14 176
14 185
14 186
14 189
14 193
15 16
15 17
15 18
15 19
15 20
15 21
15 22
15 23
15 25
15 26
15 27
15 35
15 37
15 41
15 44
15 45
15 46
15 47
15 53
15 57
15 58
15 60
15 65
15 66
15 74
15 75
15 76
15 86
15 89
15 90
15 91
15 96
15 98
15 99
15 100
15 110
15 115
15 122
15 132
15 145
15 146
15 147
15 151
15 152
15 153
15 154
15 157
15 160
15 169
15 187
15 195
15 198
16 17
16 18
16 19
16 21
16 22
16 23
16 24
16 31
16 32
16 34
16 35
16 36
16 37
16 39
16 42
16 48
16 49
16 52
16 56
16 59
16 66
16 87
16 92
16 95
16 111
16 113
16 125
16 134
16 140
16 165
16 188
17 18
17 20
17 23
17 24
17 26
17 28
17 34
17 41
17 44
17 45
17 54
17 57
17 62
17 64
17 72
17 83
17 87
17 108
17 109
17 112
17 115
17 117
17 125
17 137
17 140
17 146
17 159
17 160
17 162
17 166
17 171
17 175
17 176
17 182
17 183
17 184
17 194
17 199
18 19
18 23
18 25
18 28
18 29
18 30
18 32
18 33
18 34
18 38
18 40
18 42
18 45
18 47
18 49
18 51
18 52
18 53
18 54
18 55
18 59
18 63
18 65
18 67
18 82
18 84
18 103
18 104
18 118
18 128
18 129
18 143
18 149
18 154
18 171
18 191
18 194
19 20
19 22
19 26
19 31
19 32
19 40
19 42
19 43
19 49
19 50
19 56
19 57
19 63
19 66
19 81
19 95
19 122
19 126
19 133
19 147
19 162
19 179
20 21
20 22
20 24
20 25
20 26
20 27
20 28
20 30
20 36
20 40
20 43
20 47
20 48
20 60
20 69
20 76
20 77
20 80
20 81
20 92
20 96
20 101
20 103
20 104
20 110
20 112
20 120
20 139
20 161
20 172
20 179
21 24
21 28
21 29
21 33
21 35
21 36
21 38
21 40
21 50
21 52
21 53
21 54
21 60
21 67
21 69
21 70
21 75
21 83
21 88
21 106
21 115
21 117
21 123
21 125
21 139
21 140
21 158
21 161
21 162
21 164
21 173
21 177
21 198
22 30
22 32
22 34
22 45
22 58
22 59
22 63
22 69
22 79
22 88
22 101
22 108
22 110
22 119
22 126
22 131
22 149
22 150
22 158
22 171
23 24
23 27
23 28
23 29
23 33
23 38
23 43
23 48
23 54
23 55
23 59
23 60
23 68
23 76
23 79
23 86
23 87
23 94
23 98
23 101
23 118
23 127
23 129
23 134
23 136
23 137
23 142
23 148
23 160
23 168
23 169
23 174
23 189
23 193
24 25
24 30
24 34
24 37
24 44
24 49
24 53
24 57
24 62
24 63
24 67
24 75
24 80
24 84
24 85
24 89
24 91
24 96
24 107
24 120
24 121
24 125
24 126
24 131
24 143
24 151
24 167
24 172
25 27
25 30
25 36
25 37
25 38
25 41
25 42
25 44
25 48
25 54
25 60
25 68
25 70
25 73
25 78
25 82
25 85
25 91
25 97
25 102
25 108
25 112
25 119
25 123
25 124
25 136
25 144
25 146
25 149
25 168
25 169
25 178
25 195
26 33
26 40
26 46
26 49
26 51
26 54
26 58
26 62
26 73
26 74
26 82
26 98
26 109
26 124
26 139
26 141
26 151
26 180
26 194
26 195
27 28
27 29
27 30
27 31
27 32
27 33
27 35
27 36
27 37
27 38
27 45
27 47
27 48
27 53
27 56
27 58
27 59
27 61
27 62
27 64
27 66
27 67
27 71
27 73
27 77
27 86
27 87
27 99
27 105
27 111
27 113
27 115
27 117
27 118
27 121
27 124
27 131
27 137
27 150
27 152
27 158
27 161
27 167
27 168
27 171
27 191
27 192
27 194
28 32
28 39
28 40
28 41
28 56
28 58
28 71
28 73
28 82
28 90
28 91
28 93
28 94
28 102
28 116
28 138
28 140
28 146
28 147
28 171
28 178
28 187
29 31
29 50
29 64
29 72
29 78
29 80
29 86
29 105
29 142
29 155
29 162
29 193
30 32
30 40
30 45
30 67
30 85
30 86
30 99
30 100
30 105
30 114
30 132
30 143
30 167
30 175
31 39
31 47
31 48
31 53
31 81
31 94
31 111
31 132
32 68
32 70
32 71
32 77
32 101
32 128
32 130
32 140
32 156
32 164
32 169
32 170
32 171
32 174
32 177
33 34
33 35
33 39
33 40
33 45
33 46
33 47
33 49
33 54
33 55
33 64
33 73
33 74
33 86
33 90
33 106
33 112
33 115
33 116
33 122
33 123
33 130
33 151
33 193
33 196
34 46
34 50
34 58
34 77
34 91
34 92
34 134
34 142
34 156
34 157
34 192
34 193
35 36
35 46
35 52
35 60
35 61
35 67
35 72
35 96
35 100
35 102
35 104
35 112
35 114
35 135
35 137
35 155
35 167
36 39
36 41
36 59
36 74
36 79
36 95
36 103
36 106
36 111
36 119
36 134
36 146
36 148
36 183
37 40
37 47
37 57
37 64
37 73
37 76
37 80
37 87
37 100
37 102
37 104
37 136
37 149
37 161
37 169
37 173
37 188
37 191
37 192
38 43
38 50
38 68
38 69
38 84
38 85
38 93
38 102
38 105
38 128
38 139
38 154
38 164
38 165
38 173
38 182
38 190
38 198
39 50
39 51
39 53
39 61
39 74
39 79
39 88
39 96
39 98
39 100
39 102
39 109
39 110
39 123
39 128
39 146
39 174
40 52
40 56
40 58
40 63
40 77
40 81
40 90
40 96
40 116
40 120
40 125
40 133
40 136
40 137
40 154
40 198
41 42
41 54
41 65
41 72
41 73
41 75
41 76
41 84
41 99
41 117
41 136
41 143
41 166
41 175
41 181
41 188
41 195
41 197
42 43
42 55
42 61
42 64
42 67
42 68
42 70
42 73
42 76
42 89
42 103
42 108
42 113
42 115
42 130
42 159
42 173
42 179
42 193
43 44
43 45
43 46
43 58
43 75
43 82
43 113
43 187
43 199
44 56
44 59
44 60
44 63
44 70
44 74
44 83
44 118
44 121
44 125
44 140
44 143
44 154
44 163
44 186
44 199
45 51
45 55
45 95
45 105
45 115
45 122
45 149
45 150
45 152
45 155
45 159
45 163
45 165
46 54
46 60
46 71
46 73
46 93
46 107
46 129
46 138
46 148
46 161
46 164
47 48
47 61
47 72
47 79
47 85
47 131
47 154
47 163
47 185
47 188
48 54
48 74
48 90
48 101
48 104
48 108
48 117
48 133
48 139
48 141
48 153
48 158
48 170
48 178
48 181
48 188
49 52
49 68
49 75
49 77
49 109
49 130
49 137
49 138
49 139
49 142
49 144
49 158
49 161
49 165
50 70
50 84
50 95
50 107
50 125
50 126
50 144
50 155
50 158
50 161
50 163
50 171
50 182
50 188
51 56
51 61
51 86
51 94
51 114
51 116
51 132
51 144
51 173
51 178
52 53
52 55
52 82
52 88
52 93
52 99
52 107
52 109
52 126
52 128
52 150
52 178
53 56
53 57
53 65
53 71
53 79
53 80
53 88
53 90
53 105
53 116
53 120
53 127
53 143
53 185
54 63
54 65
54 75
54 77
54 82
54 89
54 104
54 135
54 151
54 195
55 62
55 65
55 69
55 83
55 98
55 103
55 112
55 113
55 169
55 184
55 186
55 192
56 61
56 80
56 91
56 97
56 106
56 107
56 113
56 150
56 152
56 153
56 170
56 181
56 196
57 81
57 82
57 84
57 91
57 92
57 111
57 114
57 116
57 117
57 131
57 146
57 148
57 149
57 166
57 168
57 172
57 188
57 191
57 194
58 62
58 69
58 81
58 99
58 106
58 107
58 118
58 122
58 187
58 192
59 70
59 87
59 97
59 100
59 104
59 112
59 120
59 148
59 162
59 168
59 174
60 93
60 117
60 143
60 183
61 80
61 89
61 94
61 95
61 102
61 127
61 133
61 180
62 77
62 82
62 83
62 85
62 105
62 108
62 119
62 138
62 142
62 159
62 176
62 189
62 197
63 66
63 69
63 84
63 89
63 129
63 130
63 144
63 152
63 156
63 157
63 161
63 199
64 67
64 77
64 88
64 100
64 110
64 121
64 125
64 127
64 128
64 142
64 151
64 156
64 159
64 181
64 197
65 89
65 170
65 177
66 78
66 84
66 86
66 97
66 101
66 132
66 142
66 166
66 174
66 179
66 182
66 199
67 83
67 98
67 105
67 118
67 123
67 132
67 141
67 190
68 81
68 87
68 106
68 129
68 139
68 141
68 143
68 178
68 190
69 91
69 99
69 105
69 137
69 162
69 180
70 87
70 113
70 114
70 123
70 133
70 140
70 150
70 171
70 173
71 103
71 114
71 130
71 140
72 76
72 78
72 81
72 97
72 182
72 183
73 89
73 90
73 114
73 119
73 167
73 170
73 186
74 128
75 100
75 129
75 134
75 194
76 93
76 101
76 106
76 109
76 111
76 116
76 124
76 149
76 156
76 161
76 166
76 174
76 189
77 79
77 92
77 98
77 103
77 118
77 126
77 132
77 145
77 163
78 92
78 98
78 120
78 137
78 192
78 196
79 85
79 96
79 110
79 116
79 165
79 180
79 183
80 89
80 131
80 156
80 163
80 181
81 85
81 90
81 92
81 93
81 105
81 108
81 150
81 155
81 156
81 158
81 168
82 120
82 154
82 189
82 199
83 133
83 144
84 88
84 94
84 97
84 110
84 135
84 138
84 168
84 198
85 88
85 112
85 137
85 169
85 174
85 175
85 179
86 106
86 110
86 114
86 139
86 167
86 180
86 191
86 196
87 92
87 94
87 96
87 112
87 150
87 196
88 95
88 122
88 145
88 159
88 198
89 93
89 124
89 144
90 113
90 141
90 142
90 147
90 163
90 194
91 107
91 115
91 123
91 177
92 97
92 111
92 119
92 133
92 186
92 194
93 117
93 133
93 153
93 160
93 163
93 165
93 180
93 185
93 198
94 98
94 111
94 129
94 131
94 160
94 177
94 189
95 100
95 110
95 127
95 130
95 137
95 154
95 159
95 160
95 166
95 176
95 182
96 148
96 170
96 176
97 115
97 131
98 130
98 168
98 181
98 184
98 198
99 122
99 138
100 102
100 116
100 138
100 139
100 145
100 146
100 155
100 180
100 185
101 113
101 121
101 152
101 164
101 167
102 129
103 106
103 122
103 132
103 140
103 148
103 172
103 184
104 114
104 120
104 127
104 172
104 175
104 189
105 122
105 136
105 158
105 182
105 196
106 121
106 130
106 136
106 184
107 108
107 109
107 118
107 125
107 154
107 175
107 186
107 189
108 119
108 123
108 126
108 132
108 144
108 153
108 154
108 162
108 179
108 180
108 182
108 191
108 193
109 131
109 148
109 187
109 188
111 118
111 126
111 145
111 151
111 187
112 131
113 179
113 180
114 125
114 136
114 165
114 181
114 190
114 197
114 198
115 147
115 152
116 124
117 172
118 162
118 183
118 192
119 121
119 128
119 142
119 187
119 199
120 121
120 134
121 128
121 138
121 143
121 172
121 181
121 191
122 156
122 194
123 178
123 184
123 189
124 138
124 141
125 156
126 167
128 141
128 146
129 149
129 165
129 170
130 153
131 136
132 146
132 157
132 164
132 166
132 173
132 183
132 185
133 134
133 176
133 190
133 196
134 155
134 191
134 197
135 144
135 152
135 158
135 193
136 186
136 195
137 144
137 178
137 190
138 148
138 175
139 151
139 164
139 174
139 193
141 197
142 160
142 177
142 187
143 157
145 165
145 167
146 156
146 174
146 191
149 160
150 159
150 164
150 175
150 176
151 155
152 173
153 173
153 179
156 171
157 176
161 169
162 190
163 171
163 176
163 185
164 165
165 172
165 197
165 199
166 170
166 195
166 199
167 192
168 190
169 184
169 186
170 184
172 188
172 190
174 187
182 185
183 184
184 199
188 192
