0 1
0 2
0 3
0 4
0 5
0 6
0 7
0 8
0 9
0 10
0 11
0 12
0 13
0 14
0 15
0 16
0 17
0 18
0 19
0 20
0 21
0 22
0 23
0 24
0 27
0 28
0 30
0 33
0 37
0 38
0 40
0 42
0 43
0 44
0 46
0 47
0 52
0 54
0 55
0 59
0 68
0 71
0 72
0 73
0 75
0 77
0 80
0 85
0 86
0 102
0 108
0 115
0 136
0 143
0 145
0 156
0 161
0 191
0 193
0 197
1 11
1 12
1 13
1 17
1 22
1 43
1 47
1 75
1 86
1 94
1 114
1 144
1 158
1 175
1 196
2 11
2 14
2 15
2 19
2 48
2 54
2 63
2 77
2 85
2 97
2 98
2 126
2 150
2 163
2 167
2 190
2 198
3 15
3 16
3 20
3 27
3 28
3 30
3 31
3 32
3 60
3 73
3 88
3 91
3 95
3 102
3 122
3 127
3 147
3 153
3 158
3 174
3 198
4 11
4 12
4 13
4 14
4 18
4 19
4 22
4 26
4 30
4 32
4 34
4 35
4 45
4 46
4 59
4 66
4 69
4 72
4 75
4 80
4 83
4 87
4 90
4 97
4 100
4 116
4 122
4 127
4 143
4 147
4 151
4 154
4 163
4 167
4 168
4 182
4 189
4 194
4 195
5 11
5 12
5 13
5 15
5 16
5 17
5 21
5 23
5 25
5 27
5 33
5 35
5 36
5 37
5 39
5 43
5 44
5 45
5 50
5 51
5 57
5 68
5 71
5 114
5 157
5 161
5 163
5 164
5 168
5 180
5 184
6 11
6 12
6 13
6 14
6 15
6 16
6 18
6 19
6 22
6 24
6 25
6 29
6 30
6 31
6 39
6 49
6 65
6 78
6 81
6 84
6 86
6 88
6 97
6 110
6 120
6 123
6 155
6 164
6 174
6 199
7 11
7 12
7 13
7 14
7 15
7 16
7 21
7 33
7 36
7 42
7 46
7 54
7 64
7 75
7 80
7 84
7 108
7 109
7 127
7 128
7 135
7 141
7 164
7 183
7 190
7 191
8 11
8 12
8 13
8 14
8 16
8 17
8 21
8 23
8 33
8 41
8 45
8 49
8 67
8 76
8 83
8 86
8 94
8 98
8 99
8 113
8 114
8 116
8 117
8 122
8 138
8 144
8 146
8 149
8 158
9 11
9 12
9 14
9 15
9 17
9 18
9 22
9 24
9 26
9 27
9 30
9 32
9 42
9 44
9 47
9 51
9 53
9 58
9 62
9 64
9 67
9 78
9 82
9 84
9 86
9 90
9 96
9 121
9 130
9 138
9 149
9 161
9 172
9 182
9 198
10 11
10 12
10 13
10 19
10 20
10 24
10 25
10 28
10 45
10 50
10 52
10 57
10 74
10 78
10 81
10 108
10 138
10 157
10 160
10 164
10 168
10 193
11 12
11 13
11 14
11 15
11 16
11 17
11 21
11 22
11 23
11 24
11 25
11 28
11 29
11 30
11 31
11 34
11 35
11 42
11 43
11 44
11 45
11 48
11 49
11 51
11 55
11 56
11 58
11 60
11 61
11 62
11 63
11 65
11 70
11 73
11 80
11 82
11 87
11 91
11 93
11 95
11 99
11 100
11 101
11 107
11 111
11 112
11 115
11 118
11 121
11 123
11 126
11 147
11 154
11 161
11 165
11 173
11 180
11 182
11 187
11 188
11 189
11 193
11 196
11 197
12 13
12 14
12 16
12 17
12 18
12 19
12 20
12 21
12 22
12 25
12 28
12 29
12 33
12 34
12 47
12 51
12 53
12 57
12 63
12 64
12 65
12 66
12 69
12 70
12 73
12 74
12 79
12 86
12 89
12 91
12 93
12 98
12 100
12 101
12 102
12 105
12 112
12 115
12 116
12 118
12 126
12 131
12 133
12 138
12 142
12 146
12 153
12 154
12 160
12 162
12 171
12 186
12 189
12 196
13 14
13 15
13 16
13 17
13 18
13 19
13 20
13 21
13 22
13 25
13 26
13 27
13 29
13 30
13 36
13 37
13 40
13 42
13 47
13 53
13 55
13 57
13 58
13 59
13 60
13 62
13 63
13 68
13 75
13 85
13 90
13 91
13 103
13 105
13 107
13 122
13 124
13 125
13 126
13 136
13 139
13 140
13 156
13 163
13 166
13 168
13 174
13 188
13 190
13 191
13 196
13 197
14 15
14 17
14 18
14 20
14 23
14 26
14 29
14 31
14 32
14 34
14 36
14 37
14 38
14 39
14 41
14 44
14 45
14 46
14 53
14 54
14 56
14 66
14 69
14 71
14 74
14 80
14 85
14 87
14 88
14 95
14 96
14 97
14 98
14 107
14 118
14 127
14 128
14 133
14 134
14 141
14 147
14 150
14 152
14 158
14 161
14 166
14 167
14 177
14 188
14 189
14 195
15 16
15 18
15 19
15 20
15 21
15 23
15 24
15 26
15 29
15 31
15 32
15 34
15 35
15 36
15 37
15 38
15 40
15 42
15 43
15 48
15 50
15 51
15 53
15 56
15 60
15 62
15 66
15 69
15 70
15 86
15 87
15 94
15 96
15 101
15 102
15 106
15 117
15 121
15 126
15 142
15 145
15 151
15 157
15 175
15 178
15 185
15 197
15 198
16 17
16 18
16 20
16 21
16 22
16 24
16 26
16 27
16 28
16 31
16 32
16 34
16 36
16 38
16 41
16 45
16 49
16 57
16 64
16 65
16 67
16 81
16 82
16 83
16 85
16 91
16 92
16 95
16 103
16 106
16 121
16 122
16 129
16 133
16 143
16 154
16 157
16 165
16 169
16 170
16 173
16 176
16 179
16 181
16 183
16 184
16 186
17 18
17 19
17 20
17 21
17 23
17 24
17 27
17 29
17 31
17 32
17 39
17 41
17 42
17 44
17 47
17 49
17 50
17 52
17 53
17 61
17 62
17 66
17 78
17 79
17 82
17 94
17 110
17 111
17 113
17 119
17 123
17 131
17 133
17 154
17 159
17 166
17 169
17 174
17 181
18 19
18 20
18 23
18 24
18 25
18 26
18 27
18 29
18 30
18 33
18 35
18 39
18 40
18 41
18 42
18 43
18 48
18 49
18 51
18 53
18 54
18 56
18 57
18 60
18 70
18 71
18 76
18 77
18 79
18 84
18 88
18 89
18 101
18 103
18 118
18 121
18 122
18 130
18 134
18 135
18 139
18 142
18 143
18 145
18 146
18 148
18 155
18 161
18 170
18 183
18 197
19 22
19 23
19 33
19 40
19 42
19 50
19 52
19 54
19 58
19 59
19 60
19 65
19 69
19 87
19 89
19 95
19 106
19 110
19 115
19 125
19 134
19 139
19 149
19 155
19 157
19 169
19 171
19 182
19 185
19 195
20 23
20 25
20 26
20 27
20 28
20 37
20 38
20 40
20 44
20 46
20 48
20 49
20 53
20 54
20 57
20 66
20 74
20 75
20 76
20 78
20 80
20 81
20 82
20 84
20 89
20 100
20 101
20 106
20 111
20 114
20 125
20 127
20 137
20 138
20 141
20 146
20 149
20 152
20 157
20 159
20 173
20 178
20 186
20 187
21 25
21 26
21 29
21 34
21 35
21 39
21 40
21 45
21 46
21 55
21 61
21 64
21 80
21 89
21 90
21 92
21 96
21 99
21 119
21 129
21 136
21 150
21 157
21 158
21 174
21 189
22 24
22 25
22 33
22 35
22 36
22 38
22 40
22 45
22 46
22 56
22 61
22 63
22 64
22 76
22 78
22 79
22 88
22 93
22 98
22 105
22 109
22 110
22 112
22 117
22 118
23 27
23 28
23 29
23 31
23 34
23 36
23 38
23 39
23 41
23 50
23 69
23 70
23 78
23 85
23 90
23 92
23 105
23 141
23 147
23 167
23 169
23 180
23 185
23 188
23 190
23 191
23 193
23 199
24 26
24 32
24 36
24 37
24 38
24 44
24 50
24 58
24 65
24 74
24 87
24 90
24 92
24 105
24 108
24 116
24 120
24 127
24 133
24 136
24 144
24 162
24 166
24 191
24 193
24 194
25 28
25 31
25 33
25 34
25 42
25 55
25 65
25 68
25 76
25 79
25 83
25 96
25 98
25 104
25 117
25 145
25 165
25 174
25 176
25 177
25 182
25 183
26 28
26 34
26 54
26 74
26 80
26 118
26 123
26 134
26 138
26 140
26 158
26 160
26 162
26 170
27 30
27 35
27 37
27 40
27 41
27 53
27 55
27 57
27 61
27 62
27 63
27 67
27 94
27 100
27 115
27 120
27 123
27 125
27 127
27 140
27 141
27 143
27 144
27 146
27 160
27 165
27 178
27 194
28 30
28 31
28 39
28 44
28 45
28 47
28 48
28 52
28 59
28 61
28 69
28 72
28 73
28 84
28 85
28 94
28 102
28 105
28 107
28 109
28 117
28 124
28 125
28 130
28 132
28 135
28 139
28 142
28 152
28 167
28 187
28 189
28 190
28 197
29 35
29 43
29 50
29 69
29 74
29 75
29 90
29 91
29 115
29 117
29 122
29 131
29 140
29 143
29 148
29 158
29 175
29 180
29 186
30 32
30 33
30 39
30 56
30 58
30 67
30 73
30 106
30 120
30 137
30 139
30 152
30 153
30 155
30 172
30 182
30 190
31 32
31 35
31 37
31 39
31 48
31 56
31 58
31 66
31 70
31 83
31 85
31 93
31 94
31 130
31 168
31 181
32 48
32 51
32 68
32 72
32 123
32 160
32 171
33 38
33 41
33 43
33 52
33 61
33 66
33 72
33 77
33 97
33 99
33 100
33 101
33 103
33 107
33 117
33 121
33 128
33 132
33 136
33 141
33 165
33 175
33 187
34 38
34 41
34 46
34 97
34 103
34 109
34 160
34 191
35 36
35 37
35 56
35 70
35 74
35 80
35 94
35 95
35 103
35 108
35 119
35 122
35 134
35 136
35 141
35 161
35 177
35 179
36 83
36 103
36 134
36 140
36 148
37 67
37 71
37 72
37 110
37 112
37 128
37 162
38 40
38 41
38 48
38 59
38 81
38 91
38 113
38 125
38 134
38 146
38 156
38 171
38 187
39 43
39 51
39 52
39 62
39 63
39 71
39 75
39 87
39 92
39 97
39 118
39 124
39 126
39 135
39 145
39 147
39 150
39 155
39 157
39 163
39 168
39 169
39 170
39 185
39 195
39 198
39 199
40 44
40 49
40 58
40 59
40 70
40 73
40 77
40 82
40 88
40 91
40 108
40 114
40 137
40 145
40 147
40 148
40 162
40 164
40 199
41 46
41 47
41 49
41 53
41 60
41 68
41 73
41 82
41 83
41 86
41 115
41 118
41 132
41 137
41 138
41 150
41 167
41 175
41 184
41 186
42 43
42 46
42 47
42 56
42 58
42 62
42 69
42 77
42 79
42 80
42 88
42 97
42 99
42 101
42 113
42 123
42 125
42 127
42 129
42 139
42 173
43 52
43 55
43 57
43 67
43 72
43 104
43 105
43 114
43 116
43 130
43 131
43 132
43 148
43 166
43 187
43 193
44 47
44 48
44 62
44 63
44 64
44 70
44 89
44 98
44 110
44 129
44 130
44 132
44 136
44 154
45 60
45 61
45 65
45 74
45 95
45 112
45 130
45 152
45 157
45 175
45 185
46 51
46 54
46 57
46 59
46 64
46 71
46 78
46 81
46 82
46 89
46 91
46 97
46 99
46 104
46 106
46 107
46 134
46 136
46 137
46 142
46 143
46 146
46 155
46 174
46 184
46 192
47 50
47 52
47 96
47 125
47 151
47 156
47 165
47 192
48 49
48 50
48 52
48 55
48 56
48 70
48 72
48 86
48 100
48 106
48 112
48 116
48 131
48 149
48 151
48 160
48 181
48 185
49 169
49 195
50 51
50 60
50 68
50 69
50 73
50 76
50 82
50 93
50 106
50 111
50 112
50 113
50 119
50 128
50 132
50 134
50 140
50 166
50 172
50 189
51 55
51 61
51 95
51 98
51 99
51 102
51 103
51 104
51 106
51 111
51 112
51 116
51 121
51 130
51 137
51 140
51 163
51 178
52 68
52 139
52 188
52 193
53 54
53 68
53 108
53 115
53 116
53 151
53 155
53 162
53 164
54 55
54 63
54 64
54 71
54 72
54 76
54 96
54 113
54 114
54 123
54 132
54 144
54 145
54 158
54 172
54 192
54 195
55 60
55 73
55 79
55 84
55 101
55 104
55 117
55 179
55 195
56 59
56 81
56 120
56 121
57 58
57 62
57 66
57 77
57 81
57 104
57 109
57 156
57 159
57 160
57 192
57 194
57 196
58 59
58 72
58 76
58 77
58 92
58 111
58 117
58 131
58 159
58 188
58 199
59 63
59 67
59 71
59 83
59 86
59 92
59 95
59 98
59 103
59 104
59 110
59 114
59 116
59 129
59 133
59 135
59 149
59 164
59 171
59 175
59 176
59 192
59 196
59 199
60 61
60 71
60 96
60 114
60 121
60 124
60 168
60 177
60 178
60 186
60 188
60 199
61 64
61 65
61 154
61 158
61 162
61 176
61 180
61 185
62 66
62 84
62 93
62 103
62 131
62 171
63 122
63 128
63 191
64 65
64 77
64 85
64 101
64 110
64 113
64 157
64 159
64 187
64 190
65 67
65 75
65 81
65 93
65 131
65 166
66 67
66 68
66 76
66 79
66 84
66 93
66 94
66 111
66 132
66 149
66 174
67 85
67 90
67 92
67 125
67 137
68 79
68 82
68 83
68 90
68 98
68 108
68 109
68 119
68 120
68 124
68 177
68 183
69 78
69 81
69 96
69 119
69 122
69 129
69 178
69 189
70 99
70 132
70 191
71 87
71 88
71 90
71 92
71 93
71 113
71 123
71 129
71 140
71 141
71 148
71 176
71 184
72 74
72 96
72 135
72 136
72 194
73 75
73 76
73 77
73 104
73 124
73 135
73 140
73 177
73 183
73 198
74 88
74 119
74 177
74 185
75 83
75 107
75 143
75 179
76 88
76 89
76 151
76 152
76 180
77 78
77 79
77 93
77 95
77 106
77 107
77 117
77 151
77 174
77 188
78 102
78 119
78 143
78 167
78 170
78 187
79 87
79 94
79 133
79 145
79 159
79 168
79 171
79 172
80 89
80 92
80 99
80 118
80 127
80 129
80 138
80 145
80 186
81 84
81 87
81 91
81 100
81 101
81 105
81 120
81 126
81 198
82 100
82 107
82 108
82 119
82 133
82 141
82 171
82 196
83 102
83 141
83 152
83 153
83 175
83 182
84 102
84 105
84 126
84 137
84 146
84 147
84 173
84 181
85 104
85 120
85 128
85 130
85 135
85 150
85 156
85 177
85 184
86 102
86 111
86 118
86 127
86 199
87 89
87 120
87 124
87 136
88 97
88 137
88 142
88 144
88 173
89 124
89 144
89 156
89 161
89 171
89 183
90 169
91 111
92 183
93 108
93 129
93 151
93 152
93 153
93 167
93 188
93 196
94 112
94 144
94 156
94 165
94 169
95 100
95 109
95 128
95 153
95 156
95 181
95 184
96 110
96 123
96 159
96 181
96 194
97 104
98 99
98 126
98 183
99 110
99 111
99 125
99 142
99 155
99 166
99 195
100 109
100 150
100 151
100 173
101 105
101 115
101 126
101 142
101 180
102 109
102 119
103 156
103 176
103 190
104 112
104 138
104 153
104 154
104 164
104 170
104 178
104 189
104 192
105 159
105 167
106 107
106 109
106 143
106 173
107 128
107 144
107 147
107 152
107 153
107 186
108 176
108 192
109 155
109 179
110 114
110 128
110 132
110 170
111 113
111 120
111 135
111 164
111 169
111 178
112 113
112 116
112 124
112 131
112 166
112 170
112 176
113 115
113 121
113 135
113 165
113 184
114 140
114 142
114 147
114 192
115 163
115 165
115 180
116 133
116 138
116 162
117 131
117 148
117 149
117 150
117 167
117 194
117 197
117 199
118 137
119 124
119 142
119 150
119 164
119 179
119 188
120 148
120 195
121 129
121 171
121 182
122 133
122 139
122 160
122 172
123 130
123 154
123 180
123 190
124 134
124 139
124 144
124 146
124 159
124 169
125 174
126 163
126 173
127 145
128 149
128 177
129 168
130 193
130 198
130 199
131 182
132 148
132 152
132 181
133 153
133 162
133 172
135 139
135 159
135 172
135 184
136 155
136 160
136 162
136 179
137 146
137 161
137 187
140 154
141 148
141 197
142 151
142 179
143 150
144 149
144 183
145 176
146 158
147 197
148 168
149 196
150 180
151 153
151 173
151 175
151 186
151 189
152 175
152 198
153 163
153 165
154 191
156 163
158 170
159 161
159 197
160 194
161 170
162 172
162 187
162 192
164 166
164 172
164 182
164 185
164 194
166 185
167 177
167 178
168 181
169 178
170 196
171 192
171 195
172 176
174 179
174 191
175 179
176 181
179 190
181 184
184 186
184 193
185 194
191 193
192 198
