0 1
0 2
0 3
0 4
0 5
0 6
0 7
0 8
0 9
0 10
0 11
0 12
0 13
0 14
0 15
0 16
0 17
0 18
0 19
0 20
0 21
0 22
0 23
0 24
0 26
0 27
0 31
0 32
0 34
0 36
0 39
0 40
0 41
0 43
0 45
0 46
0 47
0 50
0 55
0 56
0 60
0 62
0 64
0 65
0 66
0 68
0 77
0 78
0 81
0 84
0 85
0 88
0 101
0 104
0 106
0 107
0 111
0 119
0 126
0 135
0 138
0 142
0 148
0 195
1 12
1 13
1 16
1 17
1 19
1 20
1 24
1 30
1 41
1 44
1 55
1 57
1 63
1 66
1 69
1 115
1 121
1 132
1 134
1 145
1 151
1 182
1 186
1 196
1 199
2 11
2 12
2 13
2 17
2 18
2 23
2 28
2 29
2 30
2 32
2 35
2 41
2 46
2 47
2 48
2 49
2 58
2 61
2 70
2 73
2 82
2 85
2 89
2 94
2 97
2 100
2 109
2 110
2 116
2 136
2 137
2 140
2 142
2 146
2 147
2 159
2 161
2 165
2 166
2 169
2 178
2 189
2 190
3 11
3 12
3 14
3 15
3 16
3 18
3 19
3 25
3 38
3 52
3 53
3 54
3 65
3 75
3 76
3 77
3 81
3 82
3 83
3 85
3 101
3 103
3 107
3 137
3 149
3 173
4 11
4 12
4 13
4 14
4 16
4 19
4 25
4 28
4 29
4 30
4 35
4 38
4 40
4 44
4 48
4 50
4 51
4 54
4 59
4 79
4 97
4 105
4 107
4 115
4 119
4 129
4 147
4 153
4 172
4 178
4 183
4 188
5 11
5 12
5 14
5 15
5 20
5 22
5 33
5 34
5 38
5 43
5 47
5 52
5 55
5 57
5 58
5 64
5 65
5 68
5 71
5 74
5 79
5 83
5 88
5 93
5 100
5 101
5 103
5 118
5 119
5 121
5 122
5 127
5 146
5 153
5 161
5 167
5 168
5 173
5 174
5 181
5 192
5 196
5 197
6 11
6 12
6 13
6 14
6 15
6 21
6 22
6 23
6 25
6 27
6 37
6 39
6 40
6 42
6 43
6 45
6 53
6 54
6 56
6 62
6 63
6 64
6 65
6 70
6 76
6 79
6 90
6 91
6 94
6 95
6 101
6 106
6 115
6 116
6 124
6 143
6 146
6 153
6 156
6 161
6 168
6 169
6 173
6 174
6 181
6 185
7 11
7 13
7 14
7 15
7 17
7 19
7 21
7 28
7 30
7 31
7 37
7 53
7 54
7 55
7 56
7 62
7 67
7 72
7 76
7 85
7 97
7 100
7 103
7 123
7 128
7 135
7 161
7 168
7 170
7 182
7 185
8 11
8 12
8 14
8 15
8 16
8 23
8 27
8 29
8 30
8 33
8 39
8 46
8 59
8 65
8 67
8 140
8 178
9 11
9 13
9 15
9 17
9 20
9 22
9 25
9 26
9 32
9 35
9 36
9 60
9 63
9 71
9 75
9 92
9 94
10 11
10 12
10 13
10 15
10 16
10 21
10 24
10 25
10 28
10 33
10 34
10 36
10 37
10 77
10 98
10 111
10 118
10 171
10 181
10 196
10 198
11 12
11 13
11 14
11 15
11 16
11 17
11 18
11 19
11 20
11 21
11 22
11 24
11 25
11 29
11 30
11 31
11 34
11 35
11 37
11 38
11 39
11 40
11 41
11 42
11 46
11 49
11 51
11 53
11 57
11 58
11 61
11 63
11 64
11 73
11 77
11 78
11 85
11 88
11 102
11 106
11 107
11 108
11 114
11 115
11 116
11 119
11 121
11 124
11 129
11 135
11 137
11 139
11 140
11 143
11 149
11 159
11 161
11 163
11 171
11 178
11 183
11 184
11 188
11 190
11 193
11 195
11 197
12 13
12 14
12 16
12 17
12 18
12 19
12 20
12 22
12 23
12 26
12 27
12 28
12 30
12 32
12 33
12 34
12 35
12 36
12 38
12 39
12 43
12 44
12 45
12 46
12 50
12 51
12 52
12 54
12 55
12 57
12 58
12 59
12 62
12 63
12 66
12 67
12 70
12 73
12 77
12 78
12 84
12 92
12 102
12 118
12 121
12 122
12 127
12 133
12 135
12 143
12 146
12 148
12 149
12 156
12 164
12 168
12 182
12 192
12 194
12 196
13 14
13 15
13 16
13 17
13 18
13 20
13 21
13 23
13 25
13 26
13 29
13 30
13 31
13 37
13 41
13 43
13 44
13 47
13 52
13 55
13 57
13 59
13 66
13 68
13 71
13 72
13 77
13 80
13 85
13 88
13 95
13 96
13 99
13 101
13 103
13 105
13 107
13 127
13 128
13 130
13 132
13 136
13 144
13 159
13 160
13 161
13 162
13 164
13 166
13 170
13 172
13 176
13 179
13 180
13 189
14 18
14 20
14 22
14 23
14 24
14 25
14 26
14 28
14 31
14 32
14 34
14 41
14 42
14 46
14 49
14 52
14 54
14 56
14 60
14 68
14 71
14 75
14 80
14 95
14 97
14 99
14 102
14 104
14 113
14 116
14 120
14 133
14 137
14 140
14 143
14 144
14 145
14 156
14 164
14 165
14 172
14 173
15 16
15 17
15 18
15 19
15 20
15 21
15 23
15 24
15 25
15 26
15 29
15 31
15 32
15 35
15 36
15 43
15 45
15 46
15 51
15 52
15 58
15 59
15 62
15 66
15 73
15 82
15 88
15 93
15 106
15 108
15 113
15 116
15 118
15 120
15 127
15 128
15 129
15 134
15 142
15 144
15 147
15 153
15 155
15 156
15 162
15 187
15 189
16 17
16 18
16 19
16 21
16 22
16 26
16 27
16 35
16 36
16 40
16 45
16 65
16 70
16 73
16 81
16 82
16 86
16 87
16 88
16 96
16 97
16 109
16 111
16 134
16 146
16 150
16 154
16 160
16 167
17 18
17 19
17 21
17 22
17 23
17 24
17 28
17 34
17 39
17 50
17 58
17 60
17 71
17 74
17 76
17 77
17 82
17 83
17 91
17 97
17 106
17 108
17 115
17 121
17 125
17 139
17 141
17 142
17 156
17 163
17 177
17 178
17 181
17 190
17 191
18 20
18 27
18 28
18 32
18 39
18 40
18 44
18 45
18 46
18 48
18 49
18 51
18 64
18 70
18 72
18 74
18 86
18 91
18 92
18 97
18 98
18 111
18 113
18 133
18 142
18 160
18 166
18 177
18 195
18 197
18 198
19 21
19 24
19 26
19 33
19 39
19 44
19 45
19 54
19 84
19 92
19 93
19 94
19 112
19 115
19 139
19 152
19 156
19 169
19 187
20 25
20 29
20 31
20 34
20 35
20 36
20 40
20 51
20 53
20 59
20 74
20 80
20 83
20 84
20 86
20 89
20 90
20 92
20 98
20 104
20 111
20 114
20 124
20 136
20 153
20 162
20 183
20 192
21 22
21 23
21 26
21 29
21 31
21 32
21 33
21 43
21 44
21 48
21 50
21 53
21 60
21 74
21 75
21 76
21 78
21 84
21 100
21 103
21 121
21 122
21 124
21 135
21 138
21 140
21 164
21 172
21 181
22 24
22 27
22 36
22 37
22 38
22 39
22 44
22 45
22 52
22 56
22 58
22 66
22 75
22 76
22 79
22 81
22 104
22 109
22 112
22 131
22 134
22 151
22 160
22 163
22 169
22 185
22 187
23 24
23 27
23 30
23 33
23 38
23 40
23 48
23 51
23 53
23 54
23 59
23 61
23 63
23 73
23 78
23 79
23 86
23 93
23 101
23 110
23 117
23 119
23 120
23 126
23 132
23 139
23 150
23 151
23 154
23 155
23 156
23 157
23 170
23 195
24 26
24 27
24 28
24 29
24 31
24 32
24 33
24 35
24 37
24 57
24 74
24 85
24 92
24 94
24 110
24 112
24 129
24 133
24 135
24 141
24 147
24 164
24 165
24 183
25 28
25 30
25 33
25 44
25 55
25 66
25 70
25 80
25 81
25 103
25 109
25 110
25 111
25 117
25 118
25 144
25 151
25 197
26 27
26 31
26 32
26 47
26 52
26 54
26 57
26 62
26 63
26 65
26 76
26 95
26 98
26 105
26 110
26 120
26 123
26 131
26 135
26 152
26 181
26 186
27 35
27 41
27 43
27 50
27 67
27 72
27 76
27 98
27 108
27 115
27 120
27 141
27 154
27 159
27 175
27 178
27 192
27 199
28 29
28 34
28 38
28 41
28 42
28 46
28 49
28 50
28 57
28 59
28 63
28 67
28 69
28 75
28 82
28 92
28 95
28 133
28 187
28 195
29 36
29 42
29 48
29 69
29 79
29 86
29 87
29 90
29 103
29 107
29 112
29 123
29 131
29 157
29 159
29 189
29 193
30 33
30 34
30 37
30 39
30 40
30 42
30 53
30 54
30 56
30 65
30 80
30 86
30 90
30 122
30 128
30 170
30 175
30 183
31 40
31 41
31 51
31 60
31 62
31 69
31 72
31 84
31 106
31 110
31 140
31 165
31 190
32 38
32 44
32 48
32 56
32 61
32 73
32 84
32 96
32 121
32 130
32 139
32 153
32 157
32 166
32 169
32 180
32 190
32 191
33 36
33 45
33 47
33 52
33 56
33 67
33 68
33 69
33 85
33 96
33 107
33 118
33 136
33 145
33 146
33 149
33 155
33 158
33 173
33 185
33 191
34 37
34 42
34 46
34 48
34 51
34 55
34 57
34 58
34 66
34 69
34 76
34 78
34 87
34 89
34 90
34 98
34 104
34 125
34 141
34 169
34 178
34 182
34 190
34 191
35 37
35 47
35 48
35 49
35 52
35 60
35 68
35 81
35 83
35 86
35 90
35 96
35 114
35 136
35 155
35 166
36 43
36 61
36 89
36 91
36 114
36 130
36 131
36 176
36 177
36 184
37 38
37 42
37 47
37 58
37 60
37 65
37 67
37 69
37 71
37 74
37 78
37 118
37 120
37 122
37 124
37 128
37 137
37 138
37 163
37 164
37 165
37 166
37 174
37 183
37 185
37 187
37 189
37 191
37 192
38 41
38 42
38 45
38 47
38 63
38 67
38 71
38 75
38 77
38 80
38 86
38 107
38 108
38 112
38 128
38 132
38 137
39 43
39 49
39 53
39 57
39 74
39 80
39 81
39 87
39 96
39 115
39 122
39 131
39 143
39 149
39 150
39 155
39 162
39 180
39 197
40 42
40 49
40 64
40 79
40 82
40 89
40 91
40 95
40 105
40 114
40 117
40 120
40 122
40 126
40 134
40 139
40 149
40 194
40 198
41 50
41 61
41 72
41 76
41 78
41 79
41 85
41 88
41 101
41 113
41 119
41 122
41 131
41 136
41 137
41 152
41 161
41 171
41 175
41 178
41 180
41 181
41 182
41 188
41 189
41 196
42 58
42 88
42 92
42 102
42 104
42 105
42 106
42 109
42 118
42 125
42 140
42 148
42 151
42 177
43 59
43 70
43 75
43 98
43 103
43 120
43 124
43 141
43 144
43 152
43 161
43 165
43 179
43 196
43 197
44 48
44 51
44 55
44 56
44 60
44 68
44 80
44 89
44 99
44 101
44 114
44 120
44 127
44 133
44 134
44 142
44 143
44 157
44 177
44 187
44 188
45 47
45 50
45 91
45 94
45 96
45 104
45 105
45 119
45 134
45 151
45 180
45 183
45 184
45 189
46 69
46 70
46 83
46 117
46 126
46 162
47 49
47 53
47 85
47 99
47 102
47 112
47 117
47 150
48 49
48 60
48 61
48 62
48 83
48 84
48 87
48 89
48 100
48 114
48 120
48 122
48 140
48 156
48 164
48 170
48 180
48 190
48 195
48 197
48 199
49 50
49 55
49 63
49 66
49 67
49 72
49 78
49 87
49 89
49 90
49 93
49 95
49 98
49 101
49 102
49 105
49 117
49 132
49 155
49 165
49 167
49 177
49 193
49 196
50 66
50 68
50 74
50 87
50 108
50 125
50 130
50 143
50 199
51 61
51 62
51 97
51 100
51 102
51 112
51 130
51 138
51 142
51 162
51 168
51 175
51 180
51 182
52 64
52 68
52 89
53 56
53 94
53 101
53 113
53 121
53 147
53 155
53 173
53 176
53 177
53 198
54 95
54 99
54 103
54 117
54 137
54 141
54 146
55 70
55 79
55 83
55 89
55 100
55 112
55 123
55 125
56 62
56 67
56 68
56 72
56 82
56 99
56 100
56 103
56 106
56 123
56 127
56 131
56 146
56 154
56 155
56 166
56 174
56 176
57 69
57 71
57 73
57 94
57 108
57 127
57 148
57 150
57 158
57 171
57 176
57 179
57 185
57 189
58 59
58 61
58 65
58 176
58 181
59 64
59 73
59 84
59 93
59 128
59 144
59 148
59 151
59 153
59 159
60 61
60 64
60 80
60 91
60 97
60 108
60 109
60 113
60 127
60 131
60 141
60 159
60 181
60 185
60 188
60 190
61 64
61 81
61 113
61 148
61 184
62 75
62 77
62 81
62 91
62 98
62 102
62 113
62 128
62 129
62 148
62 150
62 173
62 179
63 79
63 80
63 112
63 115
63 121
63 123
63 142
63 149
63 161
63 174
63 194
63 197
64 71
64 72
64 91
64 98
64 109
64 110
64 114
64 119
64 122
64 126
64 137
64 139
64 166
64 185
64 197
65 81
65 106
65 108
65 124
65 136
66 70
66 90
66 91
66 92
66 110
66 128
66 148
66 153
66 160
66 165
66 166
66 176
66 182
66 187
66 194
66 198
67 93
67 95
67 97
67 111
67 130
67 131
67 139
67 147
67 157
67 171
67 198
68 69
68 78
68 163
68 168
69 71
69 72
69 74
69 99
69 105
69 146
69 153
69 168
69 169
69 194
70 75
70 77
70 83
70 87
70 106
70 126
70 127
70 144
70 146
70 154
70 158
70 179
70 186
70 198
71 82
71 156
72 73
72 133
73 94
73 108
73 114
73 133
73 171
73 175
74 82
74 86
74 88
74 93
74 100
74 123
74 129
74 137
74 139
75 84
75 87
75 96
75 128
75 152
75 174
75 186
75 191
76 86
76 93
76 96
76 119
76 124
76 125
76 141
76 147
76 160
76 170
76 176
76 180
76 189
77 87
77 113
77 121
77 135
77 164
77 175
77 193
78 83
78 104
78 107
78 116
78 118
78 123
78 138
78 145
78 188
79 125
79 126
79 148
80 90
80 116
80 141
81 109
81 158
81 161
81 163
81 191
82 88
82 99
82 102
82 109
82 145
82 152
82 153
82 154
82 173
82 192
83 96
83 100
83 136
83 152
83 160
83 172
83 175
83 176
83 196
83 198
84 110
84 117
84 134
84 149
84 159
84 194
84 199
85 92
85 104
85 115
86 123
86 138
86 142
86 167
86 172
86 179
86 180
87 90
87 123
87 132
87 164
87 187
87 194
87 197
88 112
88 158
88 172
89 129
89 136
89 138
89 147
89 151
90 93
90 105
90 125
90 133
90 151
90 154
91 116
91 138
91 158
91 169
92 94
92 144
92 194
93 99
93 150
93 162
93 171
93 195
94 95
94 104
94 130
94 165
94 167
94 195
95 113
95 129
95 145
95 151
95 154
95 191
96 111
96 129
96 166
97 110
97 124
97 129
97 147
97 160
97 174
97 177
97 191
97 192
98 99
98 117
98 186
98 195
99 163
99 193
100 102
100 105
100 125
100 162
100 167
101 109
101 149
101 152
101 174
101 177
101 192
102 135
102 179
103 116
103 141
103 183
103 187
104 143
105 111
106 107
106 119
106 126
106 140
106 150
106 163
106 173
107 118
107 138
107 171
108 111
108 145
109 117
109 126
109 193
110 114
110 116
110 154
110 179
111 133
111 154
111 160
112 131
112 132
112 145
112 157
112 188
112 194
114 171
114 199
115 126
115 130
115 143
115 167
115 181
116 124
116 144
116 148
116 159
117 127
117 139
117 152
117 159
117 168
118 162
118 179
119 132
119 182
120 136
120 158
120 163
120 173
120 178
120 196
121 143
121 165
122 125
122 130
122 156
122 190
123 132
123 140
123 184
124 134
124 145
124 152
124 157
125 134
125 145
125 147
125 167
125 169
125 192
126 149
126 176
129 130
129 135
129 158
129 172
129 175
129 186
129 191
130 142
130 157
130 158
130 182
131 132
131 169
131 187
131 193
133 138
133 172
135 188
136 170
136 184
136 199
137 155
137 162
137 184
137 198
138 155
139 144
139 184
140 184
142 150
142 177
142 183
142 195
143 160
144 167
144 170
144 175
144 185
145 182
145 186
146 157
147 157
147 163
148 178
149 150
149 168
150 198
151 190
152 179
152 186
152 188
153 174
154 170
156 168
157 158
157 164
157 174
158 183
158 199
160 167
160 172
160 188
160 189
161 175
162 199
163 171
165 170
167 186
173 180
173 193
173 194
174 184
177 186
182 185
183 193
183 196
184 193
188 192
190 199
