0 1
0 2
0 3
0 4
0 5
0 6
0 7
0 8
0 9
0 10
0 11
0 12
0 13
0 14
0 15
0 16
0 17
0 18
0 19
0 20
0 21
0 22
0 23
0 24
0 25
0 26
0 27
0 28
0 29
0 32
0 33
0 34
0 36
0 38
0 39
0 41
0 42
0 45
0 47
0 48
0 52
0 56
0 59
0 62
0 63
0 64
0 67
0 71
0 73
0 75
0 79
0 80
0 81
0 87
0 88
0 90
0 91
0 92
0 94
0 95
0 102
0 105
0 113
0 115
0 117
0 121
0 124
0 130
0 131
0 133
0 136
0 138
0 143
0 149
0 157
0 158
0 159
0 161
0 165
0 176
0 177
0 179
0 184
0 187
0 190
0 193
0 196
1 17
1 18
1 19
1 20
1 22
1 24
1 30
1 31
1 32
1 36
1 39
1 45
1 53
1 67
1 72
1 73
1 116
1 120
1 127
1 132
1 135
1 136
1 148
1 154
1 158
1 171
1 183
1 191
1 195
2 16
2 17
2 19
2 20
2 22
2 23
2 25
2 31
2 35
2 37
2 45
2 47
2 55
2 66
2 69
2 71
2 88
2 93
2 124
2 129
2 137
2 147
2 152
2 182
2 184
2 193
2 194
3 16
3 17
3 18
3 19
3 20
3 22
3 25
3 26
3 27
3 29
3 32
3 45
3 55
3 59
3 60
3 62
3 71
3 76
3 86
3 101
3 117
3 125
3 134
3 142
3 148
3 158
3 175
3 186
4 16
4 17
4 21
4 23
4 24
4 25
4 27
4 31
4 32
4 33
4 36
4 38
4 44
4 49
4 50
4 51
4 55
4 59
4 62
4 65
4 67
4 69
4 101
4 106
4 108
4 133
4 137
4 152
4 161
4 181
4 187
4 196
5 16
5 17
5 18
5 21
5 23
5 25
5 29
5 33
5 37
5 42
5 59
5 71
5 86
5 97
5 98
5 106
5 117
5 121
5 126
5 132
5 134
5 141
5 142
5 155
5 160
5 177
5 189
5 198
6 16
6 17
6 18
6 19
6 20
6 21
6 23
6 24
6 27
6 28
6 33
6 34
6 38
6 41
6 44
6 53
6 58
6 59
6 64
6 66
6 68
6 70
6 71
6 80
6 83
6 85
6 97
6 108
6 111
6 112
6 118
6 123
6 180
7 16
7 17
7 18
7 21
7 23
7 29
7 31
7 33
7 39
7 46
7 48
7 50
7 60
7 65
7 74
7 80
7 106
7 109
7 141
7 153
7 172
8 16
8 19
8 29
8 34
8 35
8 116
8 126
8 143
9 16
9 17
9 18
9 19
9 20
9 21
9 22
9 23
9 24
9 26
9 28
9 29
9 30
9 32
9 37
9 39
9 40
9 41
9 43
9 45
9 47
9 50
9 55
9 58
9 63
9 74
9 80
9 86
9 88
9 92
9 93
9 95
9 97
9 98
9 99
9 109
9 118
9 121
9 127
9 133
9 135
9 136
9 138
9 141
9 155
9 160
9 165
9 181
9 186
9 187
9 190
9 193
10 16
10 17
10 18
10 19
10 20
10 21
10 22
10 23
10 24
10 25
10 26
10 28
10 29
10 35
10 38
10 41
10 42
10 43
10 46
10 48
10 53
10 58
10 60
10 64
10 70
10 74
10 82
10 85
10 90
10 92
10 97
10 101
10 106
10 111
10 118
10 130
10 138
10 142
10 155
10 156
10 157
10 161
10 164
10 172
10 175
10 177
11 16
11 18
11 19
11 21
11 22
11 23
11 27
11 28
11 30
11 39
11 45
11 49
11 51
11 57
11 62
11 70
11 75
11 82
11 107
11 111
11 140
11 147
11 168
11 174
11 177
11 190
11 194
11 199
12 16
12 17
12 18
12 19
12 20
12 21
12 24
12 25
12 26
12 27
12 30
12 31
12 32
12 34
12 35
12 37
12 38
12 39
12 40
12 41
12 47
12 48
12 52
12 53
12 56
12 57
12 62
12 65
12 77
12 78
12 81
12 84
12 87
12 89
12 96
12 103
12 114
12 119
12 131
12 134
12 137
12 139
12 152
12 175
12 184
12 191
12 192
12 195
13 16
13 17
13 18
13 20
13 21
13 25
13 27
13 31
13 33
13 36
13 48
13 51
13 62
13 63
13 70
13 81
13 87
13 91
13 100
13 104
13 105
13 126
13 141
13 157
13 170
13 173
13 181
13 197
14 16
14 17
14 18
14 19
14 20
14 22
14 24
14 25
14 31
14 32
14 33
14 34
14 37
14 39
14 40
14 44
14 53
14 54
14 58
14 60
14 67
14 80
14 89
14 92
14 93
14 95
14 103
14 106
14 108
14 116
14 119
14 134
14 144
14 147
14 151
15 16
15 17
15 18
15 19
15 20
15 21
15 22
15 26
15 27
15 28
15 36
15 41
15 45
15 47
15 48
15 49
15 54
15 58
15 70
15 74
15 79
15 80
15 87
15 99
15 105
15 123
15 145
15 168
15 170
15 174
15 178
15 190
15 193
16 17
16 18
16 19
16 20
16 21
16 22
16 23
16 24
16 25
16 27
16 29
16 30
16 31
16 32
16 39
16 40
16 42
16 43
16 44
16 45
16 47
16 54
16 58
16 59
16 63
16 69
16 70
16 75
16 76
16 78
16 79
16 85
16 88
16 89
16 90
16 92
16 94
16 98
16 100
16 103
16 110
16 117
16 123
16 126
16 128
16 136
16 140
16 145
16 148
16 153
16 157
16 164
16 169
16 172
16 176
16 179
16 183
16 185
17 18
17 19
17 20
17 22
17 23
17 24
17 25
17 26
17 27
17 28
17 29
17 31
17 34
17 35
17 36
17 37
17 39
17 42
17 44
17 45
17 46
17 47
17 49
17 54
17 61
17 63
17 64
17 67
17 70
17 73
17 74
17 75
17 79
17 86
17 90
17 96
17 112
17 116
17 125
17 128
17 130
17 131
17 132
17 134
17 137
17 138
17 142
17 145
17 149
17 150
17 157
17 162
17 178
17 179
17 184
17 188
17 193
18 19
18 20
18 21
18 22
18 24
18 25
18 26
18 28
18 30
18 34
18 35
18 37
18 40
18 41
18 42
18 44
18 47
18 48
18 49
18 51
18 54
18 55
18 56
18 59
18 62
18 64
18 65
18 67
18 68
18 71
18 78
18 80
18 83
18 91
18 94
18 101
18 104
18 105
18 110
18 116
18 119
18 128
18 129
18 130
18 137
18 140
18 147
18 149
18 154
18 160
18 162
18 164
18 165
18 170
18 182
18 190
18 195
18 196
18 197
19 20
19 21
19 22
19 23
19 24
19 26
19 27
19 28
19 29
19 30
19 36
19 39
19 40
19 45
19 52
19 55
19 56
19 58
19 59
19 63
19 67
19 71
19 73
19 79
19 82
19 84
19 85
19 89
19 91
19 97
19 101
19 102
19 109
19 110
19 111
19 125
19 127
19 131
19 135
19 136
19 137
19 139
19 153
19 166
19 167
19 176
19 180
20 21
20 22
20 23
20 25
20 26
20 27
20 28
20 30
20 31
20 32
20 33
20 35
20 36
20 37
20 42
20 43
20 46
20 47
20 52
20 54
20 64
20 68
20 78
20 82
20 84
20 86
20 87
20 88
20 90
20 94
20 95
20 100
20 104
20 111
20 113
20 118
20 119
20 135
20 144
20 146
20 149
20 151
20 155
20 159
20 163
20 165
20 169
20 173
20 179
20 186
20 188
20 192
20 196
21 22
21 23
21 24
21 26
21 28
21 29
21 30
21 31
21 33
21 34
21 35
21 36
21 37
21 38
21 39
21 43
21 44
21 45
21 46
21 49
21 53
21 57
21 58
21 60
21 63
21 65
21 66
21 68
21 74
21 76
21 79
21 83
21 84
21 85
21 86
21 89
21 90
21 92
21 93
21 94
21 95
21 99
21 102
21 105
21 109
21 110
21 112
21 116
21 122
21 127
21 130
21 133
21 137
21 146
21 148
21 154
21 162
21 165
21 167
21 168
21 169
21 171
21 172
21 184
21 191
21 194
21 198
22 23
22 24
22 25
22 26
22 27
22 28
22 29
22 30
22 32
22 33
22 34
22 40
22 42
22 51
22 56
22 58
22 66
22 77
22 81
22 82
22 83
22 96
22 101
22 105
22 110
22 113
22 138
22 148
22 151
22 157
22 175
22 176
22 182
23 24
23 25
23 26
23 28
23 30
23 31
23 32
23 33
23 35
23 36
23 37
23 38
23 40
23 41
23 43
23 44
23 45
23 46
23 49
23 50
23 53
23 56
23 58
23 59
23 60
23 61
23 63
23 69
23 71
23 74
23 76
23 82
23 90
23 91
23 92
23 93
23 95
23 96
23 98
23 100
23 104
23 106
23 112
23 116
23 118
23 139
23 141
23 144
23 149
23 156
23 163
23 167
23 170
23 171
23 191
23 194
24 26
24 27
24 29
24 32
24 39
24 41
24 43
24 47
24 48
24 49
24 54
24 57
24 63
24 64
24 76
24 78
24 80
24 81
24 98
24 100
24 111
24 114
24 118
24 126
24 138
24 143
24 144
24 151
24 155
24 156
24 160
24 161
24 162
24 177
24 186
24 187
25 26
25 27
25 28
25 29
25 30
25 35
25 39
25 40
25 42
25 43
25 44
25 45
25 46
25 49
25 52
25 53
25 55
25 57
25 60
25 61
25 63
25 65
25 67
25 68
25 69
25 74
25 75
25 78
25 82
25 83
25 84
25 85
25 91
25 93
25 94
25 98
25 112
25 114
25 117
25 118
25 124
25 138
25 144
25 153
25 154
25 156
25 157
25 158
25 159
25 161
25 167
25 169
25 170
25 171
25 175
25 182
25 183
25 185
25 195
26 28
26 29
26 30
26 31
26 33
26 34
26 36
26 38
26 40
26 41
26 42
26 46
26 47
26 51
26 52
26 53
26 54
26 56
26 57
26 58
26 60
26 66
26 69
26 82
26 87
26 88
26 89
26 109
26 111
26 120
26 125
26 137
26 140
26 145
26 152
26 154
26 158
26 159
26 162
26 163
26 173
26 174
26 179
26 185
26 189
26 191
26 199
27 30
27 31
27 32
27 35
27 36
27 40
27 47
27 62
27 64
27 70
27 71
27 73
27 77
27 82
27 90
27 95
27 96
27 100
27 104
27 106
27 107
27 109
27 112
27 117
27 148
27 157
27 170
27 173
27 194
28 30
28 33
28 34
28 35
28 36
28 38
28 42
28 45
28 46
28 49
28 51
28 52
28 54
28 61
28 73
28 75
28 76
28 77
28 80
28 82
28 84
28 88
28 90
28 99
28 100
28 102
28 106
28 107
28 112
28 119
28 120
28 127
28 132
28 143
28 151
28 154
28 155
28 156
28 157
28 167
28 174
28 175
28 176
28 181
29 31
29 32
29 34
29 35
29 37
29 39
29 41
29 42
29 57
29 65
29 68
29 73
29 75
29 77
29 79
29 82
29 84
29 85
29 96
29 101
29 111
29 131
29 136
29 137
29 143
29 145
29 147
29 159
29 163
29 165
29 172
29 173
29 181
29 195
29 198
30 33
30 36
30 38
30 40
30 41
30 44
30 52
30 57
30 66
30 77
30 79
30 81
30 83
30 87
30 94
30 96
30 100
30 104
30 114
30 116
30 118
30 120
30 121
30 125
30 133
30 137
30 142
30 151
30 155
30 156
30 158
30 159
30 162
30 169
30 180
30 181
30 184
30 192
30 195
30 197
31 32
31 34
31 35
31 37
31 43
31 46
31 56
31 60
31 61
31 63
31 67
31 72
31 73
31 74
31 75
31 81
31 82
31 96
31 99
31 100
31 104
31 112
31 116
31 126
31 132
31 135
31 141
31 156
31 164
31 176
31 186
31 190
31 196
32 33
32 34
32 38
32 42
32 43
32 44
32 45
32 49
32 50
32 52
32 53
32 55
32 56
32 57
32 59
32 60
32 61
32 66
32 70
32 79
32 81
32 87
32 89
32 94
32 95
32 100
32 101
32 105
32 114
32 117
32 122
32 128
32 132
32 135
32 137
32 139
32 140
32 144
32 145
32 150
32 151
32 153
32 165
32 168
32 180
32 182
32 187
32 194
32 199
33 34
33 37
33 38
33 44
33 47
33 51
33 58
33 65
33 69
33 71
33 75
33 88
33 95
33 96
33 103
33 107
33 108
33 113
33 115
33 121
33 122
33 129
33 142
33 146
33 163
33 169
33 181
33 182
33 195
34 35
34 37
34 38
34 43
34 46
34 51
34 56
34 58
34 64
34 66
34 67
34 74
34 75
34 83
34 90
34 106
34 107
34 108
34 114
34 115
34 116
34 118
34 122
34 123
34 124
34 128
34 136
34 154
34 166
34 169
34 170
34 177
34 190
34 196
35 36
35 40
35 41
35 47
35 48
35 49
35 50
35 52
35 54
35 56
35 57
35 58
35 59
35 60
35 61
35 64
35 67
35 68
35 70
35 72
35 80
35 81
35 84
35 88
35 98
35 99
35 102
35 108
35 117
35 122
35 126
35 129
35 130
35 139
35 152
35 164
35 166
35 180
35 183
36 37
36 38
36 40
36 42
36 43
36 44
36 46
36 48
36 51
36 53
36 55
36 62
36 65
36 69
36 72
36 74
36 77
36 83
36 84
36 87
36 92
36 93
36 100
36 103
36 104
36 114
36 123
36 126
36 135
36 138
36 139
36 140
36 142
36 153
36 161
36 165
36 189
36 191
36 197
37 38
37 41
37 46
37 48
37 49
37 55
37 57
37 68
37 71
37 74
37 78
37 88
37 93
37 98
37 103
37 105
37 109
37 113
37 114
37 118
37 137
37 146
37 151
37 160
37 164
37 168
37 180
37 183
37 186
37 188
37 189
37 199
38 39
38 43
38 49
38 51
38 56
38 58
38 61
38 62
38 69
38 73
38 75
38 85
38 93
38 94
38 96
38 99
38 102
38 111
38 115
38 120
38 139
38 148
38 149
38 153
38 156
38 160
38 174
38 177
39 40
39 41
39 43
39 44
39 50
39 51
39 55
39 61
39 66
39 69
39 75
39 78
39 79
39 90
39 98
39 104
39 115
39 122
39 135
39 146
39 156
39 161
39 197
40 48
40 50
40 52
40 70
40 72
40 80
40 83
40 88
40 95
40 97
40 104
40 112
40 117
40 119
40 131
40 132
40 135
40 140
40 144
40 146
40 155
40 160
40 166
40 172
40 188
40 191
40 199
41 42
41 43
41 44
41 49
41 50
41 51
41 54
41 55
41 60
41 63
41 64
41 66
41 73
41 75
41 84
41 87
41 91
41 95
41 101
41 105
41 108
41 120
41 123
41 128
41 129
41 131
41 135
41 136
41 147
41 148
41 149
41 162
41 167
41 175
41 197
41 199
42 46
42 47
42 50
42 51
42 53
42 55
42 60
42 61
42 64
42 67
42 85
42 87
42 88
42 92
42 93
42 102
42 107
42 111
42 113
42 119
42 128
42 133
42 143
42 148
42 167
42 180
42 196
42 199
43 46
43 48
43 50
43 55
43 59
43 64
43 66
43 69
43 70
43 72
43 77
43 79
43 81
43 89
43 97
43 99
43 101
43 102
43 103
43 107
43 115
43 120
43 123
43 127
43 129
43 132
43 133
43 134
43 143
43 150
43 156
43 165
43 167
43 185
44 50
44 52
44 54
44 62
44 68
44 76
44 79
44 81
44 84
44 85
44 92
44 93
44 94
44 109
44 112
44 116
44 126
44 129
44 136
44 146
44 159
44 160
44 170
44 177
44 178
44 184
44 185
44 194
45 48
45 50
45 55
45 57
45 61
45 65
45 70
45 77
45 82
45 85
45 89
45 90
45 93
45 110
45 114
45 115
45 117
45 122
45 128
45 147
45 153
45 155
45 156
45 157
45 175
45 178
45 185
45 188
45 191
46 48
46 53
46 54
46 59
46 60
46 62
46 64
46 66
46 77
46 78
46 98
46 99
46 109
46 110
46 119
46 136
46 149
46 150
46 155
46 157
46 163
46 197
47 50
47 56
47 57
47 61
47 70
47 71
47 78
47 86
47 94
47 99
47 107
47 122
47 124
47 128
47 129
47 142
47 150
47 169
47 170
47 172
47 174
47 176
47 189
47 190
47 191
48 50
48 52
48 66
48 81
48 82
48 85
48 89
48 91
48 97
48 98
48 105
48 119
48 150
48 154
48 158
48 170
48 179
48 189
48 192
48 194
49 52
49 65
49 71
49 72
49 76
49 77
49 80
49 91
49 97
49 104
49 112
49 116
49 124
49 127
49 136
49 147
49 183
49 184
50 51
50 53
50 54
50 56
50 57
50 68
50 71
50 76
50 78
50 80
50 86
50 87
50 125
50 127
50 146
50 159
50 187
50 199
51 52
51 56
51 61
51 62
51 65
51 68
51 71
51 72
51 76
51 85
51 96
51 115
51 120
51 123
51 135
51 140
51 144
51 148
51 158
51 159
51 169
51 170
51 171
51 183
52 53
52 57
52 67
52 69
52 70
52 72
52 76
52 89
52 103
52 109
52 117
52 129
52 130
52 139
52 151
52 160
52 175
52 180
52 186
52 192
52 193
52 196
53 54
53 72
53 75
53 78
53 88
53 92
53 122
53 132
53 150
53 164
53 170
53 173
53 178
53 184
53 193
54 59
54 62
54 69
54 73
54 78
54 83
54 91
54 96
54 98
54 100
54 106
54 124
54 125
54 126
54 127
54 131
54 142
54 143
54 152
54 173
54 182
54 187
55 61
55 63
55 65
55 67
55 68
55 79
55 118
55 123
55 151
55 166
55 171
55 186
55 192
55 195
55 196
56 63
56 66
56 73
56 76
56 77
56 91
56 100
56 107
56 117
56 118
56 144
56 159
56 174
56 191
56 193
56 194
56 197
57 61
57 66
57 68
57 69
57 78
57 86
57 92
57 97
57 101
57 107
57 112
57 125
57 128
57 136
57 145
57 194
57 197
57 198
58 59
58 62
58 86
58 107
58 118
58 120
58 129
58 133
58 154
58 170
58 173
58 189
59 60
59 68
59 69
59 73
59 77
59 81
59 92
59 101
59 108
59 113
59 123
59 136
59 149
59 152
59 171
60 63
60 65
60 75
60 95
60 99
60 103
60 110
60 120
60 131
60 133
60 139
60 141
60 144
60 145
60 152
60 163
60 165
60 166
60 169
60 179
60 192
60 194
60 196
61 83
61 86
61 91
61 93
61 108
61 109
61 110
61 113
61 130
61 154
61 197
62 65
62 83
62 120
62 124
62 126
62 129
62 177
62 178
62 199
63 64
63 72
63 80
63 109
63 131
63 142
63 147
63 156
63 158
63 176
63 181
63 197
64 67
64 74
64 77
64 93
64 101
64 107
64 119
64 121
64 131
64 140
64 171
64 181
64 186
64 196
64 198
64 199
65 84
65 86
65 103
65 110
65 118
65 124
65 128
65 141
65 151
65 153
66 68
66 74
66 79
66 84
66 102
66 104
66 108
66 123
66 129
66 130
66 134
66 146
66 167
66 174
66 178
67 72
67 74
67 89
67 96
67 103
67 107
67 111
67 122
67 124
67 126
67 141
67 143
67 160
67 171
67 182
67 186
67 194
67 197
68 76
68 84
68 96
68 105
68 109
68 111
68 115
68 123
68 125
68 130
68 148
68 150
68 185
69 72
69 73
69 79
69 86
69 93
69 99
69 103
69 143
69 146
69 161
69 166
69 169
70 72
70 73
70 87
70 95
70 102
70 108
70 114
70 117
70 120
70 121
70 131
70 136
70 146
70 152
70 162
70 187
71 72
71 76
71 88
71 94
71 105
71 112
71 138
71 139
71 145
71 147
71 185
71 190
72 84
72 92
72 105
72 164
72 193
72 195
73 76
73 78
73 83
73 102
73 109
73 111
73 114
73 119
73 122
73 124
73 127
73 137
73 138
73 144
73 150
73 152
73 158
73 161
73 173
73 176
73 189
74 77
74 80
74 82
74 83
74 85
74 106
74 113
74 140
74 142
74 146
75 81
75 102
75 113
75 115
75 130
75 166
75 172
75 196
76 89
76 92
76 103
76 108
76 121
76 133
76 134
76 150
76 152
76 156
76 158
76 182
76 198
77 110
77 122
77 126
77 149
77 166
77 176
78 91
78 98
78 109
78 119
78 143
78 148
78 153
78 157
78 158
78 168
78 178
78 185
78 187
79 86
79 94
79 95
79 96
79 97
79 102
79 106
79 113
79 116
79 123
79 139
79 170
79 178
79 181
79 190
80 81
80 83
80 85
80 89
80 90
80 95
80 103
80 134
80 142
80 152
80 164
81 91
81 94
81 97
81 98
81 101
81 106
81 132
81 138
81 177
82 87
82 89
82 105
82 112
82 121
82 165
82 177
82 185
83 86
83 90
83 97
83 103
83 115
83 139
83 143
83 155
83 160
83 180
83 183
83 198
84 91
84 112
84 113
84 115
84 121
84 122
84 157
84 187
84 189
85 88
85 90
85 99
85 118
85 127
85 193
86 87
86 98
86 101
86 110
86 120
86 124
86 127
86 131
86 137
86 139
86 140
86 164
86 172
87 100
87 113
87 116
87 130
87 153
87 198
88 121
88 128
88 130
88 156
88 164
88 167
88 175
88 176
89 99
89 106
89 108
89 132
89 141
89 162
89 185
89 196
90 94
90 102
90 111
90 119
90 123
90 139
90 146
90 154
90 165
90 169
90 174
90 176
90 187
90 196
91 102
91 114
91 120
91 121
91 122
91 195
92 114
92 126
92 154
92 168
93 97
93 132
93 134
93 148
93 159
93 161
93 162
93 163
94 99
94 110
94 120
94 124
94 138
94 149
94 160
94 174
94 188
95 97
95 104
95 106
95 108
95 110
95 130
95 169
95 171
95 178
96 100
96 111
96 113
96 114
96 115
96 117
96 133
96 135
96 155
96 163
96 176
96 179
97 104
97 124
97 135
97 144
97 147
97 167
97 180
97 185
97 198
98 116
98 121
98 125
98 134
98 141
98 151
98 177
98 194
99 142
99 156
99 158
99 178
99 190
99 192
100 104
100 105
100 121
100 134
100 168
100 185
101 107
101 110
101 119
101 145
101 179
101 190
102 125
102 126
102 128
102 142
102 163
102 180
102 184
102 186
102 197
103 108
103 114
103 131
103 133
103 141
103 158
103 184
103 195
104 150
104 167
104 182
105 107
105 122
105 129
105 151
105 154
105 163
105 179
106 150
106 154
106 179
106 185
106 191
107 164
107 165
107 168
107 173
107 199
108 125
108 142
108 151
108 174
109 113
109 129
109 188
110 121
110 125
110 128
110 147
110 198
111 117
111 132
111 149
111 175
111 178
112 115
112 161
112 165
112 191
113 124
113 128
113 138
113 154
113 168
113 176
113 181
113 188
114 115
114 134
114 138
114 153
114 160
114 192
114 195
115 125
115 149
115 173
115 189
116 123
116 141
116 146
116 152
116 161
116 162
116 172
117 127
117 133
117 140
117 155
117 184
117 198
118 119
118 129
118 130
118 133
118 151
118 162
118 169
119 168
119 183
120 145
120 148
120 150
120 168
120 182
120 188
121 127
121 132
121 145
121 148
121 167
121 179
122 125
122 132
122 149
122 150
122 166
122 180
122 187
122 189
123 159
123 181
124 127
124 136
124 139
124 144
124 149
124 162
124 163
124 172
124 181
124 186
125 166
125 181
125 193
125 196
125 199
126 140
126 144
126 183
127 144
127 145
127 166
127 168
127 187
127 193
127 194
128 135
128 164
128 184
128 193
129 133
129 137
129 138
129 140
129 143
130 131
130 155
130 161
131 140
131 147
131 189
132 134
132 135
132 162
132 172
132 188
132 190
133 134
133 164
133 173
133 188
134 150
134 161
134 166
134 180
135 143
135 146
135 152
135 166
135 167
135 172
135 184
136 163
137 141
137 145
137 172
137 175
137 198
138 143
138 169
138 171
139 141
139 166
139 168
140 147
140 171
140 176
141 145
141 163
141 173
141 187
141 194
142 160
142 167
142 170
143 179
143 183
143 199
144 158
144 159
144 162
144 182
144 192
145 147
145 155
145 173
145 177
145 191
146 157
146 161
147 152
147 153
147 177
147 197
148 171
149 153
149 159
149 171
149 178
149 179
149 192
150 153
150 159
150 163
150 174
150 183
150 198
152 185
152 192
153 157
153 168
153 171
154 164
154 182
154 186
155 160
155 189
156 165
156 174
156 179
156 182
156 183
156 190
157 181
158 178
158 191
162 173
162 193
163 172
163 174
164 175
164 188
164 199
165 183
167 184
167 186
167 188
169 189
170 174
170 193
171 175
171 178
172 197
173 177
173 182
174 175
174 180
175 183
176 188
177 192
178 180
178 187
178 195
179 195
180 192
181 188
181 190
181 195
185 186
186 199
188 189
188 191
188 192
192 198
196 198
