0 1
0 2
0 3
0 4
0 5
0 6
0 7
0 8
0 9
0 10
0 11
0 12
0 13
0 14
0 15
0 16
0 17
0 18
0 19
0 20
0 21
0 22
0 23
0 24
0 26
0 27
0 28
0 30
0 31
0 32
0 33
0 35
0 39
0 41
0 42
0 44
0 47
0 49
0 56
0 58
0 61
0 62
0 65
0 67
0 68
0 72
0 77
0 82
0 85
0 89
0 93
0 94
0 95
0 97
0 101
0 108
0 120
0 122
0 132
0 153
0 155
0 157
0 162
0 165
0 167
0 171
0 175
0 177
0 178
0 179
0 185
0 186
0 187
0 189
1 11
1 12
1 13
1 14
1 15
1 17
1 19
1 28
1 38
1 41
1 68
1 73
1 74
1 79
1 85
1 104
1 113
1 119
1 134
1 136
1 151
1 161
1 194
2 12
2 13
2 16
2 17
2 20
2 24
2 26
2 29
2 32
2 38
2 40
2 45
2 50
2 53
2 58
2 78
2 130
2 135
2 136
2 172
2 185
3 11
3 12
3 14
3 18
3 19
3 30
3 32
3 33
3 37
3 40
3 43
3 54
3 58
3 66
3 71
3 97
3 100
3 103
3 106
3 114
3 127
3 141
3 142
3 149
3 151
3 152
3 157
3 161
3 163
3 173
3 178
3 189
4 11
4 12
4 13
4 14
4 15
4 17
4 18
4 19
4 21
4 23
4 27
4 35
4 37
4 38
4 40
4 46
4 50
4 52
4 74
4 80
4 97
4 105
4 113
4 117
4 120
4 125
4 141
4 145
4 149
4 152
4 157
4 183
4 187
4 192
5 11
5 12
5 13
5 14
5 15
5 16
5 17
5 18
5 23
5 26
5 35
5 46
5 47
5 48
5 49
5 59
5 77
5 80
5 90
5 91
5 97
5 113
5 123
5 126
5 127
5 140
5 149
5 167
5 174
5 183
5 184
5 189
5 196
6 11
6 16
6 18
6 27
6 84
7 11
7 13
7 14
7 18
7 19
7 20
7 23
7 24
7 33
7 35
7 36
7 61
7 62
7 75
7 114
7 123
7 154
7 158
7 169
7 177
7 190
8 11
8 12
8 15
8 21
8 25
8 41
8 42
8 53
8 69
8 153
8 154
9 11
9 12
9 13
9 14
9 15
9 16
9 17
9 22
9 23
9 24
9 25
9 36
9 37
9 40
9 41
9 44
9 45
9 47
9 49
9 58
9 62
9 66
9 84
9 85
9 88
9 92
9 102
9 120
9 128
9 138
9 140
9 158
9 167
9 191
9 196
10 11
10 12
10 13
10 18
10 20
10 21
10 25
10 27
10 29
10 30
10 33
10 34
10 36
10 44
10 46
10 52
10 53
10 54
10 57
10 72
10 74
10 75
10 77
10 83
10 97
10 98
10 101
10 125
10 143
10 147
10 157
11 12
11 13
11 14
11 15
11 16
11 17
11 19
11 20
11 21
11 22
11 23
11 24
11 25
11 26
11 27
11 28
11 30
11 33
11 34
11 35
11 37
11 38
11 40
11 41
11 43
11 46
11 50
11 52
11 58
11 61
11 63
11 66
11 70
11 72
11 73
11 76
11 77
11 78
11 80
11 84
11 88
11 89
11 92
11 94
11 96
11 98
11 101
11 103
11 107
11 108
11 111
11 121
11 122
11 125
11 128
11 132
11 140
11 147
11 148
11 153
11 155
11 156
11 159
11 160
11 163
11 165
11 167
11 174
11 177
11 178
11 185
11 188
11 190
11 194
12 13
12 14
12 15
12 16
12 17
12 18
12 19
12 22
12 24
12 25
12 27
12 28
12 29
12 30
12 39
12 43
12 51
12 52
12 53
12 55
12 57
12 58
12 59
12 68
12 74
12 79
12 84
12 87
12 94
12 95
12 98
12 103
12 104
12 117
12 119
12 132
12 136
12 143
12 144
12 147
12 150
12 151
12 158
12 159
12 160
12 165
12 170
12 173
12 175
12 183
12 187
12 190
12 197
13 14
13 15
13 16
13 17
13 18
13 19
13 20
13 21
13 23
13 24
13 27
13 29
13 31
13 32
13 36
13 37
13 39
13 40
13 41
13 51
13 52
13 54
13 57
13 63
13 64
13 67
13 68
13 69
13 70
13 71
13 74
13 79
13 82
13 86
13 88
13 89
13 99
13 102
13 106
13 110
13 126
13 129
13 131
13 133
13 134
13 138
13 142
13 144
13 145
13 149
13 162
13 181
13 182
13 188
13 193
13 197
13 199
14 15
14 16
14 19
14 20
14 30
14 31
14 36
14 41
14 42
14 43
14 60
14 61
14 65
14 72
14 81
14 82
14 90
14 93
14 100
14 101
14 102
14 106
14 109
14 117
14 132
14 140
14 143
14 150
14 153
14 171
14 187
14 199
15 16
15 17
15 18
15 19
15 21
15 22
15 23
15 26
15 29
15 31
15 32
15 34
15 38
15 39
15 40
15 43
15 47
15 48
15 51
15 53
15 55
15 63
15 66
15 69
15 71
15 76
15 83
15 87
15 89
15 91
15 93
15 95
15 102
15 113
15 130
15 150
15 153
15 176
15 179
16 20
16 21
16 24
16 25
16 26
16 27
16 29
16 30
16 32
16 36
16 37
16 38
16 44
16 45
16 46
16 47
16 48
16 49
16 50
16 51
16 59
16 64
16 66
16 70
16 78
16 82
16 85
16 90
16 91
16 94
16 112
16 114
16 122
16 139
16 141
16 146
16 165
16 169
16 170
16 176
16 194
17 20
17 22
17 23
17 24
17 25
17 26
17 28
17 31
17 33
17 34
17 38
17 40
17 43
17 48
17 50
17 51
17 58
17 61
17 63
17 67
17 69
17 70
17 73
17 76
17 78
17 82
17 90
17 95
17 96
17 104
17 105
17 114
17 116
17 118
17 126
17 127
17 131
17 142
17 148
17 151
17 156
17 160
17 171
17 181
17 186
17 188
17 194
18 21
18 22
18 25
18 28
18 33
18 35
18 38
18 47
18 51
18 53
18 56
18 62
18 65
18 67
18 70
18 71
18 81
18 97
18 108
18 112
18 113
18 153
18 175
18 186
19 20
19 21
19 22
19 26
19 27
19 31
19 36
19 45
19 49
19 55
19 56
19 57
19 61
19 62
19 67
19 68
19 78
19 85
19 87
19 89
19 92
19 93
19 94
19 101
19 102
19 103
19 111
19 116
19 119
19 121
19 129
19 131
19 139
19 151
19 157
19 158
19 162
19 165
19 168
19 172
19 191
20 22
20 23
20 24
20 28
20 34
20 37
20 48
20 54
20 58
20 60
20 68
20 69
20 71
20 72
20 77
20 79
20 80
20 83
20 85
20 86
20 98
20 99
20 100
20 105
20 108
20 110
20 111
20 120
20 125
20 128
20 145
20 146
20 156
20 165
20 171
20 178
20 185
20 186
20 197
21 22
21 25
21 26
21 27
21 34
21 45
21 51
21 52
21 72
21 75
21 82
21 89
21 99
21 132
21 136
21 143
21 144
21 154
21 155
21 166
21 168
21 172
21 181
21 197
22 25
22 26
22 28
22 32
22 37
22 42
22 44
22 46
22 49
22 82
22 92
22 93
22 101
22 108
22 109
22 111
22 112
22 116
22 121
22 123
22 135
22 143
22 150
22 152
22 171
22 179
22 195
23 29
23 33
23 34
23 36
23 44
23 45
23 46
23 53
23 54
23 73
23 79
23 86
23 93
23 95
23 97
23 106
23 121
23 122
23 133
23 144
23 169
23 190
24 28
24 30
24 32
24 33
24 42
24 44
24 52
24 64
24 80
24 86
24 92
24 99
24 112
24 123
24 145
24 155
24 161
24 187
25 29
25 31
25 42
25 45
25 56
25 59
25 65
25 73
25 86
25 94
25 99
25 105
25 127
25 132
25 139
25 171
25 173
25 179
25 184
26 29
26 30
26 34
26 39
26 46
26 48
26 55
26 57
26 58
26 59
26 62
26 70
26 76
26 91
26 92
26 100
26 103
26 105
26 152
26 169
26 170
26 183
26 187
26 191
27 28
27 31
27 34
27 35
27 37
27 41
27 45
27 47
27 53
27 59
27 61
27 64
27 69
27 75
27 76
27 78
27 79
27 80
27 82
27 85
27 92
27 126
27 142
27 182
27 185
27 186
27 197
28 29
28 31
28 38
28 52
28 53
28 56
28 66
28 96
28 104
28 111
28 135
28 145
28 170
29 30
29 31
29 32
29 34
29 39
29 41
29 48
29 56
29 57
29 64
29 72
29 74
29 76
29 80
29 91
29 93
29 95
29 108
29 137
29 146
29 151
29 161
29 182
29 198
30 33
30 36
30 39
30 54
30 55
30 64
30 65
30 75
30 87
30 89
30 91
30 93
30 103
30 120
30 127
30 130
30 133
30 134
30 146
30 158
30 192
30 198
31 32
31 38
31 40
31 41
31 43
31 50
31 52
31 59
31 60
31 63
31 64
31 69
31 88
31 90
31 95
31 107
31 108
31 115
31 173
31 180
31 185
31 187
32 35
32 36
32 37
32 39
32 44
32 48
32 49
32 50
32 54
32 55
32 59
32 66
32 71
32 76
32 78
32 80
32 81
32 85
32 92
32 98
32 109
32 120
32 121
32 134
32 148
32 156
32 159
32 164
32 176
32 182
32 196
32 199
33 35
33 42
33 50
33 54
33 59
33 60
33 62
33 76
33 84
33 95
33 114
33 118
33 127
33 130
33 131
33 142
33 154
33 171
33 172
33 185
33 193
34 35
34 43
34 51
34 55
34 60
34 68
34 70
34 71
34 72
34 73
34 102
34 106
34 110
34 114
34 117
34 118
34 146
34 148
34 153
34 168
34 169
34 180
34 190
34 192
35 39
35 42
35 43
35 50
35 65
35 75
35 98
35 134
35 135
35 137
35 138
35 145
36 40
36 42
36 43
36 48
36 50
36 69
36 74
36 79
36 82
36 96
36 116
36 119
36 122
36 126
36 137
36 141
36 143
36 154
36 158
36 160
36 166
36 171
36 184
36 186
36 192
36 193
37 49
37 67
37 84
37 120
37 121
37 125
37 132
37 137
37 166
37 177
37 180
37 183
37 186
37 197
38 39
38 44
38 45
38 47
38 49
38 59
38 106
38 113
38 115
38 131
38 141
38 151
38 156
38 184
38 195
39 46
39 47
39 54
39 56
39 60
39 73
39 81
39 107
39 109
39 110
39 111
39 126
39 129
39 134
39 139
39 143
39 144
39 159
39 194
40 71
40 85
40 99
40 100
40 116
40 131
40 133
40 157
40 166
40 169
40 174
40 175
41 42
41 57
41 64
41 69
41 95
41 102
41 106
41 112
41 147
41 155
41 169
42 44
42 56
42 65
42 66
42 74
42 86
42 93
42 105
42 118
42 138
42 142
42 173
42 174
42 189
42 196
43 45
43 60
43 63
43 75
43 100
43 102
43 114
43 121
43 128
43 140
43 150
43 160
43 167
43 176
43 194
44 55
44 68
44 81
44 101
44 105
44 113
44 129
44 176
44 178
45 46
45 47
45 48
45 52
45 62
45 63
45 70
45 86
45 87
45 108
45 124
45 130
45 140
46 49
46 57
46 62
46 63
46 83
46 84
46 117
46 132
46 152
46 158
46 198
47 51
47 63
47 65
47 70
47 77
47 78
47 82
47 96
47 100
47 104
47 107
47 109
47 118
47 129
47 136
47 141
47 155
47 175
47 182
47 188
47 189
48 51
48 57
48 67
48 69
48 74
48 80
48 86
48 96
48 98
48 100
48 107
48 109
48 112
48 188
49 76
49 77
49 78
49 79
49 94
49 95
49 96
49 97
49 105
49 119
49 122
49 126
49 130
49 133
49 134
49 140
49 144
49 157
49 163
50 56
50 60
50 61
50 64
50 67
50 77
50 86
50 87
50 88
50 91
50 110
50 111
50 128
50 164
50 174
50 175
50 196
51 53
51 58
51 68
51 87
51 109
51 110
51 112
51 115
51 122
51 125
51 141
51 157
51 170
52 60
52 64
52 65
52 127
52 131
53 54
53 55
53 61
53 63
53 75
53 80
53 81
53 94
53 110
53 115
53 116
53 121
53 142
53 155
53 178
53 195
53 198
54 55
54 56
54 57
54 71
54 81
54 98
54 105
54 132
54 135
54 149
54 177
54 184
54 190
55 71
55 73
55 75
55 83
55 141
55 142
55 177
55 180
56 72
56 74
56 83
56 87
56 88
56 90
56 106
56 113
56 125
56 126
56 129
56 132
56 134
56 145
56 146
56 154
56 162
56 173
56 193
57 60
57 73
57 88
57 90
57 118
57 119
57 169
57 179
57 183
58 104
58 151
59 61
59 66
59 67
59 92
59 113
59 115
59 136
59 145
59 153
59 155
59 158
59 172
59 180
59 184
60 62
60 79
60 87
60 136
60 146
60 155
60 177
60 182
60 189
61 110
61 141
61 157
61 189
61 196
61 199
62 65
62 66
62 84
62 90
62 97
62 107
62 121
62 128
62 130
62 139
62 144
62 151
62 197
63 84
63 116
63 130
63 172
63 174
63 175
64 92
64 101
64 102
64 104
64 110
64 119
64 138
64 140
64 146
64 193
65 67
65 78
65 96
65 101
65 104
65 118
65 124
65 130
65 133
65 161
65 191
65 192
65 196
65 198
66 81
66 83
66 85
66 99
66 107
66 117
66 119
66 147
66 161
66 162
66 172
66 197
67 68
67 72
67 88
67 89
67 103
67 117
67 127
67 163
67 166
67 167
67 191
67 199
68 79
68 89
68 90
68 129
68 142
69 70
69 83
69 91
69 98
69 194
70 73
70 87
70 99
70 109
70 114
70 137
70 143
70 156
70 164
70 184
70 192
71 75
71 94
71 106
71 123
71 138
71 157
71 168
71 173
71 179
71 183
71 184
72 76
72 77
72 83
72 88
72 117
72 191
73 97
73 103
73 112
73 123
73 127
73 133
73 158
73 196
74 112
74 128
74 141
74 169
74 195
75 77
75 83
75 84
75 90
75 115
75 121
75 134
75 162
75 194
76 96
76 99
76 102
76 116
76 159
76 176
77 88
77 89
77 94
77 105
77 113
77 166
77 195
77 198
78 91
78 120
78 124
78 131
78 135
78 148
78 181
78 192
79 81
79 112
79 164
79 167
79 199
80 81
80 116
80 119
80 124
80 129
80 135
80 160
81 86
81 124
82 125
82 139
82 144
82 150
82 152
82 172
83 96
83 115
83 118
83 129
83 146
83 152
83 183
84 93
84 111
84 131
84 156
84 171
84 182
85 123
85 136
85 162
85 188
86 124
86 125
86 128
86 137
86 150
86 164
86 188
86 190
87 91
87 101
87 144
87 149
87 174
87 176
87 190
88 100
88 124
88 163
88 177
88 198
89 104
89 120
89 143
89 149
89 161
89 174
90 103
90 107
90 108
90 109
90 117
90 181
90 194
91 98
91 99
91 118
91 126
91 134
91 143
91 150
91 164
91 179
92 104
92 108
92 111
92 125
92 153
92 160
92 174
92 191
93 103
93 135
93 137
94 106
94 123
94 129
94 137
94 139
94 154
94 165
94 191
95 100
95 122
95 136
95 168
95 186
96 116
96 120
96 138
97 107
98 148
99 107
99 119
100 115
100 148
101 111
101 124
101 137
101 138
101 140
101 147
101 172
101 182
101 186
102 109
102 161
102 176
103 117
103 118
103 123
103 124
103 146
103 162
103 170
103 185
104 172
105 115
105 124
106 123
106 131
106 135
107 110
107 195
108 114
108 122
108 128
108 147
108 163
108 166
108 170
108 185
108 189
109 139
109 167
109 197
109 199
110 133
110 137
110 148
110 159
110 178
110 184
110 195
111 142
111 160
111 164
111 176
111 180
111 191
112 114
112 133
112 149
112 152
112 173
113 115
113 122
113 133
114 128
114 180
115 138
115 144
115 170
115 179
115 182
115 189
116 130
116 149
117 161
117 164
118 149
118 150
118 190
119 127
119 145
119 155
119 167
119 193
120 154
120 163
120 175
120 195
121 178
122 126
122 147
122 183
122 186
123 161
123 174
124 148
124 154
124 173
125 139
125 159
125 162
127 196
128 160
128 180
128 181
129 136
129 140
129 160
129 165
129 170
129 173
129 180
129 188
130 139
131 135
131 145
131 147
132 148
132 163
132 198
135 159
135 164
135 168
135 178
135 190
136 147
136 150
136 153
136 166
136 175
136 177
136 179
136 187
137 138
138 154
139 156
139 168
140 180
140 183
140 192
140 195
140 199
141 152
141 156
141 167
142 151
143 159
143 185
143 197
144 162
145 163
145 168
145 177
145 193
146 169
146 181
147 156
148 152
148 181
148 198
149 191
150 159
150 165
150 166
150 171
151 188
152 168
152 193
155 163
155 193
156 158
156 168
156 181
156 188
156 199
159 196
160 165
160 170
160 176
160 181
160 194
162 164
162 166
162 192
163 175
163 179
166 187
167 178
169 199
170 182
172 184
172 193
174 187
180 195
186 189
187 198
188 192
