0 1
0 2
0 3
0 4
0 5
0 6
0 7
0 8
0 9
0 10
0 11
0 12
0 13
0 14
0 15
0 16
0 17
0 18
0 19
0 20
0 21
0 24
0 25
0 26
0 27
0 30
0 31
0 32
0 34
0 35
0 38
0 44
0 45
0 52
0 53
0 54
0 59
0 60
0 61
0 63
0 66
0 68
0 69
0 70
0 77
0 78
0 81
0 82
0 87
0 88
0 91
0 98
0 99
0 102
0 103
0 108
0 116
0 130
0 135
0 144
0 149
0 151
0 154
0 179
0 192
0 197
0 199
1 12
1 20
1 72
1 79
1 83
1 113
1 126
1 138
1 157
1 167
2 11
2 12
2 13
2 14
2 16
2 18
2 21
2 22
2 23
2 24
2 29
2 30
2 34
2 36
2 37
2 38
2 39
2 41
2 48
2 50
2 55
2 61
2 69
2 73
2 77
2 87
2 96
2 99
2 102
2 105
2 111
2 114
2 138
2 139
2 140
2 149
2 160
2 169
2 174
2 175
2 185
2 191
2 193
2 197
3 11
3 18
3 24
3 46
3 48
3 58
3 59
3 68
3 72
3 89
3 97
3 106
3 122
3 125
3 165
3 169
3 174
3 176
3 194
3 199
4 11
4 12
4 13
4 15
4 16
4 22
4 25
4 26
4 28
4 55
4 56
4 60
4 63
4 88
4 91
4 116
4 119
4 125
4 130
4 131
4 132
4 133
4 134
4 137
4 150
4 152
4 155
4 166
4 170
4 176
4 182
4 186
4 195
5 11
5 12
5 14
5 15
5 16
5 17
5 19
5 20
5 21
5 22
5 24
5 25
5 29
5 37
5 41
5 43
5 46
5 47
5 48
5 54
5 58
5 65
5 84
5 101
5 110
5 112
5 117
5 126
5 128
5 134
5 135
5 149
5 155
5 157
5 158
5 172
5 182
5 192
5 194
6 11
6 12
6 13
6 14
6 15
6 16
6 20
6 27
6 28
6 30
6 32
6 33
6 38
6 39
6 41
6 48
6 50
6 51
6 55
6 62
6 63
6 67
6 74
6 82
6 85
6 87
6 90
6 93
6 100
6 101
6 113
6 122
6 124
6 129
6 134
6 141
6 178
6 193
6 199
7 11
7 12
7 13
7 19
7 26
7 29
7 36
7 38
7 42
7 48
7 49
7 54
7 55
7 73
7 78
7 80
7 90
7 96
7 100
7 108
7 131
7 159
7 193
8 11
8 13
8 14
8 15
8 17
8 18
8 22
8 24
8 26
8 34
8 64
8 68
8 76
8 87
8 95
8 100
8 114
8 120
8 139
8 153
8 163
8 167
8 175
9 11
9 12
9 13
9 14
9 19
9 20
9 21
9 22
9 23
9 24
9 25
9 29
9 32
9 36
9 38
9 39
9 44
9 47
9 67
9 74
9 83
9 88
9 92
9 94
9 104
9 113
9 115
9 121
9 129
9 131
9 154
9 162
9 173
9 174
9 176
9 184
9 188
9 191
9 194
9 197
10 11
10 12
10 13
10 14
10 15
10 17
10 18
10 19
10 25
10 27
10 32
10 37
10 40
10 41
10 42
10 44
10 46
10 48
10 50
10 53
10 56
10 59
10 70
10 75
10 89
10 112
10 114
10 124
10 127
10 134
10 155
10 183
10 188
11 12
11 13
11 14
11 15
11 16
11 17
11 20
11 21
11 23
11 29
11 30
11 31
11 32
11 34
11 35
11 36
11 37
11 39
11 41
11 42
11 43
11 46
11 47
11 56
11 59
11 60
11 62
11 65
11 66
11 68
11 75
11 76
11 82
11 91
11 93
11 94
11 95
11 97
11 98
11 102
11 105
11 111
11 114
11 118
11 121
11 125
11 127
11 135
11 137
11 138
11 141
11 146
11 149
11 156
11 157
11 162
11 166
11 169
11 175
11 176
11 179
11 186
11 196
11 197
12 13
12 14
12 15
12 16
12 17
12 18
12 19
12 20
12 22
12 27
12 28
12 32
12 33
12 35
12 39
12 45
12 49
12 52
12 61
12 63
12 69
12 71
12 73
12 74
12 81
12 88
12 99
12 108
12 109
12 110
12 111
12 112
12 119
12 127
12 132
12 134
12 137
12 139
12 148
12 150
12 153
12 160
12 161
12 163
12 171
12 177
12 178
12 194
13 14
13 15
13 16
13 17
13 18
13 19
13 20
13 21
13 22
13 23
13 24
13 26
13 27
13 34
13 35
13 37
13 38
13 39
13 40
13 41
13 46
13 47
13 51
13 52
13 53
13 56
13 59
13 63
13 65
13 67
13 69
13 70
13 71
13 75
13 77
13 78
13 80
13 81
13 84
13 93
13 105
13 106
13 126
13 135
13 140
13 141
13 146
13 148
13 151
13 152
13 155
13 159
13 163
13 165
13 169
13 171
13 179
13 190
13 195
14 15
14 16
14 17
14 18
14 19
14 21
14 22
14 26
14 28
14 30
14 31
14 32
14 34
14 36
14 44
14 46
14 47
14 48
14 62
14 64
14 65
14 66
14 68
14 71
14 79
14 81
14 83
14 90
14 91
14 94
14 95
14 97
14 99
14 102
14 124
14 125
14 136
14 141
14 151
14 162
14 165
14 175
14 178
14 180
14 194
14 196
14 199
15 16
15 17
15 18
15 20
15 23
15 27
15 30
15 33
15 40
15 44
15 45
15 49
15 52
15 57
15 61
15 66
15 68
15 72
15 80
15 86
15 97
15 103
15 106
15 107
15 114
15 124
15 126
15 128
15 130
15 154
15 165
15 172
15 177
15 181
15 186
15 189
16 17
16 21
16 22
16 23
16 25
16 26
16 27
16 29
16 33
16 37
16 38
16 41
16 45
16 49
16 50
16 56
16 57
16 61
16 65
16 71
16 73
16 76
16 84
16 86
16 92
16 98
16 101
16 104
16 106
16 107
16 109
16 117
16 123
16 129
16 135
16 139
16 140
16 141
16 150
16 153
16 157
16 162
16 169
16 179
16 186
16 188
16 189
16 190
16 196
17 18
17 19
17 21
17 23
17 27
17 28
17 31
17 32
17 33
17 35
17 38
17 39
17 40
17 46
17 50
17 51
17 66
17 67
17 70
17 73
17 74
17 84
17 88
17 90
17 92
17 93
17 98
17 99
17 105
17 111
17 116
17 119
17 121
17 123
17 124
17 147
17 160
17 167
17 175
17 186
17 198
18 19
18 20
18 21
18 24
18 25
18 28
18 30
18 31
18 32
18 35
18 36
18 37
18 40
18 41
18 42
18 43
18 50
18 52
18 54
18 55
18 57
18 58
18 72
18 73
18 74
18 75
18 76
18 77
18 86
18 88
18 91
18 93
18 103
18 107
18 108
18 111
18 117
18 120
18 121
18 124
18 130
18 137
18 148
18 156
18 161
18 165
18 170
18 182
18 183
18 185
19 26
19 29
19 33
19 43
19 51
19 52
19 62
19 73
19 78
19 100
19 123
19 129
19 135
19 141
19 153
19 156
19 158
19 164
19 170
19 171
19 174
19 193
19 199
20 22
20 23
20 24
20 25
20 26
20 27
20 30
20 33
20 44
20 47
20 49
20 50
20 51
20 53
20 57
20 60
20 64
20 71
20 72
20 79
20 84
20 86
20 89
20 90
20 98
20 101
20 106
20 109
20 115
20 120
20 125
20 127
20 129
20 135
20 140
20 142
20 143
20 156
20 164
20 176
20 182
20 183
20 191
20 193
21 23
21 28
21 30
21 31
21 34
21 42
21 46
21 47
21 61
21 67
21 69
21 73
21 76
21 84
21 94
21 100
21 120
21 137
21 146
21 160
21 161
21 164
21 170
21 178
22 23
22 27
22 28
22 29
22 32
22 33
22 44
22 47
22 48
22 51
22 58
22 65
22 67
22 69
22 74
22 75
22 76
22 96
22 100
22 109
22 116
22 122
22 127
22 143
22 145
22 159
22 167
22 170
22 173
22 178
22 192
23 24
23 25
23 26
23 28
23 34
23 36
23 38
23 53
23 54
23 55
23 56
23 58
23 62
23 71
23 78
23 79
23 85
23 88
23 92
23 96
23 101
23 104
23 105
23 108
23 110
23 114
23 122
23 127
23 131
23 137
23 139
23 144
23 150
23 152
23 165
23 168
23 170
23 171
23 177
23 185
23 187
23 196
23 197
24 25
24 29
24 31
24 34
24 35
24 37
24 43
24 44
24 56
24 60
24 71
24 81
24 85
24 87
24 90
24 93
24 103
24 116
24 118
24 126
24 152
24 154
24 157
24 158
24 162
24 171
24 183
25 28
25 31
25 46
25 49
25 52
25 56
25 57
25 60
25 63
25 70
25 74
25 76
25 102
25 128
25 132
25 146
25 150
25 168
25 176
25 178
25 185
26 31
26 35
26 39
26 43
26 47
26 49
26 50
26 52
26 64
26 76
26 83
26 91
26 94
26 100
26 101
26 104
26 112
26 119
26 122
26 124
26 137
26 140
26 142
26 148
26 150
26 156
26 160
26 170
26 176
26 179
26 190
26 195
27 29
27 43
27 45
27 56
27 87
27 93
27 97
27 107
27 136
27 138
27 142
27 147
27 154
27 158
28 30
28 34
28 37
28 40
28 45
28 46
28 65
28 79
28 88
28 92
28 107
28 119
28 122
28 130
28 133
28 138
28 140
28 163
28 164
28 166
29 31
29 33
29 35
29 51
29 54
29 58
29 62
29 64
29 72
29 77
29 83
29 98
29 101
29 102
29 104
29 109
29 122
29 155
29 158
30 33
30 42
30 43
30 54
30 64
30 74
30 75
30 82
30 100
30 108
30 117
30 125
30 158
30 166
30 188
30 189
30 191
30 198
31 35
31 39
31 40
31 49
31 58
31 61
31 62
31 64
31 66
31 67
31 71
31 78
31 80
31 83
31 93
31 131
31 147
31 155
31 161
32 36
32 38
32 41
32 42
32 59
32 68
32 82
32 84
32 85
32 89
32 93
32 94
32 95
32 104
32 108
32 112
32 118
32 140
32 168
32 177
32 190
33 36
33 40
33 44
33 57
33 80
33 103
33 109
33 118
33 119
33 128
33 136
33 142
33 162
33 172
34 57
34 61
34 68
34 83
34 100
34 103
34 113
34 124
34 132
34 134
34 153
34 165
34 178
34 180
34 196
34 199
35 36
35 42
35 44
35 58
35 65
35 66
35 67
35 68
35 80
35 81
35 85
35 96
35 104
35 113
35 119
35 120
35 122
35 132
35 133
35 152
35 155
35 163
35 177
36 37
36 43
36 51
36 53
36 116
36 128
36 132
36 140
36 158
36 161
36 180
36 187
37 39
37 40
37 42
37 43
37 45
37 51
37 55
37 57
37 60
37 63
37 80
37 81
37 84
37 90
37 103
37 105
37 110
37 111
37 116
37 123
37 131
37 133
37 142
37 144
37 145
37 154
37 155
37 159
37 173
37 181
37 182
37 187
37 188
37 190
37 193
37 197
38 50
38 53
38 55
38 58
38 65
38 72
38 75
38 78
38 83
38 87
38 89
38 92
38 106
38 143
38 147
38 151
38 153
38 160
38 163
38 182
38 187
38 198
39 40
39 41
39 45
39 49
39 50
39 51
39 52
39 53
39 54
39 59
39 63
39 69
39 87
39 95
39 98
39 110
39 143
39 152
39 184
39 187
40 69
40 82
40 85
40 86
40 112
40 114
40 145
40 162
40 166
40 175
41 42
41 48
41 54
41 57
41 63
41 64
41 80
41 81
41 91
41 96
41 98
41 102
41 109
41 126
41 127
41 128
41 142
41 150
41 152
41 163
41 169
41 174
41 198
42 62
42 70
42 77
42 93
42 147
42 152
42 176
42 189
43 45
43 47
43 67
43 70
43 72
43 89
43 95
43 97
43 121
43 134
43 160
43 188
43 196
44 45
44 58
44 59
44 61
44 69
44 104
44 112
44 115
44 127
44 145
44 154
44 167
45 53
45 75
45 107
45 117
45 131
45 133
45 136
45 184
46 48
46 49
46 56
46 62
46 75
46 78
46 81
46 92
46 94
46 104
46 113
46 118
46 126
46 134
46 142
46 147
46 164
46 199
47 55
47 63
47 78
47 86
47 117
47 132
47 146
47 150
47 158
47 161
48 54
48 72
48 75
48 80
48 130
48 134
48 169
48 175
48 177
48 186
48 194
49 52
49 79
49 85
49 108
49 146
49 157
49 189
49 198
50 65
50 83
50 84
50 91
50 94
50 99
50 115
50 123
50 145
50 148
50 149
50 158
51 61
51 64
51 77
51 78
51 107
51 113
51 125
51 144
51 189
52 53
52 55
52 57
52 59
52 60
52 87
52 113
52 115
52 123
52 149
52 156
52 166
52 195
53 79
53 86
53 89
53 97
53 117
53 157
53 182
54 60
54 73
54 117
54 168
55 59
55 77
55 86
55 101
55 107
55 116
55 118
55 120
55 140
55 159
56 60
56 66
56 70
56 74
56 77
56 85
56 87
56 88
56 98
56 108
56 125
56 131
56 163
56 179
56 186
56 190
56 195
57 69
57 77
57 88
57 110
57 150
57 160
57 181
57 191
57 195
58 120
58 149
58 152
58 162
58 168
58 192
59 62
59 83
59 124
59 126
59 133
59 161
59 172
59 181
59 184
60 64
60 66
60 106
60 121
60 135
60 147
60 181
60 193
61 67
61 96
61 97
61 107
61 110
61 114
61 130
61 145
61 147
61 164
62 66
62 70
62 113
62 121
62 142
62 179
63 71
63 136
63 143
64 95
64 189
65 68
65 70
65 81
65 101
65 102
65 114
65 183
65 188
66 71
66 79
66 82
66 98
66 123
66 162
67 76
67 90
67 91
67 95
67 109
67 115
67 136
67 139
67 153
67 159
67 189
68 72
68 73
68 86
68 92
68 99
68 103
68 112
68 138
68 149
68 153
68 157
68 158
68 172
68 174
68 186
68 191
69 91
69 94
69 146
69 151
69 166
69 172
69 180
70 74
70 79
70 99
70 111
70 152
70 172
71 110
71 129
71 180
72 82
72 95
72 105
72 149
72 154
72 159
72 191
72 192
73 76
73 80
73 85
73 111
73 119
73 123
73 133
73 140
74 102
74 123
74 145
74 167
74 171
75 111
75 118
75 120
75 169
76 85
76 89
76 143
76 165
76 173
76 196
77 104
77 109
77 116
77 126
77 184
77 193
78 79
78 84
78 90
78 100
78 115
78 117
78 118
78 131
78 176
78 198
79 86
79 96
79 113
79 115
79 129
79 138
79 148
79 157
79 173
79 181
79 195
80 82
80 106
80 115
80 136
80 139
80 144
80 183
80 197
81 82
81 96
81 102
81 105
81 107
81 114
81 136
81 144
81 172
81 198
82 92
82 94
82 101
82 128
82 132
82 141
82 173
83 96
83 116
83 120
83 141
83 156
83 165
83 177
83 182
84 92
84 97
84 105
84 138
84 139
84 145
85 194
86 89
86 95
86 170
86 180
87 89
87 106
87 151
88 110
88 111
88 125
88 139
88 142
88 156
88 162
88 173
89 90
89 110
89 145
89 153
89 154
89 159
89 163
89 164
90 106
90 117
90 121
90 123
90 164
90 169
91 122
91 130
91 131
91 146
92 105
92 161
93 97
93 122
93 125
93 165
94 133
95 99
95 103
95 119
95 129
95 130
95 138
95 160
95 185
95 187
95 191
96 121
96 147
96 174
96 176
97 99
97 133
97 151
97 169
97 198
98 103
98 150
98 179
98 180
99 149
99 191
100 146
100 195
101 112
101 168
101 183
102 108
102 109
102 112
102 115
102 118
102 120
102 133
102 148
103 128
103 132
103 144
103 175
103 196
104 130
105 127
105 170
105 182
105 190
106 128
106 155
107 136
107 147
107 148
107 153
107 167
107 178
108 148
108 156
108 188
110 141
110 151
110 161
110 172
110 191
111 124
111 132
111 143
111 164
111 174
111 175
111 183
111 199
112 119
112 127
112 143
112 144
112 171
113 148
113 174
114 118
114 139
115 126
115 142
116 121
116 144
117 143
118 129
119 129
119 194
120 135
120 141
120 181
120 184
121 188
121 195
122 128
122 161
122 167
122 177
123 136
123 137
123 170
123 184
123 198
124 154
124 171
125 134
125 145
125 177
126 146
126 181
126 183
126 189
127 151
128 135
128 137
128 182
128 187
128 190
129 143
129 156
130 168
130 196
131 144
133 157
133 159
134 138
134 163
134 171
135 137
135 181
135 194
135 197
135 199
136 160
136 166
136 184
136 185
136 188
137 173
140 187
141 173
141 193
144 151
144 159
144 168
145 179
146 180
148 180
148 181
149 171
149 172
149 173
149 177
150 185
151 186
152 180
152 197
153 155
154 167
155 192
156 164
156 166
158 166
158 193
160 174
160 192
162 197
164 168
165 167
165 168
165 175
165 196
167 185
167 189
168 178
169 179
170 178
170 184
170 192
173 190
173 192
174 185
175 186
177 185
177 187
179 183
179 184
180 190
183 194
183 199
184 187
185 192
191 198
192 195
