0 1
0 2
0 3
0 4
0 5
0 6
0 7
0 8
0 9
0 10
0 11
0 12
0 13
0 14
0 15
0 16
0 17
0 18
0 19
0 20
0 21
0 23
0 24
0 25
0 27
0 30
0 31
0 32
0 33
0 34
0 36
0 37
0 40
0 42
0 43
0 48
0 51
0 52
0 54
0 56
0 58
0 60
0 61
0 64
0 65
0 67
0 68
0 69
0 70
0 71
0 72
0 73
0 76
0 77
0 78
0 79
0 81
0 85
0 87
0 88
0 89
0 94
0 101
0 105
0 110
0 112
0 117
0 118
0 122
0 125
0 126
0 127
0 128
0 131
0 136
0 138
0 141
0 147
0 150
0 153
0 154
0 166
0 180
0 190
0 195
0 197
1 11
1 12
1 13
1 14
1 15
1 17
1 21
1 22
1 25
1 27
1 28
1 29
1 31
1 35
1 37
1 43
1 44
1 45
1 46
1 59
1 68
1 81
1 84
1 85
1 93
1 96
1 112
1 119
1 121
1 126
1 128
1 130
1 137
1 139
1 148
1 152
1 157
2 11
2 12
2 14
2 16
2 17
2 18
2 19
2 21
2 22
2 23
2 24
2 28
2 29
2 30
2 32
2 34
2 37
2 39
2 41
2 45
2 51
2 55
2 56
2 65
2 71
2 76
2 82
2 97
2 102
2 103
2 104
2 108
2 111
2 112
2 114
2 116
2 126
2 130
2 132
2 133
2 141
2 154
2 157
2 160
2 169
2 171
2 176
2 182
2 185
2 189
2 192
3 11
3 12
3 13
3 14
3 16
3 17
3 26
3 31
3 54
3 59
3 65
3 67
3 73
3 85
3 92
3 106
3 121
3 153
3 168
3 188
3 195
3 199
4 11
4 12
4 13
4 14
4 15
4 19
4 21
4 24
4 27
4 36
4 38
4 39
4 41
4 45
4 48
4 53
4 57
4 59
4 63
4 65
4 66
4 75
4 78
4 82
4 83
4 93
4 99
4 104
4 106
4 109
4 112
4 114
4 115
4 127
4 146
4 149
4 151
4 159
4 162
4 164
4 166
4 192
5 11
5 12
5 13
5 15
5 17
5 19
5 21
5 22
5 28
5 29
5 30
5 34
5 38
5 43
5 60
5 66
5 73
5 79
5 85
5 105
5 111
5 112
5 119
5 147
5 148
5 149
5 155
5 176
5 188
5 190
5 195
6 11
6 12
6 13
6 14
6 18
6 20
6 24
6 30
6 34
6 40
6 50
6 61
6 71
6 78
6 110
6 120
6 122
6 135
6 146
6 153
6 164
6 174
6 184
6 188
7 11
7 12
7 18
7 20
7 28
7 33
7 57
7 73
7 105
7 153
7 172
7 198
8 13
8 14
8 16
8 29
8 38
8 39
8 65
8 72
8 83
8 89
8 105
9 11
9 15
9 16
9 22
9 25
9 39
9 44
9 52
9 62
9 65
9 67
9 82
9 96
9 98
9 136
9 167
9 170
9 174
9 193
10 11
10 12
10 13
10 15
10 28
10 29
10 31
10 32
10 40
10 42
10 43
10 44
10 47
10 49
10 54
10 55
10 56
10 58
10 59
10 60
10 64
10 68
10 70
10 72
10 86
10 92
10 96
10 108
10 118
10 121
10 130
10 131
10 139
10 166
10 173
10 192
10 195
11 12
11 13
11 14
11 15
11 16
11 17
11 18
11 19
11 20
11 21
11 22
11 23
11 25
11 26
11 28
11 31
11 33
11 35
11 36
11 39
11 40
11 41
11 44
11 46
11 47
11 48
11 49
11 52
11 53
11 54
11 57
11 59
11 62
11 65
11 68
11 69
11 71
11 76
11 86
11 88
11 90
11 95
11 99
11 100
11 102
11 103
11 104
11 110
11 114
11 117
11 121
11 122
11 123
11 140
11 142
11 152
11 153
11 155
11 156
11 158
11 167
11 168
11 173
11 183
11 184
11 187
11 188
11 196
11 197
12 13
12 14
12 15
12 16
12 17
12 18
12 20
12 22
12 24
12 25
12 26
12 27
12 31
12 32
12 34
12 36
12 38
12 39
12 41
12 42
12 43
12 46
12 51
12 52
12 58
12 59
12 60
12 66
12 67
12 70
12 73
12 80
12 81
12 84
12 86
12 91
12 93
12 96
12 97
12 99
12 102
12 107
12 111
12 113
12 115
12 128
12 129
12 135
12 139
12 140
12 148
12 149
12 151
12 154
12 160
12 162
12 163
12 164
12 172
12 174
12 176
12 178
12 181
12 192
12 195
12 197
12 199
13 14
13 15
13 16
13 17
13 18
13 19
13 20
13 24
13 26
13 28
13 32
13 33
13 34
13 38
13 42
13 43
13 44
13 45
13 48
13 50
13 52
13 53
13 55
13 62
13 63
13 64
13 66
13 70
13 72
13 78
13 82
13 93
13 94
13 97
13 102
13 105
13 107
13 109
13 117
13 124
13 168
13 176
13 177
13 178
13 182
13 193
14 15
14 16
14 17
14 19
14 20
14 21
14 22
14 23
14 24
14 25
14 26
14 31
14 32
14 35
14 36
14 37
14 42
14 44
14 45
14 51
14 56
14 57
14 59
14 67
14 68
14 78
14 84
14 85
14 100
14 101
14 103
14 107
14 120
14 122
14 123
14 128
14 132
14 134
14 141
14 147
14 154
14 164
14 165
14 168
14 178
14 179
14 184
15 16
15 18
15 19
15 21
15 23
15 24
15 27
15 31
15 34
15 35
15 38
15 42
15 47
15 50
15 52
15 53
15 54
15 55
15 58
15 64
15 68
15 70
15 74
15 77
15 82
15 83
15 88
15 89
15 92
15 93
15 104
15 119
15 121
15 122
15 124
15 140
15 147
15 161
15 163
15 168
15 183
15 185
15 191
15 192
16 17
16 18
16 19
16 20
16 22
16 23
16 29
16 30
16 33
16 36
16 43
16 48
16 56
16 57
16 70
16 79
16 80
16 87
16 88
16 89
16 105
16 121
16 125
16 129
16 141
16 146
16 160
16 162
16 166
16 170
16 175
16 177
16 183
16 190
16 191
16 196
16 197
17 18
17 20
17 22
17 23
17 24
17 25
17 26
17 27
17 28
17 30
17 32
17 35
17 40
17 41
17 48
17 49
17 50
17 54
17 55
17 61
17 64
17 68
17 69
17 72
17 74
17 75
17 77
17 79
17 80
17 87
17 92
17 93
17 98
17 104
17 113
17 116
17 118
17 124
17 137
17 140
17 145
17 159
17 160
17 169
17 179
17 182
17 193
18 19
18 20
18 21
18 23
18 24
18 25
18 26
18 29
18 30
18 33
18 34
18 40
18 41
18 44
18 45
18 47
18 48
18 50
18 54
18 59
18 61
18 62
18 64
18 67
18 70
18 72
18 75
18 78
18 80
18 84
18 94
18 102
18 104
18 109
18 113
18 120
18 136
18 139
18 159
18 160
18 165
18 171
18 180
18 183
18 186
18 189
18 190
18 195
19 21
19 25
19 28
19 31
19 34
19 36
19 38
19 42
19 53
19 56
19 58
19 76
19 83
19 89
19 95
19 99
19 101
19 108
19 125
19 133
19 157
19 187
19 198
20 22
20 23
20 27
20 29
20 31
20 33
20 41
20 46
20 50
20 57
20 58
20 61
20 64
20 65
20 69
20 74
20 76
20 81
20 93
20 101
20 108
20 112
20 115
20 126
20 135
20 138
20 145
20 146
20 160
20 168
20 171
20 173
20 175
20 186
20 191
20 193
20 194
21 30
21 33
21 37
21 40
21 45
21 47
21 50
21 55
21 61
21 63
21 66
21 69
21 84
21 86
21 92
21 99
21 102
21 113
21 129
21 137
21 150
21 152
21 178
21 184
21 185
21 192
21 198
22 23
22 29
22 30
22 36
22 67
22 78
22 81
22 83
22 96
22 98
22 100
22 128
22 150
22 157
22 171
22 175
22 182
23 25
23 26
23 27
23 32
23 35
23 41
23 46
23 47
23 51
23 56
23 66
23 67
23 74
23 78
23 97
23 102
23 110
23 115
23 116
23 117
23 119
23 121
23 122
23 130
23 164
23 165
23 171
23 173
23 177
23 184
23 190
23 195
24 26
24 28
24 29
24 39
24 42
24 49
24 53
24 58
24 63
24 70
24 86
24 87
24 92
24 130
24 139
24 148
24 154
24 168
24 179
24 185
24 191
24 193
25 26
25 27
25 33
25 36
25 38
25 39
25 57
25 65
25 71
25 75
25 76
25 80
25 84
25 94
25 97
25 98
25 100
25 101
25 120
25 133
25 135
25 142
25 175
25 177
26 27
26 32
26 35
26 37
26 38
26 51
26 52
26 53
26 60
26 63
26 65
26 71
26 73
26 77
26 81
26 91
26 96
26 97
26 103
26 106
26 112
26 137
26 138
26 151
26 171
26 192
26 197
26 198
27 39
27 41
27 44
27 50
27 61
27 74
27 85
27 87
27 94
27 139
27 145
27 175
27 187
28 30
28 35
28 37
28 39
28 42
28 53
28 58
28 64
28 66
28 72
28 77
28 83
28 90
28 91
28 96
28 119
28 120
28 121
28 126
28 136
28 140
28 191
28 197
29 33
29 37
29 51
29 62
29 64
29 72
29 80
29 87
29 101
29 104
29 113
29 127
29 145
29 151
29 152
29 156
29 169
29 171
29 173
29 179
30 32
30 35
30 36
30 37
30 38
30 40
30 42
30 46
30 48
30 49
30 52
30 54
30 55
30 59
30 69
30 70
30 73
30 76
30 82
30 85
30 86
30 94
30 95
30 97
30 98
30 99
30 108
30 116
30 128
30 129
30 130
30 132
30 149
30 160
30 161
30 183
30 188
30 189
30 197
31 34
31 41
31 49
31 55
31 60
31 63
31 68
31 89
31 90
31 91
31 96
31 109
31 112
31 119
31 125
31 144
31 170
31 176
31 177
31 186
32 40
32 43
32 48
32 63
32 81
32 83
32 87
32 103
32 105
32 117
32 118
32 120
32 130
32 144
32 149
32 158
32 182
32 199
33 62
33 81
33 84
33 87
33 90
33 106
33 111
33 124
33 129
34 35
34 37
34 40
34 43
34 46
34 47
34 53
34 61
34 71
34 75
34 85
34 86
34 90
34 92
34 94
34 98
34 103
34 105
34 109
34 111
34 116
34 131
34 133
34 137
34 138
34 139
34 151
34 164
34 176
34 179
34 181
34 187
35 54
35 59
35 64
35 71
35 77
35 79
35 85
35 93
35 101
35 103
35 115
35 122
35 131
35 132
35 135
35 136
35 141
35 143
35 148
35 151
35 153
35 155
35 163
35 167
35 170
35 177
35 188
35 195
35 197
36 73
36 75
36 79
36 84
36 96
36 106
36 138
36 148
36 150
36 156
36 159
36 167
36 176
36 190
36 196
37 44
37 45
37 46
37 47
37 49
37 52
37 53
37 57
37 62
37 72
37 90
37 91
37 101
37 116
37 125
37 138
37 154
37 159
37 161
37 174
37 181
37 186
38 44
38 45
38 48
38 49
38 51
38 56
38 58
38 70
38 76
38 78
38 102
38 127
38 145
38 159
38 169
38 178
39 71
39 76
39 109
39 123
39 138
39 150
39 151
39 158
39 163
39 165
39 188
39 190
40 46
40 47
40 51
40 57
40 81
40 87
40 89
40 95
40 116
40 122
40 160
40 163
40 169
40 172
41 43
41 49
41 51
41 56
41 99
41 143
41 153
41 170
41 181
42 60
42 86
42 97
42 117
42 118
42 124
42 127
42 138
42 148
42 154
42 165
42 174
42 184
42 194
43 95
43 111
43 185
43 189
44 45
44 46
44 54
44 57
44 69
44 74
44 108
44 141
44 143
44 157
44 159
45 47
45 50
45 101
45 123
45 125
45 131
45 181
46 55
46 74
46 88
46 97
46 109
46 118
46 123
46 134
46 137
46 155
46 172
47 49
47 52
47 60
47 66
47 74
47 75
47 84
47 88
47 89
47 90
47 95
47 114
47 119
47 121
47 131
47 133
47 170
47 178
47 199
48 68
48 89
48 115
48 124
49 50
49 62
49 79
49 86
49 102
49 110
49 133
49 147
49 172
50 55
50 63
50 66
50 68
50 73
50 81
50 107
50 113
50 123
50 137
50 145
50 146
50 163
50 186
50 198
50 199
51 60
51 61
51 75
51 78
51 87
51 107
51 125
51 127
51 144
51 152
51 161
51 166
51 179
51 181
51 188
52 66
52 71
52 88
52 141
52 156
53 60
53 62
53 73
53 80
53 86
53 92
53 115
53 120
53 129
53 135
53 136
53 141
53 144
53 162
53 173
53 186
53 194
54 58
54 63
54 74
54 80
54 90
54 95
54 107
54 116
54 155
54 160
54 185
54 199
55 56
55 62
55 77
55 99
55 148
55 161
56 61
56 67
56 95
56 98
56 99
56 129
56 138
56 152
56 170
56 172
56 174
56 192
57 63
57 67
57 89
57 90
57 92
57 100
57 112
57 114
57 126
57 142
57 153
58 91
58 94
58 147
58 196
59 75
59 82
59 83
59 92
59 100
59 103
59 132
59 136
59 153
59 182
60 69
60 98
60 113
60 117
60 139
60 149
60 165
60 178
61 82
61 83
61 91
61 108
61 111
61 116
61 123
61 128
61 164
61 169
61 179
61 180
61 191
62 167
62 175
63 69
63 80
63 103
63 114
63 134
63 141
63 151
63 153
63 163
63 166
63 174
63 185
64 76
64 129
64 136
64 142
64 144
64 158
64 194
64 196
65 75
65 77
65 79
65 88
65 108
65 110
65 122
65 132
65 143
65 165
65 167
65 169
66 69
66 85
66 91
66 107
66 143
66 144
66 166
67 74
67 88
67 110
67 124
67 140
67 144
67 158
67 162
68 77
68 90
68 184
69 77
69 80
69 82
69 99
69 105
69 118
69 132
69 143
69 146
69 154
69 167
69 181
70 98
70 105
70 120
70 131
70 149
71 72
71 106
71 115
71 125
71 142
71 152
71 164
71 196
71 199
72 125
72 126
72 162
72 168
72 170
72 184
72 188
72 199
73 95
73 111
73 118
73 139
73 190
74 96
74 102
74 132
74 146
74 198
75 79
75 109
75 145
75 168
75 174
75 176
75 195
76 79
77 100
77 106
77 116
77 148
78 82
78 84
78 138
78 154
78 162
78 163
78 193
79 83
79 104
79 183
80 88
80 91
80 107
80 108
80 110
80 132
80 144
80 155
80 180
80 189
80 196
81 95
81 114
81 118
81 132
81 150
81 166
81 169
81 171
81 191
82 104
82 113
82 127
82 164
82 177
83 100
83 174
83 191
83 198
84 110
84 155
85 93
85 106
85 122
85 133
85 134
85 136
85 151
86 91
86 117
86 142
86 178
86 182
86 187
87 128
87 134
87 144
87 189
88 115
88 136
88 177
88 196
89 94
89 100
89 107
89 137
89 143
89 163
89 180
89 193
90 93
90 106
90 115
90 129
90 133
90 141
90 145
90 146
90 183
91 94
91 108
91 121
91 123
91 150
91 152
91 156
91 157
91 158
91 197
92 114
92 131
92 150
93 97
93 101
93 118
93 119
93 139
93 166
93 188
94 104
94 109
94 117
94 134
94 187
95 98
95 123
95 127
95 131
95 133
95 156
95 194
96 103
96 142
96 180
97 137
97 170
97 180
98 130
98 135
98 140
98 149
98 155
98 157
98 158
98 172
98 186
99 100
99 114
99 126
100 156
100 158
100 194
101 110
101 111
101 129
101 162
101 175
102 117
102 119
102 128
102 130
102 147
102 167
102 172
103 107
103 112
103 144
103 147
104 106
104 109
104 113
104 124
104 142
104 165
104 168
105 120
105 124
105 140
105 146
105 157
105 163
106 181
107 111
107 125
107 150
107 167
107 171
107 173
107 185
107 189
107 194
108 137
108 154
108 194
109 134
109 140
109 152
109 162
109 173
109 179
110 113
110 114
110 131
110 182
110 192
111 170
112 157
112 178
112 183
113 128
113 143
113 145
113 171
113 191
115 120
115 123
115 160
115 180
115 183
115 187
116 127
116 135
116 175
117 124
117 180
118 119
118 156
118 181
119 126
119 130
119 133
119 134
119 150
120 126
120 148
120 169
121 164
122 127
123 135
123 161
123 162
123 167
124 157
124 159
124 193
125 134
125 145
126 156
126 161
126 190
127 134
127 186
128 156
129 142
129 175
129 193
129 198
130 173
131 135
131 140
131 149
131 151
131 180
131 182
131 186
132 143
132 147
132 159
132 198
134 147
134 161
134 175
135 149
136 198
137 172
138 142
138 155
138 158
139 146
140 143
140 158
142 161
143 159
144 165
144 179
145 152
145 181
145 187
145 191
146 155
146 172
146 184
147 187
148 176
148 185
149 185
149 196
150 165
151 189
151 195
153 199
155 161
155 173
156 182
156 184
156 186
157 166
157 192
159 177
159 189
159 197
161 169
162 176
162 177
162 179
163 190
167 174
171 178
172 189
172 194
172 199
174 196
179 193
180 194
182 183
183 187
