0 1
0 2
0 3
0 4
0 5
0 6
0 7
0 8
0 9
0 10
0 11
0 12
0 13
0 14
0 15
0 17
0 18
0 19
0 20
0 21
0 22
0 23
0 24
0 26
0 27
0 28
0 33
0 34
0 35
0 37
0 40
0 42
0 44
0 49
0 50
0 51
0 53
0 55
0 59
0 61
0 63
0 64
0 66
0 67
0 71
0 73
0 76
0 79
0 81
0 82
0 83
0 84
0 86
0 88
0 90
0 93
0 96
0 112
0 115
0 125
0 129
0 130
0 132
0 134
0 142
0 143
0 145
0 151
0 152
0 153
0 157
0 164
0 171
0 172
0 176
0 178
0 187
0 192
1 11
1 12
1 13
1 14
1 16
1 18
1 19
1 20
1 22
1 31
1 35
1 42
1 49
1 54
1 56
1 69
1 75
1 90
1 95
1 98
1 99
1 103
1 106
1 107
1 115
1 138
1 149
1 161
1 175
1 185
1 190
1 191
1 192
1 197
1 199
2 11
2 12
2 13
2 14
2 15
2 17
2 20
2 21
2 22
2 28
2 47
2 55
2 56
2 74
2 83
2 87
2 96
2 140
2 146
2 173
2 179
3 11
3 13
3 15
3 17
3 19
3 21
3 23
3 26
3 32
3 36
3 46
3 54
3 59
3 70
3 71
3 94
3 97
3 99
3 100
3 103
3 109
3 132
3 137
3 138
3 151
3 154
3 155
3 158
3 173
3 174
3 190
3 198
4 11
4 12
4 15
4 16
4 18
4 20
4 21
4 30
4 34
4 47
4 50
4 60
4 76
4 101
4 103
4 111
4 119
4 125
4 145
4 149
4 186
4 192
5 11
5 12
5 13
5 14
5 16
5 19
5 20
5 22
5 23
5 25
5 29
5 32
5 33
5 34
5 39
5 45
5 46
5 50
5 68
5 81
5 85
5 87
5 104
5 105
5 112
5 124
5 125
5 128
5 140
5 143
5 149
5 187
5 189
6 11
6 12
6 13
6 14
6 15
6 18
6 21
6 22
6 23
6 25
6 26
6 36
6 44
6 45
6 48
6 51
6 57
6 61
6 63
6 64
6 65
6 72
6 73
6 84
6 93
6 98
6 107
6 113
6 115
6 119
6 123
6 132
6 151
6 152
6 153
6 161
6 175
6 178
6 179
6 196
7 11
7 12
7 17
7 40
7 44
7 65
7 70
7 74
7 76
7 95
7 170
7 180
8 16
8 26
8 36
8 41
8 77
8 81
8 85
8 97
8 102
8 115
8 142
8 162
9 11
9 12
9 13
9 14
9 16
9 24
9 25
9 28
9 47
9 55
9 59
9 69
9 79
9 83
9 97
9 130
9 136
9 144
9 145
9 155
9 160
9 187
10 11
10 12
10 13
10 14
10 15
10 16
10 17
10 18
10 19
10 20
10 23
10 24
10 25
10 27
10 29
10 30
10 32
10 33
10 34
10 36
10 37
10 39
10 40
10 42
10 43
10 44
10 46
10 51
10 53
10 55
10 57
10 58
10 60
10 63
10 67
10 68
10 70
10 73
10 77
10 78
10 80
10 95
10 104
10 108
10 109
10 116
10 143
10 145
10 153
10 167
10 177
10 180
10 192
10 193
11 12
11 13
11 14
11 15
11 16
11 17
11 18
11 19
11 20
11 21
11 22
11 23
11 24
11 25
11 27
11 28
11 29
11 31
11 34
11 35
11 36
11 38
11 39
11 40
11 43
11 45
11 46
11 49
11 52
11 53
11 54
11 57
11 58
11 59
11 60
11 61
11 63
11 65
11 67
11 68
11 72
11 75
11 76
11 79
11 83
11 88
11 91
11 92
11 96
11 108
11 111
11 121
11 122
11 138
11 150
11 155
11 158
11 159
11 164
11 166
11 169
11 171
11 176
11 180
11 182
11 188
11 191
11 196
11 198
12 13
12 14
12 15
12 17
12 19
12 21
12 24
12 25
12 26
12 27
12 29
12 30
12 33
12 35
12 39
12 42
12 43
12 48
12 58
12 60
12 62
12 66
12 73
12 74
12 79
12 83
12 84
12 85
12 86
12 87
12 88
12 89
12 93
12 102
12 103
12 105
12 108
12 118
12 119
12 121
12 136
12 142
12 145
12 152
12 158
12 161
12 174
12 177
12 179
12 184
12 187
12 189
13 14
13 15
13 16
13 17
13 18
13 19
13 20
13 21
13 22
13 24
13 25
13 26
13 27
13 28
13 29
13 34
13 38
13 41
13 42
13 43
13 48
13 49
13 50
13 51
13 55
13 62
13 66
13 72
13 75
13 77
13 81
13 96
13 97
13 101
13 109
13 116
13 120
13 140
13 144
13 148
13 175
13 195
13 198
14 15
14 16
14 17
14 18
14 23
14 24
14 25
14 28
14 29
14 30
14 31
14 33
14 34
14 36
14 41
14 43
14 44
14 48
14 67
14 69
14 72
14 87
14 91
14 92
14 95
14 114
14 116
14 117
14 124
14 125
14 129
14 135
14 138
14 139
14 144
14 155
14 159
14 169
14 177
15 16
15 20
15 24
15 26
15 27
15 31
15 37
15 40
15 43
15 45
15 48
15 50
15 52
15 53
15 57
15 59
15 60
15 64
15 74
15 78
15 93
15 96
15 99
15 100
15 122
15 124
15 128
15 129
15 134
15 135
15 154
15 157
15 168
15 177
15 181
15 183
15 184
15 188
15 196
16 17
16 18
16 19
16 22
16 24
16 26
16 29
16 30
16 31
16 32
16 33
16 35
16 38
16 41
16 44
16 45
16 49
16 54
16 57
16 59
16 60
16 67
16 71
16 86
16 88
16 97
16 98
16 101
16 111
16 114
16 120
16 123
16 133
16 138
16 141
16 142
16 144
16 146
16 147
16 148
16 150
16 160
16 168
16 173
16 181
16 195
16 198
16 199
17 18
17 20
17 21
17 22
17 23
17 24
17 25
17 26
17 27
17 29
17 30
17 31
17 32
17 33
17 35
17 38
17 39
17 41
17 45
17 46
17 47
17 48
17 49
17 54
17 58
17 61
17 62
17 68
17 71
17 76
17 77
17 82
17 92
17 100
17 101
17 102
17 114
17 125
17 127
17 130
17 132
17 165
17 178
17 185
17 195
17 198
18 19
18 28
18 37
18 41
18 46
18 51
18 57
18 59
18 61
18 62
18 65
18 110
18 112
18 121
18 127
18 133
18 140
18 143
18 155
18 156
18 182
18 188
19 29
19 35
19 39
19 44
19 45
19 48
19 50
19 56
19 61
19 64
19 66
19 68
19 75
19 96
19 106
19 111
19 112
19 120
19 134
19 144
19 146
19 148
19 157
19 166
19 169
19 172
20 21
20 23
20 25
20 29
20 30
20 32
20 34
20 35
20 36
20 40
20 57
20 66
20 68
20 84
20 90
20 91
20 92
20 98
20 104
20 113
20 118
20 119
20 131
20 137
20 157
20 162
20 164
20 173
20 176
20 183
20 197
21 22
21 23
21 27
21 37
21 42
21 62
21 66
21 67
21 69
21 75
21 85
21 97
21 98
21 113
21 122
21 123
21 125
21 129
21 132
21 136
21 139
21 146
21 153
21 165
21 166
21 180
21 183
21 197
21 199
22 31
22 33
22 39
22 45
22 66
22 80
22 82
22 84
22 121
22 128
22 134
22 136
22 137
22 145
22 154
22 171
23 26
23 27
23 28
23 33
23 37
23 38
23 39
23 41
23 47
23 53
23 57
23 62
23 63
23 71
23 72
23 80
23 81
23 93
23 94
23 117
23 125
23 131
23 143
23 147
23 148
23 163
23 170
24 28
24 30
24 36
24 39
24 40
24 42
24 53
24 66
24 72
24 77
24 78
24 83
24 106
24 111
24 127
24 140
24 143
24 164
24 171
24 190
25 27
25 30
25 31
25 37
25 39
25 51
25 53
25 55
25 74
25 87
25 89
25 90
25 102
25 105
25 125
25 133
25 146
25 159
25 187
25 194
25 195
26 28
26 30
26 32
26 34
26 35
26 37
26 38
26 43
26 49
26 58
26 88
26 93
26 105
26 107
26 108
26 111
26 117
26 123
26 129
26 138
26 139
26 156
26 162
26 163
26 165
26 168
26 170
26 185
26 194
26 197
27 64
27 65
27 69
27 103
27 105
27 112
27 129
27 131
27 138
27 169
27 171
28 31
28 32
28 33
28 34
28 40
28 41
28 43
28 44
28 48
28 49
28 53
28 56
28 57
28 64
28 79
28 84
28 86
28 92
28 94
28 95
28 99
28 106
28 109
28 112
28 114
28 116
28 126
28 135
28 139
28 148
28 151
28 156
28 162
28 165
28 167
28 168
28 169
28 173
28 190
28 195
28 198
29 32
29 35
29 36
29 44
29 45
29 46
29 52
29 58
29 73
29 76
29 78
29 83
29 86
29 87
29 88
29 95
29 98
29 110
29 119
29 131
29 138
29 145
29 152
29 156
29 162
29 170
29 187
30 31
30 32
30 37
30 47
30 48
30 67
30 87
30 102
30 124
30 139
30 141
30 146
30 179
30 187
30 192
31 38
31 46
31 51
31 65
31 67
31 69
31 80
31 84
31 106
31 109
31 126
31 132
31 134
31 147
31 156
31 166
31 184
31 185
31 193
32 40
32 41
32 47
32 52
32 55
32 62
32 82
32 93
32 122
32 145
32 165
32 179
32 184
32 195
33 36
33 38
33 48
33 53
33 56
33 74
33 97
33 112
33 139
33 164
33 190
34 45
34 47
34 73
34 85
34 88
34 104
34 119
34 124
34 137
34 146
34 149
34 158
34 160
34 167
34 170
34 181
34 182
34 184
34 189
34 191
35 38
35 47
35 49
35 52
35 57
35 72
35 74
35 75
35 87
35 89
35 92
35 111
35 115
35 127
35 130
35 131
35 136
35 152
35 167
35 168
35 172
35 174
35 179
35 190
35 192
36 37
36 38
36 40
36 42
36 43
36 49
36 52
36 56
36 58
36 63
36 64
36 82
36 83
36 86
36 91
36 104
36 105
36 118
36 130
36 132
36 140
36 142
36 155
36 163
36 168
36 170
36 181
36 186
36 189
36 192
37 52
37 58
37 64
37 105
37 161
37 183
37 193
38 41
38 42
38 52
38 54
38 65
38 85
38 109
38 118
38 122
38 156
39 44
39 50
39 56
39 60
39 68
39 72
39 77
39 78
39 94
39 101
39 108
39 110
39 119
39 122
39 125
39 128
39 137
39 151
39 163
39 170
39 179
39 180
40 46
40 47
40 51
40 52
40 54
40 58
40 62
40 69
40 70
40 75
40 84
40 88
40 90
40 99
40 106
40 117
40 120
40 129
40 133
40 153
40 177
41 42
41 59
41 70
41 71
41 80
41 86
41 99
41 109
41 122
41 130
41 172
41 190
42 43
42 50
42 56
42 70
42 92
42 101
42 110
42 115
42 116
42 120
42 129
42 131
42 134
42 153
42 163
42 182
42 190
43 46
43 50
43 54
43 59
43 66
43 68
43 69
43 71
43 76
43 77
43 78
43 82
43 111
43 114
43 126
43 130
43 140
43 144
43 147
43 158
43 175
43 179
43 181
43 188
43 193
44 51
44 56
44 60
44 61
44 65
44 81
44 110
44 162
44 197
45 53
45 55
45 60
45 65
45 69
45 78
45 89
45 120
45 127
45 133
45 139
45 147
45 175
46 54
46 61
46 63
46 108
46 133
46 156
46 165
46 167
46 168
46 181
47 56
47 59
47 63
47 71
47 85
47 96
47 115
47 117
47 136
48 51
48 69
48 81
48 134
49 50
49 74
49 89
49 96
49 140
49 143
49 165
50 52
50 61
50 67
50 68
50 76
50 119
51 54
51 70
51 79
51 80
51 96
51 99
51 104
51 110
51 115
51 124
51 135
51 136
51 137
51 146
51 168
51 175
51 176
51 196
52 55
52 62
52 64
52 73
52 90
52 95
52 102
52 107
52 166
52 174
52 175
52 177
52 182
52 183
52 186
53 70
53 82
53 84
53 90
53 94
53 100
53 103
53 123
53 141
53 149
53 151
53 167
53 188
53 191
53 193
53 194
54 55
54 60
54 61
54 79
54 82
54 85
54 86
54 101
54 115
54 127
54 133
54 141
54 143
54 153
54 154
54 172
54 179
54 182
54 195
54 199
55 58
55 88
55 112
55 133
55 142
55 147
55 160
56 67
56 74
56 78
56 79
56 80
56 96
56 99
56 139
56 159
57 63
57 72
57 87
57 89
57 92
57 99
57 102
57 108
57 110
57 114
57 154
57 158
57 161
57 167
57 170
58 63
58 87
58 129
58 190
58 199
59 62
59 65
59 66
59 71
59 72
59 76
59 78
59 86
59 120
59 143
59 157
60 70
60 73
60 92
60 97
60 108
60 113
60 117
60 118
60 122
60 152
60 160
60 163
60 186
60 191
61 64
61 71
61 93
61 161
61 188
62 103
62 110
62 150
62 158
63 70
63 80
63 85
63 94
63 102
63 116
63 127
63 128
63 131
63 135
63 141
63 172
64 80
64 89
64 97
64 104
64 112
64 116
64 126
64 170
65 68
65 75
65 81
65 127
65 130
65 169
65 180
65 187
66 75
66 94
66 98
66 103
66 131
66 163
66 174
66 182
66 193
67 77
67 116
67 120
67 129
67 134
67 147
67 165
67 185
67 194
68 73
68 78
68 81
68 86
68 91
68 95
68 99
68 100
68 101
68 104
68 107
68 108
68 118
68 120
68 142
68 191
69 84
69 123
69 150
69 183
69 189
70 79
70 82
70 89
70 110
70 117
70 119
70 130
70 133
70 144
70 148
70 153
70 177
71 79
71 83
71 100
71 111
71 116
71 126
71 132
71 150
71 152
71 186
71 197
72 73
72 85
72 90
72 93
72 95
72 117
72 121
72 136
72 176
72 192
72 194
73 74
73 77
73 102
73 128
73 138
73 163
74 75
74 76
74 77
74 80
74 91
74 103
74 106
74 107
74 122
74 141
74 162
74 164
74 193
74 194
75 81
75 83
75 91
75 94
75 100
75 113
75 128
75 173
75 174
76 105
76 121
76 123
76 124
76 142
76 146
76 150
76 157
76 163
77 106
77 107
77 113
77 144
77 196
78 91
78 93
78 107
78 109
78 120
78 145
78 177
78 194
79 98
79 100
79 121
79 134
79 136
79 147
79 166
79 169
80 82
80 103
80 118
80 162
80 183
80 185
80 186
81 91
81 101
81 113
81 124
81 128
81 172
81 178
81 186
81 198
82 98
82 100
82 115
82 161
82 174
82 194
83 89
83 94
83 123
83 128
83 154
83 171
83 174
83 180
84 90
84 92
84 106
84 109
84 123
84 124
84 150
84 157
84 165
84 180
85 89
85 105
85 107
85 114
85 118
85 121
85 140
85 199
86 88
86 110
86 114
86 118
86 135
86 149
86 154
86 162
86 173
86 174
86 177
87 91
87 104
87 160
87 193
88 95
89 90
89 113
89 178
90 94
90 107
90 151
90 175
90 199
91 164
91 188
92 98
92 100
92 126
92 137
92 149
92 167
92 184
92 194
93 116
93 125
93 160
94 104
94 106
94 135
95 97
95 105
95 124
95 139
95 153
95 156
95 170
96 114
96 154
96 182
97 117
97 118
97 151
97 172
97 178
98 133
98 134
98 171
98 175
99 101
99 113
99 132
99 139
100 151
101 102
101 111
102 122
102 159
103 108
103 112
103 137
103 142
103 179
103 193
103 195
104 156
104 159
105 121
105 128
105 166
105 196
106 109
106 138
106 147
107 123
107 187
107 189
107 191
108 113
108 155
108 178
108 196
109 117
109 152
110 143
110 161
110 167
110 173
111 114
111 126
111 127
111 135
111 150
111 155
112 165
112 174
114 148
114 149
114 189
115 121
116 137
116 141
116 181
117 119
117 130
117 141
117 153
117 162
117 168
117 186
118 126
118 131
119 178
120 126
120 176
120 177
120 183
121 150
121 158
121 164
121 166
121 181
121 182
121 184
121 187
122 137
122 157
122 159
122 196
123 132
123 147
123 151
123 160
123 168
123 194
124 176
125 126
125 135
125 164
126 127
127 136
127 140
127 169
129 157
129 198
130 131
130 144
130 146
131 161
132 141
132 148
132 181
133 149
133 169
133 183
134 135
134 156
134 183
134 191
135 176
136 158
136 176
136 180
137 142
137 159
137 196
138 141
138 148
138 163
139 144
139 152
139 159
139 185
139 186
140 150
140 172
140 176
140 184
142 161
142 191
143 164
143 184
144 145
144 157
144 181
144 189
145 148
145 154
145 158
145 171
145 173
145 178
145 184
146 149
146 166
146 182
146 195
146 197
147 171
148 155
148 189
149 152
151 154
151 155
151 185
152 160
154 159
154 166
155 160
155 167
155 193
155 199
157 197
157 199
158 169
161 178
161 199
162 171
162 175
162 185
163 188
164 173
164 189
165 180
169 172
170 188
170 198
172 190
172 192
172 195
176 188
177 197
181 197
183 185
183 198
184 191
185 186
187 196
189 192
