0 1
0 2
0 3
0 4
0 5
0 6
0 7
0 8
0 9
0 10
0 11
0 12
0 13
0 14
0 15
0 17
0 18
0 19
0 20
0 22
0 24
0 25
0 28
0 29
0 31
0 33
0 39
0 40
0 42
0 43
0 48
0 51
0 52
0 59
0 60
0 69
0 70
0 71
0 72
0 79
0 80
0 83
0 92
0 98
0 99
0 118
0 121
0 124
0 126
0 127
0 129
0 135
0 139
0 141
0 147
0 148
0 155
0 160
0 172
0 176
0 177
0 180
0 181
0 191
1 11
1 12
1 13
1 14
1 15
1 16
1 17
1 19
1 20
1 23
1 24
1 26
1 27
1 29
1 32
1 37
1 40
1 41
1 48
1 53
1 54
1 57
1 59
1 62
1 64
1 68
1 81
1 100
1 104
1 112
1 122
1 124
1 126
1 128
1 129
1 138
1 139
1 144
1 149
1 150
1 163
1 170
1 184
2 11
2 13
2 14
2 16
2 17
2 18
2 24
2 26
2 30
2 31
2 36
2 52
2 63
2 73
2 86
2 92
2 100
2 109
2 135
2 140
2 148
2 156
2 168
2 174
2 175
2 187
2 188
2 191
2 192
3 11
3 12
3 13
3 15
3 16
3 20
3 31
3 42
3 43
3 44
3 53
3 65
3 67
3 72
3 75
3 81
3 82
3 97
3 98
3 115
3 122
3 125
3 141
3 148
3 150
3 153
3 157
3 165
3 180
3 188
4 11
4 14
4 19
4 20
4 21
4 35
4 39
4 46
4 51
4 59
4 79
4 85
4 90
4 95
4 101
4 113
4 119
4 120
4 145
4 154
4 169
4 193
5 11
5 12
5 13
5 16
5 17
5 20
5 25
5 26
5 27
5 28
5 30
5 31
5 32
5 33
5 36
5 37
5 40
5 44
5 48
5 63
5 84
5 90
5 91
5 98
5 105
5 111
5 136
5 145
5 152
5 159
5 177
5 182
5 184
5 191
6 11
6 12
6 13
6 14
6 18
6 21
6 22
6 25
6 27
6 31
6 33
6 35
6 37
6 40
6 41
6 46
6 47
6 50
6 52
6 54
6 62
6 67
6 84
6 86
6 94
6 95
6 97
6 117
6 129
6 135
6 143
6 155
6 160
6 162
6 166
6 169
6 171
6 172
6 174
6 175
6 196
6 197
7 11
7 12
7 13
7 15
7 16
7 17
7 18
7 19
7 20
7 21
7 26
7 29
7 30
7 34
7 36
7 43
7 48
7 49
7 52
7 53
7 57
7 59
7 72
7 81
7 89
7 95
7 106
7 108
7 125
7 136
7 143
7 150
7 165
7 175
7 187
8 11
8 12
8 13
8 14
8 15
8 16
8 17
8 20
8 23
8 25
8 27
8 28
8 36
8 38
8 40
8 45
8 47
8 49
8 68
8 82
8 83
8 94
8 96
8 99
8 100
8 112
8 115
8 117
8 123
8 128
8 132
8 145
8 156
8 160
8 199
9 12
9 14
9 15
9 17
9 18
9 19
9 21
9 23
9 33
9 34
9 49
9 52
9 55
9 56
9 57
9 72
9 75
9 84
9 108
9 113
9 125
9 135
9 136
9 141
9 168
9 170
9 179
9 181
10 11
10 12
10 14
10 15
10 18
10 19
10 21
10 22
10 23
10 27
10 28
10 34
10 39
10 43
10 45
10 49
10 53
10 58
10 60
10 62
10 66
10 75
10 77
10 79
10 81
10 85
10 88
10 93
10 94
10 109
10 111
10 125
10 137
10 155
10 160
10 167
10 170
10 172
10 185
10 198
11 12
11 13
11 14
11 15
11 16
11 19
11 20
11 21
11 22
11 25
11 27
11 28
11 31
11 32
11 33
11 35
11 44
11 45
11 46
11 56
11 58
11 60
11 61
11 62
11 68
11 70
11 72
11 85
11 87
11 89
11 92
11 93
11 98
11 101
11 105
11 115
11 116
11 122
11 124
11 127
11 131
11 142
11 154
11 156
11 164
11 165
11 167
11 170
11 175
11 178
11 185
11 196
12 13
12 17
12 18
12 21
12 24
12 25
12 26
12 34
12 35
12 38
12 41
12 43
12 45
12 46
12 48
12 55
12 57
12 58
12 60
12 64
12 65
12 67
12 72
12 73
12 74
12 75
12 78
12 80
12 82
12 84
12 85
12 86
12 106
12 110
12 111
12 117
12 128
12 131
12 133
12 148
12 151
12 153
12 155
12 168
12 174
12 190
12 198
12 199
13 14
13 15
13 16
13 18
13 19
13 23
13 28
13 29
13 31
13 32
13 35
13 37
13 53
13 54
13 63
13 73
13 74
13 80
13 81
13 82
13 93
13 99
13 102
13 108
13 110
13 111
13 126
13 127
13 129
13 132
13 138
13 142
13 147
13 150
13 154
13 156
13 157
13 164
13 166
13 168
13 170
13 173
13 175
13 176
13 181
13 189
13 192
14 15
14 16
14 17
14 18
14 21
14 22
14 23
14 25
14 26
14 27
14 29
14 30
14 32
14 33
14 38
14 41
14 45
14 48
14 52
14 57
14 63
14 66
14 67
14 69
14 70
14 71
14 75
14 76
14 78
14 79
14 83
14 84
14 87
14 89
14 94
14 98
14 100
14 102
14 106
14 107
14 116
14 120
14 132
14 140
14 144
14 146
14 148
14 154
14 159
14 160
14 165
14 181
14 188
14 198
15 16
15 17
15 19
15 21
15 22
15 24
15 26
15 27
15 32
15 35
15 39
15 40
15 46
15 47
15 54
15 63
15 68
15 69
15 70
15 78
15 80
15 83
15 95
15 98
15 99
15 106
15 114
15 120
15 121
15 123
15 124
15 132
15 133
15 137
15 138
15 140
15 142
15 146
15 148
15 149
15 150
15 154
15 169
15 172
15 173
15 174
15 181
15 185
15 195
16 18
16 22
16 23
16 24
16 27
16 30
16 35
16 39
16 40
16 41
16 42
16 45
16 46
16 47
16 55
16 58
16 59
16 61
16 63
16 66
16 67
16 69
16 70
16 71
16 73
16 75
16 77
16 80
16 83
16 84
16 86
16 89
16 96
16 98
16 101
16 113
16 114
16 115
16 116
16 117
16 118
16 127
16 128
16 132
16 136
16 140
16 143
16 154
16 156
16 157
16 158
16 159
16 161
16 163
16 164
16 165
16 172
16 192
16 199
17 20
17 22
17 23
17 25
17 29
17 32
17 38
17 41
17 45
17 50
17 51
17 56
17 60
17 61
17 65
17 69
17 73
17 74
17 77
17 81
17 88
17 100
17 105
17 106
17 110
17 123
17 126
17 128
17 132
17 134
17 137
17 156
17 167
17 191
17 197
18 19
18 20
18 21
18 22
18 23
18 24
18 25
18 28
18 29
18 30
18 37
18 39
18 41
18 42
18 47
18 49
18 50
18 54
18 55
18 56
18 67
18 71
18 79
18 87
18 88
18 89
18 90
18 92
18 100
18 102
18 103
18 104
18 106
18 107
18 109
18 110
18 112
18 113
18 120
18 124
18 127
18 130
18 139
18 140
18 145
18 149
18 155
18 159
18 160
18 166
18 171
18 172
18 179
18 184
18 195
18 199
19 26
19 30
19 31
19 34
19 36
19 44
19 47
19 58
19 59
19 60
19 61
19 80
19 84
19 89
19 94
19 96
19 107
19 128
19 132
19 136
19 142
19 152
19 161
19 178
19 195
19 196
19 198
20 24
20 30
20 38
20 50
20 53
20 55
20 59
20 60
20 84
20 86
20 89
20 90
20 94
20 114
20 115
20 121
20 127
20 143
20 158
20 180
21 22
21 23
21 24
21 26
21 28
21 32
21 33
21 34
21 38
21 39
21 40
21 41
21 47
21 58
21 61
21 69
21 77
21 87
21 91
21 92
21 93
21 94
21 95
21 96
21 103
21 104
21 114
21 123
21 134
21 144
21 145
21 153
21 157
21 161
21 165
21 180
21 184
21 189
21 195
21 197
22 25
22 26
22 27
22 28
22 43
22 51
22 56
22 58
22 60
22 65
22 78
22 87
22 93
22 116
22 119
22 143
22 156
22 173
22 176
22 183
22 184
23 24
23 29
23 30
23 33
23 34
23 36
23 37
23 39
23 47
23 51
23 53
23 54
23 62
23 67
23 78
23 86
23 97
23 102
23 112
23 116
23 118
23 120
23 157
23 158
23 184
23 186
23 189
23 194
24 30
24 36
24 37
24 39
24 42
24 43
24 49
24 52
24 67
24 71
24 87
24 117
24 146
24 184
25 36
25 37
25 38
25 43
25 46
25 48
25 49
25 51
25 56
25 70
25 79
25 80
25 83
25 99
25 104
25 107
25 108
25 121
25 134
25 136
25 148
25 162
26 29
26 31
26 38
26 54
26 55
26 62
26 67
26 72
26 77
26 99
26 110
26 115
26 135
26 137
26 169
26 192
26 194
27 28
27 32
27 35
27 36
27 38
27 41
27 45
27 48
27 58
27 59
27 64
27 70
27 72
27 80
27 82
27 97
27 101
27 111
27 121
27 122
27 123
27 134
27 141
27 147
27 153
27 161
27 170
27 177
27 179
27 183
27 185
27 190
28 29
28 33
28 34
28 35
28 36
28 39
28 40
28 44
28 55
28 66
28 69
28 78
28 97
28 98
28 99
28 100
28 106
28 118
28 128
28 145
28 149
28 151
29 42
29 52
29 57
29 64
29 113
30 31
30 34
30 42
30 49
30 50
30 51
30 78
30 82
30 94
30 97
30 99
30 102
30 103
30 107
30 133
30 134
30 144
30 178
31 32
31 41
31 44
31 47
31 57
31 63
31 78
31 82
31 85
31 103
31 120
31 122
31 148
31 176
31 179
32 33
32 34
32 37
32 42
32 46
32 53
32 54
32 56
32 57
32 77
32 83
32 86
32 101
32 108
32 112
32 123
32 133
32 141
32 143
32 155
32 162
32 163
32 165
32 169
32 180
32 185
33 44
33 53
33 64
33 70
33 91
33 123
33 152
33 162
33 179
33 193
34 35
34 37
34 38
34 40
34 49
34 50
34 55
34 59
34 62
34 65
34 70
34 74
34 81
34 88
34 89
34 95
34 121
34 125
34 126
34 145
34 151
34 161
34 168
34 188
34 190
35 45
35 52
35 60
35 93
35 100
35 103
35 106
35 113
35 117
35 122
35 133
35 139
35 158
35 163
35 167
35 184
35 188
36 42
36 52
36 60
36 65
36 75
36 82
36 86
36 90
36 91
36 108
36 130
36 142
36 143
36 157
36 195
37 50
37 51
37 58
37 83
37 94
37 124
37 177
37 189
38 43
38 48
38 55
38 61
38 64
38 69
38 74
38 77
38 79
38 86
38 89
38 107
38 122
38 132
38 138
38 141
38 147
38 163
38 169
38 170
38 198
39 43
39 46
39 49
39 50
39 61
39 62
39 63
39 67
39 74
39 75
39 76
39 96
39 116
39 122
39 129
39 136
39 138
39 142
39 147
39 154
39 197
40 42
40 44
40 50
40 51
40 54
40 56
40 59
40 64
40 65
40 66
40 91
40 105
40 107
40 117
40 125
40 128
40 135
40 139
40 170
40 177
40 183
41 44
41 47
41 48
41 56
41 68
41 75
41 78
41 79
41 85
41 109
41 113
41 119
41 125
41 131
41 134
41 140
41 159
41 164
41 168
41 174
41 187
42 44
42 45
42 50
42 53
42 77
42 97
42 108
42 114
42 124
42 140
42 141
42 142
42 161
42 194
42 195
43 46
43 63
43 68
43 75
43 90
43 100
43 105
43 110
43 131
43 152
43 174
44 63
44 66
44 84
44 131
44 135
44 146
44 147
44 169
44 177
44 182
44 188
45 55
45 64
45 73
45 102
45 104
45 107
45 112
45 129
45 139
45 151
45 182
45 186
46 51
46 108
46 125
46 133
46 150
46 164
46 182
46 195
47 57
47 64
47 68
47 71
47 87
47 92
47 104
47 110
47 140
47 164
48 56
48 66
48 80
48 120
48 123
48 126
48 131
48 137
48 152
48 189
49 64
49 65
49 68
49 73
49 76
49 77
49 85
49 96
49 109
49 120
49 130
49 155
49 182
49 187
50 54
50 58
50 68
50 73
50 81
50 89
50 91
50 94
50 103
50 132
50 138
50 146
50 149
50 151
50 159
50 168
50 173
50 182
51 61
51 76
51 78
51 90
51 111
51 114
51 119
51 124
51 128
51 130
51 152
51 170
51 176
51 181
52 62
52 71
52 74
52 97
52 139
52 181
52 199
53 93
53 119
53 125
53 179
53 182
53 191
54 93
54 105
54 187
55 57
55 92
55 98
55 130
55 152
55 190
56 61
56 66
56 69
56 76
56 103
56 120
56 130
56 175
56 178
56 193
57 101
57 116
57 192
58 61
58 62
58 77
58 80
58 85
58 93
58 102
58 118
58 136
58 139
58 146
58 177
58 198
59 65
59 79
59 99
59 111
59 133
59 177
60 66
60 68
60 70
60 74
60 76
60 85
60 96
60 105
60 129
60 135
60 154
60 156
60 167
60 171
60 176
60 197
61 90
61 108
61 111
61 119
61 137
61 141
61 172
61 173
61 178
62 72
62 91
62 92
62 106
62 107
62 185
62 187
63 74
63 82
63 86
63 102
63 110
63 131
63 160
63 183
63 187
64 65
64 66
64 109
64 164
64 167
64 189
64 191
64 193
65 71
65 73
65 91
65 99
65 111
65 167
65 194
66 69
66 71
66 92
66 95
66 103
66 112
66 118
66 127
66 136
66 153
66 157
66 179
66 193
67 76
67 95
67 109
67 122
67 135
67 146
67 160
67 171
67 186
67 194
68 76
68 87
68 88
68 104
68 114
68 123
68 134
68 139
68 176
68 177
68 198
69 72
69 74
69 83
69 90
69 146
69 190
70 71
70 81
70 82
70 91
70 101
70 113
70 114
70 133
70 142
70 175
70 184
71 73
71 84
71 105
71 151
71 197
72 76
72 91
72 122
72 138
72 149
72 151
72 159
72 188
72 190
73 76
73 105
73 109
73 131
73 155
73 164
75 96
75 113
75 140
75 149
75 150
75 158
75 183
76 88
76 97
76 108
76 143
76 144
76 163
77 79
77 87
77 88
77 117
77 127
77 144
77 166
77 189
77 194
77 196
78 81
78 85
78 88
78 101
78 103
78 107
78 109
78 121
78 183
78 195
79 115
79 128
79 141
80 111
80 182
81 126
81 142
81 144
81 153
82 83
82 90
82 156
82 174
83 88
83 98
83 100
83 129
83 136
83 152
83 153
83 158
83 174
83 198
84 117
84 126
84 147
84 148
84 160
84 180
84 183
85 87
85 92
85 93
85 101
85 102
85 124
85 143
85 147
85 155
85 157
85 165
85 170
85 172
86 118
86 149
86 162
86 174
86 191
87 88
87 95
87 141
87 147
87 169
87 171
88 106
88 119
88 130
88 138
88 153
88 176
88 199
89 101
89 112
89 115
89 116
89 140
89 195
90 104
90 105
90 134
90 159
90 173
91 95
91 96
91 119
91 121
91 124
91 130
91 154
91 178
91 199
93 96
93 97
93 123
93 150
93 158
93 163
93 188
93 189
93 192
93 197
94 110
94 118
94 185
95 114
95 121
95 137
95 150
95 184
95 193
96 129
96 168
97 146
97 165
97 175
97 199
98 102
98 129
98 162
98 163
98 168
98 193
99 104
99 112
99 115
99 125
99 133
99 166
99 193
99 197
100 115
100 151
100 171
100 190
101 130
101 137
101 147
102 103
102 104
102 130
102 153
102 173
103 121
103 126
103 133
103 134
103 144
103 161
103 199
104 143
105 114
105 145
105 165
105 173
107 116
107 127
107 151
107 158
107 162
107 185
107 186
107 187
108 109
108 110
108 113
108 116
108 187
109 178
110 131
111 112
111 118
111 138
111 146
111 163
111 189
111 196
113 117
113 155
114 118
114 119
114 120
114 126
114 131
114 171
114 172
115 134
115 139
115 164
115 176
115 190
115 195
116 119
116 145
116 156
117 174
118 127
118 142
118 159
118 166
118 179
118 186
118 193
119 132
119 172
119 191
120 194
121 166
121 188
121 199
122 154
122 178
122 182
122 186
122 188
123 149
124 148
124 166
125 137
126 135
126 138
126 151
126 173
127 137
127 181
127 186
129 160
129 168
130 144
130 176
130 180
131 145
131 182
131 185
132 149
132 152
132 162
132 191
132 192
133 157
133 161
133 179
133 183
133 196
134 144
134 192
135 171
136 152
136 175
136 189
138 185
139 161
139 194
140 171
142 178
142 197
143 150
143 159
143 171
144 158
144 167
144 192
146 169
147 198
148 162
148 191
149 166
149 194
149 198
150 153
150 162
151 177
151 196
152 158
152 180
152 186
152 192
152 196
153 157
156 167
156 183
157 167
157 187
157 193
158 161
159 164
159 180
161 163
162 180
163 190
164 173
164 175
164 196
165 166
166 183
167 178
167 181
168 169
170 181
171 196
173 179
175 197
181 194
182 190
183 186
184 186
