0 1
0 2
0 3
0 4
0 5
0 6
0 7
0 8
0 9
0 10
0 11
0 12
0 13
0 14
0 15
0 16
0 17
0 19
0 20
0 22
0 23
0 25
0 27
0 31
0 32
0 33
0 37
0 46
0 53
0 56
0 60
0 67
0 72
0 75
0 76
0 80
0 87
0 91
0 93
0 96
0 97
0 104
0 112
0 118
0 123
0 124
0 127
0 130
0 131
0 134
0 137
0 141
0 142
0 158
0 160
0 165
0 166
0 172
0 175
0 176
0 181
0 183
0 190
1 11
1 12
1 13
1 19
1 21
1 22
1 23
1 25
1 26
1 30
1 32
1 33
1 34
1 37
1 42
1 59
1 64
1 65
1 69
1 85
1 101
1 103
1 109
1 116
1 130
1 133
1 139
1 144
1 145
1 146
1 166
1 175
2 11
2 12
2 13
2 14
2 15
2 16
2 18
2 20
2 21
2 23
2 24
2 27
2 31
2 49
2 53
2 55
2 73
2 80
2 91
2 105
2 109
2 119
2 127
2 143
2 150
2 154
2 168
2 169
2 178
2 185
2 189
2 190
3 14
3 16
3 24
3 36
3 53
3 132
3 146
3 172
3 177
3 187
4 11
4 12
4 13
4 14
4 16
4 17
4 18
4 19
4 21
4 22
4 23
4 24
4 28
4 36
4 40
4 44
4 48
4 51
4 52
4 57
4 59
4 75
4 78
4 86
4 93
4 98
4 100
4 105
4 109
4 110
4 117
4 125
4 130
4 131
4 146
4 155
4 161
4 164
4 167
4 171
4 179
4 184
5 11
5 12
5 14
5 15
5 17
5 18
5 20
5 22
5 25
5 32
5 36
5 37
5 38
5 51
5 53
5 60
5 61
5 63
5 65
5 70
5 73
5 74
5 82
5 84
5 85
5 88
5 93
5 94
5 98
5 99
5 118
5 122
5 123
5 135
5 138
5 147
5 159
5 164
5 170
5 183
5 188
5 189
5 198
5 199
6 11
6 12
6 13
6 14
6 15
6 17
6 20
6 25
6 26
6 30
6 33
6 34
6 35
6 44
6 46
6 53
6 55
6 56
6 57
6 58
6 60
6 61
6 63
6 64
6 66
6 70
6 71
6 73
6 76
6 78
6 89
6 92
6 98
6 99
6 100
6 101
6 103
6 105
6 110
6 111
6 112
6 113
6 120
6 121
6 122
6 126
6 129
6 130
6 133
6 138
6 139
6 141
6 143
6 144
6 146
6 151
6 155
6 156
6 185
6 186
6 189
6 193
6 196
7 11
7 18
7 35
7 63
7 117
8 11
8 12
8 13
8 14
8 16
8 17
8 18
8 19
8 20
8 21
8 22
8 23
8 24
8 25
8 27
8 29
8 32
8 35
8 39
8 41
8 43
8 47
8 50
8 57
8 59
8 65
8 68
8 69
8 74
8 76
8 84
8 93
8 102
8 103
8 109
8 113
8 114
8 119
8 127
8 131
8 136
8 140
8 144
8 145
8 146
8 158
8 161
8 162
8 174
8 175
8 188
8 193
9 11
9 12
9 13
9 14
9 15
9 16
9 19
9 20
9 21
9 22
9 24
9 26
9 27
9 29
9 31
9 32
9 40
9 47
9 48
9 51
9 54
9 70
9 77
9 82
9 86
9 96
9 103
9 104
9 109
9 115
9 120
9 121
9 133
9 139
9 140
9 143
9 159
9 188
10 11
10 12
10 13
10 15
10 17
10 19
10 23
10 28
10 35
10 45
10 60
10 63
10 76
10 84
10 90
10 96
10 98
10 102
10 122
10 129
10 130
10 136
10 138
10 147
10 153
10 168
10 169
10 172
10 191
10 195
11 12
11 13
11 14
11 15
11 16
11 17
11 18
11 19
11 20
11 21
11 22
11 23
11 25
11 27
11 29
11 30
11 34
11 38
11 40
11 41
11 43
11 48
11 50
11 52
11 57
11 58
11 60
11 66
11 67
11 71
11 72
11 74
11 76
11 81
11 85
11 94
11 97
11 106
11 107
11 111
11 122
11 124
11 128
11 135
11 141
11 147
11 166
11 174
11 177
11 181
11 184
11 191
12 13
12 14
12 15
12 16
12 17
12 19
12 20
12 21
12 24
12 25
12 26
12 27
12 30
12 32
12 35
12 38
12 39
12 45
12 48
12 50
12 51
12 52
12 56
12 57
12 60
12 62
12 64
12 66
12 68
12 74
12 75
12 79
12 83
12 85
12 103
12 104
12 107
12 110
12 113
12 118
12 119
12 128
12 130
12 138
12 142
12 144
12 147
12 151
12 160
12 161
12 162
12 173
12 191
12 192
12 197
12 198
13 15
13 17
13 20
13 25
13 26
13 29
13 34
13 35
13 41
13 48
13 49
13 55
13 58
13 82
13 107
13 108
13 117
13 120
13 162
13 177
13 199
14 15
14 16
14 18
14 24
14 29
14 30
14 31
14 33
14 37
14 41
14 44
14 50
14 51
14 52
14 54
14 56
14 64
14 70
14 76
14 79
14 80
14 84
14 89
14 92
14 95
14 101
14 105
14 118
14 124
14 147
14 148
14 152
14 156
14 157
14 173
14 177
14 185
14 190
15 16
15 18
15 19
15 20
15 21
15 23
15 24
15 26
15 27
15 28
15 29
15 30
15 31
15 32
15 33
15 34
15 35
15 37
15 40
15 41
15 42
15 44
15 47
15 49
15 51
15 53
15 57
15 58
15 63
15 65
15 81
15 97
15 101
15 106
15 112
15 126
15 132
15 140
15 141
15 147
15 148
15 152
15 154
15 156
15 158
15 162
15 165
15 170
15 172
15 176
15 187
15 191
15 194
16 17
16 18
16 21
16 25
16 27
16 29
16 30
16 34
16 36
16 38
16 39
16 40
16 41
16 42
16 50
16 53
16 54
16 56
16 58
16 61
16 62
16 66
16 70
16 71
16 73
16 79
16 80
16 84
16 86
16 87
16 94
16 97
16 100
16 107
16 112
16 117
16 124
16 133
16 142
16 145
16 153
16 161
16 185
16 194
17 18
17 19
17 21
17 22
17 23
17 24
17 27
17 31
17 33
17 34
17 38
17 39
17 42
17 53
17 56
17 57
17 59
17 64
17 65
17 66
17 69
17 70
17 77
17 85
17 86
17 87
17 88
17 90
17 92
17 94
17 96
17 99
17 100
17 111
17 115
17 118
17 119
17 120
17 123
17 125
17 128
17 129
17 132
17 146
17 151
17 160
17 164
17 168
17 182
17 189
17 190
17 196
18 25
18 26
18 34
18 41
18 42
18 43
18 44
18 46
18 47
18 54
18 56
18 59
18 62
18 65
18 76
18 81
18 82
18 91
18 93
18 94
18 97
18 101
18 103
18 107
18 108
18 110
18 113
18 114
18 118
18 126
18 129
18 131
18 134
18 149
18 161
18 162
18 165
18 168
19 22
19 26
19 28
19 29
19 30
19 31
19 36
19 39
19 42
19 45
19 62
19 69
19 72
19 78
19 83
19 88
19 93
19 96
19 101
19 106
19 108
19 114
19 134
19 137
19 138
19 142
19 147
19 152
19 160
19 162
19 173
19 174
19 185
19 188
20 22
20 32
20 37
20 38
20 40
20 44
20 46
20 49
20 52
20 55
20 58
20 59
20 63
20 64
20 71
20 77
20 83
20 85
20 87
20 101
20 109
20 115
20 121
20 128
20 139
20 145
20 148
20 150
20 151
20 157
20 159
20 171
20 177
20 190
21 26
21 28
21 33
21 37
21 47
21 50
21 52
21 54
21 55
21 59
21 65
21 79
21 90
21 93
21 99
21 104
21 114
21 122
21 136
21 148
21 150
21 153
21 157
21 162
21 169
21 173
21 180
22 23
22 27
22 28
22 30
22 31
22 33
22 35
22 37
22 40
22 42
22 46
22 52
22 54
22 62
22 83
22 90
22 95
22 103
22 108
22 110
22 112
22 117
22 129
22 141
22 143
22 156
22 168
22 169
22 181
22 185
22 187
23 24
23 28
23 30
23 34
23 36
23 39
23 43
23 44
23 45
23 51
23 54
23 60
23 61
23 63
23 68
23 69
23 70
23 72
23 74
23 84
23 89
23 94
23 111
23 123
23 138
23 142
23 160
23 165
23 184
23 196
24 26
24 28
24 29
24 39
24 50
24 74
24 76
24 78
24 89
24 103
24 111
24 119
24 148
24 179
24 189
24 194
25 28
25 29
25 32
25 36
25 39
25 43
25 46
25 47
25 55
25 56
25 60
25 62
25 68
25 73
25 74
25 85
25 86
25 95
25 97
25 98
25 104
25 114
25 115
25 116
25 117
25 122
25 131
25 134
25 137
25 145
25 153
25 164
25 180
25 188
26 28
26 38
26 40
26 41
26 43
26 44
26 49
26 64
26 69
26 71
26 92
26 95
26 99
26 104
26 109
26 110
26 117
26 119
26 127
26 129
26 134
26 138
26 144
26 154
26 157
26 160
26 163
26 177
26 178
26 182
26 184
26 186
26 190
27 33
27 42
27 48
27 66
27 69
27 86
27 99
27 110
27 137
27 139
27 148
27 160
27 164
27 168
27 171
27 176
27 193
27 196
28 31
28 32
28 35
28 43
28 45
28 49
28 58
28 61
28 66
28 89
28 92
28 107
28 109
28 116
28 167
28 191
28 195
29 34
29 38
29 40
29 43
29 49
29 64
29 69
29 75
29 77
29 90
29 91
29 95
29 96
29 101
29 119
29 132
29 133
29 135
29 149
29 158
29 163
29 164
29 166
29 180
29 195
30 31
30 36
30 39
30 41
30 43
30 47
30 75
30 79
30 80
30 85
30 102
30 108
30 116
30 118
30 124
30 151
30 154
30 170
30 172
30 176
30 179
30 180
30 192
31 33
31 36
31 40
31 45
31 46
31 47
31 54
31 55
31 61
31 75
31 79
31 80
31 91
31 94
31 101
31 103
31 126
31 153
31 154
31 164
31 166
31 167
31 174
31 182
32 36
32 45
32 47
32 50
32 54
32 74
32 80
32 99
32 141
32 154
32 158
32 168
32 176
32 199
33 37
33 38
33 45
33 46
33 48
33 49
33 78
33 82
33 89
33 104
33 107
33 125
33 150
33 156
33 159
33 161
33 176
33 184
33 187
33 189
33 192
34 35
34 43
34 51
34 59
34 67
34 72
34 83
34 84
34 85
34 87
34 88
34 104
34 113
34 114
34 118
34 120
34 121
34 153
34 166
34 192
34 193
35 38
35 44
35 58
35 73
35 83
35 92
35 115
35 126
35 131
35 186
35 194
35 195
36 37
36 39
36 42
36 46
36 56
36 57
36 59
36 67
36 70
36 72
36 74
36 75
36 79
36 80
36 87
36 94
36 110
36 111
36 120
36 121
36 124
36 137
36 144
36 163
36 174
36 184
37 41
37 44
37 51
37 62
37 67
37 88
37 97
37 104
37 176
37 180
38 52
38 55
38 62
38 65
38 72
38 82
38 91
38 94
38 100
38 115
38 132
38 165
39 45
39 61
39 72
39 95
39 102
39 103
39 108
39 111
39 112
39 145
39 163
39 172
40 46
40 50
40 68
40 70
40 77
40 79
40 114
40 127
40 137
40 141
41 42
41 49
41 50
41 55
41 63
41 64
41 82
41 87
41 106
41 108
41 112
41 114
41 126
41 146
41 150
41 162
41 192
42 48
42 55
42 66
42 73
42 77
42 87
42 88
42 90
42 93
42 100
42 106
42 114
42 151
42 180
42 191
42 192
43 48
43 52
43 58
43 61
43 67
43 72
43 83
43 84
43 86
43 113
43 151
43 155
43 161
43 166
43 197
44 45
44 48
44 61
44 75
44 88
44 91
44 117
44 128
44 150
44 161
44 182
45 47
45 52
45 63
45 64
45 81
45 94
45 107
45 108
45 109
45 135
45 149
45 197
45 199
46 49
46 60
46 70
46 76
46 83
46 111
46 127
46 140
46 170
46 177
46 196
46 198
47 56
47 68
47 69
47 78
47 80
47 81
47 91
47 124
47 134
47 149
47 173
47 182
47 186
48 57
48 60
48 68
48 82
48 87
48 100
48 108
48 110
48 114
48 122
48 135
48 137
48 138
48 139
48 143
48 146
48 156
48 158
49 51
49 54
49 57
49 61
49 81
49 82
49 86
49 89
49 119
49 123
49 125
49 130
49 136
49 181
49 186
49 198
50 62
50 77
50 95
50 105
50 121
50 142
50 168
50 199
51 53
51 68
51 95
51 128
51 139
51 144
51 145
51 152
51 172
51 183
52 53
52 58
52 67
52 71
52 75
52 84
52 85
52 96
52 101
52 105
52 106
52 107
52 115
52 117
52 140
52 151
52 171
52 181
52 194
53 73
53 74
53 78
53 81
53 92
53 97
53 98
53 112
53 119
53 151
53 160
53 163
53 169
53 175
53 188
53 192
53 197
54 78
54 98
54 102
54 112
54 113
54 132
54 143
54 149
55 62
55 89
55 140
56 59
56 63
56 88
56 105
56 125
56 162
57 65
57 66
57 67
57 69
57 75
57 79
57 98
57 111
57 115
57 120
57 125
57 161
57 171
57 190
57 198
58 66
58 68
58 71
58 77
58 83
58 95
58 99
58 115
58 126
58 139
58 152
58 158
58 171
58 174
58 178
58 186
58 197
59 67
59 71
59 81
59 86
59 110
59 116
59 121
59 142
59 159
59 162
59 169
59 175
59 197
60 77
60 115
60 124
60 127
60 147
60 163
60 180
60 189
61 71
61 77
61 102
61 120
61 130
61 137
61 139
61 141
61 155
61 184
62 73
62 76
62 104
62 123
62 143
62 153
62 155
62 164
62 170
62 172
62 173
62 175
62 194
62 195
63 98
63 119
63 131
63 140
63 183
63 188
63 198
64 65
64 72
64 145
64 181
65 67
65 71
65 73
65 83
65 90
65 97
65 107
65 128
65 150
65 183
65 190
66 68
66 80
66 82
66 127
66 131
66 132
66 140
66 161
66 163
66 165
66 170
66 171
66 180
66 194
66 195
67 88
67 92
67 123
67 148
67 198
68 79
68 106
68 113
68 120
68 136
68 147
68 179
68 182
68 198
69 78
69 86
69 93
69 106
69 131
69 141
69 144
69 166
69 169
69 174
69 179
69 181
69 186
70 78
70 116
70 120
70 135
70 136
70 165
70 174
71 81
71 159
71 178
71 196
72 81
72 89
72 106
72 128
72 135
73 171
74 87
74 90
74 91
74 99
74 134
74 153
74 167
74 174
74 187
75 92
75 118
75 182
76 88
76 100
76 102
76 125
76 158
76 172
76 193
77 96
77 123
77 125
77 128
77 136
77 139
77 149
77 155
77 163
77 167
77 170
78 84
78 156
78 185
78 189
79 106
79 112
79 121
80 91
80 111
80 127
80 128
80 129
80 132
80 145
80 167
80 169
80 173
81 179
81 183
83 90
83 99
83 122
83 124
83 143
83 186
84 97
84 129
84 152
84 191
85 96
85 98
85 137
85 147
85 182
86 89
86 93
86 100
86 113
86 126
86 154
86 165
86 176
87 90
87 96
87 102
87 157
87 159
87 199
88 105
88 152
88 154
88 159
89 95
89 102
89 156
89 166
90 134
90 143
90 157
90 160
90 167
90 168
90 185
90 187
90 199
91 92
91 109
91 116
91 165
92 100
92 105
92 126
92 132
93 116
93 138
93 141
93 163
94 117
94 136
94 140
94 148
94 173
94 183
95 140
95 159
95 171
96 146
96 174
97 121
97 122
98 138
98 146
98 150
98 167
98 179
98 195
99 108
99 116
99 169
99 178
100 102
100 127
100 137
101 105
101 130
101 154
101 170
102 121
102 125
102 178
102 183
103 133
104 148
105 142
105 193
106 125
106 179
107 132
107 150
107 165
108 145
108 153
108 169
109 153
110 113
110 118
110 123
110 124
110 134
110 136
110 158
110 163
110 170
110 178
111 129
111 154
111 160
112 116
113 194
114 172
115 136
115 187
116 183
117 135
117 158
117 193
118 151
118 184
119 123
119 159
120 134
120 135
120 149
120 152
121 122
121 129
121 133
121 156
121 180
121 195
122 149
122 191
123 152
123 155
123 171
123 193
124 130
124 133
124 144
124 149
124 167
125 126
125 195
126 131
126 144
126 175
126 199
127 155
128 148
128 150
129 156
129 173
129 187
129 193
130 191
130 196
130 198
131 133
131 157
132 133
132 135
132 142
132 185
134 197
135 143
135 187
136 149
136 152
136 155
136 175
136 180
136 181
137 142
137 179
137 192
137 196
138 178
138 189
138 197
139 164
139 179
139 194
140 198
142 188
145 173
145 175
146 157
147 168
147 181
147 196
149 155
150 166
150 178
150 184
150 191
150 197
153 176
153 193
154 157
155 157
155 167
155 177
155 186
156 170
156 178
156 184
159 164
159 181
161 175
161 177
163 187
163 195
164 183
164 189
164 199
167 188
169 186
170 188
172 176
172 192
172 196
173 182
173 190
174 177
174 182
174 185
174 194
178 199
184 190
185 197
188 192
