0 1
0 2
0 3
0 4
0 5
0 6
0 7
0 8
0 9
0 10
0 11
0 12
0 13
0 14
0 15
0 17
0 18
0 19
0 20
0 21
0 22
0 23
0 24
0 26
0 27
0 28
0 29
0 30
0 31
0 32
0 37
0 38
0 40
0 43
0 44
0 46
0 54
0 55
0 62
0 66
0 69
0 73
0 75
0 77
0 86
0 90
0 96
0 100
0 103
0 108
0 111
0 115
0 119
0 127
0 134
0 137
0 139
0 144
0 146
0 154
0 155
0 162
0 164
0 168
0 169
0 172
0 176
0 183
1 11
1 12
1 14
1 16
1 20
1 22
1 24
1 25
1 26
1 27
1 28
1 30
1 45
1 48
1 56
1 66
1 85
1 87
1 91
1 97
1 100
1 117
1 120
1 122
1 124
1 126
1 138
1 141
1 143
1 161
1 177
1 187
2 11
2 12
2 13
2 14
2 16
2 18
2 20
2 21
2 25
2 26
2 27
2 28
2 31
2 32
2 37
2 47
2 50
2 53
2 56
2 62
2 63
2 72
2 88
2 91
2 106
2 110
2 126
2 127
2 134
2 150
2 153
2 157
2 159
2 166
2 174
2 176
2 183
2 184
2 188
2 190
3 11
3 12
3 13
3 14
3 15
3 17
3 18
3 35
3 36
3 39
3 43
3 61
3 73
3 80
3 114
3 121
3 128
3 132
3 138
3 141
3 156
4 11
4 12
4 13
4 14
4 15
4 16
4 25
4 26
4 28
4 29
4 41
4 43
4 46
4 51
4 60
4 63
4 76
4 82
4 87
4 113
4 118
4 127
4 129
4 150
4 153
4 165
4 186
5 11
5 12
5 13
5 16
5 17
5 19
5 22
5 23
5 24
5 26
5 28
5 31
5 33
5 37
5 67
5 80
5 87
5 88
5 89
5 106
5 114
5 149
5 151
5 152
5 165
5 174
5 178
6 11
6 14
6 16
6 42
6 44
6 48
6 63
6 66
6 76
6 81
6 82
6 85
6 86
6 103
6 108
6 119
6 138
6 140
6 142
6 149
6 153
6 179
6 197
7 11
7 12
7 14
7 15
7 17
7 20
7 21
7 22
7 28
7 29
7 36
7 38
7 39
7 40
7 41
7 42
7 53
7 56
7 68
7 73
7 74
7 77
7 85
7 90
7 95
7 97
7 99
7 126
7 146
7 147
7 152
7 162
7 166
7 172
7 175
7 185
8 11
8 13
8 15
8 21
8 29
8 31
8 34
8 83
8 108
8 112
8 114
8 151
8 152
8 154
8 163
8 181
8 190
9 11
9 12
9 13
9 15
9 18
9 19
9 20
9 23
9 30
9 34
9 35
9 94
9 100
9 123
9 156
9 160
10 12
10 13
10 15
10 16
10 20
10 22
10 23
10 30
10 38
10 61
10 65
10 67
10 71
10 92
10 97
10 101
10 108
10 157
10 177
10 188
10 199
11 12
11 13
11 14
11 15
11 17
11 18
11 19
11 24
11 27
11 28
11 29
11 32
11 33
11 35
11 39
11 40
11 41
11 47
11 49
11 53
11 58
11 59
11 61
11 64
11 65
11 68
11 70
11 72
11 78
11 79
11 88
11 92
11 94
11 97
11 101
11 110
11 114
11 115
11 116
11 121
11 130
11 141
11 147
11 152
11 156
11 157
11 158
11 163
11 168
11 169
11 173
11 176
11 184
11 186
11 192
12 13
12 14
12 16
12 17
12 18
12 19
12 20
12 23
12 24
12 27
12 30
12 31
12 33
12 34
12 35
12 36
12 37
12 40
12 42
12 50
12 53
12 55
12 59
12 63
12 65
12 68
12 73
12 76
12 77
12 83
12 87
12 93
12 94
12 100
12 104
12 108
12 111
12 122
12 123
12 125
12 127
12 132
12 137
12 150
12 152
12 155
12 159
12 160
12 165
12 171
12 173
12 179
12 182
12 186
12 193
12 194
12 196
12 199
13 14
13 15
13 16
13 17
13 18
13 19
13 21
13 22
13 25
13 28
13 31
13 34
13 36
13 39
13 41
13 42
13 49
13 51
13 54
13 57
13 60
13 61
13 62
13 63
13 66
13 71
13 76
13 80
13 85
13 88
13 90
13 97
13 98
13 99
13 104
13 113
13 128
13 148
13 149
13 154
13 161
13 171
13 173
13 181
14 15
14 16
14 17
14 18
14 19
14 21
14 24
14 25
14 26
14 28
14 29
14 30
14 33
14 34
14 36
14 37
14 38
14 40
14 42
14 45
14 46
14 48
14 52
14 53
14 54
14 59
14 60
14 64
14 70
14 71
14 74
14 79
14 84
14 87
14 88
14 90
14 93
14 96
14 100
14 102
14 105
14 111
14 113
14 116
14 121
14 139
14 140
14 143
14 158
14 159
14 162
14 163
14 167
14 170
14 175
14 179
14 180
14 185
14 191
14 193
14 194
14 199
15 16
15 17
15 18
15 19
15 20
15 21
15 22
15 23
15 24
15 25
15 26
15 27
15 28
15 29
15 38
15 39
15 40
15 41
15 42
15 46
15 50
15 53
15 59
15 63
15 66
15 69
15 73
15 74
15 75
15 76
15 77
15 78
15 84
15 85
15 99
15 105
15 114
15 117
15 120
15 122
15 123
15 124
15 134
15 148
15 161
15 163
15 169
15 188
15 189
15 192
15 194
16 17
16 19
16 21
16 23
16 25
16 27
16 30
16 31
16 32
16 33
16 34
16 36
16 37
16 38
16 40
16 44
16 46
16 47
16 48
16 49
16 54
16 55
16 65
16 67
16 72
16 73
16 74
16 82
16 83
16 105
16 106
16 107
16 111
16 114
16 119
16 122
16 129
16 134
16 137
16 139
16 141
16 144
16 145
16 146
16 150
16 156
16 181
16 184
16 185
16 189
16 190
16 191
16 192
16 193
16 195
16 197
16 198
17 18
17 21
17 23
17 25
17 26
17 29
17 33
17 34
17 35
17 43
17 44
17 47
17 50
17 52
17 53
17 55
17 64
17 68
17 71
17 74
17 81
17 83
17 84
17 86
17 88
17 92
17 97
17 98
17 99
17 112
17 131
17 140
17 147
17 155
17 159
17 164
17 170
17 198
18 19
18 20
18 21
18 22
18 23
18 25
18 31
18 35
18 39
18 43
18 44
18 45
18 50
18 54
18 58
18 60
18 64
18 67
18 74
18 79
18 80
18 82
18 83
18 94
18 96
18 102
18 104
18 105
18 107
18 108
18 113
18 116
18 117
18 123
18 127
18 130
18 131
18 132
18 133
18 140
18 148
18 154
18 162
18 169
18 181
18 183
18 188
18 196
18 199
19 20
19 22
19 24
19 30
19 32
19 34
19 38
19 46
19 49
19 57
19 58
19 61
19 64
19 69
19 70
19 78
19 85
19 89
19 105
19 115
19 125
19 126
19 135
19 149
19 150
19 162
19 170
19 178
19 188
20 22
20 23
20 24
20 26
20 27
20 33
20 38
20 39
20 40
20 42
20 47
20 49
20 53
20 58
20 61
20 64
20 67
20 70
20 71
20 77
20 84
20 91
20 96
20 104
20 128
20 136
20 147
20 149
20 150
20 153
20 164
20 167
20 179
20 181
21 26
21 35
21 45
21 56
21 58
21 69
21 73
21 75
21 76
21 79
21 83
21 90
21 96
21 97
21 102
21 103
21 109
21 130
21 135
21 148
21 154
21 159
21 163
21 172
21 178
21 185
21 187
21 188
22 25
22 32
22 37
22 43
22 47
22 51
22 56
22 64
22 68
22 86
22 92
22 96
22 99
22 106
22 111
22 115
22 118
22 141
22 142
22 173
22 185
22 190
22 192
23 24
23 27
23 29
23 33
23 36
23 41
23 45
23 46
23 48
23 53
23 56
23 62
23 88
23 89
23 95
23 104
23 107
23 117
23 132
23 135
23 146
23 147
23 159
23 191
23 193
24 31
24 32
24 36
24 47
24 52
24 55
24 67
24 79
24 86
24 92
24 95
24 119
24 165
24 187
25 27
25 30
25 32
25 34
25 36
25 44
25 45
25 51
25 54
25 57
25 60
25 63
25 65
25 69
25 74
25 76
25 77
25 80
25 82
25 85
25 89
25 93
25 99
25 101
25 109
25 112
25 113
25 115
25 116
25 118
25 126
25 132
25 133
25 151
25 156
25 157
25 163
25 164
25 170
25 171
25 172
25 178
25 179
25 180
25 190
25 195
25 197
26 33
26 34
26 41
26 48
26 50
26 55
26 58
26 61
26 62
26 64
26 76
26 81
26 90
26 128
26 157
26 186
26 187
27 29
27 32
27 35
27 37
27 38
27 67
27 76
27 92
27 101
27 105
27 115
27 118
27 125
27 130
27 134
27 145
27 167
27 183
27 184
28 35
28 37
28 38
28 39
28 45
28 49
28 55
28 57
28 62
28 75
28 77
28 79
28 80
28 82
28 91
28 103
28 106
28 109
28 110
28 135
28 143
28 144
28 152
28 157
28 167
28 176
28 196
29 30
29 31
29 50
29 52
29 54
29 57
29 63
29 72
29 98
29 105
29 138
29 142
29 155
30 33
30 44
30 45
30 47
30 48
30 51
30 55
30 60
30 65
30 66
30 70
30 72
30 79
30 81
30 86
30 89
30 94
30 98
30 105
30 121
30 124
30 133
30 135
30 143
30 187
31 32
31 36
31 40
31 46
31 48
31 49
31 58
31 64
31 75
31 87
31 92
31 103
31 104
31 109
31 117
31 122
31 125
31 132
31 158
31 161
31 168
31 171
31 172
31 190
32 41
32 43
32 44
32 50
32 57
32 60
32 70
32 80
32 114
32 165
32 170
32 175
32 186
32 197
33 35
33 41
33 46
33 47
33 51
33 63
33 66
33 70
33 74
33 82
33 99
33 117
33 130
33 133
33 136
33 160
33 169
33 178
33 183
33 196
34 46
34 48
34 51
34 54
34 60
34 68
34 80
34 100
34 109
34 115
34 143
34 158
34 160
34 164
35 42
35 72
35 75
35 77
35 81
35 82
35 86
35 101
35 134
35 138
35 153
35 159
35 161
35 176
35 187
36 37
36 39
36 41
36 43
36 51
36 56
36 69
36 84
36 91
36 101
36 109
36 110
36 111
36 116
36 131
36 142
36 145
36 160
36 189
36 191
37 39
37 42
37 43
37 44
37 45
37 48
37 56
37 58
37 65
37 69
37 71
37 75
37 88
37 90
37 93
37 97
37 106
37 110
37 116
37 126
37 128
37 129
37 130
37 131
37 140
37 150
37 151
37 164
37 167
37 188
37 190
37 199
38 40
38 42
38 49
38 52
38 53
38 59
38 69
38 75
38 78
38 80
38 81
38 94
38 113
38 121
38 127
38 172
38 181
38 195
39 43
39 65
39 67
39 71
39 84
39 96
39 103
39 107
39 115
39 120
39 122
39 135
39 137
39 155
39 166
39 170
39 177
39 187
40 45
40 55
40 67
40 120
40 124
40 140
40 151
40 160
41 52
41 57
41 62
41 66
41 69
41 87
41 90
41 91
41 93
41 94
41 101
41 102
41 116
41 122
41 125
41 133
41 146
41 153
41 156
41 159
41 169
41 174
41 178
41 179
41 183
41 185
41 189
42 59
42 68
42 72
42 78
42 89
42 96
42 102
42 103
42 107
42 127
42 136
42 137
42 151
42 163
42 185
43 44
43 50
43 52
43 57
43 70
43 71
43 79
43 83
43 95
43 107
43 117
43 122
43 124
43 127
43 131
43 145
43 148
43 171
43 181
43 192
44 49
44 52
44 62
44 71
44 91
44 97
44 103
44 109
44 112
44 119
44 139
44 170
44 171
45 49
45 51
45 54
45 56
45 59
45 70
45 96
45 104
45 109
45 117
45 121
45 125
45 135
45 164
45 173
45 180
45 182
46 47
46 50
46 54
46 61
46 76
46 115
46 136
46 152
46 166
46 173
47 51
47 52
47 60
47 61
47 66
47 73
47 78
47 90
47 93
47 101
47 102
47 110
47 112
47 114
47 119
47 139
47 173
47 177
47 183
47 192
48 61
48 64
48 72
48 73
48 74
48 92
48 95
48 119
48 121
48 137
48 138
48 142
48 168
48 171
49 52
49 57
49 82
49 89
49 91
49 101
49 103
49 120
49 123
49 128
49 132
49 136
49 138
49 150
49 151
49 153
49 171
49 179
49 182
49 193
50 62
50 68
50 72
50 79
50 95
50 99
50 111
50 112
50 136
50 144
50 158
50 164
50 196
51 55
51 56
51 60
51 63
51 104
51 131
51 138
51 146
51 148
51 186
52 84
52 127
52 172
53 59
53 65
53 77
53 86
53 88
53 111
53 120
53 121
53 153
53 168
53 170
54 59
54 62
54 66
54 69
54 85
54 116
54 123
54 131
55 58
55 59
55 65
55 81
55 98
55 99
55 102
55 133
55 147
55 168
55 177
56 57
56 58
56 67
56 74
56 120
56 123
56 125
56 126
56 152
56 156
56 163
56 198
57 75
57 81
57 89
57 102
57 107
57 108
57 110
57 148
57 166
57 173
57 181
57 189
58 100
58 103
58 104
58 119
58 179
58 186
59 96
59 117
59 143
59 176
60 78
60 87
60 107
60 118
60 121
60 122
60 141
60 158
60 159
60 184
60 185
60 187
60 190
60 191
61 113
61 118
61 147
61 169
61 172
61 180
62 75
62 81
62 83
62 84
62 88
62 93
62 95
62 98
62 124
62 129
62 130
62 146
62 155
62 166
62 167
62 198
63 68
63 89
63 105
63 128
63 135
63 145
64 72
64 89
64 91
64 109
64 110
64 118
64 126
64 167
64 174
64 183
64 191
64 194
65 68
65 92
65 94
65 123
65 137
65 157
65 182
65 199
66 83
66 93
66 94
66 106
66 118
66 146
66 149
66 157
66 168
66 187
67 71
67 73
67 101
67 113
67 137
67 149
67 182
67 186
67 194
68 70
68 85
68 86
68 95
68 105
68 114
68 144
68 171
68 177
69 78
69 93
69 120
69 133
69 144
69 162
69 174
69 192
70 79
70 97
70 118
70 171
71 78
71 83
71 93
72 87
72 120
72 179
72 195
72 196
73 81
73 85
73 99
73 100
73 102
73 108
73 111
73 112
73 127
73 180
74 78
74 109
74 116
74 147
74 154
74 158
74 182
74 194
74 197
75 84
75 107
75 108
75 113
75 120
75 143
75 180
76 77
76 124
76 143
76 154
76 177
77 113
77 115
77 149
77 198
78 82
78 95
78 100
78 129
79 80
79 119
79 132
79 135
79 140
79 143
79 146
79 161
79 166
79 184
80 124
80 149
80 152
80 173
81 84
81 86
81 92
81 110
81 121
81 128
81 138
81 147
81 151
81 184
81 192
81 195
82 87
82 131
82 164
82 175
83 98
83 107
83 125
84 95
84 98
84 110
84 122
84 142
84 186
84 199
85 174
86 142
86 150
86 159
86 174
86 182
86 191
87 98
87 118
87 153
88 91
88 117
88 152
88 198
89 90
89 111
89 139
89 158
89 168
89 176
89 188
90 94
90 98
90 100
90 104
90 125
90 134
90 139
90 153
90 162
90 199
91 102
91 119
91 129
91 141
91 184
91 191
92 189
93 112
93 131
94 106
94 129
94 145
94 162
95 106
95 116
95 136
95 140
95 141
95 144
95 146
95 182
95 188
95 189
96 130
96 185
97 155
97 184
98 106
98 129
99 124
99 143
99 165
99 176
99 198
100 114
100 168
100 175
100 180
101 139
101 155
101 169
101 170
102 174
103 123
103 160
103 177
103 197
104 134
104 142
104 154
104 156
104 166
104 174
104 178
104 197
105 108
105 182
105 189
106 129
106 134
107 128
107 137
107 158
107 161
107 175
107 193
108 123
108 151
108 165
108 174
108 175
109 112
109 144
109 195
110 132
110 162
110 172
110 189
111 112
112 157
113 130
113 142
113 176
114 126
114 148
114 150
114 160
114 170
114 199
115 136
115 139
116 128
116 132
116 133
116 180
116 199
117 155
117 176
117 186
118 124
118 137
118 149
119 125
119 131
119 148
119 166
119 175
119 187
119 195
119 197
120 156
120 192
121 157
122 133
122 141
122 154
122 165
123 126
123 129
123 139
123 193
124 140
124 175
124 190
124 194
125 148
125 189
126 130
126 135
126 195
127 138
128 136
128 177
128 178
128 196
129 145
130 134
130 144
130 179
131 136
131 140
131 145
131 160
131 180
132 133
132 142
132 164
132 167
132 177
132 180
133 151
133 169
136 141
136 163
136 166
136 197
137 163
139 147
139 161
139 162
141 145
142 144
142 145
142 161
144 167
145 160
146 167
146 184
148 154
148 191
150 165
150 175
151 169
151 178
152 165
153 156
154 155
155 161
156 158
156 172
158 195
159 191
161 168
161 181
161 190
163 173
164 188
165 183
166 182
167 185
167 193
169 183
169 193
170 193
171 198
173 196
176 178
177 181
178 192
178 195
180 194
180 198
183 194
187 194
190 197
191 196
192 198
194 196
