0 1
0 2
0 3
0 4
0 5
0 6
0 7
0 8
0 9
0 10
0 11
0 12
0 13
0 14
0 16
0 17
0 18
0 19
0 20
0 21
0 22
0 23
0 27
0 28
0 30
0 31
0 32
0 34
0 38
0 42
0 43
0 44
0 46
0 47
0 53
0 57
0 62
0 65
0 66
0 68
0 69
0 73
0 79
0 80
0 81
0 82
0 88
0 89
0 91
0 93
0 96
0 97
0 104
0 111
0 112
0 118
0 119
0 124
0 125
0 126
0 130
0 132
0 137
0 140
0 142
0 143
0 149
0 159
0 163
0 164
0 166
0 167
0 175
0 180
0 188
0 190
0 193
0 194
1 11
1 12
1 14
1 16
1 19
1 21
1 25
1 29
1 37
1 44
1 57
1 73
1 103
1 104
1 109
1 120
1 123
1 140
1 151
1 195
2 12
2 13
2 15
2 17
2 19
2 23
2 25
2 26
2 27
2 32
2 33
2 34
2 37
2 57
2 58
2 68
2 75
2 92
2 101
2 107
2 123
2 143
2 146
2 155
2 159
2 168
2 174
2 175
2 196
3 11
3 12
3 13
3 15
3 16
3 17
3 21
3 22
3 35
3 45
3 48
3 59
3 61
3 77
3 84
3 92
3 105
3 122
3 139
3 156
3 171
3 173
4 11
4 12
4 13
4 14
4 15
4 16
4 18
4 19
4 20
4 23
4 27
4 30
4 35
4 36
4 38
4 39
4 40
4 42
4 48
4 66
4 95
4 98
4 104
4 106
4 118
4 121
4 125
4 138
4 143
4 166
4 168
4 172
4 176
4 192
5 11
5 13
5 14
5 15
5 17
5 50
5 53
5 81
5 104
5 129
5 141
5 191
6 11
6 12
6 15
6 18
6 20
6 22
6 24
6 26
6 28
6 30
6 31
6 32
6 36
6 37
6 38
6 41
6 50
6 51
6 52
6 56
6 75
6 86
6 89
6 96
6 99
6 102
6 103
6 105
6 115
6 142
6 148
6 157
6 168
6 176
6 186
6 187
7 11
7 12
7 13
7 14
7 16
7 18
7 20
7 21
7 25
7 32
7 41
7 45
7 46
7 49
7 54
7 59
7 64
7 74
7 87
7 98
7 121
7 124
7 136
7 139
7 141
7 151
7 169
7 193
8 11
8 12
8 13
8 17
8 20
8 21
8 24
8 25
8 31
8 40
8 45
8 46
8 48
8 49
8 50
8 61
8 63
8 64
8 77
8 83
8 94
8 95
8 98
8 101
8 112
8 122
8 135
8 139
8 145
8 155
8 158
8 169
8 185
8 186
9 11
9 12
9 14
9 15
9 16
9 17
9 23
9 33
9 40
9 48
9 52
9 56
9 58
9 68
9 84
9 85
9 94
9 108
9 127
9 137
9 143
9 157
9 160
9 184
9 191
10 11
10 13
10 14
10 15
10 16
10 17
10 20
10 22
10 23
10 27
10 28
10 29
10 34
10 40
10 42
10 64
10 70
10 83
10 90
10 91
10 95
10 107
10 118
10 119
10 122
10 131
10 141
10 158
10 188
11 12
11 13
11 14
11 16
11 18
11 20
11 23
11 26
11 27
11 28
11 29
11 31
11 34
11 36
11 37
11 40
11 41
11 42
11 43
11 53
11 55
11 60
11 71
11 80
11 81
11 83
11 84
11 90
11 91
11 95
11 99
11 106
11 107
11 113
11 119
11 120
11 150
11 156
11 159
11 164
11 171
11 176
11 182
11 189
12 13
12 14
12 15
12 16
12 17
12 19
12 20
12 21
12 22
12 23
12 24
12 25
12 31
12 35
12 36
12 37
12 43
12 44
12 48
12 51
12 53
12 54
12 59
12 61
12 70
12 71
12 75
12 76
12 78
12 79
12 80
12 92
12 95
12 97
12 98
12 100
12 101
12 106
12 109
12 111
12 112
12 115
12 120
12 123
12 126
12 129
12 130
12 133
12 145
12 152
12 153
12 161
12 162
12 170
12 171
12 184
12 186
12 187
13 14
13 15
13 17
13 18
13 19
13 20
13 21
13 22
13 23
13 26
13 27
13 30
13 36
13 38
13 46
13 50
13 51
13 52
13 56
13 59
13 63
13 64
13 67
13 68
13 72
13 74
13 76
13 79
13 81
13 83
13 89
13 100
13 102
13 103
13 109
13 119
13 131
13 132
13 133
13 136
13 137
13 150
13 153
13 158
13 159
13 163
13 165
13 172
13 174
13 185
13 188
13 190
13 191
13 192
13 197
14 15
14 16
14 17
14 18
14 19
14 22
14 24
14 27
14 29
14 33
14 35
14 39
14 40
14 41
14 48
14 51
14 52
14 53
14 56
14 57
14 60
14 62
14 66
14 67
14 68
14 71
14 75
14 76
14 78
14 84
14 85
14 88
14 100
14 102
14 108
14 116
14 118
14 126
14 135
14 136
14 140
14 145
14 154
14 161
14 169
14 172
14 177
14 178
14 179
14 180
14 185
14 199
15 18
15 20
15 21
15 24
15 26
15 27
15 29
15 33
15 34
15 35
15 36
15 37
15 41
15 42
15 46
15 55
15 60
15 64
15 65
15 68
15 72
15 74
15 76
15 82
15 83
15 102
15 107
15 113
15 117
15 118
15 120
15 141
15 143
15 154
15 155
15 158
15 167
15 172
15 176
15 179
15 182
15 191
15 195
16 18
16 19
16 21
16 22
16 23
16 24
16 28
16 30
16 32
16 33
16 34
16 35
16 36
16 39
16 41
16 43
16 47
16 60
16 73
16 75
16 82
16 85
16 86
16 88
16 108
16 115
16 119
16 123
16 127
16 128
16 130
16 131
16 134
16 139
16 140
16 150
16 158
16 181
16 194
16 198
16 199
17 18
17 19
17 24
17 25
17 26
17 28
17 29
17 30
17 31
17 32
17 33
17 35
17 37
17 39
17 42
17 47
17 56
17 59
17 75
17 77
17 84
17 86
17 102
17 105
17 124
17 128
17 130
17 132
17 133
17 144
17 152
17 154
17 157
17 165
17 173
17 178
17 181
17 187
17 197
17 198
18 19
18 21
18 22
18 25
18 28
18 30
18 31
18 33
18 34
18 46
18 47
18 49
18 52
18 54
18 58
18 60
18 75
18 79
18 81
18 82
18 99
18 104
18 111
18 120
18 134
18 135
18 140
18 159
18 163
18 171
18 199
19 22
19 24
19 25
19 29
19 32
19 34
19 35
19 38
19 45
19 48
19 51
19 57
19 71
19 78
19 82
19 92
19 93
19 94
19 97
19 98
19 102
19 112
19 114
19 115
19 117
19 126
19 139
19 141
19 145
19 147
19 152
19 170
19 196
20 23
20 25
20 27
20 28
20 33
20 38
20 46
20 47
20 48
20 53
20 60
20 61
20 64
20 65
20 66
20 73
20 74
20 77
20 79
20 80
20 81
20 90
20 91
20 99
20 110
20 113
20 129
20 141
20 147
20 157
20 162
20 177
20 194
20 195
21 24
21 25
21 27
21 28
21 31
21 35
21 39
21 42
21 43
21 44
21 53
21 61
21 65
21 84
21 96
21 100
21 123
21 124
21 128
21 155
21 159
21 162
21 166
21 169
21 195
22 26
22 41
22 43
22 55
22 63
22 66
22 70
22 72
22 77
22 80
22 84
22 99
22 104
22 119
22 132
22 133
22 156
22 157
22 158
23 24
23 26
23 29
23 30
23 31
23 38
23 39
23 46
23 47
23 54
23 61
23 71
23 77
23 78
23 91
23 95
23 97
23 100
23 111
23 123
23 127
23 131
23 134
23 141
23 151
23 157
23 163
23 168
23 169
23 172
24 26
24 28
24 30
24 39
24 40
24 43
24 44
24 47
24 54
24 56
24 62
24 74
24 77
24 81
24 86
24 93
24 94
24 105
24 108
24 126
24 131
24 133
24 134
24 136
24 137
24 138
24 139
24 144
24 151
24 193
24 196
25 26
25 32
25 44
25 49
25 50
25 51
25 53
25 67
25 70
25 78
25 83
25 87
25 88
25 89
25 94
25 104
25 108
25 134
25 150
25 154
25 182
25 190
26 29
26 33
26 35
26 37
26 43
26 44
26 55
26 59
26 65
26 69
26 87
26 90
26 97
26 98
26 100
26 102
26 106
26 116
26 117
26 122
26 125
26 138
26 143
26 154
26 178
26 188
27 36
27 38
27 39
27 51
27 55
27 57
27 60
27 62
27 76
27 96
27 114
27 117
27 121
27 127
27 128
27 133
27 140
27 144
27 154
27 165
27 190
27 196
28 29
28 30
28 31
28 39
28 48
28 52
28 54
28 69
28 70
28 73
28 83
28 84
28 88
28 93
28 103
28 116
28 123
28 155
28 161
28 181
29 32
29 40
29 41
29 45
29 46
29 47
29 48
29 49
29 51
29 53
29 56
29 67
29 70
29 90
29 91
29 93
29 94
29 95
29 105
29 108
29 112
29 121
29 134
29 135
29 137
29 144
29 148
29 156
29 160
29 167
29 178
29 187
29 196
30 34
30 39
30 40
30 50
30 54
30 55
30 71
30 74
30 80
30 98
30 103
30 118
30 146
30 148
30 178
30 188
30 189
31 32
31 33
31 37
31 38
31 40
31 50
31 54
31 56
31 59
31 60
31 64
31 66
31 78
31 82
31 85
31 89
31 96
31 107
31 110
31 112
31 137
31 139
31 165
31 168
31 181
31 185
31 191
32 37
32 41
32 59
32 79
32 85
32 127
32 145
33 34
33 36
33 38
33 44
33 63
33 65
33 69
33 91
33 94
33 132
33 151
33 158
33 178
33 183
34 42
34 45
34 46
34 49
34 55
34 57
34 65
34 70
34 96
34 116
34 124
34 125
34 136
34 142
34 149
34 156
34 157
34 162
34 166
34 170
34 175
34 189
35 36
35 41
35 42
35 51
35 58
35 64
35 65
35 67
35 69
35 72
35 89
35 91
35 92
35 110
35 113
35 144
35 145
35 168
35 170
35 176
35 192
35 197
36 44
36 50
36 61
36 65
36 72
36 79
36 86
36 94
36 103
36 104
36 108
36 116
36 130
36 170
37 44
37 50
37 55
37 56
37 57
37 58
37 59
37 65
37 70
37 72
37 78
37 83
37 85
37 97
37 107
37 119
37 130
37 143
37 151
37 152
37 153
37 157
37 158
37 164
37 178
37 184
37 199
38 42
38 43
38 45
38 47
38 58
38 59
38 62
38 63
38 67
38 68
38 80
38 91
38 92
38 102
38 115
38 125
38 126
38 148
38 167
38 169
38 184
38 186
39 45
39 62
39 66
39 68
39 72
39 76
39 77
39 89
39 101
39 109
39 121
39 153
39 162
39 173
39 187
40 49
40 58
40 78
40 87
40 95
40 99
40 101
40 102
40 116
40 125
40 127
40 149
40 152
40 155
40 163
40 172
40 180
40 191
41 43
41 45
41 49
41 52
41 62
41 80
41 96
41 136
41 163
41 179
41 198
42 45
42 51
42 52
42 69
42 72
42 115
42 164
42 166
42 171
42 176
42 183
43 53
43 54
43 58
43 61
43 62
43 63
43 86
43 100
43 101
43 114
43 115
43 142
43 152
43 176
43 182
43 184
43 197
44 47
44 50
44 57
44 58
44 63
44 64
44 70
44 71
44 84
44 86
44 89
44 92
44 100
44 103
44 116
44 152
44 182
44 193
45 49
45 55
45 56
45 71
45 76
45 77
45 78
45 93
45 107
45 109
45 133
45 145
45 160
45 176
45 189
45 190
46 66
46 67
46 75
46 80
46 81
46 83
46 116
46 120
46 128
46 145
46 166
47 52
47 86
47 87
47 98
47 100
47 114
47 124
47 145
47 187
47 195
48 49
48 60
48 61
48 66
48 85
48 88
48 90
48 95
48 106
48 107
48 113
48 122
48 124
48 141
48 142
48 157
48 162
48 180
48 184
49 62
49 114
49 125
49 128
49 146
49 149
49 177
49 183
50 52
50 54
50 58
50 60
50 67
50 73
50 76
50 91
50 97
50 126
50 141
50 163
50 174
50 182
50 191
50 193
51 63
51 72
51 73
51 92
51 105
51 114
51 142
51 153
51 182
51 198
52 61
52 63
52 70
52 71
52 79
52 86
52 96
52 111
52 147
52 154
52 174
52 182
52 186
52 190
52 194
53 55
53 73
53 74
53 75
53 76
53 118
53 136
53 149
53 155
54 76
54 85
54 87
54 88
54 100
54 117
54 130
54 168
54 188
55 57
55 73
55 78
55 87
55 92
55 98
55 107
55 146
55 150
55 155
55 157
55 167
56 63
56 127
56 153
56 156
56 160
57 62
57 69
57 73
57 82
57 103
57 104
57 116
57 166
57 192
58 148
59 74
59 90
59 101
59 122
59 145
59 166
59 185
60 67
60 68
60 117
60 124
60 125
60 129
60 133
60 175
61 67
61 82
61 106
61 121
61 123
61 136
61 148
61 159
61 164
61 189
61 194
62 114
62 124
62 139
62 148
62 159
62 160
62 177
62 185
63 64
63 66
63 72
63 74
63 89
63 93
63 99
63 122
63 126
63 128
63 142
63 143
63 183
63 199
64 85
64 96
64 119
64 132
64 135
64 147
64 153
64 161
64 179
64 183
64 186
64 197
65 81
65 84
65 90
65 97
65 135
65 161
65 184
65 190
65 198
66 68
66 69
66 75
66 87
66 92
66 102
66 111
66 118
66 121
66 126
66 142
66 158
66 159
66 164
67 69
67 71
67 131
67 149
68 69
68 83
68 97
68 136
68 150
68 160
68 196
68 197
69 90
69 93
69 137
69 150
69 177
70 88
70 97
70 104
70 105
70 106
70 111
70 120
70 128
70 129
70 138
70 160
70 167
70 169
71 88
71 113
71 114
71 138
71 146
71 170
71 176
71 186
72 74
72 94
72 168
72 173
72 198
73 82
73 93
73 106
73 108
73 113
73 162
73 164
73 168
74 82
74 87
74 95
74 99
74 106
74 109
74 110
74 130
74 155
74 185
74 192
75 77
75 79
75 101
75 105
75 110
75 113
75 125
75 131
75 141
75 153
75 160
75 181
76 81
76 87
76 140
76 142
76 146
76 165
76 178
76 186
77 80
77 85
77 89
77 110
77 127
77 133
77 180
78 79
78 112
78 114
78 124
78 137
78 156
78 177
79 86
79 88
79 99
79 118
79 120
79 135
79 148
79 160
79 169
79 193
79 194
79 199
80 94
80 106
80 117
80 134
80 144
80 177
80 180
81 90
81 96
81 109
81 110
81 179
81 194
82 99
82 115
82 175
83 174
84 112
84 134
84 138
84 149
84 152
84 163
84 182
84 185
85 115
85 122
85 138
85 146
85 165
85 196
86 108
86 117
86 119
86 126
86 175
87 115
87 121
87 150
87 162
87 192
88 93
88 121
88 122
89 132
89 151
89 179
90 98
90 112
90 173
90 180
90 197
91 117
91 133
91 187
92 117
92 118
92 149
92 171
92 173
92 193
93 130
93 173
94 109
94 110
94 127
94 130
94 151
94 159
94 161
94 180
95 110
95 129
95 134
95 149
95 153
95 167
96 109
97 105
97 123
97 154
98 101
98 107
98 132
98 161
98 170
98 179
99 101
99 111
99 123
99 128
99 132
99 147
99 175
99 190
100 103
100 111
100 122
100 129
100 131
100 165
100 177
100 190
100 195
101 112
101 167
101 172
101 179
102 103
102 120
102 137
102 138
102 167
102 180
102 198
103 105
103 129
103 152
103 172
103 186
103 189
103 190
104 108
104 109
104 111
104 135
104 181
104 183
104 184
105 129
105 131
105 135
105 146
105 192
105 195
106 158
106 188
107 110
107 114
107 134
107 136
107 140
107 175
108 119
108 121
108 144
108 183
109 113
109 127
109 128
109 132
109 140
109 147
109 178
110 113
110 138
110 143
110 147
110 148
110 171
110 175
110 188
110 199
111 116
111 151
111 163
112 120
112 139
112 156
112 164
112 199
113 150
114 147
114 151
114 160
114 174
115 129
115 148
115 181
115 198
116 195
117 146
117 179
118 161
118 188
119 146
119 153
120 139
120 161
120 198
121 165
121 167
121 170
121 193
122 125
122 131
122 143
122 166
122 179
123 144
124 135
124 137
125 154
125 173
126 142
126 189
127 152
127 164
127 165
128 193
129 166
129 171
129 181
130 169
131 174
131 175
131 180
131 185
131 199
132 161
134 171
135 149
135 184
135 194
136 138
137 140
137 154
137 174
138 144
138 147
138 170
139 144
139 147
139 164
139 177
139 181
140 174
141 185
141 196
142 163
142 191
143 162
143 181
145 170
145 177
145 189
146 156
146 168
146 173
146 183
146 197
148 192
148 194
149 150
149 165
149 191
149 196
150 182
151 183
152 174
153 155
153 196
154 176
155 156
156 173
157 169
158 178
159 187
159 189
159 197
161 162
161 187
161 199
162 171
162 172
163 192
166 172
166 186
166 192
166 193
172 194
175 183
176 184
176 187
177 189
178 191
185 188
189 195
191 195
194 198
195 197
