0 1
0 2
0 3
0 4
0 5
0 6
0 7
0 8
0 9
0 10
0 11
0 12
0 13
0 14
0 15
0 16
0 17
0 18
0 19
0 20
0 21
0 22
0 23
0 24
0 25
0 27
0 29
0 30
0 31
0 32
0 34
0 35
0 37
0 39
0 40
0 41
0 42
0 43
0 44
0 47
0 48
0 49
0 50
0 56
0 59
0 61
0 65
0 66
0 67
0 70
0 71
0 80
0 81
0 84
0 85
0 86
0 88
0 92
0 95
0 98
0 99
0 103
0 105
0 106
0 108
0 110
0 111
0 116
0 122
0 125
0 129
0 133
0 134
0 137
0 143
0 144
0 146
0 149
0 158
0 159
0 164
0 167
0 173
0 181
0 183
0 190
0 192
0 198
1 16
1 17
1 18
1 19
1 20
1 21
1 22
1 30
1 36
1 38
1 44
1 45
1 54
1 55
1 63
1 73
1 76
1 78
1 79
1 82
1 90
1 96
1 97
1 103
1 107
1 113
1 116
1 124
1 131
1 132
1 144
1 155
1 162
1 172
1 176
1 193
1 199
2 16
2 17
2 18
2 19
2 20
2 22
2 23
2 26
2 29
2 36
2 39
2 45
2 47
2 53
2 55
2 58
2 74
2 79
2 81
2 82
2 83
2 90
2 117
2 125
2 135
2 141
2 145
2 156
2 179
2 184
2 186
2 194
2 196
3 16
3 17
3 18
3 19
3 21
3 22
3 23
3 26
3 28
3 32
3 36
3 37
3 39
3 41
3 42
3 45
3 46
3 49
3 51
3 53
3 56
3 61
3 64
3 65
3 70
3 77
3 79
3 81
3 84
3 96
3 97
3 106
3 107
3 108
3 111
3 113
3 120
3 124
3 128
3 129
3 145
3 150
3 153
3 156
3 157
3 158
3 163
3 193
3 198
4 16
4 17
4 18
4 19
4 21
4 22
4 23
4 24
4 25
4 26
4 34
4 36
4 37
4 41
4 43
4 55
4 85
4 94
4 102
4 112
4 127
4 128
4 131
4 135
4 140
4 143
4 156
4 158
4 159
4 167
4 173
4 177
4 178
4 190
4 198
5 16
5 18
5 20
5 24
5 25
5 36
5 39
5 44
5 60
5 64
5 65
5 71
5 75
5 86
5 88
5 95
5 97
5 124
5 132
5 143
5 146
5 158
5 177
5 195
5 198
6 16
6 17
6 19
6 20
6 21
6 22
6 23
6 24
6 26
6 27
6 31
6 32
6 36
6 40
6 45
6 46
6 48
6 49
6 50
6 51
6 52
6 57
6 63
6 64
6 65
6 68
6 72
6 80
6 83
6 88
6 105
6 113
6 114
6 115
6 127
6 134
6 136
6 139
6 142
6 149
6 153
6 158
6 161
6 174
6 176
6 193
7 16
7 17
7 18
7 21
7 22
7 27
7 39
7 54
7 55
7 64
7 67
7 70
7 97
7 102
7 118
7 121
7 128
7 143
7 153
8 16
8 17
8 18
8 19
8 22
8 23
8 26
8 27
8 30
8 31
8 32
8 34
8 40
8 43
8 44
8 50
8 52
8 56
8 57
8 64
8 73
8 74
8 79
8 80
8 82
8 87
8 95
8 98
8 105
8 117
8 120
8 121
8 134
8 142
8 150
8 154
8 156
8 160
8 164
8 173
8 175
9 16
9 17
9 18
9 19
9 20
9 21
9 23
9 25
9 26
9 27
9 29
9 40
9 41
9 43
9 45
9 49
9 55
9 56
9 59
9 63
9 64
9 65
9 71
9 75
9 86
9 87
9 88
9 96
9 100
9 101
9 102
9 117
9 120
9 123
9 124
9 129
9 134
9 152
9 153
9 169
9 170
9 185
10 16
10 17
10 18
10 19
10 20
10 21
10 22
10 23
10 24
10 25
10 26
10 27
10 28
10 29
10 30
10 32
10 33
10 36
10 42
10 49
10 53
10 57
10 62
10 63
10 64
10 66
10 83
10 85
10 92
10 111
10 113
10 118
10 150
10 151
10 156
10 157
10 180
10 186
10 197
11 16
11 17
11 21
11 30
11 31
11 34
11 35
11 36
11 41
11 48
11 51
11 52
11 64
11 65
11 71
11 75
11 87
11 114
11 120
11 136
11 150
11 151
11 172
12 16
12 17
12 19
12 20
12 24
12 25
12 26
12 30
12 38
12 41
12 42
12 50
12 61
12 90
12 108
12 119
12 121
12 123
12 132
12 139
12 141
12 147
12 171
12 187
12 189
12 191
13 16
13 17
13 18
13 19
13 20
13 21
13 24
13 25
13 28
13 29
13 30
13 31
13 35
13 37
13 39
13 46
13 50
13 51
13 53
13 54
13 60
13 61
13 66
13 70
13 72
13 73
13 74
13 81
13 87
13 89
13 90
13 94
13 101
13 103
13 106
13 113
13 114
13 117
13 120
13 121
13 129
13 157
13 172
13 173
13 175
13 178
13 190
13 193
13 196
13 199
14 16
14 18
14 20
14 22
14 33
14 34
14 40
14 45
14 109
14 111
14 116
14 126
14 141
14 147
14 176
14 197
15 17
15 18
15 19
15 20
15 23
15 25
15 27
15 28
15 31
15 32
15 40
15 43
15 58
15 69
15 78
15 93
15 112
15 115
15 119
15 141
15 145
15 155
15 165
15 173
16 17
16 18
16 19
16 20
16 21
16 22
16 23
16 24
16 25
16 26
16 27
16 29
16 30
16 32
16 33
16 35
16 37
16 38
16 40
16 45
16 46
16 47
16 50
16 51
16 58
16 64
16 67
16 68
16 70
16 74
16 76
16 78
16 79
16 80
16 81
16 84
16 86
16 87
16 88
16 90
16 94
16 96
16 98
16 103
16 106
16 108
16 113
16 121
16 125
16 130
16 132
16 133
16 136
16 137
16 140
16 141
16 144
16 146
16 151
16 154
16 158
16 161
16 163
16 178
16 179
16 180
16 183
16 186
16 193
16 198
17 18
17 19
17 20
17 21
17 23
17 24
17 25
17 26
17 27
17 28
17 29
17 31
17 32
17 33
17 34
17 35
17 36
17 39
17 42
17 43
17 44
17 47
17 48
17 51
17 54
17 55
17 58
17 59
17 66
17 68
17 69
17 72
17 77
17 78
17 86
17 91
17 97
17 101
17 102
17 110
17 112
17 118
17 119
17 120
17 123
17 129
17 139
17 144
17 151
17 156
17 168
17 169
17 170
17 174
17 175
17 177
17 178
17 179
17 182
17 183
17 186
17 194
17 199
18 19
18 20
18 21
18 22
18 24
18 25
18 26
18 28
18 30
18 33
18 34
18 35
18 36
18 38
18 39
18 41
18 42
18 43
18 47
18 49
18 51
18 60
18 61
18 62
18 63
18 67
18 69
18 71
18 72
18 74
18 75
18 79
18 80
18 81
18 82
18 85
18 86
18 89
18 90
18 95
18 96
18 98
18 101
18 110
18 112
18 113
18 114
18 116
18 119
18 122
18 125
18 129
18 131
18 133
18 136
18 142
18 143
18 149
18 157
18 165
18 166
18 167
18 172
18 182
18 184
18 185
18 189
18 195
18 198
18 199
19 20
19 21
19 22
19 23
19 24
19 26
19 28
19 29
19 30
19 31
19 32
19 33
19 34
19 35
19 37
19 38
19 39
19 40
19 42
19 43
19 48
19 49
19 57
19 58
19 61
19 62
19 67
19 69
19 72
19 73
19 74
19 75
19 80
19 85
19 86
19 94
19 95
19 99
19 101
19 112
19 114
19 116
19 119
19 121
19 124
19 125
19 126
19 137
19 139
19 145
19 147
19 152
19 155
19 157
19 164
19 173
19 175
19 184
19 196
20 21
20 22
20 23
20 24
20 25
20 26
20 27
20 28
20 31
20 33
20 34
20 35
20 40
20 41
20 42
20 47
20 48
20 49
20 50
20 57
20 59
20 61
20 62
20 65
20 67
20 69
20 72
20 75
20 76
20 77
20 83
20 86
20 87
20 90
20 94
20 100
20 102
20 118
20 119
20 122
20 128
20 134
20 137
20 138
20 140
20 142
20 147
20 148
20 149
20 150
20 152
20 158
20 167
20 168
20 169
20 170
20 188
20 197
21 22
21 23
21 24
21 26
21 27
21 28
21 29
21 30
21 31
21 32
21 33
21 34
21 37
21 38
21 39
21 41
21 43
21 45
21 47
21 49
21 50
21 52
21 53
21 55
21 57
21 59
21 61
21 65
21 68
21 69
21 71
21 82
21 87
21 89
21 101
21 105
21 109
21 111
21 115
21 119
21 128
21 133
21 134
21 136
21 139
21 157
21 158
21 171
21 180
21 188
21 190
21 193
22 23
22 24
22 25
22 27
22 28
22 29
22 30
22 31
22 32
22 33
22 34
22 35
22 36
22 37
22 38
22 42
22 43
22 45
22 47
22 50
22 52
22 53
22 54
22 55
22 56
22 59
22 61
22 62
22 63
22 69
22 70
22 74
22 76
22 77
22 78
22 79
22 83
22 86
22 91
22 95
22 99
22 100
22 103
22 104
22 108
22 113
22 115
22 116
22 117
22 121
22 122
22 124
22 138
22 141
22 146
22 149
22 150
22 152
22 155
22 160
22 161
22 168
22 169
22 171
22 174
22 183
22 185
22 188
23 24
23 25
23 27
23 28
23 29
23 30
23 31
23 32
23 35
23 36
23 38
23 41
23 43
23 44
23 46
23 47
23 50
23 53
23 58
23 62
23 63
23 71
23 72
23 76
23 85
23 93
23 96
23 103
23 109
23 112
23 113
23 114
23 118
23 135
23 140
23 144
23 148
23 159
23 178
23 182
23 184
23 190
23 191
23 192
23 195
24 25
24 26
24 27
24 28
24 31
24 33
24 37
24 49
24 51
24 52
24 53
24 54
24 57
24 61
24 67
24 69
24 73
24 77
24 78
24 80
24 86
24 90
24 92
24 93
24 101
24 105
24 123
24 125
24 129
24 136
24 145
24 146
24 150
24 154
24 160
24 162
24 163
24 171
24 183
24 185
24 186
24 187
24 188
24 190
24 191
24 193
24 196
25 28
25 29
25 30
25 36
25 41
25 42
25 46
25 49
25 51
25 53
25 54
25 55
25 61
25 62
25 63
25 64
25 66
25 72
25 73
25 78
25 81
25 85
25 97
25 99
25 100
25 105
25 107
25 112
25 113
25 116
25 123
25 125
25 127
25 128
25 130
25 134
25 140
25 156
25 159
25 170
25 180
25 187
25 190
26 27
26 28
26 29
26 31
26 33
26 35
26 36
26 38
26 40
26 42
26 44
26 46
26 47
26 48
26 49
26 51
26 52
26 56
26 58
26 59
26 60
26 64
26 66
26 67
26 71
26 75
26 77
26 78
26 79
26 80
26 82
26 84
26 85
26 88
26 92
26 95
26 96
26 100
26 101
26 115
26 126
26 128
26 131
26 141
26 143
26 145
26 147
26 149
26 165
26 172
26 175
26 194
26 196
27 28
27 29
27 30
27 32
27 33
27 34
27 40
27 42
27 43
27 45
27 48
27 49
27 52
27 54
27 58
27 60
27 70
27 71
27 72
27 74
27 78
27 84
27 85
27 92
27 94
27 98
27 104
27 105
27 106
27 109
27 116
27 119
27 127
27 135
27 136
27 138
27 139
27 169
27 177
27 192
27 193
28 29
28 31
28 32
28 33
28 35
28 37
28 41
28 44
28 45
28 46
28 47
28 48
28 56
28 58
28 59
28 61
28 62
28 65
28 69
28 74
28 75
28 81
28 84
28 87
28 88
28 101
28 102
28 103
28 110
28 116
28 126
28 128
28 135
28 137
28 138
28 139
28 145
28 146
28 148
28 149
28 159
28 162
28 165
28 166
28 169
28 174
28 177
28 182
28 187
28 190
28 197
28 199
29 33
29 34
29 37
29 38
29 40
29 44
29 45
29 46
29 56
29 58
29 59
29 83
29 89
29 91
29 104
29 105
29 112
29 126
29 133
29 140
29 142
29 143
29 145
29 148
29 152
29 155
29 195
29 199
30 32
30 37
30 39
30 46
30 49
30 52
30 60
30 62
30 66
30 68
30 74
30 76
30 77
30 95
30 96
30 97
30 99
30 100
30 101
30 114
30 118
30 122
30 126
30 130
30 133
30 140
30 141
30 143
30 145
30 149
30 153
30 168
30 176
30 181
30 184
30 187
30 194
31 34
31 37
31 38
31 44
31 46
31 47
31 48
31 50
31 53
31 54
31 55
31 62
31 73
31 76
31 80
31 86
31 87
31 91
31 93
31 104
31 105
31 107
31 109
31 121
31 133
31 136
31 139
31 140
31 143
31 147
31 153
31 154
31 159
31 166
31 176
31 178
31 181
31 197
32 33
32 35
32 41
32 42
32 43
32 45
32 52
32 62
32 63
32 64
32 70
32 85
32 89
32 92
32 101
32 102
32 112
32 118
32 120
32 125
32 127
32 128
32 137
32 150
32 152
32 159
32 167
32 174
32 178
32 179
32 185
32 187
32 188
32 197
33 34
33 35
33 36
33 38
33 39
33 44
33 46
33 47
33 48
33 73
33 83
33 89
33 90
33 92
33 102
33 103
33 110
33 111
33 114
33 116
33 126
33 132
33 142
33 148
33 166
33 170
33 171
33 179
33 180
33 184
33 195
33 199
34 35
34 38
34 40
34 46
34 48
34 53
34 55
34 56
34 58
34 59
34 66
34 71
34 73
34 81
34 88
34 93
34 94
34 128
34 131
34 144
34 149
34 160
34 181
35 37
35 38
35 39
35 43
35 44
35 49
35 50
35 51
35 56
35 57
35 58
35 60
35 67
35 70
35 77
35 79
35 82
35 85
35 88
35 95
35 100
35 108
35 110
35 111
35 115
35 116
35 121
35 124
35 129
35 137
35 151
35 166
35 169
35 178
35 184
35 192
36 37
36 40
36 42
36 43
36 51
36 57
36 62
36 63
36 65
36 68
36 71
36 73
36 78
36 82
36 84
36 92
36 96
36 102
36 107
36 126
36 140
36 147
36 148
36 149
36 150
36 154
36 164
36 175
36 184
36 186
36 195
37 38
37 39
37 40
37 41
37 50
37 54
37 59
37 60
37 61
37 63
37 66
37 72
37 75
37 76
37 81
37 85
37 88
37 106
37 138
37 139
37 152
37 155
37 158
37 161
37 162
37 194
38 39
38 41
38 48
38 51
38 54
38 58
38 68
38 70
38 77
38 89
38 90
38 91
38 101
38 113
38 130
38 137
38 142
38 144
38 153
38 156
38 160
38 162
38 169
38 181
38 185
38 189
38 190
38 192
39 42
39 44
39 45
39 52
39 54
39 56
39 60
39 78
39 79
39 84
39 93
39 96
39 106
39 107
39 108
39 113
39 127
39 133
39 144
39 147
39 153
39 156
39 165
39 192
39 193
40 44
40 45
40 46
40 47
40 48
40 51
40 55
40 57
40 62
40 63
40 65
40 68
40 69
40 72
40 76
40 77
40 78
40 80
40 83
40 86
40 87
40 91
40 94
40 95
40 98
40 99
40 105
40 109
40 110
40 112
40 115
40 146
40 164
40 166
40 167
40 170
40 173
40 183
40 185
40 187
40 190
40 192
40 194
40 199
41 54
41 57
41 60
41 68
41 70
41 80
41 81
41 84
41 87
41 93
41 103
41 121
41 122
41 123
41 130
41 131
41 138
41 141
41 148
41 161
41 166
41 177
41 180
41 190
41 195
42 47
42 50
42 52
42 62
42 66
42 68
42 69
42 74
42 85
42 86
42 89
42 101
42 104
42 106
42 122
42 138
42 141
42 168
42 179
42 192
43 44
43 46
43 52
43 54
43 57
43 59
43 60
43 66
43 67
43 68
43 70
43 74
43 79
43 80
43 87
43 88
43 93
43 95
43 96
43 100
43 102
43 103
43 122
43 123
43 135
43 162
43 163
43 179
44 51
44 52
44 63
44 77
44 79
44 82
44 93
44 97
44 115
44 119
44 121
44 122
44 124
44 130
44 136
44 140
44 146
44 152
44 157
44 164
44 185
44 188
44 197
45 50
45 53
45 60
45 63
45 67
45 72
45 93
45 97
45 98
45 104
45 111
45 114
45 126
45 145
45 154
45 155
45 173
45 177
45 178
45 186
45 192
45 198
45 199
46 69
46 75
46 83
46 102
46 104
46 108
46 111
46 117
46 130
46 149
46 165
46 179
46 183
47 48
47 53
47 59
47 60
47 64
47 66
47 76
47 88
47 92
47 98
47 105
47 117
47 119
47 120
47 125
47 132
47 133
47 151
47 165
47 176
47 177
47 182
47 191
47 196
48 53
48 60
48 63
48 65
48 67
48 68
48 70
48 90
48 92
48 102
48 108
48 114
48 134
48 156
48 165
48 171
48 173
48 183
48 188
48 192
49 56
49 75
49 76
49 80
49 81
49 83
49 91
49 107
49 130
49 145
49 152
49 169
49 172
49 189
50 52
50 55
50 56
50 65
50 67
50 69
50 71
50 74
50 77
50 88
50 91
50 98
50 111
50 115
50 120
50 129
50 131
50 134
50 143
50 148
50 149
50 154
50 163
50 167
50 190
50 198
50 199
51 53
51 54
51 55
51 56
51 59
51 67
51 68
51 74
51 99
51 105
51 115
51 118
51 120
51 123
51 131
51 134
51 145
51 148
51 154
51 159
51 161
51 191
52 55
52 82
52 85
52 94
52 104
52 107
52 111
52 116
52 129
52 157
52 164
52 165
52 178
52 194
53 57
53 58
53 61
53 67
53 68
53 73
53 79
53 84
53 87
53 89
53 95
53 103
53 105
53 109
53 127
53 136
53 156
53 162
53 164
53 174
53 180
53 189
53 195
54 56
54 61
54 71
54 72
54 77
54 82
54 87
54 98
54 118
54 122
54 123
54 127
54 134
54 136
54 165
54 169
55 57
55 58
55 62
55 64
55 70
55 75
55 89
55 104
55 106
55 109
55 115
55 124
55 127
55 138
55 139
55 141
55 150
55 155
55 166
55 176
55 181
55 197
56 57
56 59
56 65
56 66
56 78
56 99
56 103
56 117
56 131
56 185
57 60
57 75
57 79
57 84
57 88
57 93
57 103
57 117
57 124
57 125
57 132
57 133
57 138
57 155
57 160
57 161
57 163
57 167
57 169
57 174
57 183
57 190
57 193
58 66
58 73
58 92
58 100
58 106
58 109
58 115
58 168
58 198
59 65
59 71
59 76
59 83
59 93
59 96
59 105
59 108
59 113
59 117
59 122
59 124
59 127
59 134
59 140
59 152
59 156
59 158
59 167
59 171
59 172
59 174
59 186
59 195
60 69
60 72
60 92
60 99
60 100
60 128
60 139
60 147
60 149
60 160
60 173
60 174
60 176
60 180
60 185
60 194
61 81
61 84
61 97
61 98
61 112
61 130
61 158
61 162
61 178
61 189
62 64
62 69
62 73
62 76
62 82
62 107
62 112
62 117
62 122
62 123
62 142
62 143
62 144
63 66
63 89
63 102
63 103
63 104
63 110
63 124
63 126
63 129
63 144
63 171
63 182
64 68
64 84
64 91
64 108
64 118
64 125
64 133
64 135
64 151
64 159
64 185
65 73
65 75
65 80
65 81
65 83
65 85
65 90
65 91
65 94
65 97
65 104
65 109
65 119
65 123
65 137
65 157
65 182
65 192
65 195
66 100
66 106
66 137
66 140
66 151
66 157
66 159
66 166
66 173
66 193
67 79
67 80
67 83
67 95
67 97
67 107
67 108
67 120
67 161
67 170
67 174
67 179
67 191
68 83
68 88
68 108
68 146
69 70
69 71
69 76
69 77
69 81
69 95
69 98
69 99
69 100
69 121
69 129
69 135
69 138
69 140
69 168
69 169
69 171
69 190
70 98
70 113
70 119
70 122
70 147
70 148
70 159
70 160
70 166
71 72
71 82
71 92
71 93
71 94
71 104
71 110
71 172
71 176
71 195
72 73
72 75
72 78
72 82
72 89
72 100
72 124
72 128
72 133
72 135
72 157
72 161
72 183
72 186
73 74
73 89
73 96
73 97
73 108
73 111
73 114
73 131
73 155
73 172
74 84
74 106
74 107
74 118
74 153
74 164
74 172
74 181
75 76
75 91
75 94
75 157
75 181
75 195
76 77
76 82
76 84
76 93
76 109
76 117
76 118
76 148
76 153
76 165
76 174
76 177
76 189
76 198
77 78
77 86
77 89
77 100
77 110
77 119
77 129
77 153
77 160
77 167
77 168
78 122
78 127
78 130
78 146
78 152
78 156
78 171
78 174
78 196
79 90
79 93
79 99
79 116
79 121
79 125
79 134
79 154
79 160
79 161
79 170
79 175
79 180
79 181
79 183
79 191
80 83
80 86
80 90
80 122
80 128
80 131
80 135
80 138
80 142
80 146
80 151
80 158
80 193
80 194
80 199
81 91
81 92
81 99
81 127
81 130
81 138
81 144
81 155
81 185
81 191
82 91
82 92
82 98
82 100
82 102
82 123
82 182
82 189
82 197
83 91
83 109
83 152
83 157
83 164
84 97
84 99
84 106
84 136
84 138
84 165
84 173
84 192
85 87
85 101
85 102
85 136
85 169
85 182
85 197
86 91
86 99
86 114
86 119
86 132
86 152
86 158
86 163
86 168
86 187
86 191
86 197
86 198
87 89
87 105
87 130
87 142
87 191
88 94
88 97
88 106
88 124
88 135
88 145
88 149
88 150
88 151
88 170
88 187
89 90
89 98
90 142
90 143
90 164
90 182
91 94
91 95
91 107
91 110
91 111
91 116
91 129
91 133
91 141
91 148
91 165
92 94
92 103
92 127
92 139
92 140
92 154
92 167
92 171
92 182
92 190
93 101
93 113
93 118
93 123
93 126
93 132
93 134
93 161
93 192
94 96
94 110
94 114
94 119
94 141
94 146
94 159
94 169
94 181
94 186
95 96
95 107
95 110
95 120
95 127
95 142
95 144
95 161
95 166
95 167
95 169
95 176
95 188
95 197
96 109
96 125
96 145
96 155
96 173
97 99
97 104
97 111
97 128
97 131
97 155
97 158
97 162
97 167
97 168
98 104
98 123
98 148
98 167
99 112
99 134
99 135
99 138
99 142
99 153
99 194
100 115
100 121
100 126
100 132
100 152
100 166
100 171
100 186
101 131
101 136
101 138
101 142
101 144
101 150
101 172
101 178
101 189
101 193
101 194
102 112
102 133
102 137
102 141
102 148
102 164
102 177
102 179
102 187
102 196
103 104
103 106
103 110
103 115
103 135
103 139
103 141
103 153
103 157
103 162
103 163
103 185
103 186
103 191
104 107
104 117
104 137
104 154
105 117
105 137
105 149
105 172
105 173
106 107
106 109
106 116
106 153
106 162
107 108
107 114
107 120
107 125
107 126
107 132
107 171
107 178
107 179
107 184
108 109
108 110
108 112
108 115
108 132
108 144
108 151
108 152
108 196
109 117
109 118
109 132
109 150
109 163
109 172
109 175
110 111
110 126
110 145
110 174
110 195
111 123
111 168
111 180
112 114
112 128
112 131
112 153
112 161
112 175
112 181
112 182
113 130
113 147
113 165
113 168
113 175
113 181
114 118
114 132
114 151
114 161
115 130
115 155
115 156
115 196
116 129
116 158
116 162
116 168
117 121
117 137
117 139
117 147
117 151
117 154
117 159
117 164
117 171
117 189
117 191
118 120
118 165
118 181
119 120
119 131
119 137
119 187
120 148
120 176
121 132
121 170
121 188
121 197
121 198
121 199
122 124
122 126
122 143
122 147
122 150
122 156
122 167
122 179
122 186
123 135
123 144
123 150
123 188
124 125
124 185
124 189
125 127
125 177
126 143
126 179
127 130
127 139
128 159
128 197
129 151
129 157
129 172
129 182
130 147
130 163
130 166
130 175
130 185
130 194
131 133
131 135
131 154
131 170
132 140
132 142
132 189
133 147
133 170
133 176
133 184
133 196
134 136
134 143
134 155
134 168
134 170
134 181
134 198
135 193
136 146
136 161
136 181
136 187
136 198
136 199
137 166
137 177
137 178
137 184
137 192
138 154
138 160
138 170
140 146
140 163
140 175
141 189
141 191
142 163
142 180
142 187
143 146
143 182
144 151
144 154
144 159
144 184
145 160
145 195
146 175
147 162
147 191
147 195
148 160
148 177
148 179
148 196
149 162
149 172
149 191
149 192
150 160
150 168
151 166
151 178
151 179
151 186
152 170
152 196
153 163
153 164
153 194
154 163
154 174
155 160
156 175
156 176
157 164
157 184
157 188
157 196
158 180
158 196
159 162
159 171
159 173
159 180
160 163
160 189
161 197
163 188
164 189
165 180
166 177
168 175
168 177
168 188
171 176
171 184
171 188
173 174
173 182
173 183
174 176
174 180
174 193
174 198
175 183
176 186
178 188
178 194
178 199
180 183
180 187
181 183
183 184
185 194
186 187
186 199
