0 1
0 2
0 3
0 4
0 5
0 6
0 7
0 8
0 9
0 10
0 11
0 12
0 13
0 14
0 15
0 16
0 17
0 18
0 19
0 20
0 21
0 22
0 23
0 24
0 25
0 26
0 27
0 28
0 29
0 30
0 34
0 35
0 36
0 38
0 39
0 42
0 44
0 45
0 49
0 50
0 51
0 52
0 53
0 57
0 60
0 62
0 64
0 66
0 68
0 73
0 74
0 81
0 82
0 85
0 86
0 87
0 92
0 94
0 97
0 101
0 102
0 106
0 110
0 118
0 122
0 125
0 126
0 134
0 136
0 143
0 149
0 165
0 174
0 176
0 177
0 188
0 195
1 16
1 17
1 18
1 19
1 20
1 23
1 24
1 25
1 26
1 29
1 31
1 36
1 42
1 44
1 58
1 60
1 66
1 67
1 68
1 75
1 76
1 83
1 90
1 101
1 103
1 104
1 108
1 111
1 114
1 115
1 116
1 128
1 129
1 130
1 132
1 135
1 137
1 140
1 145
1 146
1 148
1 155
1 157
1 162
1 164
1 176
1 178
1 190
1 199
2 16
2 17
2 18
2 19
2 20
2 21
2 23
2 29
2 31
2 32
2 38
2 39
2 40
2 45
2 47
2 50
2 57
2 58
2 60
2 63
2 65
2 67
2 71
2 74
2 76
2 83
2 91
2 103
2 105
2 107
2 110
2 111
2 173
2 181
2 189
3 16
3 17
3 18
3 19
3 20
3 21
3 22
3 24
3 25
3 26
3 30
3 32
3 33
3 34
3 37
3 45
3 50
3 54
3 100
3 104
3 137
3 150
3 153
3 164
3 165
3 178
3 191
3 192
3 193
3 196
4 16
4 17
4 18
4 20
4 21
4 23
4 24
4 25
4 28
4 29
4 31
4 33
4 37
4 40
4 41
4 44
4 46
4 47
4 50
4 51
4 54
4 56
4 58
4 59
4 62
4 77
4 79
4 84
4 86
4 95
4 108
4 110
4 113
4 124
4 126
4 132
4 135
4 144
4 147
4 150
4 153
4 167
4 173
4 185
4 196
4 198
5 31
6 16
6 17
6 18
6 19
6 20
6 21
6 22
6 23
6 32
6 34
6 38
6 39
6 40
6 45
6 49
6 51
6 53
6 67
6 70
6 72
6 73
6 86
6 113
6 126
6 131
6 133
6 138
6 147
6 162
6 168
6 175
6 183
6 195
7 16
7 17
7 18
7 19
7 20
7 22
7 23
7 24
7 25
7 28
7 29
7 30
7 35
7 36
7 39
7 47
7 64
7 77
7 80
7 92
7 125
7 131
7 133
7 138
7 142
7 151
7 152
7 167
7 171
7 173
7 182
8 16
8 17
8 18
8 22
8 25
8 27
8 35
8 36
8 40
8 41
8 46
8 48
8 51
8 64
8 65
8 80
8 85
8 86
8 98
8 101
8 102
8 103
8 104
8 107
8 119
8 121
8 157
8 161
8 172
8 186
8 187
9 16
9 17
9 19
9 20
9 22
9 24
9 26
9 42
9 47
9 52
9 54
9 55
9 67
9 79
9 88
9 99
9 102
9 129
9 131
9 137
9 150
9 179
9 188
10 16
10 17
10 18
10 19
10 20
10 22
10 23
10 26
10 27
10 28
10 30
10 33
10 35
10 36
10 37
10 39
10 43
10 44
10 46
10 48
10 64
10 65
10 72
10 84
10 90
10 91
10 93
10 94
10 98
10 100
10 107
10 108
10 116
10 131
10 135
10 142
10 145
10 146
10 148
10 159
10 178
10 180
10 183
10 185
10 188
10 196
11 16
11 17
11 18
11 19
11 21
11 23
11 26
11 27
11 31
11 35
11 37
11 38
11 43
11 45
11 49
11 53
11 61
11 64
11 70
11 73
11 78
11 106
11 118
11 129
11 138
11 139
11 152
11 153
11 157
11 160
11 162
11 164
11 172
11 183
11 194
12 16
12 18
12 21
12 24
12 25
12 27
12 32
12 53
12 62
12 140
12 144
12 148
12 161
12 162
12 164
12 172
13 16
13 17
13 19
13 20
13 21
13 24
13 34
13 39
13 43
13 44
13 49
13 54
13 63
13 70
13 75
13 78
13 84
13 99
13 104
13 111
13 115
13 130
13 147
13 154
13 163
13 183
13 196
14 16
14 17
14 18
14 19
14 20
14 21
14 22
14 23
14 24
14 25
14 29
14 30
14 31
14 32
14 38
14 39
14 41
14 43
14 46
14 54
14 55
14 57
14 61
14 62
14 67
14 70
14 73
14 76
14 78
14 83
14 88
14 96
14 97
14 98
14 100
14 101
14 105
14 110
14 112
14 114
14 117
14 119
14 122
14 130
14 132
14 134
14 140
14 141
14 145
14 150
14 151
14 156
14 164
14 181
14 182
14 184
15 16
15 17
15 18
15 19
15 20
15 21
15 22
15 23
15 24
15 27
15 29
15 31
15 32
15 42
15 47
15 50
15 52
15 53
15 56
15 62
15 71
15 74
15 75
15 77
15 78
15 81
15 87
15 97
15 98
15 101
15 113
15 123
15 125
15 128
15 131
15 144
15 157
15 162
15 166
15 177
15 184
15 195
16 17
16 18
16 19
16 20
16 21
16 22
16 23
16 24
16 25
16 26
16 27
16 28
16 30
16 32
16 33
16 34
16 35
16 38
16 39
16 40
16 41
16 42
16 43
16 45
16 47
16 48
16 52
16 55
16 56
16 59
16 62
16 65
16 70
16 74
16 77
16 78
16 80
16 83
16 84
16 85
16 90
16 91
16 92
16 94
16 99
16 113
16 114
16 115
16 120
16 124
16 127
16 131
16 139
16 142
16 153
16 158
16 161
16 165
16 175
16 182
16 186
16 194
16 196
16 198
17 18
17 19
17 21
17 22
17 24
17 25
17 26
17 27
17 28
17 29
17 30
17 31
17 32
17 34
17 36
17 37
17 39
17 40
17 42
17 44
17 46
17 47
17 49
17 50
17 51
17 52
17 53
17 55
17 56
17 58
17 59
17 61
17 62
17 63
17 68
17 69
17 71
17 82
17 85
17 86
17 89
17 90
17 91
17 93
17 94
17 100
17 101
17 104
17 106
17 111
17 122
17 132
17 141
17 150
17 152
17 158
17 160
17 162
17 163
17 167
17 176
17 188
17 191
17 192
17 194
18 19
18 20
18 21
18 22
18 23
18 25
18 26
18 27
18 28
18 29
18 33
18 34
18 37
18 39
18 40
18 41
18 44
18 48
18 49
18 50
18 52
18 54
18 56
18 59
18 61
18 63
18 65
18 67
18 73
18 75
18 76
18 77
18 80
18 81
18 82
18 87
18 89
18 90
18 96
18 99
18 100
18 101
18 106
18 108
18 111
18 115
18 116
18 117
18 119
18 120
18 122
18 124
18 125
18 131
18 134
18 149
18 153
18 155
18 161
18 165
18 166
18 170
18 171
18 172
18 174
18 175
18 180
18 186
19 20
19 21
19 22
19 23
19 24
19 25
19 26
19 27
19 28
19 30
19 32
19 33
19 34
19 35
19 36
19 37
19 38
19 39
19 41
19 46
19 47
19 49
19 50
19 51
19 54
19 55
19 56
19 57
19 58
19 62
19 63
19 67
19 69
19 71
19 73
19 74
19 76
19 79
19 80
19 82
19 84
19 85
19 89
19 90
19 91
19 92
19 93
19 94
19 95
19 101
19 103
19 104
19 106
19 108
19 110
19 114
19 120
19 121
19 127
19 132
19 136
19 138
19 144
19 145
19 146
19 148
19 149
19 151
19 152
19 154
19 155
19 156
19 160
19 167
19 168
19 173
19 174
19 178
19 186
19 190
19 192
19 193
19 194
20 21
20 22
20 23
20 24
20 26
20 27
20 28
20 29
20 30
20 31
20 33
20 35
20 36
20 38
20 41
20 44
20 45
20 46
20 47
20 62
20 65
20 68
20 69
20 71
20 72
20 75
20 82
20 98
20 100
20 106
20 108
20 110
20 111
20 112
20 113
20 115
20 116
20 121
20 122
20 126
20 133
20 134
20 136
20 143
20 145
20 146
20 150
20 151
20 156
20 158
20 167
20 173
20 176
20 179
20 184
20 187
20 199
21 22
21 23
21 24
21 25
21 26
21 28
21 29
21 30
21 31
21 32
21 33
21 34
21 35
21 36
21 37
21 38
21 41
21 42
21 43
21 45
21 50
21 51
21 53
21 54
21 56
21 58
21 65
21 68
21 72
21 79
21 81
21 83
21 84
21 85
21 86
21 93
21 97
21 100
21 101
21 103
21 105
21 111
21 116
21 123
21 132
21 134
21 138
21 142
21 143
21 146
21 152
21 153
21 154
21 179
21 180
21 189
21 192
21 194
21 198
21 199
22 26
22 27
22 28
22 29
22 30
22 31
22 32
22 33
22 36
22 39
22 40
22 41
22 42
22 43
22 45
22 46
22 47
22 48
22 49
22 50
22 51
22 58
22 59
22 66
22 69
22 74
22 76
22 78
22 80
22 83
22 84
22 85
22 86
22 88
22 91
22 92
22 113
22 115
22 121
22 127
22 138
22 142
22 149
22 151
22 153
22 158
22 161
22 166
22 180
22 181
22 184
22 185
22 192
23 25
23 26
23 27
23 28
23 29
23 30
23 31
23 34
23 37
23 41
23 46
23 49
23 50
23 51
23 52
23 54
23 56
23 61
23 62
23 63
23 64
23 65
23 70
23 75
23 77
23 81
23 87
23 93
23 94
23 97
23 101
23 107
23 108
23 114
23 117
23 124
23 129
23 138
23 139
23 142
23 143
23 147
23 149
23 153
23 158
23 165
23 167
23 187
23 188
23 191
23 192
23 196
23 197
24 25
24 26
24 27
24 28
24 29
24 31
24 32
24 34
24 36
24 37
24 39
24 40
24 43
24 46
24 49
24 53
24 54
24 55
24 56
24 57
24 60
24 61
24 62
24 65
24 68
24 70
24 71
24 77
24 82
24 83
24 88
24 89
24 94
24 101
24 110
24 111
24 115
24 124
24 132
24 139
24 143
24 156
24 157
24 160
24 165
24 166
24 173
24 175
24 176
24 197
25 28
25 31
25 33
25 34
25 35
25 38
25 40
25 49
25 54
25 59
25 61
25 74
25 76
25 87
25 99
25 102
25 104
25 105
25 109
25 110
25 120
25 133
25 141
25 149
25 151
25 153
25 170
25 177
25 186
25 188
25 197
26 27
26 28
26 30
26 31
26 32
26 33
26 34
26 35
26 36
26 38
26 40
26 42
26 45
26 58
26 59
26 60
26 61
26 62
26 67
26 68
26 80
26 82
26 91
26 92
26 99
26 100
26 104
26 121
26 131
26 133
26 137
26 140
26 146
26 154
26 155
26 184
26 197
27 30
27 32
27 33
27 35
27 37
27 38
27 39
27 41
27 42
27 44
27 45
27 46
27 50
27 53
27 55
27 57
27 58
27 65
27 70
27 76
27 78
27 85
27 88
27 94
27 96
27 97
27 100
27 103
27 105
27 107
27 109
27 116
27 121
27 122
27 124
27 126
27 127
27 129
27 137
27 140
27 141
27 142
27 145
27 146
27 147
27 148
27 152
27 154
27 157
27 160
27 161
27 162
27 170
27 177
27 178
27 196
27 199
28 29
28 33
28 34
28 35
28 40
28 42
28 46
28 47
28 48
28 56
28 64
28 66
28 72
28 74
28 77
28 80
28 82
28 89
28 102
28 106
28 107
28 125
28 126
28 132
28 144
28 146
28 151
28 156
28 162
28 167
28 168
28 173
28 178
28 180
28 185
28 190
28 192
29 30
29 32
29 33
29 36
29 38
29 41
29 42
29 45
29 48
29 51
29 53
29 61
29 62
29 64
29 69
29 70
29 74
29 79
29 86
29 87
29 88
29 93
29 95
29 97
29 104
29 105
29 110
29 114
29 121
29 122
29 124
29 126
29 127
29 135
29 146
29 147
29 148
29 155
29 167
29 168
29 177
29 180
29 181
29 183
29 186
29 192
29 197
30 36
30 38
30 40
30 42
30 46
30 48
30 50
30 52
30 53
30 57
30 58
30 76
30 79
30 84
30 91
30 92
30 93
30 96
30 101
30 104
30 117
30 118
30 119
30 123
30 126
30 128
30 133
30 138
30 147
30 155
30 156
30 163
30 179
30 193
30 194
30 195
30 197
30 199
31 33
31 34
31 35
31 37
31 46
31 47
31 48
31 51
31 52
31 57
31 60
31 61
31 71
31 72
31 77
31 79
31 81
31 83
31 93
31 97
31 98
31 99
31 105
31 113
31 121
31 126
31 134
31 138
31 142
31 145
31 147
31 149
31 159
31 167
31 171
31 175
31 189
31 196
31 197
32 37
32 52
32 58
32 63
32 66
32 68
32 85
32 88
32 91
32 104
32 107
32 127
32 128
32 141
32 142
32 159
32 172
32 189
33 37
33 43
33 44
33 48
33 54
33 57
33 61
33 64
33 65
33 67
33 70
33 75
33 78
33 80
33 94
33 96
33 97
33 99
33 114
33 115
33 117
33 119
33 134
33 144
33 145
33 148
33 151
33 159
33 163
33 165
33 169
33 172
33 173
33 178
33 179
33 185
34 35
34 36
34 41
34 49
34 53
34 55
34 57
34 60
34 61
34 64
34 68
34 69
34 74
34 75
34 90
34 92
34 93
34 107
34 112
34 122
34 125
34 128
34 140
34 142
34 143
34 164
34 172
34 191
34 193
34 194
35 37
35 40
35 41
35 42
35 43
35 45
35 47
35 48
35 57
35 60
35 61
35 65
35 66
35 69
35 85
35 91
35 96
35 107
35 108
35 111
35 117
35 132
35 139
35 142
35 144
35 146
35 156
35 165
35 178
35 179
35 184
35 187
35 188
35 199
36 39
36 42
36 43
36 44
36 46
36 51
36 53
36 63
36 65
36 77
36 84
36 86
36 87
36 88
36 99
36 102
36 106
36 108
36 109
36 112
36 132
36 134
36 135
36 139
36 157
36 170
36 186
36 197
36 198
37 38
37 40
37 41
37 43
37 50
37 54
37 55
37 60
37 62
37 66
37 68
37 71
37 99
37 117
37 118
37 125
37 129
37 130
37 149
37 162
37 169
37 174
37 176
37 178
37 185
37 187
37 193
37 197
38 44
38 45
38 47
38 48
38 52
38 53
38 55
38 59
38 61
38 63
38 67
38 68
38 69
38 70
38 72
38 77
38 81
38 87
38 95
38 97
38 98
38 102
38 106
38 113
38 119
38 128
38 130
38 134
38 144
38 151
38 168
38 170
38 190
38 194
38 198
39 44
39 56
39 59
39 67
39 69
39 72
39 74
39 93
39 98
39 112
39 119
39 128
39 138
39 147
39 149
39 154
39 168
39 180
39 196
40 43
40 45
40 48
40 49
40 51
40 56
40 57
40 58
40 59
40 64
40 70
40 77
40 78
40 79
40 81
40 87
40 89
40 90
40 109
40 112
40 117
40 118
40 120
40 133
40 142
40 144
40 152
40 177
41 43
41 44
41 49
41 60
41 68
41 69
41 70
41 71
41 74
41 76
41 78
41 89
41 92
41 93
41 103
41 112
41 130
41 146
41 161
41 164
41 177
41 178
41 179
41 184
41 190
42 43
42 44
42 52
42 55
42 58
42 60
42 66
42 73
42 89
42 90
42 102
42 110
42 116
42 123
42 128
42 130
42 156
42 167
42 171
42 193
43 48
43 49
43 50
43 54
43 55
43 58
43 59
43 72
43 76
43 96
43 100
43 113
43 118
43 127
43 128
43 129
43 143
43 163
43 171
43 174
43 195
44 47
44 52
44 62
44 73
44 75
44 76
44 80
44 87
44 88
44 96
44 102
44 105
44 106
44 113
44 114
44 119
44 122
44 132
44 137
44 140
44 154
44 157
44 158
44 167
44 172
44 173
44 175
44 182
44 184
44 187
44 190
45 48
45 52
45 57
45 59
45 64
45 68
45 69
45 82
45 84
45 89
45 90
45 91
45 93
45 94
45 104
45 108
45 125
45 128
45 137
45 141
45 144
45 148
45 156
45 163
45 164
45 177
45 183
45 195
46 51
46 59
46 63
46 75
46 76
46 86
46 95
46 96
46 99
46 105
46 113
46 118
46 129
46 131
46 140
46 149
46 195
46 199
47 55
47 66
47 67
47 74
47 80
47 83
47 95
47 111
47 117
47 127
47 133
47 141
47 162
47 183
48 63
48 71
48 73
48 77
48 79
48 81
48 88
48 107
48 110
48 116
48 120
48 121
48 129
48 130
48 164
48 166
48 170
48 179
48 182
48 187
48 196
48 198
49 51
49 54
49 66
49 72
49 83
49 90
49 95
49 120
49 125
49 127
49 129
49 130
49 135
49 137
49 140
49 149
49 153
49 161
49 169
49 174
49 197
49 198
49 199
50 52
50 55
50 56
50 58
50 59
50 60
50 63
50 64
50 68
50 72
50 79
50 82
50 103
50 106
50 112
50 114
50 121
50 122
50 143
50 148
50 159
50 160
50 163
50 182
50 187
51 53
51 57
51 70
51 79
51 81
51 85
51 114
51 118
51 124
51 135
51 137
51 155
51 157
51 190
52 59
52 60
52 63
52 78
52 80
52 83
52 86
52 94
52 95
52 109
52 116
52 119
52 129
52 143
52 159
52 173
52 178
52 183
52 190
53 56
53 66
53 67
53 74
53 82
53 90
53 92
53 101
53 105
53 110
53 121
53 123
53 168
53 199
54 55
54 61
54 66
54 69
54 71
54 72
54 73
54 94
54 98
54 100
54 102
54 133
54 135
54 140
54 151
54 155
54 177
54 192
55 56
55 64
55 69
55 72
55 73
55 79
55 83
55 85
55 104
55 106
55 109
55 117
55 118
55 120
55 123
55 143
55 147
55 162
55 170
55 173
55 174
55 175
55 182
55 195
56 57
56 60
56 69
56 71
56 72
56 79
56 86
56 87
56 92
56 97
56 99
56 108
56 111
56 120
56 137
56 141
56 151
56 152
56 161
56 164
56 171
56 180
56 185
56 191
57 60
57 63
57 65
57 66
57 67
57 72
57 73
57 77
57 85
57 86
57 87
57 92
57 107
57 113
57 136
57 148
57 155
57 157
57 172
57 176
57 192
57 193
58 63
58 73
58 89
58 94
58 99
58 101
58 106
58 108
58 119
58 120
58 124
58 125
58 137
58 138
58 143
58 151
58 154
58 155
58 156
58 158
58 178
58 182
58 197
59 65
59 66
59 73
59 99
59 103
59 114
59 148
59 163
59 185
59 191
60 69
60 71
60 83
60 109
60 129
60 137
60 151
60 160
60 162
60 176
60 180
60 187
60 194
60 199
61 67
61 76
61 86
61 94
61 96
61 98
61 109
61 114
61 119
61 121
61 147
61 164
61 169
62 64
62 68
62 101
62 103
62 108
62 135
62 141
62 150
62 187
62 189
62 192
63 75
63 78
63 98
63 100
63 109
63 112
63 116
63 131
63 136
63 147
63 155
63 159
63 160
63 169
63 172
63 183
63 186
63 187
64 79
64 88
64 89
64 122
64 130
64 135
64 146
64 153
64 161
64 166
64 169
64 171
64 184
65 66
65 75
65 90
65 95
65 116
65 118
65 123
65 125
65 126
65 155
65 168
66 71
66 78
66 81
66 84
66 85
66 87
66 91
66 109
66 112
66 113
66 131
66 152
66 176
66 190
67 75
67 81
67 82
67 84
67 88
67 102
67 105
67 116
67 118
67 123
67 195
68 74
68 77
68 78
68 82
68 84
68 85
68 86
68 91
68 97
68 98
68 105
68 120
68 122
68 126
68 130
68 136
68 138
68 145
68 148
68 149
68 161
68 164
68 170
68 174
68 176
68 190
68 191
68 193
68 195
69 70
69 76
69 83
69 84
69 92
69 93
69 96
69 97
69 105
69 107
69 117
69 122
69 124
69 139
69 143
69 145
69 150
69 176
69 180
69 186
70 71
70 75
70 78
70 91
70 95
70 107
70 113
70 115
70 165
70 166
70 171
70 175
70 191
71 75
71 125
71 129
71 133
71 138
71 154
71 155
71 177
71 181
72 73
72 80
72 104
72 110
72 117
72 124
72 126
72 144
72 147
72 166
72 174
72 181
72 188
72 198
73 80
73 108
73 110
73 119
73 133
73 150
73 159
73 163
73 168
73 188
74 79
74 89
74 95
74 104
74 126
74 139
74 144
74 150
74 152
74 186
74 195
75 80
75 88
75 117
75 150
75 160
75 189
76 81
76 95
76 96
76 100
76 103
76 107
76 123
76 166
76 185
76 186
77 81
77 87
77 103
77 118
77 142
77 177
78 81
78 90
78 95
78 102
78 118
78 131
78 137
78 139
78 145
78 163
79 96
79 123
79 135
79 136
79 158
79 169
79 194
80 82
80 84
80 89
80 92
80 102
80 112
80 127
80 129
80 175
80 181
81 82
81 83
81 93
81 111
81 115
81 127
81 132
81 136
81 155
81 158
82 87
82 89
82 91
82 92
82 96
82 105
82 111
82 112
82 115
82 120
82 125
82 130
82 132
82 133
82 157
82 158
82 169
82 174
82 175
82 180
82 193
83 109
83 134
83 177
83 182
83 196
84 88
84 100
84 115
84 116
84 139
84 145
84 170
84 172
84 175
85 109
85 115
85 122
85 134
85 185
86 90
86 98
86 102
86 107
86 110
86 179
86 180
87 88
87 97
87 117
87 136
87 164
87 166
87 181
87 199
88 89
88 103
88 118
88 131
88 150
89 119
89 128
89 163
89 165
89 169
90 95
90 100
90 109
90 137
90 166
90 172
90 188
91 93
91 94
91 95
91 98
91 99
91 102
91 106
91 119
91 123
91 128
91 163
91 185
91 196
92 96
92 97
92 109
92 114
92 118
92 123
92 135
92 143
92 170
92 175
93 113
93 121
93 124
93 128
93 142
93 146
93 172
93 189
93 191
94 114
94 141
94 154
95 115
95 127
95 138
95 154
95 160
95 166
95 176
95 177
95 181
95 186
95 190
95 195
96 112
96 130
96 133
96 135
96 179
96 189
96 193
96 199
97 98
97 103
97 123
97 177
97 187
97 192
98 111
98 120
98 126
98 134
98 146
98 152
98 180
98 182
99 106
99 116
99 122
99 140
99 154
99 174
99 181
99 189
100 108
100 109
100 115
100 121
100 125
100 134
100 142
100 156
100 170
100 181
101 103
101 111
101 117
101 130
101 136
101 139
101 151
101 159
101 165
101 174
101 183
102 134
102 145
102 150
102 154
102 158
102 159
102 169
102 175
102 197
103 105
103 131
103 132
103 160
103 161
103 171
103 174
103 190
103 193
103 194
104 112
104 120
104 121
104 127
104 131
104 140
104 149
104 159
104 192
104 193
105 141
105 150
105 176
105 193
105 195
105 198
106 124
106 132
106 139
106 150
106 153
106 157
106 174
106 186
106 191
107 126
107 136
107 184
108 136
108 147
108 148
108 154
109 116
109 119
109 120
109 135
109 171
109 173
110 112
110 136
110 177
110 188
111 129
111 160
111 189
112 140
112 167
112 190
113 114
113 123
113 134
113 139
113 145
113 169
113 171
114 127
114 130
114 140
114 181
114 183
115 127
115 139
115 178
115 185
116 125
116 128
116 136
116 140
116 149
116 162
116 182
117 123
117 141
117 152
117 169
117 170
118 161
118 168
118 169
118 183
119 124
119 135
119 155
119 182
120 124
120 137
120 141
120 158
120 165
120 168
120 170
120 171
120 195
121 143
121 149
121 170
121 181
122 138
122 144
122 175
122 184
123 141
123 146
123 152
123 182
123 183
123 184
123 187
124 141
124 159
124 171
124 175
124 184
124 198
125 144
125 174
125 180
125 197
126 128
126 133
126 157
126 159
126 183
126 184
127 148
127 154
127 171
127 191
128 151
128 190
129 133
129 136
129 139
129 152
129 162
129 163
129 173
129 199
130 159
130 165
130 170
130 197
131 195
132 153
132 162
132 178
132 182
132 191
133 148
133 172
133 179
134 143
134 153
134 179
135 156
135 160
135 168
136 161
136 186
136 196
136 198
137 158
138 163
138 173
138 179
139 144
139 147
139 156
139 178
140 158
140 159
140 160
140 168
140 182
140 192
140 194
142 160
142 167
142 169
142 185
143 145
143 152
143 164
143 166
143 184
144 156
144 185
144 188
144 191
145 166
145 176
145 189
145 194
147 181
147 188
147 189
147 196
147 199
148 164
149 153
149 156
149 163
149 172
149 183
149 185
150 165
150 167
151 169
151 179
151 189
151 193
152 157
153 157
156 158
156 165
156 168
156 198
157 180
157 188
157 198
158 167
160 161
160 176
160 194
161 171
162 166
162 190
162 191
163 189
165 187
166 168
166 199
167 188
167 192
171 179
171 191
172 173
172 187
174 186
179 181
179 196
182 193
185 189
185 197
191 194
192 198
194 198
