0 1
0 2
0 3
0 4
0 5
0 6
0 7
0 8
0 9
0 10
0 11
0 12
0 13
0 14
0 15
0 16
0 17
0 18
0 20
0 23
0 24
0 25
0 26
0 27
0 29
0 34
0 35
0 37
0 39
0 44
0 45
0 50
0 52
0 54
0 55
0 58
0 68
0 71
0 74
0 77
0 82
0 83
0 95
0 98
0 104
0 110
0 118
0 134
0 141
0 146
0 151
0 154
0 155
0 162
0 165
0 166
0 176
0 181
0 187
0 189
0 193
1 11
1 12
1 13
1 16
1 31
1 47
1 60
1 74
1 88
1 95
1 118
1 140
1 156
1 173
2 11
2 12
2 13
2 14
2 15
2 16
2 17
2 18
2 19
2 21
2 22
2 24
2 26
2 27
2 28
2 29
2 30
2 32
2 37
2 39
2 40
2 50
2 52
2 54
2 57
2 64
2 69
2 86
2 90
2 96
2 98
2 100
2 101
2 126
2 131
2 142
2 144
2 149
2 158
2 163
2 169
2 174
2 192
2 196
3 11
3 12
3 14
3 15
3 18
3 22
3 27
3 34
3 51
3 61
3 64
3 76
3 85
3 115
3 134
3 158
3 182
3 187
4 11
4 12
4 13
4 18
4 19
4 23
4 40
4 44
4 48
4 60
4 67
4 106
4 111
4 148
4 176
4 177
4 178
4 179
5 11
5 12
5 13
5 14
5 15
5 16
5 18
5 19
5 20
5 23
5 29
5 33
5 35
5 38
5 44
5 47
5 58
5 92
5 99
5 117
5 128
5 129
5 130
5 139
5 154
5 164
5 170
5 188
5 190
6 13
6 15
6 16
6 17
6 22
6 27
6 28
6 30
6 36
6 40
6 48
6 79
6 103
6 104
6 117
6 120
6 130
6 135
6 137
6 142
6 182
6 186
6 191
7 11
7 12
7 13
7 14
7 20
7 23
7 34
7 47
7 54
7 57
7 59
7 71
7 72
7 77
7 79
7 87
7 90
7 111
7 119
7 165
7 195
8 11
8 13
8 17
8 19
8 26
8 27
8 38
8 46
8 53
8 54
8 58
8 60
8 66
8 75
8 79
8 82
8 94
8 100
8 103
8 120
8 123
8 130
8 139
8 145
8 175
8 180
8 182
8 184
9 11
9 12
9 13
9 14
9 17
9 19
9 20
9 21
9 24
9 28
9 31
9 35
9 37
9 50
9 97
9 99
9 107
9 109
9 114
9 121
9 137
9 180
9 189
10 11
10 12
10 14
10 15
10 19
10 27
10 30
10 34
10 39
10 52
10 62
10 66
10 67
10 79
10 86
10 89
10 110
10 113
10 114
10 120
10 135
10 141
10 143
10 153
10 157
10 168
11 12
11 13
11 14
11 15
11 16
11 17
11 18
11 20
11 21
11 23
11 24
11 25
11 26
11 30
11 31
11 32
11 34
11 36
11 40
11 41
11 42
11 43
11 45
11 47
11 49
11 53
11 54
11 55
11 56
11 57
11 67
11 73
11 78
11 81
11 84
11 85
11 88
11 90
11 93
11 95
11 108
11 109
11 117
11 120
11 125
11 126
11 128
11 129
11 134
11 150
11 154
11 157
11 161
11 162
11 164
11 171
11 177
11 182
11 185
11 186
11 188
11 189
11 194
11 195
11 197
12 14
12 15
12 16
12 19
12 20
12 22
12 23
12 24
12 25
12 28
12 29
12 30
12 33
12 37
12 39
12 41
12 42
12 43
12 45
12 47
12 49
12 50
12 51
12 52
12 59
12 66
12 74
12 76
12 80
12 83
12 84
12 87
12 91
12 104
12 105
12 108
12 110
12 114
12 116
12 117
12 120
12 123
12 135
12 139
12 150
12 151
12 152
12 159
12 177
12 195
12 199
13 14
13 15
13 16
13 17
13 18
13 20
13 21
13 22
13 24
13 25
13 31
13 36
13 37
13 38
13 39
13 40
13 41
13 42
13 46
13 49
13 50
13 51
13 56
13 59
13 61
13 63
13 66
13 68
13 73
13 77
13 81
13 84
13 86
13 88
13 93
13 96
13 101
13 103
13 105
13 108
13 112
13 114
13 133
13 136
13 137
13 139
13 144
13 145
13 147
13 149
13 150
13 153
13 161
13 163
13 164
13 169
13 177
13 183
14 15
14 16
14 17
14 18
14 19
14 21
14 22
14 25
14 27
14 28
14 29
14 31
14 33
14 35
14 38
14 40
14 41
14 42
14 43
14 48
14 49
14 57
14 58
14 59
14 64
14 66
14 69
14 80
14 81
14 82
14 83
14 87
14 88
14 92
14 93
14 94
14 101
14 104
14 105
14 106
14 109
14 111
14 112
14 120
14 122
14 130
14 146
14 148
14 155
14 161
14 165
14 174
14 175
14 178
14 182
14 196
14 197
15 16
15 17
15 18
15 19
15 20
15 21
15 22
15 25
15 36
15 41
15 42
15 43
15 46
15 50
15 53
15 57
15 63
15 68
15 74
15 75
15 82
15 95
15 101
15 118
15 124
15 157
15 179
15 181
15 186
15 197
16 17
16 19
16 21
16 22
16 27
16 29
16 30
16 32
16 33
16 35
16 36
16 44
16 53
16 55
16 64
16 65
16 67
16 72
16 74
16 86
16 87
16 90
16 91
16 92
16 94
16 99
16 102
16 111
16 121
16 122
16 123
16 124
16 130
16 131
16 133
16 134
16 143
16 144
16 145
16 150
16 168
16 173
16 189
16 192
16 195
16 196
17 18
17 20
17 21
17 22
17 25
17 28
17 30
17 32
17 33
17 34
17 36
17 42
17 43
17 47
17 48
17 60
17 62
17 63
17 70
17 76
17 81
17 88
17 89
17 95
17 102
17 108
17 110
17 124
17 125
17 126
17 138
17 160
17 161
17 168
17 170
17 179
17 180
17 188
17 191
17 195
18 20
18 21
18 23
18 26
18 42
18 44
18 50
18 51
18 55
18 61
18 68
18 76
18 82
18 93
18 100
18 107
18 117
18 118
18 119
18 127
18 145
18 152
18 168
18 169
18 175
18 182
18 194
18 199
19 21
19 23
19 24
19 26
19 28
19 29
19 35
19 36
19 38
19 42
19 43
19 46
19 48
19 50
19 51
19 55
19 57
19 58
19 59
19 65
19 69
19 72
19 73
19 77
19 80
19 82
19 92
19 97
19 103
19 112
19 113
19 120
19 129
19 133
19 135
19 142
19 149
19 172
19 176
19 187
19 189
19 190
19 198
19 199
20 22
20 23
20 24
20 25
20 26
20 29
20 30
20 32
20 35
20 36
20 37
20 38
20 43
20 46
20 48
20 52
20 53
20 54
20 58
20 59
20 65
20 70
20 71
20 72
20 73
20 76
20 78
20 81
20 83
20 87
20 96
20 104
20 108
20 116
20 118
20 130
20 136
20 138
20 149
20 153
20 155
20 167
20 171
20 176
20 177
20 182
21 23
21 24
21 26
21 27
21 28
21 29
21 31
21 32
21 35
21 36
21 40
21 42
21 43
21 62
21 65
21 70
21 71
21 73
21 75
21 76
21 77
21 80
21 84
21 85
21 89
21 93
21 94
21 95
21 96
21 98
21 101
21 108
21 130
21 136
21 138
21 140
21 142
21 147
21 148
21 153
21 155
21 164
21 177
21 191
22 24
22 25
22 26
22 33
22 38
22 53
22 56
22 57
22 68
22 69
22 70
22 78
22 80
22 84
22 100
22 108
22 119
22 123
22 130
22 131
22 141
22 151
22 157
22 168
22 171
22 191
23 25
23 26
23 27
23 30
23 31
23 32
23 40
23 46
23 51
23 55
23 57
23 62
23 75
23 80
23 88
23 91
23 93
23 100
23 101
23 112
23 114
23 118
23 126
23 128
23 134
23 140
23 142
23 150
23 158
23 168
23 175
23 185
24 38
24 39
24 40
24 41
24 49
24 53
24 67
24 93
24 98
24 103
24 110
24 142
24 176
25 28
25 29
25 33
25 43
25 45
25 62
25 65
25 67
25 70
25 71
25 113
25 122
25 126
25 129
25 139
25 144
25 176
25 194
25 195
25 199
26 30
26 31
26 32
26 38
26 44
26 49
26 56
26 60
26 61
26 68
26 69
26 76
26 77
26 78
26 88
26 89
26 105
26 112
26 114
26 121
26 126
26 147
26 161
26 163
26 178
26 183
26 186
26 187
26 193
27 28
27 34
27 36
27 39
27 44
27 53
27 55
27 56
27 62
27 71
27 78
27 91
27 100
27 113
27 120
27 123
27 135
27 144
27 152
27 154
27 166
27 169
27 174
27 183
27 185
27 191
27 194
28 31
28 32
28 33
28 34
28 41
28 46
28 52
28 54
28 61
28 68
28 69
28 81
28 95
28 107
28 109
28 117
28 123
28 138
28 160
28 173
28 177
28 184
28 185
28 189
28 196
28 199
29 31
29 33
29 37
29 41
29 53
29 56
29 57
29 59
29 63
29 75
29 78
29 81
29 89
29 96
29 99
29 105
29 106
29 111
29 112
29 126
29 127
29 133
29 140
29 141
29 143
29 146
29 154
29 158
29 159
29 173
29 174
29 181
29 187
29 198
30 34
30 39
30 41
30 46
30 48
30 59
30 60
30 63
30 64
30 76
30 77
30 79
30 84
30 88
30 90
30 101
30 111
30 117
30 121
30 131
30 132
30 137
30 145
30 148
30 155
30 156
30 159
30 168
30 171
30 179
30 195
30 196
31 32
31 33
31 39
31 43
31 45
31 47
31 53
31 60
31 64
31 65
31 69
31 78
31 79
31 84
31 97
31 109
31 117
31 132
31 167
31 173
31 174
31 180
31 186
32 34
32 37
32 46
32 47
32 48
32 60
32 73
32 92
32 110
32 118
32 123
32 125
32 126
32 129
32 144
32 146
32 190
32 194
33 35
33 39
33 40
33 45
33 61
33 62
33 63
33 73
33 84
33 85
33 92
33 107
33 110
33 114
33 116
33 122
33 128
33 132
33 147
33 151
33 176
33 183
33 185
33 193
34 35
34 42
34 45
34 49
34 52
34 84
34 105
34 119
34 123
34 129
34 141
34 148
34 163
34 170
34 171
34 196
35 37
35 44
35 45
35 47
35 49
35 58
35 61
35 70
35 73
35 76
35 87
35 94
35 98
35 102
35 120
35 124
35 131
35 132
35 143
35 145
35 183
35 192
36 37
36 38
36 45
36 47
36 49
36 51
36 54
36 55
36 67
36 70
36 72
36 94
36 96
36 102
36 106
36 110
36 111
36 114
36 119
36 130
36 134
36 138
36 139
36 176
36 180
36 196
37 48
37 50
37 54
37 56
37 74
37 83
37 96
37 102
37 106
37 109
37 117
37 128
37 175
37 183
37 184
37 194
38 41
38 44
38 45
38 52
38 55
38 59
38 64
38 66
38 71
38 90
38 98
38 101
38 114
38 115
38 126
38 129
38 141
38 163
38 166
38 172
39 44
39 51
39 52
39 55
39 64
39 67
39 72
39 82
39 89
39 92
39 97
39 99
39 100
39 105
39 111
39 115
39 146
39 150
39 151
39 154
39 166
39 191
40 51
40 63
40 78
40 83
40 91
40 110
40 116
40 127
40 137
40 164
40 199
41 61
41 71
41 81
41 156
41 191
41 198
42 51
42 56
42 57
42 66
42 72
42 83
42 85
42 94
42 96
42 97
42 102
42 124
42 125
42 134
42 136
42 137
42 143
42 162
42 190
43 56
43 61
43 68
43 80
43 86
43 96
43 100
43 106
43 107
43 133
43 140
43 144
43 146
43 150
43 152
43 155
43 170
43 179
43 194
44 48
44 49
44 50
44 63
44 65
44 69
44 73
44 81
44 90
44 91
44 93
44 103
44 110
44 115
44 119
44 128
44 140
44 143
44 151
44 156
44 190
44 192
44 199
45 46
45 52
45 63
45 67
45 79
45 87
45 96
45 102
45 122
45 147
45 160
45 171
45 177
46 58
46 75
46 95
46 123
46 133
46 197
47 72
47 77
47 104
47 114
47 133
47 147
47 153
47 158
47 180
47 195
48 60
48 62
48 64
48 82
48 91
48 124
48 147
48 148
48 160
48 169
48 170
48 173
48 174
48 179
48 197
49 59
49 62
49 66
49 67
49 72
49 75
49 83
49 91
49 122
49 172
49 189
49 192
50 66
50 70
50 78
50 85
50 102
50 127
50 135
50 167
50 174
50 175
50 198
51 70
51 72
51 77
51 80
51 87
51 89
51 97
51 109
51 122
51 124
51 142
51 159
51 161
51 171
51 194
52 54
52 56
52 58
52 60
52 61
52 71
52 76
52 94
52 107
52 124
52 147
52 163
52 167
52 172
52 175
52 176
52 185
52 192
53 69
53 90
53 91
53 128
53 197
54 65
54 71
54 93
54 97
54 101
54 166
54 169
54 184
55 64
55 75
55 77
55 86
55 90
55 91
55 92
55 101
55 126
55 132
55 141
55 152
55 156
55 193
55 197
56 58
56 62
56 68
56 70
56 73
56 84
56 94
56 104
56 119
56 125
56 136
56 149
56 153
56 181
56 182
57 65
57 74
57 85
57 86
57 90
57 99
57 100
57 106
57 120
57 142
57 146
57 158
57 173
57 186
57 194
58 83
58 98
58 106
58 131
58 171
58 183
59 83
59 88
59 115
59 131
59 135
59 170
59 190
60 68
60 80
60 81
60 95
60 124
60 129
60 132
60 140
60 145
60 153
60 155
60 159
60 193
61 63
61 65
61 66
61 78
61 79
61 99
61 121
61 128
61 134
61 136
61 157
61 165
61 169
61 181
62 98
62 104
62 118
62 119
62 132
62 149
62 164
62 178
62 190
63 148
64 89
64 104
64 178
65 88
65 100
65 118
65 122
65 166
65 174
65 198
66 74
66 85
66 113
66 139
66 154
67 69
67 74
67 79
67 85
67 119
67 125
67 172
67 183
68 74
68 75
68 82
68 87
68 111
68 123
68 158
69 82
69 113
69 139
69 156
69 178
69 187
70 99
70 128
70 141
70 151
70 152
70 167
70 168
70 178
70 190
70 197
70 198
71 80
71 87
71 103
71 153
71 192
72 108
72 129
72 156
73 75
73 116
73 125
73 131
73 140
73 157
73 158
73 167
73 175
74 116
74 149
74 159
75 86
75 107
75 156
75 178
75 181
75 197
76 92
76 102
76 137
76 167
77 79
77 86
77 89
77 97
77 105
77 121
77 154
77 159
77 191
78 85
78 105
78 113
78 115
78 124
78 127
78 135
78 145
78 153
78 159
78 183
79 89
79 99
79 139
79 162
79 165
79 170
80 86
80 102
80 127
80 137
81 98
81 99
81 105
81 122
81 132
81 177
82 129
83 115
83 148
84 92
84 106
84 133
84 143
84 159
84 172
85 103
85 109
85 112
85 118
85 162
85 177
86 97
86 109
86 111
86 115
86 116
86 138
86 157
87 107
87 137
87 157
87 162
87 182
87 195
88 95
88 113
88 194
89 133
89 136
89 138
89 160
90 94
90 115
90 125
90 128
90 173
91 98
91 115
91 170
91 171
92 93
92 103
92 106
92 108
92 112
92 127
92 147
92 154
92 161
92 179
92 184
93 97
93 131
93 134
93 137
93 142
93 144
94 103
94 116
94 125
94 148
94 156
94 158
94 188
95 113
95 121
95 138
95 155
95 160
96 107
96 122
96 144
96 152
96 155
97 104
97 127
97 138
97 148
97 149
97 171
98 139
98 181
98 187
98 188
98 192
99 132
100 107
100 108
100 112
100 125
100 174
100 179
100 184
100 189
101 140
101 150
101 157
101 162
101 179
101 198
102 109
102 113
102 116
102 121
102 136
102 166
102 175
102 193
103 140
103 146
104 121
104 167
104 182
105 136
105 150
105 167
106 119
106 134
106 143
106 199
107 132
107 152
107 165
107 175
107 184
107 196
108 143
108 185
108 188
109 141
109 147
109 162
109 176
110 112
110 116
110 121
110 160
110 163
110 168
110 185
111 163
111 167
111 174
112 117
112 133
112 166
112 185
112 193
113 127
113 138
114 150
114 170
115 154
115 189
116 143
116 170
116 183
116 195
117 193
118 145
119 127
119 130
119 151
119 160
119 163
120 136
120 146
120 151
120 162
120 164
121 146
121 161
121 165
122 158
122 164
122 186
123 161
123 169
123 185
124 188
124 191
124 196
124 198
125 131
125 135
125 165
125 187
127 169
128 142
128 153
130 149
130 172
131 135
131 149
131 166
131 178
132 161
132 163
133 141
133 144
134 152
134 157
134 160
134 172
134 181
134 187
134 189
136 198
137 151
137 172
138 145
139 165
139 168
141 164
141 166
141 192
142 173
143 156
143 159
145 152
145 188
146 160
147 184
147 186
150 172
151 155
151 180
152 165
153 190
154 164
154 191
156 162
156 192
160 184
162 169
162 173
163 179
163 180
166 181
166 187
167 180
169 199
170 178
170 196
173 184
173 186
176 180
176 181
176 193
176 197
178 188
181 193
182 190
184 186
187 188
193 198
197 199
