0 1
0 2
0 3
0 4
0 5
0 6
0 7
0 8
0 9
0 10
0 11
0 12
0 13
0 14
0 15
0 16
0 17
0 18
0 20
0 21
0 22
0 23
0 25
0 27
0 29
0 32
0 33
0 35
0 37
0 38
0 39
0 41
0 43
0 52
0 59
0 62
0 70
0 73
0 74
0 78
0 88
0 89
0 90
0 92
0 93
0 96
0 99
0 102
0 103
0 104
0 111
0 114
0 118
0 121
0 123
0 125
0 127
0 132
0 135
0 137
0 146
0 149
0 152
0 154
0 155
0 156
0 168
0 171
0 175
0 183
0 190
0 197
0 198
1 11
1 12
1 13
1 14
1 15
1 16
1 18
1 21
1 22
1 24
1 28
1 30
1 33
1 34
1 36
1 42
1 47
1 48
1 51
1 55
1 67
1 70
1 75
1 79
1 85
1 91
1 92
1 98
1 112
1 114
1 128
1 134
1 138
1 152
1 153
1 158
1 165
1 176
1 180
1 187
1 188
1 195
1 197
2 11
2 12
2 13
2 15
2 17
2 18
2 23
2 24
2 26
2 31
2 32
2 33
2 49
2 51
2 84
2 96
2 101
2 102
2 109
2 118
2 119
2 141
2 142
2 162
2 170
2 171
2 198
3 11
3 13
3 14
3 16
3 17
3 18
3 21
3 24
3 28
3 29
3 31
3 32
3 35
3 38
3 42
3 43
3 49
3 51
3 54
3 57
3 65
3 68
3 74
3 78
3 86
3 88
3 95
3 97
3 100
3 106
3 108
3 121
3 148
3 150
3 151
3 153
3 156
3 159
3 164
3 179
3 197
4 11
4 12
4 13
4 14
4 15
4 16
4 19
4 21
4 27
4 34
4 40
4 46
4 53
4 55
4 60
4 66
4 69
4 75
4 89
4 90
4 92
4 103
4 109
4 110
4 115
4 131
4 138
4 180
4 191
4 197
5 11
5 12
5 14
5 19
5 22
5 30
5 34
5 56
5 77
5 80
5 84
5 95
5 111
6 11
6 12
6 13
6 15
6 16
6 17
6 19
6 20
6 21
6 22
6 23
6 25
6 26
6 27
6 31
6 35
6 42
6 44
6 55
6 58
6 61
6 64
6 67
6 71
6 72
6 83
6 87
6 90
6 91
6 96
6 100
6 105
6 107
6 115
6 126
6 128
6 155
6 158
6 166
6 167
6 168
6 175
6 179
6 184
7 13
7 18
7 19
7 28
7 51
7 159
7 160
7 187
7 199
8 11
8 12
8 14
8 15
8 16
8 19
8 20
8 22
8 26
8 32
8 36
8 40
8 45
8 49
8 52
8 56
8 57
8 66
8 70
8 75
8 79
8 82
8 91
8 95
8 109
8 120
8 148
8 169
8 171
8 178
8 187
8 193
9 11
9 12
9 14
9 15
9 17
9 19
9 21
9 23
9 27
9 29
9 42
9 70
9 72
9 73
9 76
9 78
9 82
9 96
9 115
9 126
9 132
9 143
9 163
9 166
9 170
10 11
10 12
10 13
10 17
10 18
10 19
10 20
10 22
10 25
10 28
10 29
10 31
10 33
10 37
10 54
10 56
10 64
10 82
10 91
10 95
10 104
10 116
10 119
10 160
10 188
10 198
11 12
11 13
11 14
11 15
11 16
11 17
11 18
11 22
11 26
11 31
11 37
11 39
11 48
11 52
11 60
11 63
11 64
11 65
11 66
11 67
11 68
11 76
11 77
11 81
11 82
11 86
11 88
11 92
11 98
11 105
11 106
11 109
11 116
11 120
11 121
11 122
11 123
11 127
11 130
11 133
11 134
11 135
11 136
11 146
11 149
11 154
11 159
11 162
11 165
11 170
11 171
11 172
11 180
11 185
11 186
11 189
11 192
11 195
11 196
12 13
12 14
12 15
12 16
12 17
12 18
12 20
12 21
12 25
12 26
12 29
12 31
12 34
12 39
12 44
12 45
12 46
12 47
12 52
12 56
12 58
12 62
12 63
12 71
12 76
12 78
12 80
12 86
12 88
12 93
12 98
12 99
12 101
12 107
12 119
12 120
12 122
12 124
12 127
12 136
12 138
12 155
12 157
12 160
12 164
12 171
12 172
12 175
12 187
12 190
12 196
13 14
13 15
13 19
13 20
13 21
13 23
13 24
13 26
13 29
13 30
13 34
13 36
13 40
13 41
13 46
13 48
13 49
13 54
13 57
13 60
13 64
13 74
13 87
13 92
13 94
13 104
13 112
13 113
13 120
13 121
13 122
13 125
13 132
13 140
13 150
13 152
13 160
13 161
13 168
13 169
13 183
13 190
13 194
13 197
13 199
14 16
14 18
14 19
14 20
14 23
14 24
14 26
14 29
14 30
14 32
14 33
14 37
14 38
14 39
14 43
14 45
14 46
14 48
14 49
14 51
14 65
14 69
14 72
14 74
14 80
14 81
14 83
14 85
14 87
14 92
14 96
14 97
14 100
14 101
14 103
14 104
14 105
14 110
14 111
14 116
14 117
14 120
14 126
14 129
14 131
14 134
14 139
14 148
14 157
14 164
14 172
14 174
14 175
14 183
14 191
15 16
15 17
15 18
15 19
15 20
15 22
15 23
15 24
15 25
15 27
15 28
15 29
15 32
15 35
15 39
15 40
15 41
15 44
15 45
15 48
15 49
15 53
15 55
15 56
15 58
15 59
15 64
15 67
15 68
15 69
15 72
15 73
15 75
15 80
15 81
15 88
15 89
15 96
15 99
15 100
15 103
15 107
15 112
15 115
15 117
15 119
15 120
15 127
15 130
15 137
15 138
15 154
15 155
15 175
15 191
15 196
16 17
16 21
16 22
16 23
16 24
16 30
16 31
16 32
16 33
16 38
16 41
16 43
16 44
16 47
16 50
16 53
16 57
16 58
16 59
16 64
16 65
16 68
16 75
16 79
16 83
16 85
16 89
16 106
16 117
16 162
16 169
16 171
16 176
16 193
16 194
17 20
17 23
17 24
17 26
17 27
17 28
17 30
17 38
17 40
17 43
17 46
17 47
17 49
17 50
17 58
17 59
17 76
17 77
17 78
17 83
17 91
17 94
17 96
17 97
17 101
17 102
17 104
17 108
17 111
17 118
17 156
17 159
17 166
17 178
17 181
17 184
18 25
18 40
18 41
18 51
18 52
18 53
18 76
18 101
18 105
18 115
18 125
18 128
18 143
18 144
18 153
18 163
18 169
18 176
18 192
19 20
19 22
19 23
19 27
19 29
19 35
19 36
19 39
19 41
19 46
19 53
19 58
19 61
19 62
19 63
19 65
19 67
19 86
19 91
19 93
19 94
19 97
19 98
19 101
19 103
19 109
19 115
19 118
19 138
19 141
19 142
19 148
19 150
19 151
19 154
19 156
19 162
19 172
19 176
19 182
19 183
19 184
20 21
20 28
20 30
20 36
20 44
20 48
20 50
20 64
20 69
20 70
20 84
20 85
20 105
20 123
20 140
20 144
20 158
20 175
20 177
20 182
20 189
20 192
21 25
21 33
21 34
21 35
21 41
21 43
21 50
21 53
21 55
21 64
21 72
21 79
21 82
21 83
21 107
21 129
21 150
21 151
21 169
21 176
22 24
22 25
22 28
22 30
22 31
22 32
22 33
22 34
22 37
22 47
22 52
22 54
22 65
22 66
22 79
22 80
22 87
22 89
22 90
22 94
22 95
22 112
22 120
22 128
22 135
22 141
22 147
22 151
22 154
22 177
22 179
22 188
23 24
23 25
23 26
23 27
23 28
23 33
23 36
23 42
23 44
23 51
23 57
23 65
23 74
23 75
23 78
23 81
23 85
23 98
23 108
23 110
23 144
23 154
23 191
23 197
24 25
24 34
24 37
24 44
24 60
24 65
24 68
24 70
24 71
24 73
24 80
24 82
24 85
24 90
24 95
24 99
24 100
24 101
24 102
24 106
24 108
24 109
24 113
24 114
24 117
24 132
24 136
24 147
24 151
24 166
24 170
24 173
24 195
24 199
25 26
25 27
25 29
25 31
25 32
25 34
25 37
25 38
25 40
25 48
25 55
25 66
25 68
25 71
25 72
25 88
25 93
25 96
25 110
25 124
25 132
25 148
25 153
25 159
25 182
25 199
26 27
26 28
26 30
26 32
26 34
26 37
26 38
26 41
26 42
26 43
26 44
26 48
26 49
26 50
26 51
26 57
26 58
26 59
26 60
26 62
26 63
26 65
26 68
26 71
26 74
26 77
26 79
26 80
26 83
26 86
26 92
26 99
26 105
26 111
26 114
26 116
26 124
26 137
26 149
26 165
26 169
26 186
26 189
26 195
27 35
27 36
27 40
27 50
27 53
27 54
27 60
27 64
27 67
27 90
27 94
27 98
27 102
27 107
27 108
27 110
27 113
27 124
27 129
27 140
27 142
27 147
27 157
27 164
27 173
27 179
27 189
27 192
28 30
28 35
28 39
28 40
28 43
28 45
28 53
28 60
28 61
28 70
28 74
28 92
28 102
28 111
28 113
28 126
28 128
28 132
28 139
28 144
28 145
28 157
29 31
29 33
29 38
29 42
29 48
29 54
29 59
29 67
29 68
29 86
29 88
29 93
29 123
29 137
29 139
29 141
29 188
30 35
30 38
30 50
30 61
30 179
30 189
31 35
31 36
31 37
31 39
31 41
31 44
31 45
31 56
31 59
31 64
31 66
31 109
31 115
31 133
31 139
31 153
31 157
31 185
32 36
32 39
32 42
32 47
32 60
32 61
32 67
32 84
32 86
32 104
32 105
32 118
32 134
32 157
32 160
32 192
33 38
33 42
33 46
33 50
33 63
33 77
33 78
33 80
33 89
33 98
33 110
33 123
33 125
33 137
33 145
33 148
33 152
33 157
33 168
33 174
34 40
34 41
34 42
34 47
34 55
34 56
34 59
34 62
34 70
34 73
34 76
34 77
34 114
34 124
34 132
34 134
34 136
34 149
34 152
34 194
35 36
35 45
35 46
35 51
35 54
35 57
35 61
35 62
35 68
35 75
35 80
35 82
35 84
35 87
35 95
35 109
35 120
35 125
35 138
35 159
35 161
35 162
35 166
35 170
35 184
35 186
35 191
35 199
36 37
36 39
36 52
36 61
36 63
36 65
36 83
36 89
36 97
36 102
36 106
36 108
36 111
36 141
36 156
36 164
36 167
36 183
36 194
36 199
37 45
37 47
37 49
37 57
37 59
37 67
37 73
37 75
37 77
37 85
37 87
37 94
37 102
37 121
37 130
37 133
37 139
37 153
37 173
37 182
37 183
37 188
37 192
38 43
38 45
38 54
38 55
38 85
38 93
38 100
38 106
38 131
38 160
38 166
38 180
39 47
39 50
39 60
39 93
39 112
39 164
39 167
39 172
39 178
39 184
40 53
40 63
40 70
40 73
40 84
40 100
40 110
40 115
40 117
40 135
40 147
40 151
40 163
40 190
40 193
41 43
41 45
41 46
41 49
41 52
41 62
41 63
41 71
41 73
41 76
41 79
41 103
41 108
41 124
41 128
41 136
41 146
41 167
41 185
41 191
42 44
42 52
42 58
42 59
42 63
42 77
42 89
42 100
42 107
42 115
42 117
42 124
42 129
42 130
42 146
42 187
42 198
43 46
43 54
43 56
43 74
43 76
43 81
43 92
43 112
43 121
43 130
43 135
43 141
43 145
43 148
43 150
43 152
43 158
43 159
43 186
43 188
43 193
44 55
44 58
44 69
44 72
44 73
44 75
44 103
44 117
44 129
44 139
44 145
44 155
44 166
44 179
45 47
45 48
45 54
45 57
45 68
45 69
45 77
45 83
45 91
45 106
45 107
45 126
45 131
45 143
45 146
45 163
45 173
45 184
46 69
46 121
46 162
46 171
46 175
47 51
47 52
47 74
47 81
47 105
47 123
47 134
47 157
48 53
48 62
48 70
48 140
48 146
48 160
48 167
49 50
49 66
49 99
49 186
50 56
50 75
50 94
50 101
50 134
50 156
50 165
50 185
51 66
51 71
51 87
51 99
51 101
51 104
51 121
51 122
51 140
51 144
51 173
51 194
52 55
52 56
52 72
52 89
52 104
52 112
52 163
52 178
53 79
53 82
53 84
53 90
53 108
53 112
53 119
53 120
53 126
53 140
53 142
53 197
54 58
54 61
54 97
54 111
54 116
54 123
54 127
54 161
54 165
54 189
54 190
55 61
55 81
55 82
55 97
55 103
55 115
55 121
55 195
56 57
56 66
56 89
56 92
56 114
56 116
56 122
56 125
56 144
56 171
56 174
56 177
57 62
57 69
57 76
57 80
57 84
57 94
57 97
57 98
57 100
57 113
57 133
57 149
57 174
57 181
58 71
58 78
58 102
58 121
58 187
59 60
59 63
59 66
59 74
59 77
59 96
59 106
59 118
59 122
59 134
59 145
59 149
59 166
59 179
59 189
60 61
60 62
60 67
60 86
60 98
60 126
60 133
60 148
60 158
61 72
61 78
61 95
61 123
61 127
61 131
61 151
61 172
61 190
61 194
62 91
62 107
62 180
62 183
62 187
63 81
63 86
63 99
63 113
63 129
63 139
63 143
63 191
63 198
64 71
64 88
64 93
64 95
64 109
64 124
64 137
65 69
65 117
65 130
65 135
65 147
65 161
65 162
65 180
66 97
66 105
66 106
66 112
66 120
66 142
66 160
66 172
66 178
66 198
67 69
67 73
67 84
67 90
67 93
67 97
67 132
67 141
67 164
67 182
67 196
68 112
68 142
68 163
68 188
69 81
69 83
69 87
69 122
69 146
69 147
69 167
69 170
69 173
69 176
69 177
69 190
69 198
70 71
70 81
70 90
70 114
70 131
70 140
70 142
70 151
70 154
70 155
70 158
70 162
70 197
71 72
71 128
71 130
71 133
71 153
71 193
71 198
72 78
72 79
72 111
72 128
72 131
72 167
72 194
72 199
73 94
73 106
73 134
73 149
73 171
73 180
74 76
74 85
74 116
74 145
74 152
74 174
74 177
75 88
75 104
75 107
75 116
75 119
75 122
75 135
75 143
75 157
75 174
75 189
76 79
76 93
76 118
76 127
76 135
76 168
76 193
76 199
77 91
77 147
77 149
77 155
78 83
78 87
78 132
78 136
78 137
78 139
78 142
78 147
78 163
78 181
78 190
79 108
79 110
79 113
79 125
79 127
79 139
79 185
80 84
80 123
80 128
80 142
80 158
80 161
80 181
80 187
81 82
81 86
81 94
81 103
81 119
81 125
82 88
82 113
82 130
82 138
82 154
82 175
82 185
83 103
83 116
83 125
83 150
83 156
83 185
83 186
84 85
84 144
84 152
84 183
84 196
85 87
85 99
85 102
85 125
85 133
85 136
85 140
85 161
85 178
85 186
86 149
86 176
87 107
87 109
87 122
87 124
87 126
87 129
87 131
87 183
88 90
88 91
88 143
89 96
89 118
89 126
89 131
89 161
89 172
90 98
90 141
90 187
91 104
91 113
91 129
91 135
91 144
91 164
91 165
92 99
92 166
93 95
93 181
93 198
94 131
95 116
95 134
95 138
96 100
96 114
96 124
96 127
97 129
97 138
97 139
97 168
97 186
98 127
98 136
98 145
98 150
98 161
98 177
98 182
98 194
99 105
99 114
99 141
99 143
99 163
99 169
99 176
99 177
99 195
99 198
99 199
100 101
100 110
100 117
100 132
100 168
100 197
101 111
101 114
101 144
101 145
101 158
101 170
101 181
101 183
102 108
102 110
102 150
102 161
102 191
103 182
104 133
104 142
104 197
106 128
106 182
106 195
107 130
107 141
107 176
108 167
109 118
109 145
109 180
109 195
110 118
110 122
110 150
111 178
111 196
112 113
112 137
112 143
113 119
113 163
114 119
114 123
114 136
114 158
114 192
115 126
115 169
115 178
115 188
116 117
116 119
116 129
116 130
116 133
116 143
116 146
116 152
116 169
116 178
116 181
116 189
117 148
117 172
117 179
117 190
119 137
119 157
119 189
120 140
120 149
120 156
121 151
121 167
121 172
121 181
122 137
122 154
122 159
122 163
122 170
124 138
124 164
124 173
124 184
124 188
124 193
125 173
126 180
127 133
127 150
127 153
127 155
128 135
129 144
129 146
129 152
129 155
129 164
129 179
129 193
131 147
131 161
131 173
132 160
132 165
132 184
133 153
133 155
133 180
133 182
134 136
134 140
134 151
134 154
134 159
135 153
135 159
135 162
135 176
135 193
135 194
136 147
136 192
137 143
137 174
137 186
138 146
139 145
139 158
139 185
140 160
140 165
140 166
140 194
141 156
142 177
142 193
143 168
144 162
144 170
144 173
144 174
145 148
145 185
150 156
150 191
151 195
153 165
153 171
153 174
153 177
153 196
155 196
156 188
157 170
157 174
157 186
158 168
158 177
159 179
160 168
161 165
164 167
166 169
166 175
166 184
167 185
168 178
170 182
171 181
172 175
172 196
173 190
177 181
177 199
178 184
179 191
182 192
182 196
184 192
185 187
187 195
