0 1
0 2
0 3
0 4
0 5
0 6
0 7
0 8
0 9
0 10
0 11
0 12
0 13
0 14
0 15
0 16
0 17
0 18
0 19
0 20
0 21
0 26
0 27
0 30
0 31
0 32
0 34
0 36
0 37
0 38
0 40
0 41
0 43
0 46
0 48
0 50
0 51
0 52
0 53
0 55
0 56
0 59
0 61
0 63
0 68
0 74
0 75
0 77
0 78
0 82
0 84
0 85
0 86
0 87
0 90
0 92
0 94
0 97
0 101
0 103
0 106
0 107
0 109
0 110
0 115
0 118
0 119
0 121
0 132
0 136
0 140
0 152
0 161
0 168
0 170
0 173
0 177
0 181
0 194
1 12
1 22
1 28
1 76
1 88
1 97
1 114
1 127
1 144
1 150
1 155
1 163
1 165
1 195
2 11
2 12
2 13
2 16
2 17
2 19
2 20
2 22
2 24
2 26
2 27
2 28
2 31
2 32
2 34
2 35
2 42
2 43
2 44
2 48
2 49
2 54
2 57
2 58
2 62
2 63
2 66
2 72
2 73
2 77
2 82
2 86
2 90
2 98
2 101
2 109
2 110
2 120
2 125
2 134
2 139
2 140
2 150
2 151
2 152
2 155
2 158
2 164
2 167
2 171
2 172
2 175
2 181
2 182
2 191
2 199
3 11
3 12
3 13
3 14
3 15
3 17
3 18
3 21
3 24
3 28
3 29
3 34
3 38
3 40
3 41
3 43
3 47
3 59
3 69
3 70
3 72
3 83
3 85
3 91
3 93
3 96
3 110
3 111
3 118
3 119
3 130
3 134
3 135
3 164
3 166
3 173
4 11
4 16
4 19
4 22
4 23
4 29
4 30
4 36
4 39
4 40
4 42
4 51
4 57
4 59
4 63
4 67
4 89
4 112
4 113
4 125
4 134
4 143
4 151
4 186
5 11
5 12
5 13
5 14
5 15
5 16
5 17
5 19
5 21
5 31
5 32
5 34
5 41
5 43
5 45
5 50
5 55
5 62
5 63
5 79
5 91
5 98
5 114
5 118
5 128
5 136
5 138
5 139
5 141
5 143
5 149
5 150
5 157
5 165
5 168
5 169
5 196
6 11
6 13
6 14
6 15
6 16
6 20
6 21
6 23
6 25
6 30
6 31
6 32
6 33
6 38
6 43
6 44
6 46
6 47
6 51
6 60
6 70
6 74
6 75
6 76
6 77
6 78
6 80
6 89
6 91
6 92
6 101
6 107
6 119
6 122
6 124
6 132
6 134
6 143
6 149
6 151
6 161
6 162
6 168
6 172
6 175
6 176
6 178
6 186
6 188
6 190
6 193
6 196
6 198
7 11
7 12
7 13
7 21
7 24
7 25
7 34
7 35
7 45
7 50
7 52
7 58
7 64
7 79
7 86
7 89
7 94
7 99
7 126
7 137
7 148
7 161
7 171
7 185
8 11
8 12
8 13
8 14
8 15
8 19
8 20
8 31
8 34
8 41
8 42
8 50
8 60
8 87
8 90
8 98
8 123
8 133
8 153
8 172
8 181
9 11
9 12
9 14
9 15
9 18
9 19
9 20
9 22
9 23
9 25
9 29
9 30
9 33
9 37
9 40
9 41
9 43
9 46
9 58
9 65
9 67
9 69
9 81
9 88
9 93
9 103
9 105
9 113
9 114
9 125
9 130
9 145
9 170
9 173
9 179
9 181
10 11
10 12
10 13
10 14
10 16
10 21
10 23
10 24
10 32
10 38
10 43
10 47
10 51
10 56
10 66
10 85
10 93
10 94
10 104
10 108
10 113
10 120
10 123
10 133
10 153
10 178
10 179
11 12
11 13
11 14
11 15
11 16
11 17
11 18
11 19
11 20
11 22
11 23
11 25
11 26
11 29
11 31
11 34
11 35
11 36
11 37
11 38
11 40
11 42
11 45
11 47
11 50
11 53
11 54
11 56
11 60
11 64
11 65
11 67
11 78
11 81
11 85
11 86
11 95
11 96
11 102
11 107
11 118
11 122
11 135
11 141
11 146
11 149
11 154
11 156
11 157
11 162
11 165
11 169
11 172
11 182
11 187
11 188
11 191
11 192
11 193
11 196
12 13
12 14
12 15
12 16
12 17
12 18
12 24
12 25
12 26
12 27
12 28
12 29
12 31
12 32
12 33
12 36
12 37
12 38
12 39
12 42
12 44
12 45
12 46
12 47
12 48
12 49
12 53
12 56
12 57
12 59
12 69
12 71
12 75
12 78
12 79
12 80
12 81
12 83
12 85
12 86
12 87
12 89
12 95
12 100
12 102
12 104
12 105
12 107
12 108
12 109
12 111
12 112
12 114
12 117
12 120
12 124
12 128
12 129
12 132
12 133
12 136
12 150
12 156
12 158
12 163
12 167
12 169
12 171
12 172
12 176
12 177
12 179
12 182
12 197
13 14
13 15
13 17
13 18
13 19
13 20
13 21
13 22
13 23
13 26
13 28
13 35
13 36
13 37
13 39
13 40
13 46
13 49
13 50
13 53
13 63
13 65
13 68
13 75
13 76
13 78
13 79
13 80
13 81
13 87
13 88
13 101
13 105
13 109
13 113
13 114
13 116
13 120
13 123
13 129
13 131
13 136
13 150
13 158
13 162
13 164
13 168
13 175
13 180
13 192
14 15
14 16
14 17
14 18
14 20
14 21
14 24
14 26
14 32
14 33
14 36
14 38
14 44
14 46
14 49
14 57
14 58
14 64
14 67
14 69
14 73
14 76
14 80
14 81
14 99
14 100
14 106
14 113
14 117
14 121
14 128
14 129
14 130
14 131
14 150
14 154
14 159
14 160
14 168
14 170
14 176
15 16
15 17
15 18
15 19
15 24
15 25
15 27
15 29
15 33
15 36
15 39
15 40
15 43
15 46
15 48
15 54
15 56
15 58
15 62
15 64
15 71
15 72
15 85
15 87
15 98
15 104
15 105
15 111
15 115
15 122
15 124
15 125
15 128
15 130
15 147
15 149
15 155
15 182
15 187
15 197
16 17
16 18
16 21
16 22
16 23
16 24
16 26
16 27
16 28
16 29
16 31
16 32
16 33
16 34
16 39
16 40
16 41
16 45
16 46
16 47
16 52
16 53
16 56
16 57
16 61
16 62
16 63
16 68
16 69
16 71
16 78
16 81
16 83
16 84
16 88
16 94
16 99
16 100
16 104
16 106
16 109
16 110
16 112
16 117
16 119
16 131
16 140
16 146
16 147
16 149
16 150
16 153
16 154
16 174
16 180
16 181
16 183
16 188
16 192
17 18
17 19
17 23
17 24
17 27
17 30
17 39
17 45
17 49
17 60
17 65
17 67
17 73
17 86
17 99
17 102
17 119
17 126
17 140
17 152
17 171
17 184
17 187
17 194
18 20
18 21
18 22
18 25
18 27
18 28
18 30
18 33
18 35
18 37
18 39
18 40
18 44
18 45
18 52
18 53
18 57
18 66
18 73
18 80
18 82
18 84
18 85
18 90
18 92
18 93
18 97
18 105
18 111
18 123
18 129
18 133
18 138
18 155
18 158
18 166
18 189
18 191
19 20
19 22
19 23
19 24
19 26
19 27
19 29
19 30
19 36
19 39
19 47
19 49
19 50
19 57
19 60
19 61
19 63
19 64
19 65
19 70
19 72
19 73
19 74
19 76
19 83
19 84
19 89
19 92
19 93
19 94
19 97
19 100
19 106
19 107
19 124
19 129
19 134
19 141
19 163
19 169
19 174
19 194
19 196
19 198
20 25
20 26
20 27
20 28
20 29
20 38
20 48
20 51
20 54
20 61
20 62
20 66
20 70
20 73
20 89
20 91
20 103
20 104
20 114
20 121
20 144
20 148
20 159
20 172
20 176
20 178
20 189
21 22
21 23
21 28
21 29
21 30
21 32
21 37
21 43
21 45
21 49
21 53
21 54
21 60
21 61
21 63
21 71
21 72
21 73
21 77
21 82
21 93
21 101
21 111
21 117
21 124
21 126
21 134
21 142
21 148
21 156
21 160
21 169
21 172
21 199
22 25
22 30
22 33
22 48
22 51
22 67
22 89
22 90
22 94
22 102
22 112
22 116
22 125
22 146
22 149
22 160
22 167
22 173
22 186
22 191
23 25
23 44
23 48
23 56
23 61
23 62
23 64
23 72
23 77
23 81
23 88
23 119
23 121
23 132
23 135
23 139
23 144
23 156
23 176
23 179
23 186
23 190
23 195
24 26
24 28
24 30
24 36
24 37
24 41
24 44
24 51
24 55
24 58
24 68
24 71
24 74
24 75
24 79
24 83
24 118
24 131
24 136
24 142
24 143
24 193
24 197
25 27
25 31
25 32
25 34
25 37
25 38
25 45
25 46
25 53
25 58
25 75
25 84
25 96
25 99
25 102
25 121
25 135
25 138
25 144
25 153
25 159
26 33
26 35
26 39
26 41
26 42
26 65
26 66
26 81
26 92
26 119
26 132
26 145
26 180
26 183
27 46
27 54
27 55
27 71
27 74
27 86
27 91
27 126
27 131
27 159
28 31
28 35
28 40
28 41
28 42
28 47
28 48
28 49
28 54
28 55
28 57
28 58
28 59
28 65
28 67
28 71
28 80
28 81
28 89
28 94
28 96
28 127
28 142
28 146
28 149
28 160
28 168
28 170
28 189
28 193
28 194
29 34
29 35
29 52
29 56
29 75
29 76
29 104
29 108
29 110
29 115
29 152
29 156
29 169
29 171
29 177
29 189
30 35
30 37
30 44
30 50
30 52
30 68
30 70
30 82
30 88
30 97
30 98
30 102
30 105
30 124
30 129
30 153
30 165
30 170
30 184
30 195
31 33
31 38
31 47
31 48
31 52
31 53
31 54
31 59
31 73
31 84
31 93
31 95
31 96
31 100
31 103
31 126
31 130
31 157
31 159
31 163
31 176
32 35
32 72
32 89
32 95
32 106
32 122
32 125
32 143
32 148
32 154
32 168
33 36
33 42
33 64
33 66
33 72
33 79
33 106
33 108
33 112
33 117
33 124
33 129
33 177
34 42
34 44
34 79
34 106
34 127
34 137
34 186
35 41
35 50
35 55
35 61
35 63
35 83
35 87
35 92
35 95
35 101
35 103
35 105
35 122
35 129
35 131
35 137
35 144
35 145
35 157
35 161
35 162
35 176
35 178
36 39
36 42
36 50
36 54
36 60
36 66
36 69
36 73
36 96
36 98
36 99
36 103
36 112
36 117
36 161
36 173
36 190
37 66
37 74
37 85
37 91
37 105
37 110
37 117
37 151
37 170
37 179
37 186
38 70
38 76
38 77
38 87
38 102
38 108
38 112
38 166
38 178
38 196
38 198
39 43
39 45
39 52
39 56
39 59
39 78
39 79
39 98
39 99
39 114
39 140
39 144
39 154
39 160
39 163
39 164
39 176
39 186
39 188
40 44
40 49
40 67
40 80
40 114
40 133
40 135
40 154
40 192
41 57
41 58
41 61
41 127
41 131
41 133
41 134
41 154
41 194
42 48
42 51
42 56
42 59
42 70
42 80
42 85
42 91
42 92
42 101
42 107
42 111
42 115
42 116
42 125
42 151
42 152
42 154
42 167
42 197
43 47
43 51
43 52
43 55
43 64
43 66
43 75
43 80
43 82
43 100
43 122
43 133
43 146
44 54
44 55
44 59
44 67
44 70
44 84
44 116
44 118
44 139
44 178
44 182
45 67
45 68
45 76
45 83
45 88
45 92
45 95
45 97
45 100
45 101
45 103
45 137
45 139
45 151
45 197
46 53
46 76
46 90
46 97
46 102
46 116
46 133
46 149
46 159
47 49
47 77
47 105
47 111
47 113
47 125
47 128
47 131
47 144
47 161
47 165
47 175
47 180
47 182
48 60
48 74
48 77
48 101
48 104
48 109
48 110
48 128
48 133
48 143
48 145
48 156
48 193
49 58
49 64
49 68
49 70
49 71
49 83
49 140
49 183
49 185
49 190
50 51
50 52
50 55
50 62
50 77
50 90
50 103
50 121
50 151
50 153
50 198
51 59
51 61
51 65
51 78
51 86
51 96
51 123
51 143
51 180
52 70
52 128
53 55
53 60
53 63
53 84
53 95
53 145
53 152
53 157
53 174
53 187
54 62
54 71
54 84
54 87
54 88
54 93
54 98
54 99
54 108
54 121
54 141
54 179
55 57
55 62
55 83
55 90
55 95
55 118
55 120
55 122
55 129
55 148
55 164
55 165
55 177
55 187
55 195
56 60
56 68
56 69
56 74
56 76
56 79
56 80
56 89
56 97
56 122
56 134
56 137
56 142
56 148
56 155
56 156
56 160
56 164
56 171
56 181
56 183
56 190
56 193
57 65
57 69
57 104
57 108
57 123
57 147
57 148
57 152
57 184
58 61
58 75
58 83
58 91
58 93
58 95
58 106
58 109
58 112
58 120
58 127
58 137
58 141
58 142
58 144
58 155
58 158
58 169
58 188
59 74
60 62
60 64
60 68
60 69
60 93
60 98
60 100
60 115
60 116
60 120
60 121
60 130
60 140
60 147
60 149
60 162
61 104
61 134
61 139
61 153
61 167
61 174
61 180
61 184
61 185
62 65
62 71
62 99
62 113
62 136
62 147
62 179
63 117
63 136
63 162
64 66
64 68
64 72
64 78
64 103
64 127
64 130
64 141
64 142
64 146
64 159
65 192
66 69
66 77
66 79
66 86
66 100
66 110
66 141
66 142
66 156
66 173
66 181
66 184
66 191
66 192
67 72
67 75
67 91
67 97
67 102
67 107
67 116
67 131
67 132
67 142
67 166
67 167
67 192
68 74
68 105
68 127
68 130
68 131
68 140
68 194
69 73
69 82
69 92
69 96
69 103
69 113
69 118
69 138
69 157
69 190
70 91
70 107
70 109
70 114
70 160
70 164
70 169
70 171
70 196
71 87
71 90
71 116
71 123
71 147
71 151
71 196
71 198
72 113
72 127
72 156
72 186
73 81
73 92
73 139
73 180
73 195
74 82
74 84
74 88
74 101
74 109
74 146
74 158
74 175
74 177
74 185
74 195
75 82
75 87
75 95
75 96
75 110
75 130
75 150
75 180
76 78
76 82
76 85
76 86
76 94
76 97
76 110
76 121
76 147
76 161
76 195
76 197
77 116
77 125
77 198
78 90
78 114
78 124
78 126
78 151
78 171
78 183
78 196
79 94
79 99
79 102
79 135
79 136
79 175
79 185
79 188
80 154
80 165
81 104
81 117
81 132
81 159
81 167
81 199
82 123
82 128
82 175
82 187
83 124
83 135
83 178
84 88
84 108
84 126
84 137
84 138
84 165
84 191
85 111
85 116
85 120
85 121
85 136
85 198
85 199
86 115
86 126
86 127
86 141
86 155
86 185
86 188
86 195
87 106
87 117
87 155
87 181
87 182
88 98
88 106
88 119
88 137
88 170
89 115
89 128
89 168
89 175
89 187
90 111
91 107
91 115
91 135
91 171
91 183
91 189
92 94
92 96
92 115
92 119
92 120
92 138
92 155
92 157
92 166
92 184
92 187
92 190
93 142
93 179
93 192
93 197
94 107
94 118
94 146
95 122
95 155
96 108
96 120
96 145
96 181
96 193
96 199
97 132
97 196
98 100
98 108
98 111
98 115
98 138
98 157
98 158
98 160
98 174
98 189
98 193
99 123
99 163
99 164
99 187
99 192
99 198
100 141
100 147
100 183
100 189
101 112
101 158
102 137
102 184
103 112
103 159
104 119
104 126
104 143
104 145
104 161
104 167
104 172
104 178
105 123
105 139
105 162
105 163
105 169
105 177
105 183
105 186
105 190
106 135
106 184
107 109
107 118
107 139
107 148
107 165
107 174
107 188
108 125
108 166
109 113
109 122
109 140
109 153
109 185
110 126
110 136
110 151
110 185
110 193
112 134
112 180
113 132
113 143
113 144
113 148
113 168
113 189
114 133
114 137
114 153
114 175
114 184
115 124
115 154
115 160
115 197
116 129
116 152
116 171
118 135
118 141
118 144
118 199
119 157
119 182
120 162
120 174
121 147
121 172
121 177
121 190
122 127
122 147
122 150
122 156
122 158
123 146
123 152
123 158
123 190
124 138
124 139
124 178
124 199
125 148
126 128
126 162
126 189
127 132
127 143
127 195
128 130
128 145
128 161
129 166
129 179
130 162
130 188
131 138
131 157
131 174
131 185
132 140
132 142
132 165
132 173
132 183
132 185
133 152
133 159
133 160
133 176
134 138
134 145
134 163
134 166
134 173
135 173
135 179
137 188
137 194
138 161
138 169
138 197
140 193
140 196
141 153
141 167
141 170
141 172
141 183
143 145
143 146
143 149
143 166
144 194
145 150
145 166
146 191
147 191
148 195
150 163
150 164
150 173
150 177
150 191
151 191
152 178
152 182
153 189
153 199
154 198
155 180
156 187
157 176
158 170
158 174
159 168
160 163
160 164
162 181
163 167
165 175
168 170
169 174
171 184
171 194
171 199
172 177
172 186
172 194
175 182
176 192
176 197
176 198
183 199
