0 1
0 2
0 3
0 4
0 5
0 6
0 7
0 8
0 9
0 10
0 11
0 12
0 13
0 14
0 15
0 16
0 17
0 24
0 26
0 28
0 29
0 30
0 34
0 40
0 42
0 50
0 51
0 54
0 56
0 57
0 58
0 67
0 72
0 73
0 78
0 85
0 93
0 94
0 100
0 101
0 103
0 108
0 113
0 115
0 116
0 125
0 137
0 139
0 140
0 167
0 175
0 178
0 180
0 183
0 187
0 192
1 11
1 13
1 14
1 15
1 16
1 18
1 19
1 20
1 21
1 23
1 25
1 26
1 33
1 38
1 56
1 70
1 73
1 78
1 80
1 84
1 86
1 91
1 94
1 103
1 108
1 113
1 128
1 136
1 142
1 143
1 144
1 146
1 154
1 167
1 180
1 191
1 192
2 11
2 12
2 17
2 22
2 23
2 24
2 26
2 28
2 29
2 31
2 38
2 39
2 45
2 48
2 79
2 97
2 107
2 110
2 115
2 140
2 144
2 146
2 154
2 157
2 195
3 11
3 12
3 13
3 14
3 15
3 18
3 19
3 21
3 25
3 31
3 39
3 43
3 48
3 52
3 59
3 61
3 70
3 78
3 83
3 86
3 87
3 96
3 99
3 162
3 165
3 174
3 195
3 198
4 11
4 12
4 13
4 14
4 19
4 21
4 22
4 23
4 24
4 37
4 41
4 44
4 46
4 50
4 51
4 52
4 57
4 58
4 60
4 80
4 88
4 91
4 98
4 99
4 111
4 116
4 122
4 129
4 130
4 140
4 147
4 164
4 166
4 190
4 194
4 195
5 11
5 12
5 13
5 14
5 15
5 16
5 19
5 22
5 25
5 27
5 28
5 33
5 34
5 35
5 36
5 38
5 42
5 45
5 51
5 57
5 64
5 68
5 71
5 72
5 77
5 83
5 88
5 96
5 102
5 109
5 145
5 156
5 187
5 189
5 190
6 12
6 14
6 15
6 16
6 17
6 18
6 23
6 24
6 25
6 31
6 37
6 40
6 42
6 56
6 74
6 79
6 82
6 98
6 103
6 106
6 111
6 114
6 115
6 120
6 137
6 170
6 192
7 11
7 12
7 13
7 14
7 16
7 17
7 18
7 20
7 22
7 37
7 40
7 41
7 44
7 48
7 54
7 55
7 64
7 69
7 98
7 103
7 105
7 107
7 109
7 111
7 118
7 120
7 121
7 123
7 127
7 135
7 141
7 142
7 153
7 169
8 11
8 12
8 13
8 14
8 16
8 17
8 18
8 19
8 20
8 21
8 24
8 26
8 27
8 28
8 29
8 39
8 44
8 45
8 48
8 51
8 55
8 64
8 69
8 76
8 85
8 96
8 100
8 105
8 128
8 131
8 134
8 147
8 176
8 183
9 11
9 12
9 15
9 16
9 19
9 20
9 28
9 40
9 79
9 82
9 114
9 129
9 142
9 159
9 162
9 163
9 168
9 197
10 11
10 13
10 17
10 18
10 27
10 29
10 32
10 59
10 69
10 73
10 87
10 100
10 102
10 107
10 112
10 118
11 12
11 13
11 14
11 15
11 16
11 17
11 19
11 20
11 22
11 23
11 26
11 27
11 28
11 29
11 30
11 32
11 33
11 34
11 35
11 36
11 38
11 39
11 42
11 43
11 46
11 50
11 55
11 56
11 57
11 59
11 62
11 63
11 66
11 67
11 68
11 69
11 71
11 72
11 78
11 80
11 81
11 82
11 83
11 86
11 90
11 93
11 94
11 96
11 105
11 106
11 109
11 111
11 113
11 119
11 121
11 124
11 128
11 129
11 130
11 132
11 133
11 142
11 152
11 156
11 158
11 160
11 161
11 168
11 172
11 173
11 175
11 176
11 180
11 182
11 183
11 196
12 13
12 15
12 16
12 17
12 20
12 21
12 22
12 25
12 27
12 31
12 35
12 36
12 38
12 39
12 41
12 42
12 47
12 49
12 53
12 55
12 63
12 70
12 73
12 76
12 77
12 81
12 83
12 85
12 92
12 98
12 99
12 104
12 108
12 114
12 116
12 117
12 119
12 132
12 137
12 138
12 148
12 156
12 161
12 165
12 187
12 188
12 192
12 193
13 14
13 15
13 16
13 17
13 18
13 19
13 20
13 21
13 22
13 23
13 24
13 25
13 27
13 28
13 30
13 33
13 34
13 36
13 38
13 40
13 41
13 45
13 46
13 51
13 53
13 54
13 56
13 59
13 63
13 64
13 65
13 71
13 76
13 81
13 88
13 93
13 102
13 110
13 114
13 115
13 123
13 125
13 126
13 127
13 131
13 135
13 141
13 142
13 143
13 149
13 161
13 173
13 177
13 180
13 191
13 193
14 15
14 21
14 25
14 26
14 27
14 29
14 30
14 31
14 33
14 36
14 37
14 38
14 39
14 41
14 46
14 51
14 52
14 55
14 57
14 60
14 61
14 63
14 66
14 68
14 72
14 74
14 84
14 85
14 86
14 88
14 89
14 94
14 103
14 104
14 106
14 110
14 112
14 116
14 123
14 126
14 131
14 132
14 134
14 143
14 146
14 147
14 151
14 154
14 164
14 172
14 175
14 181
14 190
14 196
14 197
15 17
15 18
15 19
15 20
15 23
15 25
15 26
15 27
15 32
15 33
15 36
15 37
15 40
15 43
15 47
15 49
15 56
15 59
15 62
15 64
15 73
15 79
15 82
15 83
15 96
15 106
15 111
15 119
15 120
15 121
15 125
15 128
15 135
15 142
15 149
15 158
15 162
15 163
15 185
15 188
16 18
16 19
16 21
16 24
16 25
16 26
16 30
16 31
16 32
16 33
16 34
16 35
16 36
16 42
16 43
16 44
16 45
16 46
16 47
16 48
16 49
16 51
16 55
16 57
16 58
16 61
16 62
16 64
16 66
16 69
16 75
16 78
16 79
16 80
16 87
16 89
16 90
16 94
16 101
16 107
16 115
16 116
16 122
16 124
16 127
16 129
16 130
16 136
16 137
16 138
16 140
16 141
16 145
16 146
16 150
16 152
16 168
16 170
16 172
16 175
16 179
16 180
16 190
16 196
17 18
17 20
17 23
17 29
17 31
17 32
17 36
17 46
17 50
17 61
17 64
17 68
17 72
17 74
17 75
17 83
17 87
17 88
17 89
17 105
17 123
17 144
17 146
17 163
17 164
17 165
17 169
17 176
17 180
18 21
18 28
18 29
18 30
18 31
18 37
18 41
18 42
18 43
18 46
18 48
18 49
18 50
18 51
18 52
18 61
18 62
18 68
18 69
18 78
18 81
18 94
18 97
18 98
18 112
18 116
18 130
18 131
18 142
18 174
18 179
18 198
18 199
19 20
19 21
19 22
19 23
19 24
19 27
19 30
19 32
19 40
19 41
19 48
19 53
19 60
19 65
19 67
19 68
19 70
19 75
19 110
19 116
19 117
19 122
19 144
19 148
19 149
19 164
19 170
19 178
19 184
19 188
19 190
19 193
19 195
20 22
20 23
20 24
20 25
20 26
20 29
20 31
20 34
20 35
20 36
20 37
20 40
20 41
20 42
20 43
20 46
20 47
20 52
20 54
20 60
20 63
20 71
20 73
20 77
20 93
20 97
20 105
20 112
20 120
20 135
20 143
20 144
20 146
20 155
20 165
20 170
20 172
20 182
20 185
20 188
20 194
21 22
21 28
21 29
21 35
21 38
21 39
21 45
21 50
21 52
21 58
21 62
21 63
21 69
21 70
21 81
21 91
21 93
21 100
21 111
21 114
21 136
21 140
21 141
21 156
21 173
21 182
21 184
21 190
22 33
22 38
22 42
22 49
22 50
22 54
22 56
22 67
22 77
22 86
22 92
22 93
22 94
22 106
22 121
22 129
22 132
22 135
22 148
22 151
22 152
22 153
22 157
22 167
22 173
22 191
22 193
23 24
23 26
23 34
23 35
23 45
23 49
23 69
23 75
23 84
23 90
23 125
23 153
23 199
24 27
24 30
24 35
24 37
24 38
24 49
24 57
24 58
24 59
24 63
24 67
24 83
24 84
24 87
24 88
24 89
24 100
24 101
24 128
24 135
24 150
24 152
24 158
24 196
25 28
25 32
25 33
25 37
25 39
25 40
25 47
25 51
25 52
25 54
25 57
25 60
25 61
25 62
25 65
25 66
25 68
25 72
25 76
25 95
25 121
25 124
25 139
25 160
25 173
25 177
25 184
25 192
26 30
26 32
26 39
26 43
26 44
26 47
26 52
26 53
26 59
26 70
26 71
26 74
26 85
26 89
26 90
26 91
26 104
26 110
26 113
26 128
26 143
26 146
26 152
26 159
26 166
26 170
26 172
26 185
26 197
27 32
27 34
27 35
27 67
27 68
27 75
27 77
27 81
27 84
27 86
27 90
27 93
27 99
27 101
27 112
27 113
27 117
27 144
27 155
27 175
28 30
28 34
28 36
28 46
28 53
28 70
28 71
28 98
28 101
28 111
28 126
28 128
28 130
28 131
28 132
28 134
28 135
28 138
28 151
28 178
28 183
28 191
28 193
28 195
28 197
28 199
29 31
29 32
29 33
29 39
29 48
29 58
29 66
29 71
29 72
29 81
29 85
29 91
29 101
29 104
29 109
29 119
29 122
29 133
29 137
29 139
29 153
29 155
29 159
29 160
29 161
29 177
29 194
30 55
30 65
30 66
30 67
30 69
30 72
30 96
30 109
30 124
30 129
30 137
30 147
30 151
30 153
31 44
31 48
31 53
31 59
31 64
31 65
31 82
31 88
31 92
31 95
31 96
31 105
31 114
31 119
31 127
31 143
31 157
31 162
31 187
32 34
32 37
32 42
32 44
32 47
32 56
32 65
32 71
32 77
32 78
32 79
32 92
32 100
32 105
32 110
32 121
32 145
32 154
32 162
32 171
32 177
32 194
33 41
33 43
33 44
33 45
33 47
33 49
33 58
33 61
33 74
33 80
33 88
33 103
33 104
33 106
33 107
33 125
33 126
33 136
33 155
33 166
33 171
33 199
34 35
34 48
34 65
34 78
34 79
34 86
34 115
34 122
34 124
34 145
34 162
34 172
34 177
34 186
35 49
35 52
35 54
35 60
35 76
35 82
35 92
35 102
35 108
35 121
35 129
35 150
35 151
35 152
35 175
35 177
35 199
36 53
36 55
36 62
36 65
36 73
36 95
36 100
36 138
36 153
36 157
36 160
36 163
36 169
36 174
37 47
37 56
37 59
37 64
37 71
37 77
37 78
37 80
37 84
37 85
37 94
37 98
37 102
37 120
37 126
37 148
37 151
37 155
37 157
37 161
37 177
37 194
38 40
38 45
38 46
38 47
38 49
38 53
38 60
38 66
38 73
38 74
38 75
38 90
38 97
38 107
38 109
38 117
38 135
38 160
38 166
38 168
38 181
38 184
39 41
39 43
39 44
39 50
39 53
39 56
39 59
39 61
39 62
39 67
39 74
39 78
39 98
39 110
39 118
39 122
39 128
39 139
39 181
39 184
39 192
40 51
40 58
40 61
40 63
40 64
40 66
40 82
40 87
40 97
40 107
40 121
41 43
41 44
41 55
41 71
41 81
41 85
41 91
41 92
41 99
41 112
41 113
41 119
41 124
41 149
41 154
41 165
41 175
41 181
41 191
42 45
42 53
42 63
42 75
42 90
42 91
42 102
42 109
42 130
42 149
42 151
42 166
42 174
42 185
42 187
43 50
43 98
43 103
43 120
43 122
43 138
43 147
43 152
43 174
43 180
44 65
44 87
44 97
44 100
45 50
45 57
45 67
45 69
45 86
45 93
45 101
45 102
45 123
45 133
45 153
45 179
45 181
46 54
46 75
46 77
46 85
46 89
46 96
46 105
46 109
46 129
46 146
46 159
46 160
46 164
47 70
47 75
47 88
47 89
47 96
47 102
47 113
47 123
47 124
47 130
47 150
47 157
47 165
47 196
48 52
48 58
48 65
48 67
48 68
48 72
48 80
48 99
48 103
48 108
48 123
48 127
48 130
48 133
48 158
48 163
48 166
48 179
48 183
49 79
49 113
49 131
49 144
49 149
49 179
50 54
50 61
50 62
50 93
50 106
50 117
50 133
50 134
50 142
50 146
50 166
50 189
51 55
51 57
51 73
51 94
51 95
51 98
51 100
51 110
51 139
51 153
51 157
52 54
52 60
52 102
52 117
52 153
52 159
52 165
52 189
52 191
53 66
53 70
53 76
53 83
53 96
53 97
53 101
53 112
53 118
53 124
53 125
53 127
53 128
53 144
53 150
53 155
53 162
53 185
54 58
54 62
54 107
54 112
54 116
54 155
54 165
54 183
54 191
55 79
55 125
55 138
55 160
55 173
56 60
56 92
56 95
56 111
56 138
56 184
56 198
57 60
57 76
57 80
57 82
57 169
57 179
58 68
58 82
58 95
58 104
58 118
58 155
58 163
59 63
59 81
59 91
59 94
59 104
59 134
59 152
59 156
60 76
60 82
60 87
60 104
60 135
60 151
60 158
60 171
60 179
61 66
61 72
61 74
61 84
61 90
61 97
61 109
61 116
61 133
61 136
61 140
61 142
61 147
61 156
61 171
62 125
63 70
63 118
63 132
63 170
63 173
63 188
64 74
64 108
64 113
64 126
64 132
64 145
64 188
65 85
65 88
65 89
65 114
65 126
65 163
65 164
65 166
65 168
65 190
65 192
66 73
66 76
66 84
66 99
66 128
66 151
66 158
66 171
66 185
66 186
66 193
67 80
67 103
67 108
67 119
67 130
67 132
67 139
67 144
67 160
67 173
68 108
68 110
68 139
70 75
70 83
70 101
71 99
71 114
71 129
71 141
71 145
71 194
71 196
72 99
72 107
72 117
72 120
72 121
72 134
72 136
72 143
72 155
72 156
72 158
72 159
72 160
72 161
72 193
73 74
73 76
73 84
73 87
73 90
73 140
73 154
73 163
73 164
73 174
73 181
74 92
74 105
74 116
74 117
74 131
74 170
74 171
74 187
75 77
75 79
75 84
75 139
75 141
75 159
75 183
76 77
76 81
76 95
76 147
76 166
76 194
77 97
77 120
77 126
77 130
77 170
77 196
78 80
78 86
78 89
78 91
78 113
78 118
78 127
78 134
78 145
78 164
78 170
78 172
79 134
79 136
79 169
79 173
80 86
80 92
80 95
80 139
80 198
81 83
81 118
81 169
81 180
82 93
82 95
82 119
82 120
82 127
82 147
82 149
82 159
83 97
83 144
83 182
84 87
84 90
84 111
84 152
84 178
85 105
85 122
85 124
85 127
85 154
85 197
86 89
86 91
86 92
86 107
86 141
86 164
86 168
86 184
86 192
87 112
87 145
87 148
87 185
87 189
88 100
88 108
88 110
88 122
88 139
88 161
88 166
88 184
88 189
88 194
88 196
89 115
89 117
89 119
89 120
89 127
89 132
89 133
89 134
89 138
89 141
89 154
89 158
89 165
89 172
89 176
89 184
90 150
90 178
90 180
90 185
91 111
91 176
91 186
91 195
92 102
93 95
93 118
93 146
94 99
94 123
94 124
94 132
94 136
94 181
95 125
96 178
97 104
97 106
97 159
97 167
98 106
98 115
98 123
98 126
98 133
98 169
98 175
99 101
99 103
99 104
99 106
99 114
99 119
99 122
99 137
99 143
99 167
99 186
99 198
100 108
100 115
100 180
101 131
101 159
101 164
101 167
103 109
103 133
103 135
103 168
103 177
103 182
104 131
104 134
104 148
104 198
105 129
105 175
105 186
106 138
106 174
107 167
107 179
108 121
108 156
108 169
109 115
109 118
109 178
109 181
109 188
110 112
110 117
110 145
110 156
110 187
111 143
111 183
111 187
111 192
112 114
112 161
112 162
113 195
113 197
113 199
114 125
114 142
114 190
114 197
115 182
116 136
116 147
116 167
117 123
117 133
117 148
117 168
117 186
117 199
118 147
118 161
118 178
118 182
119 150
119 157
120 194
121 126
121 171
121 199
122 137
122 171
122 195
122 198
123 137
123 153
124 149
124 167
124 195
125 162
125 178
127 140
127 149
127 155
127 168
128 186
129 131
129 138
129 143
129 150
129 175
129 179
130 154
130 174
131 172
131 181
131 183
131 186
131 188
131 198
132 140
132 148
132 149
132 150
132 169
132 187
132 197
132 199
133 170
133 172
134 136
134 152
134 171
134 181
135 150
135 174
135 183
135 196
136 137
136 148
136 158
136 163
137 140
137 141
137 165
137 176
137 178
138 156
139 141
139 179
140 182
141 193
141 195
142 148
142 161
143 151
143 176
143 190
144 145
144 154
144 190
145 169
145 185
146 162
146 177
148 176
149 184
149 188
149 193
151 158
151 176
152 157
154 157
154 197
155 177
156 160
156 176
156 192
158 168
158 194
158 198
159 167
159 199
161 163
161 173
162 174
163 191
165 182
166 182
166 191
167 186
167 198
168 171
169 189
172 185
173 186
175 189
176 193
177 189
179 196
180 189
181 197
182 187
182 188
182 189
186 191
