0 1
0 2
0 3
0 4
0 5
0 6
0 7
0 8
0 9
0 10
0 11
0 12
0 13
0 14
0 15
0 16
0 18
0 19
0 20
0 21
0 22
0 23
0 25
0 27
0 28
0 29
0 31
0 32
0 33
0 36
0 37
0 38
0 39
0 42
0 48
0 50
0 53
0 54
0 55
0 58
0 60
0 67
0 69
0 70
0 71
0 73
0 74
0 78
0 83
0 84
0 85
0 91
0 95
0 101
0 105
0 106
0 109
0 110
0 118
0 122
0 130
0 137
0 147
0 156
0 157
0 171
0 175
0 178
0 180
0 187
0 193
1 11
1 12
1 13
1 14
1 15
1 16
1 17
1 19
1 21
1 22
1 23
1 24
1 30
1 34
1 39
1 42
1 47
1 53
1 65
1 78
1 94
1 118
1 120
1 123
1 125
1 134
1 142
1 146
1 149
1 163
1 166
1 193
2 11
2 13
2 29
2 31
2 38
2 41
2 42
2 46
2 156
2 161
2 172
3 11
3 12
3 13
3 14
3 15
3 16
3 17
3 20
3 21
3 22
3 23
3 25
3 27
3 35
3 36
3 38
3 41
3 46
3 47
3 55
3 61
3 70
3 75
3 77
3 83
3 87
3 90
3 95
3 98
3 100
3 103
3 105
3 110
3 114
3 116
3 124
3 127
3 131
3 133
3 134
3 143
3 145
3 151
3 152
3 156
3 157
3 175
3 181
3 185
3 194
4 11
4 12
4 14
4 77
4 83
4 158
4 168
4 189
5 11
5 14
5 15
5 17
5 25
5 43
5 52
5 63
5 73
5 79
5 84
5 87
5 88
5 89
5 99
5 104
5 112
5 118
5 124
5 126
5 131
5 146
5 148
5 150
5 155
5 160
5 180
5 185
6 11
6 12
6 14
6 15
6 16
6 18
6 19
6 21
6 28
6 34
6 37
6 49
6 64
6 75
6 79
6 87
6 90
6 95
6 116
6 119
6 120
6 134
6 139
6 195
7 11
7 12
7 13
7 16
7 17
7 18
7 22
7 23
7 25
7 31
7 34
7 36
7 43
7 44
7 45
7 50
7 52
7 53
7 62
7 68
7 80
7 85
7 91
7 109
7 112
7 135
7 143
7 150
7 162
7 178
7 188
7 196
8 12
8 13
8 15
8 17
8 18
8 19
8 24
8 30
8 33
8 35
8 36
8 37
8 40
8 43
8 45
8 47
8 53
8 55
8 59
8 61
8 65
8 66
8 68
8 85
8 107
8 108
8 120
8 125
8 128
8 130
8 142
8 150
8 159
8 160
8 162
8 191
8 198
9 11
9 12
9 13
9 14
9 15
9 16
9 18
9 19
9 20
9 21
9 22
9 23
9 26
9 28
9 35
9 46
9 48
9 51
9 52
9 80
9 88
9 89
9 93
9 101
9 104
9 111
9 112
9 115
9 117
9 118
9 130
9 131
9 155
10 11
10 12
10 13
10 17
10 20
10 21
10 26
10 27
10 29
10 32
10 34
10 35
10 41
10 49
10 59
10 69
10 79
10 82
10 84
10 90
10 91
10 94
10 106
10 112
10 113
10 141
10 143
10 147
10 151
10 152
10 163
10 172
10 178
10 182
10 196
10 199
11 12
11 13
11 14
11 15
11 16
11 17
11 19
11 21
11 22
11 27
11 29
11 30
11 34
11 37
11 38
11 50
11 53
11 58
11 63
11 67
11 68
11 78
11 82
11 101
11 104
11 106
11 109
11 125
11 131
11 137
11 151
11 152
11 156
11 160
11 175
11 189
12 13
12 14
12 16
12 18
12 20
12 24
12 25
12 26
12 27
12 28
12 29
12 30
12 31
12 32
12 33
12 34
12 40
12 41
12 42
12 45
12 47
12 48
12 52
12 53
12 55
12 58
12 59
12 62
12 65
12 66
12 72
12 74
12 79
12 80
12 93
12 98
12 100
12 103
12 107
12 109
12 113
12 121
12 125
12 128
12 138
12 140
12 148
12 149
12 153
12 155
12 160
12 163
12 171
12 176
12 177
12 178
12 182
12 192
13 14
13 15
13 16
13 18
13 19
13 20
13 22
13 23
13 24
13 25
13 28
13 31
13 32
13 35
13 36
13 37
13 38
13 41
13 46
13 49
13 51
13 55
13 66
13 72
13 74
13 78
13 85
13 86
13 93
13 98
13 100
13 107
13 116
13 118
13 119
13 129
13 136
13 137
13 139
13 144
13 154
13 156
13 160
13 165
13 168
13 169
13 179
13 181
13 186
13 188
13 192
13 193
13 194
13 197
14 15
14 16
14 17
14 18
14 21
14 22
14 27
14 28
14 30
14 31
14 32
14 34
14 35
14 36
14 37
14 39
14 42
14 44
14 45
14 46
14 49
14 56
14 58
14 60
14 63
14 68
14 71
14 72
14 74
14 77
14 78
14 86
14 94
14 97
14 100
14 101
14 106
14 113
14 115
14 121
14 127
14 136
14 145
14 151
14 164
14 167
14 180
14 194
15 17
15 18
15 19
15 20
15 23
15 24
15 26
15 27
15 30
15 32
15 33
15 34
15 36
15 38
15 41
15 43
15 44
15 47
15 48
15 51
15 53
15 56
15 60
15 62
15 64
15 68
15 71
15 77
15 83
15 87
15 88
15 89
15 100
15 102
15 105
15 109
15 110
15 115
15 120
15 121
15 123
15 124
15 128
15 129
15 130
15 132
15 133
15 137
15 144
15 147
15 148
15 149
15 152
15 162
15 165
15 173
15 180
15 187
15 198
15 199
16 17
16 18
16 19
16 20
16 23
16 24
16 25
16 26
16 30
16 40
16 49
16 52
16 54
16 56
16 61
16 65
16 86
16 92
16 96
16 103
16 113
16 114
16 116
16 125
16 126
16 130
16 132
16 133
16 137
16 144
16 146
16 150
16 164
16 165
16 174
16 175
16 181
16 184
16 187
16 191
16 199
17 21
17 22
17 23
17 24
17 26
17 28
17 32
17 34
17 37
17 42
17 43
17 44
17 47
17 50
17 51
17 54
17 57
17 58
17 59
17 62
17 65
17 71
17 74
17 77
17 80
17 86
17 92
17 93
17 96
17 99
17 108
17 112
17 116
17 118
17 121
17 126
17 143
17 154
17 164
17 172
17 178
17 180
17 183
17 186
17 189
17 192
17 193
17 196
17 197
18 19
18 20
18 21
18 25
18 27
18 28
18 29
18 31
18 33
18 38
18 39
18 44
18 45
18 47
18 50
18 56
18 64
18 65
18 74
18 75
18 81
18 89
18 118
18 128
18 129
18 130
18 133
18 145
18 146
18 149
18 161
18 162
18 163
18 169
18 172
18 188
18 194
19 20
19 27
19 30
19 38
19 41
19 45
19 46
19 47
19 49
19 56
19 61
19 65
19 84
19 86
19 92
19 93
19 120
19 122
19 123
19 127
19 132
19 139
19 140
19 149
19 155
19 169
19 170
19 177
19 196
20 23
20 25
20 26
20 27
20 36
20 39
20 46
20 52
20 55
20 58
20 61
20 62
20 81
20 91
20 94
20 96
20 100
20 107
20 117
20 120
20 121
20 122
20 142
20 149
20 158
20 164
20 173
20 190
20 193
21 22
21 24
21 26
21 29
21 31
21 32
21 33
21 34
21 39
21 40
21 41
21 42
21 44
21 45
21 56
21 57
21 62
21 80
21 87
21 88
21 89
21 94
21 95
21 99
21 101
21 104
21 115
21 117
21 119
21 145
21 152
21 163
21 176
21 185
21 188
21 195
22 24
22 26
22 31
22 33
22 43
22 48
22 57
22 62
22 82
22 83
22 91
22 95
22 97
22 99
22 107
22 114
22 117
22 131
22 132
22 142
22 147
22 154
22 157
22 164
22 175
22 179
22 184
23 24
23 25
23 26
23 29
23 35
23 39
23 44
23 47
23 59
23 64
23 66
23 67
23 70
23 72
23 84
23 99
23 115
23 152
23 162
23 167
23 180
23 185
24 29
24 30
24 36
24 40
24 41
24 53
24 58
24 62
24 83
24 90
24 132
24 139
24 170
24 176
24 177
25 32
25 40
25 50
25 69
25 75
25 84
25 105
25 106
25 133
25 136
25 142
25 167
25 175
26 28
26 29
26 33
26 40
26 45
26 61
26 63
26 65
26 72
26 77
26 79
26 81
26 89
26 93
26 94
26 97
26 98
26 111
26 115
26 117
26 128
26 142
26 157
26 172
26 185
26 194
26 196
27 28
27 33
27 35
27 38
27 39
27 43
27 44
27 48
27 52
27 54
27 67
27 68
27 72
27 93
27 117
27 122
27 125
27 135
27 147
27 153
27 158
27 165
27 172
27 194
28 36
28 37
28 54
28 58
28 60
28 61
28 78
28 80
28 83
28 87
28 88
28 101
28 109
28 112
28 123
28 137
28 138
28 148
28 151
28 161
28 165
29 30
29 32
29 37
29 46
29 47
29 49
29 53
29 64
29 71
29 73
29 81
29 85
29 100
29 101
29 110
29 118
29 119
29 122
29 130
29 141
29 143
29 145
29 149
29 153
29 156
29 181
29 182
29 185
29 187
30 31
30 51
30 52
30 55
30 68
30 82
30 85
30 116
30 127
30 140
30 198
31 33
31 38
31 39
31 49
31 54
31 58
31 67
31 73
31 84
31 106
31 112
31 122
31 123
31 130
31 154
31 158
31 163
31 190
32 35
32 37
32 43
32 46
32 61
32 64
32 66
32 67
32 70
32 71
32 74
32 76
32 83
32 88
32 99
32 103
32 133
32 135
32 144
32 145
32 146
32 153
32 160
32 171
32 173
32 186
32 198
33 35
33 43
33 50
33 56
33 57
33 63
33 76
33 79
33 120
33 127
33 138
33 161
33 172
33 183
33 193
34 39
34 40
34 42
34 44
34 46
34 48
34 49
34 59
34 81
34 83
34 84
34 90
34 91
34 93
34 94
34 108
34 113
34 120
34 134
34 141
34 144
34 154
34 190
35 42
35 45
35 51
35 54
35 55
35 59
35 65
35 69
35 70
35 76
35 77
35 81
35 82
35 88
35 97
35 107
35 109
35 112
35 114
35 131
35 133
35 161
35 164
35 172
35 181
36 40
36 48
36 54
36 56
36 59
36 62
36 77
36 90
36 98
36 104
36 107
36 146
36 157
36 158
36 187
36 191
37 40
37 41
37 50
37 51
37 55
37 61
37 63
37 66
37 69
37 70
37 72
37 79
37 90
37 98
37 102
37 114
37 117
37 119
37 122
37 131
37 143
37 146
37 156
37 167
37 168
37 169
37 178
37 191
37 193
38 49
38 50
38 51
38 63
38 67
38 69
38 73
38 77
38 87
38 105
38 111
38 114
38 129
38 138
38 147
38 150
39 60
39 64
39 72
39 76
39 81
39 95
39 96
39 103
39 110
39 120
39 127
39 128
39 132
39 134
39 148
39 150
39 160
39 196
40 42
40 52
40 54
40 57
40 60
40 73
40 75
40 76
40 80
40 90
40 100
40 103
40 104
40 108
40 114
40 136
40 138
40 153
40 157
40 158
40 159
40 169
40 175
40 184
40 185
40 187
41 52
41 57
41 69
41 79
41 88
41 92
41 107
41 148
41 183
42 43
42 44
42 45
42 60
42 63
42 76
42 87
42 102
42 109
42 120
42 173
43 48
43 64
43 68
43 78
43 82
43 85
43 122
43 123
43 140
43 168
43 176
43 181
44 55
44 60
44 61
44 68
44 97
44 146
44 172
44 177
44 197
45 51
45 76
45 104
45 111
45 140
45 162
46 57
46 59
46 60
46 66
46 94
46 112
46 116
46 130
46 169
47 48
47 87
47 91
47 96
47 98
47 102
47 165
48 51
48 57
48 64
48 67
48 107
48 137
48 139
48 142
48 148
48 174
48 182
49 50
49 56
49 57
49 67
49 74
49 78
49 82
49 86
49 132
49 134
49 135
49 144
49 174
49 175
49 186
50 54
50 64
50 66
50 95
50 133
50 144
50 156
50 163
50 170
51 53
51 60
51 62
51 63
51 72
51 75
51 85
51 97
51 105
51 134
51 179
51 183
51 186
51 188
52 70
52 72
52 98
52 126
52 139
52 162
52 187
53 56
53 57
53 75
53 102
53 108
53 126
53 132
53 141
53 142
53 191
53 199
54 58
54 69
54 91
54 103
54 106
54 111
54 113
54 126
54 128
54 164
54 166
54 174
55 73
55 80
55 91
55 111
55 124
55 133
55 173
55 182
56 70
56 71
56 73
56 92
56 108
56 110
56 136
56 162
56 167
56 184
56 185
56 188
56 197
57 59
57 63
57 82
57 84
57 87
57 92
57 111
57 140
57 151
57 168
57 179
58 67
58 69
58 70
58 73
58 75
58 85
58 89
58 107
58 121
58 135
58 155
58 175
58 194
58 197
58 199
59 65
59 76
59 78
59 89
59 92
59 99
59 105
59 110
59 113
59 117
59 123
59 127
59 151
60 81
60 128
60 138
60 151
61 66
61 68
61 69
61 76
61 84
61 96
61 111
61 117
61 119
61 141
61 149
61 157
61 196
62 79
62 85
62 86
62 95
62 106
62 108
62 113
62 118
62 126
62 143
62 159
62 160
62 198
63 81
63 83
63 121
63 122
63 137
63 140
63 151
63 160
63 174
63 189
63 194
64 66
64 70
64 71
64 74
64 76
64 77
64 108
64 115
64 121
64 130
64 134
64 139
64 149
64 157
64 177
65 98
65 103
65 115
65 116
65 131
65 132
65 136
65 143
65 150
65 166
65 195
66 71
66 105
66 115
66 153
66 198
67 71
67 75
67 97
67 114
67 123
67 160
67 174
67 184
67 195
68 73
68 75
68 88
68 102
68 103
68 142
68 164
68 169
68 189
68 192
68 195
69 98
69 196
70 89
70 136
70 140
71 111
71 141
71 183
71 190
72 74
72 78
72 79
72 80
72 86
72 90
72 152
72 167
72 196
73 80
73 109
73 116
73 173
73 176
74 88
74 92
74 95
74 96
74 99
74 104
74 135
74 144
74 156
74 179
75 86
75 108
75 147
75 182
75 192
76 100
76 104
76 106
76 136
76 145
76 180
76 186
76 195
77 81
77 86
77 90
77 96
77 101
77 103
77 110
77 148
77 162
77 165
77 166
77 171
77 180
77 192
77 195
77 198
78 89
78 166
78 169
79 82
79 94
79 95
79 96
79 110
79 119
79 121
79 123
79 126
79 127
79 134
79 135
79 171
79 178
79 181
79 187
80 82
80 96
80 105
80 108
80 139
80 153
80 191
81 99
81 102
81 113
81 139
82 97
82 109
82 116
82 173
82 174
83 101
83 105
83 121
83 126
83 141
83 158
83 167
83 170
83 179
84 138
84 171
84 192
85 91
85 92
85 93
85 101
85 111
85 113
85 117
85 144
85 145
85 157
85 158
85 163
85 173
85 178
85 181
86 93
86 124
86 125
86 166
86 177
86 183
87 92
87 97
87 131
87 162
87 182
88 161
88 173
88 183
88 190
89 102
89 114
89 125
89 129
89 153
89 184
89 195
89 197
90 94
90 104
90 131
90 141
91 100
91 129
91 154
91 159
92 119
92 128
93 102
93 128
93 129
93 138
93 146
93 166
93 186
94 126
94 132
94 148
95 102
95 118
95 124
95 155
95 159
95 175
96 97
96 119
96 136
96 144
96 146
96 170
97 99
97 174
98 135
98 193
99 110
99 127
100 106
100 119
100 133
100 150
100 168
100 170
100 188
101 124
101 159
101 165
102 192
103 143
103 152
103 154
103 165
103 199
104 112
104 184
104 189
105 127
105 140
105 141
105 142
105 153
105 159
105 167
105 183
105 187
106 140
106 149
106 154
106 156
106 185
107 122
107 125
108 115
108 161
108 173
108 177
108 190
109 114
110 155
110 159
111 129
111 137
111 151
111 171
111 192
112 123
113 124
113 135
113 171
113 198
114 124
114 170
114 178
115 124
116 155
116 157
116 174
116 186
116 197
117 147
117 164
117 183
118 145
118 185
118 197
119 125
120 179
121 135
121 136
121 139
121 164
121 186
122 158
123 167
124 129
125 147
125 169
125 171
125 195
126 150
126 168
126 180
126 186
126 190
127 134
127 171
128 129
128 161
128 182
130 138
130 167
132 138
132 181
132 197
133 166
133 174
133 197
134 137
134 190
134 192
134 199
136 143
136 145
136 153
136 154
136 159
136 189
137 141
137 161
138 163
139 147
139 158
139 176
139 181
142 148
143 152
143 155
143 166
143 182
143 189
144 152
144 184
144 191
144 198
144 199
145 166
146 154
146 170
146 172
146 177
147 168
147 184
148 155
148 179
148 193
149 150
149 195
152 170
153 170
153 176
153 189
153 194
154 163
154 191
155 161
156 159
156 183
156 198
158 178
158 190
158 191
160 180
161 165
161 169
161 176
161 177
161 188
161 193
162 176
162 177
163 189
164 168
165 196
166 190
166 191
167 168
169 188
170 179
171 179
171 187
173 176
174 184
174 188
176 182
183 194
195 199
198 199
