0 1
0 2
0 3
0 4
0 5
0 6
0 7
0 8
0 9
0 10
0 11
0 12
0 13
0 14
0 16
0 17
0 18
0 19
0 22
0 26
0 27
0 30
0 33
0 37
0 39
0 40
0 43
0 47
0 48
0 52
0 53
0 55
0 56
0 57
0 59
0 60
0 61
0 63
0 64
0 68
0 71
0 72
0 73
0 75
0 76
0 77
0 78
0 82
0 89
0 91
0 98
0 100
0 102
0 103
0 105
0 106
0 111
0 114
0 115
0 117
0 118
0 119
0 120
0 123
0 125
0 128
0 132
0 140
0 142
0 157
0 159
0 166
0 168
0 172
0 173
0 181
0 192
0 195
1 11
1 15
1 16
1 18
1 19
1 21
1 23
1 24
1 26
1 35
1 40
1 44
1 47
1 51
1 53
1 61
1 70
1 72
1 73
1 81
1 87
1 96
1 102
1 109
1 113
1 123
1 125
1 197
1 199
2 11
2 12
2 13
2 14
2 15
2 19
2 20
2 24
2 26
2 29
2 30
2 33
2 34
2 35
2 40
2 42
2 46
2 47
2 51
2 74
2 75
2 76
2 86
2 87
2 88
2 90
2 154
2 155
2 168
2 170
2 182
2 195
2 199
3 12
3 13
3 14
3 15
3 16
3 17
3 20
3 25
3 34
3 40
3 41
3 43
3 49
3 79
3 86
3 89
3 104
3 106
3 118
3 124
3 126
3 132
3 136
3 137
3 144
3 149
3 162
3 163
3 178
3 187
3 199
4 11
4 12
4 13
4 16
4 20
4 23
4 28
4 29
4 31
4 35
4 36
4 42
4 43
4 46
4 49
4 51
4 58
4 62
4 65
4 67
4 69
4 74
4 87
4 94
4 97
4 131
4 132
4 135
4 137
4 150
4 155
4 158
4 159
4 168
4 196
4 199
5 11
5 12
5 13
5 15
5 17
5 20
5 23
5 26
5 32
5 33
5 34
5 44
5 46
5 48
5 54
5 62
5 68
5 71
5 74
5 87
5 94
5 104
5 105
5 107
5 108
5 111
5 113
5 118
5 129
5 140
5 144
5 148
5 152
5 174
5 187
5 191
5 195
6 11
6 12
6 13
6 14
6 21
6 24
6 25
6 30
6 32
6 57
6 62
6 84
6 85
6 172
6 174
6 198
7 11
7 14
7 15
7 20
7 21
7 28
7 48
7 55
7 73
7 75
7 81
7 82
7 107
7 108
7 115
7 125
7 131
7 167
7 180
7 182
8 11
8 12
8 13
8 14
8 18
8 22
8 26
8 27
8 36
8 37
8 42
8 48
8 53
8 54
8 55
8 60
8 65
8 75
8 81
8 82
8 89
8 96
8 108
8 109
8 124
8 127
8 135
8 140
8 145
8 146
8 150
8 160
8 164
8 180
8 185
8 186
8 194
9 11
9 12
9 13
9 14
9 15
9 16
9 17
9 18
9 20
9 23
9 25
9 27
9 28
9 29
9 31
9 35
9 37
9 39
9 50
9 53
9 54
9 65
9 66
9 68
9 75
9 76
9 79
9 89
9 91
9 109
9 115
9 126
9 129
9 132
9 138
9 151
9 154
9 157
9 169
9 175
9 180
9 184
9 189
9 190
9 192
10 11
10 12
10 16
10 17
10 18
10 19
10 24
10 35
10 36
10 38
10 39
10 42
10 44
10 45
10 47
10 49
10 50
10 55
10 56
10 60
10 66
10 75
10 85
10 92
10 93
10 101
10 106
10 119
10 137
10 148
10 161
10 166
10 176
10 194
11 12
11 13
11 14
11 15
11 16
11 17
11 18
11 21
11 22
11 23
11 25
11 27
11 29
11 32
11 33
11 34
11 36
11 38
11 41
11 45
11 48
11 49
11 55
11 56
11 58
11 64
11 66
11 71
11 72
11 73
11 74
11 80
11 81
11 83
11 87
11 91
11 92
11 93
11 96
11 107
11 111
11 112
11 113
11 114
11 118
11 122
11 127
11 130
11 132
11 133
11 138
11 139
11 141
11 146
11 151
11 153
11 172
11 175
11 180
11 183
12 13
12 14
12 15
12 16
12 17
12 18
12 19
12 21
12 22
12 24
12 26
12 27
12 28
12 29
12 30
12 34
12 36
12 37
12 39
12 41
12 43
12 48
12 50
12 56
12 59
12 60
12 62
12 63
12 64
12 67
12 68
12 71
12 74
12 76
12 77
12 81
12 94
12 104
12 105
12 107
12 108
12 119
12 122
12 128
12 134
12 145
12 154
12 155
12 157
12 158
12 169
12 191
12 193
13 14
13 15
13 16
13 17
13 18
13 20
13 21
13 25
13 28
13 29
13 33
13 34
13 35
13 36
13 38
13 39
13 42
13 43
13 48
13 55
13 59
13 61
13 64
13 67
13 71
13 72
13 76
13 80
13 86
13 98
13 99
13 100
13 127
13 128
13 129
13 137
13 141
13 149
13 153
13 158
13 168
13 189
13 194
14 15
14 17
14 18
14 19
14 21
14 22
14 23
14 24
14 25
14 26
14 27
14 29
14 30
14 34
14 36
14 39
14 42
14 51
14 52
14 53
14 54
14 55
14 58
14 60
14 63
14 66
14 73
14 74
14 75
14 87
14 88
14 90
14 92
14 95
14 96
14 98
14 109
14 112
14 124
14 132
14 139
14 152
14 153
14 155
14 161
14 163
14 165
14 175
14 179
14 181
14 184
14 187
14 188
14 189
15 16
15 17
15 19
15 20
15 21
15 22
15 23
15 24
15 25
15 27
15 30
15 31
15 33
15 37
15 41
15 42
15 43
15 45
15 46
15 47
15 54
15 55
15 56
15 57
15 65
15 80
15 85
15 86
15 88
15 92
15 93
15 95
15 96
15 97
15 101
15 105
15 112
15 118
15 120
15 122
15 129
15 131
15 136
15 147
15 150
15 151
15 152
15 153
15 160
15 168
15 173
15 175
15 184
16 19
16 22
16 23
16 24
16 25
16 26
16 30
16 31
16 40
16 43
16 44
16 45
16 46
16 47
16 49
16 52
16 59
16 70
16 71
16 74
16 83
16 88
16 89
16 106
16 112
16 122
16 125
16 128
16 130
16 137
16 138
16 139
16 140
16 146
16 160
16 164
16 171
16 174
17 18
17 19
17 21
17 22
17 25
17 28
17 29
17 31
17 39
17 44
17 47
17 54
17 59
17 61
17 64
17 82
17 84
17 89
17 92
17 96
17 98
17 104
17 113
17 115
17 142
17 149
17 151
17 159
17 162
17 172
17 177
17 193
18 19
18 20
18 23
18 27
18 29
18 32
18 42
18 44
18 47
18 53
18 54
18 56
18 59
18 64
18 68
18 74
18 80
18 95
18 100
18 103
18 113
18 144
18 164
18 169
18 172
18 178
18 184
18 188
18 192
18 196
18 199
19 20
19 21
19 23
19 24
19 27
19 32
19 34
19 36
19 37
19 38
19 39
19 41
19 43
19 44
19 45
19 49
19 56
19 57
19 65
19 68
19 69
19 71
19 77
19 81
19 86
19 100
19 106
19 120
19 125
19 153
19 157
19 172
19 174
19 196
20 22
20 25
20 28
20 32
20 35
20 40
20 47
20 50
20 51
20 62
20 66
20 68
20 70
20 79
20 82
20 85
20 87
20 93
20 99
20 101
20 104
20 105
20 108
20 110
20 122
20 133
20 138
20 142
20 149
20 179
20 187
21 22
21 24
21 27
21 28
21 31
21 34
21 39
21 45
21 48
21 49
21 57
21 61
21 68
21 76
21 95
21 111
21 130
21 156
21 158
21 174
21 185
22 26
22 31
22 34
22 57
22 73
22 81
22 108
22 150
22 156
23 35
23 37
23 41
23 47
23 49
23 53
23 86
23 95
23 118
23 157
24 29
24 30
24 31
24 37
24 38
24 40
24 41
24 42
24 46
24 50
24 55
24 59
24 61
24 63
24 67
24 69
24 73
24 78
24 79
24 80
24 88
24 97
24 98
24 112
24 127
24 129
24 135
24 139
24 141
24 149
24 155
24 170
24 180
25 26
25 28
25 30
25 31
25 32
25 36
25 41
25 44
25 46
25 48
25 53
25 56
25 57
25 58
25 72
25 93
25 112
25 129
25 132
25 133
25 140
25 148
25 161
25 170
25 174
25 176
25 179
25 182
25 195
26 33
26 35
26 38
26 41
26 45
26 46
26 67
26 84
26 89
26 117
26 126
26 138
26 148
26 153
26 162
26 168
26 170
26 184
27 28
27 37
27 43
27 45
27 50
27 63
27 67
27 77
27 80
27 90
27 91
27 92
27 103
27 105
27 106
27 107
27 113
27 135
27 143
27 159
27 189
28 30
28 33
28 38
28 42
28 50
28 53
28 58
28 59
28 61
28 63
28 65
28 71
28 72
28 75
28 78
28 84
28 86
28 111
28 113
28 118
28 130
28 140
28 143
28 144
28 148
28 150
28 157
28 163
28 164
28 170
28 184
29 31
29 32
29 33
29 36
29 38
29 40
29 45
29 67
29 87
29 88
29 100
29 139
29 159
29 173
29 176
29 182
29 191
29 193
30 32
30 33
30 35
30 38
30 41
30 54
30 70
30 81
30 83
30 84
30 86
30 90
30 97
30 101
30 108
30 109
30 110
30 124
30 126
30 142
30 145
30 151
30 154
30 165
30 166
30 175
30 187
30 199
31 32
31 40
31 48
31 71
31 75
31 117
31 137
31 140
31 142
31 194
32 40
32 51
32 61
32 64
32 66
32 68
32 79
32 81
32 90
32 94
32 102
32 117
32 120
32 130
32 131
32 136
32 137
32 147
32 149
32 163
32 173
33 52
33 63
33 66
33 72
33 77
33 117
33 135
33 147
33 158
33 164
33 191
34 37
34 38
34 39
34 43
34 45
34 57
34 58
34 104
34 121
34 126
34 127
34 137
34 138
34 140
34 149
34 175
34 180
34 182
34 184
35 83
35 153
35 180
36 60
36 62
36 63
36 79
36 83
36 98
36 103
36 130
36 135
36 140
36 146
36 152
36 171
36 177
36 179
36 196
37 44
37 50
37 51
37 52
37 59
37 60
37 63
37 65
37 78
37 92
37 93
37 97
37 102
37 103
37 106
37 114
37 123
37 130
37 148
37 159
37 174
37 177
37 179
38 49
38 62
38 64
38 67
38 69
38 73
38 78
38 83
38 97
38 120
38 122
38 127
38 136
38 169
38 176
39 50
39 55
39 57
39 77
39 82
39 88
39 89
39 91
39 101
39 109
39 116
39 157
39 160
39 168
39 169
39 176
39 190
39 194
39 197
40 46
40 50
40 52
40 70
40 79
40 91
40 99
40 114
40 128
40 129
40 171
41 44
41 49
41 51
41 52
41 56
41 58
41 65
41 79
41 82
41 96
41 108
41 113
41 126
41 139
41 146
41 154
41 176
41 185
41 186
41 187
42 46
42 54
42 62
42 70
42 75
42 76
42 91
42 101
42 105
42 111
42 119
42 121
42 148
42 152
42 156
42 159
42 169
42 173
42 174
42 179
42 180
42 188
42 189
42 190
42 195
42 197
42 198
43 80
43 102
43 110
43 121
43 125
43 166
44 58
44 63
44 98
44 103
44 161
44 167
45 51
45 52
45 67
45 82
45 88
45 91
45 93
45 99
45 110
45 117
45 122
45 139
45 154
45 165
45 167
45 174
45 189
46 74
46 77
46 164
46 165
47 52
47 59
47 61
47 69
47 95
47 99
47 102
47 105
47 107
47 111
47 117
47 118
47 122
47 132
47 143
47 150
47 155
47 157
47 167
47 190
47 197
48 56
48 76
48 79
48 83
48 95
48 98
48 104
48 116
48 123
48 130
48 141
48 147
48 162
48 197
49 51
49 57
49 64
49 94
49 100
49 109
49 123
49 170
49 181
49 186
49 187
50 69
50 77
50 85
50 100
50 108
50 114
50 116
50 188
51 52
51 60
51 70
51 82
51 86
51 88
51 90
51 95
51 105
51 111
51 116
51 141
51 142
51 163
51 167
51 185
51 187
51 198
51 199
52 53
52 54
52 66
52 72
52 78
52 83
52 84
52 116
52 139
52 150
52 165
52 166
52 190
53 60
53 61
53 83
53 95
53 97
53 99
53 110
53 117
53 119
53 131
53 144
53 145
53 173
54 58
54 65
54 78
54 82
54 85
54 88
54 92
54 93
54 103
54 112
54 124
54 148
54 166
54 187
55 58
55 121
55 124
55 127
55 132
55 134
55 142
55 153
55 155
55 182
55 194
56 66
56 92
56 96
56 97
56 102
56 129
56 133
56 145
56 152
56 166
56 188
56 198
57 64
57 69
57 72
57 100
57 111
57 112
57 116
57 124
57 134
57 145
57 154
58 60
58 62
58 94
58 115
58 138
58 143
58 148
58 179
58 194
59 62
59 68
59 84
59 102
59 120
59 133
59 135
59 136
59 144
59 147
59 150
59 191
59 196
60 78
60 106
60 128
60 138
60 158
60 168
60 182
60 194
61 84
61 107
61 114
61 134
61 135
61 136
61 139
61 141
61 168
61 188
61 192
62 65
62 69
62 77
62 78
62 79
62 90
62 119
62 133
62 134
62 150
62 156
62 161
62 163
62 171
62 194
63 69
63 70
63 73
63 105
63 190
64 66
64 71
64 81
64 83
64 92
64 93
64 109
64 114
64 147
64 173
64 189
64 191
65 78
65 87
65 124
65 128
65 132
65 135
65 138
65 155
65 178
66 67
66 72
66 73
66 84
66 90
66 91
66 98
66 99
66 102
66 104
66 113
66 116
66 128
66 129
66 131
66 133
66 134
66 136
66 148
66 161
66 167
66 171
66 185
66 186
66 198
67 70
67 95
67 96
67 100
67 115
67 128
67 131
67 146
67 193
68 69
68 74
68 77
68 80
68 104
68 122
68 123
68 125
68 144
68 162
68 184
68 195
69 70
69 91
69 112
69 114
69 121
69 131
69 136
69 153
69 178
70 85
70 101
70 125
70 136
70 143
70 146
70 157
70 158
71 80
71 85
71 94
71 97
71 106
71 110
71 113
71 116
71 120
71 143
71 147
71 158
71 171
71 187
72 87
72 94
72 112
72 127
72 139
72 145
73 76
73 101
73 110
73 143
73 170
73 177
73 188
74 76
74 94
74 97
74 99
74 123
74 165
75 80
75 110
75 162
75 163
75 168
75 169
75 193
76 85
76 102
76 121
77 89
77 90
77 111
77 114
77 130
77 142
77 149
77 163
77 180
77 183
78 85
78 99
78 115
78 129
78 138
78 144
78 181
79 94
79 101
79 103
79 110
79 123
79 127
79 135
79 175
79 185
79 193
80 103
81 84
81 89
81 130
81 146
81 188
81 193
82 123
82 126
82 134
82 188
83 86
83 127
83 147
83 173
84 90
84 98
84 118
84 119
84 122
84 165
85 117
85 151
85 169
85 172
85 198
86 106
86 118
86 156
86 163
86 173
87 93
87 101
87 156
87 170
87 185
88 116
88 120
88 183
88 196
89 104
89 159
90 170
90 183
90 192
90 197
90 198
91 100
91 107
91 143
91 156
91 162
91 167
91 176
91 185
92 96
92 99
92 114
92 119
92 149
92 159
92 175
92 183
93 110
93 146
93 165
93 178
93 180
94 107
94 151
94 152
94 181
95 131
96 121
96 124
96 131
96 133
96 136
97 109
97 155
97 198
98 163
99 107
99 115
99 151
99 162
99 186
99 192
100 103
100 120
100 134
101 109
101 142
101 192
102 121
102 165
102 171
102 195
103 141
103 144
103 147
104 142
104 175
104 193
105 134
105 167
106 108
106 128
106 151
106 161
106 169
106 181
107 116
107 145
107 146
107 177
108 115
108 175
108 181
108 192
109 121
109 126
109 151
109 162
109 164
109 173
109 178
109 189
110 117
110 134
110 137
110 196
111 115
111 119
111 126
111 152
111 177
112 140
112 156
112 172
112 193
113 149
114 133
114 184
114 185
115 143
116 120
116 124
116 154
116 160
116 169
116 190
117 119
117 177
117 182
117 194
118 133
118 147
119 121
119 123
119 125
119 141
119 164
120 144
120 188
120 197
121 183
122 125
122 171
123 155
124 126
124 178
124 186
125 199
126 141
127 143
127 154
127 160
127 161
127 172
127 183
127 186
129 150
129 195
130 152
130 158
130 161
130 176
130 184
130 197
132 141
132 164
132 178
132 179
132 185
133 157
134 137
134 152
134 195
135 156
136 158
136 161
136 192
137 159
137 178
138 145
138 160
138 171
138 177
139 182
141 145
142 190
143 182
144 153
144 162
144 167
144 172
144 181
145 160
146 183
147 167
147 177
148 156
148 166
149 160
149 191
151 154
151 192
151 198
152 166
153 164
153 186
156 160
157 165
158 174
158 178
161 171
161 186
163 170
163 177
163 179
163 190
164 183
164 196
165 166
165 190
165 197
167 176
168 183
168 189
168 198
170 195
171 191
172 181
173 181
174 176
174 179
175 186
175 191
176 191
176 199
184 196
185 193
186 199
188 189
189 196
192 197
