0 1
0 2
0 3
0 4
0 5
0 6
0 7
0 8
0 9
0 10
0 11
0 12
0 13
0 14
0 15
0 16
0 17
0 18
0 19
0 20
0 22
0 23
0 24
0 25
0 27
0 29
0 32
0 35
0 37
0 39
0 40
0 41
0 42
0 45
0 47
0 49
0 56
0 65
0 73
0 79
0 82
0 84
0 86
0 87
0 88
0 89
0 96
0 102
0 120
0 129
0 137
0 139
0 140
0 142
0 153
0 157
0 168
0 187
0 189
0 191
0 195
1 11
1 12
1 13
1 14
1 15
1 16
1 18
1 19
1 20
1 21
1 26
1 29
1 33
1 34
1 38
1 40
1 45
1 50
1 52
1 53
1 60
1 61
1 63
1 67
1 71
1 76
1 77
1 87
1 91
1 93
1 95
1 109
1 125
1 128
1 134
1 135
1 158
1 159
1 165
1 174
1 175
1 178
1 194
1 199
2 11
2 12
2 13
2 14
2 21
2 24
2 25
2 27
2 28
2 30
2 34
2 41
2 46
2 49
2 50
2 56
2 59
2 68
2 70
2 72
2 83
2 88
2 104
2 108
2 109
2 114
2 117
2 126
2 135
2 141
2 151
2 155
2 162
2 177
2 182
2 186
2 189
3 11
3 12
3 13
3 14
3 15
3 16
3 18
3 20
3 25
3 33
3 40
3 43
3 44
3 45
3 49
3 50
3 56
3 58
3 61
3 62
3 72
3 73
3 75
3 76
3 77
3 83
3 88
3 91
3 100
3 104
3 107
3 113
3 125
3 136
3 143
3 144
3 169
3 174
3 179
3 182
3 184
3 191
4 11
4 13
4 15
4 19
4 20
4 26
4 30
4 36
4 37
4 47
4 70
4 73
4 130
4 143
4 146
4 157
4 163
4 173
4 183
5 11
5 12
5 17
5 19
5 31
5 35
5 44
5 78
5 90
5 117
5 119
5 146
5 182
6 11
6 12
6 13
6 14
6 15
6 16
6 17
6 19
6 21
6 28
6 32
6 34
6 39
6 44
6 47
6 48
6 51
6 55
6 60
6 66
6 68
6 70
6 75
6 79
6 94
6 103
6 116
6 130
6 143
6 176
6 180
6 181
6 183
6 192
6 196
6 199
7 15
7 21
7 23
7 26
7 31
7 33
7 35
7 37
7 40
7 49
7 55
7 59
7 61
7 66
7 71
8 11
8 12
8 14
8 16
8 17
8 20
8 24
8 25
8 28
8 29
8 51
8 55
8 70
8 91
8 98
8 106
8 109
8 114
8 118
8 123
8 148
8 153
8 187
9 11
9 12
9 13
9 15
9 16
9 18
9 23
9 35
9 37
9 38
9 40
9 55
9 59
9 71
9 74
9 75
9 92
9 99
9 116
9 143
9 149
9 156
9 161
9 194
10 11
10 12
10 13
10 14
10 16
10 17
10 22
10 28
10 29
10 30
10 34
10 35
10 36
10 39
10 108
10 116
10 131
10 135
10 153
10 174
11 12
11 13
11 14
11 15
11 16
11 17
11 18
11 21
11 22
11 24
11 25
11 26
11 27
11 30
11 31
11 32
11 33
11 37
11 38
11 47
11 48
11 51
11 54
11 58
11 59
11 65
11 66
11 78
11 79
11 81
11 93
11 99
11 102
11 107
11 121
11 123
11 125
11 130
11 137
11 145
11 152
11 153
11 167
11 171
11 172
11 177
11 178
11 184
11 193
12 13
12 14
12 15
12 16
12 17
12 18
12 19
12 21
12 22
12 23
12 24
12 25
12 27
12 28
12 29
12 31
12 32
12 33
12 35
12 37
12 41
12 45
12 46
12 57
12 67
12 68
12 70
12 78
12 81
12 82
12 86
12 91
12 97
12 99
12 108
12 110
12 117
12 124
12 127
12 129
12 145
12 146
12 148
12 158
12 160
12 165
12 183
12 195
12 198
13 14
13 18
13 20
13 21
13 22
13 23
13 25
13 26
13 27
13 32
13 33
13 35
13 36
13 38
13 43
13 44
13 45
13 51
13 53
13 54
13 57
13 58
13 59
13 62
13 67
13 71
13 75
13 76
13 77
13 79
13 80
13 81
13 82
13 94
13 98
13 110
13 112
13 113
13 115
13 118
13 119
13 124
13 128
13 138
13 139
13 140
13 147
13 149
13 152
13 154
13 157
13 160
13 165
13 173
13 177
13 195
14 15
14 17
14 19
14 20
14 21
14 22
14 23
14 24
14 28
14 33
14 36
14 37
14 42
14 45
14 57
14 63
14 68
14 76
14 80
14 83
14 98
14 105
14 107
14 113
14 118
14 124
14 127
14 129
14 131
14 132
14 144
14 153
14 156
14 163
14 165
14 179
14 183
14 190
15 16
15 17
15 18
15 19
15 20
15 22
15 23
15 24
15 25
15 26
15 27
15 33
15 34
15 40
15 41
15 42
15 43
15 45
15 46
15 47
15 48
15 49
15 53
15 58
15 59
15 60
15 61
15 63
15 64
15 65
15 69
15 74
15 80
15 85
15 92
15 95
15 98
15 100
15 101
15 106
15 107
15 110
15 111
15 114
15 121
15 125
15 126
15 132
15 134
15 135
15 139
15 142
15 155
15 158
15 162
15 164
15 166
15 169
15 179
15 182
15 183
15 197
15 199
16 17
16 18
16 19
16 20
16 21
16 22
16 23
16 25
16 29
16 32
16 36
16 39
16 40
16 51
16 59
16 60
16 63
16 65
16 72
16 82
16 83
16 88
16 106
16 118
16 125
16 131
16 133
16 134
16 140
16 146
16 156
16 158
16 172
16 176
16 187
17 18
17 23
17 24
17 28
17 33
17 38
17 42
17 46
17 49
17 52
17 55
17 60
17 61
17 63
17 72
17 74
17 85
17 88
17 89
17 90
17 91
17 92
17 94
17 100
17 115
17 122
17 125
17 126
17 130
17 133
17 134
17 135
17 141
17 145
17 149
17 150
17 157
17 171
17 178
17 191
17 194
18 19
18 21
18 22
18 24
18 25
18 26
18 27
18 28
18 29
18 35
18 44
18 48
18 50
18 52
18 53
18 55
18 56
18 58
18 69
18 74
18 76
18 79
18 92
18 93
18 101
18 113
18 114
18 124
18 130
18 137
18 138
18 150
18 153
18 197
19 20
19 22
19 23
19 26
19 29
19 37
19 38
19 41
19 42
19 43
19 51
19 56
19 60
19 62
19 64
19 76
19 79
19 90
19 105
19 118
19 120
19 124
19 136
19 142
19 163
19 173
19 174
19 181
20 26
20 30
20 31
20 32
20 34
20 36
20 38
20 44
20 52
20 57
20 64
20 69
20 81
20 82
20 84
20 97
20 101
20 110
20 112
20 123
20 125
20 130
20 133
20 142
20 147
20 172
20 194
21 27
21 29
21 31
21 33
21 36
21 40
21 41
21 42
21 46
21 48
21 52
21 54
21 55
21 57
21 58
21 65
21 71
21 78
21 85
21 89
21 93
21 94
21 95
21 99
21 100
21 102
21 104
21 106
21 109
21 110
21 112
21 119
21 122
21 131
21 132
21 137
21 140
21 141
21 142
21 148
21 149
21 150
21 152
21 155
21 158
21 159
21 168
21 170
21 171
21 174
21 176
21 177
21 188
21 190
21 192
21 198
22 28
22 30
22 31
22 41
22 44
22 47
22 54
22 57
22 66
22 68
22 78
22 84
22 88
22 91
22 93
22 101
22 102
22 106
22 112
22 118
22 127
22 139
22 159
22 178
22 189
22 193
22 196
23 24
23 26
23 28
23 30
23 39
23 45
23 51
23 72
23 77
23 87
23 89
23 108
23 123
23 128
23 133
23 136
23 140
23 152
23 183
23 189
24 27
24 30
24 31
24 38
24 39
24 42
24 44
24 47
24 53
24 67
24 69
24 80
24 96
24 101
24 132
24 158
24 163
24 164
24 165
24 177
24 194
24 197
25 29
25 30
25 38
25 43
25 45
25 52
25 54
25 60
25 61
25 71
25 74
25 78
25 82
25 86
25 96
25 119
25 121
25 123
25 128
25 139
25 143
25 186
25 191
25 195
25 199
26 27
26 30
26 31
26 32
26 34
26 36
26 37
26 39
26 40
26 42
26 43
26 46
26 47
26 55
26 59
26 62
26 64
26 65
26 72
26 73
26 79
26 83
26 84
26 90
26 92
26 104
26 105
26 106
26 113
26 116
26 118
26 120
26 123
26 124
26 127
26 134
26 144
26 151
26 152
26 157
26 161
26 163
26 168
26 179
26 187
27 34
27 38
27 41
27 42
27 47
27 50
27 53
27 54
27 72
27 76
27 84
27 86
27 100
27 105
27 114
27 138
27 169
27 185
27 197
28 31
28 39
28 40
28 42
28 43
28 54
28 63
28 84
28 89
28 90
28 91
28 93
28 96
28 100
28 103
28 108
28 170
28 187
28 196
29 34
29 39
29 50
29 52
29 60
29 65
29 68
29 69
29 87
29 97
29 109
29 117
29 137
29 150
29 151
29 156
29 161
29 176
30 32
30 35
30 36
30 41
30 46
30 54
30 55
30 56
30 57
30 62
30 69
30 77
30 87
30 95
30 109
30 113
30 117
30 131
30 138
30 143
30 144
30 147
30 151
30 153
30 160
30 176
30 178
30 196
31 32
31 35
31 37
31 39
31 52
31 53
31 56
31 61
31 63
31 64
31 66
31 67
31 72
31 74
31 81
31 82
31 99
31 105
31 117
31 119
31 123
31 131
31 139
31 142
31 148
31 151
31 154
31 171
31 185
31 187
31 191
32 34
32 54
32 73
32 76
32 80
32 89
32 110
32 127
32 142
32 150
32 153
32 168
32 170
32 180
33 45
33 50
33 52
33 53
33 62
33 67
33 76
33 90
33 96
33 105
33 113
33 121
33 122
33 124
33 127
33 132
33 150
33 156
33 159
33 161
33 168
33 176
33 196
34 36
34 44
34 48
34 50
34 57
34 64
34 96
34 98
34 109
34 112
34 147
34 148
34 154
34 162
34 166
34 170
34 174
34 176
34 177
34 192
35 49
35 50
35 57
35 58
35 67
35 68
35 75
35 81
35 85
35 115
35 117
35 125
35 127
35 132
35 137
35 145
35 154
35 164
35 170
35 190
35 193
35 194
36 49
36 56
36 66
36 70
36 71
36 73
36 97
36 102
36 121
36 123
36 133
36 187
36 194
36 196
37 47
37 48
37 50
37 51
37 78
37 88
37 94
37 103
37 136
37 188
38 43
38 44
38 49
38 53
38 58
38 70
38 73
38 92
38 95
38 104
38 109
38 116
38 120
38 122
38 123
38 131
38 132
38 137
38 151
38 159
38 162
38 164
38 182
38 189
38 193
39 46
39 51
39 53
39 55
39 67
39 73
39 75
39 90
39 93
39 108
39 111
39 160
39 174
39 180
39 190
40 41
40 43
40 58
40 61
40 86
40 96
40 100
40 106
40 110
40 112
40 166
40 170
40 172
40 188
41 46
41 69
41 70
41 74
41 84
41 94
41 96
41 104
41 105
41 122
41 154
41 162
41 167
41 180
42 43
42 85
42 99
42 103
42 133
42 145
42 156
42 173
43 46
43 71
43 74
43 77
43 80
43 86
43 92
43 99
43 144
43 168
43 169
43 182
43 186
43 198
44 63
44 70
44 71
44 74
44 108
44 143
44 148
44 171
44 197
44 199
45 48
45 51
45 59
45 63
45 83
45 95
45 97
45 99
45 116
45 149
45 152
45 155
45 169
45 197
46 48
46 49
46 59
46 62
46 77
46 82
46 106
46 109
46 113
46 116
46 141
46 146
46 186
47 48
47 60
47 61
47 74
47 80
47 107
47 127
47 135
47 150
47 151
47 180
47 185
47 193
48 64
48 78
48 80
48 92
48 101
48 103
48 133
48 138
48 140
48 141
48 151
48 159
48 188
48 190
48 197
49 64
49 65
49 101
49 111
49 115
49 128
49 129
49 138
49 157
49 178
49 197
50 52
50 56
50 63
50 65
50 69
50 72
50 75
50 76
50 80
50 81
50 83
50 85
50 87
50 89
50 96
50 99
50 119
50 140
50 189
50 198
51 82
51 84
51 87
51 90
51 93
51 97
51 130
51 164
51 178
52 66
52 78
52 86
52 115
52 154
52 177
52 186
52 192
53 54
53 62
53 67
53 95
53 100
53 101
53 105
53 115
53 121
53 138
53 162
53 172
53 180
53 195
53 198
54 56
54 57
54 62
54 66
54 80
54 81
54 96
54 97
54 102
54 114
54 139
54 146
54 172
54 178
54 184
55 79
55 108
55 122
55 139
55 150
55 157
55 183
55 198
56 62
56 66
56 114
56 117
56 138
56 143
56 154
56 186
57 58
57 61
57 68
57 77
57 97
57 106
57 119
57 146
57 163
57 185
57 192
58 60
58 69
58 85
58 122
58 126
58 145
59 70
59 75
59 93
59 111
59 112
59 117
59 120
59 124
59 134
59 140
59 149
59 152
59 162
59 174
59 184
59 194
60 64
60 73
60 77
60 89
60 91
60 92
60 103
60 111
60 118
60 120
60 142
60 153
60 154
60 179
60 185
60 190
60 196
61 65
61 94
61 103
61 115
61 147
61 160
61 184
62 64
62 68
62 94
62 108
62 121
62 152
62 173
62 175
62 180
62 189
62 196
62 199
63 86
63 91
63 98
63 103
63 121
63 133
63 139
63 141
63 160
63 181
63 182
64 79
64 81
64 83
64 86
64 88
64 102
64 107
64 112
64 129
64 136
64 141
64 146
64 156
64 181
65 66
65 68
65 69
65 73
65 78
65 82
65 98
65 107
65 113
65 116
65 169
65 171
65 181
65 186
65 191
65 199
66 67
66 71
66 83
66 89
66 106
66 108
66 112
66 147
66 165
66 195
67 77
67 85
67 88
67 107
67 121
67 128
67 148
67 154
67 176
67 195
68 72
68 75
68 79
68 85
68 92
68 94
68 95
68 98
68 119
68 122
68 161
68 173
68 175
68 189
69 86
69 88
69 104
69 110
69 111
69 114
69 154
69 167
70 75
70 101
70 102
70 107
70 117
70 121
70 133
70 139
70 145
70 153
70 155
70 161
71 116
71 123
71 149
71 155
72 85
72 104
72 111
72 120
72 125
72 129
72 135
72 180
73 87
73 95
73 100
73 102
73 105
73 115
73 126
73 129
73 140
73 155
73 158
73 165
73 173
73 184
73 188
73 190
74 87
74 91
74 95
74 126
74 163
75 84
75 103
75 119
75 188
75 192
76 81
76 90
76 118
76 122
76 130
76 135
76 171
76 174
76 175
76 186
77 98
77 102
77 105
77 111
77 145
77 164
77 169
77 171
78 100
78 166
78 168
78 191
78 192
79 87
79 110
79 111
79 115
79 134
79 162
80 93
80 116
80 126
80 129
81 84
81 125
81 149
81 172
81 184
82 83
82 99
82 184
82 186
82 196
82 199
83 113
83 115
83 131
83 164
83 177
84 164
84 181
85 165
85 177
86 89
87 104
87 110
87 122
87 124
87 126
87 147
87 171
88 128
88 135
88 144
88 161
88 167
88 178
88 184
88 185
89 90
89 97
89 104
89 136
89 148
89 169
90 98
90 109
90 118
90 138
90 144
90 159
90 171
90 195
91 97
91 165
91 196
92 94
92 159
93 141
93 160
94 103
94 120
94 141
94 142
94 147
94 163
94 191
94 194
94 198
95 181
96 101
97 111
97 114
97 126
97 133
97 149
97 166
97 180
97 188
98 124
98 131
98 168
98 181
99 152
99 160
99 182
100 128
100 130
100 132
100 136
100 188
100 189
101 114
101 134
101 138
101 157
102 107
102 136
102 140
102 144
102 184
102 194
103 112
103 175
104 143
104 172
105 136
105 144
105 147
105 163
106 143
106 148
106 151
106 169
108 132
108 137
108 166
108 167
108 173
108 179
108 190
108 193
109 131
109 132
109 156
109 165
109 166
109 168
109 174
110 119
110 134
110 155
110 192
110 193
110 195
111 150
111 155
111 187
112 120
113 129
113 158
114 130
114 156
114 177
115 120
115 137
115 180
115 189
115 193
117 137
117 157
117 193
118 129
119 127
119 183
120 145
120 158
120 170
120 181
120 190
120 198
121 126
121 127
121 136
121 149
121 158
121 164
121 168
121 176
122 128
122 159
122 185
123 166
124 135
124 147
124 185
124 191
124 192
125 145
125 146
125 185
126 128
126 148
126 150
126 155
126 167
127 142
127 161
127 179
128 134
129 164
129 172
130 182
131 156
131 161
133 181
134 159
134 163
135 141
135 167
136 146
137 152
137 175
138 179
140 144
140 166
140 182
141 172
144 170
144 175
144 187
145 179
145 188
146 183
147 161
149 160
149 162
149 169
150 151
150 175
150 179
150 185
152 197
154 167
154 186
156 157
156 160
156 162
157 166
159 167
159 170
159 178
162 173
162 195
163 167
164 192
166 170
167 176
168 173
169 175
169 198
170 175
170 187
170 188
172 190
172 193
174 198
175 183
177 197
183 199
186 199
189 191
