0 1
0 2
0 3
0 4
0 5
0 6
0 7
0 8
0 9
0 10
0 11
0 12
0 13
0 14
0 15
0 16
0 17
0 19
0 20
0 21
0 24
0 25
0 26
0 35
0 36
0 37
0 40
0 41
0 43
0 45
0 51
0 54
0 55
0 58
0 59
0 60
0 70
0 75
0 76
0 77
0 84
0 93
0 97
0 98
0 100
0 105
0 111
0 112
0 113
0 118
0 126
0 133
0 144
0 150
0 151
0 156
0 166
0 169
0 170
0 173
0 186
0 191
0 198
1 11
1 12
1 25
1 34
1 52
1 58
1 73
1 78
1 103
1 105
1 155
1 176
1 186
2 11
2 12
2 13
2 14
2 15
2 16
2 19
2 21
2 22
2 24
2 27
2 28
2 32
2 34
2 35
2 36
2 37
2 44
2 54
2 55
2 57
2 62
2 66
2 71
2 83
2 84
2 86
2 90
2 99
2 101
2 104
2 109
2 121
2 122
2 146
2 148
2 149
2 153
2 159
2 166
2 177
2 187
2 194
3 11
3 12
3 13
3 16
3 17
3 19
3 21
3 23
3 24
3 27
3 29
3 34
3 37
3 38
3 42
3 43
3 44
3 46
3 55
3 60
3 61
3 63
3 65
3 66
3 71
3 73
3 78
3 84
3 85
3 93
3 94
3 99
3 120
3 126
3 135
3 144
3 150
3 155
3 158
3 176
3 182
3 183
3 194
4 11
4 12
4 15
4 18
4 20
4 23
4 25
4 26
4 28
4 30
4 34
4 35
4 36
4 37
4 39
4 42
4 48
4 51
4 62
4 69
4 76
4 83
4 84
4 85
4 91
4 97
4 108
4 125
4 131
4 132
4 141
4 153
4 157
4 182
4 188
4 191
4 199
5 11
5 12
5 13
5 24
5 33
5 55
5 63
5 91
5 138
5 183
6 11
6 12
6 13
6 14
6 15
6 16
6 17
6 18
6 19
6 20
6 21
6 22
6 23
6 28
6 29
6 30
6 32
6 33
6 37
6 41
6 43
6 47
6 53
6 57
6 61
6 68
6 71
6 79
6 85
6 89
6 90
6 91
6 97
6 98
6 102
6 116
6 119
6 133
6 139
6 156
6 161
6 162
6 166
6 169
6 178
6 179
7 14
7 22
7 48
7 69
7 70
8 11
8 12
8 13
8 14
8 15
8 18
8 20
8 23
8 24
8 49
8 58
8 79
8 106
8 108
8 112
8 113
8 118
8 122
8 127
8 132
8 142
8 145
8 146
8 147
8 165
8 173
8 174
8 176
8 178
8 181
9 11
9 12
9 13
9 14
9 15
9 16
9 17
9 18
9 23
9 26
9 28
9 29
9 30
9 31
9 32
9 34
9 35
9 38
9 39
9 42
9 43
9 45
9 46
9 47
9 51
9 52
9 56
9 61
9 65
9 72
9 78
9 79
9 81
9 88
9 90
9 93
9 99
9 102
9 103
9 107
9 112
9 117
9 127
9 134
9 135
9 145
9 149
9 155
9 161
9 189
9 196
9 197
9 198
10 11
10 13
10 14
10 17
10 18
10 20
10 22
10 26
10 29
10 42
10 53
10 77
10 81
10 82
10 118
10 183
10 188
10 199
11 12
11 13
11 14
11 15
11 16
11 17
11 18
11 19
11 20
11 21
11 22
11 23
11 25
11 27
11 28
11 29
11 31
11 33
11 35
11 38
11 40
11 41
11 43
11 44
11 46
11 48
11 51
11 53
11 54
11 57
11 58
11 60
11 61
11 67
11 68
11 69
11 74
11 75
11 76
11 77
11 84
11 85
11 88
11 95
11 96
11 98
11 104
11 107
11 109
11 123
11 126
11 127
11 129
11 132
11 139
11 142
11 147
11 164
11 165
11 175
11 177
11 179
11 187
11 195
11 199
12 13
12 14
12 15
12 16
12 18
12 19
12 20
12 22
12 23
12 24
12 27
12 30
12 31
12 33
12 34
12 40
12 42
12 43
12 44
12 45
12 46
12 52
12 54
12 56
12 59
12 64
12 71
12 76
12 82
12 89
12 90
12 96
12 98
12 107
12 109
12 110
12 116
12 121
12 128
12 132
12 138
12 160
12 162
12 189
12 195
12 197
13 14
13 15
13 16
13 17
13 18
13 19
13 21
13 23
13 24
13 26
13 28
13 30
13 31
13 34
13 37
13 39
13 41
13 44
13 45
13 46
13 48
13 49
13 60
13 61
13 62
13 66
13 71
13 72
13 73
13 77
13 79
13 86
13 90
13 98
13 100
13 106
13 112
13 121
13 154
13 158
13 166
13 168
13 170
13 180
13 181
13 182
13 194
14 15
14 16
14 17
14 19
14 22
14 26
14 27
14 28
14 29
14 30
14 35
14 36
14 37
14 38
14 39
14 44
14 49
14 50
14 57
14 59
14 60
14 64
14 68
14 70
14 75
14 79
14 80
14 86
14 89
14 94
14 97
14 100
14 101
14 107
14 108
14 111
14 113
14 123
14 125
14 129
14 137
14 146
14 147
14 151
14 164
14 165
14 174
14 175
14 183
14 196
15 16
15 17
15 19
15 20
15 21
15 23
15 27
15 29
15 31
15 33
15 34
15 36
15 40
15 46
15 47
15 48
15 50
15 55
15 64
15 65
15 68
15 70
15 74
15 84
15 91
15 94
15 105
15 107
15 108
15 111
15 112
15 113
15 114
15 116
15 120
15 125
15 126
15 128
15 133
15 134
15 136
15 156
15 171
16 17
16 18
16 20
16 21
16 22
16 25
16 27
16 28
16 29
16 30
16 33
16 39
16 47
16 49
16 50
16 53
16 56
16 57
16 62
16 66
16 78
16 81
16 83
16 88
16 104
16 115
16 120
16 123
16 128
16 131
16 135
16 140
16 141
16 148
16 150
16 153
16 167
16 178
16 182
16 183
16 184
16 187
16 193
17 18
17 19
17 22
17 29
17 30
17 31
17 32
17 46
17 47
17 50
17 62
17 77
17 78
17 100
17 110
17 128
17 144
17 148
17 171
17 173
17 175
17 185
17 189
17 196
18 20
18 21
18 22
18 25
18 27
18 29
18 30
18 37
18 39
18 40
18 41
18 43
18 44
18 48
18 53
18 54
18 56
18 63
18 65
18 66
18 67
18 70
18 73
18 80
18 81
18 86
18 92
18 93
18 95
18 104
18 121
18 125
18 131
18 139
18 147
18 163
18 164
18 175
18 186
18 188
18 191
18 192
19 25
19 26
19 27
19 28
19 31
19 32
19 33
19 36
19 49
19 53
19 54
19 55
19 57
19 61
19 74
19 92
19 95
19 99
19 105
19 108
19 114
19 118
19 125
19 130
19 131
19 144
19 151
19 163
19 167
19 177
19 197
19 198
20 21
20 25
20 26
20 31
20 37
20 40
20 49
20 50
20 54
20 55
20 56
20 58
20 60
20 63
20 67
20 69
20 75
20 76
20 83
20 89
20 92
20 95
20 97
20 98
20 99
20 110
20 119
20 124
20 140
20 144
20 167
20 180
20 189
20 193
20 195
21 24
21 39
21 40
21 51
21 64
21 66
21 109
21 115
21 117
21 118
21 123
21 127
21 131
22 23
22 24
22 28
22 36
22 38
22 43
22 53
22 64
22 65
22 72
22 83
22 86
22 87
22 97
22 101
22 103
22 109
22 130
22 138
22 149
22 150
22 157
22 159
22 177
22 190
22 193
22 198
23 24
23 25
23 33
23 34
23 35
23 41
23 45
23 47
23 48
23 55
23 56
23 58
23 69
23 71
23 76
23 81
23 89
23 92
23 106
23 111
23 123
23 151
23 156
23 163
23 185
24 25
24 26
24 31
24 32
24 34
24 35
24 42
24 67
24 69
24 70
24 73
24 74
24 75
24 76
24 84
24 85
24 88
24 98
24 103
24 111
24 112
24 119
24 122
24 123
24 134
24 136
24 138
24 148
24 152
24 156
24 191
24 192
24 195
25 26
25 27
25 32
25 39
25 41
25 42
25 50
25 51
25 52
25 58
25 60
25 61
25 68
25 72
25 82
25 96
25 110
25 112
25 121
25 122
25 125
25 131
25 134
25 144
25 145
25 149
25 150
25 159
25 177
25 178
25 179
25 191
26 30
26 31
26 33
26 36
26 38
26 44
26 47
26 49
26 52
26 69
26 72
26 81
26 106
26 138
26 149
26 156
26 157
26 170
26 179
26 180
26 188
27 32
27 33
27 36
27 43
27 44
27 59
27 67
27 99
27 106
27 108
27 116
27 129
27 130
27 132
27 153
27 158
27 180
27 181
27 189
28 40
28 45
28 46
28 50
28 59
28 63
28 77
28 80
28 87
28 91
28 94
28 99
28 102
28 104
28 106
28 118
28 128
28 134
28 135
28 139
28 142
28 147
28 154
28 166
29 35
29 36
29 40
29 42
29 46
29 49
29 52
29 53
29 55
29 62
29 63
29 65
29 66
29 67
29 69
29 77
29 78
29 80
29 87
29 97
29 111
29 133
29 140
29 141
29 143
29 160
29 165
29 168
29 172
29 192
30 32
30 35
30 37
30 38
30 62
30 68
30 80
30 82
30 84
30 94
30 100
30 102
30 120
30 125
30 147
30 151
30 159
30 162
30 174
31 32
31 38
31 40
31 41
31 43
31 46
31 48
31 52
31 57
31 82
31 86
31 87
31 94
31 106
31 119
31 141
31 145
31 170
31 172
31 173
31 176
31 190
31 193
32 51
32 52
32 54
32 56
32 64
32 65
32 67
32 70
32 75
32 81
32 86
32 87
32 88
32 89
32 95
32 96
32 106
32 124
32 142
32 143
32 174
32 181
32 185
32 191
33 51
33 66
33 73
33 85
33 88
33 93
33 96
33 110
33 116
33 117
33 122
33 128
33 136
33 143
33 147
33 179
33 181
34 42
34 47
34 51
34 62
34 73
34 92
34 113
34 117
34 121
34 165
34 191
35 38
35 39
35 41
35 45
35 61
35 65
35 71
35 74
35 78
35 94
35 99
35 115
35 116
35 129
35 156
35 161
35 162
35 186
35 195
35 197
36 38
36 39
36 57
36 90
36 102
36 106
36 128
36 148
36 171
36 176
36 185
36 199
37 48
37 53
37 113
37 141
37 161
37 172
38 44
38 59
38 62
38 73
38 101
38 103
38 129
38 132
38 139
38 179
38 194
39 41
39 45
39 50
39 54
39 58
39 94
39 95
39 96
39 130
39 133
39 173
39 187
39 196
40 42
40 47
40 56
40 57
40 61
40 82
40 84
40 88
40 105
40 107
40 115
40 120
40 131
40 133
40 163
40 172
40 174
40 182
40 188
41 59
41 63
41 81
41 100
41 105
41 114
41 124
41 176
41 188
41 198
42 45
42 59
42 63
42 69
42 74
42 87
42 144
42 145
42 182
43 54
43 57
43 65
43 88
43 110
43 115
43 154
43 166
43 184
43 198
44 45
44 47
44 71
44 86
44 89
44 139
44 149
44 153
44 159
44 183
44 199
45 48
45 49
45 52
45 53
45 56
45 58
45 73
45 79
45 83
45 84
45 89
45 93
45 101
45 118
45 138
45 142
45 143
45 146
45 152
45 155
45 158
45 160
45 162
45 168
45 173
45 175
45 188
46 49
46 59
46 68
46 100
46 101
46 107
46 114
46 116
46 133
46 163
46 169
46 184
47 50
47 52
47 55
47 60
47 70
47 102
47 115
47 123
47 126
47 141
47 160
47 176
48 50
48 51
48 61
48 62
48 79
48 93
48 114
48 130
48 165
48 166
48 187
48 194
49 63
49 71
49 75
49 86
49 101
49 117
49 145
49 185
49 192
50 56
50 64
50 66
50 71
50 72
50 83
50 85
50 86
50 87
50 97
50 111
50 118
50 131
50 134
50 136
50 142
50 169
50 179
51 64
51 78
51 115
51 126
52 60
52 74
52 80
52 81
52 82
52 102
52 119
52 128
52 130
52 134
52 146
52 150
52 162
52 167
52 178
52 184
52 186
53 58
53 59
53 67
53 70
53 85
53 96
53 102
53 109
53 110
53 124
53 129
53 132
53 140
53 157
53 164
53 177
53 184
53 186
53 187
53 191
54 85
54 90
54 104
54 136
54 139
54 153
54 157
54 172
54 195
54 196
55 70
55 74
55 87
55 92
55 97
55 104
55 114
55 120
55 184
56 67
56 72
56 83
56 100
56 136
56 154
56 184
57 64
57 68
57 85
57 91
57 109
57 119
57 150
57 152
57 197
58 65
58 68
58 76
58 80
58 105
58 112
58 131
58 146
58 167
58 192
59 60
59 77
59 78
59 79
59 87
59 100
59 107
59 137
59 141
59 144
59 154
59 155
59 177
59 182
59 184
59 195
60 75
60 92
60 101
60 110
60 111
60 115
60 120
60 168
60 170
60 174
60 182
60 197
61 64
61 68
61 72
61 75
61 78
61 80
61 105
61 118
61 135
61 138
61 158
61 164
61 174
61 181
61 184
62 63
62 75
62 79
62 83
62 92
62 108
62 120
62 143
62 198
63 72
63 77
63 124
63 140
63 148
63 152
63 171
64 72
64 96
64 104
64 105
64 114
64 150
64 160
64 166
64 179
64 191
65 66
65 74
65 95
65 151
65 163
65 168
66 67
66 76
66 79
66 80
66 81
66 82
66 93
66 94
66 103
66 107
66 124
66 151
66 168
66 180
67 69
67 93
67 166
67 186
68 77
68 98
68 102
68 181
68 199
69 73
69 88
69 95
69 113
69 130
69 135
69 187
70 115
70 116
70 129
71 76
71 90
71 97
71 120
71 122
71 167
72 82
72 96
72 101
72 103
72 132
72 137
72 153
72 156
72 161
72 175
72 187
73 74
73 92
73 108
73 114
73 130
73 173
74 83
74 92
74 96
74 130
74 138
74 146
74 158
74 159
74 185
74 188
74 191
75 80
75 88
75 133
75 138
75 147
75 149
75 178
76 90
76 101
76 125
76 164
76 175
76 193
77 89
77 91
77 108
77 114
77 129
77 162
77 169
78 82
78 91
78 99
78 102
78 112
78 121
78 122
78 150
78 156
78 159
78 178
78 180
79 94
79 98
79 103
79 111
79 114
79 117
79 132
79 137
79 144
79 155
79 163
80 87
80 98
80 111
80 127
80 154
80 172
80 196
81 109
81 116
81 142
81 147
81 196
82 130
82 141
82 169
82 180
82 182
83 93
83 119
83 121
83 159
83 161
83 190
84 95
84 127
84 137
84 157
85 91
85 127
85 135
85 136
85 178
85 186
86 139
86 198
87 89
87 90
87 116
87 146
87 157
87 167
87 197
88 104
88 117
88 133
88 134
88 139
88 151
88 152
88 190
89 91
89 103
89 118
89 145
89 149
89 156
89 159
89 164
89 172
90 105
90 109
90 122
90 128
90 139
90 152
90 154
90 161
90 180
91 113
91 135
91 148
91 163
91 192
91 193
92 95
92 107
92 148
92 152
92 154
92 178
93 104
93 106
93 122
93 125
93 126
93 151
93 171
93 172
93 185
93 199
94 133
94 143
94 198
95 99
95 115
95 122
95 140
96 136
96 147
96 159
96 167
96 195
97 109
97 119
97 126
97 177
98 103
98 110
98 112
98 113
98 123
98 127
98 161
99 100
99 195
99 197
100 121
100 124
100 167
101 110
101 117
101 120
101 123
101 186
102 190
103 117
103 131
103 155
103 160
104 126
104 149
105 129
105 141
105 143
105 144
105 161
105 162
105 165
105 174
105 188
106 124
106 137
106 143
106 157
106 169
106 177
106 197
107 108
107 128
107 199
108 153
109 124
109 127
109 140
109 146
109 187
109 193
110 125
110 137
110 182
110 188
111 113
111 119
111 132
112 127
112 136
112 137
112 145
112 171
113 117
113 142
114 148
114 172
114 189
115 136
115 145
115 158
115 161
115 164
115 199
116 119
116 121
116 123
116 143
116 180
117 135
118 124
118 137
118 142
118 174
118 193
119 140
119 173
119 176
119 192
120 190
121 168
121 198
122 152
122 165
122 179
123 126
123 152
123 160
123 185
123 192
124 150
124 154
124 168
124 193
125 135
125 165
125 166
125 173
125 183
125 185
125 194
126 164
127 129
128 138
128 158
129 145
129 154
130 134
131 134
131 140
131 146
131 167
132 165
132 176
133 137
133 153
133 155
133 162
134 169
134 199
135 158
135 160
136 176
137 189
138 141
138 148
138 157
138 163
138 175
138 194
139 140
139 169
140 143
140 169
140 193
141 142
141 170
141 175
142 149
142 155
143 152
143 160
144 171
144 186
146 151
147 189
147 197
148 184
148 194
149 171
149 173
149 189
151 155
151 170
152 153
152 170
152 196
153 157
153 192
155 158
155 163
155 179
155 181
156 162
156 168
156 174
157 171
157 178
157 190
158 160
158 183
158 192
161 164
162 170
162 172
162 190
163 195
164 168
164 175
164 190
165 171
165 177
165 196
166 187
167 170
167 181
168 194
170 183
172 183
172 189
173 181
175 194
179 180
183 185
184 196
185 190
