0 1
0 2
0 3
0 4
0 5
0 6
0 7
0 8
0 9
0 10
0 11
0 12
0 13
0 14
0 15
0 16
0 17
0 18
0 19
0 20
0 21
0 22
0 26
0 27
0 28
0 30
0 31
0 33
0 34
0 36
0 40
0 41
0 42
0 45
0 46
0 47
0 52
0 55
0 58
0 64
0 66
0 71
0 72
0 73
0 74
0 86
0 87
0 90
0 91
0 94
0 96
0 97
0 102
0 104
0 108
0 111
0 112
0 113
0 115
0 121
0 123
0 124
0 144
0 152
0 154
0 159
0 161
0 163
0 172
0 175
0 183
0 197
1 11
1 18
1 19
1 28
1 34
1 36
1 38
1 39
1 41
1 55
1 56
1 58
1 63
1 78
1 79
1 140
1 144
1 148
1 159
1 160
1 168
1 187
2 11
2 12
2 13
2 14
2 15
2 16
2 18
2 20
2 21
2 22
2 27
2 33
2 38
2 42
2 44
2 46
2 48
2 50
2 61
2 64
2 67
2 74
2 75
2 78
2 82
2 85
2 91
2 101
2 103
2 109
2 110
2 114
2 126
2 135
2 136
2 138
2 152
2 157
2 158
2 181
2 192
3 11
3 12
3 13
3 15
3 16
3 17
3 21
3 29
3 34
3 35
3 54
3 80
3 88
3 96
3 110
3 117
3 169
4 11
4 12
4 13
4 17
4 19
4 20
4 24
4 31
4 32
4 33
4 49
4 50
4 60
4 62
4 64
4 71
4 79
4 80
4 84
4 120
4 123
4 124
4 127
4 128
4 136
4 137
4 139
4 150
4 157
4 164
4 178
4 180
5 11
5 12
5 13
5 14
5 15
5 17
5 19
5 23
5 33
5 41
5 50
5 60
5 67
5 73
5 76
5 93
5 99
5 104
5 116
5 122
5 129
5 148
6 11
6 12
6 13
6 14
6 16
6 18
6 20
6 21
6 25
6 37
6 39
6 44
6 45
6 50
6 58
6 88
6 92
6 97
6 108
6 112
6 117
6 122
6 135
6 137
6 147
6 187
6 190
6 191
6 195
7 11
7 12
7 14
7 18
7 19
7 28
7 38
7 41
7 43
7 47
7 54
7 60
7 64
7 86
7 88
7 103
7 115
7 118
7 127
7 136
7 154
7 174
7 176
7 185
7 186
8 11
8 13
8 14
8 15
8 16
8 23
8 30
8 65
8 67
8 79
8 155
8 157
8 165
8 169
8 187
9 11
9 12
9 15
9 16
9 17
9 20
9 23
9 36
9 41
9 42
9 52
9 61
9 78
9 87
9 124
9 136
9 137
9 138
9 139
9 174
9 176
9 196
9 199
10 12
10 13
10 14
10 15
10 24
10 31
10 34
10 39
10 43
10 45
10 47
10 51
10 53
10 59
10 62
10 63
10 68
10 74
10 84
10 92
10 97
10 109
10 111
10 121
10 132
10 147
10 192
10 194
11 12
11 13
11 14
11 15
11 16
11 17
11 18
11 20
11 21
11 23
11 24
11 25
11 26
11 29
11 32
11 35
11 39
11 41
11 46
11 49
11 57
11 62
11 63
11 66
11 68
11 73
11 74
11 76
11 81
11 83
11 91
11 93
11 94
11 95
11 96
11 104
11 113
11 114
11 128
11 135
11 136
11 137
11 138
11 144
11 147
11 150
11 151
11 152
11 155
11 166
11 179
11 182
11 184
11 186
11 191
12 13
12 14
12 15
12 16
12 17
12 18
12 19
12 20
12 21
12 22
12 25
12 27
12 28
12 30
12 32
12 36
12 37
12 40
12 42
12 43
12 48
12 49
12 51
12 57
12 61
12 72
12 77
12 83
12 86
12 94
12 95
12 97
12 99
12 101
12 102
12 105
12 106
12 112
12 118
12 119
12 126
12 130
12 150
12 159
12 161
12 165
12 167
12 169
12 177
12 181
12 190
13 14
13 15
13 16
13 17
13 19
13 21
13 24
13 25
13 26
13 27
13 28
13 29
13 32
13 33
13 34
13 35
13 36
13 38
13 39
13 40
13 41
13 43
13 51
13 53
13 54
13 60
13 70
13 74
13 82
13 97
13 105
13 106
13 109
13 110
13 116
13 119
13 121
13 134
13 142
13 146
13 148
13 152
13 153
13 156
13 161
13 167
13 182
13 192
13 193
13 196
13 198
14 19
14 20
14 21
14 22
14 25
14 27
14 29
14 30
14 31
14 33
14 38
14 40
14 42
14 44
14 47
14 48
14 52
14 55
14 56
14 57
14 59
14 63
14 65
14 76
14 81
14 108
14 109
14 115
14 124
14 125
14 143
14 151
14 158
14 160
14 164
14 181
14 188
15 16
15 17
15 18
15 19
15 21
15 22
15 23
15 35
15 37
15 38
15 46
15 52
15 61
15 69
15 70
15 73
15 75
15 80
15 84
15 86
15 95
15 96
15 103
15 104
15 105
15 112
15 113
15 120
15 130
15 133
15 143
15 148
15 150
15 160
15 172
15 175
15 187
15 190
16 17
16 18
16 20
16 22
16 23
16 24
16 25
16 26
16 34
16 35
16 37
16 38
16 39
16 40
16 44
16 45
16 47
16 48
16 51
16 55
16 62
16 76
16 81
16 91
16 100
16 102
16 105
16 111
16 114
16 116
16 119
16 121
16 125
16 129
16 131
16 133
16 149
16 155
16 160
16 167
16 171
16 177
16 188
17 18
17 22
17 23
17 24
17 25
17 26
17 28
17 30
17 32
17 33
17 34
17 35
17 39
17 43
17 45
17 47
17 49
17 56
17 60
17 65
17 66
17 94
17 95
17 98
17 107
17 111
17 114
17 120
17 140
17 141
17 149
17 156
17 158
17 163
17 166
17 173
17 177
17 197
18 19
18 20
18 22
18 23
18 24
18 26
18 27
18 28
18 29
18 32
18 34
18 36
18 41
18 42
18 43
18 44
18 47
18 49
18 52
18 55
18 56
18 57
18 58
18 66
18 68
18 69
18 70
18 71
18 73
18 75
18 83
18 84
18 86
18 88
18 89
18 90
18 92
18 93
18 96
18 104
18 112
18 119
18 133
18 136
18 138
18 143
18 156
18 161
18 166
18 169
18 192
19 26
19 27
19 31
19 32
19 46
19 55
19 65
19 72
19 84
19 109
19 178
19 181
19 183
20 21
20 22
20 23
20 24
20 25
20 29
20 30
20 31
20 37
20 38
20 39
20 44
20 48
20 49
20 52
20 53
20 54
20 62
20 64
20 65
20 70
20 71
20 73
20 77
20 82
20 83
20 97
20 99
20 114
20 116
20 119
20 120
20 122
20 125
20 128
20 138
20 140
20 141
20 152
20 153
20 154
20 155
20 161
20 165
20 170
20 172
20 179
20 182
20 189
20 195
20 198
21 22
21 23
21 24
21 25
21 26
21 28
21 32
21 33
21 34
21 36
21 38
21 44
21 46
21 47
21 48
21 55
21 56
21 58
21 61
21 62
21 66
21 71
21 81
21 83
21 90
21 98
21 99
21 101
21 102
21 104
21 106
21 120
21 121
21 125
21 126
21 127
21 134
21 142
21 162
21 166
21 167
21 168
21 174
21 177
21 178
21 182
21 193
21 197
22 30
22 50
22 51
22 60
22 68
22 78
22 99
22 107
22 114
22 128
22 148
22 152
22 161
22 163
22 171
22 199
23 24
23 28
23 39
23 43
23 45
23 46
23 58
23 67
23 70
23 79
23 85
23 88
23 94
23 118
23 119
23 124
23 126
23 131
23 137
23 138
23 140
23 145
23 146
23 191
23 198
24 25
24 26
24 27
24 29
24 30
24 31
24 35
24 38
24 40
24 42
24 45
24 49
24 53
24 54
24 57
24 60
24 68
24 72
24 99
24 100
24 101
24 103
24 116
24 117
24 124
24 125
24 131
24 133
24 138
24 140
24 142
24 145
24 149
24 151
24 152
24 153
24 164
24 167
24 174
24 185
24 188
24 189
24 196
24 198
25 26
25 27
25 28
25 29
25 35
25 37
25 39
25 46
25 63
25 64
25 71
25 84
25 89
25 97
25 101
25 103
25 110
25 112
25 113
25 117
25 127
25 134
25 135
25 137
25 145
25 154
25 156
25 190
25 191
25 193
25 196
26 27
26 29
26 30
26 31
26 33
26 34
26 36
26 43
26 46
26 48
26 51
26 53
26 57
26 80
26 84
26 90
26 93
26 102
26 109
26 113
26 134
26 147
26 170
26 188
26 192
26 199
27 29
27 31
27 32
27 33
27 43
27 44
27 46
27 50
27 54
27 56
27 57
27 59
27 69
27 75
27 85
27 88
27 89
27 92
27 105
27 123
27 129
27 132
27 139
27 150
27 159
27 167
27 175
27 180
27 183
27 196
28 30
28 32
28 35
28 37
28 44
28 47
28 52
28 53
28 69
28 80
28 81
28 86
28 94
28 100
28 105
28 106
28 124
28 127
28 135
28 146
28 164
28 172
28 173
28 180
28 197
29 31
29 36
29 57
29 59
29 64
29 89
29 90
29 94
29 106
29 118
29 123
29 187
29 190
30 37
30 40
30 42
30 45
30 51
30 57
30 59
30 63
30 65
30 68
30 69
30 73
30 75
30 107
30 117
30 118
30 127
30 130
30 133
30 139
30 152
30 184
31 42
31 44
31 49
31 52
31 56
31 61
31 68
31 71
31 73
31 77
31 85
31 94
31 95
31 110
31 118
31 119
31 124
31 138
31 147
31 149
31 158
31 173
31 176
31 195
32 35
32 37
32 41
32 47
32 48
32 55
32 60
32 61
32 70
32 74
32 75
32 85
32 109
32 115
32 129
32 198
33 37
33 53
33 54
33 66
33 76
33 83
33 137
33 159
33 178
34 45
34 51
34 56
34 59
34 64
34 72
34 76
34 78
34 79
34 82
34 117
34 134
34 141
34 147
34 149
34 153
34 159
34 166
34 169
34 170
34 181
34 190
34 193
35 36
35 40
35 41
35 48
35 59
35 62
35 71
35 78
35 83
35 96
35 104
35 107
35 118
35 134
35 142
35 165
35 174
35 189
35 195
36 43
36 49
36 55
36 57
36 58
36 59
36 61
36 69
36 74
36 88
36 92
36 100
36 106
36 119
36 127
36 128
36 142
36 149
36 155
36 162
36 166
36 173
36 178
36 192
37 40
37 45
37 50
37 51
37 59
37 78
37 88
37 90
37 95
37 109
37 111
37 115
37 122
37 126
37 127
37 131
37 133
37 138
37 140
37 143
37 158
37 165
37 167
37 184
38 40
38 53
38 58
38 74
38 78
38 81
38 83
38 84
38 90
38 107
38 108
38 110
38 112
38 139
38 140
38 177
38 182
39 51
39 58
39 63
39 68
39 69
39 72
39 82
39 89
39 97
39 101
39 102
39 104
39 105
39 111
39 124
39 155
39 159
39 163
39 176
39 189
39 195
40 42
40 60
40 62
40 63
40 71
40 76
40 86
40 87
40 88
40 98
40 101
40 108
40 131
40 133
40 140
40 163
40 183
40 191
40 198
41 50
41 65
41 70
41 77
41 105
41 111
41 117
41 120
41 125
41 130
41 138
41 143
41 148
41 157
41 173
42 67
42 73
42 78
42 86
42 103
42 153
42 159
42 176
42 178
42 183
42 198
43 50
43 69
43 79
43 82
43 90
43 103
43 120
43 131
43 170
43 172
43 184
44 48
44 54
44 60
44 70
44 77
44 100
44 101
44 103
44 134
44 144
44 153
44 162
44 164
44 175
44 184
45 58
45 64
45 66
45 77
45 80
45 94
45 100
45 107
45 109
45 110
45 150
45 171
46 61
46 86
46 94
46 102
46 129
46 150
46 158
46 159
46 160
46 178
46 187
46 194
47 49
47 52
47 63
47 73
47 79
47 80
47 81
47 87
47 96
47 104
47 108
47 121
47 128
47 135
47 146
47 154
47 173
47 181
47 199
48 50
48 53
48 56
48 74
48 75
48 76
48 84
48 89
48 91
48 104
48 141
48 193
48 199
49 52
49 53
49 54
49 65
49 66
49 103
49 131
49 132
49 186
50 55
50 56
50 66
50 70
50 76
50 85
50 92
50 93
50 100
50 102
50 106
50 112
50 114
50 117
50 121
50 123
50 125
50 126
50 131
50 133
50 142
50 143
50 151
50 154
50 160
50 170
50 173
50 180
50 183
50 184
50 186
51 54
51 74
51 87
51 90
51 107
51 122
51 144
51 145
51 154
51 165
51 168
51 179
51 183
51 190
51 192
52 95
52 129
52 146
52 182
53 68
53 111
53 113
53 115
53 160
53 165
53 176
53 182
54 59
54 62
54 65
54 68
54 75
54 85
54 87
54 99
54 114
54 118
54 121
54 141
54 145
54 166
54 185
54 186
54 197
55 80
55 85
55 92
55 106
55 129
55 140
55 169
55 190
56 67
56 116
56 145
56 151
56 173
57 61
57 66
57 67
57 75
57 80
57 82
57 87
57 92
57 96
57 107
57 109
57 122
57 137
57 144
57 145
57 148
57 164
57 171
57 174
57 187
58 98
58 100
58 106
58 139
58 151
58 166
58 189
58 192
59 72
59 89
59 107
59 108
59 111
59 122
59 126
59 128
60 65
60 77
60 81
60 82
60 136
61 62
61 79
61 87
61 93
61 98
61 113
61 149
61 153
61 162
61 167
61 174
61 183
61 193
62 63
62 64
62 69
62 71
62 75
62 77
62 79
62 91
62 105
62 116
62 120
62 131
62 152
62 165
62 171
62 180
63 67
63 91
63 93
63 96
63 97
63 132
63 146
63 158
63 172
63 194
64 69
64 70
64 91
64 110
64 162
64 170
64 182
65 67
65 77
65 82
65 86
65 92
65 108
65 123
65 128
65 134
65 147
65 161
65 167
66 67
66 113
66 143
66 150
66 157
66 163
66 185
67 72
67 84
67 95
67 155
68 77
68 145
68 180
69 72
69 79
69 80
69 87
69 89
69 93
69 108
69 146
69 153
69 161
69 175
69 186
69 194
69 199
70 83
70 92
70 99
70 108
70 123
70 132
70 197
71 72
71 78
71 81
71 95
71 100
71 115
71 127
71 132
71 146
71 156
71 186
71 188
71 199
72 125
72 128
72 147
72 151
72 187
72 191
73 76
73 85
73 99
73 124
73 169
73 172
73 184
73 191
74 83
74 91
74 119
74 141
74 171
74 184
75 98
75 114
75 123
75 126
75 129
75 142
75 154
75 160
75 162
75 184
75 185
75 198
76 89
76 125
76 139
76 178
77 81
77 87
77 112
77 143
77 149
77 176
78 89
78 99
78 116
78 122
78 123
78 148
78 167
78 168
78 196
79 82
79 100
79 101
79 136
79 186
79 197
80 85
80 115
80 155
80 192
80 195
81 91
81 96
81 101
81 147
81 151
81 152
81 157
82 110
82 117
82 118
82 126
82 132
82 135
82 157
82 168
83 88
83 98
83 112
83 141
83 169
83 175
84 93
84 129
84 137
84 145
84 155
84 156
85 90
85 154
85 176
86 134
86 197
87 93
87 95
87 103
87 157
88 97
88 110
88 116
88 139
89 102
89 116
89 149
89 179
90 102
90 106
90 113
90 132
90 141
90 147
90 168
90 170
90 179
90 188
90 199
91 98
91 141
91 154
92 122
92 139
92 158
92 168
93 123
94 98
94 111
94 148
94 161
95 105
95 144
95 156
95 169
95 175
95 189
96 98
96 118
96 119
96 120
96 141
96 181
96 183
96 185
96 195
98 115
98 126
98 135
98 136
100 122
101 157
101 158
101 176
101 179
102 107
102 115
102 121
102 130
102 177
103 130
105 121
105 128
105 130
105 142
105 168
105 179
106 136
106 165
106 174
106 179
106 188
106 191
107 113
107 117
108 146
108 163
108 170
109 130
110 148
110 155
110 166
111 127
111 130
111 137
112 125
112 140
112 176
113 114
113 130
113 132
113 150
113 159
113 187
114 120
114 132
114 170
114 181
114 186
114 187
114 193
115 134
115 146
115 162
115 191
115 194
115 199
116 142
116 144
116 164
116 175
116 192
117 133
117 150
117 163
117 175
118 142
118 180
118 189
118 194
119 144
119 164
119 179
120 161
120 198
121 163
121 166
122 131
122 133
122 151
122 165
123 164
124 191
124 195
125 188
126 173
127 129
127 135
127 157
127 169
127 170
127 174
127 183
128 168
128 177
128 196
129 143
129 151
129 162
129 194
130 144
130 160
132 135
132 156
132 178
133 171
133 177
133 185
134 143
134 153
136 175
137 149
138 139
138 171
138 172
138 177
139 156
139 162
139 168
139 181
139 185
140 171
142 163
142 188
143 145
144 177
144 179
144 193
146 158
146 196
149 181
150 160
151 153
152 172
152 194
152 195
154 194
155 156
155 162
156 182
157 184
157 185
157 193
157 194
158 190
159 197
161 164
162 189
163 171
163 174
163 180
164 172
164 178
164 197
167 185
167 188
168 198
169 173
169 180
169 186
169 193
175 180
176 182
179 189
180 189
182 195
182 196
186 190
191 199
192 196
