0 1
0 2
0 3
0 4
0 5
0 6
0 7
0 8
0 9
0 10
0 11
0 12
0 13
0 14
0 15
0 16
0 17
0 18
0 20
0 21
0 22
0 23
0 25
0 26
0 27
0 28
0 29
0 31
0 33
0 36
0 40
0 42
0 43
0 47
0 50
0 51
0 54
0 58
0 61
0 65
0 67
0 68
0 72
0 73
0 74
0 77
0 78
0 91
0 99
0 102
0 105
0 109
0 111
0 119
0 121
0 128
0 132
0 133
0 143
0 163
0 164
0 177
0 186
0 190
0 199
1 11
1 12
1 13
1 14
1 16
1 17
1 20
1 22
1 23
1 32
1 41
1 47
1 49
1 57
1 87
1 102
1 132
1 167
1 184
1 190
2 13
2 15
2 20
2 21
2 22
2 26
2 28
2 30
2 35
2 46
2 47
2 64
2 70
2 80
2 84
2 130
2 137
2 139
2 152
2 175
2 187
3 11
3 12
3 14
3 15
3 16
3 18
3 20
3 23
3 25
3 26
3 27
3 32
3 34
3 35
3 36
3 37
3 38
3 42
3 44
3 45
3 53
3 55
3 56
3 64
3 69
3 72
3 81
3 87
3 88
3 92
3 109
3 112
3 113
3 133
3 134
3 147
3 155
3 158
3 173
3 174
3 176
3 181
3 184
3 199
4 11
4 12
4 13
4 14
4 15
4 19
4 20
4 24
4 28
4 29
4 31
4 33
4 53
4 74
4 92
4 97
4 109
4 117
4 144
4 152
4 165
4 171
5 11
5 12
5 13
5 14
5 16
5 17
5 18
5 19
5 20
5 21
5 24
5 25
5 27
5 29
5 30
5 32
5 37
5 41
5 43
5 51
5 53
5 59
5 60
5 63
5 66
5 69
5 75
5 78
5 79
5 80
5 89
5 96
5 98
5 100
5 107
5 114
5 123
5 125
5 129
5 131
5 132
5 135
5 137
5 141
5 142
5 147
5 156
5 158
5 159
5 162
5 170
5 171
5 174
5 178
5 191
6 11
6 12
6 16
6 19
6 50
6 60
6 99
6 100
6 133
6 144
6 155
6 199
7 11
7 13
7 15
7 16
7 25
7 33
7 37
7 44
7 62
7 69
7 78
7 130
7 156
7 187
7 195
8 11
8 12
8 13
8 15
8 17
8 18
8 21
8 25
8 30
8 31
8 33
8 39
8 46
8 55
8 57
8 59
8 69
8 70
8 75
8 81
8 85
8 89
8 97
8 98
8 104
8 112
8 115
8 119
8 121
8 138
8 145
8 149
8 155
8 157
8 158
8 170
8 173
8 179
8 184
9 11
9 12
9 14
9 15
9 16
9 18
9 19
9 20
9 21
9 27
9 29
9 31
9 32
9 34
9 37
9 39
9 53
9 58
9 59
9 60
9 64
9 66
9 102
9 116
9 155
9 159
10 11
10 12
10 13
10 14
10 16
10 17
10 18
10 19
10 22
10 27
10 85
10 86
10 104
10 112
10 137
10 155
10 186
11 12
11 13
11 14
11 15
11 17
11 18
11 23
11 24
11 26
11 29
11 30
11 31
11 35
11 36
11 38
11 40
11 41
11 42
11 43
11 44
11 46
11 47
11 48
11 56
11 63
11 71
11 73
11 80
11 83
11 87
11 103
11 112
11 120
11 123
11 124
11 126
11 135
11 177
11 181
11 189
11 193
11 199
12 13
12 14
12 15
12 16
12 17
12 18
12 19
12 20
12 21
12 22
12 23
12 25
12 26
12 28
12 31
12 32
12 35
12 38
12 39
12 42
12 43
12 45
12 46
12 52
12 59
12 67
12 68
12 70
12 71
12 73
12 77
12 79
12 82
12 83
12 85
12 87
12 91
12 93
12 94
12 95
12 97
12 101
12 103
12 104
12 110
12 113
12 124
12 127
12 129
12 131
12 132
12 133
12 139
12 142
12 152
12 168
12 172
12 177
12 179
12 180
12 188
12 194
13 14
13 15
13 19
13 22
13 23
13 24
13 25
13 26
13 29
13 30
13 31
13 33
13 35
13 36
13 37
13 38
13 39
13 43
13 46
13 47
13 49
13 54
13 55
13 57
13 61
13 78
13 80
13 83
13 86
13 89
13 91
13 92
13 93
13 96
13 97
13 108
13 116
13 123
13 138
13 142
13 145
13 156
13 160
13 161
13 163
13 173
13 180
13 183
13 187
13 193
14 16
14 17
14 20
14 24
14 26
14 27
14 31
14 36
14 48
14 53
14 54
14 55
14 58
14 65
14 68
14 80
14 81
14 82
14 92
14 96
14 114
14 125
14 126
14 136
14 137
14 141
14 145
14 165
14 170
14 176
14 179
14 199
15 17
15 18
15 19
15 22
15 23
15 24
15 27
15 28
15 32
15 33
15 34
15 38
15 41
15 50
15 56
15 58
15 59
15 70
15 71
15 75
15 76
15 80
15 81
15 82
15 83
15 85
15 88
15 89
15 90
15 92
15 93
15 95
15 105
15 114
15 115
15 118
15 126
15 131
15 137
15 139
15 140
15 141
15 165
15 166
15 171
15 193
15 194
15 197
16 17
16 18
16 19
16 21
16 22
16 24
16 26
16 27
16 29
16 34
16 35
16 37
16 40
16 45
16 46
16 50
16 58
16 60
16 62
16 63
16 79
16 86
16 88
16 99
16 101
16 104
16 113
16 119
16 122
16 133
16 147
16 150
16 151
16 176
16 189
16 190
16 198
17 19
17 21
17 24
17 27
17 28
17 29
17 30
17 39
17 41
17 43
17 49
17 51
17 60
17 63
17 79
17 98
17 100
17 116
17 130
17 138
17 139
17 143
17 147
17 148
17 153
17 157
17 160
17 163
17 166
17 169
17 171
17 177
17 187
17 196
17 197
18 22
18 30
18 31
18 32
18 34
18 35
18 38
18 42
18 44
18 46
18 72
18 75
18 82
18 88
18 90
18 95
18 108
18 128
18 135
18 136
18 188
19 20
19 21
19 23
19 28
19 39
19 40
19 48
19 51
19 57
19 61
19 64
19 71
19 76
19 82
19 83
19 84
19 93
19 97
19 100
19 105
19 107
19 108
19 109
19 110
19 111
19 123
19 134
19 136
19 150
19 152
19 154
19 160
19 168
19 169
19 181
19 184
19 191
20 21
20 23
20 24
20 25
20 29
20 32
20 34
20 38
20 45
20 63
20 70
20 71
20 73
20 79
20 119
20 124
20 131
20 141
20 143
20 172
20 173
20 187
20 189
20 198
21 22
21 28
21 35
21 36
21 40
21 44
21 45
21 48
21 49
21 60
21 61
21 66
21 67
21 71
21 72
21 81
21 95
21 99
21 104
21 105
21 115
21 125
21 154
21 159
22 23
22 25
22 27
22 28
22 29
22 30
22 34
22 37
22 41
22 45
22 49
22 51
22 53
22 54
22 57
22 62
22 63
22 69
22 77
22 90
22 98
22 102
22 105
22 106
22 125
22 126
22 129
22 135
22 142
22 146
22 157
22 168
22 169
22 176
23 24
23 25
23 31
23 32
23 33
23 35
23 36
23 40
23 43
23 45
23 48
23 53
23 58
23 64
23 67
23 70
23 71
23 73
23 82
23 83
23 96
23 97
23 100
23 105
23 106
23 112
23 116
23 120
23 131
23 136
23 152
23 157
23 159
23 161
23 164
23 174
23 177
23 182
23 184
23 186
23 190
23 193
24 26
24 33
24 34
24 46
24 48
24 52
24 65
24 67
24 70
24 74
24 75
24 84
24 86
24 103
24 107
24 109
24 110
24 113
24 115
24 130
24 131
24 156
24 166
24 178
25 26
25 30
25 33
25 37
25 38
25 43
25 44
25 45
25 47
25 51
25 56
25 57
25 61
25 65
25 72
25 77
25 81
25 84
25 86
25 87
25 91
25 106
25 114
25 117
25 119
25 120
25 121
25 126
25 127
25 132
25 137
25 154
25 160
25 174
25 175
25 190
25 192
26 28
26 33
26 40
26 42
26 43
26 44
26 55
26 56
26 59
26 61
26 63
26 64
26 65
26 66
26 68
26 69
26 84
26 86
26 89
26 91
26 93
26 112
26 122
26 128
26 147
26 176
26 177
26 179
26 183
27 34
27 39
27 40
27 42
27 52
27 60
27 61
27 68
27 69
27 71
27 78
27 90
27 103
27 106
27 107
27 116
27 151
27 170
27 180
27 183
27 188
28 30
28 53
28 67
28 93
28 94
28 110
28 111
28 118
28 121
28 126
28 137
28 146
28 150
28 153
28 174
28 182
28 195
29 34
29 41
29 49
29 50
29 52
29 62
29 63
29 74
29 76
29 85
29 94
29 95
29 107
29 113
29 115
29 124
29 142
29 156
29 164
29 166
29 192
30 36
30 37
30 43
30 45
30 50
30 51
30 68
30 70
30 95
30 105
30 108
30 114
30 144
30 152
30 167
30 172
30 185
31 32
31 35
31 38
31 40
31 47
31 48
31 50
31 51
31 52
31 57
31 69
31 71
31 72
31 80
31 85
31 94
31 103
31 117
31 123
31 127
31 128
31 138
31 148
31 155
31 162
31 167
32 36
32 41
32 42
32 52
32 55
32 72
32 73
32 79
32 80
32 87
32 95
32 102
32 108
32 120
32 123
32 126
32 142
32 150
32 180
32 194
33 38
33 39
33 41
33 44
33 54
33 58
33 61
33 64
33 65
33 69
33 70
33 76
33 80
33 82
33 91
33 93
33 98
33 110
33 111
33 125
33 128
33 129
33 138
33 139
33 141
33 147
33 155
33 158
33 165
33 171
33 172
33 177
34 40
34 46
34 52
34 54
34 55
34 56
34 57
34 67
34 68
34 72
34 82
34 84
34 102
34 118
34 149
34 159
34 171
34 183
34 196
35 36
35 37
35 39
35 42
35 44
35 49
35 52
35 65
35 84
35 87
35 90
35 117
35 124
35 148
35 199
36 49
36 50
36 51
36 60
36 62
36 63
36 114
36 126
36 128
36 129
36 189
36 195
37 47
37 65
37 77
37 85
37 89
37 100
37 101
37 134
37 143
37 148
37 150
37 164
37 180
37 185
37 189
37 191
37 195
38 39
38 41
38 47
38 49
38 53
38 56
38 57
38 61
38 64
38 66
38 70
38 74
38 89
38 92
38 94
38 96
38 104
38 112
38 120
38 122
38 132
38 139
38 160
38 178
38 181
38 194
38 195
38 197
39 46
39 48
39 50
39 53
39 54
39 64
39 67
39 73
39 81
39 124
39 128
39 133
39 140
39 146
39 148
39 155
39 157
39 166
39 167
40 42
40 55
40 58
40 59
40 88
40 89
40 101
40 107
40 110
40 112
40 117
40 121
40 173
41 44
41 48
41 52
41 62
41 63
41 88
41 98
41 130
41 151
41 185
41 189
41 194
42 47
42 75
42 77
42 78
42 94
42 132
42 137
42 150
42 197
43 52
43 60
43 72
43 76
43 85
43 98
43 103
43 106
43 107
43 130
43 138
43 161
43 166
43 169
43 188
43 193
44 45
44 50
44 51
44 57
44 75
44 90
44 96
44 112
44 114
44 140
44 151
44 158
44 160
45 48
45 55
45 66
45 67
45 68
45 83
45 91
45 99
45 102
45 106
45 111
45 116
45 118
45 121
45 138
45 143
45 151
45 153
45 183
45 196
46 56
46 68
46 104
46 142
46 168
46 187
47 54
47 67
47 71
47 84
47 102
47 115
47 144
47 168
47 174
47 176
48 49
48 56
48 58
48 60
48 62
48 72
48 75
48 84
48 97
48 106
48 113
48 123
48 136
48 150
48 152
48 164
48 182
48 183
48 194
49 54
49 59
49 61
49 62
49 65
49 83
49 96
49 104
49 114
49 116
49 122
49 135
49 187
49 192
49 193
50 54
50 68
50 73
50 74
50 79
50 90
50 100
50 102
50 153
50 164
50 176
50 195
51 55
51 66
51 73
51 74
51 75
51 109
51 149
51 166
52 56
52 59
52 65
52 76
52 94
52 96
52 126
52 131
52 134
52 140
52 141
52 147
52 166
52 169
52 199
53 62
53 77
53 78
53 92
53 101
53 103
53 107
53 128
53 144
53 153
53 156
53 159
54 73
54 86
54 87
54 92
54 102
54 104
54 111
54 134
54 144
54 182
54 196
55 59
55 85
55 105
55 133
55 135
55 136
55 144
55 163
55 193
56 58
56 64
56 88
56 107
56 116
56 129
56 165
56 167
56 170
56 181
56 182
56 198
57 62
57 66
57 87
57 148
57 182
57 190
58 74
58 76
58 96
58 122
58 136
58 140
58 155
58 163
58 170
58 192
58 197
59 109
59 188
60 77
60 86
60 90
60 118
60 122
60 174
61 86
61 94
61 115
61 125
61 126
61 145
61 148
61 161
61 163
62 89
62 90
62 104
62 108
62 110
62 142
62 161
62 178
63 66
63 101
63 113
63 122
63 135
63 151
63 162
63 172
63 186
64 66
64 69
64 74
64 92
64 112
64 119
64 124
64 133
64 139
64 140
64 161
64 180
65 74
65 78
65 81
65 82
65 83
65 88
65 90
65 134
65 149
65 166
65 179
65 185
65 198
65 199
66 76
66 78
66 82
66 103
66 122
66 129
66 143
66 162
66 164
66 167
66 178
66 194
67 76
67 144
67 146
67 157
67 175
67 180
68 76
68 79
68 88
68 99
68 115
68 118
68 127
68 132
68 153
68 177
68 195
69 79
69 94
69 121
69 174
70 81
70 84
70 101
70 117
70 146
70 165
70 194
71 77
71 83
71 98
71 99
71 101
71 117
71 121
71 147
71 165
71 198
72 77
72 95
72 111
72 127
72 136
72 137
72 146
72 149
73 78
73 80
73 81
73 95
73 103
73 135
73 149
73 191
74 75
74 87
74 94
74 101
74 106
74 141
74 143
74 145
74 156
74 167
74 182
75 79
75 95
75 103
75 138
75 150
75 169
75 172
75 175
75 195
76 110
76 125
76 146
76 187
77 101
77 124
77 131
77 154
77 162
77 176
78 85
78 88
78 91
78 93
78 98
78 111
78 116
78 125
78 152
78 162
78 179
79 113
79 130
79 141
79 158
79 162
79 178
79 188
79 198
80 117
80 118
80 127
80 148
80 154
80 158
81 86
81 89
81 109
81 129
81 132
81 168
81 182
82 99
82 118
82 151
82 152
82 172
82 191
83 96
83 97
83 130
83 153
83 187
84 97
84 108
84 121
84 142
84 143
84 151
84 154
84 168
84 183
84 184
84 195
85 91
85 99
85 119
85 124
85 146
85 172
85 186
86 134
86 142
86 148
86 170
86 173
86 177
87 91
87 92
87 140
87 146
87 162
87 198
88 93
88 97
88 100
88 117
88 120
88 128
88 135
88 160
88 173
88 184
88 186
88 188
88 196
89 93
89 100
89 115
89 120
89 163
90 114
90 119
90 171
90 198
91 98
91 108
91 113
91 122
91 154
91 165
92 106
92 119
92 163
92 191
93 120
93 151
93 154
94 110
94 111
94 113
94 120
94 133
94 164
94 167
94 175
94 189
94 192
94 196
95 108
95 173
95 186
96 105
96 121
96 143
96 148
96 149
96 156
96 173
96 186
96 191
96 193
97 99
97 127
97 149
97 153
97 157
97 166
97 167
97 170
97 184
97 199
98 105
99 100
99 106
99 117
99 159
99 185
100 108
100 109
100 123
100 125
100 127
100 131
101 118
101 123
101 124
101 134
101 156
102 107
102 109
102 122
102 125
102 130
102 139
102 157
102 162
102 167
102 188
103 123
103 136
103 139
103 151
103 159
103 164
103 165
104 140
104 179
105 118
105 120
106 129
106 183
107 110
107 111
107 132
107 135
108 141
108 197
109 115
109 141
109 150
109 158
109 176
109 183
109 199
110 165
110 192
111 114
111 116
111 178
112 127
112 144
112 145
112 170
112 177
112 181
113 147
113 181
114 119
114 149
114 163
114 185
114 190
115 181
117 160
117 174
118 133
118 138
118 139
118 143
118 152
118 157
118 171
119 128
119 138
119 145
120 134
121 127
121 129
121 173
122 130
122 134
122 136
122 140
122 163
122 164
122 189
122 194
122 196
123 147
123 161
124 161
124 169
125 140
125 162
126 175
127 137
127 161
127 175
127 179
128 191
128 198
129 131
129 145
129 178
129 185
130 188
131 171
131 180
132 153
132 186
133 144
135 158
135 170
135 185
135 193
136 182
137 160
137 197
138 192
139 185
140 157
140 159
140 169
140 174
140 195
140 196
141 145
141 169
141 187
141 196
142 145
142 160
142 184
143 159
143 168
143 196
144 154
144 193
145 146
145 149
145 168
145 192
146 150
146 156
146 176
146 185
147 155
147 178
147 184
147 192
148 190
150 153
150 172
150 179
151 154
151 181
151 191
152 158
152 169
152 172
153 161
154 197
155 188
155 189
156 182
157 175
159 179
160 175
161 168
164 189
165 171
165 180
165 198
166 191
167 180
167 194
169 175
170 178
170 181
176 190
176 197
180 183
180 192
181 197
183 186
184 190
