0 1
0 2
0 3
0 4
0 5
0 6
0 7
0 8
0 9
0 10
0 11
0 12
0 13
0 14
0 15
0 16
0 17
0 18
0 19
0 21
0 22
0 24
0 25
0 26
0 30
0 31
0 32
0 34
0 35
0 38
0 39
0 41
0 44
0 46
0 49
0 53
0 55
0 57
0 60
0 63
0 65
0 68
0 72
0 73
0 76
0 82
0 84
0 85
0 88
0 89
0 92
0 96
0 105
0 106
0 108
0 111
0 113
0 114
0 116
0 118
0 120
0 123
0 128
0 132
0 134
0 135
0 137
0 141
0 149
0 152
0 153
0 159
0 165
0 166
0 168
0 174
0 175
0 176
0 180
0 182
0 185
0 186
1 11
1 12
1 14
1 15
1 17
1 19
1 22
1 27
1 48
1 51
1 55
1 56
1 61
1 70
1 74
1 79
1 91
1 101
1 122
1 124
1 153
1 162
1 173
1 188
1 195
1 197
2 11
2 12
2 13
2 14
2 19
2 20
2 22
2 24
2 25
2 46
2 55
2 59
2 62
2 79
2 82
2 129
2 177
2 191
3 26
3 45
3 90
3 107
3 112
3 122
3 177
4 11
4 12
4 13
4 14
4 15
4 16
4 21
4 27
4 32
4 40
4 48
4 66
4 73
4 76
4 77
4 79
4 86
4 95
4 103
4 112
4 124
4 128
4 138
4 139
4 140
4 144
4 145
4 148
4 149
4 153
4 163
4 164
4 168
4 192
4 196
4 198
5 11
5 12
5 13
5 14
5 15
5 17
5 18
5 19
5 20
5 22
5 25
5 28
5 29
5 33
5 36
5 39
5 45
5 52
5 60
5 62
5 78
5 95
5 97
5 128
5 146
5 166
5 180
5 182
5 187
6 11
6 12
6 13
6 16
6 18
6 20
6 26
6 37
6 39
6 95
6 110
6 114
6 121
6 147
6 173
6 177
6 192
7 11
7 12
7 13
7 14
7 15
7 16
7 17
7 18
7 21
7 24
7 25
7 26
7 27
7 29
7 30
7 32
7 33
7 35
7 37
7 38
7 39
7 40
7 43
7 47
7 49
7 50
7 52
7 53
7 57
7 58
7 59
7 61
7 64
7 71
7 73
7 82
7 93
7 94
7 99
7 103
7 104
7 106
7 109
7 112
7 115
7 119
7 121
7 132
7 147
7 148
7 155
7 160
7 171
7 179
7 187
7 190
7 194
7 199
8 11
8 13
8 14
8 16
8 17
8 21
8 23
8 27
8 28
8 29
8 30
8 32
8 34
8 47
8 48
8 58
8 60
8 63
8 64
8 73
8 76
8 79
8 85
8 88
8 107
8 121
8 129
8 135
8 155
8 156
8 182
8 192
9 11
9 12
9 13
9 16
9 18
9 19
9 20
9 21
9 25
9 32
9 40
9 42
9 56
9 58
9 62
9 95
9 136
9 140
9 157
10 11
10 12
10 15
10 20
10 21
10 26
10 30
10 33
10 43
10 72
10 74
10 85
10 98
10 102
10 104
10 105
10 112
10 131
10 160
10 161
10 173
11 12
11 13
11 14
11 15
11 16
11 17
11 18
11 19
11 22
11 23
11 25
11 26
11 27
11 29
11 33
11 34
11 35
11 37
11 38
11 41
11 42
11 43
11 45
11 46
11 51
11 53
11 55
11 57
11 61
11 64
11 65
11 66
11 71
11 74
11 75
11 76
11 80
11 84
11 90
11 91
11 93
11 100
11 112
11 115
11 121
11 125
11 132
11 137
11 143
11 149
11 151
11 162
11 163
11 165
11 168
11 169
11 175
11 179
11 180
11 183
12 13
12 14
12 15
12 16
12 18
12 21
12 23
12 24
12 25
12 26
12 27
12 28
12 30
12 33
12 35
12 36
12 37
12 40
12 41
12 42
12 47
12 48
12 50
12 51
12 52
12 58
12 59
12 62
12 65
12 67
12 68
12 70
12 74
12 81
12 82
12 83
12 84
12 90
12 93
12 97
12 108
12 115
12 118
12 126
12 134
12 136
12 154
12 157
12 161
12 163
12 181
12 189
12 190
12 195
12 199
13 14
13 15
13 16
13 17
13 18
13 19
13 20
13 22
13 23
13 24
13 29
13 30
13 31
13 34
13 35
13 37
13 39
13 41
13 43
13 44
13 48
13 53
13 55
13 69
13 70
13 73
13 74
13 78
13 83
13 84
13 87
13 90
13 99
13 100
13 101
13 105
13 108
13 112
13 119
13 120
13 125
13 129
13 130
13 133
13 140
13 141
13 142
13 144
13 145
13 150
13 153
13 156
13 158
13 159
13 165
13 173
13 174
13 176
13 178
13 181
13 186
13 187
13 191
13 198
14 15
14 17
14 19
14 20
14 21
14 25
14 28
14 29
14 31
14 33
14 45
14 49
14 59
14 62
14 68
14 69
14 80
14 83
14 84
14 92
14 93
14 100
14 106
14 122
14 127
14 147
14 148
14 151
14 161
14 162
14 192
14 194
15 16
15 17
15 20
15 23
15 24
15 28
15 29
15 30
15 31
15 32
15 33
15 34
15 36
15 38
15 41
15 53
15 54
15 55
15 56
15 57
15 58
15 59
15 67
15 69
15 75
15 76
15 78
15 83
15 84
15 86
15 88
15 94
15 103
15 115
15 117
15 127
15 130
15 145
15 147
15 150
15 152
15 171
15 174
15 187
16 17
16 18
16 19
16 20
16 22
16 23
16 24
16 31
16 32
16 33
16 34
16 38
16 39
16 40
16 43
16 46
16 58
16 61
16 69
16 71
16 72
16 73
16 77
16 79
16 87
16 91
16 95
16 99
16 100
16 104
16 107
16 108
16 115
16 122
16 126
16 128
16 130
16 133
16 141
16 158
16 162
16 193
17 18
17 19
17 21
17 22
17 23
17 24
17 29
17 31
17 32
17 36
17 38
17 39
17 40
17 42
17 44
17 50
17 51
17 54
17 61
17 65
17 66
17 70
17 74
17 79
17 80
17 83
17 85
17 89
17 93
17 97
17 98
17 119
17 125
17 128
17 132
17 133
17 138
17 141
17 156
17 167
17 169
17 175
17 177
17 183
17 196
17 197
18 20
18 22
18 24
18 28
18 35
18 40
18 41
18 59
18 67
18 81
18 89
18 99
18 108
18 121
18 129
18 132
18 141
18 144
18 150
18 151
18 153
18 154
18 170
18 187
19 21
19 23
19 24
19 26
19 27
19 31
19 38
19 41
19 45
19 48
19 51
19 52
19 54
19 55
19 60
19 63
19 67
19 68
19 79
19 81
19 88
19 92
19 106
19 109
19 116
19 126
19 137
19 148
19 151
19 159
19 189
19 196
20 22
20 25
20 29
20 41
20 50
20 65
20 86
20 91
20 97
20 98
20 100
20 101
20 113
20 115
20 116
20 153
20 154
20 155
20 167
20 175
20 180
20 183
20 184
20 189
21 23
21 27
21 28
21 30
21 31
21 36
21 37
21 41
21 44
21 47
21 49
21 57
21 58
21 77
21 83
21 85
21 87
21 88
21 92
21 95
21 96
21 102
21 114
21 119
21 123
21 139
21 160
21 162
21 176
21 196
22 23
22 25
22 26
22 33
22 36
22 43
22 47
22 49
22 50
22 63
22 83
22 86
22 100
22 101
22 111
22 114
22 116
22 129
22 146
22 152
22 169
22 198
23 28
23 31
23 40
23 41
23 42
23 44
23 46
23 61
23 63
23 68
23 73
23 110
23 114
23 123
23 130
23 140
23 144
23 148
23 154
23 155
23 157
23 162
23 169
23 180
24 26
24 27
24 28
24 32
24 34
24 35
24 37
24 42
24 45
24 46
24 62
24 64
24 65
24 69
24 71
24 72
24 73
24 76
24 77
24 78
24 87
24 101
24 102
24 117
24 148
24 174
24 181
24 192
24 195
25 27
25 29
25 30
25 33
25 38
25 45
25 46
25 57
25 60
25 61
25 71
25 77
25 89
25 99
25 102
25 105
25 109
25 115
25 121
25 131
25 147
25 149
25 170
25 178
25 181
25 194
26 36
26 38
26 43
26 44
26 48
26 49
26 51
26 53
26 60
26 63
26 69
26 77
26 86
26 92
26 98
26 108
26 109
26 121
26 130
26 141
26 142
26 151
26 162
26 164
26 183
27 28
27 30
27 42
27 43
27 44
27 47
27 48
27 52
27 53
27 55
27 72
27 74
27 77
27 96
27 99
27 102
27 105
27 121
27 127
27 129
27 130
27 148
27 151
27 157
27 159
27 164
27 171
28 36
28 42
28 43
28 46
28 51
28 52
28 53
28 56
28 63
28 72
28 75
28 76
28 81
28 89
28 96
28 102
28 103
28 123
28 134
28 136
28 142
28 146
28 149
28 155
28 164
28 172
28 177
28 180
28 199
29 31
29 34
29 35
29 39
29 43
29 44
29 46
29 50
29 86
29 92
29 93
29 94
29 134
29 145
29 146
29 155
29 158
29 159
29 167
30 32
30 36
30 40
30 79
30 90
30 93
30 103
30 125
30 148
30 159
30 163
30 176
30 183
30 194
30 195
31 34
31 35
31 37
31 39
31 42
31 45
31 47
31 54
31 56
31 57
31 64
31 66
31 68
31 69
31 70
31 86
31 88
31 93
31 94
31 106
31 111
31 118
31 119
31 124
31 152
31 158
31 161
31 166
31 168
31 170
31 187
32 34
32 36
32 40
32 75
32 78
32 124
32 145
32 149
32 152
32 157
32 166
32 176
33 35
33 39
33 45
33 49
33 50
33 53
33 55
33 61
33 62
33 65
33 68
33 105
33 106
33 109
33 148
33 150
33 166
33 175
33 182
33 197
34 37
34 59
34 82
34 87
34 88
34 90
34 98
34 99
34 101
34 136
35 50
35 52
35 54
35 65
35 71
35 79
35 81
35 87
35 89
35 97
35 114
35 116
35 132
35 133
35 138
35 193
35 195
35 198
36 37
36 38
36 47
36 50
36 51
36 54
36 56
36 60
36 61
36 67
36 70
36 75
36 77
36 81
36 82
36 83
36 92
36 105
36 116
36 118
36 120
36 126
36 143
36 156
36 165
36 167
36 191
37 42
37 44
37 58
37 60
37 68
37 69
37 139
37 149
37 168
38 47
38 48
38 49
38 53
38 54
38 56
38 57
38 66
38 82
38 84
38 86
38 110
38 115
38 117
38 119
38 131
38 134
38 141
38 146
38 169
38 171
38 181
38 189
39 48
39 49
39 54
39 70
39 72
39 78
39 81
39 89
39 102
39 107
39 115
39 117
39 144
39 165
39 184
39 188
39 194
40 59
40 80
40 94
40 108
40 117
40 126
40 136
41 44
41 50
41 62
41 78
41 98
41 100
41 106
41 108
41 110
41 120
41 145
41 163
41 164
41 188
41 193
42 54
42 63
42 64
42 67
42 72
42 81
42 85
42 90
42 109
42 150
42 152
42 160
42 166
42 176
42 199
43 49
43 51
43 52
43 57
43 66
43 68
43 77
43 78
43 84
43 106
43 109
43 125
43 132
43 165
43 171
44 45
44 51
44 52
44 58
44 89
44 90
44 91
44 107
44 113
44 117
44 124
44 128
44 132
44 140
44 157
44 168
44 172
45 46
45 47
45 56
45 60
45 91
45 117
45 120
45 124
45 133
45 135
45 150
45 160
45 184
46 54
46 67
46 69
46 85
46 122
46 135
46 140
46 147
46 186
47 61
47 62
47 64
47 68
47 75
47 82
47 84
47 103
47 104
47 129
47 131
47 138
47 197
47 198
48 56
48 58
48 64
48 71
48 94
48 109
48 198
49 52
49 65
49 67
49 71
49 81
49 84
49 88
49 97
49 107
49 114
49 130
49 133
49 138
49 144
49 190
49 193
49 196
50 98
50 110
50 152
50 166
50 169
51 64
51 66
51 79
51 83
51 86
51 87
51 95
51 96
51 122
52 55
52 66
52 75
52 91
52 97
52 104
52 131
52 145
52 170
52 174
52 182
52 186
53 74
53 136
53 142
53 156
53 164
53 172
54 56
54 59
54 62
54 66
54 73
54 80
54 85
54 92
54 109
54 111
54 123
54 126
54 131
54 142
54 162
54 172
55 57
55 59
55 63
55 72
55 74
55 76
55 78
55 82
55 94
55 98
55 103
55 108
55 110
55 111
55 112
55 142
55 155
55 158
55 161
55 175
55 189
55 190
56 83
56 86
56 96
56 100
56 125
56 127
56 135
56 143
56 167
56 171
56 178
56 180
56 187
56 188
56 191
56 199
57 63
57 76
57 78
57 85
57 92
57 100
57 137
57 142
57 164
57 180
57 185
57 195
58 65
58 72
58 89
58 107
58 162
58 171
58 172
58 186
58 199
59 60
59 64
59 69
59 76
59 81
59 87
59 97
59 113
59 156
59 185
60 104
60 110
60 193
60 196
61 70
61 71
61 90
61 91
61 93
61 101
61 118
61 137
61 139
61 157
61 161
61 179
62 104
62 116
62 150
63 66
63 80
63 139
63 167
63 169
64 67
64 70
64 87
64 98
64 115
64 136
64 147
64 161
64 172
65 67
65 70
65 74
65 80
65 96
65 118
65 127
65 128
65 140
65 144
65 159
65 182
65 198
66 73
66 99
66 113
66 125
66 137
66 142
66 143
66 144
66 150
66 182
66 186
66 189
66 198
67 71
67 88
67 89
67 97
67 106
67 116
67 120
67 126
67 127
67 158
67 159
67 162
67 188
67 197
68 75
68 87
68 96
68 97
68 127
68 145
68 146
69 75
69 80
69 102
69 110
69 138
69 140
69 165
69 174
69 185
69 191
70 95
70 107
70 135
70 143
70 152
70 173
70 175
70 193
71 82
71 88
71 100
71 102
71 116
71 122
71 149
71 195
72 108
72 112
72 124
72 177
73 75
73 95
73 99
73 107
73 135
73 151
74 91
75 77
75 80
75 94
75 99
75 118
75 123
75 128
75 144
75 156
75 166
75 173
76 138
76 165
76 184
77 95
77 104
77 160
77 173
77 185
78 80
78 103
78 124
78 135
78 172
79 98
79 120
79 163
80 85
80 150
80 154
80 155
80 173
80 175
81 90
81 94
81 111
81 113
81 120
81 130
81 135
81 199
82 103
82 121
82 146
82 165
83 96
83 103
83 105
83 111
83 122
83 125
83 144
83 151
84 126
85 91
85 112
85 120
85 123
85 168
85 185
85 189
86 113
86 133
86 183
87 96
87 101
87 105
87 117
87 127
87 153
87 156
87 195
88 131
88 147
88 148
88 154
88 195
89 94
89 101
89 106
89 135
89 152
89 189
89 193
90 93
90 102
90 122
90 154
90 161
90 174
91 92
91 111
91 113
91 114
91 118
91 140
91 143
91 160
91 170
91 179
91 184
92 109
92 111
92 119
92 131
92 153
92 165
92 175
93 137
93 145
93 168
93 172
93 179
94 122
94 130
94 139
95 110
95 120
95 143
95 154
95 157
95 158
95 160
95 172
95 175
96 113
96 125
96 146
96 153
97 124
97 141
97 177
97 179
97 190
97 192
98 107
98 143
99 111
100 101
100 133
100 136
100 153
100 170
100 180
100 186
100 191
101 110
101 114
101 129
101 169
101 181
102 104
102 105
102 117
102 119
102 123
102 124
102 126
102 176
102 179
103 104
103 116
103 117
103 134
103 146
103 170
103 174
104 192
105 119
105 136
105 138
105 171
105 178
105 183
106 129
106 139
106 190
107 114
107 127
107 132
107 141
107 152
107 169
107 178
108 121
108 166
109 131
109 143
109 163
109 191
110 164
110 178
110 194
110 197
111 112
111 113
111 197
112 129
112 150
112 179
112 196
112 199
113 147
113 159
113 183
113 184
113 193
114 123
114 157
114 167
114 183
115 118
115 123
115 143
115 187
115 196
116 127
116 132
116 139
116 170
117 118
117 126
117 131
117 133
117 151
117 157
117 158
118 119
118 128
118 164
119 134
119 140
119 141
119 181
120 128
120 136
120 137
120 168
121 125
122 138
122 147
122 159
122 161
122 163
122 167
122 194
122 198
123 187
124 155
124 163
125 156
126 138
126 154
127 130
127 179
127 183
128 134
128 151
128 187
128 195
130 137
130 142
130 158
130 170
130 177
131 133
131 154
131 190
132 134
132 139
132 146
132 171
132 188
132 194
133 134
133 184
133 197
134 176
134 181
134 186
134 190
135 137
135 139
135 145
135 167
136 178
136 190
136 199
137 167
137 176
137 197
138 179
138 186
139 158
139 178
139 188
141 142
141 174
142 168
142 181
142 185
142 188
143 181
143 188
144 198
146 164
146 172
147 149
147 155
147 156
147 182
148 149
148 170
148 184
148 188
149 171
149 174
150 160
150 193
151 166
151 176
152 186
153 184
153 191
154 173
155 177
155 178
156 173
156 185
156 196
157 182
157 184
158 160
158 199
160 161
160 163
160 185
162 189
164 192
166 177
166 178
166 189
167 190
168 169
168 180
171 182
174 196
175 185
175 191
176 192
177 191
179 193
184 194
188 192
188 197
192 194
