0 1
0 2
0 3
0 4
0 5
0 6
0 7
0 8
0 9
0 10
0 11
0 12
0 13
0 14
0 15
0 16
0 17
0 18
0 20
0 21
0 22
0 23
0 24
0 25
0 28
0 29
0 33
0 34
0 35
0 36
0 37
0 39
0 40
0 46
0 48
0 49
0 50
0 51
0 55
0 58
0 67
0 69
0 70
0 75
0 78
0 82
0 87
0 88
0 91
0 94
0 101
0 111
0 112
0 116
0 121
0 123
0 124
0 130
0 132
0 140
0 150
0 152
0 158
0 172
0 179
0 185
0 187
0 190
0 192
1 11
1 12
1 13
1 14
1 15
1 16
1 17
1 18
1 21
1 25
1 26
1 32
1 40
1 42
1 44
1 45
1 46
1 47
1 49
1 51
1 53
1 63
1 72
1 73
1 76
1 78
1 84
1 103
1 111
1 166
1 167
1 171
1 177
2 11
2 12
2 14
2 15
2 16
2 17
2 20
2 21
2 25
2 26
2 32
2 33
2 36
2 38
2 42
2 45
2 52
2 53
2 56
2 63
2 67
2 70
2 71
2 76
2 77
2 84
2 90
2 93
2 97
2 106
2 116
2 119
2 123
2 127
2 135
2 142
2 143
2 144
2 145
2 149
2 153
2 167
2 171
2 176
2 180
2 192
2 195
2 199
3 11
3 12
3 13
3 16
3 19
3 22
3 23
3 28
3 54
3 55
3 68
3 69
3 76
3 79
3 82
3 85
3 92
3 96
3 159
3 160
3 177
3 196
4 20
4 106
4 132
4 183
5 11
5 13
5 14
5 15
5 19
5 27
5 29
5 31
5 38
5 41
5 48
5 63
5 64
5 71
5 74
5 83
5 102
5 104
5 112
5 118
5 120
5 134
5 160
5 177
5 178
5 192
5 195
5 198
5 199
6 11
6 12
6 13
6 14
6 16
6 18
6 21
6 22
6 24
6 25
6 26
6 28
6 29
6 32
6 34
6 35
6 36
6 38
6 41
6 42
6 44
6 52
6 58
6 71
6 74
6 79
6 87
6 88
6 105
6 114
6 115
6 117
6 128
6 135
6 136
6 139
6 141
6 156
6 157
6 169
6 180
6 181
6 184
6 196
7 11
7 12
7 13
7 15
7 16
7 17
7 19
7 21
7 23
7 24
7 34
7 36
7 44
7 50
7 57
7 62
7 66
7 71
7 72
7 80
7 89
7 96
7 99
7 101
7 108
7 184
8 11
8 12
8 13
8 14
8 16
8 17
8 19
8 20
8 23
8 24
8 25
8 26
8 31
8 32
8 33
8 34
8 37
8 39
8 41
8 49
8 54
8 56
8 63
8 68
8 76
8 80
8 81
8 85
8 95
8 103
8 106
8 110
8 112
8 127
8 137
8 150
8 151
8 152
8 154
8 162
8 174
8 182
8 196
9 11
9 12
9 14
9 15
9 20
9 22
9 27
9 28
9 31
9 33
9 39
9 43
9 73
9 75
9 78
9 88
9 89
9 91
9 92
9 94
9 104
9 121
9 124
9 128
9 129
9 139
9 151
9 165
9 166
9 175
9 179
10 11
10 12
10 13
10 15
10 17
10 22
10 31
10 33
10 41
10 43
10 50
10 56
10 69
10 71
10 99
10 124
10 154
11 12
11 13
11 14
11 15
11 16
11 17
11 18
11 20
11 21
11 22
11 23
11 25
11 27
11 28
11 29
11 32
11 34
11 35
11 36
11 37
11 40
11 42
11 44
11 45
11 47
11 50
11 51
11 52
11 53
11 57
11 64
11 65
11 66
11 68
11 69
11 74
11 75
11 79
11 85
11 86
11 87
11 89
11 93
11 96
11 97
11 101
11 102
11 109
11 111
11 113
11 114
11 115
11 118
11 120
11 122
11 129
11 130
11 137
11 138
11 140
11 141
11 142
11 144
11 146
11 147
11 149
11 161
11 162
11 164
11 169
11 176
11 177
11 183
11 184
11 186
11 187
11 188
11 191
11 196
12 13
12 14
12 16
12 18
12 19
12 20
12 23
12 24
12 25
12 26
12 27
12 37
12 38
12 48
12 50
12 52
12 57
12 66
12 68
12 72
12 75
12 83
12 84
12 87
12 91
12 94
12 111
12 120
12 133
12 138
12 149
12 155
12 158
12 161
12 162
12 163
12 164
12 166
12 185
13 14
13 15
13 17
13 18
13 20
13 21
13 22
13 25
13 26
13 27
13 28
13 43
13 45
13 47
13 48
13 60
13 63
13 64
13 70
13 78
13 89
13 90
13 91
13 93
13 95
13 101
13 113
13 114
13 120
13 126
13 130
13 131
13 136
13 141
13 147
13 173
13 175
13 192
14 15
14 16
14 17
14 18
14 19
14 20
14 21
14 23
14 26
14 27
14 28
14 31
14 33
14 34
14 37
14 41
14 46
14 47
14 51
14 52
14 60
14 61
14 66
14 68
14 72
14 73
14 78
14 80
14 82
14 86
14 87
14 88
14 97
14 105
14 112
14 116
14 121
14 122
14 124
14 128
14 140
14 154
14 157
14 159
14 160
14 163
14 167
14 172
14 177
14 179
14 189
14 194
15 17
15 18
15 19
15 22
15 24
15 30
15 33
15 39
15 40
15 43
15 44
15 46
15 49
15 50
15 52
15 53
15 56
15 57
15 58
15 59
15 60
15 62
15 65
15 76
15 83
15 88
15 89
15 104
15 107
15 117
15 125
15 155
15 165
15 174
15 175
16 18
16 19
16 22
16 27
16 29
16 31
16 32
16 35
16 40
16 46
16 47
16 53
16 55
16 57
16 58
16 65
16 67
16 68
16 71
16 75
16 77
16 86
16 95
16 104
16 108
16 111
16 113
16 120
16 121
16 130
16 131
16 135
16 143
16 145
16 150
16 157
16 163
16 172
16 176
16 180
16 183
16 186
17 18
17 19
17 20
17 21
17 22
17 23
17 24
17 25
17 28
17 29
17 30
17 31
17 35
17 38
17 39
17 48
17 49
17 50
17 51
17 52
17 55
17 61
17 65
17 67
17 73
17 74
17 79
17 83
17 84
17 85
17 86
17 97
17 110
17 112
17 114
17 115
17 125
17 128
17 133
17 135
17 152
17 153
17 158
17 160
17 161
17 167
17 174
17 184
17 189
18 19
18 21
18 24
18 27
18 30
18 39
18 41
18 43
18 49
18 64
18 74
18 83
18 89
18 91
18 97
18 111
18 126
18 127
18 153
18 170
18 185
19 26
19 29
19 30
19 31
19 32
19 34
19 38
19 45
19 46
19 50
19 51
19 54
19 58
19 59
19 60
19 62
19 66
19 68
19 69
19 70
19 74
19 84
19 89
19 90
19 96
19 98
19 102
19 106
19 119
19 120
19 123
19 136
19 140
19 148
19 151
19 155
19 165
19 177
19 180
19 188
19 197
20 23
20 24
20 26
20 30
20 31
20 33
20 36
20 37
20 38
20 39
20 40
20 42
20 43
20 44
20 47
20 50
20 54
20 56
20 57
20 61
20 62
20 67
20 70
20 72
20 75
20 76
20 81
20 83
20 84
20 86
20 88
20 92
20 93
20 99
20 100
20 101
20 105
20 107
20 127
20 132
20 133
20 137
20 150
20 154
20 161
20 163
20 171
20 173
20 181
20 185
20 188
20 197
20 198
21 23
21 29
21 30
21 37
21 43
21 47
21 52
21 54
21 56
21 65
21 67
21 80
21 88
21 121
21 133
21 151
21 167
21 181
21 183
21 187
21 188
21 195
21 196
22 30
22 40
22 43
22 44
22 56
22 58
22 60
22 63
22 64
22 90
22 99
22 113
22 124
22 143
22 144
22 145
22 150
22 166
22 168
22 172
22 180
22 191
22 194
22 197
23 24
23 25
23 26
23 35
23 45
23 59
23 60
23 66
23 69
23 73
23 76
23 81
23 90
23 96
23 98
23 108
23 117
23 134
23 137
23 147
23 154
23 159
24 28
24 29
24 34
24 35
24 36
24 38
24 39
24 41
24 42
24 56
24 64
24 77
24 78
24 91
24 102
24 111
24 114
24 117
24 128
24 132
24 149
24 151
24 161
24 173
24 177
25 27
25 28
25 29
25 31
25 38
25 47
25 51
25 53
25 59
25 63
25 67
25 69
25 72
25 73
25 79
25 89
25 92
25 93
25 103
25 107
25 151
25 154
25 168
25 179
25 189
25 193
26 27
26 34
26 36
26 37
26 40
26 44
26 47
26 54
26 63
26 72
26 73
26 85
26 89
26 90
26 96
26 106
26 126
26 131
26 146
26 148
26 155
26 158
26 164
26 170
27 30
27 33
27 45
27 51
27 55
27 60
27 93
27 98
27 99
27 100
27 101
27 115
27 136
27 182
27 183
28 30
28 34
28 35
28 40
28 41
28 55
28 57
28 61
28 69
28 72
28 111
28 122
28 123
28 125
28 142
28 151
28 172
28 174
28 180
28 185
29 30
29 32
29 36
29 38
29 45
29 48
29 51
29 55
29 58
29 65
29 70
29 71
29 77
29 81
29 86
29 87
29 91
29 94
29 95
29 105
29 113
29 116
29 129
29 139
29 141
29 142
29 161
29 169
29 191
29 192
29 196
29 199
30 32
30 33
30 42
30 43
30 54
30 56
30 60
30 62
30 66
30 67
30 93
30 95
30 100
30 108
30 113
30 119
30 126
30 151
30 180
30 185
31 32
31 35
31 48
31 53
31 55
31 59
31 62
31 65
31 66
31 73
31 74
31 79
31 89
31 91
31 94
31 101
31 102
31 103
31 104
31 105
31 112
31 115
31 118
31 123
31 124
31 138
31 146
31 148
31 150
31 154
31 160
31 181
31 184
32 42
32 46
32 54
32 55
32 59
32 60
32 79
32 80
32 82
32 85
32 94
32 98
32 101
32 106
32 109
32 110
32 114
32 131
32 143
32 144
32 171
32 172
32 195
32 198
33 35
33 36
33 39
33 86
33 98
33 109
33 110
33 117
33 118
33 130
33 136
33 143
33 160
33 172
33 182
33 190
33 195
34 37
34 40
34 44
34 53
34 54
34 59
34 61
34 70
34 74
34 75
34 77
34 84
34 97
34 102
34 104
34 107
34 120
34 122
34 126
34 129
34 149
34 166
34 193
34 196
34 198
35 37
35 41
35 45
35 46
35 47
35 50
35 61
35 96
35 110
35 148
35 159
35 164
35 180
35 187
35 199
36 42
36 60
36 61
36 62
36 113
36 117
36 156
37 39
37 61
37 65
37 85
37 99
37 128
37 152
37 155
37 186
37 188
38 44
38 59
38 84
38 87
38 90
38 102
38 103
38 106
38 108
38 144
38 182
38 194
39 42
39 43
39 49
39 59
39 73
39 101
39 156
39 174
39 176
39 179
39 190
39 195
39 196
40 41
40 81
40 109
40 113
40 125
40 132
40 150
40 179
40 192
41 48
41 53
41 57
41 64
41 68
41 83
41 99
41 120
41 127
41 136
41 137
41 140
41 152
41 160
41 175
41 188
41 195
42 46
42 49
42 71
42 79
42 92
42 93
42 95
42 108
42 122
42 130
42 165
42 181
43 45
43 46
43 48
43 52
43 56
43 58
43 68
43 78
43 111
43 116
43 140
43 162
43 190
44 48
44 54
44 64
44 70
44 77
44 80
44 81
44 107
44 122
44 145
44 185
45 62
45 80
45 82
45 91
45 100
45 101
45 116
45 120
45 123
45 135
45 145
45 149
45 156
45 157
45 165
46 51
46 58
46 61
46 73
46 77
46 81
46 100
46 104
46 110
46 121
46 126
46 128
46 129
46 142
46 189
47 49
47 55
47 62
47 64
47 71
47 82
47 93
47 103
47 105
47 114
47 122
47 124
47 129
47 138
47 142
47 149
48 49
48 65
48 77
48 87
48 95
48 115
48 116
48 135
48 139
48 146
48 180
49 70
49 75
49 80
49 92
49 96
49 114
49 153
49 159
49 191
50 58
50 63
50 67
50 72
50 79
50 88
50 99
50 106
50 108
50 118
50 155
50 160
50 185
50 197
51 52
51 53
51 117
51 141
51 153
51 154
51 156
51 176
52 57
52 61
52 84
52 92
52 93
52 94
52 95
52 100
52 103
52 138
52 139
52 148
52 149
52 158
52 168
52 183
53 65
53 69
53 76
53 78
53 90
53 92
53 94
53 104
53 105
53 122
53 144
53 162
53 168
53 175
53 190
54 57
54 68
54 82
54 112
54 121
54 153
54 188
54 191
54 198
55 64
55 75
55 78
55 95
55 110
55 118
55 131
55 155
55 169
55 191
56 100
56 131
56 138
57 59
57 62
57 77
57 83
57 105
57 141
57 152
58 63
58 82
58 88
58 92
58 118
58 127
58 130
58 140
58 161
58 192
59 78
59 80
59 85
59 119
59 123
59 133
59 140
59 181
59 187
59 193
60 69
60 98
60 103
60 105
60 107
60 132
60 138
60 153
60 156
60 161
60 162
60 193
60 197
61 81
61 96
61 113
61 124
61 126
61 178
62 66
62 70
62 75
62 77
62 115
62 122
62 153
62 157
62 164
62 167
62 173
62 197
62 198
63 66
63 81
63 104
63 133
63 153
63 173
64 67
64 109
64 116
64 119
64 125
64 131
64 141
64 146
64 147
64 156
64 188
64 189
64 190
64 195
65 71
65 87
65 97
65 98
65 109
65 111
65 117
65 121
65 128
65 137
65 138
65 139
65 142
65 143
65 148
65 152
66 76
66 84
66 139
67 74
67 76
67 164
68 72
68 83
68 86
68 97
68 109
68 118
68 132
68 138
68 144
68 162
68 167
68 169
68 174
68 182
69 80
69 82
69 87
69 106
69 133
69 143
69 148
69 159
69 165
69 172
69 189
69 194
70 102
70 107
70 109
70 163
70 170
70 194
71 85
71 97
71 119
71 134
71 150
71 171
71 193
71 198
72 86
72 94
72 115
72 118
72 146
72 170
73 74
73 90
73 129
73 147
73 193
74 79
74 81
74 100
74 119
74 158
74 191
74 197
75 82
75 107
75 116
75 151
75 163
75 187
75 199
76 166
76 183
77 96
77 107
77 136
77 145
77 152
77 154
77 159
77 163
77 173
77 178
77 181
77 187
77 193
78 83
78 92
78 134
78 142
78 164
78 174
78 176
79 100
79 135
79 140
79 174
80 86
80 88
80 102
80 132
80 144
81 91
81 95
81 98
81 109
81 112
81 123
81 126
81 159
81 166
81 167
81 173
82 85
82 90
82 94
82 99
82 108
82 124
82 129
82 133
82 137
82 145
82 147
82 164
82 178
82 182
83 97
83 126
83 135
83 177
83 194
84 106
84 109
84 115
84 125
84 136
84 154
84 165
84 181
84 185
85 141
86 125
86 178
87 100
87 110
87 114
87 134
87 158
87 186
87 191
88 127
89 108
89 173
90 114
90 119
90 157
90 165
90 176
91 115
91 164
93 103
93 110
93 139
93 146
93 160
93 171
93 178
94 99
94 107
95 98
95 125
95 133
95 164
96 112
96 118
96 141
96 152
97 98
97 123
97 139
97 143
97 145
97 163
97 168
98 102
98 103
98 104
98 112
98 119
98 120
98 136
98 148
98 149
99 162
99 168
99 176
99 178
99 194
100 110
100 171
100 175
101 158
101 166
101 189
102 113
102 116
102 122
102 126
102 133
102 144
103 105
103 119
103 134
103 135
103 148
104 121
104 147
104 157
104 165
105 117
105 127
105 134
105 142
105 146
105 172
105 182
106 128
106 141
106 144
106 146
106 147
106 165
106 194
106 195
107 108
107 130
107 152
108 137
108 159
108 177
108 198
109 129
109 132
109 162
109 184
110 158
111 135
111 145
111 155
111 161
111 171
111 178
111 186
112 124
112 138
112 139
112 192
113 158
113 160
113 189
114 129
114 134
114 143
114 150
114 168
114 182
115 130
115 159
115 162
115 182
116 117
116 127
116 137
116 142
116 171
117 134
117 186
117 198
118 121
118 123
118 195
118 199
119 125
119 191
120 131
120 132
120 174
120 194
121 127
121 145
121 155
122 147
123 125
123 166
123 183
123 186
124 131
124 157
124 170
124 176
125 151
125 190
126 193
127 128
127 130
127 161
127 169
127 196
129 131
129 134
130 147
130 156
130 168
131 137
131 173
132 136
133 163
134 170
134 177
134 178
134 183
135 140
135 143
135 146
135 149
135 186
136 187
137 170
138 157
138 179
139 157
139 166
139 169
139 175
140 156
140 181
141 150
141 167
142 156
142 169
142 188
143 185
144 148
144 170
144 173
144 179
144 183
144 197
145 175
145 186
147 153
147 168
148 171
148 179
148 181
149 192
150 175
150 192
151 176
152 163
152 169
152 180
152 184
152 194
153 167
154 155
154 172
156 170
157 178
161 168
161 191
162 193
162 199
165 170
165 184
165 190
166 184
166 197
166 199
167 189
168 169
170 174
170 179
170 189
171 175
171 182
175 190
176 187
176 199
177 188
178 198
179 186
179 187
179 196
182 184
182 190
190 193
191 197
196 199
