0 9
0 13
0 19
0 23
0 26
0 28
0 43
0 63
0 64
0 66
0 68
0 69
0 70
0 76
0 89
0 99
0 108
0 111
0 115
0 120
0 123
0 126
0 129
0 130
0 133
0 137
0 141
0 158
0 171
0 172
0 180
0 185
0 192
0 193
1 3
1 4
1 19
1 25
1 26
1 27
1 33
1 45
1 48
1 64
1 76
1 77
1 89
1 96
1 99
1 102
1 103
1 113
1 123
1 124
1 127
1 128
1 132
1 133
1 140
1 149
1 166
1 167
1 171
1 175
1 182
1 184
1 189
1 195
2 6
2 8
2 18
2 28
2 49
2 51
2 53
2 56
2 66
2 82
2 88
2 94
2 96
2 122
2 127
2 139
2 144
2 150
2 151
2 172
2 175
2 177
2 179
2 197
3 13
3 14
3 15
3 20
3 21
3 27
3 31
3 40
3 42
3 44
3 57
3 62
3 66
3 67
3 80
3 91
3 95
3 100
3 104
3 105
3 111
3 130
3 146
3 150
3 162
3 165
3 170
3 176
3 179
3 191
4 13
4 14
4 28
4 33
4 38
4 52
4 54
4 55
4 63
4 68
4 97
4 100
4 103
4 104
4 116
4 127
4 137
4 150
4 154
4 172
4 187
4 188
4 191
5 14
5 15
5 17
5 30
5 34
5 35
5 38
5 46
5 48
5 53
5 54
5 73
5 80
5 96
5 112
5 113
5 125
5 132
5 139
5 140
5 167
5 168
5 172
5 175
5 184
5 185
5 196
6 8
6 17
6 19
6 36
6 38
6 41
6 58
6 67
6 69
6 78
6 95
6 103
6 105
6 116
6 119
6 121
6 126
6 127
6 129
6 133
6 138
6 145
6 147
6 150
6 159
6 160
6 162
6 172
6 175
6 191
6 198
7 12
7 14
7 19
7 29
7 37
7 44
7 46
7 48
7 50
7 61
7 66
7 69
7 73
7 84
7 91
7 96
7 102
7 103
7 106
7 112
7 131
7 133
7 137
7 138
7 148
7 150
7 151
7 159
7 170
7 176
7 190
8 19
8 43
8 48
8 52
8 56
8 61
8 67
8 83
8 100
8 116
8 120
8 134
8 145
8 146
8 150
8 154
8 171
8 184
8 187
8 190
9 15
9 22
9 39
9 44
9 51
9 53
9 74
9 78
9 82
9 86
9 90
9 91
9 94
9 107
9 111
9 113
9 117
9 135
9 142
9 148
9 157
9 165
9 174
9 177
9 193
9 198
10 16
10 22
10 28
10 30
10 31
10 41
10 52
10 56
10 62
10 66
10 81
10 89
10 90
10 100
10 106
10 120
10 123
10 128
10 132
10 141
10 146
10 148
10 150
10 153
10 159
10 175
10 184
10 187
10 188
10 195
11 20
11 30
11 32
11 34
11 40
11 42
11 44
11 49
11 58
11 75
11 80
11 97
11 102
11 103
11 105
11 121
11 132
11 135
11 138
11 145
11 149
11 153
11 156
11 159
11 161
11 162
11 164
11 166
11 168
11 177
11 185
11 188
11 189
11 192
11 196
12 27
12 31
12 36
12 39
12 46
12 55
12 67
12 69
12 70
12 74
12 75
12 80
12 84
12 89
12 104
12 112
12 115
12 118
12 122
12 129
12 131
12 135
12 142
12 149
12 150
12 157
12 170
12 172
12 173
12 176
12 185
12 198
13 27
13 29
13 30
13 43
13 44
13 45
13 55
13 64
13 84
13 87
13 97
13 102
13 121
13 135
13 136
13 138
13 145
13 150
13 152
13 156
13 162
13 175
13 184
13 192
13 196
14 18
14 20
14 25
14 30
14 31
14 34
14 40
14 46
14 63
14 81
14 83
14 85
14 86
14 88
14 102
14 110
14 117
14 126
14 139
14 140
14 143
14 152
14 169
14 173
14 174
14 177
14 181
14 188
14 193
14 196
14 198
15 16
15 27
15 30
15 37
15 41
15 60
15 72
15 88
15 99
15 106
15 118
15 121
15 122
15 126
15 135
15 136
15 138
15 140
15 145
15 151
15 161
15 165
15 174
15 182
15 188
15 195
15 198
15 199
16 17
16 22
16 25
16 28
16 36
16 37
16 38
16 44
16 49
16 58
16 64
16 77
16 84
16 104
16 125
16 126
16 134
16 135
16 142
16 145
16 151
16 164
16 166
16 176
16 179
16 188
16 190
16 195
17 35
17 37
17 38
17 61
17 64
17 81
17 82
17 98
17 99
17 102
17 120
17 122
17 124
17 126
17 131
17 142
17 153
17 154
17 168
17 169
17 180
17 183
17 193
17 195
17 196
17 197
18 47
18 58
18 67
18 68
18 79
18 81
18 88
18 94
18 96
18 100
18 106
18 110
18 112
18 120
18 128
18 129
18 132
18 146
18 160
18 166
18 167
18 175
18 176
18 197
19 20
19 26
19 32
19 34
19 47
19 50
19 70
19 72
19 75
19 79
19 82
19 95
19 100
19 108
19 113
19 117
19 118
19 122
19 125
19 128
19 142
19 171
20 35
20 45
20 56
20 64
20 74
20 81
20 85
20 89
20 100
20 107
20 111
20 116
20 121
20 122
20 125
20 144
20 146
20 165
20 169
20 170
20 176
20 181
20 188
20 190
20 191
21 30
21 44
21 63
21 78
21 81
21 88
21 89
21 92
21 102
21 105
21 114
21 119
21 120
21 122
21 127
21 130
21 133
21 143
21 159
21 174
21 180
21 182
21 195
22 25
22 26
22 28
22 45
22 51
22 53
22 61
22 69
22 73
22 80
22 83
22 88
22 93
22 105
22 108
22 110
22 140
22 142
22 146
22 155
22 166
22 168
22 173
22 177
23 37
23 44
23 49
23 55
23 59
23 65
23 70
23 73
23 80
23 90
23 92
23 96
23 106
23 122
23 123
23 126
23 139
23 141
23 143
23 150
23 162
23 164
23 165
23 166
23 171
23 173
23 175
23 180
23 183
23 195
24 28
24 39
24 41
24 43
24 45
24 46
24 49
24 51
24 63
24 80
24 82
24 83
24 93
24 94
24 104
24 111
24 112
24 118
24 124
24 125
24 132
24 149
24 150
24 169
24 170
24 177
24 184
24 186
24 194
25 27
25 29
25 30
25 32
25 35
25 38
25 41
25 44
25 65
25 68
25 71
25 109
25 112
25 132
25 136
25 140
25 148
25 150
25 156
25 163
25 165
25 170
25 171
25 176
25 190
26 33
26 35
26 38
26 41
26 42
26 45
26 46
26 47
26 51
26 52
26 60
26 67
26 75
26 85
26 100
26 101
26 104
26 108
26 111
26 120
26 138
26 166
26 171
26 172
26 173
26 181
26 185
26 187
26 189
26 195
26 197
26 198
26 199
27 28
27 35
27 40
27 42
27 59
27 60
27 63
27 64
27 69
27 70
27 75
27 82
27 84
27 85
27 86
27 99
27 104
27 116
27 117
27 119
27 123
27 129
27 135
27 138
27 139
27 141
27 145
27 158
27 177
27 186
27 189
27 190
28 29
28 31
28 36
28 40
28 41
28 44
28 49
28 62
28 67
28 79
28 80
28 93
28 125
28 134
28 149
28 157
28 160
28 166
28 167
28 170
28 177
28 182
28 185
28 188
28 195
29 30
29 31
29 48
29 49
29 56
29 57
29 60
29 63
29 69
29 84
29 88
29 89
29 91
29 92
29 96
29 97
29 108
29 115
29 119
29 147
29 152
29 159
29 160
29 182
29 186
29 190
29 197
30 34
30 42
30 49
30 57
30 62
30 67
30 84
30 94
30 96
30 102
30 108
30 112
30 120
30 125
30 126
30 132
30 136
30 140
30 143
30 165
30 187
30 196
31 37
31 59
31 60
31 68
31 69
31 80
31 85
31 94
31 96
31 107
31 116
31 122
31 123
31 132
31 135
31 154
31 167
31 170
31 175
31 183
31 193
31 199
32 33
32 39
32 50
32 52
32 57
32 59
32 63
32 70
32 77
32 80
32 83
32 100
32 105
32 107
32 111
32 118
32 127
32 139
32 142
32 143
32 151
32 163
32 169
32 171
32 178
32 186
33 35
33 54
33 69
33 72
33 73
33 99
33 102
33 106
33 111
33 117
33 119
33 120
33 122
33 124
33 133
33 154
33 164
33 167
33 170
33 180
33 186
33 198
34 38
34 44
34 52
34 63
34 64
34 67
34 69
34 89
34 90
34 96
34 98
34 100
34 104
34 108
34 127
34 128
34 132
34 155
34 156
34 185
34 187
34 189
35 37
35 44
35 47
35 51
35 52
35 53
35 68
35 90
35 95
35 96
35 108
35 110
35 124
35 127
35 135
35 144
35 145
35 155
35 166
35 169
35 180
35 184
35 196
35 198
36 41
36 64
36 68
36 83
36 89
36 95
36 101
36 104
36 107
36 111
36 113
36 136
36 144
36 151
36 159
36 164
36 175
36 185
37 38
37 41
37 47
37 51
37 52
37 63
37 66
37 70
37 72
37 80
37 82
37 91
37 107
37 108
37 121
37 125
37 135
37 138
37 143
37 144
37 148
37 156
37 157
37 164
37 177
37 178
37 182
37 183
37 192
37 194
37 196
38 72
38 78
38 80
38 81
38 84
38 86
38 95
38 100
38 110
38 113
38 116
38 135
38 138
38 143
38 152
38 155
38 160
38 164
38 179
39 40
39 41
39 42
39 52
39 82
39 96
39 99
39 104
39 109
39 116
39 118
39 119
39 125
39 128
39 158
39 166
39 167
39 190
39 192
40 51
40 64
40 69
40 73
40 75
40 85
40 97
40 100
40 104
40 109
40 118
40 127
40 130
40 136
40 138
40 144
40 147
40 154
40 161
40 164
40 171
40 179
40 182
40 185
40 188
40 191
41 43
41 57
41 60
41 62
41 90
41 97
41 98
41 100
41 115
41 116
41 131
41 132
41 138
41 141
41 142
41 155
41 157
41 174
41 179
41 185
41 197
42 70
42 75
42 76
42 77
42 96
42 100
42 104
42 107
42 108
42 114
42 116
42 120
42 122
42 131
42 141
42 163
42 167
42 184
42 185
42 192
43 45
43 47
43 60
43 64
43 68
43 75
43 84
43 94
43 95
43 96
43 106
43 114
43 115
43 116
43 124
43 138
43 143
43 158
43 164
43 169
43 171
43 175
43 177
43 180
43 183
43 185
43 196
44 60
44 63
44 72
44 80
44 84
44 87
44 89
44 99
44 100
44 115
44 142
44 152
44 161
44 163
44 164
44 172
44 176
44 182
45 46
45 51
45 57
45 68
45 70
45 82
45 87
45 88
45 91
45 119
45 124
45 147
45 148
45 149
45 151
45 153
45 172
45 183
45 197
46 48
46 52
46 53
46 55
46 57
46 60
46 66
46 75
46 81
46 91
46 96
46 101
46 108
46 109
46 118
46 124
46 138
46 181
46 185
46 186
46 189
47 65
47 67
47 70
47 81
47 90
47 93
47 105
47 107
47 113
47 118
47 127
47 137
47 138
47 153
47 158
47 168
47 171
47 175
47 176
47 177
47 179
47 184
47 187
47 191
47 193
48 53
48 55
48 57
48 69
48 72
48 88
48 89
48 91
48 99
48 104
48 112
48 114
48 116
48 137
48 138
48 140
48 145
48 146
48 151
48 152
48 153
48 157
48 165
48 173
48 182
48 184
48 191
48 198
48 199
49 63
49 65
49 80
49 84
49 93
49 100
49 105
49 107
49 113
49 122
49 123
49 126
49 134
49 135
49 139
49 140
49 145
49 165
49 167
49 170
49 172
49 182
49 184
49 189
50 51
50 57
50 62
50 68
50 82
50 83
50 91
50 95
50 102
50 112
50 116
50 124
50 130
50 133
50 150
50 158
50 161
50 162
50 170
50 171
50 176
50 179
50 185
50 188
50 192
51 53
51 56
51 63
51 64
51 65
51 68
51 72
51 76
51 79
51 90
51 106
51 110
51 121
51 124
51 129
51 132
51 142
51 146
51 154
51 155
51 167
51 172
51 174
51 189
52 64
52 69
52 70
52 96
52 97
52 106
52 108
52 126
52 127
52 133
52 134
52 137
52 145
52 149
52 150
52 172
52 174
52 183
52 191
53 56
53 66
53 73
53 82
53 88
53 89
53 92
53 102
53 104
53 109
53 110
53 113
53 121
53 125
53 131
53 132
53 156
53 192
53 197
54 63
54 69
54 71
54 78
54 89
54 93
54 98
54 107
54 110
54 113
54 117
54 133
54 138
54 141
54 148
54 150
54 157
54 166
54 172
54 175
54 179
54 181
54 183
54 188
54 192
54 196
54 198
54 199
55 58
55 59
55 60
55 62
55 63
55 79
55 83
55 89
55 92
55 96
55 97
55 102
55 106
55 110
55 112
55 118
55 119
55 120
55 138
55 159
55 160
55 165
55 180
55 182
55 185
55 186
55 187
55 190
55 192
56 75
56 92
56 101
56 105
56 109
56 110
56 112
56 125
56 140
56 157
56 177
56 179
56 183
56 197
57 71
57 76
57 88
57 98
57 110
57 117
57 133
57 134
57 145
57 168
57 169
57 176
57 179
57 191
57 192
58 64
58 66
58 67
58 72
58 76
58 85
58 90
58 91
58 98
58 101
58 112
58 114
58 119
58 122
58 127
58 134
58 139
58 146
58 147
58 151
58 153
58 158
58 174
58 178
58 181
58 188
58 189
58 194
59 70
59 73
59 75
59 92
59 94
59 104
59 105
59 112
59 115
59 122
59 125
59 130
59 133
59 136
59 142
59 143
59 148
59 170
59 175
59 180
59 190
59 195
60 61
60 68
60 81
60 84
60 93
60 97
60 99
60 100
60 105
60 107
60 108
60 111
60 126
60 128
60 166
60 168
60 171
60 174
60 177
60 183
60 187
60 190
60 195
60 196
60 198
61 69
61 88
61 93
61 94
61 97
61 105
61 110
61 115
61 129
61 143
61 145
61 148
61 153
61 156
61 176
61 194
62 82
62 89
62 92
62 98
62 99
62 103
62 110
62 120
62 132
62 145
62 147
62 154
62 163
62 167
62 182
62 187
62 189
62 190
62 197
63 74
63 76
63 83
63 90
63 92
63 94
63 99
63 111
63 114
63 120
63 123
63 124
63 159
63 160
63 174
63 176
63 183
63 185
64 65
64 67
64 71
64 72
64 76
64 78
64 92
64 96
64 103
64 106
64 114
64 117
64 119
64 126
64 128
64 130
64 132
64 136
64 162
64 165
64 170
64 182
64 193
64 194
64 199
65 68
65 93
65 98
65 101
65 108
65 110
65 119
65 121
65 129
65 130
65 135
65 136
65 153
65 166
65 168
65 171
65 172
65 186
65 194
66 73
66 84
66 86
66 88
66 90
66 96
66 103
66 121
66 128
66 141
66 145
66 154
66 156
66 161
66 181
67 75
67 88
67 96
67 110
67 111
67 128
67 130
67 135
67 138
67 156
67 164
67 171
67 172
67 181
67 197
68 69
68 73
68 74
68 78
68 82
68 100
68 105
68 111
68 115
68 118
68 122
68 125
68 130
68 139
68 144
68 157
68 160
68 166
68 167
68 174
68 175
68 189
68 191
68 196
68 197
69 82
69 91
69 92
69 105
69 118
69 120
69 125
69 135
69 147
69 154
69 177
69 183
69 184
70 94
70 95
70 102
70 117
70 123
70 126
70 129
70 139
70 144
70 146
70 153
70 176
70 185
70 186
70 188
71 77
71 83
71 88
71 96
71 99
71 105
71 111
71 116
71 124
71 125
71 126
71 129
71 135
71 137
71 143
71 158
71 160
71 166
71 167
71 197
72 82
72 120
72 124
72 127
72 133
72 134
72 135
72 138
72 145
72 157
72 158
72 162
72 164
72 177
72 178
72 182
72 183
72 185
72 189
73 75
73 93
73 99
73 138
73 142
73 152
73 156
73 163
73 168
73 174
73 184
73 185
74 75
74 84
74 85
74 92
74 97
74 106
74 107
74 110
74 134
74 143
74 150
74 152
74 175
74 196
74 199
75 87
75 95
75 97
75 108
75 115
75 127
75 133
75 136
75 147
75 149
75 151
75 153
75 160
75 194
75 196
75 197
75 199
76 97
76 121
76 137
76 150
76 153
76 156
76 157
76 172
76 177
76 181
76 183
76 186
76 199
77 78
77 82
77 103
77 115
77 120
77 121
77 125
77 133
77 134
77 143
77 150
77 159
77 198
78 83
78 106
78 137
78 142
78 150
78 159
78 162
78 164
78 172
78 191
78 195
79 80
79 82
79 84
79 85
79 97
79 98
79 103
79 107
79 112
79 128
79 149
79 155
79 158
79 162
79 176
80 86
80 90
80 99
80 101
80 107
80 120
80 123
80 131
80 133
80 153
80 172
80 177
80 186
80 193
80 197
81 83
81 100
81 101
81 115
81 122
81 127
81 128
81 134
81 136
81 143
81 145
81 149
81 160
81 169
81 170
81 186
81 197
81 198
82 84
82 89
82 95
82 102
82 111
82 117
82 118
82 125
82 132
82 138
82 151
82 152
82 162
82 164
82 167
82 176
82 180
82 189
82 193
82 196
83 86
83 109
83 121
83 122
83 123
83 129
83 137
83 138
83 141
83 147
83 149
83 152
83 155
83 176
83 184
83 189
83 196
84 119
84 128
84 131
84 132
84 142
84 146
84 152
84 167
84 170
84 183
84 199
85 111
85 112
85 115
85 118
85 119
85 120
85 124
85 135
85 141
85 142
85 172
85 173
85 175
85 177
85 197
86 88
86 90
86 101
86 110
86 111
86 121
86 134
86 138
86 148
86 149
86 154
86 167
86 175
86 182
86 187
86 188
86 198
87 89
87 105
87 117
87 125
87 130
87 132
87 138
87 142
87 145
87 150
87 152
87 160
87 165
87 170
87 172
87 174
87 182
87 187
88 95
88 101
88 124
88 126
88 131
88 133
88 135
88 146
88 147
88 148
88 154
88 155
88 169
88 180
88 182
88 186
88 192
89 93
89 95
89 96
89 105
89 106
89 115
89 141
89 146
89 149
89 151
89 152
89 158
89 162
89 195
90 95
90 99
90 102
90 116
90 124
90 137
90 151
90 159
90 163
90 164
90 167
90 168
90 170
90 171
90 199
91 108
91 110
91 144
91 165
91 168
91 173
91 179
91 187
91 190
91 193
91 198
91 199
92 104
92 119
92 125
92 150
92 153
92 154
92 160
92 171
92 180
92 198
93 110
93 117
93 118
93 120
93 128
93 129
93 139
93 144
93 146
93 149
93 151
93 172
93 173
93 183
93 189
93 196
93 198
94 95
94 116
94 136
94 154
94 157
94 158
94 169
94 173
94 188
94 199
95 113
95 114
95 127
95 140
95 149
95 156
95 166
95 187
96 110
96 117
96 124
96 125
96 127
96 141
96 144
96 154
96 157
96 168
96 174
96 176
96 182
96 186
96 197
96 198
97 100
97 109
97 115
97 124
97 127
97 128
97 130
97 140
97 145
97 146
97 160
97 163
97 189
97 194
97 196
98 105
98 110
98 113
98 122
98 125
98 137
98 157
98 159
98 161
98 162
98 166
98 177
98 179
98 193
99 106
99 108
99 116
99 125
99 129
99 142
99 161
99 172
99 198
100 101
100 115
100 118
100 126
100 129
100 136
100 137
100 143
100 144
100 147
100 155
100 174
100 187
100 190
100 195
101 103
101 105
101 107
101 121
101 126
101 130
101 143
101 152
101 159
101 161
101 165
101 173
101 180
101 184
101 192
101 194
102 103
102 114
102 116
102 126
102 131
102 135
102 136
102 157
102 159
102 163
102 168
102 170
102 172
102 179
102 184
102 187
102 188
102 194
102 199
103 105
103 117
103 121
103 126
103 135
103 139
103 144
103 147
103 150
103 163
103 168
103 180
103 196
104 112
104 116
104 127
104 128
104 136
104 140
104 149
104 161
104 169
104 179
104 193
104 195
104 198
105 107
105 108
105 112
105 124
105 139
105 149
105 152
105 155
105 162
105 164
105 172
105 174
105 176
105 181
105 198
106 112
106 132
106 136
106 148
106 153
106 156
106 157
106 165
106 178
106 189
107 108
107 116
107 118
107 120
107 122
107 126
107 131
107 143
107 151
107 154
107 165
107 173
107 175
107 180
107 181
107 182
107 192
107 198
108 114
108 121
108 135
108 153
108 162
108 173
108 174
108 180
108 181
108 198
109 117
109 127
109 135
109 143
109 144
109 146
109 151
109 164
109 170
109 171
109 173
109 184
109 188
109 190
109 197
110 112
110 126
110 129
110 132
110 139
110 145
110 150
110 153
110 169
110 179
110 180
110 182
110 185
110 193
110 196
111 112
111 118
111 134
111 140
111 151
111 155
111 158
111 160
111 168
111 199
112 128
112 141
112 147
112 153
112 154
112 156
112 162
112 180
112 186
112 197
113 125
113 130
113 132
113 133
113 135
113 144
113 150
113 155
113 165
113 167
113 169
113 180
113 184
113 186
113 190
113 192
113 197
114 116
114 117
114 126
114 150
114 159
114 170
114 173
114 178
114 186
114 194
114 195
115 121
115 124
115 129
115 132
115 135
115 148
115 183
115 185
116 117
116 123
116 126
116 139
116 141
116 146
116 149
116 152
116 161
116 169
116 174
116 185
116 199
117 144
117 152
117 163
117 173
117 187
117 196
118 134
118 135
118 140
118 143
118 146
118 151
118 153
118 154
118 157
118 160
118 176
118 180
118 186
118 194
119 123
119 141
119 143
119 147
119 160
119 162
119 175
119 189
119 190
119 199
120 125
120 127
120 130
120 132
120 141
120 143
120 148
120 159
120 161
120 162
120 164
120 175
120 179
120 182
120 186
120 188
120 193
120 199
121 137
121 142
121 145
121 164
121 170
121 172
121 176
121 188
121 191
121 198
122 127
122 131
122 136
122 138
122 146
122 167
122 185
122 195
123 130
123 136
123 139
123 153
123 154
123 160
123 169
123 172
123 189
123 196
124 141
124 146
124 158
124 171
124 174
124 190
125 126
125 138
125 149
125 151
125 158
125 163
125 171
125 176
125 177
125 187
125 191
125 193
126 127
126 130
126 151
126 161
126 166
126 169
126 170
126 171
126 172
126 175
126 184
127 129
127 137
127 143
127 146
127 163
127 168
127 171
127 173
127 175
127 187
127 190
127 194
127 196
128 129
128 130
128 131
128 138
128 144
128 151
128 152
128 157
128 165
128 170
128 181
128 185
128 192
128 197
128 198
128 199
129 141
129 147
129 150
129 159
129 165
129 176
129 178
129 182
129 184
130 134
130 141
130 147
130 154
130 161
130 165
130 172
130 186
130 188
130 189
131 138
131 175
131 178
131 180
131 181
131 183
131 186
131 193
132 133
132 134
132 139
132 141
132 142
132 151
132 162
132 166
132 191
133 142
133 148
133 160
133 169
133 180
133 181
133 182
133 183
133 189
133 190
134 143
134 152
134 154
134 155
134 159
134 165
134 171
134 180
134 189
134 190
134 195
135 136
135 148
135 172
135 176
135 186
135 197
136 140
136 151
136 176
136 187
136 191
136 194
137 138
137 147
137 148
137 161
137 163
137 171
137 179
137 180
137 186
137 187
137 189
137 190
137 193
137 196
138 146
138 147
138 150
138 168
138 173
138 181
138 182
138 188
138 190
138 192
139 141
139 142
139 156
139 162
139 173
139 176
139 181
139 182
139 184
139 191
139 194
139 195
139 198
139 199
140 145
140 153
140 160
140 163
140 179
140 181
140 182
140 186
140 188
140 194
140 197
141 150
141 152
141 161
141 163
141 171
141 192
142 145
142 146
142 152
142 163
142 164
142 166
142 169
142 173
142 184
142 185
142 191
142 197
143 155
143 159
143 168
143 172
143 175
143 177
143 183
144 145
144 160
144 161
144 164
144 175
144 176
144 180
144 181
144 183
144 197
145 150
145 184
145 187
145 194
146 147
146 150
146 151
146 156
146 176
146 178
146 182
146 186
146 198
147 153
147 182
147 195
148 156
148 161
148 171
148 175
148 180
148 182
148 183
148 193
148 194
148 195
148 197
149 165
149 167
149 176
149 177
149 180
149 181
149 183
149 188
149 195
150 156
150 160
150 184
150 192
151 152
151 155
151 157
151 168
151 172
151 178
151 181
151 187
151 189
152 165
152 171
152 184
152 190
152 199
153 158
153 163
153 166
153 168
154 156
154 157
154 161
154 177
154 187
154 193
154 194
155 156
155 158
155 163
155 168
155 169
155 176
155 180
155 196
156 169
156 176
156 184
157 160
157 164
157 174
157 194
157 195
158 161
158 162
158 166
158 168
158 172
158 175
158 182
158 189
158 190
158 193
159 163
159 165
159 171
159 180
159 181
159 183
159 186
159 187
160 171
160 184
160 187
160 196
160 197
161 182
161 192
161 193
161 195
162 164
162 171
162 179
162 182
162 184
162 195
162 196
163 164
163 169
163 173
163 177
163 180
163 189
163 194
163 198
164 168
164 180
164 195
165 177
165 186
165 187
166 181
166 186
166 190
166 192
167 173
167 175
167 181
167 182
167 184
167 188
167 189
168 172
168 174
168 197
169 176
169 191
169 192
169 193
170 174
170 176
170 190
171 187
171 193
171 199
172 173
172 183
172 184
172 192
172 195
173 188
173 192
173 195
173 199
174 177
174 178
174 180
174 183
174 186
174 190
174 196
175 195
176 177
176 184
176 188
176 190
177 181
177 184
177 188
177 194
177 195
178 183
179 180
179 185
179 197
179 199
180 184
180 189
180 197
181 187
182 187
183 187
183 189
183 193
183 198
184 185
184 188
184 193
185 196
186 190
186 193
187 194
187 199
189 190
190 193
190 195
191 193
191 194
191 199
193 196
194 195
195 196
196 197
196 199
197 198
198 199
