0 9
0 30
0 36
0 43
0 55
0 57
0 82
0 98
0 99
0 108
0 138
0 140
0 141
0 145
0 153
0 159
0 163
0 173
0 175
0 186
0 194
0 196
1 2
1 4
1 10
1 14
1 16
1 25
1 37
1 43
1 56
1 59
1 77
1 90
1 99
1 104
1 105
1 115
1 124
1 133
1 144
1 147
1 153
1 160
1 167
1 187
2 9
2 11
2 30
2 32
2 43
2 49
2 58
2 94
2 103
2 104
2 132
2 135
2 146
2 181
2 186
2 191
3 4
3 8
3 14
3 25
3 34
3 37
3 39
3 60
3 68
3 79
3 98
3 117
3 118
3 119
3 123
3 124
3 126
3 130
3 151
3 153
3 158
3 160
3 175
3 186
3 190
3 191
4 5
4 6
4 24
4 31
4 40
4 43
4 55
4 70
4 74
4 77
4 85
4 98
4 101
4 114
4 137
4 148
4 167
4 186
4 198
5 7
5 10
5 35
5 36
5 38
5 49
5 53
5 60
5 62
5 90
5 99
5 110
5 124
5 131
5 185
5 186
5 192
5 196
6 7
6 15
6 18
6 38
6 62
6 70
6 81
6 91
6 93
6 99
6 101
6 103
6 113
6 127
6 132
6 133
6 137
6 151
6 155
6 156
6 159
7 8
7 9
7 29
7 36
7 41
7 79
7 104
7 112
7 134
7 137
7 139
7 144
7 165
7 175
7 182
7 189
8 11
8 24
8 27
8 31
8 36
8 42
8 45
8 48
8 57
8 78
8 81
8 83
8 92
8 93
8 103
8 112
8 129
8 135
8 136
8 143
8 144
8 150
8 153
8 179
9 25
9 36
9 37
9 39
9 42
9 69
9 79
9 81
9 91
9 103
9 107
9 108
9 113
9 116
9 123
9 141
9 144
9 147
9 157
10 25
10 67
10 74
10 79
10 97
10 104
10 106
10 107
10 130
10 149
10 154
10 164
10 175
10 184
10 189
10 198
11 13
11 20
11 27
11 38
11 58
11 68
11 73
11 79
11 87
11 88
11 103
11 106
11 113
11 127
11 129
11 149
11 163
11 167
11 169
11 180
11 187
11 199
12 17
12 23
12 29
12 30
12 36
12 57
12 60
12 64
12 78
12 130
12 133
12 134
12 154
12 164
12 175
12 180
12 189
13 27
13 28
13 33
13 52
13 60
13 62
13 69
13 76
13 87
13 98
13 132
13 150
13 156
13 158
13 182
13 186
14 25
14 26
14 27
14 29
14 32
14 35
14 39
14 42
14 44
14 68
14 78
14 79
14 95
14 101
14 118
14 121
14 126
14 127
14 131
14 139
14 166
14 168
14 187
15 25
15 27
15 31
15 32
15 33
15 45
15 58
15 68
15 83
15 103
15 104
15 112
15 118
15 129
15 153
15 155
15 170
15 184
15 188
15 192
15 195
15 199
16 52
16 63
16 64
16 66
16 69
16 82
16 84
16 108
16 109
16 116
16 124
16 132
16 138
16 145
16 150
16 174
16 191
16 198
17 19
17 57
17 60
17 65
17 83
17 86
17 87
17 102
17 106
17 117
17 136
17 145
17 147
17 148
17 149
17 160
17 173
17 195
17 197
18 33
18 66
18 80
18 91
18 109
18 129
18 148
18 151
18 153
18 161
18 165
18 180
18 181
18 195
18 197
19 25
19 36
19 45
19 59
19 61
19 65
19 66
19 77
19 92
19 107
19 131
19 133
19 134
19 135
19 136
19 144
19 154
19 168
19 171
19 176
19 193
19 195
19 196
19 198
20 57
20 66
20 75
20 92
20 109
20 115
20 125
20 131
20 135
20 139
20 144
20 163
20 170
21 25
21 35
21 36
21 37
21 44
21 45
21 47
21 51
21 63
21 64
21 66
21 67
21 70
21 75
21 96
21 101
21 118
21 132
21 150
21 151
21 155
21 163
21 164
21 190
21 195
21 196
22 34
22 36
22 42
22 71
22 72
22 104
22 107
22 150
22 161
22 172
22 175
23 33
23 45
23 47
23 64
23 67
23 103
23 138
23 143
23 144
23 156
23 161
23 169
23 174
23 179
23 196
24 34
24 61
24 77
24 79
24 106
24 107
24 116
24 119
24 128
24 143
24 149
24 166
24 171
24 182
25 42
25 57
25 94
25 95
25 99
25 138
25 147
25 151
25 154
25 161
25 166
25 187
25 196
26 47
26 66
26 80
26 83
26 94
26 97
26 100
26 121
26 146
26 148
26 153
26 161
26 164
26 171
26 173
26 182
26 189
26 194
27 50
27 56
27 67
27 80
27 85
27 95
27 103
27 113
27 122
27 150
27 161
27 163
27 169
27 173
28 33
28 35
28 37
28 47
28 54
28 58
28 76
28 80
28 90
28 109
28 118
28 123
28 156
28 157
28 164
28 169
28 176
28 189
28 194
28 195
28 196
29 43
29 45
29 57
29 73
29 87
29 94
29 95
29 97
29 100
29 102
29 108
29 112
29 133
29 136
29 138
29 146
29 152
29 157
29 177
29 179
29 186
29 191
29 199
30 35
30 38
30 40
30 58
30 64
30 96
30 97
30 100
30 105
30 114
30 117
30 150
30 171
30 177
30 197
30 198
30 199
31 38
31 44
31 45
31 52
31 59
31 70
31 88
31 92
31 108
31 122
31 168
31 174
31 179
31 199
32 45
32 67
32 86
32 99
32 106
32 114
32 123
32 131
32 139
32 145
32 146
32 156
32 160
32 163
32 164
32 167
32 175
32 190
33 36
33 46
33 60
33 64
33 67
33 77
33 78
33 85
33 92
33 100
33 118
33 119
33 125
33 131
33 132
33 147
33 149
33 154
33 159
33 173
33 182
33 192
34 39
34 45
34 47
34 59
34 63
34 67
34 85
34 88
34 99
34 103
34 107
34 112
34 132
34 135
34 137
34 140
34 143
34 150
34 151
34 172
35 41
35 58
35 60
35 66
35 72
35 79
35 83
35 90
35 97
35 98
35 100
35 103
35 111
35 112
35 114
35 130
35 133
35 145
35 148
35 149
35 155
35 172
35 173
35 185
36 43
36 48
36 58
36 81
36 118
36 126
36 131
36 138
36 142
36 144
36 153
36 157
36 166
36 177
36 186
36 191
36 197
37 48
37 73
37 74
37 91
37 130
37 141
37 162
37 171
37 184
37 185
37 187
37 188
37 192
37 193
37 199
38 44
38 53
38 71
38 72
38 73
38 75
38 108
38 114
38 120
38 121
38 130
38 144
38 190
39 44
39 63
39 68
39 75
39 96
39 105
39 114
39 143
39 150
39 157
39 172
40 45
40 53
40 54
40 64
40 67
40 75
40 76
40 104
40 118
40 130
40 132
40 135
40 140
40 174
40 175
40 177
40 180
40 188
41 62
41 74
41 96
41 105
41 106
41 112
41 121
41 142
41 143
41 144
41 149
41 157
41 170
41 198
42 56
42 78
42 91
42 102
42 103
42 104
42 106
42 109
42 130
42 137
42 181
42 190
42 196
42 197
43 48
43 56
43 74
43 85
43 88
43 96
43 104
43 118
43 132
43 156
43 158
43 161
43 164
43 165
44 46
44 51
44 59
44 63
44 75
44 81
44 92
44 104
44 126
44 135
44 143
44 151
44 163
44 166
44 176
44 187
44 196
45 57
45 59
45 74
45 87
45 89
45 101
45 118
45 119
45 140
45 153
45 185
46 49
46 55
46 59
46 79
46 93
46 110
46 114
46 115
46 155
46 158
46 163
46 179
46 185
46 198
47 54
47 62
47 67
47 73
47 87
47 106
47 115
47 121
47 136
47 169
47 170
47 173
47 183
47 191
47 194
48 55
48 59
48 78
48 79
48 94
48 95
48 101
48 110
48 154
48 155
48 156
48 162
48 177
48 191
49 60
49 61
49 69
49 75
49 92
49 96
49 138
49 154
49 168
49 179
49 184
50 68
50 77
50 111
50 120
50 122
50 123
50 125
50 126
50 137
50 143
50 150
50 156
50 162
50 176
50 179
50 195
51 53
51 61
51 76
51 79
51 83
51 99
51 108
51 110
51 114
51 128
51 141
51 142
51 150
51 156
51 166
51 189
51 193
52 69
52 71
52 73
52 78
52 120
52 123
52 129
52 139
52 143
52 164
52 170
52 189
52 190
53 54
53 57
53 68
53 70
53 91
53 94
53 99
53 119
53 126
53 127
53 135
53 139
53 144
53 154
53 157
53 166
53 171
53 172
53 176
53 195
53 199
54 56
54 65
54 80
54 89
54 97
54 98
54 99
54 102
54 107
54 110
54 112
54 134
54 158
54 163
54 188
55 58
55 67
55 110
55 112
55 114
55 115
55 125
55 133
55 134
55 140
55 160
55 163
55 164
55 170
55 186
56 59
56 60
56 62
56 69
56 74
56 84
56 89
56 93
56 98
56 108
56 118
56 124
56 125
56 138
56 152
56 175
56 180
56 186
56 199
57 69
57 79
57 80
57 81
57 87
57 99
57 122
57 127
57 130
57 155
57 159
57 167
57 199
58 59
58 67
58 84
58 107
58 117
58 126
58 140
58 173
58 191
59 61
59 74
59 79
59 91
59 96
59 100
59 104
59 107
59 121
59 133
59 137
59 142
59 166
59 167
60 94
60 97
60 100
60 111
60 117
60 143
60 151
60 186
60 195
61 63
61 78
61 82
61 89
61 99
61 116
61 122
61 136
61 150
61 173
61 185
61 193
62 64
62 70
62 80
62 87
62 98
62 102
62 112
62 132
62 135
62 138
62 140
62 147
62 152
62 157
62 161
62 163
62 193
63 77
63 86
63 114
63 115
63 119
63 120
63 124
63 176
63 186
63 199
64 83
64 85
64 90
64 94
64 97
64 105
64 114
64 116
64 128
64 136
64 142
64 144
64 162
64 168
64 173
64 174
64 188
64 194
64 197
65 84
65 130
65 141
65 152
65 171
65 192
65 193
65 199
66 68
66 72
66 86
66 98
66 103
66 108
66 112
66 125
66 137
66 140
66 157
66 164
66 168
66 169
66 170
66 173
66 175
66 179
66 193
66 197
67 86
67 96
67 129
67 130
67 140
67 166
67 167
67 173
67 191
68 78
68 91
68 112
68 115
68 119
68 122
68 126
68 128
68 144
68 148
68 160
68 161
68 167
68 170
68 180
68 191
68 199
69 132
69 141
69 151
69 159
69 182
69 198
70 100
70 131
70 135
70 156
70 166
70 185
70 188
70 199
71 73
71 87
71 104
71 133
71 156
71 158
71 168
72 74
72 76
72 94
72 106
72 111
72 134
72 139
72 142
72 157
72 163
72 172
72 174
72 178
72 186
72 192
72 193
73 83
73 103
73 105
73 113
73 124
73 127
73 130
73 131
73 145
73 150
73 169
73 175
73 176
73 190
74 93
74 95
74 103
74 113
74 124
74 157
74 164
74 184
74 187
74 191
74 198
75 93
75 114
75 115
75 134
75 151
75 155
75 162
75 163
75 170
75 174
75 180
75 187
75 198
76 77
76 86
76 105
76 107
76 110
76 116
76 118
76 119
76 120
76 130
76 132
76 133
76 158
76 166
76 172
76 177
76 179
77 120
77 126
77 149
77 152
77 164
77 195
78 88
78 95
78 112
78 113
78 115
78 117
78 122
78 123
78 126
78 163
78 168
78 175
78 176
78 184
78 190
78 193
78 199
79 84
79 87
79 89
79 102
79 104
79 106
79 112
79 130
79 137
79 185
79 190
79 191
80 87
80 89
80 100
80 106
80 130
80 131
80 133
80 134
80 139
80 169
80 170
80 192
80 199
81 84
81 89
81 90
81 124
81 132
81 137
81 140
81 143
81 147
81 151
81 162
81 180
81 184
81 191
82 92
82 96
82 101
82 108
82 113
82 126
82 130
82 135
82 145
82 146
82 150
82 151
82 156
82 158
82 175
82 177
82 178
83 99
83 101
83 126
83 144
83 150
83 160
83 162
83 164
83 180
83 195
84 106
84 124
84 145
84 158
84 177
84 178
84 186
85 86
85 100
85 101
85 110
85 112
85 116
85 123
85 134
85 156
85 163
85 179
85 181
85 184
85 185
86 92
86 93
86 102
86 110
86 129
86 155
86 158
86 163
86 167
86 172
86 180
87 97
87 114
87 142
87 151
87 165
87 174
87 177
88 90
88 98
88 101
88 104
88 134
88 141
88 166
88 190
88 195
89 95
89 102
89 131
89 139
89 141
89 147
89 159
89 168
89 170
89 179
89 180
89 182
89 183
90 92
90 95
90 100
90 124
90 134
90 170
90 179
90 187
90 188
90 189
91 92
91 106
91 115
91 118
91 119
91 126
91 140
91 180
91 183
92 98
92 100
92 115
92 120
92 126
92 129
92 131
92 138
92 151
92 176
92 182
93 94
93 105
93 121
93 133
93 140
93 143
93 164
93 174
93 179
93 190
94 104
94 107
94 115
94 120
94 123
94 125
94 128
94 129
94 135
94 141
94 146
94 160
94 161
94 164
94 173
94 181
94 185
94 194
95 99
95 103
95 110
95 113
95 121
95 130
95 143
95 165
95 173
95 181
95 182
95 185
95 189
95 190
96 104
96 128
96 134
96 138
96 142
96 147
96 148
96 150
96 152
96 156
96 183
96 188
96 192
97 107
97 108
97 133
97 148
97 152
97 156
97 164
97 184
98 107
98 114
98 115
98 151
98 154
98 159
98 162
98 172
98 174
99 101
99 104
99 113
99 134
99 148
99 192
100 103
100 109
100 121
100 124
100 134
100 139
100 149
100 159
100 162
100 178
100 183
101 103
101 116
101 122
101 147
101 150
101 152
101 158
101 159
101 187
101 189
101 191
102 138
102 143
102 157
102 162
102 168
102 170
102 171
102 175
102 193
102 196
102 197
103 104
103 118
103 135
103 155
103 162
103 174
103 180
103 188
104 115
104 130
104 146
104 150
104 152
104 166
104 171
104 180
104 191
104 196
105 148
105 152
105 153
105 155
105 157
105 158
105 161
105 192
106 115
106 117
106 118
106 125
106 129
106 145
106 180
106 184
106 191
106 195
107 123
107 137
107 143
107 159
107 184
108 109
108 115
108 144
108 163
108 168
108 169
108 193
108 197
109 116
109 130
109 142
109 150
109 163
109 165
109 169
109 182
110 114
110 145
110 151
110 152
110 160
110 163
110 190
111 125
111 159
111 170
111 171
112 128
112 149
112 158
112 173
112 181
112 192
112 198
112 199
113 129
113 134
113 136
113 149
113 152
113 175
113 188
113 199
114 116
114 137
114 139
114 159
114 181
114 187
114 188
114 190
115 119
115 126
115 139
115 140
115 164
115 165
115 171
115 173
115 193
115 198
116 126
116 128
116 131
116 140
116 146
116 154
116 178
116 183
116 188
116 197
117 151
117 155
117 173
117 176
117 178
117 185
117 197
118 128
118 140
118 165
118 168
118 174
118 178
118 182
118 191
119 120
119 126
119 130
119 133
119 153
119 154
119 169
119 179
119 180
119 183
119 184
119 188
119 192
120 127
120 128
120 129
120 131
120 144
120 149
120 154
120 158
120 159
120 160
120 162
120 186
120 190
120 196
120 199
121 132
121 135
121 137
121 140
121 143
121 148
121 150
121 176
121 178
121 194
121 196
122 124
122 128
122 158
122 187
122 196
123 126
123 129
123 136
123 138
123 150
123 158
123 159
123 167
123 168
123 176
123 191
124 149
124 153
124 161
124 176
124 183
124 196
124 198
125 147
125 164
125 179
125 180
125 193
125 195
126 133
126 146
126 147
126 161
126 162
126 171
126 172
126 175
126 184
126 196
126 199
127 170
127 181
127 190
127 193
128 153
128 179
128 189
128 191
129 152
129 159
129 172
129 189
130 152
130 163
130 164
130 185
131 132
131 137
131 140
131 145
131 150
131 157
131 164
131 171
131 176
131 184
131 190
132 137
132 146
132 155
132 159
132 165
132 170
132 178
132 179
132 194
133 149
133 154
133 158
133 164
133 167
133 174
133 182
133 186
133 191
134 139
134 147
134 149
134 160
134 169
134 177
134 183
134 188
134 193
134 198
135 143
135 153
135 198
136 138
136 169
136 185
136 186
137 142
137 148
137 149
137 152
137 155
137 183
137 187
137 190
137 194
137 197
138 142
138 144
138 145
138 158
138 165
138 188
138 192
138 196
138 199
139 147
139 161
139 179
139 188
139 189
139 191
140 142
140 156
140 163
140 170
140 191
140 193
141 165
141 182
141 199
142 152
142 165
142 188
143 144
143 146
143 153
143 157
143 160
143 163
143 177
143 183
144 175
144 181
144 184
144 186
144 196
145 151
145 170
145 175
146 160
146 167
146 177
147 172
148 153
148 163
148 168
148 184
149 155
149 159
149 172
149 173
149 176
149 178
149 193
149 195
149 199
150 164
150 168
150 172
150 174
151 163
151 164
151 173
151 177
151 180
151 198
152 154
152 160
152 161
152 175
152 189
152 195
153 156
153 162
153 177
153 179
153 180
154 157
154 167
154 181
154 183
154 193
155 166
155 173
155 177
155 181
155 184
155 185
156 158
156 164
156 187
156 197
157 175
157 188
158 159
158 164
158 169
158 173
158 177
158 179
158 196
159 179
159 186
159 189
159 190
160 169
160 170
160 176
160 177
160 190
160 191
161 175
161 183
162 163
163 167
163 173
163 180
163 183
163 186
163 194
163 195
163 198
164 165
164 173
164 190
164 195
164 196
164 198
165 177
165 186
165 194
165 198
166 172
166 178
166 185
166 187
166 188
167 171
167 173
167 180
168 170
168 171
168 172
168 181
168 182
168 188
168 199
169 170
169 187
169 196
169 197
170 180
170 197
171 174
171 175
171 186
171 198
172 175
172 183
172 190
172 196
173 175
173 180
173 185
173 192
173 195
174 178
174 192
174 194
174 199
176 180
176 198
177 182
177 197
178 191
178 196
179 186
179 198
180 183
181 182
181 192
181 198
182 183
182 184
182 189
182 197
183 185
183 195
184 186
185 186
185 194
185 196
185 199
186 192
186 197
187 192
188 191
190 192
190 193
191 198
191 199
