0 2
0 5
0 12
0 15
0 20
0 23
0 38
0 39
0 51
0 83
0 88
0 89
0 95
0 102
0 104
0 107
0 109
0 121
0 128
0 143
0 164
0 167
0 173
0 177
0 180
0 192
0 193
0 197
1 7
1 11
1 16
1 18
1 29
1 43
1 45
1 47
1 51
1 63
1 66
1 68
1 90
1 98
1 99
1 102
1 105
1 107
1 117
1 139
1 142
1 147
1 153
1 156
1 157
1 166
1 169
1 170
1 191
1 193
1 199
2 10
2 12
2 23
2 25
2 45
2 52
2 69
2 71
2 74
2 80
2 82
2 94
2 117
2 122
2 123
2 127
2 135
2 142
2 147
2 149
2 152
2 158
2 159
2 166
2 171
2 181
2 182
2 192
2 195
3 5
3 19
3 36
3 42
3 52
3 63
3 64
3 76
3 87
3 89
3 90
3 93
3 95
3 128
3 134
3 143
3 147
3 165
3 171
3 194
3 195
4 12
4 18
4 20
4 21
4 24
4 25
4 30
4 36
4 41
4 59
4 69
4 81
4 97
4 99
4 104
4 112
4 114
4 117
4 132
4 133
4 137
4 138
4 140
4 143
4 153
4 160
4 165
4 172
4 175
4 181
4 183
4 186
4 195
5 11
5 14
5 15
5 29
5 30
5 39
5 48
5 60
5 62
5 65
5 78
5 81
5 98
5 102
5 103
5 108
5 113
5 116
5 118
5 133
5 144
5 161
5 172
5 178
5 179
5 187
6 7
6 9
6 17
6 26
6 27
6 30
6 33
6 37
6 39
6 48
6 51
6 53
6 64
6 65
6 74
6 83
6 87
6 88
6 90
6 104
6 113
6 139
6 141
6 145
6 153
6 158
6 159
6 168
6 182
6 183
6 189
7 9
7 12
7 21
7 27
7 29
7 31
7 34
7 36
7 40
7 47
7 51
7 56
7 58
7 60
7 64
7 72
7 77
7 80
7 81
7 88
7 98
7 102
7 103
7 110
7 111
7 121
7 135
7 140
7 142
7 146
7 154
7 170
7 173
7 191
7 193
7 199
8 9
8 14
8 22
8 25
8 34
8 37
8 53
8 62
8 64
8 66
8 69
8 84
8 87
8 96
8 97
8 107
8 110
8 115
8 141
8 144
8 160
8 172
8 178
8 187
8 189
8 190
8 191
8 192
8 193
8 198
9 15
9 32
9 36
9 37
9 48
9 60
9 61
9 78
9 84
9 88
9 90
9 91
9 105
9 111
9 120
9 139
9 154
9 172
9 177
9 184
9 187
9 188
9 194
10 13
10 27
10 31
10 33
10 36
10 38
10 44
10 54
10 58
10 65
10 73
10 74
10 75
10 89
10 90
10 99
10 110
10 125
10 126
10 132
10 140
10 143
10 145
10 154
10 183
10 189
10 194
10 196
11 13
11 14
11 22
11 25
11 40
11 53
11 56
11 58
11 60
11 61
11 69
11 75
11 80
11 84
11 94
11 101
11 104
11 105
11 107
11 110
11 117
11 125
11 130
11 131
11 136
11 143
11 144
11 149
11 162
11 163
11 164
11 167
11 173
11 180
11 185
11 188
11 189
11 199
12 22
12 23
12 27
12 33
12 37
12 43
12 45
12 49
12 55
12 56
12 68
12 69
12 70
12 73
12 76
12 104
12 106
12 113
12 116
12 125
12 126
12 132
12 143
12 147
12 150
12 167
12 172
12 174
12 179
12 194
12 197
13 15
13 18
13 19
13 23
13 28
13 29
13 37
13 54
13 55
13 61
13 65
13 69
13 79
13 82
13 83
13 86
13 87
13 94
13 101
13 105
13 106
13 114
13 123
13 125
13 143
13 148
13 149
13 166
13 189
14 21
14 23
14 31
14 38
14 41
14 60
14 63
14 67
14 68
14 78
14 87
14 98
14 114
14 115
14 119
14 121
14 125
14 131
14 139
14 153
14 181
14 184
14 193
14 196
14 197
15 16
15 22
15 23
15 28
15 29
15 35
15 38
15 44
15 59
15 66
15 78
15 85
15 87
15 91
15 92
15 98
15 111
15 123
15 124
15 132
15 135
15 153
15 168
15 173
15 177
15 184
15 192
16 26
16 32
16 34
16 40
16 43
16 44
16 48
16 62
16 65
16 68
16 70
16 77
16 78
16 83
16 118
16 121
16 135
16 155
16 169
16 178
16 179
16 195
16 197
17 19
17 24
17 25
17 31
17 40
17 44
17 48
17 49
17 52
17 53
17 57
17 65
17 72
17 75
17 80
17 81
17 83
17 89
17 98
17 105
17 108
17 110
17 111
17 117
17 124
17 136
17 138
17 152
17 159
17 160
17 161
17 162
17 168
17 172
17 177
17 193
17 194
18 19
18 21
18 23
18 24
18 28
18 39
18 40
18 51
18 53
18 66
18 75
18 80
18 83
18 118
18 130
18 132
18 135
18 141
18 142
18 153
18 156
18 168
18 169
18 173
18 183
18 190
19 30
19 35
19 65
19 68
19 101
19 104
19 107
19 108
19 109
19 126
19 141
19 142
19 151
19 154
19 160
19 164
19 171
19 174
19 188
19 190
20 23
20 25
20 37
20 57
20 60
20 62
20 67
20 72
20 73
20 76
20 89
20 97
20 98
20 104
20 144
20 157
20 166
20 168
20 177
20 193
20 198
21 22
21 29
21 31
21 32
21 45
21 46
21 51
21 59
21 69
21 70
21 71
21 74
21 76
21 78
21 103
21 104
21 109
21 115
21 130
21 139
21 142
21 152
21 153
21 159
21 167
21 174
21 176
21 194
21 198
22 29
22 38
22 40
22 41
22 42
22 43
22 46
22 48
22 50
22 56
22 72
22 73
22 75
22 78
22 83
22 84
22 85
22 89
22 90
22 96
22 106
22 108
22 122
22 125
22 141
22 150
22 158
22 162
22 163
22 179
22 182
22 189
23 24
23 30
23 31
23 38
23 40
23 43
23 52
23 62
23 74
23 78
23 80
23 84
23 97
23 102
23 107
23 110
23 112
23 113
23 116
23 126
23 129
23 130
23 143
23 146
23 149
23 150
23 151
23 153
23 161
23 162
23 167
23 172
23 175
23 179
23 181
23 183
23 186
23 194
24 25
24 30
24 31
24 37
24 39
24 42
24 49
24 54
24 62
24 64
24 72
24 87
24 89
24 101
24 116
24 124
24 128
24 137
24 167
24 177
24 188
24 197
25 31
25 65
25 66
25 70
25 75
25 88
25 91
25 92
25 95
25 104
25 115
25 117
25 122
25 124
25 128
25 140
25 144
25 148
25 153
25 156
25 159
25 161
25 171
25 184
25 186
25 188
25 193
25 198
26 28
26 35
26 60
26 65
26 72
26 74
26 80
26 83
26 85
26 87
26 90
26 91
26 97
26 106
26 111
26 114
26 120
26 126
26 127
26 128
26 136
26 157
26 161
26 167
26 170
26 173
26 181
26 182
26 183
26 195
27 37
27 38
27 49
27 50
27 60
27 67
27 73
27 83
27 119
27 125
27 130
27 137
27 141
27 158
27 164
27 168
27 171
27 175
27 178
27 184
27 188
27 191
27 194
27 195
27 199
28 36
28 41
28 51
28 55
28 67
28 69
28 70
28 75
28 80
28 92
28 98
28 107
28 110
28 111
28 115
28 127
28 132
28 134
28 135
28 139
28 144
28 145
28 161
28 176
28 192
29 33
29 34
29 37
29 38
29 41
29 42
29 43
29 51
29 53
29 56
29 59
29 61
29 67
29 71
29 72
29 85
29 93
29 105
29 106
29 107
29 109
29 113
29 128
29 132
29 141
29 142
29 146
29 150
29 155
29 174
29 176
29 179
29 188
29 191
29 194
30 32
30 55
30 67
30 72
30 76
30 78
30 80
30 81
30 89
30 93
30 96
30 103
30 109
30 114
30 119
30 128
30 131
30 142
30 151
30 152
30 161
30 163
30 166
30 176
30 180
30 188
31 41
31 46
31 50
31 66
31 74
31 79
31 86
31 90
31 91
31 97
31 98
31 100
31 105
31 111
31 115
31 121
31 134
31 136
31 141
31 144
31 148
31 151
31 157
31 165
31 173
31 180
31 193
31 197
32 38
32 40
32 45
32 49
32 59
32 69
32 74
32 86
32 87
32 89
32 92
32 97
32 106
32 109
32 113
32 120
32 124
32 126
32 129
32 130
32 135
32 143
32 144
32 149
32 153
32 175
32 184
32 193
32 197
33 40
33 44
33 45
33 47
33 54
33 61
33 74
33 85
33 93
33 127
33 128
33 131
33 143
33 147
33 152
33 158
33 160
33 169
33 195
34 40
34 44
34 45
34 53
34 68
34 70
34 72
34 85
34 90
34 95
34 102
34 129
34 135
34 140
34 149
34 151
34 169
34 170
34 173
34 174
34 183
34 189
34 196
35 40
35 43
35 44
35 45
35 49
35 55
35 65
35 66
35 69
35 83
35 89
35 92
35 98
35 102
35 104
35 110
35 114
35 125
35 140
35 146
35 147
35 173
35 174
35 176
35 190
35 198
36 37
36 47
36 49
36 56
36 57
36 58
36 62
36 66
36 67
36 72
36 75
36 81
36 82
36 85
36 99
36 110
36 113
36 130
36 134
36 145
36 149
36 160
36 167
36 178
36 183
36 184
36 185
36 190
36 196
37 50
37 56
37 57
37 60
37 61
37 65
37 77
37 80
37 82
37 93
37 98
37 103
37 112
37 121
37 123
37 125
37 132
37 134
37 136
37 143
37 158
37 159
37 160
37 163
37 164
37 168
37 177
37 179
37 182
37 190
37 196
38 39
38 43
38 69
38 77
38 84
38 93
38 118
38 141
38 147
38 148
38 151
38 162
38 163
38 171
38 183
38 186
38 187
38 190
39 41
39 51
39 73
39 74
39 76
39 86
39 95
39 116
39 121
39 123
39 134
39 139
39 152
39 167
39 174
39 177
39 179
39 186
39 197
40 42
40 46
40 66
40 69
40 73
40 74
40 77
40 80
40 101
40 110
40 111
40 117
40 120
40 128
40 129
40 131
40 133
40 157
40 169
40 172
40 175
40 178
40 184
41 44
41 48
41 59
41 67
41 72
41 73
41 79
41 80
41 104
41 107
41 117
41 119
41 124
41 125
41 126
41 127
41 133
41 154
41 165
41 170
41 173
41 176
41 187
41 193
41 199
42 44
42 45
42 61
42 66
42 77
42 80
42 82
42 87
42 89
42 93
42 96
42 108
42 120
42 121
42 122
42 126
42 129
42 140
42 144
42 150
42 153
42 157
42 163
42 167
42 172
42 178
42 184
42 198
43 46
43 56
43 60
43 73
43 76
43 85
43 91
43 96
43 99
43 103
43 109
43 110
43 123
43 129
43 130
43 134
43 143
43 147
43 157
43 168
43 171
43 177
43 182
43 193
44 54
44 71
44 73
44 85
44 86
44 90
44 95
44 96
44 97
44 105
44 108
44 114
44 117
44 133
44 151
44 158
44 162
44 165
44 179
44 183
44 191
44 197
44 198
45 57
45 71
45 74
45 83
45 91
45 118
45 119
45 121
45 123
45 131
45 137
45 146
45 148
45 153
45 158
45 166
45 187
45 190
46 58
46 59
46 65
46 66
46 77
46 80
46 92
46 93
46 114
46 118
46 124
46 131
46 134
46 155
46 163
46 164
46 165
46 169
46 172
46 173
46 174
46 180
46 186
46 191
46 195
47 48
47 55
47 57
47 59
47 62
47 64
47 65
47 68
47 75
47 84
47 99
47 102
47 106
47 109
47 113
47 115
47 117
47 125
47 132
47 135
47 144
47 153
47 154
47 158
47 163
47 170
47 171
47 179
47 180
47 189
47 195
47 198
48 58
48 59
48 72
48 74
48 75
48 80
48 81
48 82
48 83
48 99
48 102
48 104
48 106
48 107
48 108
48 109
48 111
48 117
48 125
48 126
48 151
48 155
48 159
48 168
48 173
48 178
48 191
48 194
49 53
49 73
49 79
49 84
49 93
49 102
49 106
49 110
49 114
49 127
49 130
49 135
49 143
49 144
49 150
49 178
49 179
50 63
50 70
50 72
50 79
50 80
50 98
50 107
50 119
50 123
50 125
50 136
50 145
50 157
50 160
50 165
50 167
50 172
50 175
50 184
50 186
50 191
50 192
51 57
51 67
51 86
51 96
51 97
51 101
51 102
51 109
51 117
51 121
51 146
51 149
51 153
51 155
51 161
51 164
51 169
51 186
51 187
51 188
52 53
52 69
52 75
52 83
52 87
52 93
52 97
52 100
52 110
52 127
52 140
52 142
52 151
52 157
52 172
52 180
52 185
52 197
53 54
53 58
53 69
53 70
53 75
53 87
53 91
53 93
53 96
53 99
53 121
53 132
53 135
53 147
53 149
53 160
53 168
53 173
53 177
53 178
53 179
53 184
53 189
53 198
54 65
54 75
54 77
54 85
54 86
54 106
54 107
54 114
54 115
54 126
54 130
54 133
54 135
54 136
54 145
54 147
54 151
54 160
54 182
55 58
55 61
55 62
55 68
55 75
55 83
55 89
55 99
55 100
55 105
55 107
55 109
55 115
55 129
55 130
55 134
55 138
55 143
55 150
55 154
55 166
55 175
55 186
55 187
55 188
56 58
56 63
56 64
56 89
56 100
56 107
56 119
56 131
56 132
56 143
56 145
56 147
56 148
56 150
56 154
56 156
56 158
56 169
56 180
56 181
56 184
56 186
56 190
56 191
57 60
57 76
57 77
57 81
57 91
57 94
57 108
57 114
57 115
57 119
57 123
57 126
57 128
57 130
57 139
57 142
57 145
57 156
57 161
57 168
57 170
57 171
57 177
57 196
58 67
58 74
58 78
58 79
58 82
58 86
58 89
58 97
58 113
58 118
58 140
58 142
58 153
58 166
58 170
58 177
58 180
58 181
58 184
58 192
58 196
59 65
59 67
59 70
59 76
59 79
59 85
59 90
59 101
59 113
59 117
59 119
59 128
59 132
59 137
59 142
59 148
59 149
59 167
59 170
59 183
60 62
60 65
60 68
60 91
60 93
60 95
60 102
60 111
60 133
60 141
60 145
60 148
60 159
60 160
60 181
60 188
60 190
60 193
61 62
61 92
61 101
61 106
61 115
61 118
61 120
61 121
61 128
61 133
61 143
61 147
61 154
61 157
61 175
61 180
61 186
62 65
62 66
62 69
62 73
62 80
62 93
62 94
62 96
62 120
62 125
62 130
62 141
62 144
62 152
62 153
62 171
62 173
62 174
62 187
62 191
62 193
63 72
63 78
63 84
63 97
63 112
63 114
63 122
63 126
63 127
63 138
63 142
63 171
63 182
63 185
63 188
63 192
64 79
64 89
64 104
64 116
64 117
64 119
64 122
64 129
64 130
64 139
64 155
64 158
64 165
64 166
64 196
65 67
65 69
65 73
65 76
65 83
65 95
65 98
65 99
65 105
65 109
65 132
65 136
65 148
65 156
65 177
65 189
65 192
65 193
65 197
66 75
66 104
66 117
66 124
66 130
66 167
66 172
66 179
66 184
67 73
67 80
67 81
67 82
67 87
67 95
67 100
67 108
67 122
67 123
67 124
67 149
67 155
67 156
67 168
67 171
67 173
67 174
67 196
68 77
68 97
68 101
68 106
68 108
68 117
68 120
68 122
68 123
68 124
68 134
68 150
68 151
68 154
68 155
68 162
68 163
68 168
68 177
68 180
68 185
68 187
68 197
68 199
69 88
69 91
69 101
69 104
69 106
69 134
69 145
69 158
69 160
69 164
69 170
69 173
69 175
69 187
69 193
69 195
70 78
70 95
70 99
70 101
70 107
70 112
70 116
70 117
70 120
70 134
70 139
70 154
70 166
70 167
70 171
70 183
70 187
70 188
70 191
70 196
71 76
71 80
71 81
71 87
71 106
71 114
71 121
71 127
71 134
71 149
71 152
71 157
71 163
71 170
71 176
71 178
71 183
71 192
71 193
71 198
72 77
72 82
72 83
72 88
72 93
72 107
72 116
72 121
72 132
72 144
72 161
72 170
72 172
73 74
73 81
73 85
73 95
73 99
73 100
73 101
73 102
73 113
73 119
73 124
73 126
73 145
73 148
73 153
73 158
73 166
73 179
73 186
73 187
73 191
73 193
73 196
74 77
74 83
74 87
74 89
74 92
74 93
74 104
74 106
74 129
74 134
74 135
74 138
74 148
74 161
74 166
74 195
75 93
75 95
75 97
75 104
75 107
75 111
75 119
75 127
75 128
75 179
75 187
75 196
76 80
76 90
76 98
76 102
76 104
76 117
76 118
76 122
76 126
76 129
76 131
76 134
76 144
76 145
76 152
76 155
76 166
76 169
76 184
76 186
76 190
76 193
76 195
76 196
76 197
77 83
77 85
77 92
77 98
77 104
77 105
77 109
77 110
77 117
77 118
77 120
77 127
77 128
77 137
77 138
77 142
77 147
77 150
77 164
77 169
77 173
77 175
77 176
77 184
77 194
78 86
78 88
78 94
78 95
78 111
78 115
78 120
78 136
78 137
78 143
78 147
78 149
78 163
78 164
78 167
78 183
78 187
78 190
78 193
78 198
79 87
79 91
79 105
79 106
79 107
79 108
79 124
79 125
79 132
79 145
79 153
79 158
79 163
79 169
79 170
79 176
79 199
80 84
80 88
80 91
80 97
80 99
80 102
80 111
80 112
80 124
80 139
80 142
80 148
80 166
80 167
80 168
80 170
80 181
80 182
80 185
80 192
81 89
81 96
81 99
81 110
81 115
81 116
81 147
81 149
81 168
81 178
81 181
81 187
81 195
82 83
82 86
82 91
82 95
82 96
82 100
82 102
82 104
82 108
82 121
82 124
82 130
82 138
82 140
82 151
82 153
82 154
82 162
82 185
82 194
82 196
82 198
83 86
83 108
83 110
83 119
83 121
83 127
83 140
83 147
83 155
83 162
83 167
83 178
83 179
83 183
83 195
84 105
84 109
84 112
84 115
84 123
84 130
84 137
84 139
84 140
84 148
84 167
84 168
84 177
84 185
84 188
84 190
84 191
84 195
84 196
84 197
84 198
85 93
85 98
85 99
85 102
85 105
85 117
85 118
85 123
85 126
85 127
85 129
85 130
85 138
85 141
85 146
85 153
85 162
85 168
85 185
85 187
85 188
86 88
86 92
86 99
86 103
86 105
86 106
86 111
86 119
86 129
86 137
86 145
86 148
86 149
86 151
86 157
86 166
86 167
86 177
86 180
86 183
86 185
87 90
87 103
87 107
87 122
87 133
87 147
87 153
87 168
87 174
87 175
87 188
88 90
88 97
88 101
88 103
88 106
88 109
88 114
88 115
88 118
88 119
88 127
88 132
88 135
88 140
88 141
88 146
88 153
88 155
88 156
88 160
88 161
88 166
88 172
88 175
88 181
88 185
89 93
89 96
89 97
89 98
89 105
89 111
89 120
89 125
89 130
89 131
89 139
89 168
89 170
89 171
89 191
90 91
90 94
90 98
90 102
90 113
90 127
90 132
90 133
90 134
90 138
90 139
90 150
90 152
90 162
90 163
90 166
90 169
90 170
90 178
90 181
90 189
90 194
91 101
91 113
91 115
91 140
91 142
91 146
91 151
91 152
91 153
91 160
91 163
91 177
91 179
92 98
92 119
92 124
92 128
92 149
92 177
92 184
92 188
92 197
93 106
93 109
93 118
93 123
93 125
93 134
93 155
93 159
93 170
93 182
93 193
93 195
94 109
94 116
94 122
94 127
94 143
94 151
94 157
94 159
94 170
94 177
94 194
94 197
94 199
95 102
95 105
95 115
95 120
95 121
95 141
95 155
95 161
95 162
95 165
95 170
95 173
95 179
95 180
95 186
95 191
96 110
96 111
96 112
96 120
96 121
96 126
96 129
96 132
96 143
96 148
96 153
96 154
96 178
96 180
96 185
96 189
96 199
97 99
97 101
97 107
97 122
97 127
97 130
97 142
97 164
97 166
97 167
97 168
97 174
97 176
97 178
97 181
97 183
97 185
97 191
97 195
97 196
98 102
98 113
98 122
98 124
98 135
98 139
98 141
98 156
98 157
98 158
98 178
98 182
98 197
98 198
98 199
99 103
99 106
99 110
99 116
99 118
99 119
99 139
99 149
99 150
99 171
99 172
99 186
100 101
100 112
100 118
100 122
100 127
100 133
100 135
100 136
100 137
100 141
100 150
100 158
100 159
100 181
100 186
100 188
100 195
101 102
101 107
101 110
101 120
101 125
101 131
101 134
101 143
101 153
101 156
101 161
101 163
101 167
101 172
101 179
101 182
101 185
101 186
101 195
102 103
102 116
102 121
102 123
102 151
102 164
102 185
103 106
103 111
103 119
103 141
103 143
103 150
103 154
103 160
103 161
103 163
103 165
103 167
103 172
103 187
103 188
103 195
103 197
103 199
104 105
104 106
104 123
104 125
104 126
104 132
104 137
104 140
104 144
104 147
104 155
104 167
104 173
104 182
104 185
104 188
104 195
104 197
104 198
105 114
105 117
105 126
105 129
105 138
105 145
105 155
105 164
105 169
105 181
105 182
105 187
105 189
105 193
106 108
106 110
106 115
106 117
106 130
106 133
106 135
106 144
106 151
106 165
106 170
106 177
106 188
107 113
107 124
107 127
107 134
107 145
107 148
107 158
107 165
107 167
107 179
107 183
107 188
107 191
107 193
107 197
107 198
108 110
108 111
108 120
108 121
108 130
108 136
108 139
108 140
108 142
108 143
108 149
108 151
108 154
108 158
108 164
108 170
108 181
108 187
108 192
108 198
109 110
109 130
109 135
109 143
109 147
109 148
109 152
109 153
109 158
109 159
109 163
109 175
109 177
109 178
109 181
109 190
109 197
110 113
110 138
110 149
110 155
110 157
110 159
110 178
110 179
110 184
110 193
111 119
111 120
111 128
111 143
111 152
111 160
111 163
111 173
111 188
111 197
112 114
112 124
112 129
112 131
112 133
112 135
112 139
112 148
112 150
112 151
112 155
112 156
112 157
112 164
112 168
112 171
112 176
112 178
112 183
112 185
112 186
112 194
112 197
113 126
113 129
113 132
113 134
113 144
113 148
113 153
113 156
113 158
113 163
113 178
113 189
113 190
113 197
113 198
114 118
114 119
114 127
114 134
114 137
114 145
114 162
114 173
114 180
114 184
114 191
114 197
114 198
115 125
115 137
115 144
115 159
115 161
115 188
115 192
115 194
116 117
116 131
116 134
116 143
116 144
116 150
116 170
116 171
116 174
116 180
116 182
116 196
116 197
117 124
117 136
117 139
117 141
117 143
117 144
117 158
117 167
117 173
117 177
117 184
117 187
117 188
117 190
117 198
118 119
118 124
118 125
118 135
118 139
118 141
118 145
118 146
118 152
118 157
118 172
118 196
119 124
119 128
119 130
119 131
119 145
119 147
119 165
119 171
119 187
120 128
120 129
120 140
120 146
120 149
120 152
120 154
120 158
120 173
120 176
120 184
120 185
120 188
120 195
120 197
120 199
121 125
121 132
121 133
121 139
121 143
121 151
121 153
121 171
121 173
121 174
121 176
121 177
121 181
121 184
121 195
121 197
121 199
122 176
122 181
122 188
123 126
123 127
123 172
123 175
123 177
123 179
123 183
123 185
123 188
124 135
124 152
124 162
124 173
124 174
124 181
124 184
124 186
124 190
124 193
124 195
125 134
125 140
125 144
125 149
125 157
125 181
125 183
125 194
125 198
126 129
126 137
126 156
126 176
126 191
126 198
127 131
127 136
127 137
127 169
127 171
127 180
127 187
127 189
127 195
127 197
127 199
128 131
128 138
128 140
128 142
128 178
128 182
128 188
128 190
128 197
128 198
129 130
129 153
129 171
129 194
129 199
130 136
130 148
130 155
130 160
130 162
130 172
130 175
130 177
130 190
130 192
130 196
131 132
131 146
131 153
131 154
131 166
131 176
131 178
131 189
131 194
132 135
132 142
132 157
132 159
132 166
132 171
132 176
132 181
132 182
132 184
132 190
132 198
133 134
133 153
133 157
133 162
133 181
133 188
133 194
134 141
134 143
134 148
134 151
134 154
134 162
134 163
134 164
134 166
134 184
134 199
135 142
135 144
135 151
135 159
135 161
135 166
135 167
135 181
135 193
135 198
136 137
136 138
136 139
136 153
136 155
136 163
136 166
136 169
136 187
136 193
136 195
137 153
137 155
137 159
137 167
137 179
137 194
137 199
138 139
138 141
138 144
138 148
138 149
138 154
138 170
138 172
138 173
138 180
138 184
138 186
139 149
139 150
139 152
139 157
139 160
139 173
139 177
139 179
139 185
139 199
140 147
140 166
140 171
140 198
141 151
141 159
141 161
141 165
141 168
141 172
141 173
141 195
142 144
142 148
142 149
142 155
142 161
142 170
142 174
142 178
142 180
142 184
143 160
143 169
143 173
143 181
144 150
144 151
144 158
144 166
144 167
144 177
144 196
145 146
145 151
145 155
145 160
145 163
145 166
145 176
145 179
146 149
146 151
146 154
146 158
146 171
146 174
147 150
147 152
147 177
147 189
148 167
148 177
148 183
149 150
149 152
149 153
149 156
149 172
149 174
149 182
149 184
149 192
149 195
149 198
150 160
150 168
150 187
150 188
150 190
150 196
151 164
151 166
151 167
151 168
151 173
151 178
151 179
151 180
151 199
152 170
152 171
152 174
152 176
152 193
152 194
152 198
153 166
153 170
153 192
153 193
153 199
154 160
154 166
154 170
154 185
154 188
154 192
155 162
155 177
155 180
155 182
155 183
155 186
155 187
155 190
155 199
156 157
156 160
156 170
156 177
156 184
156 187
157 164
157 169
157 170
157 180
157 187
157 188
157 194
158 160
158 161
158 169
158 181
158 190
158 192
158 193
158 194
158 195
159 160
159 161
159 167
159 170
159 174
159 178
159 194
159 198
160 161
160 166
160 180
161 163
161 164
161 174
161 177
161 179
161 181
161 183
161 186
161 187
161 192
162 169
162 174
162 183
162 185
162 187
162 189
162 194
162 195
163 173
163 182
163 191
163 199
164 165
164 167
164 176
164 186
164 193
164 194
165 171
165 173
165 177
165 187
165 199
166 175
166 191
166 192
166 195
166 197
167 171
167 173
167 177
167 180
167 186
167 192
167 193
167 199
168 177
168 181
168 184
168 197
169 194
169 195
169 198
170 172
170 174
170 184
170 192
170 194
170 196
170 199
171 172
171 178
171 179
171 197
172 174
172 181
173 178
173 179
173 189
173 194
173 195
174 197
175 179
175 190
175 192
175 195
176 186
176 190
176 192
176 198
177 178
177 186
177 194
177 196
177 197
178 182
178 198
179 194
180 192
180 197
180 198
181 183
181 188
181 189
181 192
181 193
182 185
182 190
182 194
182 199
183 185
183 189
183 192
183 193
183 194
183 197
183 199
185 186
188 198
189 193
190 193
190 196
191 195
191 199
192 193
192 195
192 198
194 195
