0 2
0 3
0 14
0 20
0 23
0 24
0 41
0 49
0 71
0 74
0 77
0 96
0 99
0 103
0 120
0 121
0 143
0 152
0 163
0 179
1 6
1 16
1 22
1 25
1 33
1 38
1 41
1 57
1 58
1 65
1 69
1 71
1 77
1 81
1 83
1 86
1 91
1 96
1 101
1 108
1 114
1 115
1 120
1 122
1 127
1 135
1 137
1 149
1 169
1 173
1 174
1 183
1 189
1 192
2 4
2 9
2 18
2 19
2 27
2 52
2 63
2 72
2 81
2 86
2 89
2 91
2 92
2 97
2 101
2 108
2 122
2 130
2 142
2 144
2 148
2 160
2 162
2 165
2 170
2 175
2 176
2 177
2 183
2 189
2 192
2 193
2 195
2 196
3 6
3 7
3 8
3 15
3 18
3 20
3 31
3 39
3 45
3 49
3 53
3 62
3 74
3 83
3 91
3 94
3 117
3 119
3 120
3 131
3 133
3 136
3 137
3 144
3 158
3 160
3 163
3 169
3 184
3 197
4 18
4 22
4 27
4 31
4 35
4 39
4 44
4 47
4 57
4 60
4 61
4 69
4 81
4 86
4 90
4 94
4 96
4 103
4 113
4 118
4 125
4 127
4 130
4 132
4 138
4 145
4 150
4 169
4 178
4 183
4 184
4 190
4 195
4 199
5 13
5 20
5 22
5 24
5 28
5 40
5 43
5 47
5 51
5 56
5 60
5 62
5 64
5 85
5 94
5 100
5 105
5 107
5 109
5 124
5 129
5 134
5 136
5 149
5 152
5 164
5 186
5 191
5 199
6 18
6 22
6 24
6 26
6 28
6 38
6 40
6 46
6 54
6 55
6 57
6 60
6 65
6 67
6 69
6 70
6 78
6 80
6 86
6 87
6 97
6 104
6 105
6 111
6 117
6 118
6 124
6 131
6 132
6 137
6 138
6 143
6 162
6 163
6 164
6 165
6 169
6 178
6 180
6 182
6 194
7 10
7 13
7 15
7 21
7 23
7 35
7 38
7 45
7 48
7 59
7 63
7 66
7 67
7 85
7 88
7 91
7 93
7 98
7 100
7 123
7 128
7 145
7 152
7 155
7 163
7 167
7 172
7 176
7 194
7 196
8 13
8 19
8 21
8 27
8 35
8 36
8 41
8 56
8 59
8 60
8 68
8 73
8 78
8 87
8 95
8 128
8 133
8 139
8 143
8 146
8 151
8 161
8 175
8 188
9 32
9 38
9 63
9 65
9 68
9 69
9 78
9 106
9 107
9 117
9 118
9 134
9 138
9 146
9 160
9 166
9 169
9 171
9 176
9 180
9 183
9 192
9 199
10 30
10 37
10 58
10 62
10 63
10 64
10 65
10 73
10 94
10 97
10 100
10 103
10 111
10 117
10 120
10 128
10 133
10 134
10 138
10 149
10 153
10 154
10 166
10 172
10 180
10 186
10 189
11 13
11 17
11 24
11 32
11 39
11 46
11 47
11 55
11 60
11 76
11 78
11 83
11 93
11 95
11 105
11 107
11 123
11 125
11 135
11 140
11 158
11 170
11 175
11 182
12 20
12 45
12 50
12 70
12 79
12 83
12 84
12 86
12 95
12 106
12 111
12 113
12 127
12 131
12 136
12 144
12 145
12 149
12 151
12 159
12 176
12 182
12 189
12 194
13 31
13 36
13 37
13 41
13 44
13 46
13 47
13 55
13 59
13 71
13 74
13 78
13 79
13 89
13 97
13 102
13 105
13 106
13 138
13 143
13 149
13 151
13 165
13 185
13 195
13 199
14 15
14 18
14 35
14 36
14 40
14 41
14 48
14 54
14 65
14 82
14 84
14 85
14 86
14 87
14 96
14 103
14 111
14 121
14 142
14 145
14 146
14 147
14 152
14 173
14 174
14 175
14 178
14 179
15 18
15 19
15 28
15 37
15 41
15 42
15 56
15 59
15 62
15 63
15 82
15 90
15 94
15 95
15 96
15 97
15 98
15 101
15 111
15 117
15 119
15 131
15 135
15 140
15 171
15 174
15 193
15 194
15 195
15 199
16 34
16 47
16 55
16 73
16 75
16 86
16 91
16 98
16 108
16 111
16 132
16 141
16 148
16 152
16 172
16 175
16 176
16 179
16 180
16 185
16 186
16 189
17 24
17 31
17 32
17 35
17 37
17 38
17 46
17 55
17 60
17 62
17 69
17 70
17 72
17 74
17 78
17 81
17 82
17 85
17 88
17 89
17 94
17 99
17 104
17 105
17 106
17 111
17 118
17 131
17 132
17 138
17 145
17 153
17 168
17 171
17 177
17 179
17 180
17 184
17 190
18 30
18 37
18 41
18 45
18 46
18 49
18 50
18 64
18 71
18 84
18 91
18 105
18 118
18 123
18 133
18 149
18 163
18 178
18 179
18 181
18 194
18 198
19 22
19 25
19 37
19 40
19 41
19 49
19 51
19 54
19 89
19 104
19 108
19 110
19 112
19 114
19 116
19 118
19 125
19 127
19 131
19 142
19 145
19 152
19 159
19 160
19 166
19 173
19 188
19 190
19 192
19 195
19 198
20 30
20 31
20 32
20 40
20 41
20 42
20 84
20 93
20 101
20 102
20 109
20 111
20 114
20 129
20 133
20 176
20 180
20 182
20 196
21 23
21 29
21 30
21 32
21 33
21 34
21 37
21 49
21 63
21 65
21 72
21 73
21 80
21 85
21 94
21 95
21 99
21 100
21 104
21 107
21 113
21 127
21 129
21 137
21 146
21 153
21 157
21 161
21 164
21 168
21 172
21 173
21 179
21 192
21 193
22 27
22 37
22 43
22 72
22 82
22 100
22 112
22 115
22 125
22 134
22 146
22 151
22 152
22 169
22 172
22 173
22 174
22 176
22 185
22 186
22 189
22 195
23 46
23 49
23 50
23 59
23 63
23 64
23 66
23 73
23 76
23 82
23 95
23 98
23 105
23 112
23 115
23 116
23 117
23 118
23 121
23 130
23 131
23 143
23 158
23 161
23 168
23 174
23 187
23 188
23 199
24 28
24 29
24 33
24 34
24 46
24 48
24 49
24 61
24 63
24 73
24 75
24 89
24 92
24 96
24 109
24 113
24 114
24 116
24 156
24 157
24 158
24 163
24 166
24 169
24 178
24 183
24 184
24 186
24 197
25 29
25 37
25 42
25 50
25 58
25 64
25 69
25 73
25 74
25 77
25 83
25 85
25 88
25 90
25 104
25 105
25 110
25 121
25 127
25 133
25 138
25 151
25 172
25 192
25 197
25 198
26 28
26 30
26 32
26 34
26 36
26 51
26 65
26 66
26 71
26 76
26 81
26 88
26 91
26 99
26 102
26 107
26 114
26 121
26 132
26 147
26 156
26 167
26 174
26 177
26 180
26 182
27 29
27 30
27 33
27 47
27 56
27 57
27 65
27 74
27 79
27 85
27 96
27 133
27 139
27 141
27 153
27 157
27 164
27 167
27 181
27 183
27 189
27 193
27 195
28 41
28 49
28 54
28 55
28 62
28 68
28 74
28 80
28 81
28 84
28 89
28 92
28 94
28 99
28 109
28 112
28 117
28 119
28 121
28 125
28 132
28 139
28 145
28 147
28 161
28 167
28 175
28 176
28 179
28 181
28 186
28 190
28 197
29 30
29 50
29 51
29 59
29 64
29 71
29 77
29 82
29 88
29 91
29 93
29 99
29 102
29 105
29 113
29 120
29 132
29 133
29 158
29 163
29 170
29 171
29 187
30 33
30 36
30 38
30 44
30 50
30 65
30 70
30 73
30 99
30 108
30 118
30 126
30 127
30 128
30 131
30 135
30 149
30 153
30 175
30 177
30 178
30 179
30 180
30 181
30 184
30 186
30 188
31 32
31 36
31 37
31 42
31 59
31 63
31 68
31 70
31 72
31 84
31 89
31 105
31 119
31 121
31 122
31 127
31 133
31 140
31 151
31 161
31 170
31 172
31 182
31 189
31 199
32 41
32 43
32 46
32 51
32 58
32 60
32 73
32 74
32 77
32 95
32 103
32 112
32 116
32 119
32 122
32 124
32 133
32 156
32 163
32 165
32 171
32 177
32 178
32 179
32 189
32 195
32 198
33 38
33 49
33 51
33 52
33 67
33 74
33 78
33 80
33 92
33 97
33 103
33 110
33 115
33 125
33 130
33 131
33 146
33 154
33 155
33 157
33 159
33 164
33 167
33 170
33 173
33 177
33 179
33 189
33 198
34 39
34 45
34 46
34 47
34 56
34 60
34 62
34 63
34 64
34 77
34 82
34 89
34 94
34 100
34 103
34 105
34 111
34 113
34 117
34 119
34 126
34 138
34 146
34 148
34 149
34 153
34 157
34 166
34 167
34 171
34 179
34 182
34 193
35 47
35 55
35 58
35 67
35 71
35 76
35 85
35 91
35 92
35 112
35 115
35 116
35 126
35 130
35 134
35 135
35 146
35 152
35 161
35 163
35 179
35 186
35 190
35 197
36 40
36 41
36 46
36 52
36 65
36 66
36 67
36 81
36 84
36 92
36 93
36 98
36 99
36 102
36 106
36 109
36 112
36 115
36 116
36 129
36 133
36 134
36 140
36 144
36 177
36 189
36 195
37 56
37 60
37 61
37 64
37 66
37 69
37 73
37 94
37 96
37 98
37 99
37 105
37 106
37 107
37 113
37 122
37 146
37 156
37 159
37 164
37 166
37 167
37 176
37 181
37 190
37 195
37 198
37 199
38 41
38 73
38 76
38 94
38 96
38 128
38 132
38 135
38 137
38 143
38 150
38 163
38 168
38 175
38 179
38 180
38 184
38 193
38 194
38 195
38 197
39 54
39 67
39 77
39 91
39 95
39 125
39 127
39 132
39 136
39 140
39 156
39 161
39 163
39 169
40 41
40 45
40 52
40 65
40 66
40 75
40 89
40 109
40 112
40 114
40 123
40 135
40 145
40 151
40 160
40 168
40 170
40 173
40 195
41 45
41 46
41 49
41 52
41 60
41 62
41 63
41 68
41 71
41 72
41 77
41 108
41 109
41 114
41 116
41 118
41 124
41 133
41 139
41 140
41 157
41 161
41 162
41 164
41 179
41 196
41 197
42 54
42 65
42 68
42 74
42 76
42 83
42 85
42 86
42 104
42 107
42 116
42 121
42 130
42 133
42 134
42 146
42 166
42 168
42 173
42 175
42 183
42 191
42 198
43 51
43 52
43 54
43 56
43 57
43 73
43 90
43 109
43 115
43 116
43 121
43 122
43 125
43 129
43 132
43 136
43 137
43 138
43 141
43 159
43 167
43 168
43 177
43 189
43 195
44 48
44 51
44 52
44 58
44 64
44 73
44 74
44 76
44 80
44 81
44 82
44 97
44 102
44 121
44 130
44 133
44 135
44 163
44 168
45 51
45 65
45 71
45 74
45 80
45 86
45 91
45 93
45 98
45 99
45 102
45 104
45 105
45 114
45 119
45 125
45 158
45 159
45 168
45 185
45 189
45 193
45 196
45 197
45 199
46 60
46 68
46 76
46 79
46 102
46 106
46 107
46 112
46 123
46 130
46 134
46 137
46 138
46 157
46 160
46 179
46 196
46 198
47 53
47 54
47 60
47 64
47 68
47 70
47 71
47 72
47 75
47 78
47 86
47 89
47 92
47 94
47 101
47 105
47 109
47 114
47 121
47 137
47 151
47 157
47 181
47 183
47 198
48 52
48 53
48 65
48 67
48 71
48 72
48 74
48 75
48 78
48 92
48 124
48 129
48 139
48 140
48 154
48 182
48 192
49 56
49 58
49 66
49 71
49 73
49 81
49 84
49 87
49 93
49 96
49 107
49 108
49 127
49 132
49 133
49 136
49 137
49 142
49 147
49 164
49 166
49 168
49 169
49 182
49 185
49 186
49 194
49 198
50 85
50 95
50 97
50 102
50 116
50 118
50 121
50 122
50 124
50 128
50 131
50 132
50 133
50 157
50 165
50 174
50 179
50 187
50 194
50 198
50 199
51 54
51 67
51 74
51 75
51 79
51 92
51 94
51 107
51 120
51 125
51 132
51 141
51 165
51 168
51 182
51 184
51 185
51 189
51 197
51 198
51 199
52 54
52 55
52 65
52 72
52 74
52 78
52 80
52 83
52 86
52 91
52 100
52 106
52 107
52 122
52 124
52 127
52 134
52 141
52 152
52 159
52 165
52 167
52 170
52 175
52 195
53 65
53 69
53 70
53 73
53 85
53 96
53 98
53 104
53 111
53 113
53 125
53 127
53 130
53 145
53 149
53 153
53 162
53 163
53 165
53 174
53 187
53 189
53 191
53 194
53 199
54 60
54 71
54 73
54 81
54 85
54 89
54 93
54 104
54 108
54 110
54 112
54 114
54 115
54 127
54 148
54 155
54 165
54 182
54 188
54 195
55 58
55 62
55 65
55 68
55 70
55 80
55 85
55 99
55 100
55 103
55 104
55 108
55 109
55 111
55 121
55 123
55 131
55 135
55 147
55 153
55 156
55 158
55 166
55 173
55 179
55 181
55 188
55 189
55 196
56 57
56 67
56 74
56 81
56 86
56 114
56 116
56 133
56 138
56 145
56 149
56 155
56 166
56 169
56 175
56 177
57 64
57 71
57 75
57 77
57 104
57 108
57 119
57 120
57 124
57 129
57 149
57 155
57 161
57 166
57 175
58 59
58 67
58 69
58 93
58 107
58 108
58 116
58 121
58 123
58 142
58 144
58 147
58 155
58 161
58 164
58 170
58 174
58 181
58 187
58 188
58 197
59 62
59 72
59 80
59 85
59 86
59 88
59 100
59 101
59 105
59 110
59 115
59 118
59 126
59 127
59 131
59 143
59 152
59 156
59 157
59 159
59 165
59 166
59 167
59 168
59 180
59 182
59 192
59 197
60 61
60 66
60 73
60 77
60 85
60 104
60 115
60 116
60 133
60 134
60 149
60 151
60 170
60 186
60 190
60 195
61 64
61 68
61 81
61 91
61 95
61 96
61 106
61 107
61 109
61 120
61 123
61 126
61 131
61 137
61 155
61 158
61 165
61 170
61 173
61 183
61 187
62 69
62 71
62 74
62 86
62 87
62 88
62 89
62 97
62 102
62 103
62 107
62 120
62 122
62 123
62 125
62 130
62 135
62 137
62 154
62 157
62 171
62 188
62 193
62 194
62 197
63 67
63 73
63 86
63 89
63 91
63 98
63 101
63 109
63 120
63 127
63 137
63 145
63 148
63 150
63 154
63 157
63 169
63 172
63 173
63 181
63 188
64 66
64 86
64 89
64 92
64 94
64 99
64 110
64 114
64 117
64 136
64 147
64 154
64 167
64 173
64 185
64 195
65 66
65 67
65 70
65 74
65 77
65 80
65 83
65 98
65 105
65 109
65 111
65 114
65 115
65 128
65 130
65 137
65 142
65 157
65 159
65 162
65 163
65 164
65 176
65 183
65 186
65 188
65 191
66 71
66 74
66 80
66 85
66 96
66 108
66 121
66 150
66 159
66 170
66 172
66 178
66 180
66 183
66 187
66 191
66 192
66 194
67 71
67 74
67 79
67 87
67 90
67 93
67 118
67 120
67 128
67 133
67 134
67 153
67 172
67 174
67 176
67 195
67 197
67 198
68 73
68 78
68 89
68 92
68 94
68 98
68 112
68 113
68 116
68 120
68 128
68 135
68 149
68 155
68 163
68 166
68 169
68 185
68 191
69 71
69 116
69 119
69 121
69 123
69 127
69 160
69 173
69 182
69 183
69 192
69 195
69 198
70 74
70 80
70 85
70 98
70 100
70 104
70 110
70 111
70 117
70 119
70 127
70 137
70 142
70 144
70 157
70 163
70 189
70 193
70 195
71 80
71 89
71 91
71 101
71 121
71 122
71 132
71 148
71 167
71 181
72 75
72 85
72 92
72 98
72 105
72 108
72 109
72 118
72 119
72 126
72 127
72 142
72 145
72 146
72 150
72 157
72 162
72 163
72 173
72 179
72 189
73 79
73 93
73 98
73 99
73 104
73 109
73 114
73 138
73 158
73 161
73 162
73 163
73 167
73 168
73 174
73 189
74 78
74 81
74 85
74 86
74 109
74 134
74 137
74 143
74 153
74 158
74 165
74 171
74 178
74 180
74 182
74 187
74 191
74 192
75 77
75 82
75 123
75 135
75 141
75 156
75 159
75 166
75 184
75 194
76 85
76 90
76 109
76 121
76 122
76 144
76 150
76 156
76 174
76 182
76 196
76 197
76 198
77 84
77 85
77 89
77 98
77 106
77 115
77 119
77 120
77 131
77 135
77 139
77 144
77 151
77 161
77 162
77 172
77 174
77 178
77 190
77 194
78 79
78 80
78 112
78 116
78 125
78 130
78 137
78 157
78 168
78 179
78 185
79 84
79 89
79 90
79 96
79 100
79 108
79 117
79 121
79 131
79 137
79 139
79 149
79 153
79 175
79 177
79 182
79 189
79 191
79 192
79 193
80 90
80 102
80 116
80 120
80 127
80 133
80 147
80 152
80 155
80 166
80 193
80 194
81 92
81 105
81 106
81 107
81 109
81 114
81 122
81 131
81 136
81 137
81 139
81 166
81 167
81 169
81 170
81 180
81 182
81 193
82 84
82 90
82 92
82 95
82 110
82 113
82 116
82 140
82 159
82 163
82 164
82 167
82 189
82 195
83 84
83 88
83 96
83 97
83 103
83 111
83 115
83 117
83 128
83 136
83 139
83 140
83 143
83 148
83 152
83 189
84 87
84 88
84 89
84 92
84 100
84 108
84 115
84 122
84 130
84 141
84 143
84 145
84 148
84 157
84 164
84 180
84 181
84 189
84 190
84 196
85 88
85 91
85 114
85 116
85 120
85 126
85 135
85 142
85 144
85 158
85 160
85 166
85 167
85 184
85 195
85 198
86 87
86 98
86 99
86 110
86 112
86 113
86 123
86 124
86 135
86 155
86 168
86 186
86 189
86 196
87 107
87 117
87 123
87 128
87 130
87 134
87 140
87 143
87 152
87 164
87 166
87 172
87 180
87 185
87 193
87 195
88 95
88 101
88 107
88 111
88 121
88 122
88 127
88 128
88 130
88 131
88 138
88 160
88 165
88 169
88 179
88 180
88 188
88 189
89 99
89 107
89 114
89 115
89 117
89 120
89 129
89 152
89 160
89 162
89 166
89 168
89 177
89 181
89 186
90 98
90 100
90 110
90 115
90 116
90 126
90 134
90 140
90 164
90 167
90 171
90 187
90 189
91 105
91 121
91 128
91 131
91 133
91 138
91 139
91 143
91 154
91 155
91 161
91 167
91 183
91 184
91 192
91 196
92 95
92 99
92 113
92 117
92 123
92 126
92 131
92 135
92 142
92 147
92 164
92 165
92 176
92 183
92 188
92 199
93 99
93 108
93 111
93 114
93 115
93 130
93 140
93 143
93 148
93 155
93 160
93 167
93 168
93 169
93 171
93 173
93 174
93 176
93 182
93 187
93 189
93 192
93 199
94 96
94 98
94 99
94 111
94 118
94 122
94 132
94 139
94 141
94 151
94 163
94 177
94 182
94 186
94 199
95 97
95 103
95 104
95 106
95 113
95 121
95 123
95 133
95 152
95 164
95 166
95 170
95 182
95 183
95 185
95 189
95 196
95 198
96 98
96 118
96 121
96 134
96 136
96 151
96 152
96 154
96 159
96 163
96 166
96 170
96 172
96 178
96 187
97 99
97 103
97 113
97 116
97 125
97 137
97 154
97 158
97 163
97 171
97 198
98 100
98 101
98 132
98 149
98 152
98 160
98 162
98 163
98 164
98 167
98 171
98 182
98 184
98 188
98 192
98 193
98 194
99 113
99 117
99 123
99 127
99 155
99 170
99 172
99 174
99 177
99 181
99 183
99 186
99 188
99 193
99 194
99 198
100 123
100 133
100 138
100 146
100 155
100 158
100 163
100 169
100 178
100 182
100 189
100 190
100 197
101 120
101 134
101 138
101 154
101 158
101 161
101 174
101 177
101 183
101 187
101 188
102 128
102 145
102 148
102 150
102 153
102 154
102 164
102 169
102 183
102 193
102 196
102 197
103 107
103 108
103 110
103 126
103 132
103 134
103 136
103 142
103 145
103 148
103 152
103 171
103 173
103 182
103 189
103 191
103 198
104 109
104 111
104 113
104 114
104 115
104 118
104 132
104 138
104 139
104 151
104 154
104 159
104 160
104 179
104 182
104 183
104 191
104 193
105 106
105 109
105 129
105 131
105 132
105 142
105 147
105 151
105 155
105 163
105 165
105 169
105 176
105 177
105 180
105 190
105 197
106 109
106 113
106 125
106 130
106 131
106 143
106 144
106 147
106 157
106 160
106 166
106 170
106 173
106 175
106 198
107 109
107 118
107 124
107 128
107 135
107 137
107 143
107 148
107 158
107 162
107 166
107 176
107 182
107 188
107 191
108 112
108 118
108 127
108 132
108 137
108 146
108 147
108 153
108 164
108 171
109 114
109 123
109 126
109 143
109 153
109 172
109 175
109 180
109 184
109 186
109 187
109 195
109 196
109 198
110 114
110 117
110 123
110 126
110 128
110 134
110 140
110 143
110 144
110 148
110 152
110 161
110 162
110 166
110 168
110 184
110 189
110 197
110 199
111 121
111 123
111 139
111 143
111 145
111 147
111 154
111 171
111 172
111 173
111 178
111 192
111 193
111 197
112 115
112 129
112 130
112 140
112 145
112 148
112 149
112 152
112 157
112 159
112 170
112 173
112 180
112 186
112 196
112 198
113 117
113 127
113 135
113 140
113 150
113 154
113 164
113 171
113 182
113 188
113 197
114 130
114 136
114 143
114 145
114 147
114 161
114 163
114 177
114 184
114 186
114 198
115 116
115 127
115 133
115 134
115 137
115 139
115 142
115 153
115 158
115 168
115 169
115 173
116 123
116 124
116 126
116 127
116 135
116 136
116 137
116 142
116 147
116 173
116 177
116 178
116 193
116 195
116 197
117 118
117 119
117 125
117 132
117 135
117 141
117 154
117 156
117 157
117 173
117 182
117 187
118 124
118 137
118 157
118 162
118 177
118 178
118 186
118 198
119 121
119 136
119 141
119 154
119 162
119 164
119 176
119 180
119 194
120 123
120 124
120 137
120 139
120 145
120 150
120 152
120 155
120 168
120 178
120 186
120 189
120 194
120 196
121 123
121 125
121 134
121 141
121 143
121 153
121 165
121 177
121 185
121 189
122 125
122 135
122 138
122 145
122 146
122 149
122 152
122 156
122 163
122 169
122 172
122 178
122 179
122 187
122 194
123 135
123 139
123 142
123 146
123 147
123 152
123 153
123 154
123 156
123 157
123 181
123 183
124 139
124 142
124 145
124 148
124 160
124 163
124 174
124 183
124 191
125 135
125 137
125 140
125 151
125 164
125 173
125 174
125 178
125 191
125 197
126 129
126 131
126 133
126 140
126 160
126 172
126 176
126 193
126 194
126 196
127 128
127 147
127 148
127 150
127 153
127 154
127 156
127 157
127 162
127 168
127 185
127 195
128 136
128 143
128 146
128 147
128 153
128 162
128 164
128 172
128 173
128 176
128 178
128 185
128 188
128 193
128 197
129 142
129 144
129 150
129 159
129 162
129 165
129 181
129 188
130 136
130 146
130 151
130 155
130 156
130 186
131 133
131 134
131 138
131 161
131 162
131 163
131 173
131 175
131 184
131 189
131 194
132 143
132 146
132 150
132 154
132 158
132 164
132 179
132 190
133 136
133 142
133 144
133 151
133 153
133 156
133 160
133 165
133 169
133 175
133 184
133 186
133 190
134 149
134 156
134 157
134 160
134 167
134 172
134 175
134 178
134 180
134 185
134 187
135 142
135 163
135 184
135 186
135 189
135 195
135 199
136 143
136 144
136 147
136 148
136 149
136 170
136 176
136 178
136 184
136 189
136 194
136 199
137 140
137 143
137 151
137 167
137 183
137 184
138 141
138 146
138 147
138 148
138 149
138 159
138 160
138 161
138 163
138 164
138 165
138 191
138 192
138 194
139 142
139 147
139 152
139 164
139 167
139 169
139 170
139 183
140 151
140 157
140 164
140 170
140 171
140 172
140 180
140 181
140 184
140 186
140 196
140 197
141 142
141 144
141 149
141 153
141 154
141 157
141 158
141 160
141 161
141 163
141 166
141 172
141 174
141 189
141 191
141 194
142 143
142 144
142 151
142 156
142 157
142 158
142 159
142 162
142 166
142 169
142 170
142 181
142 186
142 192
142 194
143 144
143 146
143 151
143 152
143 156
143 167
143 170
143 172
143 180
143 184
143 187
143 195
144 148
144 157
144 161
144 173
144 179
144 188
144 189
144 192
144 193
144 195
144 196
145 147
145 158
145 167
145 172
145 180
145 189
145 192
145 193
145 198
146 148
146 149
146 151
146 157
146 166
146 182
146 186
146 194
147 158
147 160
147 175
147 177
147 180
147 184
147 193
147 194
148 151
148 152
148 156
148 157
148 168
148 178
148 180
148 194
148 196
148 197
149 150
149 156
149 159
149 180
149 182
149 187
149 195
150 155
150 165
150 166
150 168
150 177
150 181
150 183
150 195
151 157
151 162
151 168
151 169
151 170
151 182
151 184
151 188
151 195
152 154
152 155
152 157
152 174
152 186
152 194
153 156
153 158
153 162
153 183
153 191
153 192
153 193
154 158
154 159
154 163
154 165
154 169
154 171
154 174
154 183
154 187
155 162
155 164
155 174
155 182
155 183
155 187
155 196
155 198
156 159
156 164
156 168
156 175
156 193
157 164
157 167
157 169
157 178
157 179
157 182
157 187
158 159
158 169
158 181
158 186
158 190
158 194
159 160
159 165
159 168
159 169
159 171
159 187
159 199
160 167
160 170
160 177
160 191
160 194
161 173
161 175
161 178
161 182
161 186
161 194
161 195
161 199
162 169
162 183
162 184
162 194
163 164
163 168
163 171
163 189
163 195
164 165
164 166
164 167
164 173
164 175
164 189
164 193
164 198
165 168
165 172
165 173
165 176
165 180
165 181
165 185
165 187
165 195
165 196
165 198
166 169
166 173
166 180
166 197
167 168
167 179
167 188
167 192
167 199
168 170
168 186
168 188
168 192
168 193
168 194
169 174
169 176
169 191
169 196
170 175
170 192
171 177
171 181
171 182
171 184
171 189
171 196
172 173
172 191
172 193
172 194
172 195
172 196
173 177
173 178
173 183
173 185
174 176
174 179
174 188
175 181
175 182
175 183
175 192
175 196
176 182
176 183
176 185
176 189
177 184
177 186
177 187
177 189
177 190
177 191
177 199
178 183
178 185
178 194
178 197
179 180
179 185
180 186
180 191
180 193
180 199
181 182
181 184
181 185
181 190
182 191
183 187
183 191
184 185
185 194
185 195
186 191
186 192
186 196
187 189
187 198
188 191
188 192
188 194
189 199
190 192
190 194
191 192
192 198
193 196
193 197
194 195
197 198
198 199
