0 2
0 7
0 70
0 71
0 73
0 76
0 78
0 85
0 88
0 101
0 126
0 143
0 144
0 145
0 151
1 8
1 16
1 27
1 42
1 50
1 68
1 80
1 81
1 103
1 113
1 120
1 134
1 139
1 158
1 170
1 172
1 175
1 177
2 16
2 34
2 35
2 44
2 45
2 46
2 67
2 80
2 91
2 112
2 115
2 126
2 148
2 159
2 174
3 7
3 10
3 12
3 28
3 33
3 38
3 56
3 62
3 70
3 95
3 109
3 112
3 113
3 122
3 125
3 128
3 136
3 147
3 149
3 157
3 161
3 163
3 166
3 169
3 175
3 176
3 192
4 6
4 14
4 21
4 25
4 31
4 45
4 63
4 85
4 89
4 101
4 106
4 112
4 119
4 123
4 136
4 154
4 164
4 178
4 193
5 6
5 9
5 27
5 33
5 38
5 42
5 44
5 46
5 47
5 48
5 55
5 62
5 67
5 68
5 69
5 76
5 85
5 87
5 89
5 104
5 106
5 110
5 132
5 161
5 168
5 176
5 178
5 190
5 196
6 11
6 13
6 15
6 25
6 28
6 29
6 56
6 65
6 72
6 75
6 76
6 82
6 92
6 103
6 106
6 107
6 108
6 139
6 154
6 173
6 181
6 187
6 191
6 193
7 12
7 20
7 22
7 48
7 101
7 125
7 131
7 138
7 141
7 148
7 164
7 166
7 170
7 195
7 196
8 14
8 15
8 19
8 35
8 37
8 58
8 85
8 91
8 105
8 106
8 111
8 120
8 137
8 152
8 156
8 158
8 193
8 197
9 12
9 13
9 14
9 19
9 21
9 41
9 44
9 71
9 86
9 97
9 110
9 120
9 124
9 125
9 127
9 137
9 138
9 159
9 171
9 174
9 178
9 180
9 185
10 24
10 30
10 51
10 56
10 71
10 77
10 94
10 97
10 111
10 118
10 122
10 142
10 171
10 189
11 22
11 26
11 28
11 40
11 47
11 50
11 62
11 68
11 86
11 93
11 112
11 119
11 148
11 162
11 181
12 33
12 34
12 45
12 46
12 58
12 61
12 83
12 106
12 112
12 115
12 120
12 127
12 136
12 142
12 145
12 149
12 156
12 174
12 175
12 177
12 178
12 184
12 186
12 195
13 23
13 24
13 27
13 49
13 51
13 75
13 78
13 97
13 101
13 112
13 116
13 126
13 127
13 135
13 136
13 146
13 157
13 162
13 169
13 170
13 174
13 190
14 19
14 32
14 40
14 55
14 57
14 61
14 63
14 87
14 95
14 119
14 126
14 135
14 139
14 141
14 155
14 156
14 164
14 167
14 171
14 172
14 174
14 177
14 181
14 183
14 185
14 188
14 193
14 195
15 35
15 36
15 50
15 76
15 90
15 121
15 125
15 127
15 142
15 143
15 155
15 172
15 176
15 193
16 19
16 35
16 42
16 63
16 71
16 77
16 99
16 116
16 118
16 127
16 138
16 143
16 145
16 160
16 178
16 189
16 199
17 35
17 66
17 70
17 73
17 86
17 98
17 105
17 111
17 121
17 123
17 133
17 138
17 145
17 158
17 160
17 162
17 164
17 178
17 182
17 193
18 23
18 25
18 30
18 40
18 42
18 49
18 72
18 85
18 91
18 100
18 113
18 114
18 120
18 151
18 154
18 162
18 176
18 193
18 198
19 79
19 95
19 97
19 103
19 128
19 130
19 145
19 146
19 147
19 163
19 170
20 23
20 32
20 58
20 70
20 79
20 90
20 106
20 149
20 151
20 152
20 165
20 190
21 30
21 34
21 55
21 61
21 64
21 71
21 74
21 79
21 85
21 103
21 115
21 118
21 131
21 133
21 145
21 176
21 177
21 184
21 189
21 194
21 199
22 44
22 47
22 48
22 49
22 52
22 73
22 81
22 93
22 110
22 123
22 126
22 128
22 140
22 143
22 148
22 155
22 160
22 162
22 169
22 170
22 172
22 174
22 178
22 179
22 190
22 192
23 30
23 46
23 49
23 59
23 106
23 122
23 125
23 131
23 134
23 136
23 173
23 175
23 181
23 182
23 186
23 187
23 199
24 67
24 76
24 86
24 88
24 90
24 91
24 95
24 103
24 104
24 126
24 136
24 146
24 148
24 169
24 187
25 28
25 57
25 64
25 67
25 88
25 94
25 97
25 100
25 102
25 104
25 106
25 112
25 116
25 120
25 121
25 129
25 146
25 154
25 176
25 177
25 187
25 191
25 197
25 198
26 49
26 59
26 72
26 74
26 84
26 88
26 93
26 119
26 121
26 125
26 129
26 135
26 139
26 141
26 151
26 167
26 183
26 192
26 195
26 197
27 28
27 50
27 51
27 81
27 99
27 105
27 111
27 115
27 116
27 121
27 126
27 144
27 150
27 151
27 157
27 158
27 169
27 182
27 183
28 63
28 67
28 68
28 70
28 72
28 77
28 86
28 92
28 94
28 100
28 106
28 113
28 119
28 122
28 142
28 144
28 167
28 179
28 182
28 186
29 35
29 43
29 67
29 81
29 110
29 132
29 133
29 134
29 135
29 168
30 32
30 71
30 72
30 86
30 102
30 117
30 121
30 128
30 134
30 145
30 153
30 178
31 40
31 64
31 67
31 72
31 90
31 99
31 106
31 127
31 131
31 132
31 135
31 143
31 145
31 148
31 149
31 166
31 168
31 173
31 190
31 193
32 41
32 54
32 59
32 68
32 86
32 87
32 89
32 94
32 102
32 110
32 111
32 122
32 127
32 132
32 151
32 152
32 157
32 161
32 177
32 182
32 193
33 58
33 63
33 82
33 89
33 112
33 114
33 115
33 124
33 141
33 158
33 162
33 171
33 178
33 183
33 199
34 42
34 45
34 58
34 62
34 67
34 98
34 102
34 105
34 110
34 114
34 127
34 137
34 149
34 155
34 179
34 190
34 196
35 40
35 41
35 54
35 55
35 56
35 71
35 74
35 89
35 93
35 95
35 123
35 128
35 143
35 158
35 160
35 179
35 183
36 39
36 42
36 131
36 132
36 139
36 176
36 183
36 186
36 190
37 75
37 85
37 89
37 92
37 96
37 102
37 105
37 128
37 132
37 142
37 150
37 154
37 165
37 184
37 194
38 46
38 63
38 75
38 91
38 93
38 107
38 116
38 121
38 122
38 128
38 147
38 149
38 181
38 196
38 198
39 65
39 81
39 97
39 98
39 104
39 115
39 151
39 176
39 183
39 185
39 186
39 189
39 193
39 194
39 195
40 57
40 72
40 91
40 94
40 101
40 104
40 108
40 109
40 126
40 130
40 131
40 135
40 146
40 147
40 162
40 165
40 171
40 174
40 177
40 185
41 47
41 49
41 70
41 71
41 76
41 82
41 85
41 86
41 103
41 104
41 108
41 110
41 115
41 120
41 130
41 140
41 148
41 153
41 158
41 163
41 169
41 189
41 191
42 47
42 59
42 70
42 79
42 109
42 118
42 153
42 154
42 156
42 163
43 56
43 58
43 74
43 76
43 82
43 86
43 93
43 94
43 99
43 107
43 117
43 119
43 130
43 132
43 136
43 149
43 152
43 157
43 167
43 189
43 191
44 59
44 62
44 88
44 95
44 103
44 104
44 122
44 128
44 136
44 140
44 163
44 171
44 175
44 196
44 198
45 61
45 85
45 88
45 113
45 126
45 137
45 139
45 156
45 165
45 182
45 192
46 50
46 56
46 60
46 68
46 69
46 71
46 75
46 76
46 79
46 96
46 97
46 106
46 114
46 116
46 117
46 124
46 147
46 160
46 162
46 163
47 49
47 90
47 96
47 105
47 114
47 126
47 131
47 145
47 149
47 150
47 166
47 168
47 193
47 197
48 49
48 69
48 70
48 74
48 77
48 90
48 107
48 125
48 130
48 135
48 136
48 145
48 154
48 155
48 160
48 169
48 174
48 178
48 180
48 190
49 59
49 67
49 70
49 81
49 88
49 94
49 98
49 121
49 124
49 147
49 151
49 153
49 170
49 191
49 193
49 196
49 198
50 51
50 66
50 68
50 70
50 71
50 75
50 88
50 89
50 100
50 109
50 121
50 127
50 148
50 158
50 167
50 175
50 183
51 53
51 78
51 88
51 100
51 107
51 113
51 142
51 145
51 147
51 184
52 65
52 68
52 78
52 82
52 91
52 103
52 105
52 114
52 117
52 157
52 161
52 171
52 180
52 193
53 55
53 61
53 69
53 98
53 106
53 127
53 143
53 148
53 155
53 196
54 63
54 76
54 86
54 88
54 93
54 109
54 117
54 118
54 120
54 135
54 141
54 146
54 170
54 186
54 194
54 198
55 56
55 66
55 89
55 90
55 94
55 123
55 125
55 131
55 145
55 150
55 157
55 191
56 63
56 67
56 80
56 89
56 93
56 102
56 107
56 173
56 176
56 177
57 64
57 76
57 83
57 84
57 85
57 103
57 109
57 113
57 115
57 124
57 127
57 147
57 148
57 179
57 188
57 195
58 73
58 75
58 88
58 90
58 109
58 112
58 117
58 118
58 122
58 137
58 139
58 148
58 154
58 155
58 167
58 187
58 189
58 198
58 199
59 73
59 77
59 82
59 112
59 113
59 140
59 148
59 159
59 163
59 171
59 180
59 188
60 72
60 77
60 87
60 90
60 100
60 102
60 142
60 150
60 170
60 172
60 178
60 199
61 68
61 72
61 86
61 88
61 105
61 109
61 112
61 113
61 115
61 135
61 154
61 159
61 168
61 172
61 174
61 187
62 70
62 72
62 76
62 84
62 98
62 102
62 104
62 119
62 162
62 163
62 171
62 181
62 187
63 73
63 93
63 97
63 138
63 147
64 82
64 91
64 110
64 115
64 123
64 140
64 145
64 153
64 165
64 175
64 181
64 186
65 101
65 124
65 128
65 131
65 136
65 152
65 160
65 178
65 185
66 78
66 81
66 89
66 135
66 138
66 145
66 148
66 156
66 165
66 167
66 169
66 175
66 181
66 199
67 68
67 78
67 95
67 112
67 125
67 126
67 144
67 147
67 148
67 161
67 172
67 179
67 186
67 187
67 189
68 78
68 95
68 108
68 113
68 115
68 125
68 131
68 147
68 161
68 171
69 72
69 89
69 97
69 98
69 104
69 113
69 120
69 134
69 139
69 151
69 156
69 160
69 179
69 184
70 77
70 81
70 82
70 118
70 120
70 121
70 138
70 141
70 147
70 151
70 153
70 156
70 161
70 163
70 172
70 190
70 191
70 196
71 73
71 75
71 82
71 94
71 103
71 112
71 121
71 128
71 132
71 135
71 140
71 165
71 178
71 186
71 197
71 199
72 82
72 85
72 103
72 105
72 116
72 125
72 129
72 146
72 155
72 159
72 169
72 170
72 182
72 190
72 194
73 86
73 87
73 106
73 124
73 135
73 146
73 149
73 153
73 169
73 173
73 181
73 196
73 198
74 94
74 103
74 106
74 107
74 108
74 119
74 149
74 150
74 167
74 174
74 194
74 196
74 199
75 80
75 96
75 104
75 108
75 109
75 121
75 123
75 138
75 164
75 169
75 173
75 175
75 190
76 86
76 87
76 103
76 114
76 120
76 128
76 134
76 160
76 163
76 176
76 186
76 188
76 191
76 199
77 104
77 115
77 118
77 124
77 137
77 140
77 143
77 169
77 170
77 178
77 180
78 94
78 95
78 97
78 116
78 131
78 138
78 151
78 162
78 168
78 176
78 188
78 190
79 87
79 116
79 118
79 124
79 126
79 134
79 140
79 142
79 143
79 147
79 171
79 182
80 81
80 82
80 93
80 94
80 128
80 135
80 153
80 154
80 156
80 164
80 188
80 190
81 86
81 89
81 102
81 115
81 123
81 134
81 138
81 146
81 151
81 156
81 177
81 182
81 191
82 88
82 97
82 119
82 123
82 130
82 147
82 149
82 151
82 156
82 160
82 179
82 183
82 192
82 193
83 89
83 94
83 96
83 99
83 112
83 116
83 139
83 149
83 156
83 170
83 174
83 177
83 189
83 198
84 91
84 100
84 118
84 126
84 130
84 132
84 167
84 195
85 92
85 98
85 112
85 114
85 116
85 120
85 136
85 141
85 145
85 148
85 166
85 173
85 179
85 189
86 96
86 102
86 136
86 141
86 146
86 158
86 160
86 165
86 167
86 199
87 108
87 131
87 133
87 138
87 151
87 159
87 167
87 186
87 193
88 114
88 116
88 137
88 140
88 141
88 145
88 149
88 152
88 167
88 176
88 178
88 181
88 198
89 93
89 106
89 108
89 114
89 126
89 131
89 134
89 139
89 163
89 165
89 169
89 180
90 99
90 105
90 112
90 123
90 127
90 128
90 133
90 139
90 161
90 190
91 93
91 116
91 147
91 165
91 176
91 187
92 120
92 131
92 142
92 145
92 149
92 164
92 165
92 173
92 186
92 192
93 94
93 150
93 159
93 162
93 188
93 190
93 197
94 104
94 105
94 108
94 117
94 139
94 140
94 154
94 155
94 159
94 164
94 167
94 169
94 177
95 105
95 114
95 118
95 124
95 128
95 144
95 148
95 149
95 168
95 180
95 191
95 196
96 98
96 110
96 124
96 130
96 135
96 137
96 138
96 179
96 180
96 191
97 108
97 113
97 121
97 124
97 126
97 143
97 166
97 175
97 176
97 180
97 189
98 104
98 116
98 121
98 128
98 134
98 159
98 169
98 171
98 172
98 177
98 178
98 189
99 113
99 117
99 124
99 125
99 129
99 142
99 147
99 172
99 183
100 104
100 130
100 139
100 141
100 146
100 167
100 169
100 179
100 184
100 188
100 190
100 191
100 195
100 197
101 104
101 111
101 117
101 123
101 128
101 142
101 144
101 148
101 191
102 112
102 121
102 130
102 139
103 111
103 115
103 118
103 121
103 122
103 128
103 130
103 144
103 154
103 168
103 171
103 197
104 135
104 141
104 150
104 162
104 175
104 189
104 196
105 106
105 115
105 134
105 179
106 115
106 126
106 128
106 142
106 159
106 189
107 122
107 126
107 161
107 162
107 179
107 185
107 190
107 195
108 111
108 132
108 138
108 160
108 176
108 187
108 197
109 119
109 131
109 133
109 137
109 140
109 156
109 157
109 162
109 173
109 184
110 117
110 121
110 124
110 132
110 137
110 142
110 152
110 154
110 161
110 172
110 199
111 129
111 142
111 147
111 154
111 181
111 184
111 194
112 117
112 136
112 143
112 144
112 158
112 189
112 190
112 198
113 130
113 145
113 161
113 165
113 177
113 181
113 182
113 183
113 184
114 125
114 149
114 155
114 169
114 172
115 119
115 124
115 126
115 131
115 190
116 120
116 122
116 146
116 177
117 124
117 126
117 149
117 153
117 160
117 163
117 168
117 172
117 173
117 176
117 179
117 183
117 186
117 194
118 120
118 138
118 167
118 171
118 179
118 191
119 147
119 153
119 157
119 162
119 165
119 167
119 169
119 188
119 196
120 131
120 142
120 145
120 178
120 185
121 131
121 138
121 142
121 149
121 150
121 163
121 164
121 167
121 182
121 189
122 131
122 135
122 137
122 147
122 160
123 158
123 192
124 154
124 157
124 196
125 126
125 153
125 157
125 166
125 177
125 181
125 182
125 185
125 192
126 127
126 143
126 150
126 155
126 162
126 164
126 167
126 169
126 173
126 184
126 189
127 129
127 142
127 149
127 183
127 191
128 130
128 147
128 158
128 161
128 166
128 180
128 199
129 130
129 132
129 133
129 134
129 144
129 149
129 164
129 168
129 190
130 146
130 149
130 151
130 160
130 161
130 163
130 179
130 181
130 198
131 135
131 139
131 143
131 153
131 175
131 182
132 133
132 167
132 171
132 183
132 185
133 137
133 149
133 155
133 165
133 166
133 173
133 175
133 178
134 152
134 154
134 162
134 176
134 180
134 181
135 140
135 141
135 147
135 149
135 151
135 176
135 181
135 182
135 187
136 142
136 151
136 160
136 166
136 178
136 184
137 139
137 173
137 179
137 183
137 195
137 197
138 145
138 148
138 155
138 171
138 174
138 177
138 179
138 194
139 170
139 171
139 177
139 189
139 192
140 157
140 165
140 170
140 177
140 184
141 145
141 156
141 164
141 198
142 146
142 149
142 165
143 161
143 178
143 193
143 195
143 196
143 197
144 146
144 153
144 158
144 167
144 168
144 172
144 195
145 165
145 171
145 173
145 175
145 196
146 147
146 160
146 186
146 188
146 189
146 192
146 193
147 152
147 175
147 176
147 182
147 192
148 150
148 155
148 169
148 178
148 181
148 184
149 160
149 186
149 191
149 194
149 196
149 199
150 155
150 157
150 169
150 182
150 184
150 185
150 194
151 153
151 158
151 168
151 177
151 188
151 198
152 153
152 154
152 157
152 164
152 165
152 167
152 171
152 176
152 178
152 190
152 194
153 159
153 169
153 176
153 180
153 194
153 195
153 196
153 197
154 160
154 164
154 192
155 171
155 172
155 173
155 182
155 184
155 198
156 161
156 183
156 188
156 195
157 162
157 163
157 176
157 194
157 198
158 166
158 167
158 169
158 171
158 191
159 161
159 179
159 180
159 186
160 164
160 165
160 178
160 185
160 199
161 167
161 174
161 176
161 179
161 184
162 171
162 172
162 173
162 176
162 185
162 186
163 178
164 174
164 179
164 187
164 188
164 193
164 196
165 169
165 178
165 185
166 167
166 196
166 197
168 174
168 176
169 183
170 173
170 191
170 192
170 196
170 197
171 174
171 176
171 198
172 198
174 175
174 181
174 190
175 177
175 189
176 178
176 185
176 195
178 193
178 196
179 183
179 196
179 199
180 185
180 186
180 189
180 195
181 192
181 197
181 198
182 185
182 187
182 188
182 197
183 185
183 189
183 195
183 196
185 186
185 189
186 190
186 191
186 192
187 192
189 192
189 196
189 197
191 195
193 198
195 198
195 199
