0 2
0 7
0 27
0 30
0 57
0 70
0 83
0 92
0 96
0 103
0 119
0 121
0 129
0 131
0 149
0 150
0 155
0 159
0 188
0 195
1 7
1 10
1 31
1 46
1 62
1 84
1 85
1 93
1 94
1 158
1 164
1 171
1 178
1 187
1 191
1 199
2 7
2 26
2 33
2 44
2 57
2 65
2 68
2 73
2 75
2 98
2 107
2 110
2 119
2 148
2 167
2 182
3 11
3 12
3 22
3 27
3 33
3 34
3 40
3 57
3 66
3 73
3 78
3 85
3 86
3 125
3 131
3 144
3 153
3 160
3 161
3 163
3 182
3 187
3 191
3 194
3 199
4 14
4 24
4 31
4 48
4 57
4 62
4 65
4 84
4 95
4 100
4 101
4 103
4 106
4 125
4 132
4 135
4 145
4 155
4 172
4 173
4 178
4 185
4 187
5 13
5 19
5 26
5 28
5 34
5 36
5 47
5 74
5 76
5 101
5 102
5 105
5 109
5 120
5 137
5 138
5 147
5 152
5 158
5 164
5 166
6 13
6 16
6 20
6 25
6 49
6 66
6 68
6 83
6 85
6 98
6 106
6 119
6 127
6 151
6 157
6 170
6 171
6 178
6 179
6 180
6 196
7 8
7 14
7 17
7 19
7 49
7 53
7 70
7 79
7 81
7 82
7 83
7 89
7 99
7 114
7 128
7 145
7 160
7 167
7 180
7 191
8 14
8 21
8 24
8 25
8 31
8 40
8 52
8 57
8 71
8 106
8 109
8 110
8 120
8 123
8 134
8 145
8 148
8 163
8 177
8 181
8 189
8 190
9 60
9 70
9 74
9 92
9 94
9 99
9 100
9 104
9 105
9 106
9 114
9 117
9 121
9 132
9 139
9 151
9 165
9 166
9 188
9 194
10 19
10 22
10 23
10 24
10 37
10 67
10 72
10 76
10 86
10 89
10 106
10 115
10 119
10 130
10 139
10 157
10 161
10 162
10 179
11 15
11 25
11 55
11 61
11 71
11 97
11 113
11 127
11 138
11 144
11 150
11 156
11 174
11 175
11 191
11 198
12 22
12 34
12 35
12 45
12 49
12 52
12 56
12 67
12 72
12 78
12 90
12 100
12 115
12 120
12 138
12 140
12 163
12 167
12 177
12 181
12 183
12 185
13 16
13 29
13 30
13 35
13 53
13 55
13 62
13 70
13 74
13 81
13 83
13 123
13 133
13 139
13 146
13 147
13 148
13 159
13 166
13 170
13 179
13 181
13 191
14 21
14 23
14 29
14 31
14 39
14 41
14 55
14 62
14 64
14 72
14 77
14 96
14 106
14 110
14 126
14 129
14 147
14 150
14 159
14 161
14 175
14 184
14 191
14 195
15 21
15 29
15 36
15 42
15 50
15 51
15 56
15 58
15 65
15 75
15 98
15 127
15 132
15 133
15 136
15 142
15 188
15 190
15 195
16 18
16 21
16 28
16 32
16 33
16 42
16 44
16 56
16 60
16 69
16 74
16 76
16 77
16 80
16 89
16 117
16 128
16 147
16 155
16 157
16 177
16 182
16 185
16 196
16 199
17 18
17 33
17 79
17 91
17 92
17 108
17 113
17 115
17 120
17 122
17 164
17 181
17 183
18 23
18 59
18 67
18 70
18 123
18 127
18 134
18 135
18 137
18 140
18 144
18 150
18 170
18 184
18 194
19 30
19 33
19 67
19 72
19 77
19 81
19 103
19 119
19 121
19 124
19 134
19 166
19 173
19 178
19 184
19 195
19 199
20 42
20 44
20 46
20 52
20 58
20 107
20 116
20 123
20 134
20 141
20 156
20 161
20 163
20 169
20 171
20 185
20 193
21 26
21 30
21 35
21 45
21 50
21 64
21 70
21 72
21 94
21 107
21 131
21 149
21 157
21 181
21 187
21 192
22 26
22 28
22 32
22 39
22 45
22 46
22 86
22 101
22 104
22 140
22 141
22 163
22 174
22 179
22 181
22 187
23 39
23 59
23 62
23 65
23 66
23 85
23 92
23 94
23 101
23 121
23 135
23 164
23 179
23 180
23 188
24 30
24 42
24 59
24 65
24 68
24 80
24 93
24 112
24 149
24 158
24 167
24 181
24 186
24 189
24 194
24 195
25 33
25 44
25 77
25 80
25 109
25 118
25 122
25 125
25 146
25 149
25 158
25 160
26 47
26 74
26 79
26 81
26 95
26 108
26 110
26 121
26 138
26 139
26 147
26 153
26 155
26 158
26 161
26 185
26 188
26 194
27 59
27 71
27 78
27 84
27 92
27 108
27 115
27 118
27 123
27 138
27 152
27 161
27 168
27 174
27 187
28 39
28 65
28 72
28 87
28 88
28 89
28 91
28 92
28 97
28 104
28 134
28 143
28 157
28 160
28 167
28 168
28 171
28 172
28 174
28 189
28 193
29 32
29 41
29 43
29 49
29 56
29 61
29 80
29 85
29 88
29 99
29 114
29 118
29 126
29 134
29 137
29 149
29 155
29 158
29 170
29 173
29 174
29 196
29 199
30 31
30 33
30 37
30 41
30 44
30 58
30 62
30 66
30 84
30 86
30 96
30 106
30 110
30 114
30 131
30 141
30 144
30 155
30 169
30 184
30 187
30 194
30 195
31 39
31 43
31 51
31 86
31 93
31 94
31 122
31 137
31 158
31 161
31 183
31 186
31 190
31 196
31 199
32 37
32 45
32 60
32 69
32 75
32 80
32 89
32 124
32 128
32 131
32 146
32 149
32 163
32 169
32 172
32 177
32 186
32 193
33 51
33 63
33 65
33 67
33 73
33 74
33 82
33 84
33 93
33 94
33 108
33 116
33 119
33 130
33 142
33 145
33 153
33 164
33 166
33 171
33 198
34 36
34 42
34 60
34 65
34 68
34 82
34 97
34 106
34 144
34 148
34 154
34 156
34 159
34 171
34 174
34 175
34 184
34 185
34 196
35 37
35 47
35 50
35 53
35 58
35 75
35 78
35 107
35 110
35 124
35 128
35 157
35 172
35 179
36 37
36 80
36 96
36 97
36 119
36 121
36 131
36 143
36 150
36 171
37 48
37 71
37 101
37 106
37 116
37 124
37 125
37 128
37 129
37 132
37 142
37 148
37 150
37 158
37 165
37 170
37 180
37 183
37 185
37 189
38 66
38 89
38 94
38 100
38 102
38 111
38 118
38 123
38 124
38 144
38 147
38 152
38 159
38 181
38 189
38 195
39 40
39 48
39 61
39 78
39 91
39 106
39 107
39 111
39 120
39 127
39 150
39 157
39 163
39 182
39 184
40 61
40 67
40 72
40 80
40 102
40 141
40 164
40 167
40 173
40 179
40 191
41 45
41 51
41 61
41 63
41 66
41 71
41 81
41 108
41 121
41 122
41 127
41 128
41 138
41 149
41 152
41 160
41 176
41 182
41 193
42 51
42 79
42 93
42 97
42 99
42 107
42 180
42 194
43 63
43 67
43 73
43 99
43 100
43 126
43 148
43 150
43 154
43 159
43 168
43 188
43 189
43 191
44 52
44 54
44 55
44 63
44 83
44 88
44 89
44 90
44 97
44 115
44 119
44 120
44 122
44 128
44 149
44 153
44 154
44 184
44 187
44 192
45 51
45 56
45 100
45 102
45 122
45 123
45 133
45 147
45 163
46 60
46 63
46 64
46 92
46 98
46 104
46 111
46 148
46 169
46 181
46 196
46 197
46 199
47 62
47 63
47 67
47 70
47 83
47 90
47 118
47 129
47 137
47 149
47 155
47 181
47 198
48 49
48 51
48 62
48 69
48 79
48 91
48 99
48 106
48 112
48 115
48 116
48 120
48 130
48 139
48 145
48 147
48 148
48 155
48 169
48 171
48 187
48 190
48 195
49 50
49 56
49 62
49 74
49 78
49 83
49 84
49 89
49 97
49 108
49 110
49 111
49 118
49 120
49 133
49 148
49 155
49 162
49 163
49 167
49 170
49 183
49 184
50 63
50 71
50 82
50 88
50 101
50 102
50 114
50 118
50 122
50 127
50 129
50 130
50 134
50 147
50 159
50 170
50 178
50 196
51 53
51 76
51 105
51 112
51 125
51 131
51 137
51 152
51 156
51 164
51 183
51 185
51 195
52 59
52 60
52 81
52 112
52 122
52 129
52 157
52 186
52 197
53 64
53 77
53 82
53 83
53 86
53 107
53 138
53 156
53 167
53 195
54 57
54 96
54 124
54 128
54 130
54 133
54 142
54 157
54 175
54 177
54 181
54 190
54 195
54 197
55 61
55 78
55 80
55 99
55 107
55 130
55 150
55 176
55 181
56 57
56 59
56 81
56 89
56 100
56 133
56 134
56 146
56 157
56 172
56 178
56 189
56 192
57 64
57 102
57 120
57 128
57 142
57 153
57 169
57 174
57 183
57 185
57 194
57 198
57 199
58 60
58 66
58 70
58 91
58 94
58 100
58 102
58 139
58 147
58 149
58 153
58 156
58 157
58 158
58 177
58 185
59 66
59 73
59 99
59 102
59 104
59 105
59 114
59 121
59 140
59 141
59 142
59 165
59 170
59 184
59 187
59 193
60 74
60 83
60 91
60 102
60 103
60 116
60 127
60 130
60 151
60 157
60 160
60 164
60 195
61 77
61 80
61 86
61 88
61 105
61 109
61 112
61 120
61 125
61 154
61 178
61 180
62 86
62 90
62 99
62 107
62 113
62 136
62 138
62 139
62 146
62 155
62 167
62 179
62 190
63 64
63 119
63 122
63 133
63 139
63 144
63 176
63 185
63 199
64 72
64 78
64 88
64 93
64 102
64 111
64 135
64 142
64 156
64 157
64 163
64 166
64 189
65 122
65 125
65 132
65 136
65 156
65 170
65 179
65 196
66 90
66 95
66 104
66 110
66 138
66 148
66 159
66 162
66 177
66 181
67 75
67 76
67 86
67 120
67 132
67 164
67 177
67 189
67 195
68 77
68 92
68 95
68 101
68 120
68 121
68 135
68 156
68 162
68 168
68 170
68 178
68 186
69 73
69 83
69 88
69 94
69 95
69 96
69 104
69 108
69 122
69 123
69 124
69 138
69 143
69 145
69 161
69 192
69 194
69 196
70 78
70 80
70 94
70 104
70 121
70 145
70 152
70 163
70 172
70 175
70 180
70 189
71 72
71 92
71 94
71 99
71 102
71 104
71 113
71 118
71 145
71 150
71 152
71 154
71 156
71 172
71 175
71 190
71 191
71 196
72 75
72 80
72 94
72 95
72 97
72 106
72 117
72 119
72 123
72 133
72 140
72 147
72 151
72 163
72 181
72 185
72 191
72 196
73 75
73 87
73 91
73 94
73 98
73 104
73 109
73 129
73 141
73 157
73 163
74 78
74 86
74 90
74 93
74 95
74 100
74 115
74 120
74 121
74 127
74 129
74 142
74 161
74 172
74 179
74 192
75 77
75 89
75 104
75 116
75 139
75 151
75 153
75 178
75 180
75 186
75 191
76 93
76 105
76 112
76 137
76 150
76 155
76 190
76 195
76 198
77 78
77 81
77 82
77 83
77 84
77 96
77 108
77 126
77 127
77 137
77 140
77 144
77 157
77 163
77 166
78 85
78 88
78 89
78 109
78 126
78 129
78 131
78 138
78 147
78 157
78 167
78 170
78 179
78 185
79 91
79 99
79 102
79 103
79 118
79 120
79 130
79 138
79 141
79 149
79 163
79 171
79 176
79 190
79 194
80 84
80 86
80 87
80 107
80 127
80 133
80 143
80 177
81 92
81 105
81 146
81 156
81 168
81 173
81 191
81 195
82 108
82 115
82 116
82 121
82 138
82 141
82 143
82 190
83 93
83 119
83 124
83 143
83 144
83 151
83 154
83 160
83 162
83 180
83 183
83 189
83 192
84 95
84 125
84 138
84 141
84 142
84 144
84 146
84 148
84 151
84 158
84 161
84 166
84 170
85 87
85 88
85 98
85 108
85 120
85 126
85 129
85 140
85 149
85 158
85 168
85 184
85 198
85 199
86 96
86 111
86 123
86 124
86 132
86 135
86 140
86 142
86 161
86 181
86 183
86 184
86 188
87 97
87 107
87 110
87 115
87 119
87 123
87 131
87 141
87 143
87 166
87 168
87 173
87 183
88 89
88 95
88 97
88 105
88 112
88 113
88 115
88 149
88 159
88 175
88 181
88 189
88 195
88 198
89 105
89 109
89 119
89 124
89 130
89 144
89 178
89 186
89 198
90 111
90 112
90 130
90 152
90 153
90 168
91 105
91 114
91 116
91 117
91 126
91 130
91 137
91 169
91 186
92 117
92 119
92 151
92 160
92 171
92 173
92 174
92 178
92 198
93 98
93 107
93 109
93 115
93 125
93 137
93 139
93 140
93 142
93 157
93 180
93 184
93 193
93 197
94 100
94 144
94 153
94 158
94 170
94 176
94 180
94 186
94 192
95 119
95 130
95 144
95 151
95 169
95 174
95 176
95 181
95 198
96 118
96 131
96 138
96 147
96 155
96 173
96 181
96 190
96 193
96 194
97 113
97 128
97 139
97 143
97 148
97 154
97 160
97 162
97 184
97 192
97 193
98 103
98 104
98 125
98 134
98 151
98 155
98 158
98 166
98 173
98 180
98 186
98 189
98 195
99 102
99 123
99 125
99 135
99 138
99 150
99 153
99 161
99 163
99 168
99 177
99 186
99 190
99 191
99 195
99 198
100 115
100 125
100 131
100 170
100 184
100 194
100 198
101 108
101 117
101 127
101 136
101 169
101 173
101 175
101 178
101 183
101 195
102 104
102 110
102 116
102 173
102 182
102 183
102 184
102 190
102 192
102 195
102 198
102 199
103 106
103 107
103 137
103 143
103 144
103 147
103 165
103 172
103 179
103 194
103 195
104 105
104 107
104 112
104 117
104 122
104 130
104 149
104 153
104 158
104 176
104 186
104 192
105 107
105 110
105 117
105 127
105 129
105 136
105 137
105 142
105 194
106 112
106 121
106 137
106 140
106 155
106 160
106 173
106 176
107 137
107 141
107 148
107 150
107 152
107 157
107 166
107 186
107 194
108 109
108 117
108 118
108 121
108 122
108 129
108 131
108 133
108 135
108 166
108 179
108 186
108 190
108 195
108 198
109 116
109 132
109 152
109 160
109 194
109 197
110 127
110 128
110 150
110 154
110 158
110 172
110 181
110 183
110 198
111 129
111 134
111 137
111 148
111 162
111 169
111 174
111 187
112 113
112 149
112 152
112 177
112 180
112 192
112 197
113 119
113 142
113 143
113 149
113 165
113 182
114 115
114 119
114 127
114 134
114 153
114 162
114 163
114 167
114 179
114 182
114 191
114 193
114 195
114 197
114 199
115 118
115 121
115 139
115 140
115 154
115 155
115 193
116 118
116 135
116 143
116 146
116 159
116 176
116 193
117 119
117 126
117 129
117 133
117 138
117 144
117 160
117 178
117 181
117 189
117 193
118 122
118 128
118 134
118 143
118 160
118 180
118 191
118 192
118 199
119 123
119 136
119 146
119 148
119 152
119 179
119 190
119 192
120 124
120 147
120 159
120 180
121 122
121 128
121 142
121 166
121 170
121 172
121 179
121 183
121 184
121 188
122 140
122 167
122 176
122 179
122 188
123 130
123 131
123 132
123 133
123 138
123 144
123 149
123 161
123 163
123 168
123 171
123 183
123 184
124 132
124 150
124 156
124 167
124 173
124 174
124 178
125 137
125 155
125 167
125 178
126 149
126 166
126 172
126 176
126 177
126 184
126 199
127 135
127 176
127 181
127 192
127 199
128 134
128 150
128 166
128 174
128 181
128 190
128 193
128 194
128 195
129 134
129 162
129 166
129 169
129 174
129 176
129 183
129 199
130 132
130 135
130 151
130 163
130 172
130 173
131 139
131 146
131 153
131 174
131 193
132 143
132 147
132 150
132 156
132 167
132 173
132 179
132 185
133 145
133 157
133 165
133 173
133 187
134 144
134 153
134 166
134 185
134 196
134 199
135 138
135 141
135 150
135 172
135 175
135 179
135 187
136 173
137 140
137 144
137 163
137 174
137 191
137 193
138 148
138 150
138 162
138 163
138 168
138 178
138 184
138 187
139 173
139 179
139 182
139 192
139 193
139 195
140 145
140 152
140 154
140 165
140 170
140 194
140 199
141 144
141 147
141 155
141 176
141 192
141 197
142 148
143 175
143 183
144 161
144 168
144 193
144 198
145 161
145 164
145 175
145 177
145 181
145 195
146 152
146 166
146 171
146 175
146 176
146 186
147 150
147 152
147 157
147 163
147 167
147 178
147 180
147 181
147 188
147 191
147 199
148 151
148 161
148 173
148 174
149 152
149 161
149 168
149 192
149 195
150 152
150 154
150 155
150 162
151 165
151 179
151 185
151 194
152 158
152 162
152 168
152 177
152 179
152 184
152 189
153 157
153 164
153 178
153 184
153 191
153 199
154 169
154 174
154 181
154 192
155 160
155 164
155 184
155 190
156 169
156 175
156 185
157 161
157 167
157 175
157 188
157 190
157 194
158 172
158 177
158 188
158 194
159 168
159 185
159 193
159 197
160 166
160 185
161 164
161 181
161 188
162 166
162 183
162 193
162 195
163 169
163 183
163 185
163 187
164 172
164 195
165 169
165 171
165 184
165 188
165 196
166 168
166 174
166 189
166 199
168 176
168 192
168 197
169 195
169 199
171 183
171 185
171 189
172 187
172 188
172 193
172 195
173 188
173 190
173 198
174 189
174 192
174 199
175 191
176 195
177 181
177 183
177 190
178 181
178 182
178 187
178 190
178 196
179 182
179 187
179 196
180 189
180 198
181 184
181 194
182 183
182 192
182 199
183 188
184 187
184 193
184 195
184 199
185 196
186 188
188 192
189 198
192 197
