0 7
0 10
0 12
0 23
0 25
0 39
0 61
0 66
0 68
0 69
0 71
0 87
0 99
0 124
0 146
0 160
0 178
0 180
0 188
1 16
1 23
1 24
1 35
1 50
1 58
1 75
1 88
1 96
1 105
1 111
1 143
1 146
1 152
1 160
1 173
1 177
1 179
2 17
2 31
2 73
2 74
2 75
2 77
2 79
2 80
2 85
2 94
2 103
2 118
2 123
2 124
2 128
2 140
2 142
2 154
2 155
2 157
2 165
2 171
2 185
2 191
3 8
3 13
3 22
3 25
3 30
3 33
3 42
3 45
3 51
3 52
3 58
3 68
3 75
3 104
3 106
3 112
3 121
3 136
3 137
3 140
3 154
3 172
3 184
4 15
4 24
4 36
4 47
4 54
4 77
4 80
4 91
4 106
4 138
4 150
4 155
4 168
4 177
4 199
5 10
5 11
5 14
5 23
5 38
5 41
5 48
5 59
5 72
5 89
5 105
5 109
5 111
5 113
5 120
5 127
5 137
5 139
5 148
5 149
5 151
5 152
5 154
5 156
5 189
5 191
5 196
6 37
6 38
6 80
6 86
6 90
6 92
6 93
6 100
6 108
6 110
6 119
6 120
6 141
6 143
6 146
6 150
6 151
6 153
6 155
6 167
6 172
6 186
6 188
6 190
6 194
6 195
7 25
7 41
7 60
7 70
7 72
7 74
7 76
7 81
7 97
7 132
7 139
7 151
7 164
7 166
7 176
7 178
7 179
7 195
8 39
8 50
8 56
8 62
8 68
8 91
8 95
8 104
8 105
8 108
8 114
8 122
8 131
8 137
8 145
8 155
8 179
8 186
8 188
9 14
9 42
9 45
9 48
9 54
9 55
9 62
9 72
9 74
9 75
9 92
9 103
9 111
9 116
9 146
9 149
9 175
9 183
10 11
10 24
10 27
10 31
10 34
10 35
10 43
10 50
10 57
10 61
10 82
10 84
10 93
10 98
10 116
10 130
10 137
10 147
10 148
10 157
10 165
10 178
10 188
11 12
11 26
11 36
11 39
11 72
11 73
11 93
11 94
11 104
11 115
11 125
11 137
11 149
11 155
11 156
11 158
11 164
11 171
11 177
11 183
12 19
12 21
12 22
12 27
12 29
12 39
12 57
12 76
12 81
12 82
12 98
12 103
12 116
12 123
12 158
12 163
12 171
12 172
12 182
12 192
12 197
13 25
13 41
13 62
13 65
13 67
13 108
13 118
13 120
13 130
13 139
13 170
13 173
13 199
14 17
14 28
14 34
14 35
14 58
14 64
14 65
14 68
14 93
14 100
14 128
14 129
14 134
14 142
14 155
14 162
14 163
14 166
14 170
14 171
14 183
15 16
15 20
15 24
15 31
15 33
15 34
15 41
15 45
15 56
15 58
15 70
15 73
15 80
15 85
15 102
15 136
15 142
15 172
15 175
15 182
15 184
15 186
15 197
16 17
16 22
16 29
16 37
16 50
16 54
16 56
16 58
16 59
16 65
16 68
16 76
16 83
16 84
16 97
16 103
16 105
16 109
16 133
16 153
16 172
16 176
17 28
17 86
17 111
17 121
17 122
17 131
17 147
17 152
17 168
17 185
17 196
18 35
18 44
18 45
18 52
18 56
18 65
18 69
18 77
18 95
18 128
18 131
18 136
18 141
18 147
18 155
18 158
18 163
18 164
18 167
18 168
18 182
18 191
19 37
19 41
19 46
19 73
19 91
19 94
19 97
19 102
19 106
19 107
19 110
19 111
19 125
19 130
19 141
19 142
19 163
19 170
19 180
19 196
20 36
20 37
20 40
20 50
20 79
20 87
20 94
20 96
20 105
20 106
20 110
20 114
20 127
20 136
20 163
20 174
20 175
20 178
20 189
21 29
21 33
21 49
21 50
21 51
21 52
21 61
21 62
21 91
21 93
21 103
21 116
21 143
21 150
21 176
21 187
21 188
21 197
22 26
22 42
22 47
22 56
22 57
22 69
22 73
22 78
22 85
22 88
22 93
22 115
22 122
22 127
22 135
22 136
22 137
22 143
22 149
22 150
22 159
22 196
23 36
23 42
23 59
23 61
23 64
23 94
23 95
23 96
23 98
23 127
23 131
23 135
23 142
23 146
23 157
23 175
23 185
23 186
23 189
23 193
24 28
24 33
24 34
24 39
24 42
24 45
24 46
24 52
24 59
24 67
24 77
24 82
24 88
24 94
24 102
24 134
24 144
24 156
24 160
24 165
24 166
24 172
24 188
25 43
25 45
25 53
25 63
25 72
25 78
25 84
25 97
25 118
25 128
25 131
25 144
25 172
25 177
25 186
25 187
25 188
26 28
26 43
26 44
26 45
26 66
26 68
26 73
26 83
26 84
26 86
26 91
26 106
26 110
26 134
26 148
26 152
26 155
26 161
26 162
26 166
26 180
26 184
26 193
27 31
27 39
27 42
27 55
27 59
27 65
27 76
27 98
27 101
27 111
27 119
27 146
27 147
27 183
27 195
28 36
28 40
28 42
28 45
28 65
28 89
28 106
28 113
28 117
28 119
28 131
28 132
28 144
28 148
28 150
28 153
28 162
28 165
28 185
28 194
29 35
29 70
29 89
29 96
29 113
29 115
29 123
29 125
29 173
29 177
29 197
30 45
30 63
30 72
30 79
30 81
30 89
30 102
30 109
30 115
30 137
30 139
30 140
30 160
30 167
30 175
30 194
30 199
31 49
31 51
31 52
31 55
31 56
31 82
31 87
31 106
31 107
31 115
31 123
31 125
31 131
31 141
31 142
31 168
31 177
31 191
32 45
32 49
32 50
32 66
32 71
32 99
32 101
32 102
32 104
32 114
32 125
32 127
32 133
32 145
32 150
32 151
32 156
32 175
32 180
32 181
32 187
33 41
33 46
33 60
33 68
33 71
33 72
33 84
33 86
33 96
33 97
33 107
33 115
33 116
33 118
33 124
33 126
33 131
33 134
33 135
33 145
33 165
33 178
33 179
33 190
34 56
34 57
34 64
34 69
34 77
34 90
34 93
34 99
34 121
34 127
34 172
34 177
34 180
34 192
34 199
35 54
35 75
35 77
35 79
35 87
35 98
35 112
35 117
35 118
35 119
35 129
35 131
35 148
35 150
35 167
35 177
35 185
35 191
36 48
36 59
36 60
36 63
36 79
36 92
36 93
36 94
36 110
36 113
36 122
36 132
36 135
36 141
36 144
36 159
36 165
36 178
36 185
36 188
36 195
37 39
37 41
37 72
37 77
37 88
37 92
37 100
37 104
37 107
37 122
37 123
37 128
37 142
37 178
37 182
37 191
37 193
37 196
37 199
38 53
38 60
38 61
38 68
38 70
38 71
38 76
38 116
38 119
38 120
38 122
38 123
38 129
38 136
38 151
38 152
38 157
38 162
38 167
38 181
38 186
39 48
39 51
39 66
39 91
39 92
39 131
39 145
39 148
39 156
39 159
39 185
40 46
40 70
40 72
40 80
40 81
40 85
40 91
40 105
40 111
40 119
40 124
40 136
40 144
40 148
40 158
40 180
40 190
40 198
41 108
41 119
41 131
41 145
41 148
41 158
41 159
41 167
41 176
41 196
42 45
42 56
42 64
42 68
42 71
42 81
42 85
42 107
42 118
42 136
42 161
42 173
42 180
42 189
42 193
43 46
43 56
43 64
43 117
43 118
43 129
43 133
43 138
43 139
43 143
43 154
43 155
43 160
43 185
43 187
43 188
43 191
43 194
44 46
44 51
44 68
44 76
44 85
44 88
44 120
44 124
44 141
44 175
44 176
44 187
44 192
44 193
44 199
45 65
45 118
45 122
45 130
45 146
45 151
45 161
45 163
46 49
46 60
46 84
46 96
46 110
46 113
46 129
46 172
46 188
46 189
46 198
47 49
47 65
47 66
47 73
47 74
47 93
47 101
47 107
47 119
47 127
47 130
47 145
47 149
47 160
47 178
47 181
47 191
47 196
47 199
48 50
48 54
48 56
48 85
48 102
48 104
48 105
48 109
48 113
48 126
48 128
48 130
48 132
48 140
48 172
48 174
48 183
48 186
48 190
48 193
49 51
49 59
49 60
49 67
49 78
49 109
49 111
49 114
49 130
49 144
49 155
49 160
49 168
49 172
49 189
49 199
50 52
50 55
50 70
50 83
50 85
50 87
50 94
50 136
50 142
50 171
50 180
50 192
50 195
51 80
51 86
51 108
51 114
51 134
51 138
51 144
51 148
51 152
51 157
51 158
51 179
51 188
51 193
52 62
52 71
52 90
52 91
52 98
52 104
52 112
52 134
52 138
52 141
52 150
52 172
52 184
52 186
52 191
53 57
53 76
53 77
53 91
53 92
53 112
53 131
53 154
53 169
53 183
53 195
54 57
54 63
54 66
54 108
54 112
54 122
54 125
54 129
54 146
54 150
54 163
54 176
54 193
54 199
55 64
55 68
55 72
55 75
55 79
55 91
55 98
55 104
55 112
55 120
55 122
55 124
55 131
55 137
55 138
55 159
55 161
55 164
55 172
55 174
55 179
55 190
55 195
55 196
56 70
56 72
56 91
56 111
56 126
56 132
56 149
56 150
56 153
56 160
56 176
56 180
56 182
56 183
56 187
56 191
56 193
56 197
56 198
57 59
57 76
57 81
57 88
57 89
57 97
57 105
57 106
57 140
57 143
57 148
57 149
57 152
57 156
57 157
57 163
57 169
57 182
57 186
57 188
57 189
58 69
58 71
58 79
58 96
58 97
58 98
58 115
58 133
58 136
58 140
58 147
58 148
59 63
59 69
59 78
59 79
59 91
59 93
59 105
59 148
59 157
59 162
59 167
59 169
60 62
60 66
60 76
60 83
60 100
60 102
60 106
60 117
60 119
60 130
60 142
60 161
60 165
60 183
60 198
61 72
61 75
61 79
61 92
61 96
61 102
61 121
61 157
61 159
61 160
61 165
61 172
61 178
61 187
62 79
62 105
62 107
62 151
62 163
62 171
62 191
62 199
63 67
63 72
63 78
63 86
63 94
63 95
63 99
63 104
63 110
63 113
63 126
63 134
63 136
63 152
63 166
63 167
63 180
63 185
63 187
63 190
64 73
64 75
64 78
64 81
64 86
64 94
64 97
64 123
64 129
64 139
64 152
64 154
64 156
64 185
64 187
65 73
65 74
65 85
65 93
65 99
65 105
65 108
65 132
65 133
65 140
65 143
65 183
65 195
65 197
66 82
66 91
66 101
66 113
66 124
66 135
66 138
66 140
66 145
66 160
66 178
66 179
66 180
66 196
67 79
67 91
67 96
67 111
67 112
67 118
67 140
67 142
67 144
67 177
67 188
67 189
67 192
67 196
68 81
68 110
68 113
68 131
68 139
68 142
68 144
68 150
68 195
69 73
69 91
69 100
69 103
69 105
69 112
69 129
69 143
69 154
69 162
69 163
69 170
69 175
69 177
69 180
69 181
69 185
69 187
69 191
69 193
69 194
70 76
70 79
70 82
70 93
70 117
70 118
70 131
70 139
70 149
70 155
70 156
70 158
70 161
70 176
70 193
70 194
70 199
71 75
71 84
71 88
71 100
71 106
71 108
71 113
71 116
71 117
71 131
71 133
71 140
71 143
71 164
71 179
72 75
72 79
72 92
72 97
72 102
72 103
72 106
72 118
72 121
72 127
72 132
72 134
72 138
72 144
72 151
72 168
72 175
72 176
73 99
73 118
73 136
73 140
73 141
73 146
73 162
73 166
73 168
73 199
74 89
74 101
74 111
74 121
74 126
74 135
74 150
74 162
74 166
74 169
74 175
74 179
74 187
74 196
75 111
75 134
75 135
75 137
75 138
75 149
75 158
75 163
75 166
75 167
75 172
75 180
75 184
75 185
75 191
75 198
76 77
76 86
76 89
76 93
76 103
76 116
76 120
76 121
76 129
76 143
76 152
76 177
76 191
76 195
77 85
77 88
77 90
77 111
77 121
77 126
77 131
77 136
77 137
77 139
77 149
77 165
78 81
78 83
78 102
78 133
78 147
78 176
78 178
78 180
78 188
79 94
79 100
79 107
79 109
79 128
79 130
79 131
79 159
79 171
79 176
80 97
80 121
80 139
80 141
80 155
80 158
80 162
80 175
80 188
81 83
81 98
81 105
81 114
81 130
81 132
81 133
81 174
81 188
81 190
82 89
82 94
82 101
82 102
82 110
82 117
82 118
82 121
82 127
82 138
82 154
83 86
83 87
83 88
83 135
83 140
83 141
83 147
83 178
83 194
84 88
84 128
84 137
84 138
84 149
84 153
84 154
84 159
84 161
84 172
84 178
85 89
85 96
85 98
85 118
85 126
85 128
85 143
85 146
85 170
85 171
85 175
85 176
85 178
85 180
85 191
85 199
86 89
86 109
86 110
86 113
86 131
86 133
86 135
86 146
86 153
86 156
86 162
86 167
86 173
86 176
86 179
86 192
86 199
87 93
87 114
87 117
87 118
87 128
87 130
87 135
87 138
87 142
87 145
87 146
87 151
87 154
87 155
87 166
87 182
87 192
88 120
88 134
88 138
88 144
88 164
88 166
88 172
88 178
88 183
89 109
89 111
89 115
89 117
89 131
89 138
89 144
89 147
89 184
89 187
90 95
90 107
90 116
90 118
90 157
90 177
90 180
91 92
91 93
91 94
91 96
91 98
91 133
91 143
91 148
91 164
91 188
91 198
92 102
92 125
92 137
92 143
92 156
92 158
92 178
93 133
93 140
93 152
93 168
93 172
93 174
93 175
93 181
93 182
93 185
93 195
93 197
93 199
94 103
94 138
94 151
94 153
94 159
94 160
94 163
94 179
94 181
94 184
94 185
94 199
95 98
95 112
95 116
95 118
95 119
95 121
95 153
95 159
95 161
95 168
95 172
95 180
95 193
95 194
95 198
96 98
96 118
96 125
96 135
96 136
96 150
96 151
96 155
96 166
96 168
96 175
96 192
96 197
97 102
97 103
97 105
97 108
97 120
97 123
97 145
97 155
97 168
97 191
97 194
98 104
98 124
98 127
98 145
98 155
98 156
98 183
98 196
98 198
99 106
99 131
99 136
99 162
99 169
99 196
99 197
100 103
100 105
100 124
100 139
100 141
100 147
100 159
100 172
100 181
100 184
100 189
100 195
100 199
101 102
101 118
101 122
101 134
101 139
101 146
101 149
101 168
101 176
101 197
102 120
102 127
102 136
102 140
102 165
102 171
102 178
102 185
103 108
103 130
103 136
103 147
103 157
103 170
103 181
103 188
103 193
103 194
104 150
104 151
104 153
104 156
104 159
104 166
104 167
104 172
104 173
104 188
105 131
105 159
105 161
105 176
105 179
105 181
105 187
105 189
105 197
105 198
106 108
106 110
106 116
106 123
106 128
106 141
106 146
106 162
106 164
107 112
107 113
107 114
107 126
107 135
107 146
107 148
107 154
107 169
107 170
108 125
108 131
108 169
108 184
108 186
108 190
108 194
109 113
109 141
109 147
109 166
109 167
109 180
109 186
109 191
110 134
110 150
110 152
110 160
110 183
111 113
111 128
111 130
111 154
111 165
111 181
111 195
111 196
112 119
112 135
112 152
112 156
112 177
112 188
112 192
113 155
113 161
113 164
113 185
113 192
113 195
114 120
114 160
114 165
114 177
114 184
114 186
115 123
115 140
115 141
115 142
115 150
115 151
115 152
115 178
115 196
116 119
116 124
116 129
116 142
116 150
116 197
117 135
117 154
117 172
117 175
117 176
117 179
117 184
117 187
118 120
118 134
118 158
118 170
118 173
118 179
118 183
119 124
119 144
119 147
119 159
119 166
119 180
120 129
120 142
120 147
120 172
120 184
120 196
121 124
121 131
121 133
121 153
121 161
121 171
121 180
121 182
121 187
122 145
122 148
122 159
122 176
122 187
123 133
123 145
123 161
123 165
123 180
123 181
123 187
123 189
123 194
123 195
124 130
124 132
124 136
124 137
124 145
124 154
124 157
124 187
124 188
125 129
125 131
125 173
125 179
125 181
126 130
126 137
126 144
126 147
126 154
126 165
126 174
126 184
126 191
126 196
127 170
128 129
128 155
128 170
128 188
128 195
129 133
129 137
129 180
129 181
130 133
130 135
130 137
130 143
130 153
130 156
130 159
130 169
130 186
131 149
131 153
131 158
131 169
131 185
131 190
131 195
131 197
131 199
132 139
132 147
132 148
132 149
132 156
132 159
132 162
132 166
132 199
133 135
133 145
133 146
133 147
133 175
133 189
134 135
134 137
134 149
134 155
134 157
134 168
134 183
135 143
135 146
135 152
135 166
135 177
135 186
135 188
135 193
135 197
136 151
136 168
136 169
136 189
136 192
137 141
137 153
137 182
137 197
138 145
138 148
138 149
138 157
138 158
138 161
138 182
138 193
139 141
139 154
139 189
139 190
139 195
139 198
140 147
140 154
140 166
140 168
140 170
140 175
140 176
140 181
140 187
140 194
141 143
141 154
141 162
142 150
142 151
142 165
142 167
142 168
142 176
142 180
142 184
142 193
142 198
143 149
143 162
143 165
143 170
143 186
143 198
144 163
144 169
144 189
145 146
145 148
145 155
145 181
145 192
146 163
146 166
146 172
146 181
146 193
147 157
147 161
147 198
147 199
148 155
148 158
148 160
148 176
148 181
148 184
148 186
148 192
148 196
149 155
149 160
149 176
150 161
150 196
151 160
151 182
151 193
151 198
151 199
152 153
152 162
152 179
152 185
152 189
153 158
153 171
153 191
153 199
154 178
154 190
154 192
155 157
155 161
155 163
155 197
156 171
156 186
156 189
156 195
156 199
157 163
157 164
157 169
157 176
157 189
157 192
158 187
158 188
159 176
159 180
159 189
159 199
161 171
161 175
161 191
162 191
162 198
163 165
163 169
163 189
163 197
164 175
165 183
165 192
165 197
166 171
166 174
166 184
167 170
167 175
167 180
167 185
167 198
168 189
168 195
169 196
170 177
170 179
170 186
171 179
171 184
171 197
172 173
172 193
172 194
172 197
173 176
174 177
174 187
174 190
174 191
174 195
174 197
175 188
176 184
177 184
177 192
178 181
178 184
178 185
178 187
179 196
180 183
180 188
181 184
181 192
181 196
182 197
183 191
183 193
183 196
184 186
185 189
186 198
187 192
187 196
187 199
188 194
188 197
188 198
190 191
190 192
191 198
192 199
195 198
195 199
196 197
196 198
196 199
197 198
197 199
