0 1
0 3
0 23
0 28
0 34
0 38
0 44
0 53
0 62
0 64
0 74
0 84
0 85
0 108
0 110
0 113
0 123
0 149
0 155
0 163
0 175
0 180
0 184
0 195
1 8
1 31
1 35
1 56
1 87
1 90
1 95
1 106
1 132
1 136
1 164
1 175
1 182
1 186
1 189
1 198
2 7
2 9
2 13
2 16
2 82
2 84
2 98
2 109
2 113
2 117
2 118
2 121
2 123
2 130
2 137
2 140
2 142
2 143
2 148
2 163
2 164
2 192
2 193
2 194
2 195
3 5
3 25
3 41
3 44
3 50
3 68
3 71
3 76
3 77
3 115
3 117
3 120
3 127
3 166
3 172
3 188
3 191
4 13
4 41
4 54
4 74
4 85
4 89
4 90
4 119
4 125
4 130
4 146
4 150
4 160
4 169
4 170
4 171
4 193
5 9
5 22
5 26
5 27
5 30
5 57
5 61
5 81
5 86
5 98
5 116
5 118
5 134
5 144
5 149
5 167
5 174
5 181
5 186
6 10
6 12
6 13
6 15
6 18
6 27
6 30
6 31
6 51
6 61
6 62
6 63
6 74
6 89
6 125
6 134
6 165
6 196
7 15
7 17
7 28
7 29
7 44
7 46
7 72
7 77
7 84
7 90
7 105
7 123
7 129
7 130
7 133
7 140
7 153
7 160
7 166
7 194
7 199
8 18
8 26
8 32
8 49
8 62
8 64
8 80
8 128
8 131
8 134
8 137
8 146
8 149
8 151
8 153
8 175
8 177
8 193
8 198
9 23
9 26
9 46
9 55
9 63
9 65
9 66
9 70
9 84
9 91
9 97
9 116
9 118
9 136
9 138
9 149
9 170
9 180
9 181
9 185
10 12
10 17
10 27
10 43
10 44
10 46
10 53
10 60
10 64
10 68
10 83
10 99
10 101
10 113
10 120
10 121
10 128
10 137
10 159
10 181
10 187
10 194
11 25
11 41
11 74
11 87
11 89
11 92
11 99
11 107
11 112
11 118
11 121
11 124
11 135
11 158
11 181
11 187
12 15
12 45
12 51
12 75
12 92
12 94
12 108
12 110
12 125
12 130
12 137
12 140
12 141
12 154
12 161
12 184
12 195
13 16
13 28
13 34
13 52
13 75
13 117
13 133
13 136
13 139
13 149
13 175
14 19
14 21
14 32
14 50
14 69
14 118
14 126
14 128
14 137
14 142
14 150
14 177
15 54
15 63
15 70
15 79
15 100
15 134
15 138
15 141
15 170
16 18
16 20
16 22
16 31
16 37
16 63
16 66
16 72
16 83
16 88
16 95
16 101
16 119
16 124
16 125
16 146
16 187
16 192
16 193
17 24
17 29
17 31
17 37
17 40
17 59
17 66
17 102
17 107
17 108
17 121
17 128
17 129
17 138
17 141
17 154
17 176
17 182
17 187
17 195
18 29
18 30
18 36
18 38
18 63
18 68
18 74
18 75
18 76
18 90
18 103
18 116
18 120
18 124
18 133
18 169
18 174
18 176
18 185
18 195
19 63
19 73
19 75
19 79
19 107
19 118
19 122
19 146
19 153
19 197
20 23
20 29
20 33
20 78
20 79
20 80
20 82
20 104
20 118
20 138
20 140
20 150
20 174
20 179
20 192
21 29
21 33
21 38
21 46
21 56
21 60
21 75
21 93
21 116
21 142
21 147
21 171
21 172
21 176
21 193
21 194
22 34
22 40
22 50
22 72
22 73
22 75
22 76
22 98
22 100
22 101
22 104
22 117
22 129
22 132
22 134
22 147
22 149
22 151
22 157
22 159
22 162
22 168
22 174
22 176
22 194
23 30
23 31
23 42
23 44
23 45
23 53
23 84
23 112
23 144
23 185
23 186
23 196
24 27
24 46
24 48
24 53
24 55
24 65
24 69
24 71
24 76
24 81
24 94
24 128
24 134
24 137
24 138
24 152
24 156
24 157
24 160
24 172
24 185
24 186
24 195
24 198
25 32
25 38
25 58
25 76
25 95
25 99
25 110
25 133
25 137
25 146
25 159
25 167
26 29
26 41
26 50
26 59
26 65
26 67
26 74
26 79
26 80
26 118
26 136
26 144
26 174
26 181
26 186
26 193
26 194
27 33
27 56
27 93
27 103
27 116
27 121
27 134
27 146
27 147
27 152
27 156
27 164
27 174
27 181
27 188
28 29
28 35
28 36
28 44
28 50
28 65
28 69
28 83
28 115
28 149
28 157
28 162
28 172
28 175
28 176
28 177
28 179
28 194
28 197
29 37
29 47
29 54
29 65
29 74
29 86
29 122
29 133
29 143
29 168
29 176
29 183
29 189
30 39
30 51
30 52
30 70
30 72
30 89
30 101
30 110
30 123
30 125
30 127
30 134
30 139
30 156
30 160
30 163
30 169
30 173
30 188
30 189
30 191
31 35
31 37
31 41
31 71
31 81
31 99
31 105
31 106
31 107
31 116
31 121
31 146
31 154
31 161
31 168
31 181
31 183
31 188
32 45
32 66
32 80
32 92
32 94
32 104
32 113
32 114
32 118
32 125
32 141
32 178
32 179
32 181
32 196
33 37
33 56
33 74
33 77
33 81
33 85
33 87
33 89
33 91
33 95
33 96
33 99
33 100
33 107
33 128
33 133
33 159
33 160
33 171
33 185
34 38
34 40
34 49
34 50
34 56
34 58
34 85
34 88
34 90
34 91
34 108
34 110
34 116
34 120
34 135
34 138
34 151
34 152
34 155
34 171
34 185
34 187
35 37
35 51
35 52
35 63
35 70
35 71
35 81
35 93
35 97
35 100
35 119
35 123
35 129
35 134
35 136
35 142
35 153
35 167
35 168
35 172
35 174
35 185
35 188
36 46
36 56
36 60
36 71
36 79
36 86
36 91
36 103
36 107
36 163
36 174
36 193
37 61
37 74
37 77
37 79
37 88
37 98
37 109
37 116
37 138
37 172
38 64
38 70
38 72
38 78
38 90
38 104
38 113
38 118
38 125
38 131
38 132
38 160
38 163
38 166
38 169
38 180
38 184
39 55
39 60
39 63
39 82
39 87
39 89
39 93
39 97
39 105
39 186
39 193
40 70
40 89
40 90
40 100
40 101
40 124
40 134
40 142
40 166
40 182
40 188
40 194
40 198
41 46
41 57
41 64
41 73
41 74
41 76
41 81
41 113
41 121
41 123
41 149
41 158
41 160
41 180
41 189
41 193
41 197
42 50
42 52
42 55
42 75
42 77
42 94
42 98
42 101
42 102
42 117
42 123
42 130
42 151
42 161
42 162
42 163
42 187
42 199
43 46
43 48
43 49
43 50
43 54
43 56
43 66
43 73
43 85
43 91
43 132
43 133
43 134
43 138
43 140
43 143
43 157
43 184
44 45
44 46
44 49
44 69
44 73
44 87
44 95
44 105
44 109
44 162
44 165
44 166
44 173
45 47
45 49
45 51
45 52
45 73
45 74
45 85
45 119
45 123
45 129
45 144
45 148
45 159
45 188
46 66
46 101
46 109
46 116
46 125
46 131
46 140
46 152
46 182
46 194
47 56
47 58
47 67
47 85
47 89
47 106
47 116
47 128
47 137
47 144
47 173
47 176
47 188
48 49
48 61
48 65
48 70
48 81
48 82
48 110
48 139
48 145
48 147
48 154
48 158
48 161
48 162
48 182
48 183
48 198
49 55
49 57
49 98
49 100
49 102
49 112
49 127
49 133
49 134
49 135
49 163
49 181
49 182
49 198
50 66
50 68
50 70
50 75
50 82
50 87
50 90
50 93
50 107
50 109
50 136
50 138
50 139
50 153
50 159
50 183
50 191
50 192
50 194
50 197
51 55
51 57
51 61
51 82
51 99
51 103
51 111
51 116
51 129
51 147
51 166
51 189
51 193
52 56
52 59
52 75
52 85
52 96
52 112
52 120
52 124
52 128
52 149
52 176
52 182
52 195
53 58
53 67
53 84
53 94
53 96
53 106
53 107
53 116
53 124
53 126
53 127
53 132
53 142
53 151
53 157
53 176
53 182
54 81
54 95
54 103
54 104
54 107
54 108
54 117
54 147
54 153
54 166
54 167
54 168
54 171
54 179
54 185
54 189
54 191
54 192
54 198
55 57
55 59
55 62
55 87
55 91
55 97
55 106
55 119
55 120
55 129
55 146
55 149
55 162
55 169
55 180
56 75
56 84
56 85
56 102
56 111
56 112
56 139
56 146
56 178
56 190
56 191
56 197
57 67
57 89
57 98
57 125
57 147
57 151
57 152
57 153
57 177
57 190
57 194
58 82
58 87
58 98
58 122
58 129
58 147
58 150
58 162
58 171
58 199
59 81
59 89
59 106
59 113
59 135
59 145
59 158
59 181
59 186
59 189
59 197
60 62
60 74
60 86
60 90
60 109
60 113
60 122
60 127
60 131
60 133
60 142
60 154
60 169
60 173
60 182
60 183
60 185
60 194
60 197
60 199
61 64
61 67
61 69
61 73
61 74
61 83
61 85
61 95
61 99
61 102
61 111
61 147
61 151
61 156
61 157
61 163
61 169
61 171
61 182
62 66
62 71
62 75
62 82
62 94
62 98
62 99
62 117
62 132
62 137
62 145
62 150
62 164
62 166
62 187
62 188
62 194
63 73
63 81
63 92
63 93
63 105
63 108
63 126
63 140
63 141
63 147
63 160
63 166
63 186
63 199
64 68
64 71
64 75
64 79
64 87
64 93
64 95
64 96
64 97
64 101
64 110
64 119
64 132
64 134
64 135
64 144
64 150
64 152
64 186
64 190
64 192
64 195
65 66
65 72
65 81
65 82
65 110
65 113
65 114
65 142
65 146
65 150
65 160
65 166
65 179
65 180
65 184
65 186
65 189
66 75
66 77
66 85
66 95
66 100
66 117
66 160
66 164
66 167
66 175
66 177
66 190
66 194
66 198
67 100
67 101
67 122
67 163
67 168
67 171
67 175
67 190
67 194
68 71
68 76
68 77
68 78
68 82
68 84
68 86
68 97
68 117
68 140
68 165
68 174
68 188
69 77
69 92
69 95
69 97
69 107
69 142
69 175
69 192
70 75
70 79
70 80
70 83
70 99
70 106
70 110
70 111
70 115
70 118
70 123
70 137
70 143
70 160
70 168
70 172
70 175
70 178
70 198
71 107
71 133
71 173
71 195
71 197
72 75
72 76
72 101
72 104
72 111
72 113
72 117
72 122
72 128
72 136
72 142
72 164
72 167
72 174
72 181
73 76
73 77
73 83
73 113
73 119
73 121
73 133
73 137
73 138
73 149
73 153
73 158
73 159
73 168
73 182
73 188
74 75
74 98
74 105
74 108
74 114
74 116
74 147
74 161
74 169
74 170
74 179
74 191
75 90
75 109
75 119
75 120
75 121
75 125
75 132
75 135
75 138
75 143
75 158
75 159
76 81
76 82
76 83
76 108
76 112
76 130
76 133
76 134
76 141
76 153
76 156
76 162
76 164
76 168
76 182
76 197
77 80
77 96
77 101
77 119
77 136
77 140
77 141
77 150
77 170
77 174
77 196
78 84
78 89
78 90
78 92
78 100
78 114
78 124
78 133
78 134
78 155
78 177
78 178
78 192
79 86
79 95
79 107
79 114
79 121
79 123
79 132
79 134
79 135
79 140
79 151
79 173
79 182
79 184
79 196
80 97
80 101
80 145
80 147
80 148
80 153
80 155
81 86
81 114
81 121
81 147
81 152
81 154
81 155
81 158
81 165
81 167
81 182
81 186
81 194
82 88
82 108
82 111
82 130
82 137
82 162
82 175
83 88
83 91
83 121
83 133
83 140
83 173
83 175
83 187
83 198
84 85
84 88
84 106
84 109
84 131
84 147
84 149
84 153
84 163
84 169
84 171
84 173
84 198
85 92
85 109
85 112
85 115
85 123
85 131
85 146
85 155
85 157
85 159
85 161
85 168
85 177
85 180
85 192
86 87
86 89
86 113
86 118
86 122
86 132
86 155
86 168
86 196
86 197
87 103
87 111
87 127
87 133
87 147
87 171
87 184
87 189
88 90
88 93
88 113
88 159
88 169
88 171
88 183
89 94
89 105
89 111
89 112
89 113
89 116
89 119
89 132
89 134
89 138
89 153
89 159
89 163
89 180
90 99
90 101
90 112
90 142
90 147
90 153
90 157
90 159
90 168
90 169
90 182
90 188
90 194
91 96
91 103
91 111
91 117
91 119
91 122
91 129
91 131
91 136
91 149
91 196
92 95
92 100
92 112
92 120
92 122
92 136
92 162
92 182
92 189
92 190
92 195
92 197
93 105
93 119
93 129
93 138
93 145
93 149
93 178
93 197
94 104
94 118
94 131
94 139
94 144
94 151
94 153
94 167
94 173
94 180
94 199
95 101
95 117
95 118
95 144
95 186
95 189
95 190
96 100
96 120
96 140
96 141
96 146
96 150
96 165
96 171
96 178
96 185
96 198
97 99
97 107
97 109
97 111
97 117
97 118
97 133
97 162
97 164
97 165
97 166
97 167
97 168
97 170
97 180
97 184
97 195
98 103
98 115
98 117
98 118
98 120
98 129
98 133
98 136
98 140
98 145
98 147
98 160
98 162
98 164
98 167
98 177
98 186
98 189
99 112
99 120
99 127
99 136
99 140
99 161
99 163
99 164
99 168
99 171
99 190
99 192
100 102
100 125
100 141
100 146
100 149
100 161
100 190
100 194
101 104
101 105
101 113
101 122
101 124
101 137
101 145
101 154
101 157
101 168
101 174
101 175
101 176
101 181
101 182
101 185
102 139
102 146
102 164
102 180
102 184
102 192
103 112
103 122
103 146
103 150
103 157
103 158
103 163
103 185
103 198
103 199
104 124
104 127
104 141
104 159
104 161
104 180
104 181
104 184
104 190
104 197
105 126
105 138
105 162
105 164
106 132
106 147
106 151
106 161
106 163
106 169
106 171
106 173
106 184
106 185
106 188
106 196
107 115
107 131
107 141
107 174
107 198
108 110
108 125
108 142
108 147
108 149
108 164
108 190
109 112
109 126
109 133
109 148
109 152
109 155
109 157
109 158
109 163
109 177
109 196
109 199
110 119
110 121
110 130
110 147
110 148
110 173
111 116
111 149
111 157
111 169
112 118
112 152
112 166
112 176
112 193
112 197
112 198
112 199
113 119
113 131
113 132
113 141
113 159
113 160
113 164
113 167
113 170
113 177
113 182
113 193
113 194
114 136
114 138
114 141
114 142
114 146
114 149
114 157
114 160
114 180
115 118
115 123
115 131
115 134
115 145
115 169
115 196
116 117
116 127
116 140
116 171
116 180
117 118
117 121
117 135
117 147
117 149
117 153
117 159
117 163
117 191
117 193
118 135
118 151
118 153
118 159
118 161
118 163
118 169
118 182
118 193
118 196
119 125
119 147
119 157
119 175
119 180
119 186
119 196
120 126
120 133
120 134
120 144
120 157
120 160
120 166
120 184
120 189
121 148
121 153
121 159
122 131
122 132
122 142
122 155
122 161
122 186
122 199
123 126
123 132
123 134
123 162
123 172
123 185
124 139
124 170
124 197
125 148
125 159
125 173
125 186
125 189
125 190
125 192
126 136
126 141
126 150
126 158
126 162
126 181
126 185
126 198
127 134
127 138
127 145
127 149
127 150
127 169
127 176
127 180
127 199
128 134
128 136
128 138
128 150
128 159
128 177
128 188
128 192
129 130
129 131
129 135
129 143
129 147
129 157
129 162
129 168
130 186
130 189
131 144
131 157
131 166
131 167
131 182
131 191
131 193
132 135
132 138
132 147
132 148
132 158
132 167
132 180
132 184
132 191
132 198
133 147
133 149
133 151
133 161
133 163
133 174
133 186
134 149
134 184
134 198
135 149
135 168
135 172
135 180
135 181
135 188
135 193
136 159
136 164
136 196
137 145
137 147
137 153
137 157
137 158
137 178
137 183
137 186
137 187
138 160
138 170
138 192
138 194
139 144
139 151
139 166
139 191
140 149
140 178
140 195
141 145
141 147
141 152
141 162
141 167
141 180
141 187
141 193
142 165
142 166
142 179
143 157
143 171
143 175
143 184
143 186
143 195
144 149
144 152
144 156
144 189
145 159
145 174
145 180
145 192
146 154
146 157
146 168
146 175
146 177
146 192
147 155
147 167
147 171
147 183
147 186
147 188
147 190
147 192
147 198
148 168
148 184
148 186
148 198
149 154
149 182
149 183
149 195
149 198
150 164
150 168
150 169
151 174
151 199
152 154
152 155
152 174
153 158
153 160
153 161
153 169
153 183
153 189
153 191
153 198
154 161
154 165
154 167
154 169
154 170
154 172
154 195
154 199
155 158
155 187
156 160
156 162
157 165
157 166
157 174
157 175
157 180
157 193
157 196
157 197
158 173
158 194
159 160
159 179
159 180
159 189
159 199
160 164
160 175
160 182
160 183
160 184
160 195
161 162
161 189
161 193
161 198
162 165
162 181
162 194
163 167
163 169
163 175
163 188
164 168
164 173
164 193
164 195
164 199
165 181
165 187
165 192
166 169
166 193
167 187
168 169
168 186
169 171
169 196
169 198
170 185
170 199
171 185
171 189
172 175
172 193
173 191
173 192
174 196
174 199
175 178
175 182
175 184
175 189
176 188
176 195
177 186
178 179
178 190
178 194
178 199
179 180
179 182
179 189
179 190
179 197
180 182
180 190
180 196
180 197
182 183
183 195
186 192
186 193
187 199
188 191
188 199
189 190
189 195
189 196
190 195
190 199
191 199
192 199
194 197
195 198
196 197
