0 11
0 12
0 52
0 53
0 82
0 84
0 90
0 107
0 123
0 124
0 131
0 143
0 145
0 152
0 156
0 166
1 14
1 23
1 37
1 54
1 72
1 73
1 74
1 78
1 85
1 86
1 93
1 101
1 122
1 135
1 159
1 170
1 171
1 179
1 184
2 3
2 8
2 10
2 15
2 60
2 76
2 105
2 106
2 109
2 115
2 118
2 132
2 152
2 161
2 163
2 189
2 197
3 4
3 24
3 39
3 72
3 79
3 80
3 84
3 91
3 94
3 102
3 103
3 130
3 142
3 165
3 183
3 190
4 23
4 29
4 39
4 40
4 55
4 61
4 68
4 78
4 81
4 90
4 99
4 112
4 134
4 178
4 185
4 195
5 21
5 24
5 27
5 43
5 91
5 106
5 133
5 141
5 145
5 155
5 174
5 176
5 179
5 181
5 182
5 196
5 197
6 16
6 18
6 19
6 24
6 35
6 39
6 46
6 55
6 61
6 70
6 72
6 75
6 78
6 88
6 104
6 107
6 121
6 129
6 139
6 151
6 157
6 168
7 11
7 17
7 35
7 43
7 57
7 58
7 65
7 67
7 87
7 92
7 105
7 106
7 129
7 136
7 165
7 174
7 176
7 187
7 195
8 15
8 34
8 37
8 40
8 41
8 45
8 46
8 52
8 63
8 68
8 86
8 90
8 93
8 95
8 107
8 113
8 119
8 140
8 168
8 175
8 186
9 21
9 32
9 37
9 38
9 44
9 59
9 63
9 64
9 67
9 72
9 78
9 113
9 118
9 132
9 136
9 159
9 165
9 169
9 181
9 186
9 188
9 196
10 53
10 56
10 76
10 83
10 101
10 125
10 126
10 129
10 149
10 168
10 177
10 190
10 191
10 198
11 12
11 51
11 55
11 73
11 82
11 84
11 87
11 95
11 108
11 109
11 120
11 133
11 137
11 162
12 20
12 28
12 42
12 46
12 48
12 59
12 63
12 91
12 98
12 109
12 110
12 112
12 113
12 120
12 126
12 158
12 160
12 163
12 165
12 196
13 32
13 36
13 44
13 53
13 60
13 62
13 78
13 89
13 131
13 151
13 153
13 154
13 156
13 158
13 175
13 181
13 183
13 184
13 185
13 190
13 193
13 196
13 197
14 20
14 38
14 40
14 53
14 99
14 100
14 102
14 118
14 134
14 153
14 168
14 179
14 181
14 189
14 195
14 199
15 36
15 55
15 56
15 69
15 74
15 79
15 80
15 84
15 113
15 129
15 153
15 165
15 166
15 176
15 178
15 183
15 190
15 192
16 23
16 29
16 30
16 39
16 71
16 81
16 116
16 125
16 126
16 143
16 148
16 149
16 154
16 156
16 164
16 165
16 180
16 187
16 193
17 18
17 22
17 27
17 28
17 35
17 40
17 45
17 48
17 51
17 67
17 68
17 69
17 72
17 105
17 111
17 116
17 127
17 129
17 138
17 172
17 178
17 188
17 192
18 19
18 22
18 37
18 42
18 66
18 74
18 85
18 91
18 98
18 108
18 137
18 143
18 156
18 161
18 172
18 187
18 196
19 87
19 93
19 95
19 104
19 108
19 114
19 126
19 141
19 153
19 174
19 180
19 189
19 190
19 195
20 38
20 47
20 50
20 55
20 59
20 73
20 76
20 84
20 87
20 99
20 106
20 109
20 118
20 147
20 153
20 172
20 173
20 178
21 22
21 33
21 42
21 74
21 78
21 93
21 98
21 117
21 124
21 141
21 145
21 160
21 171
21 176
21 188
21 195
22 37
22 39
22 50
22 59
22 106
22 109
22 113
22 126
22 128
22 130
22 131
22 141
22 145
22 169
22 174
22 199
23 39
23 45
23 46
23 52
23 60
23 61
23 66
23 67
23 74
23 85
23 91
23 126
23 130
23 134
23 135
23 137
23 163
23 179
23 180
23 187
24 32
24 45
24 61
24 68
24 75
24 78
24 85
24 88
24 128
24 137
24 138
24 141
24 148
24 154
24 184
25 47
25 48
25 59
25 71
25 97
25 111
25 112
25 118
25 120
25 136
25 151
25 166
25 191
25 192
26 29
26 35
26 38
26 51
26 65
26 120
26 121
26 127
26 131
26 133
26 137
26 141
26 159
26 172
26 176
26 193
27 43
27 54
27 66
27 74
27 110
27 143
27 148
27 154
27 163
27 169
27 171
27 192
28 39
28 41
28 43
28 68
28 88
28 100
28 112
28 128
28 138
28 139
28 142
28 143
28 144
28 152
28 162
28 174
28 179
28 184
28 187
29 39
29 41
29 47
29 48
29 52
29 61
29 64
29 67
29 69
29 70
29 83
29 97
29 103
29 123
29 124
29 126
29 131
29 132
29 141
29 145
29 175
29 178
29 179
29 184
29 192
29 193
29 194
30 31
30 32
30 56
30 57
30 60
30 61
30 74
30 76
30 79
30 89
30 100
30 103
30 110
30 121
30 123
30 128
30 140
30 144
30 180
30 188
31 37
31 38
31 48
31 58
31 60
31 63
31 83
31 96
31 122
31 126
31 128
31 139
31 147
31 155
31 158
31 165
31 167
31 169
31 194
32 73
32 118
32 119
32 120
32 129
32 142
32 146
32 166
33 53
33 59
33 63
33 68
33 69
33 71
33 123
33 131
33 140
33 141
33 144
33 145
33 160
33 192
33 193
34 42
34 46
34 47
34 54
34 58
34 78
34 87
34 133
34 142
34 157
34 160
34 162
34 167
34 185
34 187
34 189
35 36
35 38
35 42
35 55
35 56
35 80
35 95
35 139
35 151
35 152
35 164
35 168
35 169
35 175
35 194
36 37
36 69
36 72
36 73
36 79
36 99
36 104
36 106
36 109
36 113
36 131
36 133
36 180
36 185
37 57
37 62
37 65
37 84
37 90
37 98
37 127
37 143
37 151
37 170
37 178
37 184
38 55
38 72
38 82
38 83
38 92
38 113
38 133
38 136
38 139
38 142
38 145
38 146
38 159
38 164
38 166
38 178
38 181
38 183
38 189
39 40
39 68
39 77
39 81
39 94
39 124
39 139
39 142
39 154
39 165
39 178
39 183
39 196
40 47
40 48
40 52
40 61
40 80
40 85
40 87
40 92
40 96
40 97
40 98
40 104
40 115
40 126
40 134
40 147
40 152
40 156
40 174
40 187
40 195
41 61
41 65
41 72
41 87
41 99
41 118
41 123
41 129
41 137
41 144
41 146
41 158
41 160
41 167
41 180
41 181
41 186
42 50
42 56
42 66
42 70
42 74
42 75
42 97
42 106
42 113
42 121
42 122
42 135
42 148
42 155
42 159
42 194
42 196
43 44
43 53
43 61
43 69
43 72
43 75
43 105
43 112
43 118
43 134
43 151
43 155
43 162
43 171
43 175
43 180
43 182
44 77
44 79
44 95
44 102
44 107
44 113
44 116
44 129
44 154
44 165
44 178
44 193
44 195
45 66
45 85
45 91
45 98
45 102
45 105
45 111
45 116
45 125
45 132
45 146
45 152
45 181
45 184
46 51
46 55
46 66
46 87
46 89
46 92
46 108
46 136
46 139
46 153
46 154
46 175
46 181
46 188
47 73
47 83
47 93
47 96
47 104
47 120
47 129
47 143
47 160
47 180
47 188
47 189
47 193
48 72
48 94
48 99
48 101
48 125
48 158
48 167
48 175
48 178
48 187
48 194
49 53
49 67
49 68
49 72
49 83
49 122
49 129
49 140
49 160
49 161
49 165
49 187
49 196
50 56
50 70
50 98
50 102
50 104
50 108
50 120
50 125
50 151
50 152
50 164
50 166
50 172
50 191
50 198
51 60
51 68
51 74
51 75
51 88
51 90
51 95
51 108
51 110
51 129
51 132
51 138
51 149
51 166
51 174
51 194
52 53
52 55
52 63
52 77
52 90
52 96
52 98
52 104
52 112
52 121
52 122
52 142
52 144
52 169
52 173
52 177
52 178
52 197
53 86
53 92
53 117
53 121
53 125
53 135
53 137
53 141
53 142
53 151
53 153
53 161
53 166
53 179
53 186
54 64
54 92
54 118
54 127
54 155
54 158
54 192
54 194
55 84
55 88
55 100
55 128
55 132
55 138
55 139
55 152
55 159
55 168
55 175
56 58
56 59
56 72
56 96
56 126
56 136
56 139
56 151
56 158
56 160
56 163
56 165
56 167
56 172
56 173
56 175
57 59
57 69
57 74
57 81
57 100
57 103
57 112
57 170
57 192
58 60
58 72
58 93
58 104
58 127
58 145
58 152
58 159
58 161
58 164
58 193
59 61
59 64
59 74
59 79
59 84
59 91
59 104
59 109
59 113
59 114
59 119
59 123
59 129
59 145
59 152
59 154
59 165
59 170
59 172
59 179
59 180
59 181
59 187
59 198
60 88
60 122
60 129
60 152
60 187
60 190
60 191
61 65
61 78
61 80
61 93
61 105
61 122
61 124
61 125
61 126
61 143
61 151
61 159
61 160
61 175
61 181
61 187
61 193
62 64
62 73
62 78
62 82
62 104
62 109
62 110
62 118
62 119
62 127
62 134
62 151
62 155
62 156
62 159
62 174
62 193
63 66
63 81
63 88
63 97
63 129
63 132
63 166
63 173
63 185
63 197
64 65
64 90
64 92
64 93
64 99
64 103
64 112
64 114
64 119
64 123
64 124
64 131
64 143
64 145
64 196
65 71
65 101
65 103
65 107
65 127
65 140
65 157
65 163
65 196
66 74
66 76
66 87
66 88
66 90
66 99
66 103
66 112
66 125
66 133
66 139
66 140
66 171
66 179
66 181
66 188
66 190
67 82
67 108
67 116
67 130
67 138
67 142
67 177
67 183
67 187
67 190
68 71
68 79
68 90
68 94
68 112
68 114
68 120
68 127
68 128
68 129
68 130
68 137
68 141
68 153
68 165
68 190
68 191
68 198
69 86
69 109
69 125
69 140
69 174
69 178
69 183
69 187
69 191
69 196
70 77
70 95
70 119
70 127
70 130
70 150
70 156
70 182
70 192
71 75
71 81
71 94
71 99
71 121
71 122
71 125
71 126
71 135
71 143
71 147
71 161
71 167
71 169
71 171
71 174
71 196
71 197
72 80
72 95
72 147
72 148
72 149
72 170
72 173
72 195
73 100
73 105
73 108
73 120
73 121
73 127
73 129
73 142
73 153
73 154
73 157
73 161
73 172
73 178
73 183
73 195
73 196
74 78
74 83
74 86
74 106
74 116
74 120
74 125
74 128
74 164
74 169
74 170
74 185
75 78
75 87
75 88
75 92
75 97
75 103
75 108
75 110
75 123
75 125
75 126
75 146
75 153
75 157
75 163
75 174
75 183
75 191
75 198
76 86
76 87
76 93
76 108
76 116
76 144
76 167
76 171
76 177
76 179
76 184
76 188
76 189
77 79
77 84
77 91
77 94
77 105
77 106
77 128
77 144
77 152
77 169
77 178
77 191
77 196
77 199
78 85
78 104
78 128
78 130
78 155
78 156
78 176
78 181
78 184
78 189
79 82
79 83
79 105
79 139
79 147
79 160
79 164
79 168
79 170
79 181
79 185
80 107
80 110
80 112
80 138
80 144
80 145
80 151
80 153
80 154
80 164
80 168
80 170
80 173
80 174
80 177
81 99
81 109
81 114
81 116
81 123
81 131
81 168
81 169
81 170
81 171
81 172
81 180
81 183
82 90
82 103
82 110
82 116
82 131
82 133
82 154
82 172
82 183
82 188
83 95
83 111
83 116
83 120
83 123
83 129
83 146
83 153
83 156
83 172
83 173
83 176
83 178
83 184
83 185
83 191
83 198
84 116
84 134
84 139
84 144
84 150
84 168
84 174
84 176
84 184
85 109
85 122
85 128
85 141
85 145
85 148
85 151
85 168
85 176
85 186
85 195
85 196
86 87
86 90
86 93
86 112
86 121
86 128
86 152
86 156
86 157
86 163
86 175
86 179
86 181
86 190
86 197
87 91
87 95
87 96
87 98
87 105
87 110
87 115
87 116
87 123
87 155
87 165
87 168
87 177
87 190
88 103
88 123
88 137
88 158
88 161
88 162
88 166
88 180
88 181
88 197
88 199
89 92
89 108
89 121
89 139
89 140
89 145
89 147
89 151
89 164
89 171
89 178
89 184
89 192
89 194
89 196
90 104
90 106
90 112
90 123
90 126
90 147
90 151
90 161
90 175
90 183
90 186
90 188
91 98
91 109
91 119
91 131
91 140
91 149
91 165
91 179
91 180
91 184
91 188
92 107
92 111
92 121
92 129
92 132
92 135
92 147
92 152
92 158
92 164
92 189
93 122
93 127
93 138
93 146
93 193
94 120
94 161
94 180
94 182
94 197
95 108
95 111
95 131
95 134
95 138
95 140
95 159
95 162
95 169
95 172
95 181
95 186
95 189
95 193
96 99
96 101
96 129
96 133
96 144
96 145
96 146
96 154
96 175
96 178
96 191
96 194
96 198
97 138
97 141
97 157
97 159
97 169
97 175
97 178
97 190
98 116
98 141
98 155
98 174
98 175
98 183
98 188
99 116
99 140
99 145
99 152
100 139
100 141
100 151
100 187
101 106
101 110
101 132
101 141
101 153
101 160
101 170
101 190
102 112
102 116
102 147
102 148
102 165
102 167
103 112
103 116
103 137
103 152
103 153
103 159
103 185
103 196
103 199
104 128
104 148
104 159
104 160
104 165
104 172
104 184
105 110
105 118
105 119
105 128
105 129
105 145
105 146
105 147
105 154
105 163
105 166
105 177
105 184
105 187
105 191
105 192
105 199
106 115
106 126
106 131
106 133
106 142
106 148
106 153
106 169
106 172
106 173
106 191
106 196
107 117
107 126
107 135
107 151
107 153
107 155
107 157
107 161
107 162
107 173
107 177
107 186
107 188
107 189
108 110
108 116
108 143
108 154
108 156
108 157
108 159
108 190
108 194
109 115
109 132
109 138
109 147
109 148
109 158
109 160
109 166
109 169
109 173
109 182
110 122
110 133
110 140
110 142
110 144
110 148
110 150
110 159
110 161
110 169
111 116
111 127
111 130
111 134
111 138
111 139
111 158
111 160
111 182
111 185
111 192
111 197
112 126
112 133
112 138
112 143
112 145
112 155
112 156
112 160
112 161
112 171
112 179
113 148
113 158
113 164
113 178
113 179
113 182
113 188
114 121
114 127
114 136
114 141
114 144
114 145
114 149
114 159
114 186
114 189
114 192
114 195
114 197
115 122
115 128
115 143
115 148
115 150
115 166
115 171
115 182
115 197
115 198
116 121
116 128
116 137
116 153
116 158
116 169
116 185
116 191
117 125
117 134
117 141
117 144
117 147
117 173
117 189
118 122
118 126
118 133
118 144
118 154
118 158
118 160
118 162
118 166
118 179
118 182
118 188
118 199
119 144
119 145
119 158
119 161
119 163
119 166
119 171
119 176
119 186
119 188
120 130
120 131
120 155
120 159
120 160
120 167
120 170
120 171
120 177
120 178
120 181
120 185
121 134
121 148
121 149
121 152
121 161
122 127
122 142
122 148
122 151
122 152
122 158
122 178
122 181
122 183
123 149
123 156
123 186
124 152
124 153
124 154
124 164
124 165
124 166
124 168
124 169
124 180
124 199
125 129
125 130
125 148
125 155
125 158
125 179
125 195
125 199
126 148
126 155
126 175
126 179
126 187
127 162
127 166
127 167
127 172
127 173
127 175
127 187
128 138
128 152
128 156
128 165
128 166
128 175
128 176
128 192
128 195
128 196
129 143
129 172
129 181
129 183
130 143
130 146
130 161
130 162
130 164
130 183
131 137
131 138
131 161
131 164
131 191
131 198
132 136
132 149
132 183
132 187
132 196
133 160
133 169
133 174
134 137
134 139
134 143
134 166
134 198
135 145
135 153
135 169
135 176
135 191
136 151
136 166
136 183
136 193
136 195
137 169
137 171
137 172
137 175
137 179
137 186
137 191
137 197
138 139
138 144
138 162
138 197
139 151
139 161
139 162
139 163
140 142
140 144
140 150
140 160
140 177
140 193
141 143
141 146
141 152
141 168
141 170
141 194
141 195
141 198
142 160
142 169
142 170
142 188
143 147
143 155
143 156
143 160
143 164
143 167
143 168
143 177
143 178
143 197
144 151
144 159
144 167
144 169
144 171
144 180
144 182
144 188
144 196
145 166
145 181
145 190
145 191
145 192
145 194
145 199
146 178
147 170
147 173
147 179
147 186
147 187
147 190
147 191
148 187
148 192
148 199
149 154
149 159
149 165
149 170
150 160
150 167
150 172
150 176
150 177
150 183
151 165
151 199
152 182
152 183
152 185
152 191
152 194
153 173
153 193
153 195
154 155
154 166
154 170
154 183
154 187
155 159
155 173
155 185
156 173
156 174
156 185
156 197
156 198
157 161
157 190
158 178
158 199
159 160
159 166
159 176
159 184
160 163
160 168
160 169
160 194
161 164
161 170
161 178
161 190
161 193
162 191
162 192
163 164
163 180
163 185
163 192
163 193
164 166
164 171
164 182
164 198
165 168
165 187
165 189
165 193
165 197
166 168
166 177
166 182
166 188
167 168
168 181
168 183
168 186
168 187
168 191
168 192
168 197
169 185
170 173
170 187
171 183
171 184
171 189
171 191
171 198
171 199
172 185
172 187
172 197
173 197
173 199
174 180
174 187
174 192
175 176
175 177
175 188
175 196
176 179
176 185
177 182
177 197
178 180
178 185
178 196
178 199
179 187
179 191
179 196
180 194
180 196
180 197
181 184
181 188
182 185
182 191
184 185
184 187
186 187
186 196
187 188
188 195
190 192
190 199
192 194
192 197
192 198
192 199
194 197
196 198
