0 2
0 26
0 29
0 32
0 41
0 43
0 62
0 71
0 77
0 115
0 125
0 132
0 134
0 157
0 160
0 164
0 176
0 182
0 183
0 190
0 195
0 198
1 5
1 9
1 10
1 21
1 23
1 26
1 46
1 48
1 52
1 60
1 63
1 64
1 65
1 67
1 70
1 76
1 83
1 86
1 90
1 91
1 92
1 93
1 109
1 116
1 127
1 145
1 147
1 150
1 156
1 159
1 161
1 165
1 172
1 173
1 189
1 196
2 14
2 18
2 20
2 30
2 31
2 37
2 49
2 50
2 53
2 61
2 62
2 73
2 75
2 87
2 98
2 102
2 105
2 128
2 138
2 141
2 147
2 151
2 172
2 173
2 176
2 189
2 195
2 198
3 10
3 13
3 16
3 17
3 20
3 24
3 27
3 42
3 46
3 52
3 56
3 60
3 69
3 70
3 71
3 81
3 88
3 98
3 99
3 102
3 105
3 109
3 115
3 125
3 130
3 132
3 136
3 138
3 140
3 142
3 148
3 154
3 156
3 160
3 164
3 166
3 170
3 172
3 175
3 183
3 189
3 190
3 193
4 7
4 11
4 14
4 16
4 21
4 24
4 25
4 29
4 36
4 39
4 53
4 61
4 77
4 81
4 83
4 89
4 92
4 107
4 108
4 118
4 119
4 120
4 121
4 128
4 134
4 139
4 141
4 142
4 150
4 153
4 167
4 171
4 172
4 173
4 182
4 185
4 198
5 18
5 23
5 30
5 35
5 52
5 65
5 70
5 73
5 85
5 89
5 102
5 105
5 107
5 110
5 117
5 132
5 138
5 149
5 153
5 170
5 173
5 181
5 192
5 194
6 13
6 17
6 21
6 30
6 33
6 37
6 41
6 45
6 47
6 55
6 91
6 93
6 100
6 105
6 109
6 118
6 120
6 137
6 149
6 155
6 156
6 159
6 173
6 185
6 186
6 197
7 11
7 23
7 28
7 38
7 40
7 41
7 44
7 46
7 59
7 61
7 64
7 66
7 69
7 70
7 71
7 82
7 85
7 110
7 115
7 120
7 143
7 161
7 171
7 185
8 13
8 31
8 32
8 40
8 52
8 63
8 64
8 65
8 78
8 79
8 83
8 85
8 86
8 90
8 95
8 99
8 108
8 113
8 122
8 123
8 128
8 134
8 137
8 138
8 141
8 145
8 152
8 153
8 155
8 158
8 159
8 162
8 172
8 178
8 179
8 180
8 183
8 185
8 188
8 190
8 191
8 195
9 10
9 12
9 15
9 16
9 17
9 24
9 32
9 34
9 40
9 57
9 58
9 61
9 69
9 72
9 80
9 82
9 105
9 115
9 118
9 120
9 123
9 127
9 128
9 133
9 134
9 145
9 152
9 163
9 165
9 168
9 170
9 180
9 183
9 187
9 194
9 198
10 13
10 34
10 56
10 60
10 102
10 105
10 108
10 115
10 123
10 126
10 132
10 148
10 155
10 162
10 163
10 174
10 179
10 185
10 186
10 197
11 17
11 20
11 23
11 39
11 42
11 47
11 49
11 52
11 56
11 61
11 65
11 66
11 84
11 85
11 92
11 93
11 98
11 105
11 108
11 112
11 121
11 122
11 123
11 132
11 147
11 168
11 171
11 172
11 183
11 190
11 191
11 195
12 20
12 39
12 60
12 63
12 64
12 68
12 72
12 73
12 81
12 87
12 91
12 94
12 118
12 127
12 131
12 133
12 153
12 156
12 158
12 167
12 178
12 189
12 194
12 197
12 199
13 14
13 15
13 17
13 23
13 25
13 27
13 37
13 51
13 55
13 66
13 85
13 86
13 91
13 92
13 96
13 103
13 114
13 123
13 137
13 151
13 157
13 159
13 177
13 198
14 16
14 22
14 25
14 27
14 29
14 37
14 40
14 43
14 52
14 72
14 75
14 89
14 103
14 106
14 119
14 120
14 124
14 129
14 132
14 134
14 141
14 142
14 156
14 158
14 167
14 168
14 169
14 170
14 171
14 184
14 188
14 199
15 25
15 33
15 39
15 43
15 45
15 53
15 57
15 59
15 64
15 75
15 81
15 90
15 93
15 98
15 102
15 107
15 110
15 111
15 121
15 124
15 137
15 153
15 154
15 169
15 183
15 186
15 189
15 195
16 28
16 31
16 36
16 41
16 51
16 54
16 59
16 66
16 67
16 76
16 88
16 101
16 106
16 110
16 111
16 112
16 120
16 133
16 136
16 140
16 147
16 148
16 150
16 160
16 181
16 184
16 185
16 187
16 189
17 19
17 24
17 26
17 31
17 33
17 35
17 46
17 47
17 51
17 61
17 62
17 64
17 67
17 68
17 74
17 90
17 93
17 97
17 107
17 120
17 130
17 149
17 150
17 159
17 162
17 166
17 167
17 170
17 177
17 185
17 187
17 194
18 23
18 31
18 33
18 53
18 70
18 74
18 76
18 92
18 96
18 101
18 110
18 116
18 122
18 124
18 125
18 137
18 142
18 149
18 173
18 177
18 186
18 191
19 20
19 27
19 42
19 45
19 50
19 55
19 72
19 78
19 79
19 87
19 91
19 95
19 96
19 105
19 107
19 108
19 120
19 121
19 131
19 140
19 151
19 160
19 164
19 168
19 172
19 178
19 180
19 183
19 196
20 22
20 29
20 37
20 41
20 44
20 52
20 53
20 59
20 66
20 67
20 85
20 89
20 91
20 103
20 111
20 115
20 116
20 136
20 147
20 162
20 165
20 174
20 188
21 38
21 41
21 46
21 53
21 62
21 77
21 79
21 84
21 85
21 89
21 95
21 111
21 123
21 124
21 136
21 145
21 157
21 162
21 184
21 191
21 193
22 24
22 26
22 27
22 40
22 43
22 45
22 55
22 58
22 59
22 61
22 62
22 67
22 68
22 83
22 85
22 90
22 94
22 96
22 101
22 110
22 115
22 120
22 128
22 130
22 139
22 140
22 145
22 151
22 152
22 157
22 164
22 168
22 178
22 180
22 184
22 196
23 25
23 32
23 35
23 37
23 46
23 49
23 62
23 67
23 70
23 75
23 76
23 77
23 79
23 80
23 93
23 97
23 98
23 105
23 112
23 116
23 127
23 128
23 133
23 140
23 144
23 147
23 149
23 185
24 29
24 30
24 42
24 64
24 65
24 71
24 76
24 96
24 99
24 101
24 104
24 120
24 122
24 129
24 151
24 162
24 163
24 167
24 176
24 177
24 186
24 195
25 42
25 44
25 55
25 64
25 66
25 73
25 84
25 94
25 102
25 109
25 111
25 119
25 121
25 123
25 124
25 131
25 132
25 133
25 139
25 140
25 141
25 142
25 148
25 151
25 152
25 159
25 163
25 167
25 171
25 174
26 27
26 43
26 44
26 50
26 53
26 54
26 55
26 62
26 69
26 88
26 89
26 91
26 100
26 106
26 107
26 111
26 113
26 120
26 121
26 134
26 156
26 166
26 174
26 179
26 180
26 185
26 189
27 28
27 39
27 40
27 55
27 57
27 88
27 111
27 113
27 115
27 118
27 127
27 136
27 142
27 148
27 152
27 154
27 156
27 160
27 167
27 168
27 177
27 179
27 181
27 184
28 31
28 39
28 49
28 51
28 74
28 77
28 90
28 98
28 100
28 102
28 106
28 110
28 111
28 118
28 120
28 125
28 128
28 135
28 140
28 144
28 149
28 150
28 162
28 163
28 177
28 180
28 188
29 34
29 40
29 52
29 54
29 69
29 73
29 88
29 109
29 115
29 124
29 131
29 135
29 142
29 158
29 162
29 174
29 175
29 184
29 191
30 35
30 42
30 49
30 50
30 53
30 58
30 65
30 68
30 80
30 81
30 84
30 101
30 103
30 106
30 113
30 117
30 119
30 121
30 122
30 123
30 124
30 127
30 137
30 145
30 148
30 149
30 151
30 153
30 154
30 160
30 163
30 165
30 166
30 169
30 170
30 174
30 176
31 39
31 42
31 43
31 46
31 55
31 65
31 75
31 81
31 94
31 99
31 105
31 111
31 122
31 133
31 141
31 143
31 151
31 155
31 159
31 160
31 175
31 183
31 188
31 197
32 36
32 43
32 54
32 55
32 58
32 59
32 60
32 71
32 75
32 77
32 82
32 107
32 109
32 114
32 117
32 123
32 124
32 126
32 131
32 135
32 142
32 163
32 164
32 169
32 192
32 199
33 36
33 39
33 42
33 47
33 56
33 57
33 58
33 81
33 95
33 101
33 103
33 104
33 109
33 110
33 115
33 122
33 126
33 134
33 139
33 141
33 144
33 146
33 155
33 172
33 177
33 193
33 194
34 40
34 46
34 48
34 56
34 57
34 58
34 59
34 64
34 67
34 82
34 98
34 102
34 103
34 105
34 106
34 109
34 111
34 112
34 117
34 125
34 142
34 143
34 154
34 160
34 174
34 179
34 188
34 190
35 37
35 39
35 46
35 48
35 60
35 67
35 71
35 80
35 100
35 107
35 111
35 122
35 131
35 139
35 142
35 152
35 155
35 166
35 170
35 172
35 175
35 176
35 179
35 182
35 190
35 193
36 41
36 43
36 51
36 52
36 58
36 62
36 69
36 77
36 79
36 96
36 99
36 106
36 113
36 115
36 121
36 131
36 132
36 134
36 135
36 136
36 153
36 159
36 192
36 199
37 48
37 51
37 52
37 60
37 74
37 77
37 93
37 102
37 104
37 109
37 112
37 118
37 128
37 136
37 144
37 147
37 150
37 158
37 163
37 164
37 177
37 178
37 180
37 181
37 186
37 188
37 195
37 197
38 41
38 44
38 45
38 47
38 52
38 56
38 60
38 63
38 64
38 65
38 74
38 85
38 88
38 92
38 95
38 98
38 102
38 113
38 140
38 150
38 152
38 154
38 159
38 172
38 180
38 186
38 188
39 48
39 51
39 52
39 63
39 86
39 87
39 91
39 92
39 96
39 101
39 104
39 106
39 116
39 118
39 120
39 126
39 129
39 137
39 144
39 146
39 150
39 165
39 171
39 173
39 174
39 177
39 186
39 190
40 45
40 53
40 54
40 68
40 75
40 81
40 82
40 87
40 95
40 98
40 103
40 110
40 112
40 127
40 136
40 141
40 148
40 157
40 158
40 164
40 165
40 167
40 168
40 169
40 189
40 195
41 42
41 54
41 61
41 64
41 66
41 67
41 73
41 86
41 101
41 111
41 118
41 123
41 130
41 136
41 153
41 162
41 172
41 173
41 178
41 184
41 187
41 197
41 199
42 43
42 54
42 56
42 71
42 77
42 80
42 85
42 109
42 111
42 119
42 128
42 137
42 144
42 170
42 186
42 188
42 195
42 196
43 50
43 55
43 56
43 67
43 68
43 96
43 113
43 123
43 132
43 144
43 147
43 165
43 169
43 183
43 188
43 191
43 196
43 198
44 49
44 62
44 64
44 69
44 70
44 71
44 72
44 74
44 77
44 88
44 106
44 113
44 118
44 136
44 137
44 141
44 144
44 147
44 149
44 150
44 152
44 157
44 161
44 167
44 181
44 183
44 184
44 185
44 193
45 54
45 61
45 62
45 63
45 65
45 69
45 74
45 78
45 79
45 81
45 89
45 97
45 102
45 116
45 125
45 127
45 148
45 152
45 157
45 165
45 167
45 168
45 183
45 187
45 197
46 53
46 55
46 56
46 66
46 86
46 87
46 88
46 113
46 114
46 122
46 130
46 136
46 152
46 162
46 163
46 169
46 181
46 188
46 193
46 199
47 65
47 73
47 86
47 109
47 115
47 122
47 134
47 148
47 151
47 169
47 184
47 195
48 49
48 53
48 54
48 55
48 74
48 75
48 82
48 91
48 93
48 110
48 116
48 130
48 142
48 143
48 144
48 149
48 154
48 159
48 160
48 163
48 165
48 169
48 192
48 194
48 197
49 52
49 60
49 62
49 64
49 74
49 84
49 89
49 94
49 99
49 106
49 111
49 117
49 128
49 139
49 140
49 146
49 159
49 166
49 168
49 170
49 176
49 180
49 184
49 188
49 192
49 197
50 52
50 64
50 65
50 68
50 70
50 85
50 86
50 90
50 91
50 92
50 93
50 106
50 107
50 112
50 115
50 119
50 120
50 146
50 166
50 194
50 195
50 197
51 55
51 60
51 85
51 88
51 90
51 91
51 95
51 98
51 101
51 107
51 113
51 114
51 122
51 125
51 133
51 143
51 145
51 155
51 157
51 160
51 162
51 172
51 194
51 197
52 55
52 60
52 74
52 77
52 88
52 102
52 106
52 111
52 113
52 118
52 125
52 145
52 146
52 160
52 165
52 166
52 171
52 174
52 178
52 185
52 186
52 191
52 195
53 64
53 89
53 100
53 103
53 106
53 107
53 123
53 128
53 131
53 137
53 141
53 143
53 148
53 166
53 171
53 176
53 178
53 179
53 180
53 190
54 70
54 76
54 85
54 89
54 90
54 101
54 113
54 126
54 141
54 142
54 159
54 189
54 195
55 61
55 81
55 83
55 102
55 120
55 124
55 129
55 130
55 138
55 147
55 151
55 154
55 156
55 157
55 167
55 176
55 182
55 185
56 57
56 63
56 76
56 87
56 91
56 92
56 99
56 112
56 115
56 125
56 133
56 137
56 142
56 149
56 154
56 160
56 161
56 164
56 165
56 167
56 170
56 171
56 181
56 193
56 196
57 70
57 71
57 78
57 79
57 94
57 97
57 106
57 113
57 119
57 131
57 139
57 143
57 145
57 146
57 155
57 163
57 167
57 176
57 178
57 181
57 187
58 69
58 73
58 83
58 108
58 112
58 116
58 125
58 137
58 143
58 144
58 146
58 151
58 155
58 168
58 173
58 191
58 192
59 60
59 73
59 80
59 82
59 96
59 98
59 100
59 103
59 110
59 123
59 155
59 175
59 183
59 187
59 188
59 193
60 69
60 85
60 88
60 97
60 98
60 124
60 130
60 135
60 143
60 146
60 155
60 156
60 167
60 168
60 174
60 186
60 197
60 198
61 69
61 73
61 81
61 90
61 102
61 108
61 115
61 132
61 134
61 141
61 147
61 154
61 165
61 166
61 173
61 178
61 190
61 192
62 65
62 71
62 77
62 83
62 89
62 98
62 101
62 104
62 106
62 109
62 123
62 134
62 140
62 149
62 151
62 153
62 157
62 171
62 176
62 179
62 194
63 71
63 74
63 77
63 89
63 95
63 97
63 123
63 131
63 132
63 139
63 140
63 162
63 163
63 166
63 173
63 187
63 197
63 198
64 65
64 68
64 69
64 75
64 76
64 84
64 85
64 88
64 105
64 113
64 124
64 137
64 144
64 146
64 151
64 156
64 158
64 161
64 178
64 179
64 191
64 193
65 69
65 78
65 80
65 88
65 101
65 104
65 106
65 108
65 118
65 139
65 145
65 147
65 158
65 159
65 161
65 162
65 165
65 169
65 177
65 179
65 183
65 193
66 67
66 68
66 72
66 76
66 77
66 83
66 91
66 93
66 96
66 103
66 107
66 110
66 114
66 116
66 128
66 133
66 140
66 152
66 163
66 164
66 165
66 167
66 180
66 194
66 196
66 198
67 69
67 80
67 92
67 94
67 99
67 101
67 116
67 118
67 123
67 124
67 135
67 150
67 151
67 153
67 154
67 158
67 160
67 162
67 165
67 170
67 177
67 186
67 190
67 193
68 70
68 71
68 75
68 77
68 78
68 83
68 94
68 103
68 105
68 118
68 119
68 140
68 141
68 153
68 154
68 166
68 174
68 179
68 185
68 194
69 73
69 91
69 94
69 112
69 131
69 136
69 142
69 144
69 147
69 153
69 160
69 176
69 183
69 193
69 194
70 74
70 77
70 81
70 90
70 95
70 96
70 104
70 117
70 118
70 122
70 124
70 126
70 131
70 139
70 148
70 150
70 157
70 177
70 187
70 194
70 199
71 73
71 81
71 83
71 96
71 101
71 108
71 110
71 112
71 119
71 138
71 142
71 148
71 151
71 158
71 161
71 166
72 84
72 100
72 129
72 131
72 134
72 154
72 158
72 177
72 181
72 182
72 191
73 75
73 101
73 110
73 123
73 134
73 135
73 136
73 147
73 153
73 157
73 161
73 172
73 173
73 187
73 199
74 90
74 96
74 99
74 104
74 112
74 128
74 131
74 135
74 136
74 142
74 155
74 167
74 169
74 180
74 183
74 189
74 194
74 196
74 199
75 78
75 92
75 103
75 112
75 116
75 117
75 120
75 122
75 125
75 127
75 157
75 174
75 175
76 79
76 90
76 95
76 98
76 104
76 105
76 106
76 113
76 114
76 128
76 137
76 141
76 144
76 155
76 161
76 169
76 174
76 177
76 181
76 184
76 189
76 191
77 79
77 91
77 96
77 99
77 103
77 107
77 112
77 113
77 115
77 117
77 127
77 128
77 133
77 136
77 138
77 140
77 162
77 169
77 189
77 191
78 84
78 91
78 97
78 98
78 107
78 109
78 110
78 122
78 125
78 130
78 138
78 142
78 155
78 166
78 169
78 173
78 178
78 185
78 188
78 191
78 193
79 83
79 85
79 97
79 99
79 100
79 107
79 109
79 127
79 139
79 152
79 154
79 155
79 171
79 172
79 174
79 177
79 181
79 187
79 190
79 196
80 102
80 107
80 138
80 139
80 143
80 148
80 151
80 164
80 168
80 170
80 173
80 176
80 178
80 189
80 190
80 192
80 193
81 83
81 84
81 89
81 98
81 103
81 109
81 120
81 121
81 125
81 130
81 131
81 135
81 149
81 154
81 174
81 181
81 187
81 195
81 197
82 84
82 89
82 92
82 97
82 105
82 111
82 117
82 121
82 142
82 147
82 153
82 172
82 180
82 181
82 183
82 191
82 195
82 199
83 91
83 123
83 137
83 138
83 140
83 150
83 163
83 166
83 179
83 184
83 194
83 198
84 96
84 131
84 132
84 148
84 154
84 158
84 173
84 177
84 180
84 181
84 185
84 186
85 88
85 96
85 97
85 110
85 116
85 124
85 131
85 133
85 137
85 148
85 162
85 168
85 171
85 182
85 195
86 99
86 100
86 103
86 107
86 117
86 120
86 138
86 153
86 158
86 168
86 176
86 184
86 196
87 91
87 104
87 105
87 106
87 114
87 116
87 121
87 123
87 127
87 129
87 150
87 151
87 152
87 161
87 162
87 178
87 179
87 181
87 190
87 194
87 199
88 90
88 92
88 103
88 106
88 125
88 127
88 128
88 132
88 139
88 143
88 150
88 165
88 170
88 186
88 188
89 96
89 99
89 106
89 111
89 118
89 122
89 126
89 130
89 136
89 137
89 143
89 144
89 145
89 149
89 150
89 159
89 161
89 164
89 168
89 173
89 176
89 197
90 94
90 97
90 98
90 108
90 111
90 116
90 120
90 129
90 135
90 138
90 142
90 143
90 159
90 161
90 163
90 167
90 179
90 185
90 190
90 199
91 107
91 110
91 115
91 117
91 120
91 133
91 136
91 156
91 164
91 168
91 169
91 171
91 180
91 186
91 188
91 193
91 196
92 93
92 109
92 124
92 134
92 158
92 159
92 193
92 199
93 97
93 102
93 116
93 121
93 125
93 130
93 155
93 161
93 172
93 178
93 181
93 185
93 189
94 102
94 109
94 126
94 133
94 142
94 144
94 158
94 159
94 164
94 165
94 172
94 175
94 182
94 187
94 188
95 100
95 104
95 108
95 112
95 115
95 123
95 124
95 126
95 136
95 145
95 147
95 149
95 158
95 162
95 165
95 177
95 187
95 188
95 191
96 103
96 126
96 140
96 148
96 155
96 166
96 167
96 192
96 195
97 107
97 115
97 123
97 133
97 137
97 138
97 140
97 160
97 164
97 166
97 173
97 177
97 181
97 184
97 185
97 190
97 195
98 109
98 110
98 115
98 118
98 121
98 125
98 129
98 133
98 147
98 153
98 155
98 158
98 159
98 160
98 173
98 174
98 176
98 177
98 179
98 180
98 182
98 184
98 188
98 198
99 100
99 104
99 109
99 112
99 120
99 125
99 131
99 146
99 187
99 191
99 193
100 120
100 121
100 133
100 142
100 150
100 160
100 171
100 173
100 176
100 180
100 182
100 183
100 196
100 199
101 106
101 108
101 118
101 123
101 124
101 125
101 133
101 141
101 146
101 165
101 174
101 175
101 176
101 183
101 189
101 193
101 197
102 105
102 110
102 129
102 136
102 142
102 148
102 149
102 153
102 155
102 159
102 161
102 169
102 189
102 198
103 105
103 127
103 138
103 144
103 147
103 153
103 163
103 176
103 187
103 189
103 190
103 191
104 112
104 118
104 124
104 129
104 130
104 131
104 135
104 139
104 163
104 166
104 175
104 181
104 182
104 184
104 185
104 187
104 191
104 195
104 197
104 198
105 106
105 108
105 113
105 114
105 121
105 122
105 125
105 127
105 140
105 141
105 148
105 154
105 160
105 163
105 164
105 173
105 178
105 180
105 185
105 188
105 189
105 191
106 107
106 134
106 141
106 156
106 158
106 161
106 191
106 199
107 108
107 124
107 125
107 135
107 148
107 150
107 154
107 160
107 172
107 173
107 178
107 180
107 183
107 191
107 193
107 196
108 115
108 147
108 155
108 158
108 162
108 168
108 169
108 174
108 175
108 189
108 191
109 112
109 117
109 122
109 132
109 133
109 139
109 143
109 146
109 148
109 161
109 167
109 171
109 179
109 189
109 190
109 191
110 113
110 115
110 121
110 138
110 152
110 161
110 174
110 175
110 183
110 192
110 197
110 199
111 112
111 124
111 130
111 133
111 138
111 145
111 148
111 154
111 166
111 167
111 172
111 176
111 181
111 184
111 191
112 114
112 120
112 124
112 137
112 142
112 145
112 149
112 150
112 151
112 160
112 163
112 178
112 184
112 197
113 114
113 123
113 127
113 130
113 131
113 142
113 145
113 148
113 150
113 152
113 160
113 165
113 166
113 170
113 174
113 179
113 187
113 188
113 189
113 191
113 195
114 133
114 140
114 146
114 149
114 150
114 157
114 192
115 134
115 162
115 172
115 174
115 186
115 187
116 119
116 121
116 124
116 129
116 143
116 146
116 152
116 154
116 155
116 159
116 163
116 164
116 168
116 185
116 188
116 192
116 197
117 124
117 130
117 134
117 140
117 144
117 146
117 158
117 159
117 161
117 163
117 176
117 178
117 183
118 121
118 127
118 136
118 138
118 152
118 157
118 163
118 170
118 181
118 187
119 124
119 125
119 131
119 138
119 148
119 151
119 162
119 168
119 169
119 179
119 186
119 188
119 194
120 135
120 138
120 147
120 158
120 162
120 165
120 170
120 178
120 180
120 184
121 126
121 142
121 149
121 158
121 177
121 192
121 193
122 125
122 131
122 136
122 137
122 153
122 156
122 158
122 159
122 165
122 175
122 181
122 186
122 188
123 134
123 139
123 146
123 147
123 167
123 173
123 174
123 179
123 185
123 188
123 195
124 148
124 159
124 173
124 176
124 178
124 183
124 186
124 195
124 196
125 132
125 133
125 155
125 156
125 162
125 169
125 174
125 176
125 178
125 181
125 195
126 146
126 151
126 175
126 176
127 128
127 133
127 136
127 141
127 142
127 150
127 157
127 159
127 164
127 180
127 183
127 184
127 185
128 129
128 156
128 162
128 163
128 167
128 171
128 176
128 180
128 182
128 184
129 140
129 141
129 146
129 149
129 153
129 163
129 165
129 166
129 168
129 171
129 176
129 178
129 180
129 185
129 187
129 192
129 193
129 196
130 138
130 140
130 144
130 157
130 158
130 181
130 187
130 198
131 148
131 169
131 170
131 171
131 181
131 185
131 191
132 177
132 178
132 180
132 182
132 184
132 198
132 199
133 143
133 149
133 151
133 154
133 156
133 164
133 173
133 180
133 183
133 188
133 191
133 193
133 195
134 149
134 153
134 158
134 162
134 178
134 183
134 185
134 189
135 152
135 161
135 192
135 196
135 198
136 141
136 146
136 149
136 157
136 160
136 163
136 169
136 186
136 190
136 199
137 150
137 152
137 155
137 159
137 168
137 182
137 185
138 143
138 149
138 151
138 156
138 160
138 161
138 168
138 180
138 193
138 198
139 152
139 154
139 167
139 170
139 172
139 179
140 141
140 144
140 145
140 147
140 148
140 151
140 167
140 174
140 176
140 184
140 193
141 148
141 150
141 152
141 170
141 174
141 190
141 192
141 196
142 166
142 171
142 172
142 177
142 187
142 190
142 193
142 198
143 165
143 166
143 167
143 177
143 180
143 185
144 146
144 156
144 160
144 161
144 166
144 173
144 175
145 154
145 159
145 161
145 164
145 168
145 172
145 175
145 184
145 196
145 197
145 199
146 157
146 163
146 167
146 170
146 174
146 188
146 191
147 151
147 156
147 163
147 170
147 183
147 188
147 192
147 196
148 171
148 175
148 176
148 178
148 189
148 190
148 191
148 197
149 154
149 159
149 164
149 168
149 172
149 181
149 182
150 151
150 161
150 176
150 181
150 182
150 191
151 164
151 179
151 190
151 195
152 171
153 155
153 158
153 174
153 176
153 178
153 194
154 155
154 164
154 177
154 181
154 195
154 196
154 199
155 168
155 186
155 189
155 190
156 168
156 174
156 189
156 193
156 197
157 159
157 168
157 178
157 186
157 188
158 160
158 169
158 171
158 177
158 182
158 188
159 160
159 164
159 173
159 176
159 185
159 188
160 169
160 184
160 186
160 196
161 170
161 171
161 175
161 187
161 188
162 164
162 174
162 177
162 182
162 186
162 193
162 194
162 197
163 165
163 169
163 175
163 199
164 182
164 184
164 191
165 169
165 170
165 183
165 189
166 169
166 177
166 191
166 196
166 197
166 198
167 169
167 177
167 180
167 196
168 169
168 170
168 176
168 189
168 192
169 175
169 187
169 195
169 196
169 197
170 174
170 175
170 177
170 186
170 190
171 177
171 179
171 180
171 187
171 193
171 199
172 175
172 190
172 191
172 192
173 174
173 178
173 184
173 189
174 178
174 195
174 199
175 180
175 185
176 178
176 181
176 191
176 194
176 198
177 190
177 194
178 185
178 195
178 199
179 183
179 192
180 183
181 184
182 184
182 188
182 192
182 196
182 199
183 189
183 193
183 195
184 188
184 190
184 192
184 197
185 199
186 191
186 194
187 193
188 191
188 192
189 190
189 191
189 199
190 193
190 194
196 197
197 199
198 199
