0 8
0 13
0 29
0 35
0 38
0 48
0 66
0 70
0 71
0 81
0 92
0 93
0 100
0 111
0 120
0 129
0 138
0 144
0 157
0 159
0 163
0 175
0 183
0 189
0 192
0 199
1 4
1 18
1 22
1 51
1 60
1 68
1 76
1 79
1 82
1 90
1 95
1 99
1 154
1 157
1 160
1 167
1 190
1 193
2 13
2 30
2 35
2 50
2 61
2 66
2 68
2 87
2 97
2 105
2 106
2 124
2 130
2 138
2 155
2 157
2 158
2 170
2 178
2 183
2 189
2 197
3 30
3 35
3 38
3 41
3 87
3 101
3 102
3 103
3 106
3 112
3 129
3 132
3 144
3 156
3 158
3 163
3 166
3 191
3 192
4 13
4 16
4 56
4 57
4 79
4 97
4 103
4 115
4 120
4 144
4 154
4 155
4 162
4 179
4 185
4 193
5 16
5 24
5 26
5 30
5 52
5 58
5 61
5 73
5 75
5 88
5 89
5 100
5 107
5 125
5 148
5 154
5 176
6 8
6 13
6 28
6 39
6 51
6 61
6 63
6 64
6 66
6 76
6 80
6 83
6 108
6 120
6 121
6 137
6 138
6 161
6 171
6 180
6 181
6 184
7 25
7 31
7 34
7 49
7 57
7 79
7 87
7 90
7 92
7 102
7 112
7 120
7 136
7 154
7 156
7 163
7 170
7 171
7 185
7 186
7 195
7 197
8 9
8 12
8 21
8 23
8 31
8 39
8 40
8 43
8 45
8 52
8 54
8 79
8 82
8 87
8 88
8 91
8 92
8 93
8 101
8 102
8 138
8 155
8 162
8 167
8 170
8 184
8 196
9 28
9 30
9 34
9 41
9 46
9 52
9 61
9 77
9 78
9 80
9 85
9 101
9 108
9 127
9 147
9 152
9 186
10 18
10 25
10 27
10 33
10 35
10 41
10 44
10 69
10 78
10 80
10 83
10 85
10 111
10 120
10 122
10 132
10 142
10 143
10 148
10 152
10 161
10 170
10 180
10 181
10 189
10 198
11 32
11 38
11 39
11 56
11 89
11 91
11 115
11 140
11 144
11 168
11 173
11 177
11 181
11 189
12 24
12 35
12 37
12 63
12 75
12 88
12 121
12 127
12 145
12 147
12 148
12 170
12 174
12 178
12 186
12 190
12 194
13 30
13 37
13 75
13 79
13 84
13 87
13 91
13 98
13 101
13 153
13 155
13 157
13 168
13 192
14 21
14 65
14 75
14 79
14 81
14 88
14 99
14 108
14 117
14 125
14 135
14 150
14 154
14 166
14 179
14 185
14 198
15 25
15 32
15 33
15 55
15 94
15 97
15 104
15 111
15 114
15 131
15 132
15 152
15 162
15 170
15 188
16 19
16 23
16 30
16 33
16 42
16 57
16 59
16 65
16 73
16 88
16 91
16 94
16 110
16 125
16 126
16 130
16 132
16 169
17 19
17 24
17 39
17 46
17 58
17 81
17 85
17 87
17 93
17 115
17 120
17 132
17 142
17 146
17 190
18 21
18 31
18 43
18 54
18 66
18 70
18 82
18 91
18 118
18 119
18 125
18 134
18 160
18 165
18 166
18 170
18 174
18 184
18 185
19 55
19 61
19 65
19 78
19 102
19 125
19 131
19 134
19 144
19 170
19 171
19 180
19 189
20 26
20 35
20 40
20 42
20 55
20 56
20 57
20 70
20 77
20 84
20 93
20 95
20 97
20 104
20 110
20 112
20 121
20 128
20 146
20 158
20 159
20 166
20 172
20 188
20 194
21 38
21 67
21 104
21 117
21 125
21 128
21 152
21 174
21 179
21 181
21 187
21 191
21 195
21 199
22 28
22 54
22 59
22 60
22 76
22 80
22 89
22 95
22 109
22 110
22 121
22 137
22 167
22 169
22 176
22 195
22 199
23 40
23 49
23 74
23 109
23 110
23 112
23 135
23 162
23 178
23 191
24 43
24 51
24 62
24 104
24 115
24 132
24 170
24 175
24 176
24 187
24 198
25 47
25 53
25 67
25 78
25 119
25 124
25 127
25 147
25 167
25 171
25 178
25 190
26 58
26 59
26 61
26 62
26 65
26 68
26 69
26 70
26 78
26 81
26 93
26 107
26 108
26 124
26 125
26 172
26 177
26 179
26 181
26 191
26 199
27 31
27 52
27 56
27 64
27 66
27 77
27 102
27 105
27 107
27 124
27 135
27 141
27 144
27 146
27 160
27 170
27 171
27 173
28 34
28 53
28 68
28 78
28 85
28 89
28 102
28 129
28 150
28 154
28 162
28 178
28 179
28 185
28 198
28 199
29 43
29 64
29 65
29 66
29 78
29 83
29 97
29 100
29 103
29 112
29 126
29 137
29 142
29 152
29 174
29 184
29 190
29 195
29 199
30 32
30 34
30 37
30 44
30 112
30 119
30 121
30 122
30 143
30 153
30 158
30 160
30 188
30 199
31 56
31 77
31 90
31 98
31 105
31 115
31 117
31 130
31 135
31 141
31 142
31 154
31 177
31 197
32 34
32 59
32 60
32 66
32 71
32 92
32 98
32 101
32 103
32 129
32 137
32 168
32 193
32 198
32 199
33 41
33 47
33 64
33 68
33 74
33 90
33 106
33 113
33 118
33 120
33 134
33 135
33 140
33 142
33 148
33 160
33 165
33 186
34 60
34 64
34 71
34 82
34 91
34 97
34 107
34 126
34 140
34 142
34 143
34 148
34 154
34 164
34 170
34 171
34 183
34 185
34 198
35 37
35 44
35 47
35 50
35 57
35 63
35 80
35 91
35 99
35 100
35 107
35 119
35 132
35 139
35 141
35 143
35 147
35 154
35 166
35 169
35 180
35 191
36 58
36 67
36 101
36 110
36 114
36 134
36 147
36 152
36 178
36 181
37 38
37 39
37 66
37 68
37 70
37 72
37 80
37 86
37 89
37 95
37 110
37 135
37 157
37 174
37 179
37 183
37 184
38 41
38 43
38 60
38 76
38 83
38 95
38 99
38 119
38 132
38 134
38 146
38 147
38 150
38 155
38 185
39 42
39 44
39 69
39 71
39 87
39 112
39 113
39 152
39 153
39 156
39 158
39 171
39 172
39 184
40 61
40 63
40 67
40 68
40 71
40 79
40 80
40 93
40 103
40 122
40 161
40 168
40 183
40 184
40 192
40 198
41 47
41 53
41 61
41 70
41 73
41 81
41 82
41 93
41 98
41 105
41 107
41 113
41 117
41 127
41 129
41 135
41 143
41 151
41 166
41 190
41 196
42 49
42 65
42 69
42 86
42 126
42 134
42 140
42 144
42 154
42 157
42 169
42 173
42 181
42 188
42 193
42 197
43 47
43 52
43 78
43 79
43 104
43 113
43 115
43 116
43 121
43 123
43 139
43 157
43 170
43 180
43 192
44 92
44 103
44 123
44 139
44 157
44 158
44 159
44 173
44 174
44 176
44 182
44 192
44 199
45 50
45 63
45 79
45 95
45 100
45 103
45 104
45 113
45 121
45 126
45 142
45 151
45 165
45 168
45 173
45 177
46 48
46 54
46 82
46 89
46 93
46 96
46 106
46 125
46 127
46 131
46 134
46 146
46 148
46 152
46 161
46 182
46 187
46 195
46 198
47 55
47 62
47 64
47 65
47 73
47 100
47 101
47 152
47 155
47 158
47 159
47 171
47 172
47 173
47 184
47 190
47 195
48 58
48 63
48 84
48 85
48 92
48 137
48 139
48 159
48 169
48 175
48 176
48 180
48 185
48 187
49 55
49 88
49 100
49 128
49 139
49 156
49 158
49 170
49 189
49 192
50 68
50 69
50 70
50 88
50 93
50 97
50 128
50 130
50 141
50 147
50 151
50 187
50 198
51 72
51 80
51 94
51 102
51 107
51 112
51 123
51 129
51 133
51 146
51 147
51 162
51 164
51 168
51 171
51 182
52 55
52 60
52 63
52 72
52 84
52 97
52 98
52 106
52 110
52 116
52 117
52 144
52 145
52 163
52 176
52 181
52 184
52 197
53 55
53 75
53 80
53 97
53 106
53 129
53 130
53 146
53 169
53 179
53 192
54 68
54 101
54 106
54 108
54 112
54 126
54 134
54 157
54 162
54 165
54 171
54 177
54 180
54 184
54 188
54 197
55 79
55 83
55 92
55 119
55 143
55 147
55 151
55 165
55 183
55 194
55 197
56 64
56 69
56 70
56 86
56 96
56 133
56 134
56 135
56 142
56 146
56 160
56 166
56 199
57 62
57 67
57 68
57 80
57 88
57 89
57 93
57 98
57 100
57 106
57 111
57 112
57 118
57 122
57 127
57 157
57 162
57 173
57 177
57 179
57 184
57 187
57 193
57 194
58 68
58 72
58 81
58 92
58 121
58 124
58 148
58 166
58 167
58 168
58 171
58 175
58 180
58 184
58 187
58 199
59 62
59 66
59 71
59 72
59 75
59 78
59 81
59 85
59 93
59 97
59 102
59 103
59 105
59 107
59 113
59 131
59 138
59 141
59 154
59 165
59 168
59 181
59 190
60 74
60 86
60 93
60 98
60 100
60 102
60 110
60 125
60 130
60 134
60 165
60 173
60 186
61 67
61 70
61 92
61 103
61 119
61 137
61 138
61 139
61 149
61 161
61 164
61 193
62 65
62 74
62 83
62 104
62 118
62 136
62 165
62 178
62 179
62 184
62 186
63 70
63 72
63 84
63 87
63 103
63 112
63 128
63 130
63 132
63 148
63 169
63 184
64 78
64 82
64 85
64 86
64 88
64 98
64 105
64 108
64 114
64 115
64 117
64 124
64 128
64 136
64 142
64 158
64 174
64 194
65 85
65 91
65 95
65 102
65 105
65 107
65 117
65 135
65 173
65 177
65 185
65 194
66 77
66 85
66 94
66 104
66 128
66 129
66 143
66 184
66 190
66 195
67 72
67 96
67 100
67 110
67 117
67 122
67 131
67 139
67 148
67 152
67 156
67 165
67 169
67 174
67 183
67 184
67 186
67 189
67 197
68 86
68 88
68 105
68 106
68 116
68 119
68 120
68 126
68 146
68 166
68 173
68 175
68 178
68 180
68 188
68 191
68 199
69 75
69 92
69 97
69 104
69 122
69 131
69 144
69 146
69 156
69 160
69 168
69 192
70 96
70 99
70 101
70 112
70 113
70 131
70 132
70 149
70 154
70 157
70 171
70 181
70 191
70 194
70 195
71 114
71 128
71 130
71 142
71 145
71 152
71 158
71 159
71 160
71 167
71 169
71 172
71 195
72 79
72 91
72 93
72 101
72 133
72 146
72 163
73 82
73 86
73 90
73 100
73 105
73 112
73 123
73 134
73 137
73 138
73 140
73 147
73 153
73 163
73 177
73 188
74 76
74 82
74 107
74 113
74 129
74 152
74 157
74 167
74 168
74 183
74 188
75 84
75 89
75 98
75 108
75 116
75 134
75 141
75 146
75 163
75 169
75 174
75 175
75 178
75 179
76 82
76 90
76 172
76 183
76 187
76 189
77 91
77 94
77 97
77 103
77 105
77 106
77 113
77 114
77 152
77 188
77 191
77 196
77 197
78 99
78 102
78 111
78 132
78 135
78 141
78 142
78 171
78 176
78 179
79 81
79 109
79 110
79 111
79 116
79 135
79 150
79 152
79 154
79 159
79 160
79 164
79 165
80 90
80 93
80 103
80 137
80 141
80 160
80 185
80 187
81 95
81 96
81 102
81 109
81 125
81 129
81 134
81 193
81 195
82 86
82 99
82 103
82 110
82 115
82 121
82 149
82 183
82 188
82 193
83 90
83 106
83 107
83 126
83 142
83 157
83 163
83 188
83 190
83 195
83 198
84 94
84 106
84 108
84 109
84 116
84 152
84 157
84 172
84 179
84 184
84 186
85 94
85 112
85 133
85 141
85 143
85 152
85 159
85 162
85 177
85 178
85 179
85 186
85 199
86 88
86 90
86 108
86 109
86 123
86 135
86 143
86 147
86 158
86 179
86 199
87 88
87 97
87 104
87 113
87 114
87 131
87 145
87 155
87 157
87 183
87 185
87 194
87 199
88 94
88 96
88 158
88 163
88 167
88 174
88 190
89 96
89 111
89 129
89 134
89 137
89 148
89 155
89 158
89 168
89 174
89 183
89 185
90 125
90 141
90 145
90 167
90 169
90 178
91 96
91 115
91 144
91 171
91 184
91 187
91 192
92 102
92 106
92 115
92 134
92 136
92 145
92 160
92 165
92 169
92 173
92 177
92 183
92 195
93 132
93 145
93 146
93 148
93 169
93 182
93 190
93 199
94 110
94 116
94 120
94 123
94 126
94 132
94 133
94 145
94 188
94 189
94 194
95 96
95 100
95 106
95 115
95 121
95 123
95 124
95 136
95 163
95 166
95 181
95 183
95 199
96 98
96 114
96 119
96 136
96 143
96 144
96 164
96 167
96 169
96 191
96 196
97 111
97 125
97 129
97 139
97 147
97 157
97 184
98 99
98 138
98 147
98 180
98 185
98 186
98 189
98 190
99 113
99 116
99 123
99 127
99 143
99 144
99 153
99 154
99 156
99 173
99 192
99 198
100 109
100 118
100 128
100 132
100 135
100 140
100 162
100 171
100 172
100 191
101 104
101 106
101 112
101 113
101 126
101 137
101 164
101 167
101 178
101 185
102 112
102 133
102 155
102 159
102 168
102 171
102 197
103 109
103 140
103 145
103 159
103 167
103 179
103 182
103 183
103 184
104 107
104 114
104 118
104 119
104 126
104 130
104 142
104 183
104 193
104 197
104 199
105 106
105 107
105 108
105 119
105 120
105 136
105 137
105 142
105 162
105 177
106 123
106 143
106 146
106 147
106 162
106 184
106 187
107 110
107 119
107 144
107 147
107 151
107 155
107 189
108 118
108 123
108 143
108 154
108 177
108 179
108 196
109 118
109 120
109 124
109 142
109 157
109 161
109 164
109 167
109 182
109 183
109 193
109 196
110 144
110 146
110 151
110 152
110 155
110 158
110 165
110 173
111 115
111 130
111 132
111 137
111 152
111 170
111 185
111 187
111 193
112 155
112 182
112 191
113 129
113 144
113 148
113 149
113 152
113 153
113 162
113 170
114 120
114 122
114 141
114 158
114 167
114 168
114 175
114 178
114 179
114 185
114 195
115 121
115 142
115 143
115 146
115 162
115 188
116 125
116 131
116 135
116 161
116 173
116 178
116 181
116 185
116 186
116 189
116 193
116 197
117 135
117 137
117 143
117 144
117 167
117 187
117 192
118 119
118 126
118 127
118 136
118 145
118 151
118 155
118 198
119 181
119 182
119 193
119 194
120 133
120 147
120 150
120 171
120 176
120 180
121 147
121 148
121 149
121 158
121 174
121 183
121 192
121 198
122 129
122 133
122 143
122 146
122 165
122 166
122 176
122 182
122 184
122 185
122 197
123 130
123 132
123 134
123 135
123 139
123 145
123 151
123 157
123 158
123 159
123 171
123 183
124 167
125 129
125 135
125 148
125 164
125 165
125 183
125 188
125 189
125 190
125 197
126 127
126 128
126 130
126 140
126 154
126 164
126 171
126 186
126 190
126 194
127 134
127 179
127 181
127 187
128 132
128 135
128 145
128 156
128 159
128 164
128 172
129 145
129 168
129 171
130 164
130 167
130 168
130 173
130 189
130 195
130 199
131 142
131 150
131 155
131 156
131 184
131 189
131 194
132 140
132 144
132 145
132 151
132 167
132 168
132 169
132 172
132 184
133 146
133 156
133 157
133 164
133 168
133 176
133 187
133 193
134 158
134 165
134 180
134 196
134 198
135 136
135 148
135 155
135 168
135 188
136 140
136 163
136 164
136 182
136 189
136 195
137 144
137 148
137 179
137 197
137 199
138 139
138 142
138 143
138 153
138 155
138 165
138 180
138 193
138 194
138 195
138 196
139 147
139 156
139 158
139 163
139 181
139 185
139 187
140 152
140 154
140 165
140 175
140 189
141 155
141 161
141 167
141 168
141 172
141 177
141 181
142 146
142 155
142 176
142 181
142 184
142 187
142 191
142 195
142 196
143 153
143 157
143 167
143 172
143 179
143 182
143 192
143 195
144 148
144 156
144 159
144 165
144 175
144 182
144 196
145 179
145 181
145 184
145 186
145 198
146 148
146 165
146 169
146 182
146 195
147 150
147 156
147 162
147 172
147 183
147 185
147 187
147 193
147 199
148 149
148 164
148 182
148 187
149 168
149 169
149 174
149 179
149 182
149 183
149 192
150 156
150 174
150 184
150 189
150 192
150 193
150 194
151 153
151 157
151 175
151 197
152 162
152 168
152 198
153 166
153 173
153 182
153 183
153 196
154 175
154 183
154 186
154 195
155 157
155 158
155 176
155 179
155 199
156 163
156 178
156 185
156 186
156 193
157 168
157 172
157 184
157 199
158 160
158 175
158 185
159 162
159 182
159 189
160 172
160 197
160 198
161 179
161 197
162 194
163 168
163 171
163 174
163 190
164 174
164 177
164 187
164 199
165 168
165 191
166 177
166 180
166 181
166 187
167 178
167 184
167 187
167 189
168 175
168 191
169 175
169 192
170 177
171 179
171 182
171 185
171 186
172 175
172 179
172 196
173 185
173 187
173 192
173 196
174 179
175 176
175 192
175 196
176 194
177 183
177 185
177 194
177 195
178 184
178 188
179 191
179 198
180 187
180 195
182 187
183 190
184 195
184 197
185 193
185 195
185 199
186 187
187 195
187 196
188 190
188 199
189 193
190 193
193 194
196 197
