0 7
0 12
0 15
0 35
0 38
0 44
0 48
0 63
0 82
0 96
0 107
0 110
0 123
0 145
0 161
0 167
0 173
0 190
0 193
0 196
1 8
1 9
1 22
1 23
1 56
1 67
1 75
1 88
1 98
1 102
1 108
1 110
1 111
1 112
1 120
1 139
1 140
1 142
1 151
1 155
1 157
1 185
1 192
1 196
2 30
2 41
2 49
2 56
2 105
2 117
2 126
2 137
2 154
2 191
2 195
3 28
3 36
3 38
3 53
3 60
3 65
3 75
3 91
3 92
3 94
3 97
3 99
3 110
3 116
3 120
3 136
3 137
3 166
3 195
4 6
4 11
4 24
4 28
4 31
4 33
4 37
4 63
4 65
4 68
4 75
4 77
4 78
4 93
4 98
4 99
4 107
4 109
4 110
4 122
4 124
4 129
4 133
4 149
4 157
4 175
4 179
5 13
5 16
5 36
5 49
5 57
5 75
5 78
5 122
5 142
5 151
5 154
5 158
5 167
5 184
5 188
6 12
6 18
6 19
6 20
6 32
6 65
6 74
6 76
6 86
6 91
6 98
6 104
6 114
6 117
6 133
6 134
6 136
6 146
6 158
6 162
6 177
7 17
7 29
7 43
7 47
7 68
7 71
7 79
7 90
7 101
7 115
7 179
7 187
8 22
8 47
8 48
8 54
8 56
8 80
8 81
8 90
8 91
8 97
8 126
8 128
8 146
8 152
8 188
8 190
9 15
9 19
9 29
9 46
9 68
9 72
9 78
9 83
9 84
9 89
9 107
9 113
9 115
9 143
9 153
9 164
9 175
9 176
9 187
9 195
9 198
9 199
10 17
10 34
10 37
10 65
10 70
10 82
10 106
10 115
10 118
10 119
10 120
10 125
10 131
10 137
10 138
10 146
10 148
10 149
10 151
10 154
10 156
10 158
10 160
10 179
10 188
10 189
10 199
11 13
11 20
11 51
11 59
11 67
11 74
11 100
11 121
11 132
11 142
11 157
11 158
11 175
12 18
12 24
12 62
12 68
12 94
12 109
12 122
12 126
12 132
12 133
12 136
12 138
12 144
12 145
12 151
12 152
12 158
12 159
12 174
12 179
12 187
12 193
12 195
13 33
13 41
13 65
13 69
13 79
13 87
13 100
13 116
13 129
13 133
13 152
13 184
13 190
13 193
13 194
14 33
14 35
14 49
14 61
14 62
14 68
14 73
14 77
14 83
14 85
14 89
14 95
14 96
14 102
14 108
14 128
14 129
14 130
14 141
14 158
14 164
14 167
14 178
14 186
14 191
15 30
15 34
15 75
15 78
15 79
15 84
15 97
15 112
15 116
15 124
15 127
15 131
15 147
15 149
15 150
15 162
15 189
16 29
16 42
16 74
16 75
16 104
16 110
16 114
16 123
16 129
16 150
16 152
16 154
16 157
16 164
16 190
16 192
16 194
16 198
17 20
17 32
17 41
17 43
17 46
17 47
17 63
17 64
17 67
17 70
17 75
17 76
17 84
17 89
17 96
17 99
17 109
17 127
17 129
17 131
17 148
17 153
17 154
17 187
18 22
18 23
18 33
18 44
18 48
18 67
18 74
18 92
18 93
18 128
18 138
18 153
18 158
18 180
18 194
18 199
19 30
19 34
19 64
19 72
19 73
19 75
19 87
19 119
19 133
19 161
19 163
19 178
19 182
19 188
19 190
19 194
20 22
20 27
20 32
20 36
20 43
20 44
20 46
20 47
20 48
20 53
20 60
20 62
20 75
20 78
20 82
20 93
20 94
20 114
20 116
20 117
20 134
20 161
20 166
20 168
20 170
20 174
20 183
20 184
21 22
21 33
21 49
21 62
21 66
21 107
21 111
21 112
21 115
21 131
21 135
21 137
21 141
21 163
21 171
21 182
21 189
21 190
21 198
22 57
22 59
22 79
22 88
22 94
22 100
22 103
22 115
22 140
22 149
22 150
22 161
22 176
22 180
22 181
22 183
22 192
22 196
23 26
23 27
23 30
23 37
23 56
23 70
23 76
23 78
23 91
23 92
23 96
23 127
23 130
23 139
23 141
23 149
23 165
23 189
24 37
24 43
24 44
24 45
24 73
24 94
24 117
24 126
24 131
24 134
24 142
24 163
24 165
24 169
24 182
24 185
25 30
25 39
25 56
25 69
25 71
25 100
25 120
25 130
25 165
25 172
25 183
25 197
26 27
26 34
26 36
26 45
26 54
26 63
26 67
26 88
26 111
26 112
26 143
26 160
26 164
26 177
26 183
26 191
27 37
27 53
27 57
27 64
27 71
27 84
27 97
27 107
27 133
27 134
27 137
27 170
27 177
27 199
28 31
28 42
28 62
28 73
28 85
28 107
28 122
28 126
28 132
28 135
28 136
28 138
28 143
28 153
28 158
28 171
28 177
29 32
29 34
29 78
29 99
29 144
29 152
29 156
29 160
29 163
29 169
29 188
30 33
30 53
30 56
30 90
30 94
30 116
30 119
30 134
30 146
30 147
30 154
30 159
30 170
31 32
31 59
31 65
31 66
31 83
31 89
31 102
31 114
31 116
31 137
31 141
31 142
31 149
31 151
31 158
31 162
31 166
31 171
31 173
31 186
31 192
32 33
32 34
32 49
32 55
32 74
32 82
32 84
32 96
32 117
32 118
32 120
32 122
32 128
32 142
32 165
32 176
32 180
32 184
32 194
32 197
32 198
33 36
33 48
33 50
33 63
33 68
33 75
33 82
33 98
33 104
33 113
33 149
33 160
33 163
33 171
33 176
33 179
33 184
33 198
34 35
34 71
34 92
34 98
34 101
34 106
34 116
34 126
34 148
34 164
34 178
34 185
34 194
35 42
35 53
35 82
35 86
35 98
35 105
35 111
35 117
35 125
35 132
35 140
35 143
35 144
35 147
35 154
35 195
36 51
36 59
36 62
36 73
36 74
36 80
36 103
36 111
36 122
36 130
36 141
36 170
36 175
36 181
36 184
37 39
37 47
37 55
37 81
37 98
37 104
37 109
37 115
37 120
37 133
37 134
37 135
37 138
37 157
37 176
37 183
37 185
37 189
37 196
37 198
38 53
38 56
38 72
38 98
38 99
38 102
38 120
38 121
38 132
38 162
38 177
38 187
39 51
39 52
39 82
39 104
39 120
39 155
39 160
39 163
39 165
39 173
39 185
39 190
39 195
39 198
40 41
40 46
40 50
40 68
40 101
40 111
40 114
40 116
40 139
40 148
40 159
40 180
40 183
40 190
41 44
41 48
41 59
41 73
41 79
41 84
41 90
41 105
41 117
41 123
41 127
41 128
41 133
41 141
41 149
41 156
41 161
41 167
41 171
41 176
42 70
42 73
42 90
42 98
42 104
42 119
42 139
42 149
42 174
42 177
42 191
43 63
43 66
43 96
43 97
43 98
43 100
43 121
43 132
43 135
43 151
43 168
43 189
43 192
43 194
43 195
44 52
44 56
44 58
44 62
44 65
44 89
44 93
44 97
44 99
44 115
44 118
44 147
44 148
44 162
44 174
44 184
44 191
45 48
45 51
45 53
45 61
45 70
45 104
45 106
45 137
45 143
45 149
45 150
45 152
45 159
45 164
45 182
45 198
46 47
46 54
46 118
46 132
46 166
46 181
46 184
46 185
46 194
46 197
47 61
47 63
47 67
47 71
47 74
47 82
47 85
47 97
47 122
47 171
47 173
47 183
47 192
47 198
48 50
48 59
48 62
48 71
48 87
48 96
48 100
48 111
48 118
48 137
49 57
49 66
49 71
49 73
49 82
49 92
49 94
49 100
49 114
49 125
49 128
49 139
49 142
49 165
49 182
49 198
50 69
50 90
50 107
50 116
50 123
50 126
50 140
50 146
50 163
50 168
50 195
50 197
50 198
51 56
51 60
51 77
51 79
51 84
51 103
51 120
51 135
51 137
51 144
51 151
51 155
51 196
52 58
52 65
52 70
52 73
52 76
52 101
52 112
52 129
52 130
52 145
52 159
52 162
52 168
52 177
52 178
52 192
52 197
53 76
53 78
53 88
53 92
53 109
53 128
53 129
53 137
53 144
53 149
53 159
53 161
53 166
53 189
53 195
53 199
54 65
54 105
54 110
54 124
54 137
54 146
54 159
54 167
54 168
54 175
55 71
55 85
55 103
55 122
55 129
55 132
55 139
55 151
55 153
55 159
55 166
55 170
55 174
56 58
56 63
56 72
56 75
56 93
56 94
56 95
56 115
56 144
56 172
56 180
56 184
56 188
56 192
56 198
57 60
57 63
57 64
57 75
57 80
57 89
57 113
57 120
57 131
57 157
57 169
57 180
57 182
57 189
57 197
58 59
58 89
58 103
58 117
58 159
58 170
58 176
59 63
59 72
59 80
59 82
59 83
59 105
59 115
59 129
59 131
59 134
59 153
59 154
59 169
59 177
59 178
59 180
59 181
59 184
59 194
59 196
59 198
59 199
60 97
60 109
60 114
60 123
60 127
60 134
60 152
60 156
60 162
60 163
60 168
60 173
60 181
60 182
60 183
60 188
61 72
61 73
61 75
61 83
61 92
61 110
61 122
61 124
61 130
61 136
61 172
61 192
61 198
62 81
62 86
62 95
62 99
62 139
62 146
62 152
62 173
62 179
62 187
62 191
63 71
63 72
63 80
63 87
63 98
63 113
63 119
63 121
63 138
63 143
63 151
63 152
63 156
63 166
63 181
64 66
64 78
64 94
64 97
64 106
64 109
64 111
64 144
64 147
64 156
64 158
64 160
64 185
64 186
64 188
64 194
65 81
65 101
65 102
65 136
65 178
65 181
66 77
66 88
66 92
66 102
66 108
66 118
66 123
66 128
66 138
66 152
66 156
66 168
66 189
66 197
67 80
67 87
67 92
67 93
67 97
67 112
67 114
67 115
67 132
67 147
67 149
67 181
67 187
68 78
68 84
68 89
68 90
68 92
68 94
68 95
68 108
68 129
68 134
68 152
68 155
68 163
68 193
68 199
69 71
69 74
69 81
69 85
69 87
69 88
69 106
69 116
69 121
69 127
69 139
69 140
69 142
69 161
69 163
69 164
69 168
69 189
69 191
70 77
70 81
70 83
70 98
70 107
70 115
70 135
70 163
70 191
71 77
71 99
71 101
71 108
71 114
71 116
71 119
71 149
71 160
71 161
71 169
71 178
71 184
71 185
71 186
71 188
71 189
71 192
71 194
71 196
71 199
72 79
72 85
72 95
72 108
72 111
72 120
72 126
72 132
72 153
72 155
72 158
72 171
72 179
72 184
72 189
73 85
73 86
73 88
73 100
73 110
73 117
73 118
73 129
73 146
73 159
73 176
73 190
74 76
74 78
74 87
74 95
74 96
74 100
74 105
74 107
74 115
74 147
74 148
74 159
74 167
74 172
74 184
74 186
75 76
75 82
75 83
75 102
75 108
75 114
75 116
75 118
75 145
75 147
75 187
76 86
76 92
76 93
76 95
76 114
76 132
76 161
76 166
76 173
76 177
77 96
77 102
77 121
77 123
77 142
77 148
77 154
77 155
77 159
77 182
77 189
78 89
78 100
78 107
78 113
78 138
78 147
78 155
78 163
78 170
78 180
78 181
78 190
78 191
79 91
79 96
79 109
79 148
79 166
79 169
79 170
79 172
79 174
79 188
79 197
80 84
80 88
80 90
80 95
80 111
80 112
80 117
80 125
80 133
80 136
80 139
80 145
80 165
80 171
80 175
80 181
80 195
81 94
81 97
81 127
81 128
81 156
81 158
81 160
81 168
81 182
81 198
82 87
82 98
82 103
82 104
82 121
82 126
82 143
82 147
82 157
82 162
82 184
82 186
82 195
83 91
83 95
83 102
83 123
83 129
83 131
83 145
83 157
83 170
83 175
83 179
83 186
83 191
84 91
84 100
84 107
84 131
84 139
84 163
84 164
84 170
84 174
84 181
84 196
84 199
85 97
85 121
85 130
85 138
85 140
85 165
85 169
85 193
86 100
86 107
86 112
86 113
86 132
86 138
86 185
86 190
87 88
87 96
87 102
87 105
87 139
87 152
87 165
87 188
87 193
88 93
88 99
88 102
88 105
88 111
88 132
88 140
88 143
88 144
88 158
88 159
88 166
88 177
88 181
88 183
88 184
88 194
88 197
89 108
89 122
89 147
89 155
89 159
89 163
89 164
89 169
89 191
90 98
90 108
90 118
90 130
90 132
90 146
90 153
90 171
90 181
90 189
90 199
91 109
91 118
91 129
91 130
91 166
91 169
91 173
91 198
92 94
92 100
92 101
92 103
92 105
92 117
92 128
92 129
92 135
92 144
92 158
92 180
92 190
92 196
93 94
93 99
93 105
93 111
93 122
93 128
93 151
93 152
93 157
93 158
93 159
93 174
93 180
93 183
93 191
93 194
94 104
94 113
94 123
94 136
94 140
94 151
94 165
94 168
94 169
94 171
94 178
94 199
95 101
95 112
95 113
95 120
95 128
95 140
95 148
95 152
95 153
95 183
95 186
95 194
95 197
95 198
96 98
96 109
96 116
96 139
96 140
96 153
96 155
96 168
96 182
97 112
97 124
97 127
97 128
97 137
97 140
97 143
97 153
97 154
97 163
97 172
97 182
97 185
97 188
98 107
98 120
98 123
98 137
98 141
98 145
98 156
98 166
98 170
98 171
98 183
98 195
99 118
99 161
99 169
99 188
100 112
100 113
100 118
100 123
100 125
100 137
100 151
100 159
100 164
100 166
100 170
100 171
100 175
100 176
100 198
101 102
101 130
101 148
101 170
101 175
101 179
101 185
102 112
102 113
102 118
102 141
102 147
102 158
102 159
102 174
102 178
102 192
103 113
103 132
103 144
103 149
103 163
103 167
103 169
103 173
103 187
104 137
104 144
104 146
104 161
104 178
104 185
104 199
105 108
105 134
105 136
105 145
105 176
105 184
106 109
106 115
106 125
106 139
106 143
106 144
106 162
106 170
106 194
107 147
107 158
107 161
107 163
107 182
107 186
107 188
108 122
108 157
108 159
108 183
108 187
109 116
109 118
109 142
109 143
109 144
109 145
109 152
109 166
109 184
109 196
109 197
110 117
110 123
110 132
110 151
110 155
111 114
111 115
111 123
111 145
111 148
111 152
111 173
111 174
111 180
112 113
112 119
112 123
112 125
112 130
112 138
112 154
112 158
112 159
112 160
112 179
112 185
112 197
113 120
113 134
113 140
113 151
113 154
113 173
113 192
113 196
114 119
114 120
114 127
114 132
114 143
114 160
114 163
114 170
114 174
114 178
114 193
115 118
115 126
115 128
115 132
115 137
115 139
115 154
115 157
115 171
115 183
116 124
116 126
116 129
116 132
116 136
116 138
116 172
116 173
116 174
116 176
116 186
116 195
116 196
117 121
117 133
117 141
117 161
117 170
117 178
117 191
117 195
118 145
118 169
118 179
118 194
119 130
119 131
119 143
119 156
119 157
119 167
119 179
119 181
119 189
119 197
120 123
120 130
120 131
120 132
120 141
120 147
120 155
120 157
120 165
120 185
121 140
121 166
121 190
122 129
122 137
122 139
122 155
122 169
122 176
122 177
122 196
123 129
123 131
123 141
123 153
123 197
124 145
124 148
124 183
125 136
125 145
125 146
125 148
125 151
125 172
125 197
126 131
126 135
126 143
126 156
126 161
126 191
126 194
126 196
127 128
127 169
127 170
127 181
127 182
128 130
128 142
128 144
128 147
128 150
128 151
128 156
128 169
128 171
128 172
128 184
128 185
128 197
129 134
129 157
129 159
129 171
129 180
129 183
129 187
129 191
129 194
129 196
130 136
130 140
130 144
130 154
130 155
130 162
130 170
131 147
131 161
131 164
131 188
131 189
131 190
131 195
132 134
132 170
132 173
133 145
133 155
133 170
133 174
133 191
133 194
134 136
134 139
134 146
134 152
134 165
134 172
134 191
134 192
134 194
135 142
135 155
135 157
135 164
135 180
135 192
135 194
136 137
136 145
136 150
136 151
136 152
136 157
136 158
136 176
136 180
136 195
136 196
137 139
137 152
137 170
137 178
137 197
138 148
138 152
138 158
138 170
138 181
139 170
139 179
139 182
140 159
140 170
140 172
140 179
140 186
140 189
140 192
141 148
141 171
141 174
141 187
142 150
142 162
142 169
142 170
142 171
142 178
143 145
143 149
143 151
143 153
143 167
143 168
143 197
144 146
144 166
144 175
144 177
144 178
144 179
144 186
144 187
144 188
145 152
145 153
145 163
145 177
145 187
145 190
145 194
146 149
146 178
146 180
146 197
147 153
147 161
147 168
148 170
148 179
148 192
149 154
149 155
149 183
150 161
150 174
151 155
151 167
151 189
151 195
152 172
152 174
152 188
152 189
152 199
153 174
153 178
153 182
153 185
153 194
153 197
154 164
154 182
154 183
154 187
155 171
155 193
156 192
156 195
157 159
157 164
157 171
157 178
157 186
157 196
157 197
158 178
158 181
158 191
158 192
159 162
159 164
159 165
159 186
160 165
160 188
160 197
160 199
161 167
161 168
161 169
161 173
161 178
161 180
161 185
161 194
162 163
162 182
162 187
163 164
163 175
164 167
164 179
164 183
164 184
165 170
165 175
165 183
165 192
165 194
166 177
166 182
166 191
166 195
168 172
168 181
168 184
169 170
169 175
169 190
169 197
171 181
171 197
172 185
173 189
173 190
173 192
173 195
174 175
174 181
174 189
174 191
174 197
175 178
175 179
175 184
175 186
176 177
176 186
176 196
177 195
177 196
178 184
178 188
179 183
179 194
179 197
180 187
180 190
181 189
182 186
182 194
183 184
183 187
183 189
183 190
183 196
183 199
185 186
187 193
188 195
190 191
195 197
196 199
