0 5
0 26
0 38
0 45
0 69
0 72
0 81
0 96
0 106
0 111
0 124
0 133
0 143
0 183
0 197
1 18
1 22
1 43
1 47
1 63
1 76
1 78
1 80
1 83
1 94
1 95
1 103
1 127
1 133
1 149
1 162
1 164
1 167
1 173
1 196
2 16
2 36
2 39
2 48
2 58
2 65
2 71
2 95
2 105
2 136
2 144
2 151
2 161
2 178
3 7
3 10
3 17
3 43
3 50
3 53
3 58
3 62
3 69
3 73
3 74
3 77
3 83
3 107
3 108
3 136
3 140
3 163
3 171
3 174
3 182
3 193
4 6
4 27
4 36
4 41
4 57
4 61
4 63
4 67
4 73
4 80
4 83
4 85
4 103
4 115
4 116
4 126
4 129
4 141
4 147
4 158
4 169
4 182
4 189
4 193
5 16
5 59
5 71
5 75
5 76
5 91
5 99
5 103
5 104
5 115
5 126
5 134
5 137
5 138
5 139
5 145
5 154
5 162
5 163
5 167
5 170
5 176
5 189
5 198
6 7
6 27
6 33
6 48
6 58
6 63
6 64
6 87
6 91
6 92
6 111
6 120
6 129
6 130
6 131
6 141
6 144
6 147
6 155
6 160
6 164
6 169
6 172
6 183
6 191
7 16
7 19
7 40
7 54
7 76
7 116
7 120
7 123
7 124
7 128
7 131
7 135
7 144
7 155
7 174
7 178
7 179
7 186
7 197
8 13
8 27
8 28
8 44
8 50
8 59
8 68
8 74
8 97
8 103
8 115
8 135
8 145
9 28
9 33
9 34
9 47
9 54
9 60
9 62
9 65
9 69
9 70
9 72
9 101
9 106
9 108
9 113
9 121
9 130
9 132
9 148
9 158
9 159
9 163
9 164
10 16
10 27
10 45
10 47
10 53
10 63
10 78
10 80
10 99
10 122
10 145
10 148
10 178
10 193
11 17
11 55
11 60
11 71
11 83
11 123
11 136
11 140
11 145
11 146
11 151
11 152
11 153
11 161
11 179
11 184
12 44
12 68
12 70
12 84
12 89
12 94
12 98
12 106
12 109
12 119
12 124
12 127
12 129
12 131
12 133
12 144
12 147
12 158
12 167
12 198
13 20
13 33
13 44
13 46
13 48
13 64
13 65
13 67
13 73
13 75
13 81
13 89
13 103
13 107
13 134
13 150
13 169
13 170
13 185
13 190
13 191
14 47
14 53
14 76
14 82
14 86
14 91
14 97
14 105
14 107
14 108
14 115
14 148
14 168
14 172
14 182
14 189
14 191
14 198
15 18
15 21
15 29
15 33
15 39
15 49
15 113
15 118
15 141
15 155
15 162
15 171
15 176
15 181
15 185
15 194
16 59
16 87
16 94
16 97
16 106
16 107
16 114
16 122
16 131
16 143
16 147
16 155
16 156
16 160
16 177
16 199
17 21
17 22
17 27
17 28
17 29
17 36
17 42
17 44
17 62
17 71
17 80
17 87
17 95
17 117
17 150
17 160
17 199
18 38
18 40
18 43
18 45
18 46
18 49
18 60
18 62
18 64
18 117
18 118
18 123
18 150
18 152
18 157
18 160
18 165
18 166
18 176
18 177
18 185
19 24
19 41
19 48
19 49
19 83
19 85
19 93
19 116
19 117
19 129
19 136
19 153
19 158
19 159
19 169
19 172
19 176
19 181
20 26
20 38
20 80
20 120
20 127
20 132
20 136
20 155
20 162
20 163
20 167
20 180
20 187
20 199
21 32
21 38
21 61
21 82
21 87
21 91
21 100
21 123
21 143
21 147
21 158
21 166
21 179
21 185
21 199
22 29
22 34
22 43
22 46
22 52
22 90
22 116
22 133
22 135
22 136
22 147
22 148
22 149
22 156
22 157
22 164
22 176
22 178
23 24
23 27
23 28
23 51
23 59
23 66
23 69
23 94
23 105
23 106
23 110
23 115
23 123
23 137
23 144
23 160
23 161
23 162
23 167
23 174
23 175
23 190
24 30
24 43
24 48
24 53
24 58
24 67
24 74
24 82
24 87
24 119
24 128
25 30
25 38
25 43
25 50
25 58
25 75
25 110
25 113
25 115
25 123
25 127
25 131
25 155
25 156
25 161
25 173
25 193
25 195
26 30
26 36
26 75
26 120
26 148
26 166
26 169
26 196
27 34
27 36
27 43
27 54
27 65
27 75
27 89
27 90
27 97
27 98
27 120
27 122
27 136
27 139
27 156
27 166
27 172
27 186
27 190
27 199
28 30
28 36
28 40
28 43
28 48
28 102
28 109
28 111
28 112
28 118
28 133
28 139
28 160
28 162
28 164
28 172
28 189
28 196
28 199
29 52
29 53
29 75
29 93
29 95
29 99
29 122
29 124
29 135
29 139
29 143
29 146
29 153
29 170
29 187
29 189
30 36
30 47
30 52
30 55
30 63
30 64
30 75
30 86
30 96
30 103
30 107
30 108
30 112
30 125
30 127
30 165
30 170
30 174
30 185
30 187
31 34
31 52
31 57
31 64
31 71
31 81
31 92
31 97
31 100
31 101
31 102
31 109
31 124
31 127
31 137
31 150
31 160
31 169
31 198
32 38
32 44
32 75
32 78
32 82
32 90
32 95
32 104
32 106
32 113
32 118
32 136
32 140
32 164
32 187
32 189
32 194
33 34
33 35
33 38
33 50
33 53
33 92
33 94
33 125
33 133
33 152
33 154
33 193
33 196
34 38
34 83
34 85
34 89
34 94
34 121
34 143
34 154
34 163
34 164
34 191
34 192
34 197
34 198
35 44
35 49
35 68
35 113
35 157
35 158
35 164
35 168
35 171
35 183
35 184
35 189
35 191
36 42
36 48
36 60
36 70
36 77
36 86
36 91
36 94
36 98
36 101
36 106
36 153
36 161
36 163
36 185
36 193
37 43
37 45
37 82
37 85
37 107
37 112
37 116
37 129
37 130
37 132
37 146
37 148
37 161
37 163
37 186
38 40
38 72
38 99
38 117
38 138
38 139
38 146
38 157
38 166
38 169
38 174
38 188
38 196
39 46
39 49
39 98
39 103
39 112
39 116
39 118
39 119
39 122
39 138
39 149
39 150
39 164
39 169
39 172
39 190
39 198
40 43
40 47
40 50
40 65
40 69
40 70
40 76
40 84
40 100
40 117
40 118
40 124
40 127
40 130
40 144
40 160
40 161
40 163
40 189
40 191
41 44
41 53
41 72
41 75
41 95
41 99
41 100
41 103
41 106
41 121
41 126
41 133
41 154
41 157
41 160
41 161
41 164
41 170
41 197
41 198
42 46
42 60
42 61
42 78
42 83
42 91
42 98
42 105
42 114
42 132
42 160
42 162
43 44
43 45
43 64
43 68
43 94
43 100
43 113
43 114
43 131
43 133
43 141
43 159
43 168
43 174
43 176
43 181
44 58
44 68
44 84
44 88
44 106
44 108
44 115
44 116
44 130
44 131
44 132
44 157
44 162
44 172
44 175
44 184
45 56
45 77
45 101
45 102
45 103
45 105
45 112
45 117
45 134
45 157
45 158
45 160
45 170
45 174
45 175
45 183
45 185
45 190
45 196
46 71
46 77
46 84
46 124
46 126
46 134
46 165
46 170
46 171
46 176
46 178
46 181
47 50
47 55
47 65
47 78
47 79
47 80
47 85
47 86
47 92
47 106
47 124
47 138
47 148
47 161
47 175
47 190
47 192
48 63
48 70
48 81
48 98
48 100
48 111
48 114
48 122
48 131
48 137
48 144
48 148
48 156
48 179
48 191
49 58
49 59
49 67
49 85
49 94
49 110
49 115
49 129
49 140
49 142
49 159
49 164
49 174
49 179
49 180
49 181
49 182
49 185
49 192
49 193
49 194
49 197
50 70
50 77
50 87
50 107
50 109
50 127
50 140
50 154
50 164
50 172
50 178
50 183
50 197
50 198
51 66
51 67
51 73
51 78
51 83
51 92
51 136
51 138
51 139
51 142
51 145
51 151
51 161
51 177
51 181
51 182
51 191
51 192
51 196
51 199
52 56
52 60
52 94
52 98
52 125
52 143
52 159
52 160
52 163
52 164
52 176
52 179
52 188
53 55
53 129
53 130
53 143
53 145
53 174
53 176
53 194
54 56
54 76
54 78
54 100
54 107
54 108
54 109
54 127
54 129
54 146
54 149
54 169
54 173
54 197
55 87
55 90
55 91
55 97
55 102
55 115
55 123
55 133
55 135
55 137
55 138
55 139
55 153
55 179
56 83
56 98
56 105
56 113
56 121
56 127
56 157
56 165
56 166
56 176
56 177
57 65
57 68
57 76
57 80
57 96
57 125
57 127
57 137
57 150
57 189
57 194
57 196
57 199
58 65
58 66
58 75
58 85
58 90
58 95
58 121
58 133
58 139
58 146
58 153
58 156
58 159
58 173
58 181
58 188
59 88
59 91
59 99
59 124
59 138
59 164
59 188
60 64
60 65
60 74
60 89
60 96
60 108
60 113
60 117
60 128
60 138
60 140
60 148
60 156
60 182
61 64
61 65
61 68
61 71
61 75
61 78
61 81
61 85
61 93
61 97
61 121
61 122
61 140
61 144
61 147
61 154
61 179
61 190
61 197
62 71
62 84
62 106
62 107
62 118
62 120
62 128
62 132
62 145
62 167
62 188
62 190
63 95
63 98
63 99
63 105
63 109
63 129
63 161
63 176
63 178
63 180
63 184
63 189
64 78
64 82
64 91
64 98
64 121
64 126
64 127
64 147
64 154
64 157
64 184
64 197
65 66
65 67
65 72
65 79
65 99
65 107
65 113
65 118
65 128
65 129
65 139
65 143
65 144
65 145
65 147
65 148
65 150
65 151
65 158
65 160
65 184
65 192
66 86
66 89
66 104
66 109
66 110
66 138
66 142
66 145
66 153
66 162
66 179
66 188
66 199
67 68
67 71
67 101
67 108
67 140
67 158
67 166
67 175
67 176
67 190
67 193
67 194
68 89
68 92
68 94
68 99
68 120
68 126
68 127
68 133
68 145
68 147
68 160
68 164
68 177
68 193
68 194
69 123
69 125
69 129
69 131
69 142
69 143
69 150
69 154
69 156
69 170
69 175
69 177
69 180
70 102
70 109
70 117
70 124
70 135
70 140
70 143
70 152
70 163
70 184
70 188
70 196
71 75
71 98
71 101
71 150
71 151
71 152
71 155
71 169
71 180
71 189
72 77
72 85
72 95
72 96
72 97
72 102
72 113
72 118
72 128
72 139
72 145
72 150
72 152
72 153
72 161
72 167
72 169
72 192
73 86
73 105
73 110
73 114
73 115
73 124
73 136
73 137
73 158
73 178
73 186
73 192
73 193
73 198
74 106
74 115
74 125
74 128
74 134
74 141
74 172
75 86
75 93
75 106
75 110
75 114
75 123
75 125
75 127
75 130
75 146
75 151
75 156
75 167
75 174
75 176
76 98
76 102
76 105
76 113
76 128
76 130
76 139
76 142
76 145
76 146
76 166
76 181
76 198
77 82
77 88
77 89
77 125
77 126
77 175
77 181
77 184
77 189
77 192
78 81
78 88
78 124
78 126
78 128
78 145
78 153
78 154
78 160
78 173
78 181
78 189
78 194
79 82
79 85
79 92
79 101
79 103
79 116
79 121
79 125
79 126
79 144
79 145
79 147
79 152
79 174
79 176
79 177
79 182
79 195
80 97
80 98
80 99
80 110
80 113
80 118
80 123
80 124
80 130
80 137
80 142
80 146
80 162
80 169
80 170
80 179
80 182
81 95
81 113
81 155
81 178
82 84
82 90
82 94
82 96
82 128
82 129
82 130
82 136
82 138
82 148
82 158
82 172
82 174
83 97
83 102
83 112
83 116
83 120
83 124
83 133
83 153
83 160
83 163
83 174
83 180
83 182
83 192
83 199
84 93
84 107
84 112
84 124
84 135
84 137
84 149
84 177
84 182
84 185
84 192
84 199
85 87
85 92
85 95
85 98
85 110
85 114
85 148
85 151
85 156
85 159
85 160
85 170
85 180
85 182
85 187
85 198
86 95
86 97
86 118
86 121
86 137
86 144
86 182
86 192
87 90
87 93
87 127
87 151
87 153
87 164
87 180
87 192
87 194
87 195
88 94
88 100
88 136
88 143
88 147
88 149
88 154
88 181
88 183
88 188
88 190
88 194
89 94
89 96
89 106
89 109
89 121
89 132
89 141
89 150
89 159
89 170
89 177
89 187
89 199
90 126
90 131
90 160
90 169
90 173
90 178
90 182
90 184
90 190
90 193
90 199
91 93
91 98
91 112
91 131
91 137
91 139
91 153
91 182
91 185
91 191
92 102
92 104
92 106
92 115
92 126
92 131
92 132
92 137
92 139
92 142
92 143
92 153
92 166
92 170
92 171
92 176
92 191
93 104
93 106
93 111
93 113
93 121
93 128
93 129
93 157
94 102
94 123
94 125
94 127
94 132
94 139
94 148
94 169
94 181
94 186
94 189
94 194
95 104
95 109
95 111
95 127
95 129
95 144
95 146
95 162
95 171
95 174
95 175
95 183
95 188
95 198
96 97
96 103
96 126
96 133
96 143
96 144
96 153
96 156
96 170
96 175
96 179
96 181
96 184
96 195
97 115
97 144
97 159
97 168
97 170
97 179
97 192
97 194
98 113
98 119
98 124
98 150
98 151
98 154
98 156
98 168
98 182
98 186
98 194
99 111
99 112
99 122
99 137
99 154
99 163
99 168
99 174
99 182
99 194
100 101
100 106
100 122
100 127
100 165
100 188
101 109
101 113
101 133
101 146
101 157
101 165
101 176
101 191
101 193
102 106
102 107
102 109
102 111
102 112
102 117
102 125
102 145
102 148
102 150
102 152
102 153
102 161
102 173
102 180
102 182
102 191
102 193
103 119
103 129
103 131
103 140
103 152
103 159
103 171
103 188
103 195
104 108
104 114
104 117
104 125
104 138
104 149
104 154
104 163
105 107
105 120
105 126
105 137
105 141
105 152
105 157
105 160
105 171
105 174
105 189
106 111
106 113
106 115
106 117
106 129
106 135
106 146
106 151
106 166
107 110
107 117
107 118
107 138
107 155
107 157
107 164
107 169
107 182
107 189
108 119
108 127
108 134
108 148
108 185
109 113
109 116
109 119
109 132
109 145
109 160
109 166
109 170
109 184
109 197
110 116
110 123
110 138
110 142
110 145
110 147
110 168
110 188
110 191
110 194
111 120
111 122
111 133
111 146
111 167
111 169
111 174
111 175
111 182
111 185
111 189
111 190
111 191
111 195
111 198
112 119
112 138
112 181
112 186
112 195
113 117
113 121
113 135
113 137
113 138
113 166
113 187
114 123
114 133
114 143
114 149
114 150
114 156
114 157
114 172
114 176
114 178
114 186
114 195
115 116
115 135
115 166
115 173
115 180
115 199
116 142
116 146
116 149
116 160
116 171
116 173
116 174
116 185
116 187
116 195
116 197
117 120
117 129
117 132
117 136
117 140
117 142
117 148
117 189
118 119
118 139
118 163
118 183
118 186
118 195
119 128
119 129
119 141
119 161
120 137
120 145
120 153
120 154
120 173
120 183
120 195
121 130
121 137
121 142
121 161
121 163
121 164
121 176
121 182
121 188
121 191
122 155
122 169
122 177
122 194
123 124
123 125
123 136
123 166
123 171
123 182
124 143
124 149
124 192
125 135
125 136
125 140
125 142
125 146
125 174
125 183
125 189
126 136
126 146
126 150
126 151
126 162
126 176
126 180
126 196
126 197
127 133
127 137
127 149
127 168
127 174
127 177
127 181
127 187
128 131
128 132
128 133
128 158
128 161
128 173
128 175
129 134
129 152
129 158
129 180
129 185
130 139
130 144
130 147
130 152
130 169
130 189
131 135
131 138
131 150
131 165
131 167
131 177
131 184
132 135
132 140
132 166
132 179
132 192
132 199
133 138
133 142
133 157
133 160
133 162
133 172
133 190
133 197
134 143
134 160
134 182
134 197
135 140
135 146
135 156
135 158
135 161
135 199
136 138
136 149
136 151
136 179
136 180
136 182
136 190
136 196
136 198
137 169
137 170
137 172
137 176
137 183
137 191
137 195
138 150
138 155
138 158
138 162
138 165
139 146
139 152
139 176
139 183
140 141
140 162
140 180
140 195
141 145
141 153
141 162
141 165
141 167
141 180
141 185
141 195
142 152
142 188
142 199
143 157
143 160
143 169
143 173
143 180
144 150
144 160
144 162
144 165
144 172
144 184
144 193
145 148
145 154
145 155
145 167
145 180
146 149
146 153
146 165
146 170
146 173
146 182
146 188
146 189
146 195
147 165
147 175
147 197
147 199
148 187
148 189
148 196
149 181
149 187
149 198
150 162
150 166
150 168
150 174
150 188
152 155
152 170
152 175
152 184
152 198
153 163
153 177
153 191
154 155
154 157
154 176
155 158
155 178
155 187
156 162
156 183
157 169
157 170
157 175
157 191
157 194
158 160
158 161
158 166
158 180
158 187
158 188
160 163
160 179
160 182
160 188
160 195
161 163
161 172
161 177
161 179
161 181
161 184
161 199
162 164
162 177
162 180
162 187
162 188
162 193
162 197
163 186
164 168
164 187
164 192
165 190
165 195
165 197
166 175
166 177
166 180
167 173
167 175
167 182
167 189
167 194
168 170
168 179
168 180
168 183
169 170
169 177
169 189
169 197
169 199
170 190
171 174
171 175
171 183
171 186
172 173
173 181
173 183
173 187
173 189
173 195
174 179
174 183
174 187
175 185
175 189
176 188
177 181
177 192
178 180
178 190
178 191
178 192
178 193
178 196
180 197
180 199
181 194
181 199
182 188
182 194
183 190
183 196
184 189
185 195
187 188
187 191
189 194
189 195
190 194
190 197
191 192
193 195
193 196
194 196
