0 1
0 29
0 37
0 39
0 42
0 62
0 67
0 80
0 95
0 112
0 120
0 123
0 129
0 130
0 131
0 133
0 141
0 143
0 145
0 149
0 163
0 168
0 171
0 173
0 174
0 176
0 181
0 185
0 192
1 2
1 3
1 6
1 18
1 27
1 33
1 53
1 70
1 76
1 86
1 87
1 98
1 107
1 109
1 111
1 113
1 114
1 122
1 126
1 128
1 143
1 146
1 150
1 154
1 156
1 158
1 166
1 179
1 188
2 8
2 15
2 16
2 17
2 24
2 26
2 27
2 29
2 30
2 37
2 43
2 62
2 71
2 77
2 85
2 92
2 99
2 101
2 104
2 108
2 110
2 113
2 120
2 144
2 152
2 154
2 170
2 174
2 175
2 180
3 10
3 22
3 23
3 37
3 42
3 43
3 45
3 50
3 57
3 80
3 92
3 96
3 97
3 98
3 100
3 102
3 109
3 124
3 126
3 129
3 135
3 137
3 141
3 151
3 166
3 177
3 191
3 196
3 197
3 198
4 14
4 17
4 18
4 22
4 29
4 41
4 49
4 51
4 52
4 54
4 56
4 59
4 60
4 63
4 66
4 75
4 79
4 102
4 111
4 133
4 150
4 154
4 160
4 173
4 181
4 189
5 6
5 7
5 8
5 9
5 10
5 13
5 25
5 26
5 39
5 47
5 51
5 58
5 63
5 69
5 70
5 76
5 83
5 94
5 96
5 103
5 104
5 115
5 123
5 139
5 141
5 154
5 161
5 162
5 171
5 183
5 184
5 187
5 191
5 194
6 13
6 21
6 50
6 63
6 68
6 76
6 77
6 78
6 91
6 93
6 94
6 96
6 99
6 110
6 125
6 127
6 128
6 143
6 145
6 163
6 168
6 170
6 182
6 184
7 9
7 15
7 18
7 46
7 50
7 67
7 69
7 84
7 88
7 92
7 101
7 106
7 111
7 113
7 116
7 120
7 121
7 124
7 127
7 143
7 146
7 148
7 149
7 150
7 154
7 156
7 157
7 182
7 183
7 185
7 186
7 191
7 194
7 198
7 199
8 11
8 14
8 16
8 23
8 33
8 54
8 64
8 70
8 78
8 84
8 87
8 89
8 90
8 91
8 96
8 99
8 108
8 113
8 116
8 121
8 141
8 155
8 162
8 171
8 178
8 181
8 186
8 197
8 199
9 26
9 30
9 34
9 37
9 38
9 42
9 43
9 44
9 46
9 47
9 50
9 56
9 61
9 64
9 65
9 73
9 76
9 88
9 90
9 91
9 92
9 93
9 99
9 101
9 103
9 105
9 108
9 115
9 121
9 134
9 138
9 147
9 156
9 166
9 168
9 182
9 194
10 12
10 15
10 25
10 29
10 47
10 56
10 60
10 71
10 72
10 85
10 86
10 93
10 96
10 100
10 112
10 117
10 119
10 120
10 121
10 124
10 128
10 135
10 136
10 147
10 148
10 165
10 172
10 175
10 181
10 184
10 185
10 186
10 192
11 12
11 15
11 17
11 25
11 31
11 34
11 36
11 41
11 44
11 46
11 56
11 59
11 74
11 80
11 86
11 88
11 91
11 97
11 100
11 104
11 109
11 110
11 123
11 129
11 139
11 145
11 150
11 152
11 156
11 160
11 170
11 175
11 180
11 196
12 15
12 23
12 24
12 47
12 51
12 54
12 77
12 87
12 89
12 104
12 106
12 120
12 128
12 129
12 132
12 134
12 137
12 139
12 143
12 163
12 180
12 181
12 184
12 190
12 191
12 192
12 195
12 198
12 199
13 31
13 40
13 45
13 49
13 59
13 67
13 77
13 91
13 92
13 93
13 107
13 113
13 119
13 133
13 136
13 138
13 139
13 140
13 155
13 157
13 176
13 179
13 180
13 183
13 184
13 185
13 189
13 190
14 16
14 24
14 34
14 46
14 50
14 51
14 56
14 78
14 99
14 106
14 110
14 137
14 143
14 152
14 162
14 175
14 194
14 196
14 198
15 24
15 26
15 31
15 33
15 35
15 37
15 42
15 47
15 48
15 52
15 58
15 63
15 65
15 71
15 73
15 76
15 82
15 95
15 101
15 102
15 104
15 106
15 122
15 124
15 138
15 144
15 145
15 148
15 151
15 157
15 162
15 165
15 175
15 179
15 181
15 191
15 197
16 28
16 35
16 44
16 50
16 64
16 66
16 68
16 71
16 76
16 79
16 80
16 93
16 101
16 103
16 105
16 120
16 123
16 125
16 134
16 145
16 159
16 162
16 179
16 183
16 188
16 189
16 193
17 29
17 36
17 41
17 48
17 60
17 78
17 83
17 85
17 97
17 112
17 121
17 128
17 145
17 150
17 155
17 157
17 161
17 166
17 169
17 173
17 174
17 186
17 190
17 191
17 192
17 193
18 22
18 26
18 33
18 34
18 37
18 50
18 55
18 57
18 58
18 62
18 63
18 70
18 93
18 98
18 113
18 116
18 118
18 121
18 135
18 136
18 138
18 141
18 145
18 148
18 163
18 172
18 182
18 186
18 193
18 198
19 34
19 37
19 48
19 54
19 59
19 60
19 61
19 62
19 69
19 79
19 80
19 100
19 101
19 107
19 108
19 110
19 118
19 122
19 132
19 134
19 137
19 140
19 144
19 166
19 170
19 178
19 186
19 193
19 196
20 22
20 29
20 37
20 38
20 40
20 52
20 57
20 76
20 80
20 96
20 98
20 101
20 115
20 122
20 123
20 139
20 142
20 156
20 157
20 158
20 162
20 164
20 166
20 171
20 172
20 177
20 183
20 184
21 33
21 34
21 37
21 44
21 52
21 55
21 56
21 57
21 67
21 71
21 72
21 78
21 84
21 103
21 115
21 124
21 127
21 135
21 141
21 145
21 147
21 148
21 158
21 170
21 190
21 198
21 199
22 45
22 62
22 64
22 78
22 79
22 81
22 88
22 90
22 108
22 115
22 118
22 132
22 139
22 144
22 156
22 157
22 164
22 167
22 174
22 185
23 24
23 25
23 26
23 28
23 33
23 40
23 43
23 46
23 49
23 52
23 55
23 56
23 63
23 65
23 70
23 78
23 79
23 80
23 81
23 82
23 83
23 87
23 88
23 96
23 101
23 117
23 123
23 147
23 164
23 166
23 167
23 169
23 175
23 180
23 182
23 183
23 193
23 197
24 35
24 38
24 46
24 56
24 57
24 61
24 90
24 92
24 101
24 102
24 104
24 113
24 120
24 130
24 137
24 144
24 149
24 150
24 155
24 167
24 171
24 196
24 197
25 32
25 35
25 39
25 74
25 75
25 79
25 80
25 82
25 89
25 91
25 94
25 98
25 116
25 121
25 129
25 140
25 145
25 154
25 155
25 158
25 160
25 162
25 166
25 178
25 192
26 40
26 49
26 50
26 60
26 67
26 73
26 74
26 76
26 78
26 86
26 88
26 103
26 108
26 132
26 143
26 147
26 150
26 159
26 165
26 171
26 176
26 183
26 184
26 185
26 187
26 194
27 30
27 31
27 33
27 41
27 51
27 52
27 55
27 67
27 69
27 71
27 74
27 99
27 111
27 119
27 127
27 129
27 133
27 143
27 146
27 158
27 161
27 171
27 191
28 37
28 41
28 51
28 55
28 74
28 81
28 83
28 97
28 113
28 120
28 121
28 125
28 140
28 149
28 153
28 162
28 164
28 184
28 186
28 188
28 198
29 36
29 43
29 51
29 52
29 60
29 65
29 68
29 73
29 75
29 79
29 93
29 98
29 100
29 101
29 105
29 109
29 113
29 115
29 116
29 123
29 130
29 131
29 144
29 157
29 164
29 167
29 174
29 176
29 192
29 193
29 195
29 197
30 34
30 36
30 41
30 49
30 58
30 69
30 70
30 76
30 86
30 94
30 98
30 101
30 112
30 118
30 126
30 127
30 130
30 134
30 142
30 147
30 149
30 150
30 156
30 158
30 160
30 161
30 164
30 167
30 174
30 175
30 181
30 185
30 196
31 44
31 48
31 50
31 59
31 69
31 81
31 86
31 99
31 108
31 109
31 110
31 117
31 118
31 120
31 121
31 129
31 130
31 140
31 165
31 166
31 169
31 170
31 175
31 181
31 183
31 197
32 33
32 51
32 64
32 71
32 72
32 78
32 94
32 96
32 97
32 106
32 110
32 113
32 119
32 136
32 140
32 152
32 157
32 161
32 163
32 168
32 170
32 184
32 198
33 35
33 44
33 52
33 62
33 68
33 74
33 84
33 94
33 115
33 126
33 139
33 140
33 143
33 152
33 169
33 170
33 174
33 175
33 176
33 179
34 37
34 43
34 48
34 52
34 53
34 55
34 66
34 75
34 80
34 89
34 96
34 118
34 126
34 137
34 153
34 158
34 183
34 184
34 186
35 37
35 44
35 48
35 59
35 62
35 68
35 71
35 73
35 79
35 84
35 86
35 89
35 91
35 99
35 116
35 123
35 125
35 129
35 136
35 148
35 150
35 152
35 158
35 161
35 162
35 169
35 180
36 41
36 56
36 71
36 75
36 84
36 85
36 88
36 95
36 103
36 115
36 118
36 119
36 132
36 144
36 162
36 169
36 171
36 176
36 186
36 197
37 41
37 58
37 76
37 86
37 92
37 96
37 107
37 118
37 125
37 134
37 136
37 137
37 163
37 165
37 175
37 180
38 46
38 63
38 65
38 67
38 76
38 81
38 102
38 120
38 123
38 138
38 142
38 151
38 154
38 158
38 159
38 171
38 178
38 192
38 199
39 42
39 45
39 74
39 86
39 87
39 96
39 97
39 100
39 102
39 105
39 109
39 113
39 118
39 134
39 144
39 146
39 147
39 148
39 149
39 154
39 157
39 158
39 168
39 170
39 173
39 176
39 183
39 186
39 191
39 194
39 195
40 45
40 48
40 50
40 53
40 70
40 74
40 80
40 83
40 87
40 103
40 107
40 114
40 116
40 117
40 121
40 122
40 127
40 128
40 133
40 138
40 160
40 174
40 177
40 178
40 191
40 192
40 199
41 59
41 63
41 67
41 70
41 72
41 97
41 100
41 102
41 108
41 109
41 118
41 124
41 144
41 145
41 149
41 151
41 155
41 166
41 175
41 178
41 184
41 195
41 198
42 52
42 61
42 63
42 82
42 86
42 99
42 100
42 102
42 112
42 115
42 130
42 131
42 132
42 139
42 143
42 149
42 185
43 57
43 67
43 76
43 83
43 84
43 91
43 92
43 101
43 113
43 115
43 118
43 173
43 182
43 183
43 191
43 192
44 45
44 61
44 68
44 74
44 83
44 101
44 106
44 115
44 118
44 131
44 135
44 148
44 152
44 162
44 179
44 186
45 51
45 52
45 53
45 61
45 77
45 79
45 80
45 86
45 92
45 104
45 125
45 128
45 129
45 143
45 154
45 155
45 162
45 166
45 168
45 171
45 173
45 174
45 177
45 181
45 183
45 191
45 195
45 197
45 199
46 52
46 63
46 69
46 79
46 86
46 91
46 94
46 108
46 114
46 117
46 123
46 129
46 134
46 149
46 162
46 179
46 188
46 195
46 198
47 50
47 61
47 74
47 78
47 81
47 85
47 87
47 89
47 90
47 96
47 97
47 107
47 117
47 118
47 124
47 130
47 131
47 134
47 138
47 148
47 160
47 161
47 169
47 172
47 179
47 183
47 194
47 197
48 53
48 56
48 58
48 71
48 86
48 93
48 109
48 110
48 129
48 134
48 135
48 140
48 146
48 147
48 149
48 150
48 153
48 162
48 165
48 168
48 169
48 170
48 175
48 181
48 187
49 71
49 72
49 74
49 77
49 85
49 99
49 104
49 108
49 114
49 119
49 133
49 137
49 144
49 149
49 155
49 160
49 165
49 172
49 178
49 195
50 52
50 81
50 82
50 84
50 97
50 99
50 103
50 104
50 105
50 110
50 111
50 124
50 129
50 132
50 143
50 156
50 160
50 168
50 180
51 54
51 57
51 71
51 95
51 101
51 104
51 106
51 111
51 115
51 120
51 141
51 164
51 168
52 67
52 77
52 82
52 86
52 93
52 95
52 106
52 121
52 122
52 132
52 142
52 144
52 147
52 149
52 150
52 156
52 160
52 165
52 182
52 186
52 189
53 54
53 56
53 58
53 59
53 76
53 83
53 90
53 91
53 102
53 109
53 128
53 131
53 132
53 137
53 138
53 172
53 176
53 179
53 184
53 188
53 193
53 198
54 55
54 58
54 59
54 71
54 73
54 78
54 83
54 87
54 93
54 105
54 109
54 113
54 114
54 115
54 123
54 147
54 157
54 169
54 170
54 178
54 182
54 183
54 185
54 188
55 62
55 89
55 93
55 99
55 116
55 130
55 131
55 152
55 180
55 194
56 58
56 65
56 75
56 81
56 83
56 85
56 87
56 90
56 92
56 98
56 99
56 109
56 122
56 125
56 140
56 152
56 158
56 163
56 191
56 193
56 198
57 64
57 71
57 79
57 97
57 99
57 100
57 104
57 115
57 119
57 128
57 133
57 146
57 148
57 149
57 155
57 158
57 164
57 165
57 168
58 61
58 63
58 70
58 71
58 77
58 85
58 96
58 106
58 112
58 115
58 116
58 117
58 122
58 130
58 137
58 139
58 144
58 152
58 164
58 174
58 175
58 184
58 188
58 189
58 198
59 61
59 97
59 111
59 112
59 120
59 121
59 123
59 142
59 143
59 146
59 152
59 163
59 165
59 172
59 189
60 65
60 77
60 85
60 87
60 90
60 92
60 94
60 109
60 111
60 120
60 124
60 137
60 147
60 152
60 156
60 161
60 167
60 172
60 180
60 183
60 184
60 189
60 198
61 79
61 81
61 82
61 91
61 92
61 96
61 102
61 112
61 117
61 127
61 132
61 146
61 154
61 178
61 182
61 192
61 195
61 196
62 75
62 78
62 81
62 84
62 99
62 100
62 101
62 105
62 111
62 118
62 125
62 126
62 132
62 135
62 169
62 171
62 175
62 184
62 191
62 195
63 64
63 66
63 67
63 69
63 71
63 72
63 85
63 102
63 106
63 118
63 128
63 140
63 145
63 148
63 151
63 158
63 164
63 169
63 175
63 176
63 180
63 193
64 71
64 83
64 96
64 104
64 117
64 119
64 124
64 125
64 134
64 140
64 161
64 168
64 170
64 172
64 174
64 175
64 176
64 185
65 72
65 73
65 77
65 82
65 95
65 100
65 106
65 121
65 123
65 125
65 147
65 148
65 156
65 157
65 162
65 163
65 167
65 173
65 174
65 175
65 186
65 193
65 198
66 69
66 81
66 86
66 91
66 102
66 103
66 108
66 117
66 121
66 132
66 134
66 136
66 139
66 140
66 144
66 152
66 186
66 187
66 190
67 83
67 91
67 96
67 100
67 112
67 116
67 128
67 130
67 138
67 142
67 147
67 148
67 161
67 176
67 188
67 189
67 191
67 193
68 72
68 79
68 98
68 108
68 113
68 118
68 119
68 125
68 129
68 130
68 133
68 146
68 154
68 171
68 172
68 179
68 182
68 196
68 199
69 70
69 78
69 80
69 86
69 94
69 98
69 101
69 103
69 108
69 114
69 125
69 133
69 134
69 137
69 141
69 152
69 171
69 173
69 176
69 178
69 179
69 194
70 73
70 74
70 91
70 103
70 109
70 112
70 116
70 119
70 129
70 131
70 134
70 148
70 149
70 153
70 171
70 175
70 176
71 72
71 78
71 92
71 93
71 95
71 99
71 102
71 104
71 107
71 108
71 110
71 117
71 121
71 123
71 154
71 159
71 163
71 170
71 174
71 182
71 183
71 185
71 190
71 197
71 199
72 81
72 82
72 88
72 97
72 103
72 105
72 107
72 108
72 111
72 113
72 114
72 124
72 125
72 143
72 152
72 154
72 161
72 169
72 171
72 174
72 185
72 186
72 194
72 197
73 74
73 80
73 82
73 94
73 97
73 112
73 117
73 120
73 130
73 139
73 143
73 181
73 186
73 187
74 79
74 95
74 109
74 111
74 124
74 148
74 154
74 156
74 159
74 164
74 180
74 191
74 194
75 81
75 83
75 89
75 102
75 104
75 122
75 125
75 133
75 134
75 139
75 144
75 150
75 153
75 155
75 167
75 198
75 199
76 98
76 108
76 114
76 115
76 117
76 121
76 122
76 124
76 133
76 136
76 139
76 141
76 142
76 159
76 160
76 162
76 166
76 169
76 175
76 177
76 183
76 194
76 197
76 198
77 79
77 84
77 90
77 91
77 108
77 122
77 134
77 135
77 144
77 146
77 148
77 149
77 153
77 156
77 160
77 164
77 170
77 177
77 192
77 199
78 82
78 84
78 88
78 98
78 117
78 121
78 133
78 137
78 145
78 148
78 155
78 159
78 161
78 162
78 163
78 164
78 186
78 188
78 199
79 83
79 89
79 92
79 94
79 102
79 108
79 111
79 120
79 121
79 125
79 140
79 145
79 152
79 153
79 157
79 158
79 169
79 173
80 97
80 100
80 104
80 112
80 120
80 127
80 135
80 136
80 139
80 143
80 146
80 147
80 152
80 163
80 164
80 165
80 170
80 172
80 180
80 183
80 185
80 199
81 83
81 96
81 104
81 111
81 132
81 135
81 139
81 140
81 143
81 149
81 150
81 158
81 160
81 167
81 171
81 176
81 177
81 180
81 182
81 183
81 186
81 191
81 196
82 85
82 86
82 90
82 93
82 114
82 116
82 126
82 128
82 134
82 137
82 143
82 144
82 152
82 153
82 157
82 160
82 161
82 168
82 174
82 188
82 191
82 195
82 198
82 199
83 94
83 101
83 112
83 114
83 119
83 121
83 122
83 123
83 127
83 129
83 135
83 141
83 147
83 152
83 155
83 158
83 169
83 173
83 174
83 191
83 193
84 96
84 138
84 150
84 162
84 166
84 168
84 170
84 173
84 179
84 187
84 190
84 195
84 197
85 89
85 96
85 107
85 109
85 111
85 112
85 126
85 135
85 139
85 140
85 141
85 144
85 153
85 164
85 167
85 168
85 174
85 182
85 188
85 191
85 194
85 198
86 89
86 91
86 100
86 109
86 111
86 112
86 120
86 124
86 129
86 143
86 154
86 155
86 158
86 162
86 177
86 178
86 187
86 191
86 197
86 199
87 98
87 99
87 116
87 121
87 132
87 135
87 148
87 150
87 152
87 156
87 157
87 158
87 169
87 181
87 185
87 186
87 196
88 96
88 97
88 101
88 112
88 116
88 120
88 123
88 126
88 156
88 159
88 163
88 170
88 174
88 175
88 178
88 187
88 188
88 192
88 194
89 116
89 124
89 125
89 129
89 130
89 141
89 145
89 160
89 164
89 173
89 181
89 195
90 96
90 114
90 115
90 120
90 122
90 124
90 128
90 144
90 147
90 150
90 157
90 171
90 177
90 183
90 186
90 188
91 95
91 100
91 104
91 109
91 120
91 139
91 144
91 145
91 151
91 152
91 174
91 180
91 184
91 185
91 192
91 194
92 103
92 115
92 116
92 128
92 129
92 135
92 137
92 143
92 145
92 155
92 158
92 162
92 163
92 166
92 175
92 179
92 182
92 185
92 187
92 189
92 192
92 197
93 96
93 97
93 99
93 105
93 106
93 113
93 132
93 140
93 160
93 165
93 170
93 176
93 178
93 193
94 100
94 105
94 107
94 116
94 119
94 135
94 136
94 146
94 147
94 160
94 162
94 166
94 167
94 169
94 173
94 189
94 190
95 102
95 108
95 111
95 115
95 121
95 138
95 140
95 159
95 161
95 168
95 174
95 187
95 196
95 197
95 199
96 103
96 107
96 108
96 123
96 130
96 153
96 155
96 157
96 160
96 165
96 167
96 168
96 185
96 197
96 199
97 107
97 112
97 119
97 120
97 126
97 128
97 132
97 134
97 135
97 140
97 153
97 160
97 170
97 176
97 186
97 199
98 106
98 124
98 126
98 128
98 131
98 132
98 136
98 137
98 138
98 141
98 148
98 154
98 156
98 164
98 168
98 172
98 176
98 185
98 189
99 110
99 114
99 120
99 124
99 130
99 139
99 143
99 185
99 191
100 110
100 119
100 138
100 139
100 150
100 159
100 163
100 165
100 167
100 174
100 176
100 183
101 113
101 127
101 143
101 145
101 153
101 161
101 163
101 171
101 174
101 179
101 191
101 193
102 122
102 141
102 145
102 153
102 156
102 161
102 167
102 172
102 173
102 188
102 189
102 194
103 107
103 113
103 124
103 126
103 137
103 140
103 144
103 158
103 167
103 170
103 171
103 188
104 117
104 120
104 121
104 164
104 165
104 166
104 172
104 173
104 175
104 176
104 184
104 186
104 199
105 107
105 109
105 126
105 132
105 143
105 153
105 159
105 165
105 176
105 184
105 191
105 193
106 111
106 112
106 114
106 118
106 124
106 130
106 131
106 137
106 141
106 151
106 163
106 166
106 168
106 175
106 180
106 183
106 184
106 189
106 190
106 191
106 196
107 114
107 119
107 120
107 135
107 144
107 146
107 150
107 157
107 161
107 166
107 171
107 174
107 176
107 187
107 198
108 122
108 123
108 124
108 125
108 133
108 137
108 150
108 151
108 153
108 158
108 159
108 169
108 175
108 183
108 185
108 191
108 196
109 110
109 113
109 123
109 129
109 142
109 145
109 148
109 159
109 164
109 168
109 173
109 175
109 189
109 195
110 113
110 118
110 124
110 151
110 158
110 159
110 160
110 161
110 164
110 172
110 179
110 188
110 190
110 191
110 197
111 112
111 115
111 129
111 164
111 171
111 174
111 176
111 191
112 120
112 126
112 132
112 135
112 145
112 154
112 156
112 160
112 167
112 179
112 180
113 114
113 117
113 118
113 127
113 159
113 169
113 176
114 116
114 117
114 119
114 128
114 133
114 136
114 137
114 141
114 142
114 144
114 147
114 149
114 160
114 171
114 172
114 175
114 180
114 182
114 186
114 189
115 123
115 124
115 126
115 128
115 143
115 146
115 180
115 184
115 193
115 198
116 118
116 120
116 123
116 158
116 163
116 167
116 171
116 179
116 181
116 190
117 119
117 121
117 123
117 126
117 134
117 135
117 137
117 144
117 146
117 167
117 173
117 175
117 179
117 187
117 196
118 129
118 131
118 138
118 145
118 147
118 157
118 163
118 173
118 175
118 181
118 189
118 194
119 120
119 124
119 126
119 127
119 140
119 152
119 156
119 163
119 164
119 167
119 168
119 175
119 192
120 122
120 125
120 126
120 140
120 146
120 149
120 154
120 161
120 168
120 176
120 177
120 190
120 193
121 135
121 142
121 150
121 151
121 156
121 167
121 170
121 176
121 181
121 183
121 186
121 194
121 197
122 123
122 129
122 139
122 140
122 142
122 145
122 153
122 156
122 170
122 172
122 174
122 187
122 196
123 134
123 147
123 165
123 171
123 197
124 131
124 132
124 147
124 148
124 174
124 175
124 176
124 180
124 182
124 193
125 158
125 160
125 162
125 176
125 181
125 183
125 191
125 198
125 199
126 138
126 142
126 146
126 148
126 149
126 156
126 166
126 167
126 172
126 177
126 194
126 196
127 128
127 130
127 133
127 136
127 142
127 147
127 148
127 155
127 169
127 175
127 182
127 184
127 191
127 196
128 132
128 140
128 154
128 155
128 161
128 181
128 183
128 186
128 192
128 195
129 130
129 134
129 135
129 154
129 164
129 165
129 166
129 168
129 170
129 195
129 197
130 138
130 141
130 158
130 162
130 165
130 166
130 197
131 134
131 135
131 140
131 147
131 149
131 150
131 152
131 159
131 167
131 168
131 184
131 188
132 133
132 141
132 143
132 144
132 149
132 150
132 153
132 165
132 180
132 191
132 195
133 136
133 140
133 146
133 148
133 150
133 159
133 170
133 178
133 179
133 194
134 139
134 144
134 145
134 149
134 162
134 164
134 181
134 193
135 146
135 154
135 158
135 160
135 164
135 166
135 172
135 181
135 188
136 144
136 172
136 176
136 177
136 179
136 183
136 195
137 138
137 150
137 154
137 155
137 162
137 166
137 173
137 178
137 194
138 151
138 155
138 156
138 158
138 159
138 163
138 178
138 179
138 184
138 195
139 144
139 145
139 153
139 156
139 162
139 184
140 149
140 152
140 153
140 154
140 155
140 156
140 157
140 159
140 166
140 192
140 196
141 153
141 177
141 182
141 191
141 196
142 150
142 151
142 162
142 167
142 169
142 180
142 183
143 148
143 158
143 161
143 162
143 164
143 167
143 168
143 181
143 184
143 188
144 147
144 154
144 161
144 162
144 163
144 164
144 167
144 186
144 189
144 193
145 156
145 161
145 163
145 168
145 169
145 174
145 176
145 179
145 187
145 189
146 151
146 159
146 160
146 162
146 163
146 168
146 176
146 178
146 180
146 184
146 199
147 148
147 151
147 163
147 167
147 171
147 179
147 184
147 186
147 191
148 163
148 167
148 183
148 193
148 194
149 152
149 164
149 177
149 180
149 182
149 187
149 190
150 168
150 176
150 177
150 183
150 188
150 191
150 194
150 198
151 160
151 172
151 174
151 178
151 180
151 184
151 185
151 188
151 192
151 193
152 158
152 167
152 168
152 173
152 174
152 190
152 191
152 197
153 155
153 161
153 163
153 169
153 170
153 171
153 178
153 185
153 192
153 195
154 158
154 168
154 188
154 197
155 180
155 198
156 157
156 158
156 159
156 170
156 174
156 176
156 181
156 182
156 185
156 198
157 159
157 169
157 171
157 192
157 193
157 194
157 199
158 159
158 161
158 186
158 187
158 193
158 194
158 199
159 162
159 163
159 167
159 175
159 184
159 198
160 172
160 174
161 187
162 166
162 169
162 173
162 176
162 199
163 174
163 179
163 183
163 185
163 186
163 188
164 166
164 172
164 177
164 188
164 194
165 170
165 173
165 175
165 176
165 190
165 196
166 169
166 175
166 186
166 199
167 178
167 183
167 194
167 199
168 177
168 179
168 182
168 184
168 187
169 173
169 175
169 186
169 188
169 193
169 198
170 174
170 175
170 181
170 183
170 184
171 176
171 177
171 180
171 181
171 196
172 179
172 180
172 182
172 183
172 185
172 188
172 195
173 180
173 193
173 198
174 182
174 194
175 199
176 178
176 192
176 195
177 186
177 199
178 181
178 194
178 197
179 181
179 185
180 182
180 187
180 188
180 189
180 199
181 183
181 186
182 189
182 193
183 185
183 199
184 198
184 199
186 195
186 197
188 190
188 194
188 196
189 195
189 196
190 195
194 197
194 198
196 197
196 198
197 199
