0 45
0 58
0 64
0 79
0 80
0 87
0 90
0 109
0 117
0 125
0 130
0 134
0 142
0 145
0 155
0 176
0 178
0 189
1 11
1 20
1 30
1 37
1 39
1 42
1 47
1 48
1 52
1 86
1 97
1 105
1 107
1 110
1 120
1 126
1 140
1 145
1 150
1 174
1 179
1 189
2 7
2 33
2 47
2 49
2 62
2 106
2 109
2 130
2 143
2 147
2 160
2 166
2 167
2 186
2 187
3 7
3 11
3 17
3 25
3 35
3 40
3 41
3 51
3 61
3 62
3 64
3 65
3 69
3 82
3 93
3 96
3 100
3 113
3 122
3 151
3 164
3 176
3 183
3 188
3 194
3 197
4 35
4 37
4 42
4 55
4 63
4 67
4 77
4 93
4 94
4 101
4 113
4 115
4 151
4 159
4 173
4 179
4 195
5 7
5 19
5 25
5 47
5 56
5 70
5 101
5 110
5 125
5 151
5 153
5 158
5 162
5 166
5 167
5 171
5 177
5 178
5 183
6 8
6 27
6 32
6 44
6 47
6 50
6 55
6 59
6 64
6 66
6 76
6 86
6 93
6 101
6 103
6 106
6 116
6 131
6 151
6 163
6 172
6 184
6 196
7 10
7 11
7 33
7 42
7 44
7 54
7 63
7 70
7 93
7 95
7 99
7 107
7 129
7 133
7 152
7 157
7 158
7 188
7 190
7 196
8 12
8 27
8 73
8 74
8 111
8 154
8 159
8 163
8 176
8 182
8 190
9 12
9 28
9 45
9 48
9 55
9 57
9 61
9 68
9 75
9 82
9 93
9 107
9 115
9 116
9 132
9 142
9 160
9 164
9 169
9 178
9 182
9 188
9 197
10 24
10 25
10 51
10 65
10 74
10 90
10 102
10 104
10 106
10 127
10 138
10 149
10 159
10 166
10 182
10 189
11 25
11 27
11 34
11 39
11 51
11 56
11 66
11 67
11 68
11 79
11 100
11 105
11 122
11 134
11 164
11 181
11 197
11 199
12 26
12 36
12 41
12 46
12 49
12 54
12 57
12 84
12 88
12 99
12 100
12 110
12 126
12 129
12 136
12 157
12 164
12 191
12 192
13 34
13 51
13 57
13 61
13 66
13 78
13 86
13 92
13 112
13 113
13 136
13 150
13 165
13 170
14 22
14 25
14 30
14 58
14 63
14 74
14 121
14 122
14 123
14 133
14 136
14 144
14 145
14 152
14 155
14 158
14 160
14 164
14 170
14 194
15 21
15 24
15 25
15 29
15 58
15 63
15 70
15 76
15 77
15 85
15 108
15 116
15 117
15 122
15 130
15 138
15 155
15 160
15 167
15 168
15 169
15 174
15 175
15 177
15 189
15 194
16 24
16 25
16 27
16 31
16 38
16 41
16 42
16 66
16 70
16 79
16 107
16 113
16 116
16 119
16 124
16 137
16 171
16 190
17 19
17 23
17 29
17 41
17 47
17 64
17 70
17 79
17 91
17 101
17 102
17 104
17 110
17 117
17 132
17 134
17 142
17 182
17 186
17 188
17 195
18 23
18 33
18 51
18 55
18 68
18 70
18 72
18 75
18 82
18 88
18 103
18 108
18 154
18 156
18 176
18 181
19 23
19 40
19 45
19 60
19 77
19 78
19 83
19 85
19 105
19 119
19 124
19 128
19 136
19 145
19 169
19 177
19 181
20 36
20 44
20 46
20 62
20 80
20 91
20 95
20 101
20 104
20 109
20 111
20 118
20 122
20 123
20 133
20 136
20 147
20 162
20 172
20 178
20 180
20 183
21 30
21 36
21 47
21 51
21 59
21 95
21 99
21 103
21 107
21 117
21 141
21 145
21 150
21 172
21 177
21 189
21 196
22 33
22 41
22 51
22 53
22 61
22 77
22 78
22 96
22 103
22 113
22 114
22 118
22 126
22 132
22 141
22 149
22 166
22 178
22 186
22 196
23 24
23 25
23 26
23 42
23 46
23 49
23 63
23 71
23 77
23 89
23 91
23 97
23 108
23 111
23 112
23 115
23 128
23 166
23 173
23 183
23 192
24 53
24 61
24 72
24 75
24 83
24 100
24 114
24 133
24 137
24 177
24 179
24 180
24 182
24 199
25 41
25 44
25 49
25 96
25 99
25 103
25 117
25 123
25 126
25 127
25 128
25 129
25 138
25 141
25 146
25 151
25 156
25 189
26 43
26 47
26 52
26 66
26 75
26 90
26 92
26 94
26 128
26 139
26 146
26 177
26 182
27 37
27 58
27 90
27 94
27 108
27 126
27 135
27 146
27 163
27 175
27 177
27 189
27 192
28 40
28 76
28 99
28 112
28 114
28 125
28 127
28 137
28 155
28 167
28 182
28 187
28 198
29 34
29 42
29 47
29 53
29 60
29 87
29 98
29 99
29 112
29 127
29 131
29 135
29 146
29 165
29 166
29 173
29 178
29 188
29 197
30 35
30 39
30 42
30 52
30 59
30 61
30 72
30 79
30 81
30 87
30 106
30 110
30 111
30 116
30 117
30 126
30 132
30 142
30 147
30 150
30 154
30 155
30 163
30 174
30 175
30 176
30 191
31 41
31 45
31 51
31 55
31 57
31 73
31 89
31 101
31 115
31 129
31 142
31 145
31 146
31 148
31 149
31 151
31 158
31 162
31 177
31 184
31 197
32 35
32 39
32 40
32 46
32 71
32 95
32 133
32 155
32 163
32 179
32 192
32 198
33 46
33 47
33 52
33 55
33 69
33 90
33 91
33 103
33 108
33 122
33 128
33 132
33 154
33 166
33 168
33 195
34 84
34 104
34 105
34 131
34 144
34 153
34 164
34 165
34 172
34 192
35 48
35 51
35 54
35 69
35 70
35 86
35 88
35 113
35 162
35 174
35 185
35 186
35 188
36 40
36 45
36 47
36 49
36 64
36 74
36 79
36 81
36 85
36 109
36 118
36 132
36 156
36 162
36 186
36 188
37 48
37 64
37 73
37 74
37 75
37 88
37 129
37 134
37 139
37 146
37 153
37 159
37 165
37 168
37 181
37 188
37 196
37 198
37 199
38 40
38 41
38 51
38 52
38 56
38 57
38 74
38 77
38 102
38 121
38 127
38 132
38 145
38 175
38 189
38 199
39 63
39 99
39 108
39 116
39 137
39 144
39 151
39 153
39 178
39 182
39 184
40 52
40 57
40 58
40 59
40 74
40 79
40 82
40 87
40 100
40 107
40 118
40 142
40 155
40 156
40 158
40 163
40 173
40 184
41 47
41 48
41 61
41 78
41 90
41 98
41 102
41 123
41 131
41 146
41 172
41 177
41 189
41 195
41 196
42 59
42 60
42 61
42 87
42 117
42 129
42 130
42 132
42 138
42 163
42 169
42 171
42 172
42 174
42 179
42 181
42 182
43 52
43 77
43 85
43 97
43 104
43 108
43 112
43 116
43 118
43 139
43 152
43 166
43 174
43 185
43 188
43 199
44 49
44 58
44 68
44 109
44 111
44 119
44 120
44 125
44 138
44 155
44 157
44 168
44 184
44 185
44 198
45 51
45 67
45 78
45 81
45 86
45 95
45 102
45 109
45 137
45 139
45 140
45 146
45 161
45 176
45 186
45 187
46 50
46 55
46 67
46 69
46 88
46 89
46 92
46 95
46 102
46 139
46 142
46 165
46 187
46 192
46 199
47 56
47 59
47 65
47 70
47 78
47 91
47 96
47 117
47 118
47 124
47 134
47 144
47 153
47 157
47 167
47 184
47 186
48 53
48 55
48 59
48 74
48 110
48 111
48 124
48 127
48 135
48 137
48 153
48 160
48 181
49 64
49 69
49 73
49 78
49 94
49 109
49 110
49 127
49 138
49 139
49 144
49 174
49 175
49 179
49 181
49 194
49 199
50 51
50 53
50 62
50 81
50 86
50 87
50 101
50 104
50 110
50 117
50 120
50 127
50 143
50 147
50 157
50 168
50 173
50 191
50 192
51 55
51 62
51 91
51 96
51 98
51 100
51 111
51 114
51 121
51 123
51 131
51 132
51 159
51 160
51 165
51 177
51 179
51 181
51 182
51 185
51 191
52 60
52 62
52 106
52 108
52 126
52 127
52 134
52 136
52 140
52 152
52 164
52 191
53 75
53 78
53 85
53 115
53 121
53 134
53 139
53 146
53 152
53 160
53 172
54 56
54 61
54 69
54 81
54 92
54 96
54 122
54 137
54 143
54 154
54 162
54 163
54 164
54 167
55 72
55 87
55 91
55 95
55 96
55 111
55 115
55 123
55 133
55 138
55 153
55 167
55 170
55 179
55 190
55 193
56 59
56 60
56 74
56 79
56 115
56 117
56 124
56 128
56 134
56 140
56 145
56 147
56 148
56 163
56 169
56 199
57 65
57 78
57 84
57 110
57 112
57 143
57 158
57 166
57 178
57 183
57 187
58 63
58 68
58 73
58 83
58 89
58 108
58 109
58 115
58 118
58 181
58 196
59 62
59 63
59 93
59 95
59 100
59 109
59 113
59 126
59 132
59 191
59 198
59 199
60 67
60 79
60 88
60 111
60 130
60 133
60 134
60 135
60 142
60 148
60 195
61 80
61 85
61 87
61 94
61 96
61 101
61 117
61 119
61 121
61 124
61 132
61 137
61 138
61 161
61 189
62 73
62 80
62 81
62 88
62 93
62 101
62 113
62 137
62 145
62 156
62 181
62 196
63 68
63 72
63 97
63 106
63 107
63 112
63 114
63 127
63 128
63 153
63 169
63 181
64 67
64 70
64 73
64 87
64 123
64 125
64 133
64 141
64 150
64 151
64 180
64 184
64 187
64 198
64 199
65 67
65 72
65 88
65 101
65 119
65 129
65 131
65 155
65 156
65 179
65 180
65 185
66 89
66 101
66 105
66 129
66 135
66 138
66 141
66 142
66 143
66 154
66 165
66 192
67 84
67 87
67 93
67 101
67 118
67 122
67 128
67 155
67 159
68 71
68 83
68 94
68 103
68 108
68 109
68 114
68 125
68 134
68 138
68 139
68 144
68 150
68 152
68 155
68 159
68 172
68 180
68 183
68 188
68 189
68 193
68 197
69 80
69 82
69 94
69 102
69 105
69 110
69 111
69 120
69 125
69 131
69 136
69 141
69 155
69 162
69 163
69 166
70 90
70 100
70 104
70 116
70 117
70 130
70 131
70 143
70 149
70 152
70 166
70 171
70 174
70 177
70 180
70 191
71 74
71 76
71 119
71 123
71 131
71 137
71 143
71 147
71 152
71 161
71 163
71 171
71 177
71 195
72 78
72 96
72 99
72 100
72 105
72 108
72 124
72 128
72 140
72 147
72 161
72 162
72 190
72 198
73 74
73 83
73 95
73 127
73 132
73 140
73 167
73 174
73 181
73 183
73 185
73 186
73 189
73 193
73 195
74 75
74 104
74 112
74 118
74 120
74 135
74 152
74 190
74 195
75 86
75 87
75 111
75 112
75 124
75 131
75 132
75 178
75 182
76 96
76 105
76 117
76 119
76 150
76 160
76 169
76 179
76 180
77 87
77 90
77 92
77 93
77 94
77 105
77 123
77 125
77 126
77 144
77 153
77 165
77 176
77 184
77 192
78 93
78 100
78 108
78 109
78 111
78 117
78 126
78 138
78 140
78 176
78 178
78 181
78 190
78 191
78 192
79 84
79 88
79 94
79 104
79 109
79 111
79 119
79 129
79 132
79 142
79 144
79 151
79 168
79 178
79 184
80 97
80 99
80 101
80 105
80 110
80 135
80 148
80 159
80 188
80 196
81 89
81 91
81 94
81 108
81 110
81 117
81 140
81 145
81 151
81 172
81 184
81 198
82 89
82 94
82 102
82 116
82 124
82 142
82 144
82 166
82 192
83 95
83 108
83 109
83 147
83 157
83 167
83 192
84 94
84 114
84 135
84 143
84 155
84 169
84 178
84 179
84 190
84 193
84 195
84 196
85 92
85 94
85 130
85 133
85 142
85 146
85 153
85 154
85 155
85 167
85 169
85 177
85 184
85 187
86 99
86 107
86 116
86 123
86 125
86 131
86 147
86 150
86 154
86 158
86 179
87 124
87 126
87 153
87 174
87 185
87 190
87 192
87 194
88 93
88 107
88 108
88 111
88 123
88 142
88 164
89 92
89 121
89 122
89 128
89 145
89 157
89 165
89 172
89 183
89 190
89 197
90 98
90 105
90 109
90 118
90 124
90 125
90 129
90 133
90 135
90 136
90 143
90 161
90 169
90 173
90 181
90 188
90 197
91 116
91 131
91 135
91 149
91 151
91 157
91 158
91 162
91 166
91 180
91 184
91 189
91 192
91 194
91 195
91 199
92 109
92 113
92 121
92 126
92 137
92 143
92 166
92 180
92 184
93 95
93 111
93 115
93 116
93 120
93 134
93 135
93 142
93 154
93 165
93 188
93 194
93 196
94 96
94 98
94 118
94 127
94 129
94 138
94 142
94 148
94 179
95 97
95 100
95 105
95 115
95 154
95 176
95 179
95 182
95 193
95 198
96 99
96 100
96 124
96 142
96 154
96 165
96 166
96 172
96 184
96 186
97 111
97 124
97 130
97 138
97 147
97 165
97 173
97 179
97 183
97 185
97 193
98 108
98 113
98 121
98 123
98 124
98 129
98 145
98 158
98 173
98 195
99 101
99 109
99 113
99 114
99 118
99 126
99 153
99 162
99 169
99 173
99 175
99 179
99 182
99 192
99 198
99 199
100 103
100 118
100 131
100 164
100 175
100 180
101 103
101 114
101 127
101 133
101 135
101 153
101 163
101 180
101 194
101 198
102 121
102 125
102 128
102 129
102 143
102 151
102 159
102 168
102 171
102 179
102 197
102 199
103 105
103 106
103 108
103 113
103 124
103 143
103 145
103 146
103 154
103 164
103 179
103 186
103 193
104 106
104 113
104 122
104 130
104 135
104 159
104 167
104 172
104 176
104 189
104 192
104 194
104 195
104 197
105 112
105 122
105 146
105 151
105 163
105 164
105 174
105 177
105 182
105 199
106 115
106 119
106 134
106 145
106 173
106 182
106 183
106 185
106 193
106 196
107 108
107 112
107 117
107 119
107 120
107 127
107 148
107 156
107 184
107 195
107 196
108 116
108 117
108 135
108 143
108 161
108 177
108 195
108 198
109 124
109 125
109 134
109 144
109 145
109 147
109 148
109 169
109 171
109 180
109 183
109 186
110 116
110 120
110 142
110 171
110 183
110 187
110 192
111 126
111 127
111 136
111 137
111 141
111 142
111 150
111 155
111 160
111 170
111 181
111 185
111 194
111 195
111 198
112 116
112 117
112 133
112 140
112 145
112 147
112 158
112 160
112 165
112 196
113 123
113 128
113 130
113 173
113 183
114 118
114 126
114 130
114 147
114 168
114 169
114 179
114 181
114 184
114 192
115 119
115 133
115 142
115 149
115 155
115 171
115 174
115 177
115 178
115 182
116 134
116 151
116 159
116 166
116 173
116 187
117 119
117 155
117 165
117 166
117 170
117 172
117 191
118 120
118 134
118 136
118 150
118 153
118 162
118 169
118 183
118 196
119 148
119 158
119 160
119 161
119 163
119 172
119 190
120 121
120 150
120 152
120 153
120 157
120 160
120 183
120 196
120 199
121 123
121 127
121 140
121 149
121 153
121 167
121 177
122 130
122 131
122 132
122 134
122 147
122 150
122 152
122 160
122 168
122 176
122 187
122 192
123 126
123 133
123 137
123 144
123 154
123 158
123 166
123 175
123 182
123 183
123 189
124 127
124 129
124 130
124 136
124 141
124 151
124 152
124 159
124 177
124 178
124 192
125 131
125 132
125 136
125 137
125 139
125 144
125 169
125 172
125 179
126 132
126 137
126 138
126 149
126 177
126 198
127 133
127 170
127 176
127 185
128 138
128 155
128 175
128 181
128 192
128 193
129 154
129 169
129 181
130 131
130 142
130 150
130 153
130 168
130 170
130 183
130 187
131 197
132 147
132 148
132 169
132 170
132 175
133 156
133 176
133 177
133 178
133 186
133 187
133 189
133 199
134 152
134 172
134 180
134 183
135 147
135 150
135 158
135 159
135 170
135 183
135 184
136 150
136 151
136 167
136 176
136 179
136 182
137 139
137 144
137 156
137 158
137 179
137 190
137 199
138 147
138 152
138 192
139 159
139 167
139 169
139 174
139 184
139 186
139 190
139 191
140 144
140 148
140 149
140 163
140 175
141 153
141 154
141 156
141 157
141 159
141 172
141 174
141 175
141 187
141 193
142 148
142 157
142 159
142 166
142 170
142 174
142 178
142 198
143 152
143 163
143 169
143 179
143 180
143 183
143 195
144 166
144 174
144 176
144 177
144 193
144 197
145 150
145 155
145 176
145 177
145 184
145 193
146 154
146 160
146 199
147 155
147 156
147 161
147 166
147 171
147 182
147 184
147 195
148 155
148 186
148 189
149 173
149 174
149 181
149 184
149 190
150 172
150 179
150 182
150 194
150 197
150 198
151 152
151 153
151 163
151 164
151 169
151 181
151 182
152 173
152 193
153 156
153 179
153 195
154 161
154 173
154 178
154 192
155 162
155 199
156 178
156 181
156 192
157 194
157 199
158 165
158 179
158 189
159 187
159 188
160 167
160 179
160 190
161 169
161 174
161 180
161 182
161 187
161 189
161 191
161 193
161 199
162 174
162 179
162 182
162 183
162 184
162 189
163 170
163 171
164 166
164 174
164 192
164 195
165 166
165 173
165 183
165 188
165 193
165 198
166 189
167 175
167 177
167 179
167 181
167 199
168 170
168 174
168 178
169 179
169 181
169 184
169 192
169 193
169 196
171 176
171 178
171 179
171 188
173 181
173 188
173 193
174 185
174 191
174 192
174 194
174 197
175 180
175 192
178 183
178 194
179 196
180 182
180 185
180 189
180 191
181 184
181 192
181 198
182 185
183 185
183 186
183 197
184 191
185 186
185 193
185 197
186 197
187 197
187 198
188 189
188 192
188 198
192 193
193 195
193 199
194 196
