0 6
0 12
0 21
0 42
0 45
0 53
0 57
0 61
0 62
0 65
0 72
0 73
0 74
0 83
0 106
0 107
0 113
0 143
0 150
0 153
0 154
0 161
0 195
0 196
0 197
1 5
1 9
1 13
1 14
1 21
1 31
1 35
1 46
1 53
1 54
1 66
1 73
1 81
1 84
1 91
1 97
1 112
1 113
1 136
1 137
1 146
1 150
1 171
1 178
2 8
2 12
2 19
2 23
2 31
2 45
2 54
2 59
2 69
2 72
2 81
2 89
2 104
2 107
2 110
2 113
2 118
2 125
2 133
2 134
2 138
2 142
2 147
2 158
2 160
2 162
2 173
2 181
2 192
2 196
3 4
3 7
3 8
3 30
3 31
3 33
3 39
3 41
3 61
3 67
3 72
3 86
3 92
3 96
3 100
3 112
3 128
3 134
3 138
3 150
3 166
3 167
3 170
3 176
3 180
3 192
3 195
4 5
4 10
4 16
4 35
4 46
4 54
4 59
4 61
4 62
4 67
4 81
4 87
4 92
4 97
4 99
4 104
4 110
4 111
4 134
4 135
4 137
4 138
4 148
4 163
4 164
4 170
4 188
4 190
4 194
4 195
5 6
5 7
5 10
5 12
5 41
5 42
5 50
5 57
5 64
5 66
5 71
5 72
5 81
5 87
5 88
5 98
5 104
5 106
5 110
5 119
5 131
5 139
5 155
5 156
5 158
5 162
5 186
5 187
6 23
6 33
6 39
6 56
6 58
6 68
6 75
6 81
6 84
6 85
6 92
6 109
6 112
6 120
6 131
6 134
6 135
6 140
6 147
6 153
6 175
6 176
6 180
6 184
6 187
7 12
7 17
7 45
7 47
7 53
7 57
7 58
7 63
7 66
7 72
7 73
7 74
7 98
7 102
7 111
7 113
7 114
7 115
7 124
7 129
7 138
7 143
7 148
7 171
7 177
7 179
7 181
7 190
7 193
7 197
8 11
8 26
8 30
8 31
8 32
8 37
8 40
8 45
8 48
8 83
8 85
8 87
8 89
8 111
8 113
8 114
8 116
8 121
8 122
8 129
8 130
8 134
8 140
8 154
8 160
8 180
8 191
8 196
9 13
9 40
9 41
9 53
9 57
9 58
9 59
9 70
9 80
9 91
9 100
9 101
9 103
9 114
9 117
9 128
9 132
9 141
9 143
9 155
9 161
9 182
9 191
9 192
9 198
10 14
10 27
10 33
10 43
10 46
10 54
10 56
10 59
10 69
10 80
10 87
10 89
10 106
10 113
10 114
10 134
10 137
10 141
10 143
10 157
10 158
10 163
10 166
10 168
10 177
10 198
11 12
11 22
11 23
11 27
11 30
11 31
11 33
11 35
11 36
11 40
11 44
11 55
11 56
11 59
11 67
11 69
11 71
11 73
11 82
11 85
11 108
11 109
11 117
11 132
11 137
11 143
11 155
11 160
11 169
11 170
11 171
11 173
11 181
11 189
11 193
11 199
12 15
12 16
12 18
12 20
12 22
12 26
12 27
12 29
12 31
12 42
12 43
12 50
12 53
12 54
12 55
12 58
12 73
12 75
12 77
12 81
12 97
12 101
12 110
12 116
12 118
12 122
12 128
12 134
12 141
12 143
12 158
12 159
12 160
12 169
12 175
12 178
12 180
13 18
13 21
13 26
13 33
13 36
13 48
13 50
13 55
13 56
13 65
13 70
13 78
13 88
13 115
13 116
13 120
13 121
13 130
13 136
13 140
13 161
13 163
13 171
13 175
13 178
13 181
13 185
13 190
13 191
13 193
13 197
14 23
14 48
14 50
14 63
14 71
14 74
14 78
14 86
14 95
14 104
14 106
14 107
14 111
14 113
14 115
14 122
14 126
14 135
14 137
14 142
14 143
14 153
14 155
14 163
14 192
14 193
14 194
15 19
15 22
15 35
15 39
15 50
15 52
15 54
15 66
15 71
15 80
15 82
15 87
15 89
15 93
15 104
15 110
15 113
15 124
15 130
15 142
15 155
15 162
15 164
15 173
15 186
16 18
16 24
16 30
16 32
16 37
16 44
16 57
16 63
16 74
16 75
16 77
16 84
16 90
16 93
16 94
16 95
16 98
16 115
16 128
16 136
16 139
16 141
16 150
16 152
16 156
16 159
16 161
16 169
16 176
16 177
16 180
16 190
16 191
16 197
16 198
17 35
17 38
17 50
17 51
17 63
17 72
17 75
17 82
17 84
17 88
17 89
17 90
17 96
17 100
17 133
17 152
17 154
17 164
17 170
17 175
17 178
17 180
17 191
18 33
18 36
18 42
18 56
18 58
18 78
18 81
18 89
18 95
18 100
18 109
18 111
18 113
18 116
18 124
18 127
18 140
18 143
18 144
18 146
18 147
18 156
18 158
18 161
18 170
18 173
18 181
18 185
18 187
18 197
19 25
19 35
19 45
19 48
19 54
19 57
19 68
19 70
19 71
19 82
19 87
19 96
19 106
19 109
19 113
19 116
19 124
19 127
19 139
19 152
19 165
19 171
19 175
19 177
19 180
19 185
19 191
19 197
19 198
20 21
20 27
20 31
20 35
20 42
20 43
20 44
20 57
20 76
20 79
20 83
20 91
20 100
20 101
20 114
20 119
20 122
20 123
20 128
20 130
20 144
20 165
20 176
20 181
20 185
20 187
20 188
20 199
21 22
21 30
21 33
21 35
21 48
21 51
21 53
21 54
21 64
21 69
21 81
21 85
21 89
21 92
21 98
21 104
21 106
21 110
21 115
21 116
21 120
21 125
21 138
21 142
21 156
21 172
21 178
21 187
21 191
21 194
22 26
22 27
22 33
22 40
22 44
22 46
22 56
22 78
22 84
22 85
22 107
22 140
22 142
22 143
22 149
22 156
22 158
22 160
22 166
22 182
22 183
23 29
23 33
23 37
23 43
23 45
23 50
23 55
23 56
23 59
23 61
23 65
23 67
23 68
23 71
23 76
23 89
23 97
23 98
23 112
23 113
23 127
23 138
23 146
23 148
23 150
23 152
23 156
23 161
23 190
24 28
24 41
24 44
24 48
24 51
24 56
24 58
24 77
24 79
24 88
24 96
24 118
24 132
24 139
24 143
24 145
24 146
24 149
24 166
24 173
24 184
25 28
25 31
25 42
25 46
25 50
25 57
25 66
25 68
25 79
25 80
25 81
25 83
25 90
25 95
25 98
25 105
25 131
25 140
25 145
25 146
25 151
25 159
25 180
25 189
25 194
26 39
26 40
26 42
26 56
26 67
26 84
26 96
26 99
26 100
26 103
26 107
26 112
26 119
26 130
26 131
26 132
26 135
26 140
26 143
26 147
26 155
26 159
26 162
26 167
26 172
26 189
26 192
26 199
27 30
27 32
27 34
27 36
27 43
27 48
27 63
27 66
27 67
27 72
27 82
27 85
27 86
27 89
27 90
27 107
27 122
27 127
27 128
27 129
27 130
27 134
27 144
27 146
27 147
27 155
27 156
27 157
27 175
27 184
27 192
27 199
28 29
28 39
28 49
28 66
28 74
28 83
28 96
28 99
28 110
28 111
28 134
28 136
28 137
28 150
28 152
28 153
28 162
28 169
28 170
28 171
28 181
28 184
28 187
28 193
29 36
29 40
29 43
29 47
29 54
29 57
29 67
29 73
29 74
29 76
29 94
29 102
29 110
29 120
29 129
29 131
29 132
29 134
29 137
29 140
29 153
29 156
29 173
29 174
29 181
29 193
29 195
29 196
29 199
30 33
30 43
30 67
30 72
30 75
30 79
30 83
30 85
30 93
30 116
30 120
30 122
30 126
30 127
30 137
30 138
30 145
30 154
30 158
30 171
30 175
30 179
30 187
30 189
30 193
30 196
31 47
31 70
31 72
31 76
31 82
31 84
31 85
31 86
31 99
31 104
31 113
31 119
31 123
31 127
31 128
31 136
31 140
31 159
31 165
31 171
31 172
31 174
31 177
31 185
31 193
31 194
31 197
32 55
32 59
32 65
32 68
32 75
32 78
32 79
32 90
32 107
32 115
32 118
32 128
32 135
32 177
32 178
32 193
33 46
33 48
33 83
33 87
33 88
33 92
33 97
33 98
33 100
33 101
33 112
33 122
33 125
33 127
33 132
33 146
33 149
33 163
33 166
33 170
33 172
33 178
33 185
34 35
34 36
34 39
34 42
34 46
34 51
34 60
34 69
34 73
34 77
34 78
34 81
34 83
34 84
34 86
34 97
34 112
34 138
34 143
34 153
34 155
34 163
34 167
34 168
34 173
34 185
34 192
35 38
35 48
35 53
35 65
35 67
35 77
35 82
35 85
35 90
35 98
35 101
35 106
35 118
35 119
35 122
35 134
35 150
35 157
35 159
35 160
35 171
35 174
35 177
35 183
35 191
36 60
36 83
36 104
36 107
36 122
36 123
36 128
36 135
36 151
36 163
36 169
36 171
36 175
36 185
36 190
37 57
37 68
37 107
37 111
37 116
37 121
37 129
37 133
37 135
37 142
37 159
37 170
37 173
37 185
37 186
37 195
38 45
38 46
38 51
38 55
38 63
38 77
38 89
38 97
38 112
38 116
38 120
38 121
38 124
38 130
38 135
38 146
38 163
38 171
38 175
38 188
38 189
38 192
38 198
39 44
39 49
39 60
39 72
39 91
39 94
39 99
39 100
39 104
39 117
39 123
39 127
39 137
39 139
39 142
39 144
39 148
39 149
39 156
39 162
39 168
39 169
39 187
39 191
40 57
40 72
40 77
40 79
40 82
40 92
40 93
40 107
40 121
40 124
40 128
40 132
40 137
40 152
40 153
40 154
40 155
40 159
40 178
40 183
40 185
40 189
40 193
40 199
41 44
41 60
41 63
41 67
41 71
41 76
41 89
41 97
41 110
41 119
41 122
41 126
41 127
41 130
41 138
41 156
41 161
41 162
41 164
41 169
41 177
41 179
41 180
41 182
41 194
41 195
42 43
42 58
42 85
42 88
42 89
42 92
42 100
42 104
42 111
42 124
42 129
42 139
42 140
42 145
42 151
42 154
42 173
42 179
42 189
42 195
43 52
43 60
43 63
43 72
43 78
43 88
43 106
43 107
43 117
43 125
43 131
43 138
43 142
43 146
43 155
43 168
43 169
43 174
43 177
43 183
43 186
43 195
43 199
44 55
44 57
44 74
44 86
44 92
44 95
44 96
44 102
44 119
44 136
44 144
44 157
44 172
44 177
44 188
45 53
45 56
45 59
45 67
45 70
45 71
45 79
45 82
45 86
45 93
45 100
45 102
45 106
45 117
45 126
45 132
45 140
45 145
45 149
45 153
45 156
45 186
45 197
46 53
46 58
46 73
46 78
46 84
46 100
46 111
46 112
46 113
46 119
46 122
46 140
46 147
46 154
46 155
46 171
46 178
46 185
46 189
46 192
46 193
46 194
46 196
47 48
47 55
47 76
47 78
47 91
47 94
47 98
47 111
47 112
47 115
47 117
47 121
47 123
47 127
47 131
47 144
47 146
47 160
47 161
47 163
47 165
47 168
47 169
47 183
47 184
48 56
48 65
48 76
48 80
48 82
48 85
48 88
48 89
48 102
48 110
48 117
48 124
48 130
48 132
48 134
48 141
48 143
48 146
48 153
48 157
48 169
48 179
48 180
48 185
48 186
48 191
48 194
48 195
49 62
49 64
49 67
49 85
49 94
49 105
49 117
49 118
49 119
49 120
49 121
49 125
49 131
49 133
49 145
49 146
49 153
49 161
49 166
49 183
49 188
50 61
50 69
50 79
50 83
50 85
50 86
50 114
50 125
50 126
50 130
50 134
50 142
50 145
50 154
50 162
50 166
50 173
50 181
50 195
51 68
51 72
51 77
51 85
51 90
51 112
51 119
51 126
51 132
51 139
51 145
51 171
51 180
51 182
51 193
51 196
52 72
52 79
52 81
52 84
52 88
52 89
52 90
52 93
52 102
52 114
52 120
52 122
52 129
52 138
52 141
52 142
52 155
52 163
52 167
52 177
52 180
52 181
53 54
53 55
53 62
53 63
53 72
53 80
53 113
53 119
53 121
53 122
53 129
53 140
53 143
53 144
53 145
53 153
53 160
53 166
53 170
53 172
53 177
53 178
53 181
53 189
53 193
53 198
53 199
54 61
54 78
54 85
54 87
54 94
54 103
54 110
54 114
54 118
54 132
54 139
54 141
54 143
54 144
54 145
54 149
54 156
54 159
54 162
54 163
54 168
54 176
54 178
54 179
54 181
54 188
54 189
55 65
55 79
55 82
55 100
55 101
55 108
55 114
55 128
55 132
55 142
55 146
55 147
55 153
55 155
55 158
55 160
55 164
56 57
56 64
56 69
56 88
56 101
56 113
56 128
56 134
56 141
56 142
56 143
56 145
56 168
56 172
56 188
56 193
56 194
57 82
57 87
57 93
57 104
57 110
57 114
57 137
57 145
57 146
57 155
57 159
57 161
57 162
57 181
57 182
57 188
57 192
58 60
58 62
58 70
58 79
58 84
58 88
58 91
58 99
58 100
58 118
58 140
58 143
58 145
58 149
58 155
58 161
58 163
58 175
58 189
58 191
58 197
58 199
59 70
59 74
59 75
59 85
59 100
59 112
59 113
59 121
59 127
59 133
59 135
59 143
59 157
59 161
59 170
59 171
59 172
59 173
59 175
59 187
59 191
59 195
60 65
60 66
60 72
60 78
60 84
60 97
60 104
60 111
60 120
60 128
60 131
60 149
60 154
60 155
60 156
60 159
60 161
60 163
60 165
60 172
60 173
60 175
60 176
60 178
60 179
60 180
60 185
60 195
60 197
61 68
61 69
61 81
61 82
61 93
61 94
61 96
61 97
61 101
61 109
61 117
61 121
61 128
61 136
61 137
61 145
61 146
61 147
61 154
61 169
61 192
61 193
61 196
62 63
62 79
62 86
62 87
62 95
62 96
62 100
62 108
62 111
62 115
62 121
62 123
62 128
62 130
62 142
62 143
62 167
62 169
62 172
62 175
62 179
62 181
62 183
62 185
62 192
62 196
62 197
62 198
63 65
63 72
63 79
63 87
63 94
63 96
63 99
63 109
63 128
63 130
63 156
63 163
63 164
63 172
63 180
63 192
63 194
64 81
64 91
64 108
64 111
64 121
64 128
64 134
64 138
64 153
64 168
64 173
64 174
64 178
64 187
64 193
64 199
65 73
65 80
65 85
65 90
65 105
65 112
65 116
65 130
65 152
65 161
65 164
65 177
65 183
65 186
65 190
66 70
66 71
66 85
66 95
66 110
66 112
66 117
66 134
66 138
66 140
66 143
66 151
66 162
66 175
66 178
66 186
66 188
66 189
66 190
66 193
67 93
67 95
67 96
67 100
67 101
67 110
67 118
67 121
67 123
67 137
67 154
67 157
67 159
67 162
67 168
67 176
67 192
68 75
68 82
68 83
68 94
68 105
68 109
68 111
68 116
68 117
68 119
68 120
68 132
68 138
68 147
68 154
68 168
68 170
68 174
68 178
68 181
68 183
68 188
68 192
68 195
69 70
69 71
69 76
69 81
69 86
69 87
69 91
69 92
69 96
69 102
69 107
69 109
69 114
69 122
69 125
69 131
69 132
69 149
69 150
69 175
69 181
69 184
69 198
70 77
70 87
70 95
70 98
70 107
70 121
70 134
70 136
70 159
70 162
70 184
70 185
70 193
70 194
70 197
71 78
71 95
71 100
71 114
71 117
71 123
71 134
71 136
71 152
71 164
71 165
71 168
71 169
71 181
71 182
71 183
71 189
71 196
72 77
72 81
72 88
72 92
72 93
72 99
72 100
72 114
72 129
72 140
72 144
72 163
72 165
72 166
72 173
72 177
72 182
72 186
73 86
73 89
73 94
73 98
73 101
73 114
73 117
73 121
73 122
73 127
73 129
73 138
73 148
73 154
73 158
73 160
73 161
73 164
73 168
73 187
73 190
73 193
74 90
74 99
74 106
74 121
74 132
74 142
74 144
74 151
74 155
74 156
74 157
74 158
74 161
74 162
74 169
74 171
74 173
74 174
74 175
74 186
74 187
74 198
75 77
75 90
75 98
75 99
75 108
75 109
75 126
75 127
75 134
75 138
75 139
75 140
75 154
75 166
75 167
75 189
75 192
76 79
76 89
76 100
76 102
76 104
76 119
76 120
76 121
76 123
76 137
76 142
76 143
76 150
76 155
76 156
76 167
76 177
77 81
77 82
77 85
77 94
77 98
77 106
77 114
77 119
77 145
77 147
77 153
77 154
77 182
77 197
78 81
78 89
78 101
78 104
78 105
78 113
78 116
78 121
78 122
78 124
78 141
78 142
78 150
78 154
78 164
78 180
78 197
79 96
79 102
79 104
79 110
79 114
79 117
79 130
79 135
79 138
79 142
79 144
79 146
79 156
79 162
79 163
79 165
79 168
79 173
80 84
80 88
80 112
80 132
80 136
80 143
80 146
80 153
80 158
80 172
80 173
80 181
80 188
81 101
81 103
81 106
81 121
81 126
81 127
81 130
81 143
81 152
81 154
81 165
81 167
81 182
81 186
81 192
81 195
81 196
81 197
82 90
82 95
82 99
82 114
82 120
82 129
82 131
82 135
82 137
82 140
82 142
82 150
82 160
82 165
82 170
82 171
82 172
82 182
82 186
82 187
82 189
83 91
83 98
83 99
83 105
83 108
83 111
83 114
83 124
83 125
83 140
83 142
83 144
83 146
83 153
83 163
83 174
83 176
83 177
83 180
83 182
83 183
83 192
83 196
84 88
84 91
84 96
84 99
84 103
84 105
84 118
84 122
84 123
84 132
84 134
84 138
84 140
84 152
84 158
84 165
84 172
84 175
84 178
84 183
84 184
84 192
85 94
85 97
85 103
85 114
85 143
85 149
85 159
85 164
85 172
85 174
85 182
85 185
85 187
85 192
86 90
86 103
86 104
86 114
86 133
86 139
86 141
86 142
86 160
86 162
86 168
86 175
86 176
86 178
86 185
86 192
86 194
87 92
87 93
87 98
87 104
87 107
87 115
87 129
87 130
87 131
87 143
87 145
87 152
87 162
87 171
87 173
87 175
87 187
87 191
87 195
88 89
88 99
88 110
88 118
88 122
88 127
88 132
88 139
88 151
88 175
88 177
88 178
88 180
88 192
89 101
89 102
89 112
89 115
89 123
89 125
89 129
89 130
89 144
89 149
89 158
89 171
89 195
90 91
90 103
90 104
90 109
90 111
90 116
90 120
90 132
90 137
90 138
90 164
90 169
90 187
90 194
90 195
91 97
91 102
91 106
91 119
91 127
91 130
91 135
91 136
91 139
91 142
91 144
91 152
91 170
91 175
91 181
91 183
91 187
91 192
92 98
92 102
92 113
92 126
92 150
92 159
92 170
92 177
92 189
92 193
93 113
93 120
93 125
93 129
93 132
93 133
93 134
93 163
93 167
93 172
93 196
94 97
94 113
94 114
94 121
94 123
94 129
94 133
94 137
94 138
94 139
94 145
94 166
94 183
94 189
95 96
95 106
95 119
95 126
95 132
95 133
95 135
95 137
95 139
95 156
95 159
95 166
95 172
95 175
95 177
95 178
95 182
95 196
96 101
96 103
96 109
96 111
96 112
96 114
96 115
96 125
96 127
96 152
96 162
96 163
96 168
96 169
96 174
96 176
96 178
96 179
96 188
96 195
96 196
96 199
97 100
97 105
97 106
97 109
97 110
97 111
97 126
97 135
97 150
97 152
97 153
97 156
97 158
97 159
97 160
97 162
97 169
97 184
97 185
97 189
97 192
97 198
98 131
98 135
98 138
98 141
98 142
98 146
98 147
98 159
98 170
98 175
98 178
98 182
98 186
98 191
98 199
99 104
99 107
99 111
99 131
99 134
99 139
99 143
99 145
99 146
99 156
99 158
99 169
99 172
99 181
99 183
99 187
99 188
99 190
99 195
99 199
100 110
100 123
100 126
100 127
100 135
100 141
100 145
100 147
100 150
100 153
100 154
100 156
100 167
100 169
100 186
100 195
100 196
101 103
101 105
101 112
101 116
101 123
101 132
101 134
101 140
101 153
101 157
101 160
101 165
101 171
101 173
101 185
101 190
101 194
102 144
102 149
102 163
102 164
102 166
102 167
102 173
102 183
102 193
102 194
102 196
103 113
103 122
103 123
103 129
103 131
103 133
103 134
103 135
103 141
103 147
103 168
103 183
103 186
103 187
104 111
104 115
104 122
104 126
104 129
104 131
104 136
104 140
104 153
104 157
104 172
104 180
104 194
105 110
105 119
105 124
105 125
105 135
105 139
105 142
105 156
105 162
105 171
105 179
106 107
106 112
106 122
106 130
106 139
106 160
106 178
106 181
106 185
106 191
106 194
107 109
107 115
107 120
107 123
107 144
107 151
107 156
107 167
107 171
107 181
107 183
108 110
108 121
108 136
108 137
108 141
108 147
108 163
108 175
108 176
108 185
108 186
108 192
108 197
109 111
109 113
109 118
109 119
109 127
109 141
109 156
109 159
109 168
109 176
109 185
109 192
109 193
110 119
110 135
110 138
110 142
110 162
110 163
110 174
110 175
110 192
110 194
111 118
111 126
111 127
111 128
111 129
111 137
111 139
111 144
111 148
111 186
112 116
112 128
112 132
112 141
112 149
112 152
112 155
112 166
112 167
112 188
112 192
112 198
113 115
113 129
113 134
113 147
113 153
113 154
113 157
113 158
113 164
113 173
113 176
113 178
113 186
113 187
113 188
113 194
113 196
114 128
114 130
114 166
114 171
114 176
114 185
114 187
114 189
114 198
115 125
115 126
115 129
115 132
115 136
115 138
115 140
115 141
115 142
115 146
115 151
115 152
115 159
115 161
115 162
115 167
115 169
115 171
115 178
115 187
115 188
115 189
115 191
115 199
116 130
116 151
116 157
116 163
116 164
116 167
116 179
116 182
117 125
117 129
117 131
117 134
117 146
117 148
117 150
117 151
117 153
117 159
117 160
117 161
117 166
117 175
117 183
117 187
117 198
118 125
118 127
118 144
118 146
118 151
118 152
118 162
118 164
118 168
118 171
118 175
118 178
118 185
118 197
119 132
119 135
119 136
119 139
119 155
119 161
119 163
119 170
119 183
119 188
119 189
120 124
120 129
120 163
120 164
120 174
120 176
120 183
120 186
120 190
120 191
120 196
121 132
121 136
121 148
121 162
121 164
121 179
121 190
121 192
121 194
121 198
122 126
122 132
122 135
122 139
122 140
122 144
122 146
122 157
122 158
122 168
122 169
122 172
122 174
122 178
122 179
122 180
122 184
122 186
122 189
122 195
123 144
123 154
123 156
123 168
123 170
123 178
123 183
123 187
123 194
123 196
124 127
124 129
124 134
124 135
124 141
124 147
124 152
124 157
124 159
124 164
124 166
124 170
124 171
124 182
124 183
124 189
124 192
124 193
124 196
125 129
125 138
125 148
125 155
125 162
125 166
125 171
125 172
125 178
125 187
125 189
125 194
125 195
126 137
126 140
126 154
126 161
126 165
126 168
126 174
126 183
126 185
126 188
126 195
127 129
127 132
127 139
127 149
127 152
127 153
127 157
127 158
127 170
127 171
127 178
127 186
127 189
127 192
127 193
127 194
128 138
128 157
128 166
128 170
128 175
128 179
128 185
128 187
128 190
129 134
129 137
129 140
129 150
129 153
129 155
129 158
129 160
129 167
129 173
129 179
129 180
129 181
129 186
129 193
130 142
130 145
130 147
130 151
130 164
130 168
130 177
130 178
130 182
130 183
131 135
131 153
131 154
131 157
131 162
131 169
131 170
131 176
131 181
131 191
131 195
131 196
131 199
132 133
132 145
132 153
132 154
132 158
132 167
133 138
133 149
133 150
133 160
133 167
133 170
133 172
133 175
133 179
133 183
133 185
133 186
133 198
133 199
134 137
134 144
134 145
134 146
134 166
134 179
134 185
134 193
135 144
135 147
135 153
135 154
135 162
135 164
135 167
135 176
135 179
135 180
135 181
135 182
136 160
136 169
136 170
136 171
136 172
136 173
136 178
136 182
136 188
137 138
137 139
137 144
137 155
137 156
137 171
137 175
137 176
137 181
137 191
137 192
137 193
137 195
137 197
137 198
138 147
138 154
138 158
138 162
138 180
138 188
138 195
138 197
139 141
139 143
139 165
139 174
139 177
139 179
139 180
139 186
139 192
140 158
140 160
140 169
140 180
140 184
141 143
141 144
141 153
141 159
141 165
141 167
141 174
141 185
141 187
141 188
141 189
141 191
141 192
141 194
141 198
142 147
142 172
142 175
142 176
142 178
142 189
142 191
143 154
143 168
143 171
143 177
143 178
143 185
144 145
144 156
144 159
144 160
144 162
144 165
144 166
144 183
144 186
144 191
145 148
145 151
145 154
145 155
145 157
145 163
145 165
145 166
145 168
145 188
145 190
145 191
146 150
146 163
146 164
146 177
146 182
146 188
146 189
146 192
146 194
147 158
147 167
147 169
147 173
147 181
147 189
148 159
148 165
148 168
148 170
148 174
148 175
148 184
148 188
148 195
149 150
149 166
149 170
149 175
149 178
149 186
149 190
149 191
149 196
149 198
150 157
150 160
150 168
150 172
150 173
150 184
150 187
150 192
150 193
150 194
151 152
151 173
151 181
151 185
152 157
152 162
152 163
152 167
152 188
152 189
152 199
153 167
153 169
153 176
153 183
153 185
153 187
153 189
153 193
154 158
154 164
154 170
154 189
154 191
154 196
154 198
155 170
155 174
155 180
155 187
156 161
156 165
156 168
156 177
156 179
156 185
156 190
157 161
157 164
157 168
157 189
157 192
158 170
158 175
159 171
159 177
159 178
159 186
159 188
159 189
159 196
160 166
160 167
160 174
160 175
160 182
160 186
161 164
161 177
161 180
161 186
161 196
162 166
162 174
162 177
162 179
162 180
162 182
162 184
162 195
162 198
163 174
163 184
164 174
164 186
164 187
164 189
164 193
164 199
165 167
165 169
165 185
165 190
165 193
165 197
166 176
166 177
166 198
167 176
167 177
167 197
168 177
168 179
168 180
168 195
168 198
169 185
169 194
170 178
170 184
170 185
170 186
170 187
170 197
171 175
172 178
172 186
172 197
173 176
173 180
173 196
174 185
174 186
174 190
174 192
175 176
175 184
176 181
176 185
176 190
176 194
177 193
178 180
178 182
178 184
178 186
179 181
179 189
179 190
179 194
179 198
180 193
180 194
180 195
181 186
181 193
181 198
183 193
183 197
184 186
184 187
184 188
184 195
184 197
185 195
185 198
186 191
187 190
187 196
188 198
189 193
190 197
191 195
193 194
194 198
194 199
195 199
196 199
197 198
