0 1
0 25
0 37
0 41
0 43
0 47
0 55
0 65
0 75
0 89
0 101
0 104
0 114
0 125
0 127
0 128
0 141
0 152
0 174
0 183
1 14
1 18
1 21
1 26
1 27
1 28
1 40
1 53
1 58
1 89
1 99
1 105
1 119
1 126
1 127
1 131
1 141
1 145
1 149
1 160
1 170
1 174
1 176
1 185
1 199
2 3
2 22
2 29
2 66
2 68
2 73
2 77
2 78
2 87
2 135
2 142
2 149
2 152
2 156
2 175
2 176
2 178
3 7
3 16
3 20
3 39
3 60
3 61
3 65
3 66
3 74
3 91
3 92
3 98
3 114
3 135
3 143
3 149
3 155
3 160
3 168
3 173
3 176
3 177
3 180
3 185
3 198
4 5
4 6
4 8
4 42
4 47
4 54
4 56
4 64
4 80
4 81
4 122
4 144
4 158
4 168
4 181
4 182
4 192
4 199
5 8
5 9
5 11
5 15
5 19
5 24
5 25
5 26
5 47
5 50
5 51
5 52
5 56
5 67
5 74
5 77
5 88
5 109
5 120
5 121
5 124
5 137
5 145
5 157
5 159
5 181
5 183
5 185
5 186
5 192
5 194
6 12
6 30
6 39
6 42
6 55
6 86
6 87
6 88
6 118
6 126
6 138
6 145
6 147
6 152
6 160
6 169
6 178
6 180
6 191
7 12
7 13
7 15
7 24
7 40
7 61
7 67
7 74
7 79
7 89
7 95
7 104
7 124
7 125
7 130
7 140
7 143
7 145
7 152
7 156
7 168
7 178
8 15
8 39
8 49
8 62
8 73
8 74
8 89
8 108
8 110
8 116
8 125
8 126
8 127
8 139
8 148
8 153
8 170
8 174
8 175
8 177
8 185
8 187
8 189
9 11
9 13
9 17
9 19
9 30
9 54
9 55
9 60
9 65
9 72
9 91
9 102
9 105
9 113
9 122
9 133
9 134
9 161
9 165
9 176
9 190
10 24
10 30
10 34
10 36
10 45
10 48
10 58
10 60
10 70
10 72
10 79
10 84
10 88
10 128
10 129
10 137
10 145
10 155
10 158
10 166
10 170
10 179
11 14
11 20
11 36
11 38
11 42
11 50
11 56
11 59
11 65
11 73
11 77
11 102
11 104
11 122
11 137
11 143
11 144
11 149
11 154
11 164
11 178
12 23
12 32
12 51
12 83
12 91
12 102
12 103
12 121
12 122
12 123
12 154
12 159
12 175
12 178
12 192
13 19
13 31
13 49
13 52
13 65
13 80
13 95
13 102
13 103
13 105
13 110
13 113
13 122
13 123
13 163
13 168
13 169
13 170
13 182
13 186
13 190
13 196
13 199
14 45
14 60
14 61
14 81
14 94
14 117
14 120
14 148
14 154
14 170
14 183
15 18
15 30
15 65
15 73
15 99
15 109
15 121
15 124
15 136
15 145
16 42
16 52
16 56
16 58
16 59
16 61
16 69
16 70
16 73
16 83
16 91
16 98
16 109
16 111
16 122
16 127
16 142
16 178
16 179
17 21
17 38
17 127
17 138
17 142
17 156
17 161
17 166
17 173
17 195
17 197
18 53
18 88
18 98
18 117
18 143
18 156
18 158
18 199
19 39
19 51
19 84
19 88
19 107
19 120
19 141
19 161
19 184
19 194
20 40
20 47
20 62
20 73
20 75
20 80
20 99
20 118
20 121
20 129
20 148
20 152
20 157
20 158
20 167
20 170
20 185
20 197
21 35
21 38
21 39
21 45
21 60
21 75
21 92
21 95
21 112
21 123
21 125
21 134
21 149
21 166
21 173
21 180
22 53
22 64
22 77
22 93
22 118
22 123
22 124
22 182
22 184
23 51
23 98
23 104
23 105
23 110
23 125
23 135
23 137
23 145
23 152
23 173
23 178
23 187
23 193
23 195
24 32
24 44
24 70
24 95
24 103
24 117
24 118
24 120
24 121
24 128
24 150
24 162
24 165
24 167
24 197
24 198
25 34
25 56
25 73
25 89
25 93
25 113
25 120
25 130
25 154
25 156
25 157
25 160
25 171
25 185
26 40
26 45
26 50
26 52
26 54
26 60
26 67
26 77
26 83
26 84
26 87
26 93
26 102
26 103
26 110
26 111
26 117
26 118
26 129
26 130
26 136
26 156
26 157
26 170
26 172
26 180
26 181
26 186
27 38
27 39
27 42
27 44
27 48
27 52
27 57
27 62
27 79
27 86
27 114
27 123
27 155
27 169
28 30
28 39
28 40
28 58
28 76
28 78
28 83
28 85
28 100
28 122
28 141
28 142
28 143
28 153
28 156
28 177
28 185
28 189
28 197
29 30
29 32
29 48
29 56
29 57
29 95
29 113
29 114
29 134
29 141
29 182
30 31
30 32
30 33
30 35
30 47
30 51
30 69
30 77
30 93
30 98
30 107
30 110
30 122
30 128
30 130
30 149
30 154
30 161
30 174
30 177
30 194
31 37
31 67
31 69
31 73
31 75
31 108
31 129
31 134
31 147
31 150
31 175
31 177
31 198
32 42
32 55
32 56
32 75
32 77
32 82
32 90
32 95
32 126
32 131
32 145
32 150
32 152
32 160
32 168
32 173
32 176
32 185
32 194
33 36
33 41
33 53
33 61
33 87
33 102
33 113
33 114
33 116
33 121
33 128
33 131
33 134
33 147
33 155
33 169
33 190
33 193
33 196
34 50
34 62
34 93
34 94
34 115
34 116
34 125
34 129
34 140
34 167
34 177
34 183
34 189
35 38
35 41
35 95
35 100
35 105
35 123
35 131
35 133
35 137
35 141
35 143
35 150
35 156
35 157
35 180
35 188
36 44
36 55
36 58
36 82
36 86
36 101
36 102
36 138
36 146
36 163
36 189
37 43
37 51
37 52
37 56
37 120
37 123
37 125
37 129
37 130
37 131
37 142
37 147
37 152
37 156
37 157
37 167
37 179
38 57
38 59
38 65
38 67
38 68
38 69
38 81
38 94
38 106
38 107
38 122
38 152
38 174
38 176
38 189
38 191
38 194
39 41
39 49
39 50
39 58
39 77
39 83
39 87
39 88
39 97
39 146
39 154
39 165
39 166
39 167
39 168
39 175
39 176
39 178
39 188
39 193
39 195
40 42
40 51
40 70
40 85
40 86
40 94
40 115
40 126
40 144
40 145
40 155
40 157
40 162
40 170
40 172
40 183
40 185
40 190
40 198
41 43
41 50
41 55
41 66
41 68
41 80
41 96
41 97
41 109
41 112
41 127
41 132
41 138
41 141
41 153
41 162
41 198
42 48
42 61
42 62
42 97
42 106
42 111
42 116
42 123
42 126
42 131
42 139
42 148
42 157
42 180
42 189
42 190
42 196
43 52
43 64
43 71
43 91
43 106
43 111
43 122
43 125
43 130
43 139
43 148
43 168
43 181
43 185
43 191
44 54
44 56
44 62
44 68
44 71
44 76
44 77
44 86
44 91
44 97
44 107
44 111
44 116
44 122
44 138
44 149
44 155
44 157
44 163
44 176
44 182
44 198
45 64
45 70
45 73
45 75
45 80
45 84
45 90
45 135
45 144
45 146
45 160
45 164
45 170
45 198
46 51
46 52
46 56
46 71
46 74
46 87
46 96
46 104
46 112
46 118
46 124
46 131
46 132
46 133
46 134
46 145
46 146
46 151
46 172
46 176
47 50
47 56
47 69
47 81
47 90
47 100
47 107
47 109
47 120
47 130
47 140
47 149
47 152
47 161
47 166
47 171
47 183
47 188
47 190
47 195
48 53
48 60
48 76
48 83
48 90
48 101
48 117
48 121
48 130
48 155
48 159
48 164
48 170
48 177
48 178
48 196
49 55
49 60
49 83
49 96
49 97
49 103
49 114
49 123
49 126
49 142
49 146
49 179
49 183
49 191
49 195
49 196
50 57
50 77
50 79
50 81
50 99
50 104
50 108
50 111
50 130
50 136
50 151
50 153
50 161
50 183
50 189
50 197
51 53
51 65
51 72
51 83
51 98
51 115
51 130
51 136
51 151
51 174
51 190
51 199
52 58
52 70
52 85
52 91
52 102
52 119
52 133
52 156
52 166
52 174
52 177
52 185
53 61
53 71
53 74
53 86
53 90
53 94
53 106
53 113
53 122
53 137
53 139
53 140
53 143
53 144
53 158
53 161
53 164
53 165
53 166
53 169
53 173
54 59
54 65
54 73
54 86
54 89
54 126
54 128
54 129
54 131
54 133
54 134
54 145
54 166
54 172
54 179
54 183
55 68
55 83
55 87
55 96
55 102
55 112
55 118
55 125
55 134
55 145
55 152
55 160
55 168
55 176
55 177
56 66
56 75
56 88
56 97
56 100
56 111
56 112
56 113
56 124
56 136
56 141
56 144
56 158
56 164
56 167
57 67
57 69
57 77
57 78
57 87
57 91
57 93
57 97
57 123
57 133
57 152
57 166
57 183
57 186
57 197
58 63
58 64
58 80
58 83
58 84
58 87
58 89
58 90
58 114
58 116
58 132
58 133
58 139
58 140
58 143
58 155
58 161
58 164
58 186
59 70
59 75
59 83
59 85
59 91
59 93
59 94
59 97
59 103
59 104
59 116
59 118
59 137
59 156
59 181
59 184
59 188
60 70
60 81
60 82
60 97
60 102
60 104
60 111
60 142
60 144
60 159
60 166
60 172
60 185
60 192
61 72
61 74
61 76
61 89
61 102
61 103
61 116
61 127
61 155
61 164
61 165
61 169
61 170
61 171
61 178
61 185
61 189
62 78
62 86
62 102
62 109
62 133
62 137
62 143
62 153
62 156
62 160
62 167
62 179
62 180
62 186
62 190
62 198
63 68
63 73
63 75
63 77
63 80
63 85
63 94
63 101
63 146
63 147
63 151
63 160
63 171
64 73
64 80
64 99
64 109
64 117
64 129
64 130
64 132
64 147
64 168
64 176
64 184
64 196
65 82
65 87
65 93
65 111
65 112
65 118
65 130
65 133
65 145
65 147
65 156
65 166
65 190
65 192
66 103
66 105
66 112
66 115
66 143
66 152
66 169
66 171
66 187
67 71
67 82
67 99
67 108
67 120
67 123
67 137
67 145
67 151
67 159
67 174
67 181
67 196
68 75
68 77
68 85
68 86
68 97
68 101
68 110
68 111
68 116
68 132
68 136
68 138
68 141
68 143
68 155
68 164
68 166
68 175
68 177
68 183
68 186
68 188
68 191
68 196
69 73
69 77
69 78
69 87
69 90
69 97
69 99
69 103
69 107
69 109
69 126
69 127
69 136
69 137
69 142
69 152
69 162
69 169
69 173
69 186
69 198
70 75
70 92
70 114
70 130
70 145
70 147
70 150
70 154
70 159
70 163
70 181
70 195
71 88
71 90
71 105
71 123
71 140
71 145
71 149
71 158
71 179
72 82
72 83
72 85
72 105
72 115
72 118
72 119
72 127
72 129
72 136
72 148
72 153
72 161
72 190
73 74
73 85
73 86
73 90
73 93
73 97
73 99
73 106
73 110
73 115
73 131
73 133
73 138
73 156
73 161
73 165
73 167
73 172
73 190
73 192
73 194
74 78
74 80
74 92
74 108
74 123
74 132
74 145
74 170
74 183
74 187
74 195
74 196
75 95
75 101
75 114
75 129
75 132
75 140
75 158
75 173
75 174
76 86
76 102
76 116
76 122
76 135
76 142
76 158
76 165
76 171
76 173
77 78
77 79
77 86
77 91
77 130
77 135
77 154
77 156
77 158
77 168
77 170
78 84
78 109
78 117
78 140
78 156
78 159
78 176
78 185
78 186
78 188
78 192
79 81
79 91
79 92
79 96
79 100
79 101
79 104
79 107
79 113
79 127
79 143
79 167
79 193
80 82
80 91
80 97
80 115
80 124
80 144
80 148
80 159
80 174
80 179
80 183
80 184
80 192
80 196
80 197
81 90
81 97
81 99
81 128
81 154
81 156
81 159
81 167
81 182
81 190
81 199
82 105
82 138
82 142
82 147
82 156
82 159
82 160
82 164
82 186
82 190
82 197
83 108
83 137
83 141
83 147
83 150
83 151
83 155
83 188
84 85
84 92
84 93
84 100
84 101
84 103
84 122
84 133
84 135
84 136
84 142
84 144
84 149
84 153
84 161
84 166
84 170
84 185
84 190
85 95
85 101
85 106
85 117
85 130
85 161
85 168
85 187
85 189
85 196
86 93
86 114
86 119
86 122
86 151
86 165
86 167
86 168
86 184
86 187
86 190
87 98
87 116
87 118
87 122
87 129
87 135
87 186
87 188
87 198
88 102
88 111
88 115
88 123
88 137
88 146
88 161
88 162
88 172
88 180
88 183
88 193
89 96
89 100
89 101
89 107
89 111
89 116
89 155
89 161
89 166
89 172
89 174
89 189
89 190
89 198
90 92
90 94
90 106
90 124
90 143
90 148
90 153
90 164
90 189
91 100
91 105
91 115
91 118
91 119
91 125
91 131
91 138
91 139
91 155
91 169
91 172
91 184
91 190
91 199
92 99
92 111
92 112
92 115
92 120
92 132
92 149
92 161
93 107
93 127
93 132
93 136
93 144
93 145
93 146
93 148
93 150
93 154
93 176
93 177
93 179
93 183
93 191
93 193
93 198
94 100
94 122
94 127
94 136
94 166
94 172
94 178
94 179
94 183
94 185
94 188
94 197
95 103
95 106
95 107
95 113
95 122
95 132
95 134
95 144
95 148
95 153
95 162
95 168
95 174
95 184
95 188
95 189
95 198
96 120
96 146
96 153
96 183
96 193
97 104
97 117
97 118
97 131
97 159
97 160
97 173
97 178
97 183
97 190
98 102
98 103
98 107
98 117
98 143
98 147
98 154
98 172
98 176
98 184
98 186
98 191
99 101
99 112
99 124
99 127
99 134
99 138
99 146
99 172
99 185
100 102
100 112
100 129
100 198
101 109
101 110
101 113
101 129
101 155
101 179
101 184
101 190
102 110
102 112
102 113
102 124
102 129
102 131
102 135
102 138
102 145
102 154
102 157
102 174
102 180
102 187
102 194
103 111
103 122
103 153
103 170
103 184
103 190
104 112
104 129
104 139
104 150
104 157
104 165
104 166
104 175
104 184
104 193
104 199
105 121
105 137
105 155
105 165
105 170
105 171
105 180
105 189
105 196
106 140
106 142
106 183
106 185
106 198
107 116
107 124
107 126
107 133
107 155
107 159
107 160
107 166
107 172
107 173
107 186
107 187
107 198
108 113
108 120
108 130
108 134
108 137
108 148
108 150
108 155
108 167
108 168
108 169
108 176
108 179
108 189
108 198
109 115
109 120
109 134
109 183
110 111
110 120
110 132
110 147
110 151
110 191
111 129
111 134
111 155
111 188
111 194
112 125
112 128
112 145
112 150
112 163
112 165
112 178
112 184
112 192
112 199
113 118
113 128
113 159
113 164
113 165
113 199
114 115
114 116
114 144
114 160
114 162
114 176
114 186
114 190
114 195
115 135
115 150
115 153
115 158
115 159
115 163
115 168
115 173
115 184
116 117
116 121
116 129
116 135
116 139
116 140
116 143
116 145
116 146
116 159
116 163
116 169
116 175
116 183
116 186
116 196
117 131
117 144
117 154
117 158
117 165
117 169
117 172
117 197
117 199
118 133
118 148
118 155
118 158
118 170
118 185
118 189
118 190
119 120
119 129
119 142
119 153
119 156
119 162
119 168
119 179
120 121
120 139
120 145
120 156
120 178
120 184
121 136
121 138
121 146
121 154
121 174
121 187
121 188
121 192
121 198
122 129
122 132
122 155
122 159
122 169
122 182
122 188
122 196
123 134
123 189
123 190
123 193
124 144
124 159
124 160
124 173
124 183
124 191
124 192
125 126
125 133
125 155
125 195
125 196
126 127
126 143
126 166
126 175
126 189
126 196
127 128
127 138
127 142
127 153
127 183
127 188
127 191
128 133
128 143
128 153
128 161
128 168
128 177
128 184
128 187
128 191
128 197
128 198
129 184
129 194
129 197
130 131
130 142
130 162
130 167
130 169
130 176
130 183
130 184
130 187
131 135
131 138
131 153
131 163
131 164
131 168
131 191
131 196
131 197
132 150
132 171
132 180
132 183
132 191
132 193
132 196
133 139
133 142
133 149
133 161
133 169
133 174
133 185
133 187
133 190
133 194
134 144
134 147
134 153
134 154
134 155
134 185
134 199
135 164
135 174
135 180
135 192
137 138
137 148
137 165
137 169
137 172
137 196
138 153
138 166
138 175
138 184
139 143
139 156
139 165
139 172
139 186
139 189
139 191
140 142
140 148
140 158
140 164
140 172
140 175
140 183
140 184
140 185
140 196
140 197
141 164
141 171
141 172
141 176
141 177
141 179
141 190
141 192
142 143
142 178
142 181
142 192
142 193
143 148
143 156
143 171
143 196
144 181
145 157
145 174
145 191
145 195
145 196
146 154
146 156
146 157
146 158
146 160
146 162
146 170
146 178
146 193
146 194
147 148
147 159
147 173
147 181
147 190
147 196
148 152
148 153
148 158
148 177
148 180
149 150
149 175
149 193
149 194
150 154
150 162
151 183
151 189
152 170
152 176
152 188
153 173
153 183
153 196
154 155
154 165
154 166
154 191
155 159
155 165
155 172
155 192
156 159
156 161
156 164
156 183
156 192
156 197
157 164
157 192
158 166
158 169
158 171
158 185
159 162
159 170
159 173
159 199
160 163
160 164
160 169
160 179
160 189
160 198
161 179
161 185
161 188
161 193
161 195
162 168
162 170
162 177
162 183
162 184
163 167
163 175
163 193
163 198
164 176
164 182
165 171
165 174
165 180
165 186
165 192
165 194
166 167
166 169
166 171
167 169
167 181
167 189
168 171
169 179
169 191
170 183
170 185
171 175
171 188
171 194
172 194
173 198
174 176
175 181
175 187
175 190
175 194
177 184
177 195
177 199
178 189
179 195
181 199
182 196
183 191
183 199
186 193
186 196
187 189
187 191
189 193
190 195
193 195
195 196
196 197
