0 5
0 15
0 24
0 28
0 39
0 45
0 54
0 78
0 104
0 120
0 122
0 134
0 136
0 172
0 175
0 177
0 192
1 4
1 7
1 8
1 15
1 18
1 20
1 30
1 31
1 51
1 74
1 85
1 90
1 96
1 102
1 116
1 117
1 127
1 141
1 151
1 155
1 163
1 165
1 170
1 178
1 184
1 187
1 189
1 197
2 12
2 17
2 21
2 33
2 65
2 68
2 76
2 111
2 115
2 147
2 163
2 170
2 184
2 191
2 193
3 5
3 8
3 25
3 29
3 31
3 33
3 36
3 39
3 58
3 67
3 81
3 86
3 89
3 103
3 107
3 108
3 116
3 118
3 119
3 126
3 136
3 138
3 145
3 155
3 169
3 190
4 46
4 47
4 67
4 82
4 87
4 92
4 100
4 102
4 106
4 112
4 122
4 129
4 154
4 171
4 199
5 32
5 38
5 52
5 59
5 62
5 65
5 79
5 87
5 91
5 100
5 104
5 136
5 138
5 152
5 155
5 160
5 161
5 165
5 167
5 197
6 12
6 19
6 23
6 28
6 36
6 44
6 52
6 70
6 74
6 86
6 123
6 144
6 145
6 151
6 158
6 162
6 198
7 13
7 22
7 34
7 40
7 45
7 51
7 67
7 97
7 98
7 114
7 116
7 136
7 139
7 148
7 149
7 154
7 156
7 161
7 169
7 172
7 196
8 18
8 23
8 34
8 38
8 49
8 59
8 69
8 73
8 75
8 86
8 88
8 104
8 106
8 110
8 113
8 119
8 122
8 131
8 138
8 155
8 173
8 181
8 186
8 190
9 72
9 73
9 76
9 78
9 96
9 114
9 125
9 130
9 135
9 148
9 159
9 162
9 167
9 171
9 192
10 11
10 15
10 20
10 37
10 40
10 46
10 53
10 59
10 73
10 82
10 100
10 116
10 126
10 141
10 150
10 151
10 157
10 165
10 171
10 179
10 191
10 193
11 16
11 21
11 42
11 46
11 65
11 71
11 72
11 77
11 82
11 87
11 97
11 111
11 120
11 141
11 150
11 165
11 176
11 189
11 190
11 192
11 194
11 199
12 36
12 65
12 78
12 91
12 99
12 102
12 107
12 113
12 134
12 176
12 184
13 35
13 43
13 46
13 54
13 72
13 76
13 84
13 85
13 97
13 100
13 101
13 102
13 130
13 138
13 157
13 172
13 180
13 182
13 190
14 30
14 31
14 38
14 43
14 46
14 49
14 51
14 54
14 59
14 70
14 74
14 88
14 136
14 159
14 199
15 16
15 38
15 42
15 51
15 57
15 58
15 65
15 73
15 82
15 90
15 94
15 102
15 103
15 104
15 110
15 118
15 122
15 132
15 137
15 142
15 143
15 160
15 172
15 182
15 186
16 24
16 27
16 32
16 37
16 43
16 59
16 68
16 74
16 77
16 89
16 116
16 139
16 145
16 153
16 184
16 185
16 194
16 196
16 198
17 19
17 47
17 53
17 69
17 88
17 94
17 107
17 108
17 112
17 117
17 147
17 155
17 169
17 170
17 185
17 192
18 28
18 33
18 40
18 42
18 86
18 93
18 133
18 140
18 143
18 154
18 155
18 174
18 180
18 181
19 38
19 42
19 49
19 52
19 55
19 69
19 88
19 90
19 107
19 125
19 135
19 157
19 189
19 193
20 51
20 71
20 88
20 109
20 131
20 151
20 156
20 158
20 160
20 162
21 22
21 23
21 47
21 62
21 63
21 76
21 91
21 99
21 101
21 102
21 107
21 115
21 125
21 131
21 136
21 148
21 150
21 153
21 160
21 169
21 170
22 47
22 49
22 51
22 58
22 63
22 84
22 90
22 93
22 98
22 99
22 111
22 118
22 141
22 167
22 172
22 187
22 189
22 196
23 30
23 38
23 65
23 73
23 88
23 99
23 105
23 120
23 125
23 128
23 130
23 135
23 138
23 153
23 157
23 198
23 199
24 28
24 42
24 94
24 96
24 101
24 102
24 119
24 124
24 125
24 129
24 130
24 137
24 141
24 146
24 152
24 155
24 165
24 169
25 36
25 45
25 85
25 103
25 114
25 115
25 117
25 128
25 146
25 179
25 187
25 193
25 199
26 39
26 42
26 43
26 44
26 45
26 47
26 72
26 98
26 132
26 152
26 160
26 171
26 172
26 179
27 38
27 56
27 93
27 99
27 110
27 117
27 120
27 133
27 136
27 141
27 145
27 150
27 164
27 175
27 179
27 199
28 35
28 46
28 47
28 51
28 70
28 101
28 116
28 120
28 121
28 122
28 129
28 131
28 137
28 143
28 151
28 159
28 170
28 180
28 181
28 190
29 42
29 69
29 75
29 90
29 91
29 94
29 100
29 107
29 108
29 118
29 140
29 142
29 143
29 159
29 171
29 187
29 188
30 33
30 34
30 37
30 44
30 49
30 63
30 85
30 102
30 113
30 119
30 128
30 138
30 144
30 167
30 195
31 86
31 121
31 123
31 130
31 157
31 165
31 174
32 43
32 56
32 61
32 103
32 112
32 140
32 153
32 162
32 183
33 48
33 55
33 98
33 100
33 106
33 116
33 120
33 132
33 137
33 140
33 154
33 155
33 156
33 173
34 42
34 44
34 50
34 59
34 89
34 104
34 105
34 121
34 136
34 150
34 152
34 153
34 164
34 165
34 171
35 57
35 69
35 70
35 103
35 107
35 118
35 119
35 126
35 136
35 140
35 145
35 146
35 161
35 171
35 176
35 177
35 189
36 53
36 54
36 64
36 76
36 100
36 104
36 106
36 143
36 146
36 147
36 151
36 159
36 162
36 172
36 189
36 193
37 53
37 54
37 66
37 70
37 90
37 99
37 106
37 107
37 137
37 138
37 182
38 43
38 45
38 64
38 69
38 83
38 99
38 115
38 123
38 127
38 128
38 175
38 183
38 184
38 193
39 44
39 50
39 51
39 63
39 70
39 71
39 75
39 92
39 93
39 94
39 156
39 167
39 181
39 184
39 185
39 187
39 190
40 56
40 63
40 67
40 90
40 105
40 107
40 111
40 115
40 116
40 119
40 124
40 154
40 156
40 168
40 173
40 176
40 183
41 44
41 59
41 60
41 70
41 77
41 124
41 139
41 141
41 142
41 147
41 149
41 153
41 168
41 170
41 177
41 178
41 181
42 52
42 53
42 70
42 73
42 97
42 106
42 109
42 120
42 121
42 153
42 160
42 163
42 176
42 188
43 48
43 69
43 76
43 90
43 100
43 105
43 109
43 121
43 123
43 124
43 134
43 158
43 159
43 160
43 163
43 166
43 167
43 170
43 179
44 116
44 126
44 136
44 137
44 154
44 155
44 158
44 164
44 168
44 195
44 196
44 197
45 53
45 55
45 58
45 65
45 68
45 81
45 85
45 90
45 98
45 99
45 112
45 115
45 117
45 121
45 169
45 171
45 176
45 184
46 84
46 102
46 107
46 112
46 124
46 128
46 138
46 139
46 140
46 141
46 143
46 154
46 198
47 48
47 78
47 82
47 85
47 125
47 128
47 141
47 148
47 170
47 193
47 194
48 74
48 87
48 101
48 104
48 120
48 126
48 129
48 131
48 136
48 139
48 152
48 154
48 159
48 162
48 172
48 173
48 186
49 59
49 67
49 84
49 89
49 93
49 95
49 108
49 147
49 160
49 161
49 166
49 173
49 190
49 197
50 52
50 58
50 67
50 68
50 72
50 82
50 97
50 121
50 147
50 160
50 173
50 181
50 197
51 68
51 78
51 95
51 102
51 123
51 137
51 139
51 147
51 150
51 156
51 195
52 57
52 60
52 62
52 64
52 74
52 78
52 91
52 124
52 134
52 142
52 147
52 156
52 157
52 160
52 166
52 172
52 191
52 195
53 61
53 64
53 74
53 76
53 88
53 91
53 94
53 96
53 104
53 105
53 125
53 128
53 145
53 184
53 189
54 75
54 80
54 89
54 99
54 105
54 110
54 122
54 124
54 128
54 149
54 154
54 158
54 162
54 177
54 178
54 187
54 197
55 78
55 79
55 100
55 101
55 106
55 122
55 129
55 152
55 179
55 181
55 184
55 188
55 194
56 57
56 74
56 77
56 81
56 91
56 92
56 96
56 111
56 123
56 124
56 164
56 166
56 174
56 178
56 193
57 67
57 71
57 74
57 84
57 90
57 98
57 130
57 133
57 135
57 137
57 138
57 153
57 156
57 180
57 184
57 191
57 192
57 197
58 93
58 96
58 121
58 132
58 150
58 168
58 173
58 177
58 180
58 190
58 193
59 71
59 76
59 82
59 90
59 141
59 144
59 152
59 157
59 161
59 179
59 189
59 193
59 194
59 195
59 199
60 73
60 75
60 79
60 89
60 115
60 125
60 140
60 142
60 157
60 176
60 182
60 183
60 190
60 195
61 63
61 66
61 67
61 87
61 91
61 93
61 98
61 102
61 103
61 106
61 108
61 114
61 119
61 129
61 141
61 150
61 154
61 163
61 179
61 184
62 68
62 74
62 75
62 83
62 87
62 94
62 100
62 104
62 127
62 140
62 149
62 176
62 182
62 189
63 74
63 77
63 82
63 94
63 97
63 131
63 139
63 143
63 145
63 146
63 150
63 153
63 159
63 171
63 181
63 185
63 190
63 192
64 69
64 73
64 84
64 101
64 114
64 121
64 122
64 125
64 147
64 152
64 158
64 168
64 170
64 171
64 174
64 188
65 74
65 86
65 87
65 94
65 106
65 115
65 119
65 137
65 138
65 139
65 188
65 190
65 195
65 198
66 97
66 104
66 124
66 134
66 141
66 143
66 168
66 173
66 194
67 71
67 79
67 85
67 93
67 95
67 96
67 108
67 122
67 130
67 131
67 146
67 151
67 155
67 166
67 179
67 194
67 199
68 69
68 72
68 75
68 78
68 79
68 86
68 146
68 147
68 163
68 175
68 195
69 76
69 84
69 96
69 103
69 112
69 125
69 130
69 133
69 134
69 135
69 178
69 181
69 183
70 75
70 96
70 117
70 121
70 127
70 135
70 153
70 169
70 174
70 184
70 186
70 193
71 72
71 88
71 117
71 135
71 154
71 166
71 176
71 180
71 181
71 197
72 78
72 99
72 103
72 110
72 130
72 133
72 135
72 155
72 171
72 177
72 181
72 193
73 78
73 84
73 117
73 128
73 144
73 153
73 154
73 162
73 164
73 168
73 175
73 179
73 181
73 183
74 84
74 85
74 104
74 118
74 120
74 143
74 144
74 145
74 152
74 153
74 167
74 168
74 184
75 85
75 95
75 96
75 99
75 117
75 129
75 130
75 136
75 165
75 178
75 189
75 192
75 193
75 194
75 196
76 84
76 85
76 98
76 117
76 126
76 133
76 141
76 151
76 159
76 160
76 170
76 175
76 178
76 182
76 197
77 81
77 91
77 111
77 128
77 138
77 163
77 177
77 195
77 199
78 93
78 105
78 107
78 115
78 133
78 142
78 145
78 169
78 178
78 180
79 96
79 97
79 111
79 116
79 122
79 123
79 130
79 140
79 185
79 196
80 98
80 104
80 108
80 126
80 136
80 150
80 166
80 167
80 176
80 182
80 190
80 192
80 199
81 86
81 95
81 106
81 110
81 132
81 140
81 144
81 150
81 157
81 165
81 167
81 175
82 97
82 99
82 111
82 118
82 124
82 133
82 136
82 154
82 158
82 159
82 163
82 170
82 183
82 184
82 198
83 93
83 110
83 121
83 165
83 176
83 177
83 188
84 91
84 112
84 134
84 172
84 175
84 182
85 93
85 98
85 99
85 126
85 130
85 139
85 143
85 147
85 161
85 170
85 173
85 178
85 192
85 197
86 97
86 102
86 107
86 113
86 121
86 142
86 143
86 147
86 178
86 189
87 96
87 114
87 134
87 137
87 147
87 163
87 166
87 169
87 188
87 192
88 97
88 99
88 123
88 126
88 154
88 182
88 190
88 197
89 98
89 100
89 111
89 112
89 115
89 122
89 125
89 128
89 170
89 171
89 178
89 179
90 104
90 106
90 124
90 133
90 135
90 143
90 150
90 161
90 168
90 184
90 188
91 100
91 116
91 117
91 123
91 125
91 130
91 133
91 137
91 143
91 146
91 157
91 169
91 177
91 186
91 190
91 193
92 108
92 116
92 118
92 121
92 128
92 130
92 143
92 152
92 173
92 179
92 180
92 183
92 199
93 108
93 137
93 140
93 156
93 181
93 183
93 199
94 97
94 116
94 127
94 130
94 134
94 138
94 139
94 141
94 145
94 169
94 175
94 180
94 189
94 194
95 106
95 114
95 116
95 136
95 140
95 147
95 154
95 165
95 182
95 183
95 198
96 97
96 99
96 116
96 124
96 131
96 132
96 134
96 144
96 149
96 159
96 164
96 166
96 167
96 175
96 181
96 199
97 100
97 114
97 131
97 133
97 136
97 138
97 145
97 167
97 169
97 194
98 105
98 108
98 121
98 128
98 136
98 144
98 146
98 154
98 176
99 107
99 108
99 121
99 125
99 129
99 131
99 138
99 155
99 160
99 167
99 174
99 179
99 184
100 110
100 133
100 147
100 163
100 164
100 183
100 189
101 109
101 110
101 124
101 129
101 133
101 138
101 143
101 149
101 199
102 113
102 116
102 122
102 166
102 184
102 197
103 123
103 130
103 134
103 142
103 144
103 146
103 159
103 160
103 163
103 183
103 191
104 129
104 133
104 147
104 157
104 160
104 163
104 166
104 176
104 190
104 196
105 110
105 111
105 116
105 122
105 128
105 129
105 149
105 178
105 179
105 180
105 195
105 199
106 122
106 124
106 133
106 134
106 136
106 157
106 161
106 163
106 179
106 182
106 188
106 193
107 112
107 120
107 136
107 150
107 155
107 159
107 164
107 172
107 182
108 122
108 131
108 138
108 148
108 151
108 157
108 158
108 170
108 176
108 179
108 184
108 195
109 113
109 122
109 125
109 132
109 133
109 155
109 156
109 157
109 188
109 194
110 118
110 135
110 137
110 154
110 177
110 185
110 189
111 140
111 155
111 171
112 119
112 128
112 137
112 138
112 150
112 171
112 183
112 187
112 190
112 191
112 197
113 125
113 127
113 133
113 141
113 142
113 147
113 161
113 163
113 165
113 173
113 184
114 124
114 127
114 130
114 134
114 142
114 165
114 169
114 177
114 188
114 198
115 122
115 134
115 152
115 162
115 187
115 189
115 199
116 125
116 129
116 141
116 145
116 159
116 170
116 172
116 182
116 183
116 186
116 188
117 126
117 137
117 138
117 142
117 151
117 155
117 156
117 165
117 166
117 167
117 175
117 179
117 190
117 193
118 132
118 140
118 149
118 150
118 160
118 173
118 174
118 182
118 186
118 198
119 134
119 145
119 150
119 151
119 164
119 194
120 121
120 126
120 147
120 173
120 183
120 188
120 197
121 141
121 146
121 148
121 158
121 162
121 163
121 167
121 178
121 183
121 197
122 124
122 127
122 131
122 132
122 141
122 153
122 154
122 160
122 165
122 194
123 146
123 151
123 152
123 157
123 164
123 177
123 184
123 197
124 127
124 129
124 130
124 131
124 141
124 146
124 156
124 164
124 168
124 184
124 193
125 131
125 132
125 140
125 152
125 153
125 158
125 161
125 163
125 164
125 181
125 188
125 191
125 194
126 136
126 151
126 168
126 186
126 190
127 141
127 157
127 172
127 176
127 193
128 134
128 152
128 153
128 162
128 164
128 173
128 179
129 137
129 140
129 149
129 164
129 165
129 170
129 178
129 181
129 192
129 194
130 133
130 134
130 135
130 153
130 163
130 167
130 170
130 173
130 176
130 179
131 132
131 135
131 139
131 145
131 146
131 147
131 157
131 158
131 162
131 176
131 182
131 185
131 189
131 192
132 133
132 150
132 153
132 159
132 181
132 182
132 183
132 196
132 199
133 158
133 178
133 179
133 198
134 156
134 161
134 162
134 169
135 142
135 145
135 151
135 155
135 156
135 157
135 167
135 175
135 177
135 178
135 180
135 193
136 164
136 167
136 174
136 175
136 177
136 178
136 179
136 183
136 188
136 191
136 198
137 152
137 157
137 188
138 157
138 159
138 160
138 162
138 163
138 178
138 183
138 194
138 199
139 142
139 167
139 177
139 197
140 155
140 191
141 145
141 153
141 173
141 177
141 180
141 195
141 197
142 144
142 145
142 148
142 164
142 166
142 194
143 161
143 166
143 177
143 178
143 180
144 152
144 162
144 165
144 168
144 171
144 185
145 163
145 199
146 152
146 168
146 170
146 175
146 187
146 198
147 163
147 170
147 184
147 191
147 193
147 195
148 155
148 158
148 166
148 171
148 188
148 190
149 156
149 171
149 174
149 177
149 182
149 184
149 185
149 189
149 193
149 197
150 161
150 163
150 165
150 170
150 189
150 198
151 157
151 162
151 165
151 195
152 166
152 178
152 184
152 186
152 187
152 190
152 195
152 198
153 156
153 174
153 177
153 181
153 187
154 157
154 174
154 176
154 184
154 195
154 196
154 197
155 170
155 184
155 189
156 157
156 168
156 170
156 171
156 174
157 159
157 163
157 164
157 169
157 178
157 188
157 195
158 168
158 176
158 199
159 163
159 172
159 173
159 176
159 177
159 183
159 186
159 190
159 192
159 193
160 176
160 177
160 186
161 171
161 185
161 189
161 199
162 180
162 184
162 191
163 173
163 181
163 187
164 166
164 176
165 176
165 178
165 181
165 186
165 194
166 172
166 179
166 187
166 194
166 195
167 168
167 169
167 179
167 190
168 197
169 173
169 174
169 199
170 179
170 192
171 174
172 175
172 178
172 185
172 187
172 190
173 189
173 194
173 198
174 177
174 183
174 196
175 179
175 184
176 192
176 197
178 194
178 198
179 191
180 188
180 196
181 199
184 193
184 198
185 196
188 193
189 196
189 198
193 197
194 196
195 197
196 197
196 199
198 199
