0 19
0 46
0 62
0 63
0 66
0 72
0 77
0 92
0 122
0 126
0 139
0 161
0 166
0 173
0 179
0 180
0 193
0 197
1 3
1 13
1 39
1 45
1 58
1 72
1 117
1 119
1 132
1 135
1 139
1 164
1 177
2 4
2 5
2 25
2 30
2 32
2 34
2 71
2 78
2 88
2 96
2 112
2 115
2 129
2 152
2 182
3 4
3 9
3 13
3 24
3 26
3 33
3 52
3 56
3 58
3 87
3 93
3 160
3 167
3 186
3 193
4 13
4 20
4 28
4 31
4 34
4 38
4 43
4 60
4 72
4 75
4 99
4 101
4 119
4 132
4 147
4 150
4 165
4 173
5 6
5 9
5 17
5 66
5 100
5 119
5 129
5 134
5 135
5 138
5 140
5 158
5 163
5 170
5 183
5 187
5 190
6 14
6 44
6 50
6 68
6 75
6 86
6 87
6 92
6 97
6 104
6 107
6 156
6 160
6 167
6 170
6 178
6 194
7 9
7 13
7 24
7 29
7 30
7 54
7 63
7 68
7 74
7 75
7 84
7 87
7 104
7 105
7 107
7 112
7 142
7 162
7 166
7 175
8 28
8 45
8 49
8 58
8 61
8 63
8 77
8 85
8 104
8 113
8 116
8 147
8 154
8 182
8 191
8 198
9 16
9 19
9 29
9 30
9 38
9 49
9 50
9 52
9 56
9 60
9 62
9 67
9 74
9 85
9 91
9 104
9 111
9 113
9 130
9 134
9 142
9 144
9 159
9 174
9 178
9 181
9 182
9 189
9 195
10 35
10 47
10 54
10 55
10 57
10 60
10 64
10 76
10 119
10 123
10 126
10 133
10 139
10 150
10 151
10 172
10 181
10 184
10 191
10 192
11 15
11 35
11 37
11 80
11 89
11 112
11 128
11 130
11 145
11 161
11 175
11 176
12 25
12 40
12 47
12 55
12 64
12 75
12 78
12 80
12 81
12 100
12 102
12 103
12 118
12 122
12 138
12 147
12 149
12 151
12 152
12 156
12 167
12 174
12 180
12 193
13 25
13 26
13 43
13 55
13 64
13 74
13 75
13 78
13 82
13 91
13 99
13 100
13 105
13 112
13 116
13 118
13 128
13 138
13 148
13 152
13 189
14 22
14 32
14 43
14 51
14 56
14 62
14 91
14 96
14 110
14 111
14 116
14 119
14 155
14 161
14 166
14 171
14 191
15 19
15 20
15 38
15 39
15 48
15 59
15 62
15 80
15 101
15 113
15 130
15 133
15 134
15 144
15 172
15 192
15 197
16 22
16 23
16 31
16 32
16 34
16 35
16 42
16 45
16 49
16 59
16 66
16 71
16 83
16 97
16 102
16 139
16 142
16 146
16 170
16 180
16 185
16 189
16 191
17 22
17 29
17 40
17 43
17 81
17 91
17 118
17 120
17 134
17 135
17 137
17 144
17 150
17 168
17 177
17 181
18 24
18 37
18 40
18 48
18 50
18 67
18 74
18 75
18 81
18 82
18 99
18 108
18 116
18 138
18 160
18 167
18 187
19 24
19 28
19 30
19 38
19 66
19 70
19 72
19 92
19 97
19 103
19 124
19 131
19 134
19 139
19 148
19 149
19 167
19 170
19 178
20 26
20 28
20 39
20 42
20 62
20 67
20 70
20 74
20 82
20 121
20 122
20 133
20 134
20 144
20 145
20 148
20 150
20 156
20 167
20 168
20 183
20 188
21 22
21 29
21 42
21 47
21 49
21 94
21 101
21 117
21 121
21 128
21 133
21 141
21 148
21 163
21 178
21 188
21 199
22 56
22 60
22 81
22 87
22 93
22 103
22 128
22 130
22 146
22 151
22 168
22 174
22 176
22 184
22 194
23 24
23 32
23 37
23 46
23 49
23 51
23 108
23 120
23 122
23 135
23 137
23 143
23 146
23 150
23 158
23 162
23 164
23 168
23 182
23 192
24 25
24 39
24 46
24 47
24 67
24 79
24 88
24 97
24 113
24 149
24 164
24 166
24 175
24 182
24 190
24 199
25 26
25 44
25 52
25 55
25 70
25 82
25 87
25 95
25 98
25 112
25 130
25 142
25 160
25 164
25 166
25 167
25 176
25 194
25 199
26 57
26 64
26 76
26 81
26 85
26 86
26 100
26 114
26 127
26 131
26 133
26 136
26 155
26 160
26 163
26 165
26 180
26 184
26 187
26 190
27 43
27 46
27 62
27 68
27 69
27 74
27 83
27 106
27 117
27 118
27 161
27 185
27 196
27 198
28 42
28 44
28 50
28 58
28 71
28 76
28 90
28 101
28 112
28 126
28 129
28 145
28 147
28 180
28 182
28 197
29 42
29 54
29 59
29 83
29 97
29 100
29 109
29 111
29 124
29 126
29 127
29 129
29 131
29 140
29 183
29 189
29 191
30 32
30 33
30 36
30 45
30 88
30 89
30 93
30 99
30 109
30 114
30 118
30 122
30 131
30 142
30 151
30 152
30 159
30 198
31 32
31 33
31 58
31 67
31 72
31 96
31 106
31 119
31 134
31 136
31 139
31 169
31 183
31 186
32 57
32 62
32 95
32 110
32 111
32 131
32 132
32 141
32 159
32 160
32 161
32 164
32 166
32 174
32 178
32 179
32 185
32 189
32 193
32 199
33 38
33 46
33 67
33 69
33 85
33 86
33 88
33 110
33 113
33 140
33 148
33 170
33 180
33 187
34 40
34 45
34 46
34 70
34 90
34 105
34 113
34 119
34 122
34 123
34 125
34 143
34 157
34 166
34 178
34 179
34 181
34 182
34 183
34 198
35 43
35 54
35 60
35 70
35 92
35 104
35 113
35 114
35 149
35 150
35 152
35 154
35 163
35 164
35 169
35 194
36 37
36 46
36 62
36 76
36 78
36 82
36 83
36 95
36 97
36 101
36 102
36 103
36 116
36 127
36 141
36 147
36 163
36 169
36 181
36 183
37 39
37 46
37 50
37 67
37 73
37 75
37 81
37 86
37 92
37 120
37 122
37 123
37 132
37 145
37 154
37 158
37 159
37 175
37 178
37 187
37 193
37 194
38 48
38 51
38 64
38 67
38 78
38 96
38 101
38 118
38 135
38 140
38 141
38 143
38 148
38 155
38 166
38 170
38 184
39 79
39 93
39 100
39 103
39 105
39 109
39 136
39 140
39 142
39 143
39 157
39 161
39 164
39 182
39 188
39 190
39 192
40 44
40 69
40 77
40 99
40 134
40 136
40 141
40 146
40 153
40 157
40 163
40 173
40 174
40 178
40 181
40 183
40 191
40 193
41 43
41 54
41 78
41 82
41 95
41 103
41 110
41 114
41 118
41 123
41 128
41 143
41 152
41 169
41 174
41 188
41 192
41 199
42 59
42 60
42 86
42 87
42 89
42 94
42 102
42 108
42 120
42 126
42 168
42 169
42 183
42 188
42 194
43 92
43 94
43 106
43 107
43 110
43 116
43 123
43 135
43 139
43 147
43 148
43 193
43 195
43 198
43 199
44 50
44 51
44 88
44 93
44 99
44 118
44 123
44 137
44 142
44 148
44 156
44 157
44 159
44 173
44 185
44 197
45 61
45 67
45 77
45 92
45 100
45 101
45 106
45 110
45 111
45 121
45 130
45 132
45 135
45 146
45 151
45 152
45 153
45 165
45 167
46 49
46 59
46 61
46 68
46 82
46 107
46 110
46 112
46 143
46 145
46 156
47 48
47 53
47 58
47 60
47 77
47 80
47 88
47 89
47 107
47 126
47 150
47 157
47 164
47 172
48 54
48 74
48 96
48 125
48 135
48 140
48 144
48 155
48 166
48 173
48 183
48 184
49 62
49 97
49 99
49 101
49 116
49 125
49 133
49 148
49 171
49 190
50 66
50 82
50 94
50 151
50 163
50 173
50 175
50 178
50 189
51 78
51 79
51 112
51 114
51 132
51 139
51 150
51 156
51 163
51 174
51 176
51 177
52 55
52 58
52 64
52 79
52 86
52 90
52 99
52 101
52 119
52 131
52 150
52 178
52 183
52 193
53 54
53 69
53 74
53 76
53 81
53 84
53 87
53 92
53 116
53 143
53 177
53 185
53 198
54 83
54 103
54 112
54 115
54 119
54 121
54 135
54 139
54 152
54 154
54 161
54 169
54 172
54 175
54 193
54 194
55 62
55 73
55 97
55 98
55 110
55 111
55 113
55 119
55 125
55 133
55 167
55 176
55 190
56 57
56 59
56 72
56 75
56 84
56 90
56 98
56 112
56 129
56 136
56 137
56 160
56 165
56 181
57 61
57 71
57 81
57 85
57 87
57 100
57 102
57 115
57 120
57 147
57 150
57 168
57 173
57 182
57 192
58 59
58 68
58 101
58 128
58 138
58 152
58 162
58 166
58 186
58 192
58 195
59 67
59 70
59 74
59 79
59 80
59 132
59 144
59 157
59 158
59 165
59 166
59 172
59 184
59 194
59 197
60 62
60 66
60 69
60 75
60 81
60 113
60 136
60 148
60 149
60 151
60 155
60 157
60 171
60 180
60 184
60 194
61 68
61 75
61 77
61 93
61 105
61 119
61 135
61 168
61 170
61 177
61 178
61 188
62 64
62 101
62 115
62 121
62 130
62 134
62 148
62 164
62 171
62 172
62 179
62 181
62 192
62 194
62 199
63 65
63 66
63 67
63 97
63 112
63 117
63 118
63 128
63 142
63 178
63 183
63 185
63 187
63 192
64 72
64 74
64 76
64 83
64 96
64 104
64 105
64 115
64 137
64 168
64 196
64 197
65 66
65 69
65 73
65 77
65 78
65 81
65 83
65 106
65 118
65 129
65 135
65 148
65 151
65 152
65 153
65 168
65 174
66 67
66 68
66 69
66 75
66 83
66 129
66 133
66 134
66 140
66 142
66 154
66 159
66 168
66 178
66 191
66 195
66 196
67 79
67 85
67 89
67 106
67 136
67 151
67 157
67 160
67 170
67 189
67 194
67 199
68 83
68 85
68 92
68 93
68 125
68 138
68 156
68 163
68 168
68 178
68 182
68 192
69 82
69 89
69 95
69 96
69 114
69 116
69 137
69 144
69 145
69 148
69 153
69 159
69 174
69 178
69 192
69 194
69 195
69 196
69 198
70 75
70 114
70 116
70 132
70 143
70 145
70 148
70 187
70 194
71 76
71 88
71 93
71 98
71 99
71 110
71 116
71 121
71 139
71 143
71 153
71 156
71 159
71 162
71 173
71 183
71 192
71 196
72 79
72 81
72 101
72 127
72 133
72 134
72 142
72 176
72 185
72 196
73 96
73 104
73 111
73 114
73 115
73 126
73 127
73 130
73 132
73 134
73 144
73 147
73 152
73 163
73 166
73 168
73 187
73 193
74 78
74 97
74 104
74 110
74 111
74 114
74 116
74 129
74 161
74 165
74 184
74 185
75 78
75 87
75 96
75 125
75 131
75 132
75 134
75 139
75 160
75 176
75 190
75 191
76 83
76 86
76 102
76 145
76 170
76 180
76 193
76 197
77 80
77 86
77 89
77 93
77 97
77 114
77 119
77 131
77 160
77 180
77 188
77 191
78 85
78 94
78 95
78 108
78 113
78 122
78 124
78 132
78 147
78 160
78 165
78 171
78 180
78 199
79 86
79 108
79 111
79 131
79 146
79 168
80 86
80 94
80 103
80 113
80 122
80 131
80 143
80 146
80 153
80 156
80 158
80 164
80 170
80 173
80 175
80 183
80 189
80 194
80 195
81 86
81 89
81 90
81 91
81 108
81 112
81 113
81 138
81 146
81 159
81 169
81 191
82 85
82 87
82 105
82 112
82 126
82 133
82 141
82 148
82 161
82 162
82 163
82 171
82 177
82 180
82 181
82 193
82 199
83 87
83 91
83 92
83 106
83 138
83 139
83 152
83 154
83 171
83 173
83 177
83 178
83 188
84 92
84 94
84 96
84 135
84 148
84 184
84 185
85 86
85 89
85 90
85 116
85 117
85 119
85 143
85 158
85 159
85 189
85 195
86 95
86 104
86 118
86 121
86 132
86 133
86 141
86 150
86 165
86 168
86 172
86 189
86 194
87 91
87 92
87 102
87 103
87 104
87 117
87 120
87 135
87 139
87 166
87 167
87 168
87 171
87 188
87 189
87 196
88 89
88 99
88 129
88 137
88 174
88 176
88 181
88 183
89 95
89 124
89 135
89 136
89 155
89 157
89 162
89 167
89 176
89 183
89 185
90 110
90 116
90 136
90 140
90 144
90 154
90 175
90 178
90 181
90 188
90 190
90 194
90 196
91 97
91 120
91 121
91 123
91 139
91 144
91 151
91 161
91 164
91 167
91 182
91 188
91 189
91 194
91 197
92 113
92 121
92 125
92 152
92 154
92 176
92 186
92 198
93 100
93 119
93 128
93 148
93 170
93 188
93 190
93 196
94 108
94 111
94 116
94 129
94 159
94 160
94 175
94 184
94 188
94 194
95 113
95 118
95 148
95 197
96 115
96 122
96 139
96 170
96 187
96 189
96 190
97 102
97 111
97 137
97 156
97 172
97 181
97 194
98 107
98 108
98 112
98 115
98 116
98 120
98 123
98 133
98 152
98 165
98 170
98 174
98 175
98 192
98 197
99 100
99 111
99 112
99 117
99 135
99 137
99 138
99 152
99 154
99 161
99 171
99 179
99 180
99 189
99 191
99 195
99 198
100 101
100 116
100 125
100 152
100 157
100 158
100 169
100 179
100 187
100 189
101 110
101 113
101 161
101 165
101 171
101 172
101 198
102 107
102 136
102 147
102 152
102 154
102 179
102 199
103 111
103 113
103 119
103 133
103 146
103 151
103 152
103 174
103 180
103 183
103 184
104 116
104 134
104 135
104 143
104 152
104 160
104 161
104 164
104 178
104 192
104 197
105 122
105 129
105 131
105 144
105 148
105 187
106 109
106 125
106 135
106 137
106 156
106 158
106 162
106 175
106 187
106 197
107 117
107 128
107 129
107 154
107 164
107 165
107 169
107 186
107 199
108 141
108 145
108 146
108 155
108 177
108 184
108 186
108 187
108 194
109 111
109 126
109 140
109 152
109 167
109 172
109 184
109 194
109 196
109 197
110 115
110 136
110 138
110 140
110 156
110 174
110 175
110 178
110 183
110 195
111 117
111 122
111 141
111 142
111 151
111 185
112 117
112 145
112 154
112 156
112 170
112 174
112 191
113 125
113 131
113 135
113 137
114 115
114 118
114 120
114 132
114 146
114 155
114 181
115 119
115 123
115 151
115 153
115 170
115 175
115 177
115 182
115 184
115 196
116 118
116 124
116 133
116 142
116 146
116 149
116 156
116 161
116 164
116 173
116 178
118 122
118 130
118 143
118 158
118 189
118 191
118 193
118 198
119 126
119 138
119 139
119 143
119 144
119 148
119 156
119 179
119 188
120 122
120 131
120 134
120 135
120 140
120 144
120 165
120 168
120 172
120 183
121 127
121 128
121 144
121 156
121 167
121 169
121 179
122 133
122 138
122 140
122 141
122 143
122 148
122 199
123 131
123 133
123 136
123 154
123 172
123 183
123 189
124 134
124 140
124 141
124 143
124 144
124 161
124 169
124 173
124 194
124 199
125 128
125 135
125 136
125 153
125 162
125 166
125 173
125 191
125 199
126 132
126 152
126 154
126 157
126 161
126 164
126 168
126 172
126 176
126 179
126 191
127 132
127 141
127 159
127 161
127 171
127 174
127 194
127 198
128 132
128 136
128 139
128 141
128 172
128 195
129 131
129 141
129 152
129 155
129 170
129 171
129 187
130 149
130 154
130 158
130 172
130 191
130 194
131 134
131 155
131 156
131 169
131 176
131 182
131 184
131 189
132 135
132 136
132 139
132 142
132 150
132 167
132 173
132 180
132 186
133 136
133 186
134 135
134 143
134 144
134 155
134 161
134 170
134 171
134 179
134 181
134 199
135 140
135 152
135 164
135 189
135 190
136 155
136 171
136 174
136 182
136 183
136 187
136 195
137 159
137 186
138 147
138 157
138 166
138 171
138 199
139 141
139 144
139 153
139 157
139 166
139 186
139 187
139 193
140 152
140 155
140 160
140 168
140 176
140 178
140 197
141 150
141 156
141 176
141 177
141 188
142 173
143 146
143 148
143 159
143 179
143 183
143 198
144 161
144 173
145 160
145 161
145 171
145 172
145 175
145 177
145 179
145 184
145 197
146 147
146 151
146 156
146 163
146 164
146 165
146 175
146 183
146 194
147 150
147 152
147 154
147 157
147 167
148 154
148 155
148 164
148 167
148 168
148 175
149 160
149 168
149 170
149 177
149 187
150 158
150 160
150 161
150 162
150 164
150 165
150 170
150 176
150 179
150 189
150 192
150 199
151 152
151 162
151 164
151 166
151 173
151 191
152 156
152 158
152 164
152 171
152 176
152 186
153 157
153 167
153 174
153 183
154 162
154 163
154 168
154 174
154 189
155 159
155 162
155 163
155 174
155 188
156 164
156 172
156 179
156 180
157 163
157 184
158 161
158 162
158 170
158 182
158 199
159 164
159 181
159 182
159 184
159 198
160 165
160 166
160 169
160 188
161 169
161 171
161 179
161 190
162 173
162 177
162 197
163 189
163 191
163 196
164 185
164 194
165 168
165 195
166 168
166 190
166 192
166 195
167 177
167 188
167 189
167 190
167 191
167 198
168 186
168 196
169 172
169 176
169 184
170 172
170 188
170 199
171 173
171 181
173 178
173 182
174 193
174 199
175 177
175 194
176 177
176 183
176 190
177 187
177 193
177 194
177 195
177 197
178 182
178 191
178 194
179 192
179 196
179 199
180 189
180 194
181 196
182 199
183 196
184 185
184 191
184 195
186 193
187 195
187 196
189 191
189 199
190 191
192 195
194 198
