0 34
0 45
0 55
0 64
0 69
0 79
0 87
0 88
0 93
0 109
0 112
0 124
0 126
0 157
0 168
0 186
0 192
0 195
0 196
1 4
1 10
1 17
1 51
1 67
1 71
1 72
1 79
1 105
1 108
1 118
1 132
1 137
1 142
1 151
1 154
1 167
1 178
1 195
2 25
2 29
2 30
2 54
2 76
2 91
2 95
2 113
2 117
2 120
2 125
2 128
2 129
2 142
2 189
2 197
3 6
3 16
3 29
3 44
3 48
3 52
3 57
3 64
3 73
3 103
3 104
3 123
3 124
3 143
3 153
3 164
3 183
3 198
4 11
4 15
4 17
4 26
4 30
4 40
4 44
4 48
4 66
4 72
4 96
4 98
4 103
4 112
4 116
4 127
4 134
4 144
4 152
4 165
4 179
4 181
5 28
5 30
5 41
5 57
5 62
5 73
5 105
5 108
5 123
5 125
5 136
5 176
5 189
5 199
6 7
6 13
6 26
6 28
6 45
6 50
6 74
6 78
6 130
6 134
6 135
6 142
6 152
6 155
6 183
6 185
6 189
7 13
7 19
7 25
7 33
7 46
7 48
7 52
7 57
7 60
7 73
7 97
7 103
7 115
7 116
7 156
7 171
7 173
7 178
7 181
7 184
8 16
8 38
8 48
8 53
8 79
8 83
8 87
8 97
8 100
8 103
8 112
8 115
8 125
8 137
8 139
8 149
8 156
8 158
8 159
8 166
8 178
8 181
8 188
8 195
9 19
9 26
9 27
9 30
9 41
9 58
9 60
9 62
9 66
9 96
9 116
9 122
9 129
9 131
9 136
9 137
9 156
9 177
9 184
9 190
10 18
10 22
10 38
10 51
10 61
10 90
10 98
10 108
10 116
10 157
10 161
10 179
10 180
10 196
10 199
11 19
11 24
11 35
11 37
11 39
11 42
11 45
11 46
11 47
11 53
11 56
11 80
11 83
11 84
11 88
11 99
11 116
11 125
11 143
11 164
11 170
11 180
11 181
12 32
12 41
12 42
12 48
12 64
12 67
12 71
12 79
12 82
12 84
12 92
12 93
12 96
12 112
12 116
12 121
12 143
12 147
12 156
12 165
12 174
12 187
12 194
12 197
13 27
13 41
13 44
13 91
13 98
13 99
13 103
13 117
13 119
13 135
13 144
13 145
13 150
13 152
13 159
13 163
13 168
13 192
14 25
14 26
14 31
14 34
14 36
14 59
14 70
14 94
14 102
14 113
14 119
14 125
14 137
14 144
14 145
14 148
14 164
14 172
14 190
15 22
15 39
15 45
15 53
15 77
15 94
15 101
15 106
15 153
15 163
15 165
15 166
15 174
15 181
15 190
16 21
16 29
16 31
16 41
16 49
16 55
16 60
16 68
16 71
16 80
16 83
16 85
16 90
16 95
16 100
16 103
16 104
16 131
16 149
16 150
16 159
16 171
16 182
16 185
17 29
17 51
17 53
17 54
17 75
17 81
17 113
17 123
17 128
17 131
17 146
17 164
17 168
17 173
17 186
18 22
18 23
18 31
18 40
18 65
18 102
18 106
18 116
18 117
18 130
18 140
18 166
18 168
18 175
18 185
18 192
18 196
19 21
19 26
19 34
19 45
19 49
19 51
19 53
19 56
19 62
19 65
19 68
19 77
19 81
19 90
19 105
19 111
19 116
19 127
19 149
19 170
19 193
20 37
20 51
20 71
20 73
20 79
20 95
20 97
20 110
20 127
20 134
20 149
20 159
20 165
20 176
20 188
21 28
21 30
21 37
21 54
21 60
21 69
21 73
21 79
21 93
21 123
21 147
21 150
21 159
21 170
21 179
21 184
21 188
22 24
22 27
22 30
22 36
22 44
22 63
22 71
22 92
22 106
22 116
22 123
22 140
22 145
22 149
22 192
23 54
23 56
23 61
23 64
23 83
23 87
23 96
23 143
23 151
23 160
23 163
23 181
23 184
24 31
24 36
24 44
24 46
24 50
24 56
24 57
24 61
24 68
24 74
24 80
24 99
24 105
24 122
24 123
24 136
24 137
24 160
24 163
25 39
25 56
25 62
25 64
25 66
25 73
25 75
25 83
25 98
25 104
25 105
25 115
25 130
25 150
25 152
25 164
25 197
26 27
26 29
26 47
26 76
26 82
26 87
26 95
26 108
26 109
26 118
26 124
26 190
26 191
26 196
27 35
27 44
27 52
27 61
27 70
27 85
27 92
27 93
27 105
27 131
27 148
27 164
27 183
27 184
27 185
27 194
28 30
28 34
28 46
28 52
28 58
28 73
28 78
28 121
28 129
28 133
28 134
28 143
28 147
28 154
28 155
28 164
28 166
28 186
29 36
29 52
29 54
29 62
29 65
29 76
29 79
29 100
29 117
29 138
29 146
29 153
29 158
29 160
29 170
29 194
29 198
30 37
30 46
30 50
30 64
30 83
30 94
30 128
30 140
30 158
30 163
30 166
30 199
31 45
31 50
31 52
31 75
31 88
31 99
31 103
31 108
31 129
31 131
31 137
31 138
31 140
31 141
31 150
31 155
31 156
31 159
31 160
31 169
31 177
31 187
32 36
32 44
32 45
32 46
32 51
32 59
32 68
32 82
32 86
32 99
32 100
32 102
32 104
32 120
32 132
32 141
32 154
32 160
32 161
33 53
33 97
33 102
33 121
33 128
33 132
33 143
33 150
33 153
33 157
33 171
33 184
33 191
34 36
34 37
34 38
34 68
34 93
34 97
34 113
34 142
34 145
34 146
34 147
34 150
34 156
34 176
34 187
34 188
34 190
34 192
34 193
35 51
35 59
35 60
35 68
35 80
35 108
35 111
35 133
35 138
35 168
35 169
35 174
35 186
35 189
35 194
36 62
36 71
36 82
36 83
36 84
36 97
36 98
36 118
36 128
36 131
36 141
36 143
36 151
36 162
36 181
36 183
36 184
36 193
37 51
37 54
37 57
37 64
37 89
37 94
37 99
37 105
37 106
37 116
37 121
37 129
37 131
37 137
37 144
37 182
37 190
37 193
38 40
38 48
38 68
38 89
38 98
38 102
38 113
38 118
38 120
38 123
38 133
38 168
39 62
39 68
39 71
39 72
39 91
39 94
39 97
39 107
39 114
39 116
39 151
39 165
39 187
40 41
40 48
40 56
40 64
40 67
40 96
40 97
40 117
40 124
40 130
40 133
40 134
40 138
40 158
40 166
40 168
40 171
40 185
41 51
41 87
41 104
41 137
41 160
41 167
41 179
41 183
41 196
42 51
42 62
42 66
42 68
42 76
42 91
42 102
42 104
42 105
42 113
42 116
42 126
42 130
42 132
42 134
42 145
42 151
42 165
43 51
43 117
43 123
43 133
43 160
43 164
43 172
43 191
43 192
43 193
44 59
44 86
44 88
44 104
44 135
44 148
44 153
44 159
44 172
44 176
44 177
44 184
44 185
44 190
45 50
45 57
45 74
45 87
45 108
45 110
45 112
45 120
45 121
45 131
45 143
45 148
45 157
45 170
45 179
45 183
45 186
45 195
45 198
45 199
46 48
46 53
46 83
46 86
46 128
46 139
46 150
46 166
46 173
47 51
47 54
47 61
47 62
47 72
47 73
47 74
47 95
47 103
47 104
47 112
47 119
47 120
47 126
47 134
47 136
47 139
47 164
47 179
47 185
47 188
48 58
48 60
48 93
48 100
48 133
48 141
48 152
48 159
48 172
48 185
49 53
49 63
49 68
49 77
49 95
49 97
49 102
49 107
49 108
49 125
49 130
49 135
49 163
49 164
49 166
49 169
49 181
49 189
50 63
50 68
50 76
50 106
50 107
50 112
50 117
50 120
50 132
50 137
50 147
50 164
50 165
50 170
50 190
51 99
51 139
51 142
51 145
51 151
51 178
51 179
51 193
51 199
52 53
52 61
52 66
52 67
52 89
52 92
52 103
52 118
52 141
52 145
52 152
52 154
52 163
52 170
52 177
52 198
53 67
53 72
53 79
53 88
53 91
53 111
53 135
53 137
53 140
53 151
53 162
53 166
53 184
53 185
54 55
54 61
54 83
54 85
54 86
54 99
54 101
54 104
54 112
54 113
54 114
54 141
54 146
54 155
54 189
54 197
55 60
55 79
55 87
55 93
55 95
55 99
55 105
55 118
55 121
55 138
55 140
55 151
55 170
55 181
55 190
55 197
55 199
56 58
56 65
56 67
56 70
56 84
56 85
56 89
56 94
56 111
56 138
56 155
56 174
56 179
56 185
56 195
57 70
57 80
57 108
57 109
57 128
57 143
57 154
57 162
57 196
58 68
58 80
58 82
58 83
58 99
58 116
58 119
58 121
58 122
58 131
58 147
58 156
58 186
58 196
59 70
59 71
59 82
59 87
59 94
59 127
59 138
59 153
59 154
59 155
59 160
59 161
59 167
59 185
59 191
60 92
60 93
60 98
60 103
60 112
60 128
60 142
60 147
60 154
60 162
60 169
60 174
60 190
61 68
61 69
61 78
61 88
61 104
61 116
61 119
61 135
61 136
61 140
61 170
61 177
61 195
62 65
62 66
62 79
62 91
62 95
62 115
62 128
62 136
62 139
62 141
62 142
62 153
62 165
62 170
62 182
62 188
62 192
62 193
63 65
63 70
63 76
63 108
63 113
63 154
63 173
63 175
63 180
63 185
63 188
63 198
64 75
64 76
64 83
64 92
64 93
64 100
64 107
64 117
64 119
64 139
64 141
64 143
64 159
64 182
64 195
64 197
65 70
65 71
65 75
65 85
65 107
65 112
65 117
65 119
65 126
65 127
65 129
65 142
65 143
65 150
65 151
65 154
65 177
66 71
66 79
66 80
66 83
66 93
66 99
66 137
66 148
66 196
67 88
67 95
67 99
67 102
67 108
67 116
67 127
67 130
67 132
67 147
67 151
67 153
68 87
68 88
68 99
68 102
68 103
68 117
68 118
68 121
68 123
68 125
68 135
68 156
68 161
69 75
69 78
69 82
69 84
69 89
69 92
69 93
69 104
69 115
69 127
69 166
69 179
69 188
69 191
70 81
70 93
70 95
70 115
70 121
70 131
70 134
70 135
70 140
70 150
70 153
70 161
70 167
70 169
70 177
70 183
70 186
70 190
70 194
71 102
71 106
71 110
71 113
71 121
71 123
71 125
71 137
71 145
71 150
71 155
71 162
71 167
71 175
71 176
71 178
71 179
71 185
72 75
72 92
72 99
72 111
72 125
72 133
72 171
72 196
72 198
73 81
73 91
73 106
73 107
73 110
73 111
73 130
73 144
73 149
73 151
73 164
73 173
73 174
73 192
73 197
74 75
74 77
74 97
74 99
74 106
74 108
74 111
74 119
74 126
74 134
74 138
74 155
74 163
74 174
74 186
74 188
75 78
75 91
75 93
75 109
75 118
75 162
75 165
75 173
76 84
76 87
76 98
76 109
76 115
76 119
76 120
76 121
76 163
76 164
76 173
76 183
76 190
76 192
76 198
77 90
77 91
77 98
77 125
77 169
77 175
77 181
77 183
77 184
77 185
78 91
78 99
78 100
78 131
78 145
78 158
78 164
78 167
78 179
78 189
78 190
78 196
79 80
79 117
79 121
79 126
79 130
79 139
79 144
79 146
79 166
79 170
79 182
80 81
80 92
80 98
80 106
80 153
80 159
80 161
80 163
80 179
81 96
81 103
81 115
81 138
81 146
81 166
81 180
81 188
82 88
82 115
82 124
82 128
82 135
82 137
82 140
82 144
82 150
82 151
82 162
82 164
82 168
82 180
82 185
82 187
82 196
82 198
82 199
83 89
83 91
83 109
83 123
83 136
83 141
83 170
83 179
84 92
84 97
84 111
84 123
84 138
84 141
84 149
84 159
84 172
84 176
84 177
84 192
84 199
85 99
85 115
85 124
85 150
85 163
85 182
85 198
86 103
86 109
86 117
86 133
86 136
86 145
86 156
86 159
86 163
86 170
86 188
87 92
87 104
87 112
87 118
87 122
87 130
87 132
87 137
87 142
87 148
87 157
88 92
88 128
88 134
88 137
88 148
88 153
88 155
88 162
88 181
88 186
88 190
89 93
89 96
89 129
89 137
89 143
89 158
89 160
89 184
89 187
90 95
90 98
90 119
90 126
90 152
90 153
90 158
90 167
90 174
90 182
90 195
91 95
91 98
91 131
91 151
91 154
91 180
91 183
92 99
92 111
92 121
92 122
92 147
92 150
92 170
92 175
92 195
93 99
93 119
93 122
93 123
93 134
93 146
93 150
93 154
93 168
93 179
93 188
93 193
93 194
94 109
94 152
94 154
94 169
94 175
94 178
94 187
95 105
95 109
95 114
95 120
95 154
95 159
95 179
95 190
95 195
96 119
96 132
96 154
96 156
96 169
97 109
97 115
97 132
97 148
97 150
97 158
97 169
97 174
97 177
97 178
97 191
98 102
98 109
98 113
98 114
98 135
98 139
98 142
98 143
98 150
98 157
98 168
98 189
98 191
99 108
99 112
99 122
99 134
99 160
99 161
99 165
99 169
99 170
99 195
100 111
100 119
100 131
100 132
100 134
100 139
100 144
100 152
100 160
100 173
100 177
100 185
100 189
101 106
101 107
101 108
101 112
101 136
101 138
101 141
101 149
101 155
101 156
101 178
101 182
101 187
101 197
102 108
102 116
102 141
102 147
102 149
102 158
102 174
102 175
102 187
102 192
102 198
103 113
103 119
103 125
103 132
103 133
103 143
103 151
103 164
103 166
103 185
103 188
104 143
104 186
104 189
104 192
104 193
104 197
105 125
105 174
105 176
106 115
106 116
106 127
106 128
106 144
106 146
106 153
106 155
106 158
106 181
106 183
106 199
107 123
107 129
107 134
107 147
107 155
107 174
107 178
107 190
107 191
107 196
108 109
108 115
108 117
108 129
108 143
108 147
108 163
108 170
108 171
108 181
108 193
109 112
109 147
109 155
109 157
109 170
109 192
110 111
110 112
110 117
110 141
110 142
110 156
110 186
110 196
110 198
111 121
111 134
111 144
111 152
111 163
111 166
111 171
111 172
111 176
112 143
112 150
112 168
112 174
112 175
112 176
112 178
112 181
112 185
113 114
113 139
113 144
113 155
113 161
113 164
113 167
113 178
113 183
113 184
113 186
113 190
113 191
114 117
114 137
114 150
114 151
114 152
114 156
114 157
114 162
114 165
114 179
114 182
114 194
115 125
115 126
115 155
115 175
115 190
115 199
116 141
116 151
116 153
116 164
116 173
116 177
116 180
116 184
116 192
117 118
117 125
117 133
117 140
117 167
117 175
117 180
118 134
118 142
118 156
118 165
118 166
118 169
118 172
118 175
118 177
118 182
118 183
118 190
119 139
119 143
119 144
119 153
119 156
119 167
119 169
119 170
119 176
119 178
119 184
120 122
120 129
120 132
120 139
120 150
120 155
120 171
120 178
120 179
120 194
121 141
121 159
121 161
121 197
122 124
122 138
122 173
122 180
123 124
123 133
123 140
123 145
123 146
123 160
124 158
124 163
124 168
124 169
124 170
125 137
125 153
125 157
125 168
125 170
125 174
125 198
126 139
126 143
126 154
126 168
127 136
127 141
127 156
127 163
127 169
127 182
127 195
128 132
128 141
128 157
128 169
128 175
128 176
129 135
129 140
129 144
129 152
129 155
129 156
129 171
129 173
129 190
129 194
129 199
130 136
130 144
130 161
130 163
130 165
130 172
130 177
130 181
130 183
130 190
130 192
130 193
130 195
131 147
131 148
131 181
131 185
132 155
132 168
132 170
132 176
132 178
132 189
132 192
132 196
133 138
133 163
133 190
134 149
134 161
134 165
134 175
134 181
135 138
135 150
135 153
135 160
135 186
135 187
135 197
135 198
135 199
136 138
136 145
136 148
136 160
136 167
136 179
136 186
136 196
136 199
137 153
137 159
137 182
137 197
138 146
138 181
138 194
139 158
139 160
139 165
139 169
139 171
139 175
139 176
139 177
140 143
140 173
140 174
140 192
140 197
141 153
141 176
141 187
142 145
142 155
142 166
142 180
142 190
143 144
143 145
143 152
143 164
143 170
143 171
143 178
143 180
143 192
143 194
144 150
144 161
144 176
144 182
144 192
144 194
144 196
145 156
145 159
145 172
145 177
145 191
145 193
146 160
146 162
146 165
146 196
147 159
147 165
147 187
147 190
148 150
148 162
148 168
148 178
148 179
148 192
149 153
149 180
149 194
150 151
150 153
150 155
150 173
150 174
150 199
151 159
151 162
151 163
151 167
151 189
152 155
152 157
152 161
152 168
152 175
152 179
152 188
152 197
153 160
153 169
153 170
153 199
154 156
154 170
154 171
154 176
154 181
154 184
154 185
154 189
155 160
155 165
155 171
155 192
155 193
155 198
156 157
156 169
156 174
156 175
156 176
156 187
157 181
157 195
158 168
158 171
158 187
158 190
158 193
159 162
159 188
159 190
159 195
160 167
160 175
160 179
161 163
161 176
161 185
162 168
162 170
162 180
162 182
162 199
163 177
163 185
163 197
164 169
164 183
165 168
166 172
166 179
166 180
167 179
167 189
168 169
168 170
168 186
169 176
169 195
170 192
170 195
170 199
171 172
171 189
171 196
172 180
172 187
172 196
173 174
173 184
173 185
173 199
174 176
176 177
176 195
177 178
177 184
177 195
177 198
178 181
178 191
179 180
180 183
181 183
181 186
181 191
181 194
182 184
182 194
182 196
182 197
183 195
184 187
185 190
187 188
187 191
187 197
188 190
188 198
189 199
192 195
193 194
194 199
