0 15
0 43
0 45
0 50
0 55
0 84
0 90
0 98
0 104
0 118
0 120
0 121
0 133
0 175
0 178
0 180
0 189
0 191
1 2
1 29
1 33
1 46
1 76
1 79
1 82
1 87
1 107
1 109
1 125
1 127
1 130
1 132
1 161
1 183
1 190
1 191
1 194
1 198
2 40
2 43
2 45
2 51
2 64
2 65
2 69
2 74
2 79
2 80
2 83
2 97
2 98
2 101
2 106
2 109
2 113
2 122
2 138
2 139
2 142
2 144
2 152
2 160
2 170
2 178
2 179
2 187
2 193
2 198
3 4
3 7
3 11
3 20
3 25
3 38
3 47
3 89
3 97
3 104
3 106
3 119
3 128
3 129
3 139
3 146
3 147
3 151
3 162
3 175
3 198
4 6
4 17
4 27
4 28
4 29
4 32
4 40
4 58
4 79
4 82
4 83
4 109
4 114
4 128
4 136
4 155
4 165
4 187
5 7
5 9
5 16
5 46
5 50
5 51
5 63
5 97
5 107
5 175
5 192
5 195
6 8
6 13
6 20
6 24
6 37
6 41
6 46
6 49
6 89
6 100
6 109
6 121
6 122
6 159
6 163
6 167
7 15
7 20
7 31
7 33
7 36
7 46
7 47
7 83
7 110
7 121
7 127
7 129
7 130
7 132
7 143
7 151
7 153
7 161
7 170
7 176
7 182
7 183
7 197
7 199
8 23
8 27
8 29
8 30
8 55
8 57
8 94
8 98
8 120
8 133
8 136
8 138
8 152
8 153
8 156
8 158
8 163
8 179
8 187
8 193
8 195
9 15
9 26
9 32
9 33
9 46
9 64
9 101
9 112
9 130
9 145
9 150
9 193
9 195
10 12
10 24
10 29
10 39
10 49
10 51
10 59
10 66
10 69
10 82
10 91
10 101
10 112
10 130
10 134
10 135
10 142
10 163
10 194
11 14
11 19
11 27
11 31
11 35
11 36
11 48
11 49
11 78
11 108
11 113
11 117
11 120
11 127
11 133
11 137
11 143
11 149
11 162
11 164
11 192
12 30
12 39
12 81
12 82
12 96
12 114
12 123
12 125
12 131
12 138
12 143
12 151
12 152
12 165
12 166
12 176
12 177
12 181
13 18
13 19
13 20
13 47
13 64
13 67
13 94
13 103
13 119
13 128
13 131
13 136
13 137
13 141
13 149
13 158
13 161
13 167
13 175
13 178
13 179
13 189
13 190
13 194
13 199
14 20
14 26
14 29
14 30
14 42
14 43
14 58
14 60
14 68
14 82
14 117
14 129
14 130
14 131
14 143
14 160
14 178
14 179
14 195
15 32
15 37
15 38
15 55
15 59
15 94
15 96
15 112
15 123
15 129
15 137
15 144
15 147
15 148
15 162
15 163
15 166
15 171
15 182
15 183
15 195
16 74
16 77
16 96
16 117
16 156
16 162
16 168
16 170
16 176
16 183
16 191
16 194
16 198
16 199
17 32
17 60
17 73
17 78
17 82
17 104
17 109
17 116
17 125
17 152
17 153
17 155
17 165
17 175
17 187
17 192
18 19
18 21
18 24
18 40
18 42
18 45
18 55
18 63
18 66
18 68
18 104
18 114
18 125
18 128
18 131
18 139
18 141
18 154
19 41
19 56
19 59
19 75
19 81
19 87
19 99
19 101
19 105
19 109
19 134
19 136
19 137
19 148
19 154
19 155
19 163
19 172
19 178
20 29
20 33
20 34
20 67
20 87
20 91
20 103
20 107
20 115
20 129
20 143
20 145
20 154
20 158
20 160
20 178
20 183
20 187
20 189
21 23
21 43
21 67
21 101
21 115
21 116
21 119
21 127
21 135
21 147
21 150
21 154
21 159
21 160
21 168
21 178
21 181
21 182
21 183
21 184
21 188
21 193
22 53
22 54
22 59
22 60
22 88
22 90
22 93
22 102
22 104
22 105
22 110
22 117
22 120
22 144
22 145
22 155
22 162
22 178
22 193
22 194
23 35
23 42
23 46
23 50
23 52
23 72
23 77
23 90
23 96
23 109
23 124
23 129
23 130
23 141
23 142
23 168
23 178
23 182
23 189
23 199
24 34
24 45
24 65
24 71
24 76
24 89
24 90
24 92
24 100
24 103
24 107
24 145
24 162
24 174
24 193
24 198
24 199
25 34
25 35
25 52
25 57
25 61
25 78
25 92
25 103
25 110
25 119
25 145
25 149
25 155
25 167
25 187
25 189
26 30
26 35
26 39
26 41
26 62
26 70
26 72
26 74
26 89
26 99
26 101
26 119
26 164
26 173
26 185
26 192
26 196
27 30
27 34
27 48
27 55
27 69
27 88
27 110
27 115
27 119
27 122
27 128
27 138
27 151
27 155
27 162
27 168
27 170
27 171
27 178
27 180
28 46
28 54
28 58
28 64
28 66
28 84
28 90
28 103
28 105
28 116
28 124
28 130
28 131
28 138
28 140
28 150
28 151
28 166
28 172
28 175
28 194
28 197
29 30
29 34
29 42
29 68
29 79
29 98
29 105
29 155
29 190
30 35
30 40
30 43
30 56
30 64
30 68
30 81
30 99
30 101
30 132
30 149
30 157
30 165
30 168
30 180
30 182
30 184
31 32
31 71
31 81
31 82
31 115
31 121
31 123
31 127
31 139
31 140
31 144
31 145
31 160
32 45
32 58
32 63
32 72
32 79
32 80
32 82
32 85
32 106
32 107
32 109
32 112
32 113
32 124
32 139
32 150
32 173
32 189
32 191
33 43
33 45
33 49
33 59
33 66
33 67
33 71
33 87
33 111
33 129
33 136
33 145
33 149
33 159
33 183
33 190
34 50
34 59
34 60
34 74
34 75
34 92
34 98
34 120
34 123
34 148
34 151
34 159
34 173
34 192
34 195
35 43
35 44
35 55
35 63
35 74
35 76
35 77
35 94
35 126
35 132
35 143
35 144
35 151
35 160
35 175
36 38
36 73
36 80
36 90
36 101
36 103
36 125
36 134
36 160
36 170
36 172
36 173
36 194
36 196
37 81
37 86
37 97
37 100
37 103
37 117
37 119
37 127
37 142
37 148
37 154
37 156
37 159
37 178
37 191
37 197
38 40
38 47
38 50
38 70
38 100
38 110
38 127
39 40
39 44
39 47
39 88
39 93
39 104
39 112
39 119
39 122
39 124
39 129
39 134
39 141
39 148
39 152
39 156
39 169
39 183
40 45
40 48
40 53
40 64
40 71
40 76
40 87
40 90
40 101
40 113
40 114
40 119
40 136
40 148
40 155
40 192
41 62
41 73
41 140
41 144
41 151
41 152
41 173
41 176
41 191
42 43
42 48
42 54
42 60
42 73
42 83
42 103
42 111
42 125
42 159
42 173
42 176
42 188
42 199
43 52
43 56
43 59
43 63
43 65
43 66
43 70
43 72
43 75
43 85
43 87
43 111
43 145
43 171
43 179
43 181
43 186
43 188
43 190
43 197
44 46
44 74
44 84
44 101
44 104
44 109
44 115
44 116
44 157
44 170
44 178
44 181
44 184
44 195
44 198
45 51
45 55
45 57
45 77
45 80
45 87
45 94
45 117
45 119
45 123
45 129
45 149
45 154
45 162
45 171
45 194
45 199
46 47
46 54
46 61
46 68
46 85
46 128
46 129
46 137
46 139
46 141
46 148
46 174
46 179
46 185
46 198
47 70
47 77
47 90
47 92
47 106
47 129
47 152
47 172
47 191
47 198
48 49
48 53
48 66
48 83
48 96
48 113
48 116
48 121
48 122
48 133
48 150
48 164
48 181
48 185
49 50
49 61
49 67
49 81
49 85
49 90
49 91
49 117
49 120
49 135
49 143
49 147
49 154
49 160
49 161
49 166
49 173
50 56
50 59
50 63
50 66
50 71
50 86
50 88
50 91
50 104
50 137
50 141
50 192
51 53
51 57
51 60
51 65
51 73
51 77
51 80
51 84
51 90
51 98
51 107
51 113
51 130
51 132
51 136
51 143
51 144
51 159
51 160
51 165
51 169
51 184
51 187
52 69
52 83
52 89
52 90
52 99
52 103
52 109
52 112
52 135
52 145
52 154
52 156
52 167
52 168
52 174
52 185
52 195
53 55
53 74
53 77
53 79
53 95
53 97
53 102
53 105
53 121
53 136
53 147
53 150
53 164
53 169
53 178
53 183
53 188
54 66
54 73
54 75
54 79
54 80
54 99
54 102
54 110
54 129
54 134
54 140
54 147
54 153
54 162
54 165
54 187
54 189
55 56
55 59
55 83
55 101
55 106
55 119
55 122
55 130
55 131
55 135
55 138
55 179
55 192
56 60
56 64
56 70
56 72
56 78
56 86
56 89
56 100
56 121
56 130
56 146
56 147
56 148
56 149
56 155
56 156
56 158
56 159
56 169
56 180
56 187
57 63
57 67
57 77
57 81
57 89
57 91
57 107
57 111
57 131
57 152
57 176
57 177
57 183
57 189
57 195
58 63
58 66
58 74
58 79
58 95
58 98
58 135
58 156
58 175
58 193
58 198
58 199
59 84
59 87
59 98
59 103
59 145
59 147
59 193
59 199
60 66
60 82
60 96
60 107
60 114
60 118
60 179
60 180
60 192
60 195
60 196
60 197
61 62
61 68
61 70
61 82
61 106
61 114
61 136
61 164
61 176
61 177
61 179
61 186
61 196
62 75
62 78
62 100
62 105
62 151
62 161
63 76
63 93
63 102
63 111
63 113
63 118
63 153
63 175
63 179
63 184
63 188
64 77
64 83
64 98
64 125
64 140
64 159
64 168
64 171
64 189
65 67
65 74
65 80
65 90
65 94
65 95
65 102
65 119
65 128
65 130
65 142
65 156
65 181
65 188
66 74
66 76
66 78
66 79
66 80
66 81
66 91
66 126
66 167
66 185
66 187
66 197
67 69
67 74
67 79
67 99
67 114
67 133
67 134
67 144
67 149
67 160
67 161
67 174
67 191
67 192
68 90
68 103
68 107
68 109
68 114
68 116
68 121
68 136
68 137
68 182
68 192
69 82
69 88
69 108
69 114
69 115
69 132
69 141
69 145
69 146
69 154
69 168
70 76
70 77
70 78
70 85
70 94
70 95
70 104
70 113
70 118
70 124
70 129
70 132
70 140
70 148
70 150
70 152
71 72
71 83
71 101
71 108
71 111
71 126
71 138
71 146
71 149
71 168
71 170
71 175
71 188
71 193
72 84
72 85
72 91
72 98
72 120
72 125
72 134
72 140
72 143
72 154
72 158
72 162
72 163
72 165
72 171
72 174
72 179
72 188
72 197
73 74
73 75
73 76
73 82
73 90
73 97
73 124
73 151
73 153
73 166
73 175
73 177
73 179
73 189
73 190
73 196
73 198
74 83
74 89
74 99
74 127
74 128
74 129
74 140
74 143
74 151
74 153
74 161
74 172
74 191
74 199
75 83
75 95
75 97
75 99
75 109
75 111
75 124
75 129
75 142
75 183
75 191
76 77
76 90
76 93
76 94
76 100
76 102
76 106
76 112
76 118
76 134
76 145
76 165
76 168
76 176
76 182
77 85
77 101
77 104
77 133
77 164
77 166
77 169
77 183
77 196
78 82
78 86
78 87
78 88
78 96
78 103
78 106
78 109
78 110
78 129
78 137
78 146
78 153
78 171
78 178
79 87
79 93
79 98
79 103
79 110
79 122
79 123
79 132
79 136
79 149
79 163
79 167
79 177
79 182
79 196
80 94
80 125
80 128
80 138
80 146
80 157
80 163
80 167
80 171
80 181
80 189
80 193
81 84
81 85
81 92
81 101
81 105
81 118
81 119
81 120
81 133
81 141
81 167
81 168
81 180
81 189
82 84
82 89
82 95
82 96
82 99
82 105
82 108
82 110
82 112
82 120
82 124
82 130
82 134
82 137
82 150
82 169
82 182
83 89
83 94
83 105
83 120
83 126
83 136
83 147
83 164
83 168
83 173
83 183
83 190
83 191
83 196
84 105
84 126
84 138
84 141
84 155
84 162
84 163
84 176
84 185
84 193
84 198
85 95
85 97
85 116
85 144
85 160
85 197
85 198
86 94
86 102
86 113
86 117
86 125
86 139
86 140
86 141
86 144
86 145
86 146
86 150
86 173
86 177
86 184
86 192
87 101
87 105
87 120
87 148
87 170
87 185
87 189
88 106
88 140
88 158
88 160
89 146
89 148
89 166
89 180
89 186
90 115
90 130
90 132
90 134
90 135
90 148
90 172
90 173
90 188
91 94
91 95
91 106
91 107
91 108
91 120
91 122
91 128
91 133
91 150
91 157
91 160
91 165
91 186
91 192
91 199
92 100
92 102
92 114
92 127
92 146
92 147
92 154
92 187
92 191
92 198
93 102
93 117
93 123
93 136
93 147
93 159
93 162
93 174
93 189
94 99
94 113
94 128
94 133
94 135
94 153
94 160
94 164
94 167
94 169
95 104
95 107
95 137
95 139
95 140
95 147
95 160
95 171
95 196
96 98
96 116
96 120
96 133
96 140
96 150
96 156
96 166
96 185
96 192
96 199
97 104
97 110
97 127
97 160
97 168
97 169
97 198
98 103
98 131
98 137
98 150
98 161
98 175
98 194
98 195
98 198
99 103
99 109
99 117
99 155
99 160
99 170
99 177
99 180
99 190
100 101
100 110
100 120
100 133
100 136
100 155
100 187
100 190
100 198
101 106
101 108
101 110
101 130
101 144
101 163
101 171
101 176
101 195
102 104
102 109
102 117
102 127
102 138
102 149
102 154
102 161
102 166
102 168
102 169
102 181
102 191
102 192
103 106
103 113
103 128
103 138
103 149
103 150
103 171
103 182
104 121
104 123
104 133
104 146
104 158
104 165
104 185
104 194
105 120
105 127
105 141
105 144
105 146
105 152
105 155
105 166
105 172
105 182
105 195
106 108
106 111
106 127
106 129
106 148
106 152
106 153
106 169
106 190
107 116
107 125
107 129
107 146
107 148
107 192
107 195
108 110
108 114
108 138
108 148
108 155
108 168
108 174
108 182
108 186
108 191
109 129
109 134
109 137
109 140
109 147
109 148
109 168
109 174
109 196
110 120
110 132
110 154
110 172
110 173
111 115
111 122
111 135
111 144
111 149
111 175
111 191
111 192
112 149
112 163
112 166
112 171
112 176
112 182
112 183
112 195
113 114
113 127
113 132
113 154
113 160
113 173
113 176
113 181
114 131
114 133
114 150
114 152
114 171
114 179
114 187
114 189
115 132
115 136
115 149
115 155
115 174
115 176
115 179
115 187
115 188
115 196
116 124
116 154
116 176
116 190
117 128
117 140
117 142
117 147
117 148
117 158
117 161
117 174
117 177
117 199
118 128
118 144
118 146
118 153
118 154
118 158
118 169
118 173
118 177
118 186
118 196
119 134
119 144
119 165
119 167
119 174
119 183
119 191
119 199
120 122
120 148
120 158
120 168
120 175
120 178
120 180
120 191
121 136
121 146
121 156
121 167
121 173
121 185
121 188
122 126
122 152
122 160
122 179
122 182
122 187
122 191
123 131
123 139
123 147
123 154
123 158
123 161
123 164
123 168
123 170
123 184
123 196
124 135
124 148
124 159
124 169
124 171
124 183
125 134
125 136
125 150
125 158
125 176
125 190
125 193
126 136
126 142
126 144
126 154
126 175
126 177
126 185
126 191
126 197
127 128
127 133
127 139
127 145
127 162
127 163
127 165
127 174
127 175
127 179
127 187
127 193
128 142
128 143
128 162
128 169
128 186
128 188
128 199
129 131
129 137
129 140
129 170
129 188
129 189
129 196
130 160
130 175
130 184
131 138
131 144
131 149
131 163
131 164
131 187
131 198
132 133
132 134
132 139
132 141
132 142
132 155
132 174
132 176
132 184
132 185
132 192
133 147
133 156
133 187
133 193
134 150
134 152
134 179
134 187
135 137
135 138
135 143
135 146
135 154
135 156
135 157
135 167
135 185
135 190
135 197
136 141
136 145
136 162
136 164
136 175
136 181
136 197
137 139
137 140
137 141
137 154
137 161
137 164
137 165
137 169
137 170
137 180
137 188
137 189
137 198
138 152
138 156
138 158
138 164
138 168
138 170
138 171
138 173
138 189
139 149
139 150
139 167
139 169
139 170
139 173
139 192
140 158
140 163
140 171
140 178
140 180
140 181
140 182
140 195
140 198
141 162
141 165
141 173
142 143
142 153
142 155
142 159
142 194
142 195
143 149
143 153
143 157
143 167
143 189
143 197
144 154
144 170
144 187
144 195
144 196
145 148
145 164
145 167
145 168
145 193
146 175
146 186
146 190
146 196
147 154
147 171
147 183
147 184
148 149
148 163
148 177
148 185
148 186
148 192
148 197
149 150
149 153
149 158
149 164
149 170
149 182
149 183
149 184
150 165
151 152
151 156
151 159
151 174
151 176
151 190
152 154
152 156
152 173
152 191
152 194
152 196
153 154
153 159
153 162
153 170
153 176
153 178
153 181
153 184
153 194
153 199
154 164
154 174
154 175
154 192
155 160
155 161
155 171
155 181
155 184
155 186
156 158
156 179
157 181
157 193
157 198
158 167
158 169
158 182
158 188
159 163
159 166
159 186
159 188
159 191
160 162
160 173
161 170
161 171
161 176
161 186
161 193
162 165
162 189
163 164
163 198
164 165
164 167
164 169
164 194
165 175
165 185
165 188
165 198
165 199
166 185
166 187
167 177
167 186
167 198
168 182
168 185
168 190
169 173
169 181
169 190
169 194
169 197
170 181
170 187
170 193
171 180
171 185
171 190
171 192
171 194
172 175
172 192
172 199
173 183
173 190
173 196
174 176
175 180
175 188
175 194
176 191
176 192
177 180
177 196
178 180
178 196
178 198
179 181
179 182
179 185
180 185
181 199
183 192
183 193
184 187
184 189
185 186
185 188
186 197
187 195
187 198
189 191
189 199
191 197
192 199
194 198
195 199
