0 17
0 33
0 72
0 82
0 83
0 102
0 103
0 110
0 117
0 122
0 129
0 143
0 164
0 182
0 196
0 197
1 28
1 54
1 64
1 80
1 93
1 101
1 112
1 160
1 170
1 178
1 188
2 3
2 17
2 31
2 43
2 45
2 57
2 64
2 82
2 138
2 144
2 164
2 191
2 194
2 199
3 4
3 21
3 28
3 44
3 49
3 50
3 71
3 98
3 104
3 113
3 119
3 140
3 147
3 162
3 173
3 176
3 190
3 199
4 5
4 13
4 17
4 34
4 36
4 37
4 45
4 50
4 63
4 71
4 78
4 84
4 97
4 98
4 115
4 122
4 125
4 154
4 157
4 170
4 185
4 190
5 21
5 66
5 70
5 77
5 78
5 88
5 95
5 116
5 134
5 142
5 146
5 148
5 168
5 172
5 178
5 191
6 9
6 21
6 37
6 39
6 42
6 52
6 79
6 85
6 107
6 112
6 119
6 128
6 133
6 144
6 155
6 156
6 164
6 188
6 198
7 12
7 29
7 44
7 56
7 62
7 69
7 73
7 78
7 80
7 96
7 110
7 130
7 131
7 136
7 137
7 145
7 172
7 176
7 180
7 191
8 16
8 29
8 48
8 50
8 52
8 55
8 92
8 103
8 112
8 151
8 164
8 171
8 177
8 179
8 198
9 12
9 22
9 51
9 61
9 64
9 88
9 91
9 115
9 125
9 142
9 146
9 154
9 158
9 162
9 164
9 183
9 188
9 189
9 198
10 16
10 24
10 25
10 27
10 42
10 45
10 46
10 52
10 71
10 75
10 77
10 88
10 122
10 145
10 166
10 181
10 195
11 26
11 96
11 97
11 100
11 111
11 120
11 121
11 128
11 142
11 155
11 159
11 162
11 172
11 174
11 187
11 188
11 192
12 21
12 26
12 45
12 90
12 92
12 112
12 115
12 122
12 124
12 137
12 142
12 148
12 154
12 156
12 159
12 166
12 169
12 173
12 177
12 183
13 22
13 49
13 56
13 62
13 68
13 70
13 79
13 90
13 94
13 98
13 106
13 108
13 130
13 143
13 145
13 151
13 155
13 162
13 179
14 24
14 28
14 36
14 43
14 51
14 53
14 62
14 72
14 78
14 88
14 100
14 108
14 112
14 115
14 118
14 149
14 161
14 170
14 174
14 179
14 187
14 196
15 16
15 18
15 32
15 34
15 48
15 58
15 66
15 68
15 72
15 76
15 79
15 86
15 97
15 115
15 136
15 145
15 154
15 172
15 173
15 179
15 192
15 196
15 198
16 20
16 27
16 44
16 49
16 65
16 84
16 97
16 104
16 110
16 116
16 119
16 134
16 162
16 187
16 192
17 36
17 91
17 97
17 120
17 122
17 124
17 129
17 163
17 165
17 174
17 178
17 194
18 19
18 60
18 68
18 69
18 82
18 100
18 101
18 107
18 129
18 130
18 138
18 142
18 193
19 25
19 34
19 35
19 41
19 49
19 58
19 65
19 72
19 75
19 106
19 108
19 123
19 124
19 131
19 135
19 137
19 146
19 150
19 152
19 160
19 181
19 191
19 195
20 27
20 42
20 55
20 71
20 101
20 110
20 127
20 139
20 144
20 172
20 176
20 187
20 188
20 197
20 199
21 22
21 28
21 33
21 44
21 54
21 72
21 81
21 89
21 120
21 127
21 131
21 139
21 142
21 168
21 179
21 181
21 188
21 190
21 192
22 25
22 47
22 65
22 67
22 70
22 75
22 79
22 96
22 97
22 106
22 108
22 110
22 112
22 113
22 115
22 122
22 123
22 170
22 176
22 177
22 199
23 32
23 38
23 45
23 46
23 53
23 54
23 60
23 71
23 77
23 80
23 91
23 111
23 113
23 120
23 138
23 165
23 197
24 38
24 47
24 61
24 62
24 68
24 76
24 99
24 108
24 112
24 113
24 120
24 122
24 131
24 133
24 135
24 144
24 154
24 165
24 169
24 170
24 178
24 198
24 199
25 33
25 37
25 48
25 67
25 79
25 83
25 89
25 101
25 141
25 144
25 166
25 170
25 191
25 192
25 195
26 32
26 41
26 43
26 53
26 67
26 74
26 78
26 79
26 81
26 93
26 97
26 122
26 125
26 130
26 133
26 144
26 154
26 173
27 39
27 55
27 61
27 62
27 68
27 77
27 87
27 92
27 100
27 138
27 148
27 149
27 159
27 195
28 33
28 62
28 69
28 74
28 80
28 83
28 85
28 89
28 90
28 97
28 105
28 115
28 124
28 141
28 144
28 148
28 154
28 170
28 182
28 184
28 198
29 46
29 55
29 80
29 102
29 107
29 117
29 129
29 162
29 180
29 197
29 198
30 31
30 32
30 39
30 40
30 45
30 72
30 90
30 94
30 100
30 113
30 119
30 133
30 142
30 144
30 163
30 169
30 176
31 43
31 69
31 70
31 72
31 95
31 104
31 114
31 121
31 122
31 123
31 127
31 133
31 136
31 148
31 160
31 168
31 184
32 62
32 68
32 69
32 70
32 76
32 87
32 90
32 111
32 122
32 134
32 142
32 174
32 179
32 197
33 44
33 63
33 75
33 85
33 87
33 99
33 112
33 113
33 118
33 124
33 140
33 146
33 153
33 199
34 42
34 48
34 67
34 78
34 82
34 85
34 102
34 108
34 120
34 138
34 157
34 159
34 186
35 36
35 45
35 54
35 71
35 77
35 85
35 104
35 139
35 149
35 187
36 46
36 57
36 85
36 90
36 93
36 115
36 117
36 127
36 137
36 147
36 178
36 189
37 54
37 61
37 68
37 71
37 80
37 87
37 105
37 132
37 146
37 155
37 158
37 161
37 162
37 173
37 175
37 189
38 41
38 51
38 76
38 82
38 83
38 87
38 95
38 99
38 104
38 114
38 117
38 131
38 142
38 152
38 161
38 173
38 177
38 185
38 197
38 198
39 84
39 85
39 90
39 98
39 104
39 110
39 134
39 142
39 149
39 156
39 162
39 164
39 182
39 197
39 198
40 82
40 99
40 110
40 111
40 114
40 116
40 121
40 138
40 139
40 158
40 161
40 162
40 196
41 53
41 54
41 61
41 77
41 115
41 126
41 135
41 166
41 177
41 186
41 197
41 198
42 48
42 52
42 54
42 61
42 71
42 82
42 102
42 118
42 134
42 147
42 149
42 154
42 158
42 164
42 172
42 189
43 58
43 70
43 82
43 84
43 96
43 107
43 113
43 141
43 142
43 180
43 182
43 188
43 192
43 199
44 50
44 53
44 55
44 71
44 87
44 109
44 128
44 149
44 153
44 173
44 196
45 57
45 60
45 76
45 79
45 80
45 100
45 108
45 121
45 127
45 130
45 137
45 149
45 156
45 163
45 167
45 169
45 174
45 175
45 197
46 57
46 70
46 78
46 80
46 85
46 97
46 99
46 114
46 132
46 142
46 158
46 173
46 178
46 197
47 54
47 64
47 66
47 87
47 96
47 110
47 111
47 125
47 131
47 132
47 134
47 143
47 144
47 147
47 153
47 155
47 156
47 165
47 184
47 193
48 53
48 73
48 77
48 78
48 79
48 89
48 93
48 104
48 116
48 144
48 173
48 174
48 178
48 188
48 199
49 75
49 80
49 114
49 115
49 116
49 122
49 130
49 147
49 156
49 157
49 160
49 167
49 190
50 54
50 66
50 78
50 95
50 102
50 118
50 121
50 151
50 153
50 156
50 174
50 176
50 182
50 187
50 194
50 199
51 53
51 54
51 91
51 137
51 165
51 170
52 75
52 82
52 84
52 108
52 113
52 116
52 134
52 170
52 179
52 185
52 190
53 55
53 61
53 63
53 71
53 77
53 78
53 91
53 98
53 99
53 111
53 120
53 145
53 149
53 159
53 161
53 186
53 187
53 191
53 198
54 69
54 83
54 96
54 118
54 123
54 143
54 157
54 167
54 173
54 176
54 191
54 197
55 59
55 80
55 87
55 95
55 96
55 109
55 131
55 153
55 155
55 173
55 174
55 182
56 65
56 74
56 79
56 80
56 84
56 102
56 110
56 124
56 144
56 154
56 160
56 177
56 184
56 198
57 61
57 79
57 92
57 97
57 107
57 108
57 110
57 116
57 126
57 133
57 139
57 144
57 154
57 164
57 170
57 184
57 191
57 197
58 61
58 62
58 66
58 69
58 81
58 83
58 109
58 115
58 120
58 121
58 134
58 145
58 147
58 151
58 161
58 177
58 185
58 187
58 188
58 199
59 64
59 69
59 73
59 83
59 109
59 122
59 136
59 145
59 152
59 155
59 158
59 160
59 161
59 164
59 171
59 189
60 114
60 117
60 138
60 140
60 143
60 151
60 162
60 164
60 178
61 69
61 72
61 74
61 78
61 83
61 99
61 101
61 105
61 109
61 120
61 132
61 142
61 145
61 149
61 158
61 183
61 196
62 66
62 86
62 97
62 108
62 111
62 117
62 119
62 129
62 151
62 153
62 154
62 170
62 187
62 188
62 193
62 198
63 78
63 82
63 83
63 102
63 107
63 109
63 152
63 156
63 164
63 165
63 169
63 172
63 181
63 192
63 194
63 197
64 70
64 76
64 85
64 98
64 125
64 137
64 140
64 175
64 177
64 178
64 191
64 192
65 71
65 91
65 144
65 148
65 172
65 176
65 182
65 196
66 79
66 86
66 96
66 111
66 116
66 120
66 139
66 156
66 167
66 184
66 190
66 191
66 192
66 195
67 76
67 77
67 81
67 83
67 93
67 112
67 113
67 126
67 127
67 131
67 144
67 146
67 165
67 167
67 182
67 188
68 83
68 98
68 107
68 111
68 116
68 121
68 131
68 145
68 150
68 178
68 184
68 195
69 73
69 98
69 133
69 135
69 138
69 154
69 166
69 182
69 187
70 76
70 78
70 93
70 100
70 120
70 125
70 133
70 134
70 135
70 143
70 160
70 164
70 166
70 170
70 171
70 172
70 174
70 184
70 193
70 194
71 76
71 109
71 132
71 142
71 150
71 152
71 173
71 185
71 190
72 85
72 102
72 142
72 143
72 149
72 157
72 163
72 167
72 183
73 91
73 101
73 104
73 149
73 169
73 177
73 183
73 198
74 82
74 83
74 105
74 128
74 131
74 139
74 150
74 154
74 164
74 181
74 185
75 92
75 95
75 127
75 138
75 153
75 169
75 171
75 184
75 187
75 189
75 194
76 77
76 82
76 91
76 95
76 113
76 135
76 137
76 139
76 141
76 142
76 151
76 164
76 190
76 192
77 97
77 121
77 136
77 185
77 190
78 81
78 91
78 92
78 103
78 110
78 117
78 128
78 132
78 135
78 151
78 155
78 160
78 162
78 175
78 179
78 181
78 192
79 92
79 95
79 104
79 140
79 142
79 154
79 163
79 168
79 174
79 175
79 183
79 193
80 82
80 111
80 128
80 134
80 144
80 160
80 177
80 194
81 82
81 98
81 104
81 105
81 110
81 123
81 124
81 148
81 155
81 159
81 177
81 188
81 192
82 118
82 123
82 126
82 132
82 133
82 139
82 157
82 162
82 176
82 181
83 88
83 106
83 121
83 122
83 124
83 139
83 143
83 150
83 162
83 165
83 182
83 187
83 191
84 90
84 94
84 102
84 110
84 135
84 150
84 152
84 155
84 159
84 163
84 166
84 176
84 178
84 179
84 183
84 193
85 103
85 115
85 128
85 134
85 155
85 157
85 166
85 175
85 181
85 185
85 190
86 95
86 105
86 112
86 114
86 117
86 123
86 131
86 132
86 133
86 143
86 150
86 153
86 177
86 179
86 185
86 191
87 88
87 92
87 98
87 116
87 128
87 140
87 153
87 155
87 169
87 178
87 179
87 192
88 98
88 104
88 106
88 123
88 157
88 160
88 164
88 171
88 174
88 176
88 191
89 90
89 91
89 120
89 133
89 135
89 138
89 147
89 174
89 187
89 189
89 194
89 199
90 120
90 121
90 136
90 144
90 149
90 155
90 157
90 174
90 180
90 188
91 94
91 99
91 105
91 114
91 130
91 141
91 151
91 153
91 155
91 160
91 194
91 197
92 97
92 99
92 103
92 105
92 117
92 142
92 156
92 160
92 170
92 176
93 120
93 133
93 145
93 147
93 150
93 183
94 95
94 96
94 103
94 105
94 109
94 116
94 128
94 135
94 155
94 180
94 197
95 100
95 107
95 118
95 124
95 144
95 145
95 148
95 168
95 179
95 181
96 107
96 125
96 126
96 147
96 154
96 156
96 161
96 169
96 184
96 197
96 199
97 107
97 122
97 126
97 138
97 151
97 152
97 197
98 113
98 129
98 130
98 138
98 142
98 144
98 145
98 148
98 153
98 154
98 185
98 190
99 101
99 102
99 110
99 116
99 119
99 120
99 130
99 136
99 144
99 165
99 196
99 197
100 119
100 134
100 136
100 145
100 155
100 174
100 182
100 189
100 194
100 197
101 105
101 145
101 151
101 152
101 165
101 168
101 191
101 196
101 199
102 104
102 109
102 131
102 132
102 134
102 139
102 146
102 147
102 162
102 175
102 188
102 194
102 199
103 116
103 125
103 138
103 166
103 167
103 169
103 172
103 198
104 123
104 139
104 145
104 149
104 154
104 172
104 174
104 180
104 185
104 192
105 109
105 119
105 121
105 144
105 156
105 173
105 178
105 179
106 143
106 146
106 170
106 189
106 192
107 112
107 122
107 128
107 133
107 135
107 136
107 153
107 157
107 161
107 173
107 183
107 197
108 111
108 116
108 121
108 138
108 177
108 195
109 112
109 115
109 116
109 120
109 129
109 131
109 133
109 151
109 164
109 184
109 186
110 119
110 156
110 161
110 181
110 193
111 113
111 114
111 118
111 132
111 147
111 155
111 161
111 166
111 167
111 175
111 192
112 114
112 124
112 150
112 163
112 168
112 193
113 124
113 128
113 138
113 148
113 154
113 164
113 175
113 188
114 120
114 128
114 142
114 147
114 153
114 181
115 123
115 126
115 130
115 153
115 158
115 165
116 125
116 147
116 148
116 157
116 164
116 167
116 177
116 193
116 198
117 122
117 143
117 147
117 148
117 151
117 155
117 158
117 187
117 193
117 198
118 119
118 150
118 155
118 178
119 133
119 154
119 158
119 159
119 162
119 170
119 177
119 198
120 132
120 140
120 144
120 145
120 157
120 161
120 162
120 163
120 167
120 178
120 193
121 137
121 145
121 146
121 157
121 164
121 187
121 194
122 133
122 153
122 156
122 178
122 182
122 190
123 125
123 135
123 137
123 168
123 170
123 176
123 197
124 135
124 162
124 171
124 172
124 180
124 191
124 196
125 127
125 146
125 160
125 168
125 173
125 178
125 181
125 188
125 199
126 138
126 149
126 160
126 164
126 170
126 180
126 193
127 149
127 150
127 157
127 171
128 129
128 140
128 152
128 158
128 168
128 185
128 197
129 139
129 184
129 185
130 134
130 146
130 150
130 194
130 197
130 198
131 156
131 163
132 133
132 147
132 150
132 158
132 180
132 183
133 136
133 137
133 140
133 155
133 159
133 171
133 195
134 139
134 145
134 152
134 155
134 157
134 159
134 160
134 165
134 167
134 194
135 144
135 151
135 153
135 154
135 155
135 159
135 170
135 175
136 147
136 153
136 175
136 178
137 154
137 169
137 187
138 141
138 187
139 144
139 148
139 164
139 181
139 197
140 141
140 145
140 149
140 174
140 193
141 165
141 167
141 180
141 194
142 144
142 147
142 149
142 150
142 164
142 168
142 174
142 182
143 150
143 151
143 160
143 163
143 178
143 183
143 192
144 145
144 161
144 177
144 183
144 187
144 191
144 193
145 152
145 153
145 165
145 166
145 178
145 184
145 188
145 189
145 190
146 176
147 183
147 198
148 153
148 178
148 181
148 198
149 181
149 186
149 195
149 196
149 198
150 154
150 158
150 172
150 181
150 197
151 162
151 164
151 165
151 180
151 184
151 190
152 162
152 180
153 171
153 172
153 174
153 186
153 193
154 161
154 176
154 186
154 191
155 169
155 177
155 192
155 193
156 159
156 161
156 171
156 172
156 194
157 173
157 186
157 188
158 160
158 166
158 182
158 185
158 189
158 193
159 167
159 168
159 171
159 179
159 188
159 189
160 172
160 183
160 199
161 170
161 171
161 175
161 189
161 192
161 194
162 169
162 172
162 187
162 195
162 196
162 197
163 177
163 182
163 197
164 170
164 177
164 181
164 195
164 198
165 181
165 184
165 187
165 189
165 194
166 171
166 175
167 172
167 183
167 194
168 193
169 180
170 172
170 175
170 184
171 173
171 175
171 181
171 196
172 190
173 187
174 187
174 197
175 179
175 180
176 187
177 182
179 180
179 190
179 193
179 198
180 190
180 192
181 184
181 192
182 183
182 197
183 196
184 189
185 196
186 187
186 194
186 197
187 191
188 190
190 195
