0 23
0 43
0 61
0 75
0 93
0 103
0 114
0 115
0 138
0 142
0 159
0 185
0 188
0 189
0 191
0 196
0 199
1 2
1 36
1 69
1 77
1 91
1 104
1 112
1 126
1 147
1 176
1 177
1 179
1 193
2 3
2 13
2 33
2 48
2 61
2 67
2 78
2 79
2 92
2 106
2 117
2 119
2 120
2 122
2 132
2 134
2 160
2 167
2 170
2 173
2 185
2 186
2 197
3 22
3 32
3 42
3 50
3 55
3 75
3 84
3 100
3 101
3 104
3 106
3 107
3 128
3 137
3 144
3 152
3 156
3 158
3 179
3 181
3 192
3 195
4 16
4 23
4 40
4 45
4 85
4 87
4 95
4 96
4 100
4 102
4 105
4 106
4 110
4 122
4 131
4 159
4 163
4 169
4 178
5 16
5 21
5 27
5 28
5 35
5 48
5 61
5 84
5 100
5 101
5 104
5 109
5 111
5 113
5 118
5 121
5 130
5 133
5 136
5 142
5 150
5 158
5 163
5 165
5 167
5 186
6 8
6 16
6 27
6 33
6 42
6 51
6 58
6 72
6 99
6 107
6 118
6 130
6 139
6 149
6 152
6 157
6 158
6 161
6 171
6 178
6 188
7 16
7 34
7 39
7 48
7 50
7 51
7 57
7 58
7 72
7 74
7 88
7 89
7 91
7 106
7 117
7 142
7 147
7 150
7 165
7 168
7 179
7 192
8 25
8 34
8 45
8 58
8 59
8 60
8 63
8 71
8 105
8 111
8 138
8 139
8 156
8 161
8 162
8 167
8 170
8 176
8 180
9 10
9 13
9 21
9 24
9 28
9 35
9 46
9 58
9 71
9 89
9 104
9 105
9 124
9 132
9 136
9 143
9 164
9 189
9 195
9 198
9 199
10 11
10 17
10 39
10 76
10 81
10 88
10 102
10 108
10 109
10 113
10 117
10 138
10 142
10 174
10 195
11 20
11 22
11 26
11 30
11 36
11 41
11 42
11 54
11 74
11 100
11 107
11 108
11 111
11 162
11 178
11 184
11 186
12 15
12 22
12 24
12 39
12 51
12 64
12 74
12 85
12 98
12 107
12 114
12 115
12 127
12 141
12 156
12 157
12 163
12 181
12 182
12 187
12 192
13 23
13 32
13 34
13 41
13 59
13 60
13 90
13 103
13 127
13 129
13 138
13 152
13 154
13 158
13 160
13 167
14 21
14 27
14 37
14 41
14 57
14 61
14 66
14 78
14 80
14 82
14 99
14 101
14 102
14 115
14 117
14 145
14 156
14 157
14 179
14 184
14 192
15 38
15 39
15 53
15 58
15 60
15 68
15 70
15 93
15 96
15 113
15 120
15 134
15 138
15 142
15 158
15 161
15 177
15 179
15 184
16 62
16 68
16 73
16 77
16 80
16 84
16 95
16 96
16 138
16 140
16 152
16 157
16 197
17 37
17 48
17 71
17 91
17 93
17 95
17 97
17 110
17 138
17 155
17 163
17 169
17 184
18 43
18 51
18 54
18 62
18 86
18 89
18 108
18 132
18 143
18 156
18 163
18 167
18 169
18 196
19 29
19 38
19 52
19 55
19 66
19 80
19 86
19 96
19 98
19 107
19 115
19 124
19 134
19 151
19 167
19 174
19 185
19 189
19 195
20 32
20 43
20 61
20 69
20 80
20 83
20 115
20 119
20 129
20 137
20 139
20 147
20 158
20 175
20 182
20 191
20 197
21 40
21 56
21 61
21 69
21 97
21 104
21 109
21 140
21 161
21 175
21 176
21 179
21 197
22 23
22 24
22 35
22 51
22 52
22 57
22 60
22 82
22 89
22 96
22 100
22 113
22 134
22 140
22 144
22 157
22 160
22 163
22 164
22 170
22 172
22 174
22 192
22 197
23 32
23 33
23 35
23 38
23 39
23 53
23 57
23 59
23 60
23 64
23 71
23 89
23 100
23 110
23 115
23 141
23 174
23 176
23 190
24 27
24 32
24 40
24 42
24 66
24 82
24 87
24 88
24 108
24 109
24 125
24 127
24 139
24 152
24 156
24 161
24 163
24 170
24 180
24 197
25 58
25 77
25 78
25 99
25 101
25 103
25 110
25 112
25 116
25 118
25 120
25 123
25 135
25 147
25 149
25 155
25 173
25 175
25 183
25 190
26 29
26 56
26 57
26 70
26 71
26 76
26 78
26 79
26 82
26 89
26 94
26 105
26 138
26 147
26 152
26 153
26 154
26 180
26 187
27 43
27 57
27 59
27 65
27 67
27 78
27 87
27 99
27 108
27 124
27 128
27 131
27 135
27 136
27 149
27 157
27 158
27 166
27 170
27 175
27 189
28 33
28 51
28 52
28 53
28 59
28 64
28 76
28 79
28 84
28 85
28 89
28 94
28 97
28 114
28 115
28 120
28 134
28 144
28 147
28 149
28 181
28 190
28 194
28 199
29 36
29 47
29 52
29 75
29 85
29 88
29 91
29 95
29 106
29 107
29 132
29 163
29 166
29 170
29 174
29 177
29 184
29 193
30 31
30 47
30 58
30 62
30 77
30 83
30 141
30 167
30 186
30 192
31 36
31 50
31 55
31 89
31 91
31 92
31 93
31 109
31 112
31 115
31 119
31 129
31 136
31 137
31 150
31 174
31 183
31 185
31 188
31 194
32 38
32 55
32 63
32 67
32 75
32 98
32 113
32 120
32 143
32 153
32 161
32 169
32 176
32 178
32 190
33 36
33 59
33 65
33 68
33 75
33 82
33 101
33 108
33 124
33 132
33 133
33 145
33 148
33 171
33 175
34 46
34 55
34 72
34 85
34 86
34 95
34 103
34 106
34 108
34 146
34 154
34 155
34 165
34 182
34 186
34 194
35 37
35 47
35 56
35 57
35 58
35 64
35 76
35 79
35 84
35 96
35 136
35 138
35 139
35 140
35 143
35 146
35 152
35 160
35 161
35 172
35 173
35 177
35 180
35 197
36 38
36 61
36 66
36 76
36 99
36 106
36 118
36 124
36 135
36 141
36 149
36 151
36 152
36 165
36 167
36 174
36 179
36 183
36 186
36 188
36 191
36 196
36 197
37 49
37 71
37 96
37 97
37 106
37 107
37 126
37 132
37 174
37 179
37 182
37 197
38 56
38 68
38 75
38 85
38 86
38 93
38 102
38 115
38 129
38 135
38 152
38 169
38 178
38 181
39 44
39 48
39 60
39 65
39 74
39 101
39 102
39 113
39 119
39 135
39 139
39 145
39 151
39 156
39 161
39 162
39 169
39 172
40 43
40 44
40 49
40 52
40 63
40 69
40 70
40 79
40 80
40 85
40 93
40 97
40 106
40 109
40 122
40 143
40 159
40 183
40 191
41 43
41 55
41 58
41 60
41 62
41 63
41 66
41 67
41 70
41 86
41 99
41 101
41 105
41 124
41 125
41 144
41 190
41 192
41 194
41 197
42 45
42 58
42 61
42 67
42 75
42 83
42 105
42 133
42 135
42 136
42 141
42 144
42 152
42 160
42 168
42 177
42 192
43 61
43 74
43 97
43 113
43 125
43 130
43 148
43 160
43 184
43 187
44 59
44 61
44 76
44 89
44 90
44 95
44 108
44 111
44 153
44 164
44 172
44 185
44 193
45 47
45 55
45 71
45 72
45 80
45 87
45 99
45 106
45 124
45 148
45 166
45 179
45 182
45 185
45 195
45 196
46 47
46 53
46 62
46 66
46 68
46 69
46 87
46 91
46 102
46 106
46 113
46 133
46 141
46 143
46 152
46 182
46 185
46 197
47 52
47 77
47 91
47 93
47 127
47 128
47 154
47 193
47 198
48 57
48 61
48 84
48 88
48 93
48 98
48 113
48 127
48 150
48 159
48 160
48 164
48 165
48 173
48 180
49 64
49 69
49 84
49 89
49 93
49 94
49 95
49 96
49 106
49 108
49 113
49 126
49 140
49 148
49 154
49 156
49 160
49 162
49 169
49 180
49 184
49 185
49 188
49 197
50 61
50 65
50 66
50 67
50 79
50 80
50 89
50 95
50 98
50 122
50 141
50 162
50 165
50 166
50 179
50 199
51 54
51 72
51 109
51 123
51 128
51 129
51 146
51 148
51 156
51 182
51 183
51 189
52 59
52 60
52 62
52 65
52 66
52 68
52 98
52 107
52 111
52 124
52 128
52 134
52 137
52 144
52 158
52 161
52 179
52 184
52 193
52 198
53 54
53 55
53 60
53 62
53 74
53 81
53 84
53 86
53 92
53 98
53 99
53 106
53 117
53 129
53 132
53 133
53 137
53 170
53 173
53 178
53 184
53 187
54 72
54 74
54 75
54 76
54 79
54 82
54 90
54 92
54 106
54 117
54 139
54 145
54 161
54 169
54 176
54 178
54 181
55 91
55 98
55 113
55 115
55 123
55 126
55 127
55 130
55 137
55 144
55 171
55 188
56 58
56 67
56 82
56 87
56 88
56 93
56 106
56 119
56 137
56 146
56 162
56 173
56 176
56 188
56 191
56 195
57 58
57 61
57 64
57 70
57 83
57 94
57 96
57 104
57 105
57 107
57 110
57 111
57 120
57 121
57 122
57 134
57 147
57 150
57 154
57 155
57 158
57 161
57 164
57 176
57 177
57 187
57 189
57 190
58 75
58 80
58 84
58 96
58 106
58 107
58 113
58 131
58 143
58 146
58 153
58 157
58 166
58 168
58 178
58 187
58 192
58 193
58 197
59 60
59 75
59 83
59 91
59 93
59 113
59 117
59 126
59 140
59 141
59 147
59 168
59 170
59 174
59 180
59 187
59 189
59 193
60 65
60 70
60 83
60 84
60 90
60 116
60 120
60 123
60 126
60 127
60 134
60 140
60 149
60 158
60 162
60 197
61 77
61 92
61 100
61 117
61 136
61 144
61 163
61 167
61 171
61 178
61 179
61 183
61 185
61 199
62 68
62 71
62 73
62 84
62 86
62 93
62 101
62 108
62 111
62 116
62 122
62 124
62 132
62 139
62 140
62 143
62 165
62 167
62 188
62 197
62 199
63 76
63 79
63 86
63 91
63 106
63 113
63 114
63 119
63 120
63 135
63 151
63 156
63 158
63 164
63 172
63 181
63 184
63 195
63 196
64 76
64 78
64 95
64 100
64 104
64 105
64 125
64 128
64 134
64 140
64 153
64 163
64 175
64 178
64 197
65 79
65 96
65 97
65 100
65 103
65 121
65 143
65 158
65 195
66 85
66 92
66 97
66 120
66 126
66 136
66 166
66 182
66 184
66 192
67 75
67 119
67 123
67 137
67 150
67 152
67 154
67 175
67 184
67 198
68 69
68 71
68 95
68 100
68 121
68 128
68 130
68 133
68 137
68 172
68 178
68 190
68 191
68 192
68 196
69 76
69 81
69 85
69 93
69 96
69 108
69 127
69 134
69 139
69 146
69 149
69 153
69 159
69 165
69 177
70 94
70 95
70 97
70 120
70 121
70 131
70 138
70 143
70 162
71 74
71 92
71 112
71 114
71 128
71 131
71 141
71 150
71 161
71 171
71 184
71 190
71 192
72 74
72 79
72 80
72 83
72 91
72 121
72 124
72 145
72 147
72 149
72 155
72 156
72 163
72 166
72 173
72 184
72 197
72 199
73 92
73 94
73 115
73 123
73 134
73 136
73 137
73 138
73 144
73 167
73 169
73 175
73 185
73 190
74 86
74 89
74 110
74 118
74 120
74 127
74 130
74 133
74 138
74 167
74 170
74 187
74 188
74 192
75 79
75 81
75 82
75 86
75 114
75 126
75 140
75 146
75 163
75 186
76 77
76 103
76 109
76 118
76 119
76 134
76 167
76 184
76 197
77 94
77 97
77 124
77 130
77 143
77 147
77 161
77 169
77 182
77 188
77 190
77 197
78 82
78 128
78 139
78 146
78 153
78 181
78 191
79 82
79 83
79 101
79 104
79 109
79 118
79 119
79 134
79 136
79 137
79 154
79 168
79 194
80 93
80 98
80 99
80 111
80 122
80 126
80 127
80 130
80 135
80 149
80 165
80 168
80 170
80 174
80 176
80 179
80 193
80 198
80 199
81 88
81 90
81 97
81 105
81 130
81 134
81 142
81 154
81 155
81 194
81 196
82 92
82 93
82 102
82 112
82 126
82 133
82 147
82 155
82 157
82 194
83 97
83 98
83 99
83 104
83 108
83 114
83 129
83 131
83 140
83 155
83 159
83 177
83 179
83 180
83 183
83 188
83 191
84 99
84 124
84 146
84 150
84 153
84 158
84 180
85 122
85 130
85 134
85 140
85 156
85 190
85 195
85 197
85 198
86 95
86 110
86 119
86 121
86 122
86 131
86 149
86 151
86 162
86 168
86 169
86 176
86 189
87 90
87 100
87 109
87 111
87 123
87 127
87 130
87 133
87 134
87 140
87 144
87 147
87 148
87 167
87 183
87 195
88 91
88 92
88 99
88 117
88 138
88 141
88 150
88 152
88 153
88 162
88 165
88 187
88 194
89 152
89 158
89 168
89 186
89 190
89 191
90 101
90 119
90 121
90 124
90 135
90 140
90 143
90 150
90 164
90 165
90 169
90 173
90 184
90 191
90 195
91 95
91 98
91 100
91 105
91 109
91 110
91 115
91 120
91 129
91 135
91 140
91 156
91 158
91 171
91 196
91 198
92 109
92 110
92 116
92 119
92 123
92 134
92 135
92 137
92 139
92 144
92 147
92 163
92 184
92 190
93 105
93 111
93 112
93 124
93 125
93 129
93 134
93 136
93 137
93 139
93 144
93 164
93 199
94 102
94 120
94 138
94 140
94 151
94 153
94 159
94 178
95 104
95 106
95 109
95 111
95 175
95 178
95 182
95 183
95 191
96 98
96 121
96 148
96 150
96 152
96 163
96 166
96 169
96 171
96 182
96 187
96 188
97 110
97 114
97 123
97 125
97 131
97 134
97 150
97 155
97 156
97 171
97 183
97 184
97 193
98 99
98 105
98 127
98 128
98 145
98 148
98 152
98 156
98 165
98 176
98 181
98 183
98 186
98 196
99 111
99 135
99 140
99 147
99 153
99 163
99 167
99 179
99 183
99 187
99 192
99 198
99 199
100 112
100 113
100 119
100 133
100 139
100 141
100 153
100 159
100 167
100 189
101 115
101 128
101 143
101 150
101 171
101 181
101 192
101 198
102 104
102 118
102 126
102 164
102 197
103 106
103 110
103 112
103 118
103 143
103 165
103 172
103 173
103 189
103 192
103 197
104 127
104 128
104 135
104 138
104 144
104 145
104 148
104 154
104 155
104 171
104 191
104 193
104 199
105 112
105 123
105 144
105 165
105 169
106 111
106 114
106 123
106 125
106 132
106 136
106 173
106 182
106 191
106 192
106 197
107 113
107 114
107 115
107 119
107 121
107 122
107 137
107 138
107 142
107 146
107 155
107 163
107 172
107 180
108 118
108 132
108 134
108 140
108 144
108 154
108 160
108 164
108 170
108 175
109 122
109 127
109 135
109 139
109 153
109 165
109 179
109 182
109 187
109 196
110 131
110 141
110 152
110 153
110 188
110 199
111 120
111 129
111 133
111 172
111 179
112 116
112 117
112 118
112 140
112 160
112 170
112 172
112 174
112 176
112 185
113 129
113 130
113 150
113 182
113 185
113 190
113 193
114 118
114 120
114 125
114 139
114 140
114 142
114 144
114 151
114 169
114 172
114 198
114 199
115 117
115 136
115 155
115 162
115 167
115 186
115 189
115 192
116 124
116 130
116 135
116 154
116 157
116 183
116 188
117 128
117 129
117 140
117 148
117 149
117 158
117 165
117 178
117 191
117 196
118 126
118 151
118 175
118 196
119 120
119 137
119 141
119 146
119 152
119 159
119 163
119 166
119 174
119 179
119 181
119 182
119 191
120 121
120 142
120 148
120 156
120 157
120 177
120 179
120 192
121 132
121 146
121 163
121 168
121 174
121 192
122 128
122 139
122 144
122 164
122 168
122 174
122 178
122 187
122 196
123 144
123 146
123 153
123 165
124 126
124 127
124 130
124 139
124 167
125 130
125 132
125 147
125 157
126 132
126 144
126 161
126 173
126 175
126 197
127 133
127 147
127 151
127 154
127 164
127 166
127 167
127 193
127 194
127 197
128 147
128 148
128 155
128 157
128 180
129 136
129 152
129 159
129 161
129 174
129 176
129 185
129 197
130 134
130 143
130 148
130 198
130 199
131 138
131 151
131 157
131 183
131 188
131 191
132 136
132 140
132 149
132 155
132 157
132 172
132 196
133 168
133 175
134 136
134 137
134 155
134 161
135 146
135 147
135 154
135 155
135 177
135 186
136 139
136 150
136 157
136 162
136 171
136 175
136 195
137 139
137 142
137 152
137 167
137 190
137 191
137 196
138 139
138 168
138 178
138 181
138 186
138 193
139 140
139 143
139 147
139 154
139 160
139 168
140 151
140 170
140 181
140 184
140 185
140 189
140 199
141 153
141 160
141 163
141 165
141 167
141 172
141 178
141 199
142 154
142 170
142 186
142 187
142 192
142 197
143 148
143 151
143 154
143 166
143 199
144 153
144 170
144 173
144 175
144 185
144 195
145 175
145 189
145 192
146 178
146 198
147 169
147 174
147 176
147 188
147 194
147 197
148 166
148 182
148 186
148 189
149 156
149 171
149 179
149 186
149 191
150 152
150 170
150 184
151 162
151 163
151 171
151 172
151 181
152 165
152 167
152 171
153 186
153 189
153 196
154 160
154 164
154 166
154 168
154 178
154 181
154 197
155 156
155 160
155 162
155 167
155 170
155 179
155 180
156 166
156 172
157 161
157 166
157 179
157 181
157 190
158 176
158 177
158 180
158 183
158 189
158 199
159 162
159 165
159 177
159 193
160 164
160 176
160 179
160 185
160 195
160 196
161 179
161 180
161 195
162 188
163 170
163 172
163 184
163 194
165 167
165 181
165 192
165 199
166 171
166 185
167 182
167 183
167 197
168 186
168 194
169 175
169 181
169 185
170 171
170 196
170 199
171 198
172 183
172 186
172 188
172 191
173 174
173 187
173 191
173 198
174 178
174 181
174 198
175 185
175 187
175 198
176 198
177 178
177 182
177 188
177 194
177 195
178 192
179 180
179 199
181 192
181 197
182 186
182 192
183 191
183 195
183 196
184 185
184 188
185 186
185 190
186 189
186 190
186 196
188 191
188 192
189 192
189 197
190 191
190 197
190 198
191 198
192 196
196 198
