0 16
0 18
0 29
0 39
0 43
0 57
0 62
0 63
0 68
0 84
0 88
0 90
0 117
0 135
0 140
0 162
0 164
0 172
0 176
0 177
0 180
0 186
1 12
1 25
1 47
1 51
1 54
1 66
1 69
1 72
1 86
1 87
1 88
1 94
1 98
1 105
1 131
1 138
1 149
1 150
1 157
1 160
1 173
1 183
1 185
1 195
1 198
2 6
2 18
2 25
2 47
2 77
2 81
2 91
2 94
2 95
2 120
2 123
2 128
2 133
2 136
2 139
2 164
2 176
3 6
3 12
3 13
3 16
3 17
3 22
3 32
3 34
3 52
3 58
3 71
3 72
3 82
3 86
3 88
3 96
3 106
3 117
3 135
3 143
3 148
3 157
3 163
3 178
4 6
4 15
4 31
4 62
4 69
4 71
4 81
4 86
4 114
4 118
4 134
4 136
4 137
4 143
4 152
4 162
4 174
4 185
4 187
5 21
5 35
5 54
5 58
5 70
5 84
5 89
5 106
5 115
5 116
5 118
5 157
5 161
5 164
5 167
5 185
5 193
5 195
5 196
6 11
6 17
6 19
6 22
6 25
6 32
6 38
6 45
6 52
6 53
6 62
6 75
6 77
6 78
6 83
6 93
6 117
6 122
6 123
6 124
6 135
6 139
6 143
6 167
6 168
6 171
6 198
7 12
7 28
7 31
7 50
7 52
7 63
7 87
7 99
7 118
7 141
7 142
7 153
7 155
7 157
7 159
7 161
7 164
7 173
7 195
7 196
8 23
8 43
8 47
8 51
8 56
8 69
8 79
8 99
8 124
8 129
8 132
8 134
8 140
8 149
8 159
8 180
8 182
8 186
8 189
8 193
8 199
9 14
9 16
9 17
9 25
9 42
9 44
9 51
9 54
9 63
9 98
9 99
9 107
9 118
9 119
9 122
9 126
9 131
9 141
9 142
9 145
9 159
9 160
9 169
9 180
9 197
10 12
10 15
10 21
10 26
10 31
10 38
10 56
10 61
10 68
10 77
10 79
10 80
10 108
10 109
10 125
10 128
10 133
10 145
10 147
10 148
10 149
10 155
10 168
10 170
10 171
10 172
10 182
10 184
10 186
10 194
11 31
11 41
11 42
11 55
11 57
11 65
11 66
11 73
11 83
11 85
11 88
11 104
11 119
11 125
11 151
11 162
11 168
11 173
12 13
12 27
12 35
12 52
12 68
12 72
12 74
12 80
12 99
12 100
12 104
12 118
12 129
12 141
12 143
12 148
12 151
12 156
12 170
12 177
12 186
13 18
13 19
13 31
13 43
13 52
13 76
13 82
13 92
13 96
13 110
13 150
13 158
13 159
13 179
13 182
13 189
14 20
14 23
14 36
14 45
14 46
14 52
14 65
14 72
14 98
14 106
14 110
14 117
14 124
14 129
14 133
14 135
14 139
14 148
14 153
14 174
14 181
14 192
14 195
15 21
15 27
15 42
15 58
15 66
15 83
15 103
15 119
15 124
15 139
15 155
15 178
15 180
15 199
16 24
16 34
16 43
16 48
16 58
16 69
16 72
16 74
16 81
16 97
16 134
16 142
16 147
16 155
16 195
17 37
17 60
17 77
17 100
17 101
17 111
17 118
17 120
17 122
17 128
17 144
17 164
17 193
18 26
18 29
18 47
18 54
18 66
18 67
18 76
18 82
18 90
18 91
18 100
18 107
18 108
18 111
18 123
18 133
18 175
18 179
18 190
18 198
18 199
19 31
19 36
19 37
19 44
19 47
19 99
19 110
19 125
19 126
19 136
19 141
19 146
19 183
20 67
20 71
20 79
20 84
20 90
20 103
20 113
20 120
20 123
20 124
20 127
20 134
20 136
20 158
20 163
20 192
20 194
21 32
21 58
21 76
21 84
21 87
21 100
21 115
21 132
21 140
21 149
21 150
21 156
21 161
21 170
21 196
21 197
22 25
22 34
22 35
22 47
22 49
22 61
22 74
22 77
22 84
22 89
22 90
22 106
22 119
22 133
22 168
22 182
22 188
22 194
22 197
23 33
23 44
23 45
23 51
23 55
23 57
23 69
23 73
23 74
23 76
23 79
23 86
23 96
23 100
23 109
23 111
23 125
23 127
23 128
23 135
23 139
23 157
23 166
23 167
23 171
23 178
23 182
23 184
23 185
23 194
24 63
24 81
24 84
24 95
24 101
24 119
24 122
24 132
24 134
24 144
24 146
24 158
24 163
24 170
24 189
24 193
24 197
24 199
25 26
25 34
25 57
25 64
25 67
25 84
25 98
25 101
25 102
25 128
25 134
25 137
25 148
25 153
25 160
25 176
25 183
26 32
26 34
26 43
26 44
26 49
26 64
26 66
26 94
26 111
26 119
26 126
26 142
26 157
26 169
26 181
26 193
27 29
27 53
27 56
27 61
27 66
27 96
27 97
27 109
27 134
27 137
27 153
27 162
27 163
27 176
27 178
27 182
27 185
27 192
28 71
28 81
28 93
28 99
28 103
28 107
28 120
28 122
28 127
28 139
28 150
28 163
28 173
28 178
28 188
28 195
29 41
29 48
29 50
29 54
29 66
29 71
29 74
29 84
29 85
29 100
29 114
29 115
29 119
29 134
29 137
29 143
29 145
29 160
29 176
29 197
30 38
30 60
30 63
30 92
30 93
30 114
30 124
30 130
30 135
30 139
30 154
30 170
30 178
30 198
31 32
31 35
31 46
31 50
31 68
31 73
31 86
31 101
31 114
31 121
31 124
31 140
31 148
31 178
31 184
31 192
31 194
31 198
32 42
32 43
32 57
32 58
32 64
32 72
32 78
32 80
32 100
32 109
32 114
32 149
32 175
32 178
33 38
33 52
33 70
33 88
33 110
33 114
33 133
33 143
33 153
33 195
33 197
34 39
34 42
34 58
34 68
34 99
34 103
34 107
34 112
34 113
34 118
34 121
34 124
34 134
34 148
34 152
34 155
34 158
34 159
34 171
34 184
34 191
35 48
35 61
35 66
35 71
35 81
35 108
35 110
35 114
35 115
35 128
35 135
35 136
35 150
35 158
35 159
35 163
35 178
36 80
36 85
36 91
36 100
36 103
36 113
36 114
36 117
36 122
36 130
36 137
36 161
36 181
37 42
37 47
37 86
37 88
37 115
37 145
37 151
37 171
37 174
38 53
38 60
38 65
38 69
38 88
38 90
38 105
38 123
38 135
38 138
38 160
38 171
39 44
39 46
39 74
39 105
39 106
39 110
39 111
39 120
39 123
39 128
39 142
39 145
39 146
39 149
39 171
39 175
39 176
39 182
39 191
40 44
40 49
40 57
40 59
40 64
40 74
40 88
40 103
40 108
40 133
40 136
40 137
40 144
40 145
40 147
40 149
40 167
40 169
40 177
40 185
40 187
40 193
41 52
41 64
41 74
41 79
41 81
41 87
41 89
41 90
41 98
41 102
41 109
41 113
41 120
41 122
41 128
41 130
41 134
41 139
41 158
41 180
41 182
42 43
42 70
42 72
42 74
42 81
42 104
42 107
42 121
42 126
42 136
42 140
42 155
42 163
42 165
42 179
42 181
42 199
43 71
43 77
43 84
43 96
43 100
43 105
43 115
43 120
43 122
43 125
43 128
43 137
43 167
43 195
43 199
44 50
44 52
44 56
44 62
44 66
44 67
44 77
44 104
44 105
44 107
44 118
44 124
44 132
44 137
44 142
44 143
44 149
44 153
44 161
44 171
45 52
45 64
45 79
45 84
45 88
45 103
45 125
45 128
45 133
45 134
45 145
45 146
45 163
45 172
45 176
45 189
46 51
46 54
46 60
46 63
46 72
46 74
46 80
46 82
46 84
46 130
46 152
46 162
46 195
47 54
47 63
47 65
47 67
47 74
47 87
47 103
47 104
47 108
47 111
47 116
47 127
47 130
47 132
47 137
47 146
47 149
47 161
47 175
47 199
48 49
48 50
48 51
48 66
48 95
48 106
48 109
48 135
48 150
48 164
48 175
49 62
49 66
49 77
49 78
49 84
49 118
49 176
50 57
50 80
50 83
50 87
50 104
50 114
50 127
50 133
50 135
50 151
50 174
50 175
50 177
50 186
51 55
51 57
51 59
51 73
51 74
51 95
51 137
51 138
51 159
51 167
51 175
51 176
51 185
51 186
52 67
52 83
52 128
52 170
52 188
52 189
52 190
53 54
53 86
53 93
53 98
53 116
53 136
53 152
53 161
53 163
53 164
53 194
54 59
54 67
54 68
54 88
54 97
54 105
54 113
54 128
54 184
54 185
54 194
54 196
54 197
54 198
54 199
55 59
55 77
55 101
55 109
55 115
55 126
55 128
55 132
55 135
55 137
55 153
55 160
55 162
55 170
55 171
55 173
55 176
55 188
55 194
56 57
56 71
56 78
56 80
56 86
56 92
56 100
56 117
56 132
56 136
56 138
56 139
56 148
56 171
56 187
57 64
57 72
57 83
57 84
57 94
57 95
57 101
57 110
57 111
57 113
57 116
57 126
57 133
57 136
57 139
57 142
57 146
57 160
57 162
57 164
57 172
57 174
57 178
57 193
58 61
58 63
58 73
58 75
58 79
58 93
58 97
58 98
58 112
58 151
58 170
58 177
58 196
59 113
59 132
59 139
59 150
59 158
60 61
60 63
60 67
60 75
60 91
60 93
60 99
60 124
60 127
60 135
60 147
60 149
60 181
61 67
61 68
61 70
61 107
61 110
61 116
61 118
61 119
61 143
61 146
61 162
61 164
61 168
61 169
61 184
61 189
62 86
62 87
62 89
62 90
62 91
62 119
62 120
62 177
62 193
62 194
63 72
63 78
63 84
63 92
63 103
63 122
63 129
63 133
63 137
63 141
63 142
63 146
63 150
63 159
63 170
63 173
63 178
63 188
63 194
64 77
64 82
64 90
64 103
64 106
64 114
64 118
64 127
64 133
64 139
64 142
64 148
64 150
64 153
64 166
64 167
64 195
64 199
65 72
65 76
65 87
65 104
65 109
65 110
65 126
65 137
65 152
65 168
65 172
65 178
65 188
65 190
65 191
65 193
66 67
66 68
66 97
66 110
66 119
66 149
66 151
66 165
66 182
67 69
67 74
67 81
67 83
67 85
67 86
67 92
67 96
67 104
67 121
67 126
67 156
67 162
67 185
67 194
67 198
68 71
68 78
68 106
68 107
68 126
68 142
68 168
68 190
68 195
69 83
69 98
69 115
69 119
69 121
69 136
69 164
69 169
69 172
69 173
69 183
70 71
70 86
70 92
70 98
70 109
70 113
70 116
70 143
70 170
70 180
70 195
70 197
71 77
71 92
71 98
71 99
71 100
71 104
71 107
71 129
71 140
71 180
71 181
71 187
72 79
72 116
72 126
72 128
72 140
72 154
72 164
72 184
72 190
73 75
73 79
73 90
73 95
73 103
73 119
73 145
73 146
73 152
73 157
73 183
73 192
74 95
74 98
74 108
74 112
74 143
74 147
74 150
74 160
74 169
74 175
74 182
74 184
74 185
75 77
75 79
75 96
75 102
75 110
75 120
75 122
75 138
75 139
75 149
75 160
75 171
75 193
75 194
76 92
76 110
76 120
76 165
76 195
77 89
77 102
77 113
77 132
77 138
77 142
77 143
77 179
77 184
77 187
78 85
78 86
78 101
78 104
78 107
78 111
78 120
78 124
78 128
78 129
78 135
78 140
78 143
78 161
78 162
78 163
78 175
79 85
79 86
79 95
79 97
79 119
79 125
79 129
79 146
79 171
79 173
79 177
79 181
79 182
79 185
80 83
80 91
80 95
80 97
80 100
80 103
80 117
80 126
80 149
80 159
80 179
80 181
80 185
81 83
81 91
81 92
81 96
81 100
81 118
81 135
81 140
81 149
81 171
82 101
82 127
82 137
82 153
82 170
82 183
82 186
82 198
82 199
83 107
83 116
83 134
83 135
83 167
83 186
83 187
84 89
84 107
84 119
84 120
84 122
84 128
84 133
84 136
84 139
84 142
84 158
84 161
84 165
85 101
85 109
85 110
85 119
85 156
85 158
85 159
85 168
85 171
85 174
85 186
85 191
85 194
85 195
85 197
85 199
86 89
86 101
86 123
86 155
86 164
86 191
87 102
87 110
87 128
87 137
87 141
87 145
87 154
87 160
87 164
87 169
87 175
87 177
88 98
88 100
88 109
88 111
88 124
88 154
88 162
88 194
88 196
89 121
89 125
89 140
89 149
89 150
89 164
89 180
89 185
90 95
90 139
90 149
90 150
90 154
90 168
90 188
90 191
90 196
91 92
91 112
91 128
91 150
91 173
91 188
92 95
92 102
92 105
92 127
92 133
92 137
92 143
92 176
92 189
92 190
93 96
93 119
93 121
93 125
93 153
93 179
93 180
93 183
93 190
94 104
94 112
94 115
94 116
94 118
94 143
94 146
94 150
94 156
94 158
94 172
94 187
94 192
94 194
95 98
95 122
95 129
95 132
95 158
95 168
95 174
95 179
95 185
95 190
95 191
96 104
96 108
96 110
96 144
96 148
96 158
96 160
96 165
96 175
96 186
97 98
97 103
97 117
97 124
97 132
97 152
97 157
97 170
97 173
97 174
97 182
97 194
98 102
98 107
98 116
98 127
98 131
98 140
98 142
98 160
98 161
98 167
98 171
98 183
99 105
99 125
99 149
99 154
99 157
99 159
100 104
100 105
100 114
100 115
100 124
100 133
100 134
100 142
100 148
100 153
100 157
100 167
100 175
100 194
100 198
101 133
101 135
101 157
101 188
102 103
102 117
102 127
102 135
102 149
102 169
102 170
102 171
102 176
102 187
102 189
102 196
103 132
103 137
103 141
103 148
103 167
103 184
103 187
104 110
104 111
104 155
104 158
104 167
104 169
104 175
104 184
104 190
104 196
105 123
105 129
105 131
105 135
105 143
105 169
105 174
106 108
106 127
106 143
106 147
106 149
106 163
106 174
106 176
106 188
106 189
106 197
107 140
107 158
107 168
107 171
107 172
107 177
107 188
107 189
107 195
107 196
107 198
108 117
108 127
108 129
108 130
108 131
108 139
108 141
108 157
108 160
108 162
108 171
108 173
108 194
109 127
109 133
109 162
109 177
109 191
110 117
110 119
110 144
110 147
110 165
110 185
110 192
111 118
111 124
111 128
111 134
111 141
111 142
111 152
111 162
111 164
111 172
111 182
112 122
112 139
112 167
112 193
113 122
113 126
113 140
113 144
113 150
113 151
113 173
113 175
113 177
113 185
113 186
113 187
114 117
114 123
114 125
114 134
114 140
114 145
114 149
114 170
114 174
114 180
114 182
114 193
114 196
115 117
115 122
115 141
115 147
115 151
115 165
115 167
115 168
115 183
116 127
116 134
116 141
116 145
116 182
117 120
117 130
117 134
117 138
117 160
117 161
118 119
118 123
118 126
118 132
118 141
118 144
118 153
118 159
118 167
118 186
118 188
118 192
119 123
119 128
119 131
119 149
119 165
119 177
119 183
119 192
119 194
120 123
120 134
120 141
120 152
120 167
121 122
121 130
121 139
121 153
121 164
121 172
121 174
121 178
121 192
122 163
122 170
122 179
122 191
122 195
123 145
123 147
123 158
123 161
123 169
123 171
123 177
123 188
123 197
124 129
124 135
124 140
124 145
124 156
124 157
124 158
124 192
124 194
125 142
125 170
125 173
125 182
125 186
126 130
126 131
126 156
126 163
126 166
126 169
126 175
126 183
126 184
126 185
126 190
126 195
127 131
127 140
127 154
127 159
127 173
128 138
128 153
128 159
128 164
128 170
128 176
128 180
128 187
129 137
129 145
129 150
129 177
129 185
129 187
130 146
130 160
130 163
130 172
130 189
131 133
131 135
131 140
131 145
131 149
131 152
131 155
131 176
132 136
132 147
132 159
132 172
132 177
133 152
133 167
133 168
133 169
133 176
133 188
133 189
134 158
134 180
134 195
134 198
135 140
135 146
135 170
135 179
136 149
136 158
136 193
137 144
137 152
137 154
137 160
137 161
137 167
137 177
138 146
138 160
138 173
138 183
138 194
139 142
139 148
139 153
139 156
139 157
139 161
139 185
139 190
139 194
140 145
140 149
140 164
140 170
140 176
140 180
141 143
141 144
141 181
141 182
141 183
142 143
142 148
142 199
143 154
143 168
143 173
143 190
143 198
144 157
144 164
144 188
145 149
145 155
145 160
145 164
145 167
145 168
145 169
145 173
145 176
145 178
145 194
145 199
146 153
146 159
146 169
146 172
146 173
146 177
146 184
146 189
146 192
147 148
147 149
147 151
147 154
147 172
147 180
147 182
147 188
147 195
147 197
148 166
148 179
149 152
149 181
149 187
149 190
150 175
150 178
151 176
151 179
152 177
152 179
152 197
153 160
153 179
153 180
154 166
154 188
154 196
155 179
156 162
156 178
157 160
157 161
157 166
157 188
157 190
157 192
158 162
158 172
158 183
158 185
158 196
158 197
159 161
159 171
159 180
159 185
159 191
160 161
160 170
160 179
161 173
161 181
161 192
161 193
161 197
161 199
162 171
162 174
162 183
162 191
162 192
163 172
163 176
163 191
163 194
164 173
166 178
166 193
167 199
168 185
168 190
168 194
168 197
169 193
170 174
170 179
170 186
171 172
171 192
171 193
171 194
171 198
172 180
172 181
172 190
172 193
173 176
173 179
173 183
173 193
175 178
175 186
175 191
176 189
177 178
177 186
178 190
180 186
180 194
181 192
182 191
183 190
183 196
185 191
186 190
187 194
187 195
187 196
188 189
190 193
190 197
191 195
192 193
192 196
193 195
194 196
