0 30
0 31
0 32
0 33
0 36
0 72
0 74
0 80
0 89
0 90
0 104
0 118
0 130
0 143
0 178
0 179
1 20
1 24
1 27
1 29
1 30
1 31
1 33
1 46
1 94
1 111
1 116
1 135
1 142
1 154
1 168
1 182
1 191
1 193
1 197
2 12
2 21
2 54
2 55
2 73
2 89
2 93
2 95
2 96
2 111
2 116
2 122
2 124
2 125
2 138
2 167
2 170
2 178
2 187
2 193
3 11
3 19
3 31
3 45
3 46
3 52
3 54
3 84
3 120
3 124
3 129
3 160
3 163
3 173
3 175
3 185
3 186
3 191
3 199
4 5
4 9
4 18
4 42
4 51
4 68
4 70
4 72
4 76
4 130
4 142
4 148
4 161
4 162
4 163
4 164
4 172
4 183
4 195
5 21
5 27
5 31
5 32
5 33
5 35
5 42
5 45
5 47
5 53
5 55
5 76
5 81
5 91
5 108
5 113
5 115
5 123
5 131
5 137
5 149
5 152
5 168
5 172
5 184
5 190
5 195
6 11
6 16
6 22
6 28
6 32
6 35
6 39
6 58
6 80
6 82
6 95
6 97
6 115
6 126
6 129
6 138
6 143
6 144
6 147
6 150
6 167
6 172
6 176
6 180
6 184
6 196
7 9
7 18
7 21
7 27
7 30
7 44
7 50
7 53
7 54
7 61
7 62
7 70
7 76
7 91
7 99
7 109
7 113
7 114
7 116
7 160
7 175
8 15
8 16
8 51
8 55
8 79
8 112
8 113
8 114
8 118
8 135
8 142
8 160
8 163
8 181
8 186
8 189
9 10
9 11
9 22
9 33
9 46
9 65
9 95
9 98
9 109
9 110
9 111
9 140
9 145
9 177
9 179
9 188
9 193
10 11
10 29
10 34
10 42
10 57
10 63
10 74
10 101
10 105
10 131
10 144
10 174
10 176
10 177
10 188
10 199
11 12
11 18
11 34
11 38
11 49
11 54
11 64
11 74
11 86
11 101
11 103
11 106
11 107
11 122
11 126
11 164
11 174
11 185
12 13
12 24
12 31
12 56
12 81
12 102
12 123
12 137
12 156
12 165
12 169
12 170
12 176
13 14
13 15
13 19
13 42
13 50
13 71
13 72
13 78
13 80
13 88
13 89
13 98
13 118
13 133
13 134
13 149
13 153
13 154
13 158
13 162
13 175
13 195
14 15
14 25
14 28
14 30
14 40
14 63
14 76
14 79
14 87
14 116
14 118
14 122
14 136
14 148
14 156
14 162
14 186
14 192
14 196
14 199
15 37
15 57
15 75
15 87
15 92
15 101
15 122
15 128
15 129
15 132
15 144
15 145
15 150
16 19
16 23
16 24
16 40
16 69
16 75
16 83
16 98
16 102
16 108
16 116
16 127
16 150
16 176
16 193
16 197
17 21
17 23
17 34
17 42
17 51
17 54
17 57
17 63
17 77
17 86
17 88
17 90
17 91
17 97
17 99
17 111
17 122
17 135
17 137
17 142
17 147
17 173
17 187
17 190
17 191
17 195
17 197
18 20
18 22
18 28
18 32
18 38
18 40
18 45
18 59
18 74
18 77
18 80
18 105
18 138
18 156
18 163
18 167
18 178
19 21
19 30
19 34
19 39
19 51
19 54
19 65
19 69
19 86
19 90
19 152
19 180
19 186
19 190
19 197
19 199
20 23
20 40
20 43
20 54
20 55
20 60
20 62
20 79
20 81
20 87
20 91
20 97
20 99
20 102
20 115
20 117
20 124
20 125
20 156
20 162
20 173
20 180
20 182
21 25
21 32
21 48
21 50
21 77
21 79
21 81
21 87
21 91
21 120
21 124
21 132
21 139
21 154
21 155
21 169
21 173
22 33
22 60
22 64
22 80
22 81
22 85
22 91
22 121
22 132
22 141
22 154
22 171
23 28
23 53
23 54
23 55
23 58
23 76
23 77
23 86
23 89
23 90
23 104
23 121
23 127
23 150
23 160
23 165
23 170
23 176
23 185
23 186
23 195
24 35
24 37
24 41
24 43
24 69
24 94
24 115
24 123
24 140
24 146
24 163
24 171
24 174
25 35
25 46
25 55
25 60
25 77
25 78
25 82
25 93
25 94
25 97
25 142
25 150
25 154
25 159
25 170
25 173
25 174
25 179
25 198
26 36
26 67
26 97
26 102
26 106
26 164
26 173
26 177
26 185
27 34
27 40
27 44
27 54
27 60
27 67
27 88
27 95
27 97
27 101
27 103
27 121
27 163
27 178
27 192
28 34
28 42
28 46
28 56
28 66
28 79
28 87
28 91
28 104
28 111
28 120
28 124
28 128
28 151
28 171
28 175
28 185
28 198
29 43
29 46
29 67
29 74
29 91
29 99
29 103
29 144
29 146
29 147
29 148
29 157
29 159
30 44
30 58
30 78
30 80
30 106
30 115
30 116
30 121
30 123
30 135
30 143
30 148
30 152
30 161
30 165
30 167
30 169
30 177
30 199
31 36
31 45
31 52
31 56
31 74
31 76
31 127
31 130
31 166
31 194
31 197
32 34
32 44
32 50
32 51
32 69
32 75
32 76
32 88
32 92
32 101
32 104
32 117
32 125
32 141
32 145
32 167
32 175
32 188
32 196
33 44
33 48
33 49
33 53
33 64
33 80
33 81
33 104
33 123
33 130
33 134
33 141
33 145
33 146
33 151
33 167
33 173
33 187
33 191
33 195
33 198
34 43
34 48
34 49
34 57
34 61
34 73
34 74
34 90
34 92
34 106
34 110
34 121
34 133
34 140
34 141
34 148
34 153
34 160
34 166
34 198
35 57
35 62
35 65
35 73
35 99
35 124
35 127
35 145
35 158
35 161
35 172
36 48
36 75
36 81
36 100
36 110
36 116
36 133
36 147
36 154
36 159
36 168
36 175
36 176
36 178
37 86
37 92
37 101
37 107
37 120
37 132
37 133
37 134
37 139
37 143
37 153
37 154
37 161
37 167
37 182
37 194
38 69
38 97
38 106
38 112
38 116
38 132
38 153
38 163
38 178
38 198
39 54
39 55
39 56
39 60
39 74
39 83
39 103
39 128
39 135
39 139
39 142
39 149
39 155
39 158
39 188
39 195
39 196
40 56
40 64
40 71
40 80
40 83
40 91
40 99
40 104
40 107
40 110
40 120
40 129
40 139
40 164
40 180
40 192
40 198
41 57
41 58
41 59
41 61
41 64
41 78
41 102
41 107
41 130
41 140
41 143
41 145
41 146
41 147
41 172
41 173
41 178
41 186
41 195
42 49
42 69
42 70
42 71
42 96
42 122
42 130
42 135
42 136
42 146
42 148
42 174
42 178
42 185
42 189
42 192
43 47
43 50
43 59
43 60
43 65
43 73
43 76
43 78
43 91
43 102
43 127
43 138
43 160
43 193
44 49
44 50
44 62
44 67
44 72
44 87
44 92
44 96
44 104
44 129
44 155
44 169
44 175
44 183
45 52
45 89
45 101
45 120
45 143
45 176
45 189
46 47
46 51
46 60
46 80
46 88
46 94
46 103
46 133
46 135
46 137
46 144
46 149
46 152
46 167
46 179
46 195
46 196
47 59
47 67
47 94
47 109
47 116
47 122
47 133
47 138
47 142
47 152
48 53
48 56
48 62
48 68
48 72
48 80
48 82
48 127
48 136
48 144
48 146
48 157
48 169
48 170
48 181
48 198
49 51
49 62
49 64
49 72
49 77
49 85
49 91
49 100
49 105
49 113
49 125
49 139
49 149
49 164
49 184
49 190
49 194
50 55
50 72
50 81
50 84
50 90
50 94
50 103
50 105
50 112
50 116
50 128
50 145
50 148
50 172
50 187
50 194
51 58
51 100
51 108
51 112
51 117
51 138
51 139
51 141
51 150
51 154
51 161
51 188
51 189
51 190
51 199
52 69
52 97
52 103
52 109
52 112
52 124
52 129
52 135
52 153
52 164
52 173
52 184
52 192
52 193
53 65
53 70
53 82
53 85
53 88
53 100
53 101
53 102
53 120
53 128
53 141
53 147
53 151
53 186
54 60
54 61
54 70
54 87
54 94
54 98
54 104
54 117
54 130
54 134
54 137
54 138
54 139
54 163
54 164
54 188
54 195
55 67
55 72
55 77
55 106
55 125
55 143
55 167
55 170
55 172
55 177
55 183
56 70
56 75
56 99
56 128
56 143
56 147
56 154
56 160
56 174
57 61
57 67
57 75
57 83
57 93
57 116
57 120
57 161
57 175
57 179
57 184
57 185
57 188
58 60
58 64
58 93
58 117
58 120
58 133
58 140
58 152
58 154
58 164
58 167
58 191
59 64
59 71
59 81
59 84
59 98
59 99
59 122
59 141
59 154
59 191
59 192
60 67
60 68
60 76
60 79
60 82
60 85
60 88
60 104
60 106
60 117
60 123
60 140
60 142
60 143
60 171
60 181
60 185
60 194
60 195
61 65
61 68
61 89
61 95
61 101
61 103
61 104
61 105
61 112
61 114
61 121
61 130
61 138
61 139
61 142
61 145
61 165
61 180
61 185
62 65
62 66
62 73
62 86
62 96
62 100
62 101
62 102
62 126
62 131
62 160
62 163
62 176
62 185
62 190
63 67
63 89
63 95
63 103
63 113
63 114
63 125
63 129
63 138
63 142
63 143
63 147
63 151
63 157
63 171
63 183
63 185
63 190
64 80
64 100
64 103
64 109
64 123
64 162
64 174
65 77
65 83
65 91
65 118
65 150
65 153
65 158
65 161
65 175
65 176
65 192
65 194
65 195
65 198
66 67
66 93
66 97
66 110
66 114
66 119
66 139
66 152
66 157
66 191
66 194
67 70
67 74
67 77
67 78
67 99
67 101
67 129
67 146
67 149
67 154
67 155
67 161
67 190
68 72
68 75
68 77
68 89
68 91
68 99
68 102
68 112
68 115
68 124
68 177
68 199
69 73
69 78
69 106
69 107
69 117
69 154
69 166
69 168
69 171
69 187
69 192
70 71
70 74
70 77
70 95
70 116
70 121
70 126
70 158
70 160
70 173
70 176
70 184
70 188
70 196
71 80
71 82
71 83
71 85
71 88
71 95
71 102
71 125
71 137
71 142
71 152
71 157
71 160
71 162
71 180
71 182
71 191
72 87
72 90
72 98
72 103
72 105
72 150
72 154
72 159
72 180
72 181
72 195
73 93
73 121
73 131
73 148
73 172
73 182
73 194
73 199
74 82
74 107
74 134
74 135
74 148
74 163
74 167
74 175
74 183
75 98
75 114
75 123
75 125
75 135
75 147
75 159
75 164
75 196
76 79
76 84
76 98
76 118
76 122
76 124
76 140
76 156
76 159
76 183
76 185
77 82
77 89
77 92
77 106
77 109
77 129
77 135
77 136
77 142
77 150
77 169
77 175
77 180
77 198
78 100
78 107
78 112
78 131
78 135
78 147
78 174
78 186
79 86
79 95
79 111
79 113
79 141
79 143
79 183
80 91
80 94
80 105
80 106
80 112
80 115
80 118
80 122
80 127
80 128
80 132
80 135
80 140
80 162
80 170
80 174
80 185
81 95
81 96
81 101
81 109
81 110
81 135
81 139
81 140
81 149
81 156
81 157
81 173
82 84
82 90
82 104
82 112
82 113
82 117
82 130
82 135
82 158
82 161
82 185
82 191
83 84
83 85
83 100
83 128
83 134
83 135
83 136
83 143
83 148
83 150
83 168
83 179
84 97
84 102
84 108
84 116
84 136
84 137
84 139
84 145
84 147
84 166
84 168
84 172
84 194
84 195
84 199
85 95
85 127
85 130
85 132
85 166
85 171
85 179
85 182
85 195
86 93
86 98
86 115
86 140
86 168
86 192
86 196
86 199
87 101
87 103
87 104
87 111
87 125
87 134
87 150
87 151
87 161
87 177
87 192
87 193
88 111
88 123
88 133
88 139
88 144
88 150
88 164
88 170
88 178
88 185
88 186
88 188
88 190
88 191
88 193
88 196
89 93
89 96
89 103
89 120
89 122
89 130
89 137
89 149
89 153
89 169
89 173
89 178
89 192
89 194
90 93
90 114
90 134
90 137
90 154
90 168
90 177
90 179
90 191
91 97
91 103
91 122
91 127
91 128
91 140
91 147
91 156
91 158
91 178
91 179
91 183
91 191
91 197
92 103
92 111
92 119
92 153
92 157
92 161
92 167
92 174
92 181
93 107
93 111
93 113
93 114
93 120
93 122
93 130
93 168
93 175
93 181
93 192
94 100
94 102
94 131
94 146
94 151
94 155
94 157
94 164
94 179
94 184
94 187
95 98
95 159
95 191
96 105
96 109
96 115
96 120
96 126
96 139
96 147
96 148
96 186
96 188
96 190
96 196
96 198
97 99
97 107
97 139
97 140
97 157
97 161
97 164
97 175
97 187
97 188
97 198
98 101
98 117
98 133
98 136
98 143
98 151
98 166
98 191
98 197
99 106
99 124
99 128
99 147
99 152
99 157
99 167
99 168
99 174
99 176
99 187
100 129
100 153
100 157
100 162
100 167
100 169
100 196
101 105
101 110
101 111
101 124
101 128
101 139
101 145
101 193
101 194
101 196
102 106
102 121
102 154
102 171
102 181
102 186
103 117
103 120
103 123
103 139
103 146
103 149
103 160
103 165
103 176
103 180
103 196
104 106
104 121
104 126
104 130
104 167
104 168
104 188
105 116
105 118
105 122
105 137
105 142
105 145
105 159
105 181
105 189
105 194
105 198
106 115
106 120
106 122
106 141
106 147
106 155
106 178
106 183
106 187
107 110
107 135
107 148
107 150
107 163
107 187
108 130
108 134
108 160
108 164
108 182
108 197
109 121
109 130
109 142
109 162
109 166
109 168
109 174
109 187
109 192
110 144
110 153
110 156
110 171
110 178
110 190
110 196
111 117
111 131
111 137
111 147
111 150
111 163
111 183
111 184
111 198
112 113
112 120
112 127
112 145
112 146
112 148
112 186
113 123
113 138
113 145
113 170
113 171
113 175
113 190
113 191
114 134
114 140
114 166
114 168
114 178
114 181
114 187
114 193
114 194
114 196
115 127
115 139
115 141
115 144
115 156
115 169
115 178
115 196
116 127
116 128
116 139
116 149
116 163
116 171
116 187
116 197
117 123
117 135
117 137
117 144
117 159
117 161
117 163
117 179
117 190
117 193
118 126
118 135
118 151
118 157
118 163
118 198
119 125
119 161
119 180
119 185
120 127
120 137
120 159
120 180
120 195
121 157
121 189
122 129
122 135
122 152
122 154
122 157
122 168
122 196
122 198
123 125
123 128
123 130
123 147
123 194
124 125
124 132
124 156
124 164
124 166
124 198
125 127
125 129
125 131
125 143
125 152
125 161
125 163
125 176
125 181
125 183
125 186
125 191
125 195
125 197
126 128
126 154
126 164
126 165
126 177
126 185
126 196
127 130
127 135
127 143
127 147
127 161
127 172
127 190
127 197
128 142
128 152
128 158
128 168
128 170
128 173
128 181
128 191
128 199
129 130
129 131
129 135
129 139
129 141
129 149
129 183
129 189
129 191
129 196
130 147
130 174
130 186
131 156
131 158
131 178
131 193
131 199
132 138
132 148
132 155
132 194
133 168
133 173
133 184
134 139
134 163
134 173
135 137
135 146
135 155
135 173
135 180
135 190
135 192
136 146
136 149
136 150
136 151
136 154
136 175
137 159
137 165
137 166
137 168
137 181
137 185
137 193
137 196
138 179
138 182
139 147
139 154
139 164
139 166
139 173
139 179
139 186
139 195
140 169
140 188
140 194
141 179
141 198
142 148
142 149
142 158
142 161
142 178
142 195
143 144
143 148
143 152
143 159
143 179
143 185
143 192
143 196
144 145
144 146
144 157
144 171
144 172
144 186
144 192
144 193
144 198
145 159
145 168
145 169
145 176
145 180
145 181
145 194
146 156
146 160
146 175
146 188
147 153
147 157
147 160
147 170
147 179
147 190
148 155
148 160
148 161
148 163
148 166
148 168
148 173
149 155
149 156
149 159
149 163
149 167
150 165
150 187
150 198
150 199
151 154
151 185
151 186
151 196
152 165
152 166
152 188
152 191
153 156
153 157
153 160
154 161
154 167
154 184
154 190
155 156
155 159
155 160
156 157
156 181
156 191
157 165
157 166
157 176
157 182
157 191
158 165
158 174
158 178
158 180
158 183
158 186
158 192
158 197
159 162
159 177
159 179
159 195
159 197
160 166
160 179
160 194
161 162
161 163
161 175
161 180
161 191
162 166
162 171
162 174
162 178
162 185
162 190
163 174
163 177
163 181
163 197
164 181
165 167
165 169
165 172
165 175
165 186
165 188
165 191
166 179
166 184
166 187
167 178
167 179
167 184
167 185
167 188
168 172
168 182
168 192
168 194
169 171
169 181
169 192
169 196
170 177
170 178
170 195
170 198
171 176
171 188
171 197
172 194
173 182
173 198
174 178
174 191
174 193
175 182
175 187
177 188
178 188
178 189
178 193
179 185
179 190
179 195
180 183
180 198
181 196
182 183
182 190
183 193
183 199
184 197
185 196
185 198
185 199
187 193
187 195
187 196
188 189
188 191
189 195
189 196
189 197
195 197
195 198
