0 1
0 4
0 15
0 26
0 27
0 31
0 38
0 76
0 84
0 90
0 92
0 103
0 106
0 110
0 114
0 120
0 137
0 142
0 145
0 150
0 159
0 162
0 163
0 175
0 177
0 182
0 187
0 189
0 191
0 197
1 4
1 19
1 23
1 27
1 37
1 44
1 49
1 55
1 58
1 59
1 60
1 61
1 67
1 75
1 82
1 83
1 105
1 108
1 110
1 114
1 116
1 117
1 127
1 133
1 139
1 152
1 157
1 167
1 170
1 177
1 178
1 187
1 190
1 193
2 33
2 40
2 42
2 49
2 50
2 58
2 65
2 74
2 75
2 76
2 82
2 89
2 90
2 98
2 109
2 116
2 118
2 129
2 141
2 143
2 148
2 160
2 168
2 179
2 182
2 186
2 194
2 195
3 5
3 12
3 17
3 21
3 23
3 25
3 33
3 40
3 47
3 48
3 56
3 74
3 78
3 81
3 85
3 86
3 93
3 99
3 102
3 103
3 117
3 120
3 126
3 135
3 136
3 143
3 144
3 146
3 157
3 170
3 176
3 179
3 181
3 191
4 24
4 30
4 31
4 34
4 41
4 46
4 54
4 61
4 65
4 66
4 93
4 97
4 99
4 114
4 117
4 125
4 128
4 130
4 150
4 157
4 169
4 175
4 185
4 194
4 195
4 199
5 31
5 34
5 46
5 52
5 53
5 64
5 66
5 73
5 78
5 86
5 95
5 96
5 98
5 102
5 104
5 114
5 117
5 121
5 133
5 136
5 138
5 155
5 156
5 160
5 165
5 173
5 179
5 182
5 187
5 193
5 199
6 8
6 11
6 15
6 19
6 21
6 23
6 25
6 33
6 42
6 61
6 68
6 69
6 70
6 73
6 79
6 90
6 97
6 101
6 107
6 112
6 122
6 124
6 126
6 130
6 138
6 152
6 157
6 158
6 159
6 161
6 167
6 169
6 171
6 172
6 179
6 192
6 196
7 11
7 20
7 28
7 38
7 57
7 61
7 62
7 63
7 86
7 87
7 99
7 100
7 106
7 112
7 120
7 136
7 144
7 154
7 157
7 162
7 164
7 168
7 174
7 192
8 16
8 17
8 33
8 41
8 42
8 48
8 51
8 68
8 69
8 70
8 75
8 100
8 105
8 106
8 108
8 109
8 110
8 111
8 112
8 114
8 122
8 124
8 128
8 129
8 133
8 134
8 142
8 153
8 159
8 160
8 165
8 167
8 168
8 176
8 178
8 188
8 190
8 197
8 198
9 12
9 14
9 16
9 33
9 34
9 42
9 44
9 45
9 50
9 58
9 62
9 75
9 85
9 91
9 99
9 111
9 112
9 117
9 123
9 130
9 134
9 136
9 140
9 152
9 163
9 165
9 169
9 172
9 177
9 182
9 187
10 25
10 26
10 33
10 44
10 49
10 56
10 67
10 69
10 70
10 77
10 89
10 93
10 104
10 131
10 141
10 145
10 151
10 166
10 169
10 170
10 186
10 195
11 20
11 22
11 25
11 30
11 34
11 46
11 52
11 53
11 78
11 81
11 94
11 99
11 102
11 104
11 107
11 112
11 115
11 118
11 126
11 127
11 141
11 144
11 168
11 177
11 197
11 198
12 22
12 30
12 35
12 38
12 41
12 49
12 53
12 54
12 56
12 64
12 66
12 75
12 82
12 93
12 96
12 97
12 99
12 103
12 123
12 134
12 136
12 140
12 159
12 165
12 170
12 171
12 194
13 39
13 43
13 48
13 67
13 87
13 91
13 102
13 107
13 112
13 113
13 117
13 119
13 122
13 124
13 138
13 141
13 146
13 148
13 156
13 170
13 174
13 183
13 186
13 193
14 16
14 21
14 31
14 32
14 37
14 47
14 49
14 53
14 57
14 72
14 83
14 88
14 101
14 104
14 106
14 114
14 123
14 125
14 128
14 139
14 148
14 155
14 156
14 173
14 174
14 176
14 180
14 185
15 24
15 32
15 40
15 41
15 43
15 47
15 56
15 69
15 90
15 95
15 106
15 114
15 121
15 128
15 131
15 138
15 143
15 147
15 151
15 154
15 163
15 167
15 180
15 187
15 190
15 192
15 193
16 21
16 27
16 36
16 38
16 39
16 41
16 51
16 54
16 60
16 73
16 77
16 79
16 83
16 91
16 94
16 100
16 105
16 111
16 113
16 134
16 137
16 149
16 163
16 166
16 172
16 187
16 188
16 189
17 20
17 29
17 30
17 33
17 39
17 51
17 60
17 68
17 73
17 78
17 92
17 101
17 102
17 126
17 127
17 128
17 135
17 155
17 160
17 164
17 166
17 180
17 182
17 185
17 187
18 23
18 34
18 37
18 40
18 46
18 49
18 50
18 52
18 54
18 57
18 76
18 81
18 96
18 97
18 99
18 110
18 112
18 117
18 145
18 147
18 156
18 163
18 174
18 179
18 181
18 191
18 194
18 197
19 25
19 30
19 44
19 46
19 57
19 61
19 68
19 70
19 83
19 84
19 85
19 88
19 92
19 93
19 97
19 105
19 118
19 121
19 124
19 126
19 130
19 137
19 141
19 150
19 157
19 158
19 178
19 187
20 25
20 49
20 50
20 51
20 62
20 66
20 68
20 79
20 83
20 88
20 98
20 107
20 110
20 119
20 127
20 134
20 142
20 147
20 149
20 156
20 164
20 170
20 175
20 177
20 182
20 186
20 188
20 196
21 43
21 49
21 61
21 63
21 71
21 75
21 85
21 92
21 98
21 106
21 109
21 121
21 122
21 123
21 126
21 130
21 133
21 134
21 136
21 143
21 145
21 158
21 160
21 164
21 165
21 170
21 171
21 176
21 182
21 190
21 198
21 199
22 39
22 45
22 47
22 54
22 67
22 70
22 77
22 80
22 93
22 99
22 111
22 112
22 116
22 117
22 128
22 136
22 141
22 148
22 152
22 155
22 174
22 175
22 183
22 187
22 189
23 26
23 28
23 29
23 31
23 34
23 38
23 42
23 46
23 47
23 57
23 68
23 70
23 76
23 77
23 95
23 97
23 101
23 104
23 107
23 116
23 131
23 145
23 177
23 182
23 192
24 49
24 58
24 60
24 62
24 70
24 71
24 74
24 82
24 85
24 92
24 95
24 97
24 104
24 108
24 111
24 118
24 120
24 125
24 128
24 130
24 132
24 133
24 134
24 154
24 167
24 175
24 186
24 191
25 28
25 30
25 44
25 53
25 57
25 63
25 69
25 71
25 84
25 87
25 91
25 98
25 111
25 123
25 126
25 140
25 148
25 157
25 163
25 164
25 170
25 183
25 186
25 192
25 199
26 32
26 36
26 45
26 55
26 62
26 63
26 71
26 82
26 85
26 96
26 99
26 100
26 101
26 103
26 116
26 131
26 141
26 143
26 144
26 153
26 154
26 155
26 170
26 178
26 180
26 193
27 30
27 34
27 42
27 54
27 57
27 68
27 74
27 77
27 93
27 108
27 116
27 127
27 135
27 137
27 138
27 139
27 145
27 148
27 151
27 156
27 157
27 173
27 174
27 199
28 33
28 62
28 63
28 64
28 65
28 66
28 90
28 97
28 98
28 100
28 104
28 122
28 126
28 138
28 142
28 143
28 146
28 148
28 167
28 188
28 190
28 193
28 198
29 33
29 40
29 47
29 48
29 49
29 56
29 67
29 68
29 72
29 86
29 90
29 92
29 107
29 108
29 113
29 114
29 119
29 120
29 122
29 124
29 125
29 127
29 128
29 138
29 139
29 150
29 166
29 174
29 183
29 185
29 186
29 187
29 193
29 198
30 43
30 53
30 62
30 79
30 86
30 88
30 93
30 105
30 109
30 122
30 154
30 160
30 163
30 166
30 170
30 171
30 179
30 184
30 185
30 196
31 40
31 56
31 63
31 81
31 83
31 85
31 90
31 91
31 94
31 101
31 105
31 107
31 109
31 112
31 115
31 135
31 136
31 137
31 146
31 147
31 152
31 155
31 158
31 166
31 173
31 175
31 177
31 189
31 192
32 33
32 35
32 50
32 52
32 59
32 60
32 77
32 83
32 86
32 90
32 92
32 96
32 97
32 111
32 127
32 137
32 141
32 150
32 158
32 161
32 162
32 184
32 185
32 195
33 59
33 76
33 80
33 89
33 92
33 106
33 119
33 125
33 131
33 133
33 136
33 151
33 152
33 158
33 164
33 166
33 167
33 174
33 198
34 37
34 42
34 43
34 44
34 47
34 49
34 54
34 58
34 60
34 61
34 67
34 68
34 69
34 71
34 82
34 85
34 89
34 104
34 106
34 109
34 110
34 125
34 140
34 141
34 151
34 152
34 155
34 158
34 160
34 169
34 172
34 186
35 37
35 38
35 43
35 44
35 50
35 51
35 59
35 60
35 65
35 79
35 81
35 87
35 88
35 97
35 98
35 102
35 112
35 123
35 127
35 129
35 140
35 143
35 151
35 159
35 161
35 172
35 177
35 179
35 184
35 194
36 47
36 51
36 60
36 69
36 73
36 74
36 90
36 94
36 97
36 102
36 104
36 123
36 124
36 143
36 170
36 175
36 176
36 184
36 186
36 190
36 195
36 196
37 40
37 63
37 64
37 65
37 66
37 71
37 83
37 90
37 92
37 94
37 96
37 104
37 114
37 123
37 129
37 135
37 147
37 153
37 155
37 157
37 163
37 183
37 186
37 195
38 43
38 48
38 61
38 62
38 69
38 76
38 78
38 84
38 110
38 131
38 133
38 134
38 141
38 149
38 151
38 159
38 165
38 179
38 186
38 198
39 44
39 50
39 51
39 59
39 62
39 72
39 77
39 85
39 98
39 106
39 117
39 120
39 121
39 128
39 131
39 133
39 135
39 141
39 155
39 162
39 179
39 194
39 199
40 47
40 51
40 58
40 60
40 63
40 82
40 84
40 89
40 90
40 99
40 115
40 121
40 127
40 128
40 129
40 133
40 152
40 153
40 170
40 174
40 188
40 193
40 197
40 198
40 199
41 43
41 45
41 48
41 52
41 62
41 65
41 71
41 76
41 79
41 81
41 92
41 99
41 104
41 109
41 111
41 113
41 122
41 123
41 129
41 130
41 136
41 138
41 139
41 141
41 149
41 150
41 154
41 163
41 170
41 175
41 176
41 181
42 43
42 54
42 57
42 59
42 60
42 66
42 67
42 78
42 80
42 85
42 104
42 125
42 129
42 131
42 136
42 137
42 144
42 147
42 149
42 150
42 154
42 155
42 172
42 197
43 60
43 65
43 68
43 70
43 73
43 74
43 95
43 110
43 124
43 131
43 144
43 166
43 168
43 169
43 179
43 185
44 59
44 62
44 63
44 77
44 97
44 99
44 104
44 108
44 115
44 120
44 128
44 130
44 140
44 144
44 169
44 170
44 174
44 185
44 190
44 194
44 195
44 199
45 53
45 56
45 79
45 81
45 94
45 98
45 105
45 107
45 108
45 112
45 114
45 119
45 127
45 128
45 131
45 135
45 137
45 165
45 169
45 192
45 197
46 48
46 54
46 76
46 93
46 101
46 102
46 105
46 114
46 119
46 124
46 132
46 138
46 142
46 146
46 154
46 161
46 168
46 170
46 198
47 49
47 50
47 85
47 88
47 95
47 103
47 111
47 124
47 136
47 143
47 151
47 157
47 158
47 162
47 166
47 168
47 177
47 178
47 193
47 199
48 51
48 61
48 62
48 63
48 80
48 85
48 86
48 90
48 100
48 109
48 122
48 125
48 135
48 141
48 178
48 179
48 182
48 183
48 184
48 188
48 199
49 64
49 73
49 75
49 88
49 89
49 100
49 101
49 108
49 111
49 119
49 124
49 129
49 135
49 146
49 149
49 152
49 153
49 155
49 163
49 165
49 169
49 172
49 174
49 175
49 181
49 188
49 194
49 195
49 196
49 197
50 51
50 54
50 68
50 71
50 81
50 85
50 93
50 104
50 111
50 112
50 129
50 130
50 137
50 139
50 145
50 146
50 149
50 150
50 151
50 152
50 162
50 168
50 189
51 81
51 88
51 90
51 93
51 100
51 103
51 115
51 121
51 126
51 137
51 138
51 143
51 152
51 172
51 176
51 186
52 85
52 100
52 104
52 105
52 107
52 112
52 115
52 116
52 133
52 145
52 146
52 148
52 149
52 150
52 155
52 158
52 167
52 176
52 179
52 185
52 191
52 192
53 55
53 58
53 62
53 68
53 73
53 74
53 78
53 79
53 95
53 97
53 104
53 105
53 106
53 116
53 120
53 121
53 125
53 128
53 129
53 130
53 131
53 134
53 139
53 141
53 156
53 160
53 174
53 177
53 178
53 195
54 56
54 60
54 61
54 65
54 74
54 77
54 82
54 91
54 102
54 107
54 118
54 137
54 139
54 141
54 146
54 147
54 149
54 150
54 154
54 168
54 171
55 57
55 79
55 88
55 89
55 94
55 106
55 108
55 117
55 125
55 129
55 135
55 137
55 151
55 154
55 155
55 160
55 162
55 165
55 171
55 193
56 60
56 61
56 67
56 79
56 80
56 82
56 84
56 88
56 89
56 90
56 95
56 99
56 103
56 105
56 112
56 146
56 148
56 155
56 160
56 164
56 183
56 193
56 195
57 62
57 66
57 71
57 72
57 77
57 92
57 105
57 106
57 113
57 117
57 121
57 126
57 128
57 129
57 131
57 134
57 141
57 148
57 152
57 153
57 171
57 179
57 189
57 197
57 198
58 59
58 65
58 67
58 69
58 72
58 88
58 94
58 103
58 107
58 132
58 135
58 140
58 143
58 146
58 149
58 152
58 168
58 173
58 175
58 180
58 182
58 183
58 192
59 63
59 81
59 94
59 97
59 102
59 113
59 120
59 137
59 142
59 145
59 147
59 154
59 160
59 162
59 165
59 183
59 192
60 61
60 64
60 80
60 100
60 105
60 107
60 109
60 122
60 124
60 127
60 131
60 136
60 138
60 141
60 154
60 156
60 157
60 167
60 168
60 175
60 177
60 178
60 180
60 182
61 63
61 80
61 90
61 104
61 131
61 134
61 136
61 161
61 166
61 176
61 179
61 182
61 183
61 187
61 195
61 196
61 198
62 69
62 79
62 82
62 85
62 87
62 88
62 89
62 92
62 94
62 99
62 108
62 119
62 120
62 127
62 142
62 147
62 153
62 162
62 167
62 168
62 174
62 178
62 185
62 190
62 196
62 197
63 68
63 105
63 110
63 118
63 163
63 164
63 176
63 177
63 185
63 197
64 66
64 68
64 70
64 75
64 76
64 85
64 92
64 100
64 101
64 105
64 113
64 119
64 120
64 121
64 122
64 123
64 124
64 147
64 157
64 163
64 166
64 168
64 184
64 186
64 194
64 195
64 197
65 75
65 83
65 85
65 96
65 104
65 108
65 109
65 114
65 121
65 122
65 125
65 126
65 137
65 139
65 143
65 146
65 152
65 154
65 159
65 174
65 176
65 180
65 182
65 183
65 185
65 193
65 195
66 90
66 96
66 108
66 115
66 118
66 119
66 135
66 138
66 150
66 162
66 169
66 171
66 173
66 187
66 191
66 197
66 198
67 70
67 76
67 77
67 82
67 83
67 101
67 120
67 142
67 149
67 162
67 182
67 184
67 188
67 194
68 76
68 93
68 96
68 117
68 119
68 123
68 125
68 131
68 150
68 153
68 157
68 159
68 161
68 168
68 180
68 196
69 72
69 75
69 76
69 77
69 82
69 85
69 88
69 109
69 111
69 137
69 154
69 158
69 166
69 169
69 170
69 172
69 174
69 175
69 186
69 191
69 193
69 196
69 198
70 72
70 79
70 82
70 88
70 96
70 107
70 108
70 110
70 111
70 117
70 120
70 121
70 123
70 126
70 127
70 140
70 151
70 155
70 160
70 171
70 181
70 182
70 185
70 187
71 77
71 93
71 100
71 103
71 105
71 116
71 128
71 139
71 143
71 144
71 147
71 149
71 153
71 162
71 164
71 171
71 186
71 191
71 193
71 198
72 83
72 86
72 105
72 119
72 130
72 136
72 143
72 150
72 162
72 163
72 168
72 182
72 184
72 193
72 199
73 82
73 84
73 105
73 108
73 114
73 115
73 120
73 130
73 134
73 142
73 146
73 147
73 153
73 156
73 178
73 181
73 196
73 198
73 199
74 75
74 79
74 89
74 92
74 113
74 117
74 120
74 124
74 126
74 128
74 130
74 133
74 135
74 145
74 156
74 162
74 163
74 173
74 178
74 179
74 182
74 189
74 197
75 77
75 85
75 86
75 99
75 110
75 111
75 114
75 127
75 130
75 139
75 140
75 143
75 150
75 152
75 159
75 163
75 168
75 181
75 185
75 186
75 190
76 80
76 85
76 89
76 102
76 103
76 105
76 112
76 121
76 132
76 138
76 141
76 142
76 149
76 151
76 161
76 174
76 178
76 190
76 195
76 199
77 85
77 87
77 98
77 109
77 111
77 114
77 117
77 122
77 135
77 142
77 147
77 151
77 155
77 158
77 160
77 161
77 167
77 193
78 80
78 81
78 86
78 90
78 107
78 110
78 125
78 154
78 158
78 159
78 162
78 166
78 170
78 173
78 199
79 85
79 95
79 97
79 98
79 100
79 101
79 112
79 124
79 125
79 134
79 135
79 159
79 167
79 170
79 174
79 180
79 188
79 190
79 191
79 198
80 88
80 101
80 103
80 112
80 116
80 121
80 122
80 134
80 140
80 151
80 156
80 159
80 182
80 194
81 87
81 92
81 95
81 100
81 109
81 128
81 137
81 138
81 169
81 170
81 180
81 185
81 190
81 194
81 196
81 198
82 84
82 85
82 86
82 110
82 111
82 121
82 123
82 126
82 129
82 130
82 134
82 138
82 168
82 170
82 180
82 182
82 189
82 191
82 198
83 86
83 87
83 88
83 90
83 97
83 100
83 127
83 134
83 136
83 140
83 152
83 158
83 159
83 168
83 170
83 175
83 183
83 189
83 198
84 85
84 86
84 95
84 100
84 101
84 102
84 103
84 112
84 113
84 141
84 151
84 153
84 157
84 158
84 163
84 164
84 171
84 184
84 191
85 89
85 91
85 93
85 102
85 125
85 129
85 132
85 133
85 137
85 144
85 149
85 155
85 156
85 177
85 184
85 195
86 90
86 91
86 92
86 97
86 102
86 103
86 113
86 132
86 145
86 158
86 163
86 174
86 178
86 186
86 193
87 89
87 110
87 112
87 117
87 119
87 130
87 141
87 142
87 147
87 153
87 155
87 162
87 171
87 179
88 94
88 100
88 119
88 124
88 126
88 135
88 141
88 144
88 169
88 172
88 192
88 193
89 90
89 107
89 120
89 126
89 140
89 147
89 148
89 151
89 152
89 160
89 162
89 164
89 170
89 172
89 175
89 188
89 193
90 93
90 101
90 102
90 106
90 109
90 116
90 123
90 130
90 133
90 137
90 142
90 143
90 161
90 165
90 168
90 169
90 176
90 182
91 100
91 105
91 113
91 114
91 115
91 121
91 146
91 158
91 160
91 180
91 192
92 95
92 101
92 119
92 123
92 131
92 136
92 138
92 144
92 145
92 148
92 149
92 152
92 154
92 155
92 161
92 174
92 181
92 185
92 187
92 197
92 199
93 94
93 95
93 101
93 126
93 146
93 148
93 151
93 155
93 161
93 173
93 177
93 184
94 114
94 117
94 144
94 145
94 152
94 153
94 159
94 161
94 167
94 171
94 173
94 175
94 180
94 190
95 97
95 107
95 111
95 113
95 114
95 116
95 119
95 124
95 133
95 143
95 151
95 156
95 175
96 100
96 101
96 105
96 108
96 109
96 112
96 115
96 129
96 152
96 165
96 166
96 172
96 173
96 180
96 191
96 192
96 199
97 98
97 99
97 104
97 116
97 121
97 123
97 125
97 126
97 128
97 132
97 133
97 135
97 140
97 142
97 146
97 150
97 153
97 161
97 176
97 177
97 178
97 187
97 190
97 195
98 102
98 103
98 104
98 110
98 126
98 130
98 132
98 138
98 140
98 143
98 155
98 163
98 168
98 169
98 173
98 182
98 186
98 187
98 197
99 103
99 104
99 105
99 109
99 114
99 116
99 122
99 127
99 138
99 139
99 150
99 153
99 154
99 155
99 157
99 163
99 164
99 179
99 194
99 196
100 104
100 120
100 152
100 155
100 179
100 181
100 198
101 107
101 112
101 114
101 119
101 121
101 159
101 161
101 165
101 170
101 190
101 191
101 193
101 194
102 111
102 119
102 123
102 124
102 135
102 140
102 143
102 144
102 153
102 157
102 166
102 174
102 175
102 180
102 185
102 186
102 192
102 195
102 198
102 199
103 112
103 117
103 124
103 134
103 139
103 142
103 143
103 147
103 152
103 163
103 167
103 170
103 183
103 198
104 110
104 114
104 117
104 124
104 128
104 130
104 134
104 143
104 144
104 153
104 154
104 157
104 163
104 175
104 187
105 106
105 112
105 130
105 136
105 144
105 147
105 152
105 156
105 165
105 167
105 170
105 172
105 184
105 185
105 187
105 192
105 193
106 108
106 119
106 127
106 130
106 145
106 147
106 148
106 156
106 162
106 168
106 175
106 184
106 188
106 190
106 196
107 114
107 115
107 117
107 120
107 121
107 130
107 132
107 139
107 150
107 151
107 153
107 154
107 157
107 160
107 173
107 199
108 112
108 113
108 115
108 128
108 130
108 137
108 138
108 146
108 153
108 156
108 162
108 169
108 176
108 179
108 197
109 112
109 114
109 115
109 135
109 143
109 154
109 156
109 159
109 169
109 178
109 180
109 184
110 113
110 114
110 127
110 137
110 146
110 153
110 165
110 168
110 183
110 185
110 186
110 192
111 117
111 125
111 127
111 132
111 145
111 148
111 151
111 152
111 155
111 156
111 161
111 168
111 169
111 180
111 182
111 186
111 193
111 194
111 198
112 115
112 121
112 126
112 139
112 142
112 149
112 150
112 151
112 155
112 156
112 157
112 159
112 168
112 174
112 190
112 197
112 198
113 117
113 118
113 120
113 133
113 136
113 142
113 143
113 144
113 162
113 165
113 177
113 186
113 187
113 188
113 189
113 194
113 195
114 136
114 137
114 145
114 153
114 164
114 180
114 186
114 187
114 190
114 196
114 197
115 123
115 138
115 139
115 149
115 152
115 155
115 156
115 157
115 167
115 172
115 184
115 187
115 195
116 121
116 123
116 124
116 127
116 129
116 137
116 141
116 146
116 147
116 160
116 173
116 181
116 185
116 190
116 194
117 120
117 121
117 124
117 125
117 130
117 133
117 142
117 143
117 146
117 153
117 161
117 162
117 163
117 178
117 183
117 192
117 193
117 197
118 120
118 122
118 124
118 126
118 131
118 157
118 163
118 183
118 184
118 187
118 198
119 121
119 123
119 124
119 128
119 134
119 140
119 148
119 150
119 164
119 165
119 168
119 171
119 180
119 182
119 184
119 198
119 199
120 123
120 131
120 137
120 140
120 142
120 143
120 146
120 150
120 168
120 178
120 193
121 131
121 141
121 149
121 154
121 171
121 172
121 176
121 179
121 198
122 126
122 128
122 134
122 138
122 141
122 144
122 168
122 171
122 179
122 182
122 183
122 185
122 192
123 133
123 146
123 162
123 167
123 176
123 179
123 180
123 181
123 182
123 198
123 199
124 132
124 164
124 169
124 175
124 184
124 196
125 128
125 144
125 146
125 147
125 157
125 161
125 170
125 175
125 196
125 198
126 138
126 141
126 145
126 167
126 168
126 169
126 176
126 195
126 196
127 130
127 139
127 146
127 150
127 160
127 170
127 172
127 174
127 177
127 198
128 129
128 140
128 145
128 147
128 151
128 153
128 160
128 165
128 172
128 178
128 181
128 182
128 189
128 193
129 135
129 145
129 149
129 158
129 168
129 179
129 184
130 134
130 140
130 144
130 147
130 185
130 186
130 193
130 196
130 198
131 143
131 153
131 159
131 161
131 167
131 184
131 185
131 198
132 136
132 137
132 140
132 151
132 154
132 162
132 163
132 171
132 173
132 179
132 185
132 189
132 195
133 139
133 149
133 150
133 155
133 156
133 157
133 160
133 161
133 168
133 176
133 181
133 191
133 195
134 135
134 140
134 144
134 146
134 151
134 172
134 173
134 195
135 138
135 161
135 166
135 168
135 170
135 179
135 181
135 182
135 184
136 155
136 158
136 164
136 174
136 175
136 185
136 186
136 193
137 156
137 170
137 173
137 174
137 189
137 191
138 140
138 152
138 158
138 164
138 173
138 176
138 190
138 192
139 141
139 166
139 182
139 187
139 191
139 193
140 147
140 158
140 162
140 165
140 188
140 190
140 198
141 157
141 165
141 173
141 189
141 192
141 195
141 198
142 144
142 147
142 151
142 156
142 159
142 168
142 169
142 170
142 173
142 177
142 191
142 192
143 147
143 156
143 158
143 161
143 180
143 195
143 197
143 199
144 148
144 158
144 164
144 166
144 170
144 174
144 175
144 183
144 188
144 189
144 194
145 146
145 149
145 154
145 158
145 162
145 189
145 190
145 191
146 167
146 174
146 175
146 189
146 191
146 195
147 175
147 181
147 185
147 192
147 196
148 151
148 159
148 162
148 167
148 177
148 179
148 187
148 191
148 193
149 153
149 158
149 166
149 171
149 183
149 187
149 192
150 151
150 153
150 155
150 156
150 162
150 164
150 180
150 181
150 183
150 189
151 157
151 159
151 166
151 169
151 176
151 179
151 183
151 197
152 159
152 166
152 172
152 176
152 184
152 199
153 161
153 168
153 175
153 186
153 188
153 189
153 192
154 173
154 182
154 195
154 198
155 166
155 167
155 191
155 199
156 164
156 179
156 184
156 186
156 194
156 197
157 158
157 159
157 161
157 176
157 181
157 182
157 187
157 196
158 161
158 174
158 182
159 160
159 168
159 176
159 180
160 175
160 178
160 182
160 184
160 190
160 191
161 165
161 180
162 166
162 170
162 180
162 182
162 191
163 168
163 172
163 177
163 186
163 188
163 191
164 172
164 175
164 181
164 182
164 187
164 193
165 168
165 169
165 177
165 194
166 182
166 184
166 196
167 196
167 198
168 172
168 173
168 176
168 195
169 170
169 171
169 176
169 177
169 178
169 180
169 186
169 188
169 189
169 191
170 173
170 196
171 176
171 179
171 183
171 194
171 198
172 175
172 177
172 186
172 191
173 199
174 179
174 181
174 191
174 193
175 176
175 179
175 186
175 193
176 179
176 199
177 178
177 182
177 183
178 183
178 194
179 189
179 190
179 196
179 199
180 184
180 190
181 183
181 185
181 193
181 197
182 183
182 184
182 191
182 192
182 195
182 196
182 199
183 189
184 186
184 188
184 190
185 198
185 199
186 194
187 190
187 199
188 195
189 195
191 195
191 196
192 193
192 196
193 195
193 196
197 198
198 199
