0 2
0 5
0 10
0 20
0 22
0 26
0 37
0 40
0 42
0 49
0 122
0 130
0 147
0 166
0 173
0 181
0 187
0 199
1 3
1 15
1 17
1 32
1 34
1 59
1 61
1 63
1 69
1 70
1 86
1 98
1 103
1 120
1 153
1 163
1 183
2 5
2 16
2 35
2 39
2 42
2 45
2 59
2 71
2 76
2 105
2 107
2 117
2 130
2 143
2 150
2 153
2 160
2 162
2 168
2 171
2 180
2 192
2 195
3 7
3 14
3 16
3 20
3 27
3 28
3 29
3 34
3 57
3 66
3 72
3 84
3 91
3 116
3 118
3 123
3 126
3 130
3 131
3 132
3 134
3 138
3 143
3 152
3 164
3 187
3 193
3 195
4 12
4 30
4 33
4 34
4 53
4 62
4 64
4 70
4 90
4 91
4 92
4 94
4 114
4 127
4 129
4 130
4 138
4 141
4 148
4 167
4 174
4 196
4 199
5 6
5 15
5 16
5 18
5 20
5 26
5 71
5 85
5 95
5 106
5 109
5 112
5 126
5 165
5 168
5 179
5 181
5 199
6 37
6 40
6 41
6 46
6 47
6 49
6 68
6 78
6 84
6 95
6 97
6 108
6 114
6 124
6 131
6 132
6 144
6 155
6 158
6 165
6 169
6 179
6 185
6 192
6 195
7 13
7 22
7 23
7 29
7 50
7 56
7 71
7 83
7 93
7 96
7 97
7 137
7 140
7 144
7 170
7 177
7 193
7 197
7 199
8 16
8 31
8 40
8 42
8 55
8 59
8 67
8 92
8 108
8 110
8 126
8 128
8 146
8 151
8 169
8 186
9 11
9 30
9 33
9 34
9 39
9 61
9 78
9 86
9 102
9 117
9 157
9 160
9 191
10 19
10 26
10 27
10 36
10 48
10 52
10 66
10 89
10 96
10 99
10 107
10 119
10 120
10 127
10 129
10 130
10 139
10 142
10 154
10 172
10 182
10 188
11 24
11 50
11 64
11 77
11 79
11 82
11 94
11 104
11 124
11 140
11 142
11 184
12 14
12 21
12 26
12 37
12 56
12 60
12 62
12 73
12 86
12 96
12 97
12 109
12 133
12 146
12 150
12 152
12 158
12 174
12 188
12 190
12 195
13 23
13 50
13 54
13 65
13 67
13 68
13 81
13 90
13 100
13 138
13 140
13 155
14 18
14 33
14 36
14 37
14 38
14 41
14 44
14 55
14 59
14 66
14 68
14 74
14 77
14 79
14 111
14 113
14 118
14 127
14 135
14 143
14 153
14 163
14 188
14 195
15 18
15 30
15 42
15 56
15 62
15 75
15 76
15 93
15 95
15 99
15 126
15 127
15 132
15 143
15 152
15 166
15 170
15 176
15 190
16 33
16 35
16 37
16 59
16 62
16 75
16 106
16 132
16 139
16 147
16 156
16 161
16 164
16 184
17 24
17 26
17 65
17 70
17 80
17 85
17 93
17 95
17 106
17 118
17 121
17 133
17 142
17 161
17 167
17 172
17 176
17 182
17 186
17 187
17 192
18 79
18 82
18 97
18 116
18 133
18 135
18 165
18 175
18 185
19 32
19 36
19 41
19 46
19 65
19 66
19 97
19 105
19 111
19 113
19 118
19 122
19 167
19 179
19 187
20 21
20 32
20 34
20 38
20 66
20 98
20 129
20 132
20 134
20 135
20 139
20 142
20 151
20 153
20 171
20 179
20 181
20 182
21 40
21 49
21 50
21 74
21 81
21 91
21 105
21 132
21 147
21 150
21 168
21 186
22 42
22 53
22 54
22 60
22 64
22 78
22 82
22 88
22 96
22 120
22 121
22 127
22 128
22 132
22 138
22 139
22 143
22 151
22 155
22 163
22 172
22 180
22 189
22 194
22 198
23 29
23 31
23 36
23 45
23 52
23 61
23 64
23 68
23 75
23 80
23 119
23 122
23 131
23 132
23 151
23 159
23 164
23 165
23 168
23 182
23 185
23 186
24 30
24 42
24 43
24 52
24 55
24 56
24 61
24 66
24 70
24 77
24 83
24 107
24 120
24 125
24 136
24 145
24 149
24 153
24 156
24 166
24 169
24 191
24 194
25 37
25 41
25 48
25 49
25 62
25 79
25 82
25 101
25 105
25 126
25 142
25 146
25 159
25 176
25 182
25 187
26 30
26 32
26 33
26 39
26 42
26 44
26 52
26 55
26 71
26 81
26 88
26 137
26 144
26 173
26 183
26 184
26 192
27 45
27 48
27 57
27 61
27 74
27 87
27 98
27 100
27 102
27 152
27 167
27 195
27 196
27 199
28 30
28 40
28 41
28 43
28 57
28 58
28 61
28 83
28 96
28 100
28 112
28 115
28 120
28 122
28 128
28 147
28 154
28 158
28 166
28 167
28 176
28 182
28 184
29 33
29 44
29 52
29 58
29 85
29 110
29 115
29 119
29 121
29 122
29 134
29 142
29 147
29 152
29 153
29 161
29 163
29 170
29 187
29 195
30 34
30 38
30 47
30 68
30 80
30 84
30 129
30 139
30 152
30 162
30 163
30 168
30 171
30 185
31 33
31 36
31 37
31 48
31 61
31 69
31 71
31 84
31 93
31 96
31 104
31 113
31 121
31 134
31 138
31 143
31 188
31 191
31 193
31 195
32 34
32 41
32 49
32 54
32 55
32 67
32 74
32 77
32 91
32 102
32 105
32 115
32 125
32 150
32 154
32 165
32 172
32 189
33 35
33 42
33 44
33 49
33 57
33 63
33 64
33 78
33 84
33 87
33 94
33 104
33 135
33 149
33 165
33 181
33 194
34 36
34 38
34 40
34 44
34 80
34 88
34 95
34 100
34 101
34 113
34 135
34 137
34 166
34 168
34 178
34 187
34 196
35 68
35 77
35 90
35 91
35 95
35 114
35 153
35 160
35 177
35 188
35 198
36 44
36 54
36 59
36 67
36 109
36 117
36 127
36 138
36 142
36 146
36 155
36 175
36 177
36 179
36 187
37 38
37 64
37 73
37 89
37 95
37 97
37 106
37 110
37 114
37 142
37 154
37 180
37 181
38 43
38 51
38 54
38 62
38 66
38 73
38 87
38 94
38 98
38 110
38 119
38 124
38 130
38 131
38 132
38 137
38 147
38 150
38 163
38 172
38 178
38 186
38 192
38 193
38 196
38 198
39 41
39 48
39 58
39 65
39 67
39 68
39 93
39 96
39 125
39 154
39 155
39 164
39 166
39 167
39 168
39 172
39 180
39 198
40 53
40 111
40 115
40 126
40 156
40 168
40 169
40 174
40 182
40 196
40 197
40 199
41 42
41 43
41 51
41 61
41 62
41 103
41 105
41 123
41 124
41 128
41 132
41 134
41 138
41 141
41 150
41 161
41 166
41 167
41 182
41 197
41 199
42 47
42 66
42 68
42 73
42 77
42 85
42 91
42 98
42 99
42 124
42 132
42 146
42 152
42 165
42 196
43 130
43 132
43 139
43 141
43 154
43 168
43 187
43 190
44 64
44 70
44 77
44 89
44 96
44 101
44 104
44 109
44 133
44 145
44 160
44 197
44 199
45 47
45 56
45 96
45 100
45 109
45 116
45 119
45 122
45 128
45 129
45 138
45 141
45 144
45 146
45 168
45 170
45 181
45 183
45 192
45 198
45 199
46 63
46 95
46 97
46 99
46 121
46 122
46 130
46 142
46 146
46 154
46 166
46 181
46 198
47 52
47 60
47 62
47 75
47 83
47 95
47 97
47 108
47 125
47 130
47 138
47 143
47 146
47 164
47 165
47 166
47 172
47 179
47 180
47 196
47 198
48 49
48 58
48 68
48 79
48 81
48 84
48 89
48 94
48 106
48 141
48 148
48 159
48 170
48 180
48 188
49 77
49 78
49 79
49 93
49 95
49 113
49 115
49 133
49 139
49 147
49 149
49 161
49 163
49 165
49 170
49 183
49 197
50 52
50 71
50 75
50 76
50 85
50 106
50 107
50 151
50 195
51 57
51 63
51 75
51 86
51 96
51 115
51 126
51 155
51 160
51 167
51 169
51 170
51 171
51 176
51 195
51 197
52 61
52 64
52 75
52 92
52 104
52 123
52 128
52 136
52 163
52 181
52 183
53 67
53 82
53 105
53 133
53 143
53 148
53 181
53 182
53 183
53 188
54 68
54 72
54 104
54 116
54 119
54 127
54 129
54 141
54 171
55 64
55 79
55 80
55 89
55 91
55 92
55 96
55 102
55 110
55 112
55 122
55 127
55 138
55 141
55 144
55 156
55 195
55 196
56 59
56 62
56 63
56 80
56 90
56 93
56 98
56 107
56 138
56 139
56 143
56 152
56 160
56 166
56 169
56 186
56 196
57 70
57 90
57 112
57 119
57 124
57 126
57 133
57 135
57 136
57 139
57 142
57 149
57 177
57 178
58 63
58 68
58 77
58 78
58 81
58 98
58 109
58 112
58 151
58 167
58 176
59 61
59 95
59 103
59 107
59 109
59 112
59 116
59 127
59 132
59 136
59 157
59 161
59 169
59 171
59 177
60 67
60 75
60 83
60 86
60 91
60 101
60 107
60 134
60 144
60 148
60 149
60 150
60 157
60 158
60 165
61 70
61 95
61 108
61 110
61 111
61 123
61 129
61 131
61 136
61 147
61 164
61 168
61 169
61 184
61 185
61 189
62 66
62 78
62 81
62 90
62 92
62 130
62 142
62 156
62 158
62 160
62 178
62 190
62 195
63 72
63 82
63 98
63 99
63 100
63 109
63 111
63 121
63 137
63 147
63 149
63 151
63 152
63 153
63 161
63 166
63 169
63 171
63 176
63 188
64 72
64 80
64 122
64 157
64 169
64 173
65 76
65 94
65 104
65 152
65 174
65 179
65 190
66 68
66 76
66 87
66 89
66 104
66 112
66 128
66 136
66 139
66 144
66 157
66 159
66 165
66 166
66 196
67 83
67 88
67 104
67 116
67 125
67 140
67 146
67 147
67 154
67 172
67 177
68 78
68 81
68 99
68 104
68 125
68 126
68 130
68 138
68 140
68 154
68 163
68 166
68 171
68 174
68 184
68 187
68 189
68 190
69 73
69 76
69 109
69 111
69 112
69 128
69 130
69 133
69 135
69 156
69 173
69 174
69 199
70 74
70 78
70 110
70 115
70 147
70 185
70 192
70 194
70 197
71 90
71 93
71 98
71 116
71 123
71 127
71 130
71 133
71 139
71 145
71 146
71 155
71 170
71 171
71 197
72 96
72 120
72 128
72 140
72 143
72 144
72 158
72 162
72 170
72 173
72 177
72 180
72 182
73 74
73 98
73 102
73 114
73 146
73 158
73 161
73 167
73 189
73 197
74 75
74 126
74 130
74 142
74 155
74 161
74 166
74 198
75 98
75 122
75 123
75 125
75 127
75 133
75 139
75 140
75 190
75 195
75 198
76 87
76 90
76 92
76 104
76 140
76 145
76 148
76 158
76 174
76 178
76 180
76 183
77 81
77 85
77 100
77 102
77 109
77 112
77 113
77 122
77 141
77 166
77 178
77 188
78 88
78 91
78 114
78 118
78 125
78 148
78 161
78 172
78 178
79 84
79 94
79 95
79 97
79 107
79 130
79 136
79 138
79 172
79 174
79 178
79 190
79 197
80 86
80 89
80 110
80 137
80 145
80 154
80 156
80 188
80 199
81 101
81 102
81 125
81 140
81 175
81 177
81 184
81 187
81 188
82 88
82 93
82 95
82 99
82 124
82 129
82 131
82 132
82 144
82 153
82 171
82 172
82 174
82 178
82 183
82 189
82 193
82 196
83 92
83 96
83 113
83 128
83 131
83 135
83 144
83 152
83 156
83 159
83 165
83 174
83 178
83 182
83 191
83 196
84 86
84 89
84 96
84 104
84 113
84 114
84 126
84 141
84 143
84 150
84 154
84 182
85 106
85 107
85 129
85 130
85 134
85 140
85 142
85 170
85 176
85 182
86 87
86 93
86 105
86 112
86 136
86 138
86 139
86 142
86 153
86 154
86 156
86 157
86 187
86 193
87 92
87 97
87 129
87 146
87 159
87 161
87 180
87 184
87 190
87 192
87 195
88 107
88 108
88 110
88 116
88 125
88 136
88 139
88 143
88 145
88 154
88 160
88 178
88 182
88 197
88 199
89 105
89 106
89 119
89 130
89 153
89 158
89 162
89 189
89 191
90 91
90 103
90 108
90 109
90 110
90 111
90 138
90 160
90 197
91 99
91 119
91 127
91 130
91 148
91 164
91 169
91 183
91 190
91 191
92 93
92 101
92 110
92 114
92 124
92 125
92 126
92 138
92 145
92 147
92 154
92 158
92 164
92 170
92 182
92 184
92 191
92 195
92 197
93 121
93 132
93 138
93 165
93 166
93 169
93 180
93 187
93 191
93 193
93 197
94 98
94 149
94 151
94 160
94 164
94 165
94 178
94 181
94 183
94 185
94 186
94 196
94 198
95 105
95 106
95 110
95 159
95 165
95 167
95 196
95 197
96 123
96 124
96 127
96 130
96 143
96 153
96 158
96 163
96 176
96 177
96 182
96 186
96 190
97 98
97 107
97 108
97 120
97 133
97 139
97 162
97 165
97 183
98 109
98 113
98 126
98 139
98 150
98 152
98 178
98 186
99 104
99 142
99 150
99 152
99 156
99 164
99 173
99 174
99 179
99 189
100 122
100 151
100 170
100 176
100 177
100 184
101 105
101 106
101 116
101 122
101 126
101 142
101 144
101 149
101 177
102 114
102 127
102 130
102 144
102 152
102 155
102 158
102 181
103 105
103 112
103 115
103 116
103 117
103 120
103 134
103 150
103 154
103 155
103 158
103 163
103 167
103 186
103 194
103 198
104 122
104 141
104 154
104 161
104 198
105 109
105 112
105 122
105 128
105 134
105 145
105 154
105 159
105 171
105 173
105 187
106 110
106 128
106 129
106 130
106 150
106 162
106 195
107 126
107 127
107 139
107 145
107 151
107 155
107 160
107 162
107 166
107 179
107 196
108 114
108 130
108 142
108 164
108 171
108 186
109 123
109 133
109 152
109 169
109 170
109 177
109 183
109 192
110 117
110 133
110 138
110 158
110 163
110 176
110 184
111 118
111 138
111 182
111 194
112 127
112 133
112 135
112 136
112 150
112 172
112 185
112 192
112 195
113 139
113 151
113 178
113 180
114 119
114 122
114 124
114 133
114 136
114 156
114 159
114 167
114 169
114 197
114 199
115 121
115 135
115 168
115 178
115 193
115 197
116 117
116 127
116 133
116 135
116 150
116 159
116 173
116 180
116 192
117 123
117 128
117 154
117 156
117 162
117 165
117 177
117 185
118 167
118 172
118 176
118 179
119 128
119 156
119 157
119 160
119 168
119 199
120 121
120 138
120 141
120 158
120 162
120 167
120 182
120 199
121 124
121 127
121 139
121 155
121 171
121 177
121 185
121 186
122 124
122 128
122 150
122 157
122 173
122 183
122 186
122 187
122 193
123 135
123 147
123 161
123 163
123 171
124 125
124 148
124 154
124 181
124 184
124 192
125 126
125 141
125 162
125 165
125 171
125 176
125 183
126 131
126 136
126 154
126 157
126 163
126 169
126 184
127 134
127 143
127 150
127 185
128 129
128 135
128 147
128 157
128 185
128 186
128 192
129 137
129 146
129 176
130 133
130 140
130 150
130 169
130 188
131 132
131 141
131 166
131 168
131 175
131 191
131 196
131 198
132 134
132 137
132 160
132 181
132 186
132 194
133 137
133 144
133 159
133 180
133 183
133 191
134 143
134 167
134 176
135 141
135 148
135 159
135 164
136 152
136 153
136 160
136 182
136 196
136 197
136 198
137 142
137 146
137 151
137 153
137 171
137 176
137 179
137 196
138 139
138 148
138 149
138 174
139 147
139 166
139 167
139 168
139 170
139 177
139 178
139 179
139 194
140 145
140 169
140 174
140 177
140 184
140 189
140 194
141 154
141 164
141 173
141 178
141 194
142 145
142 147
142 150
142 158
142 162
143 146
143 155
143 156
143 169
143 184
143 185
143 197
144 156
144 185
145 147
145 148
145 150
145 160
145 189
145 192
145 194
145 195
146 153
146 176
146 193
146 199
147 165
147 176
147 194
147 198
148 157
148 174
148 189
148 196
149 167
149 182
149 190
149 198
150 159
150 176
150 180
150 184
150 192
150 197
151 155
151 170
151 196
152 160
152 193
152 195
153 161
153 169
153 184
153 186
153 192
154 172
154 180
154 181
154 184
154 188
154 197
155 169
155 182
155 189
155 191
155 195
156 161
157 161
157 163
157 164
157 168
158 168
158 172
158 174
158 178
158 195
159 161
160 166
160 167
160 179
160 180
160 184
160 188
160 195
160 197
161 178
161 181
161 194
161 197
162 166
162 171
162 176
162 183
162 191
163 184
164 168
164 175
164 187
164 188
164 194
164 196
164 199
165 178
165 180
165 196
165 198
166 170
166 175
166 187
166 192
167 176
167 186
167 193
168 173
168 174
168 178
168 190
169 171
170 184
170 193
170 195
171 183
171 187
171 193
172 180
172 182
172 188
172 192
174 194
174 198
175 188
176 180
177 186
177 190
178 181
178 188
178 197
179 181
179 183
179 197
184 186
184 195
186 194
188 192
189 193
189 196
192 195
192 196
194 196
194 197
194 199
196 198
