0 1
0 8
0 14
0 20
0 24
0 34
0 38
0 72
0 84
0 86
0 90
0 105
0 110
0 113
0 123
0 127
0 136
0 144
0 159
0 160
0 167
0 168
0 183
0 184
0 185
0 196
0 197
1 6
1 8
1 11
1 15
1 41
1 44
1 47
1 61
1 75
1 93
1 94
1 99
1 116
1 135
1 141
1 144
1 148
1 149
1 150
1 154
1 159
1 160
1 168
1 172
1 184
1 191
1 198
2 27
2 45
2 50
2 60
2 76
2 83
2 85
2 97
2 99
2 105
2 125
2 129
2 136
2 152
2 181
2 193
3 13
3 32
3 53
3 57
3 63
3 67
3 70
3 92
3 96
3 125
3 129
3 136
3 139
3 153
3 161
3 162
3 186
4 48
4 55
4 80
4 81
4 82
4 86
4 88
4 106
4 115
4 134
4 158
4 160
4 175
4 189
5 6
5 16
5 17
5 38
5 48
5 50
5 53
5 80
5 112
5 125
5 126
5 131
5 133
5 147
5 154
5 164
5 169
5 171
5 177
5 180
5 185
6 35
6 38
6 57
6 62
6 67
6 72
6 73
6 78
6 80
6 82
6 83
6 114
6 127
6 131
6 138
6 151
6 196
7 24
7 25
7 27
7 30
7 33
7 41
7 42
7 44
7 46
7 65
7 68
7 74
7 85
7 90
7 93
7 95
7 122
7 128
7 137
7 142
7 145
7 162
7 183
7 199
8 29
8 37
8 38
8 48
8 74
8 75
8 77
8 80
8 81
8 103
8 134
8 143
8 145
8 174
8 180
8 184
9 10
9 34
9 40
9 61
9 72
9 77
9 84
9 103
9 110
9 129
9 137
9 138
9 139
9 143
9 159
9 161
9 164
9 174
9 176
9 199
10 45
10 94
10 95
10 106
10 120
10 136
10 144
10 168
10 188
10 198
11 16
11 33
11 51
11 72
11 120
11 129
11 137
11 168
11 185
12 35
12 38
12 39
12 60
12 71
12 72
12 74
12 79
12 80
12 87
12 96
12 99
12 126
12 127
12 130
12 146
12 147
12 167
12 169
12 174
12 189
13 15
13 30
13 35
13 36
13 65
13 68
13 75
13 120
13 125
13 128
13 133
13 143
13 146
13 159
13 167
13 169
13 174
13 185
13 193
13 198
14 19
14 23
14 27
14 35
14 46
14 47
14 62
14 63
14 67
14 90
14 95
14 100
14 112
14 121
14 141
14 148
14 167
14 193
14 195
15 16
15 20
15 36
15 45
15 78
15 80
15 91
15 94
15 114
15 122
15 124
15 130
15 135
15 144
15 156
15 166
15 184
15 196
16 27
16 38
16 46
16 47
16 65
16 68
16 77
16 81
16 86
16 88
16 93
16 136
16 158
16 168
16 181
16 183
16 196
17 24
17 34
17 54
17 64
17 71
17 75
17 77
17 86
17 90
17 109
17 117
17 137
17 145
17 165
17 166
17 169
17 173
17 192
17 194
17 199
18 23
18 24
18 28
18 34
18 54
18 58
18 62
18 73
18 87
18 104
18 109
18 116
18 138
18 143
18 154
18 157
18 162
18 186
18 199
19 34
19 70
19 86
19 88
19 93
19 103
19 107
19 121
19 125
19 150
19 154
19 155
19 157
19 169
19 179
19 195
19 198
20 29
20 38
20 73
20 81
20 86
20 96
20 104
20 117
20 126
20 132
20 135
20 136
20 145
20 177
20 179
20 180
20 183
20 192
20 194
20 197
21 46
21 60
21 66
21 82
21 87
21 88
21 105
21 111
21 113
21 139
21 152
21 157
21 166
21 181
21 182
21 197
21 199
22 28
22 36
22 42
22 44
22 62
22 73
22 86
22 99
22 106
22 120
22 132
22 155
22 174
22 179
23 31
23 33
23 36
23 40
23 44
23 49
23 65
23 71
23 72
23 73
23 113
23 124
23 133
23 139
23 169
23 171
23 187
23 191
23 192
24 28
24 41
24 47
24 59
24 64
24 79
24 82
24 105
24 119
24 129
24 134
24 142
24 185
24 198
25 27
25 33
25 40
25 51
25 54
25 56
25 76
25 96
25 99
25 100
25 105
25 108
25 110
25 112
25 120
25 133
25 141
25 142
25 165
25 166
25 168
25 169
25 183
25 196
25 199
26 35
26 46
26 50
26 53
26 57
26 61
26 64
26 90
26 115
26 118
26 119
26 132
26 143
26 148
26 160
26 166
26 172
26 174
26 180
26 184
26 188
26 189
26 191
27 28
27 48
27 51
27 56
27 58
27 63
27 67
27 73
27 76
27 91
27 92
27 130
27 148
27 152
27 175
27 184
28 38
28 40
28 67
28 79
28 87
28 102
28 127
28 131
28 137
28 141
28 148
28 150
28 154
28 161
28 163
28 164
28 168
28 178
28 179
28 191
29 40
29 51
29 60
29 68
29 77
29 90
29 97
29 100
29 102
29 108
29 138
29 139
29 141
29 175
29 182
29 198
30 31
30 41
30 47
30 51
30 52
30 70
30 73
30 83
30 85
30 86
30 90
30 92
30 109
30 116
30 131
30 132
30 133
30 147
30 151
30 155
30 160
30 170
30 174
30 189
31 40
31 58
31 95
31 104
31 118
31 132
31 139
31 151
31 152
31 161
31 165
31 171
31 186
31 190
32 36
32 37
32 38
32 56
32 63
32 64
32 69
32 112
32 123
32 143
32 156
32 159
32 164
32 192
32 198
32 199
33 61
33 79
33 81
33 86
33 90
33 96
33 97
33 114
33 123
33 136
33 139
33 149
33 168
33 178
34 47
34 50
34 53
34 62
34 65
34 76
34 87
34 93
34 111
34 158
34 160
34 167
34 170
34 171
34 188
34 199
35 49
35 62
35 67
35 70
35 72
35 74
35 86
35 91
35 112
35 125
35 141
35 166
35 167
35 174
35 184
36 37
36 44
36 68
36 70
36 95
36 96
36 98
36 102
36 110
36 142
36 155
36 185
36 189
36 190
37 40
37 45
37 62
37 64
37 65
37 66
37 79
37 80
37 82
37 97
37 100
37 107
37 118
37 133
37 134
37 135
37 173
37 183
37 186
37 187
37 194
38 44
38 59
38 68
38 71
38 72
38 76
38 79
38 82
38 87
38 88
38 90
38 93
38 99
38 105
38 109
38 122
38 126
38 134
38 136
38 145
38 146
38 147
38 162
38 181
38 187
38 196
39 44
39 46
39 58
39 63
39 76
39 81
39 93
39 118
39 124
39 128
39 151
39 153
39 159
39 177
39 191
40 58
40 103
40 113
40 116
40 122
40 127
40 128
40 133
40 145
40 152
40 190
40 197
41 91
41 104
41 114
41 120
41 126
41 130
41 140
41 148
41 164
41 172
41 173
41 186
41 187
41 188
41 196
41 197
42 43
42 60
42 64
42 80
42 87
42 89
42 93
42 94
42 112
42 143
42 146
42 148
42 153
42 160
42 175
42 180
42 187
42 195
43 60
43 67
43 73
43 78
43 95
43 102
43 113
43 116
43 117
43 132
43 134
43 139
43 159
43 173
43 185
43 191
43 196
43 197
44 57
44 58
44 93
44 107
44 118
44 143
44 147
44 173
44 177
44 188
45 46
45 54
45 56
45 74
45 82
45 115
45 133
45 134
45 139
45 153
45 173
45 182
45 188
45 193
46 53
46 62
46 75
46 79
46 83
46 89
46 97
46 99
46 111
46 117
46 129
46 130
46 137
46 138
46 149
46 159
46 165
46 170
47 51
47 55
47 59
47 100
47 102
47 103
47 107
47 109
47 114
47 151
47 174
47 178
47 193
47 197
48 55
48 78
48 92
48 95
48 96
48 100
48 104
48 135
48 153
48 158
48 182
48 191
49 60
49 67
49 68
49 91
49 96
49 97
49 98
49 103
49 134
49 144
49 155
49 159
49 167
49 168
49 171
49 178
49 184
50 51
50 67
50 74
50 76
50 85
50 94
50 101
50 105
50 114
50 115
50 123
50 134
50 143
50 160
50 176
50 179
50 182
50 187
51 53
51 74
51 92
51 98
51 102
51 104
51 109
51 118
51 119
51 120
51 121
51 123
51 148
51 165
51 171
51 173
51 179
51 180
51 186
51 190
52 57
52 84
52 92
52 108
52 124
52 125
52 141
52 152
52 161
52 184
52 189
52 191
52 198
53 54
53 56
53 66
53 75
53 81
53 84
53 87
53 91
53 110
53 114
53 129
53 135
53 147
53 155
53 162
53 168
53 170
53 188
53 196
54 62
54 68
54 76
54 78
54 82
54 83
54 108
54 121
54 126
54 146
54 155
54 160
54 168
54 190
54 197
55 63
55 69
55 101
55 107
55 111
55 112
55 140
55 149
55 150
55 153
55 156
55 169
55 171
55 176
55 177
55 195
56 66
56 70
56 89
56 111
56 117
56 127
56 141
56 152
56 187
57 60
57 62
57 70
57 76
57 84
57 103
57 110
57 111
57 114
57 138
57 142
57 144
57 170
57 172
57 179
57 183
57 188
58 88
58 113
58 138
58 160
58 166
58 173
59 63
59 74
59 99
59 119
59 122
59 162
59 167
59 174
59 175
59 184
59 187
59 189
59 191
59 196
59 197
60 72
60 73
60 75
60 96
60 105
60 112
60 117
60 131
60 142
60 143
60 153
60 161
60 181
60 182
60 186
60 197
61 69
61 108
61 133
61 136
61 143
61 155
61 159
61 161
61 163
61 166
61 170
61 174
61 188
61 189
61 197
62 96
62 101
62 109
62 111
62 116
62 153
62 177
62 193
63 81
63 93
63 97
63 107
63 117
63 118
63 128
63 139
63 141
63 145
63 158
63 181
63 185
63 192
64 68
64 72
64 78
64 80
64 82
64 121
64 123
64 125
64 140
64 142
64 146
64 149
64 153
64 173
64 183
65 73
65 124
65 129
65 130
65 135
65 139
65 140
65 147
65 160
65 181
65 186
66 67
66 75
66 92
66 95
66 109
66 115
66 116
66 139
66 163
66 183
66 194
67 73
67 76
67 77
67 79
67 84
67 94
67 104
67 105
67 114
67 173
68 75
68 96
68 111
68 113
68 137
68 167
68 168
68 171
68 179
68 182
68 198
68 199
69 70
69 72
69 76
69 87
69 92
69 97
69 106
69 126
69 129
69 135
69 137
69 140
69 143
69 153
69 156
69 167
69 175
69 184
69 193
69 195
70 96
70 107
70 128
70 138
70 139
70 150
70 153
70 155
70 161
70 169
70 179
70 184
71 76
71 79
71 80
71 87
71 92
71 100
71 109
71 113
71 115
71 131
71 135
71 151
71 156
71 159
71 187
71 190
72 83
72 84
72 100
72 111
72 124
72 128
72 141
72 153
72 160
72 165
72 168
72 184
72 189
73 85
73 88
73 94
73 100
73 103
73 111
73 122
73 133
73 136
73 145
73 169
73 182
74 90
74 98
74 106
74 114
74 121
74 140
74 145
74 148
74 164
74 184
75 90
75 93
75 98
75 100
75 103
75 107
75 126
75 136
75 143
75 150
75 161
75 165
75 187
75 195
76 88
76 89
76 95
76 111
76 117
76 124
76 129
76 137
76 138
76 141
76 149
76 162
77 81
77 83
77 90
77 99
77 107
77 116
77 124
77 127
77 137
77 146
77 156
77 158
77 162
77 180
77 184
77 186
78 88
78 90
78 92
78 105
78 131
78 161
78 163
78 189
79 104
79 109
79 112
79 119
79 123
79 136
79 137
79 159
79 164
79 168
79 177
79 178
80 83
80 95
80 107
80 112
80 119
80 122
80 144
80 145
80 154
80 162
80 180
80 181
80 182
80 190
81 85
81 98
81 104
81 106
81 107
81 113
81 118
81 125
81 136
81 147
81 163
81 164
81 180
81 190
81 196
81 197
82 83
82 90
82 120
82 123
82 130
82 131
82 158
82 166
82 180
82 184
82 196
83 85
83 86
83 145
83 156
83 158
83 170
83 173
83 184
83 193
84 87
84 93
84 123
84 133
84 134
84 149
84 172
84 180
84 186
84 188
85 116
85 123
85 136
85 137
85 152
85 187
85 188
85 189
85 190
86 94
86 112
86 115
86 124
86 130
86 132
86 135
86 150
86 158
86 161
86 163
86 179
86 180
86 181
86 199
87 95
87 113
87 134
87 154
87 167
87 185
88 96
88 100
88 102
88 114
88 120
88 138
88 154
88 170
88 174
88 199
89 105
89 132
89 135
89 176
89 190
90 95
90 105
90 119
90 126
90 129
90 142
90 146
90 175
90 194
91 96
91 98
91 117
91 144
91 163
92 98
92 103
92 109
92 126
92 142
92 150
92 154
92 158
92 166
92 171
92 182
92 187
92 188
92 193
92 196
93 108
93 117
93 148
93 153
93 159
93 161
93 162
93 191
94 101
94 127
94 133
94 141
94 142
94 155
94 157
94 158
94 160
94 161
94 167
94 174
94 190
94 193
94 195
95 101
95 108
95 112
95 143
95 155
95 156
96 107
96 116
96 132
96 137
96 150
96 161
96 179
96 180
97 122
97 124
97 136
97 143
97 166
97 175
97 181
97 190
97 191
97 195
97 197
98 101
98 111
98 127
98 141
98 162
98 170
98 175
98 177
98 181
98 182
98 191
98 192
99 100
99 103
99 106
99 117
99 139
99 142
99 160
99 168
99 174
99 184
99 192
100 105
100 115
100 125
100 128
100 134
100 137
100 143
100 151
100 155
100 157
100 184
100 189
101 104
101 112
101 120
101 144
101 154
101 171
101 173
101 179
102 103
102 110
102 125
102 126
102 148
102 162
102 163
102 168
102 172
102 184
102 196
102 198
103 108
103 128
103 135
103 148
103 159
103 161
103 164
103 172
103 180
103 182
103 195
104 107
104 119
104 123
104 125
104 145
104 152
104 196
105 106
105 110
105 124
105 127
105 168
105 179
105 180
106 167
106 171
106 176
106 190
106 199
107 118
107 128
107 129
107 140
107 143
107 150
107 154
107 166
107 174
107 186
108 110
108 112
108 116
108 119
108 125
108 142
108 160
108 188
109 113
109 123
109 147
109 181
109 189
109 191
109 199
110 138
110 155
110 160
110 176
110 183
110 184
110 196
111 115
111 119
111 137
111 147
111 149
111 181
111 188
111 191
112 130
112 160
112 163
112 168
112 198
113 117
113 141
113 147
113 156
113 170
113 177
114 136
114 143
114 160
114 166
114 179
114 196
115 119
115 123
115 126
115 139
115 150
115 155
115 161
115 162
115 173
115 186
115 191
116 126
116 137
116 141
116 170
116 188
117 139
117 144
117 150
117 180
118 134
118 144
118 154
118 157
118 162
118 164
118 173
118 176
118 181
118 186
118 194
119 120
119 123
119 125
119 143
119 145
119 154
119 168
119 169
119 176
120 128
120 129
120 145
120 149
120 155
120 176
121 129
121 155
121 158
121 167
121 187
122 136
122 151
122 154
122 163
122 180
122 182
122 193
123 129
123 141
123 154
123 164
123 173
123 175
123 176
123 177
124 129
124 154
124 156
124 167
124 184
124 189
124 197
124 198
125 141
125 169
125 178
125 185
125 194
126 147
126 160
126 167
126 179
126 184
127 128
127 140
127 143
127 155
127 164
127 167
127 169
127 189
127 195
128 136
128 146
128 151
128 152
128 164
128 171
128 177
129 133
129 135
129 140
129 185
129 195
130 147
130 151
130 160
130 170
130 176
130 178
130 188
131 146
131 152
131 154
131 158
131 163
132 135
132 139
132 140
132 148
132 170
132 174
132 176
132 188
132 189
133 134
133 135
133 139
133 175
133 177
133 182
133 183
133 199
134 135
134 136
134 152
134 157
134 171
134 178
134 192
134 196
135 141
135 144
135 146
135 173
135 174
135 188
135 199
136 146
136 152
136 183
136 184
136 192
136 197
137 154
137 170
137 190
138 156
138 159
138 161
138 162
138 165
138 172
138 184
138 198
139 142
139 146
139 153
139 154
139 157
139 158
139 178
139 186
140 152
140 155
140 162
140 177
140 186
140 194
140 195
140 196
141 147
141 156
141 158
141 170
141 189
142 143
142 147
142 148
142 171
142 179
142 198
143 149
143 163
143 182
144 159
144 168
145 162
145 167
146 160
146 178
146 180
146 183
146 197
147 156
147 176
147 181
147 199
148 156
148 166
148 167
148 171
148 176
148 181
148 191
148 194
149 174
149 181
150 154
150 158
150 168
150 169
150 180
150 194
150 198
150 199
151 152
151 156
151 169
151 171
151 177
151 179
151 185
152 172
153 154
153 164
153 174
153 176
153 178
153 188
153 197
153 199
154 155
154 162
154 166
154 169
154 182
154 190
154 192
155 165
155 180
155 181
155 183
155 194
156 159
156 188
156 189
157 179
157 195
158 172
158 183
158 186
158 193
158 195
158 199
159 168
159 178
159 198
160 172
160 178
160 184
161 173
161 174
161 178
161 185
162 163
162 189
163 178
163 184
163 188
163 189
163 194
164 165
164 169
164 187
164 188
164 190
165 184
165 186
165 190
166 176
167 168
167 170
167 171
167 177
167 178
168 187
168 189
169 170
169 175
169 184
169 189
169 198
171 174
171 199
172 176
172 188
173 184
173 189
173 191
173 195
174 176
174 184
174 186
174 193
175 187
175 189
175 192
175 195
176 178
176 191
177 196
177 197
179 183
179 196
180 181
180 194
181 192
183 186
183 196
184 186
185 193
186 193
186 195
186 197
186 198
188 192
189 191
189 193
189 195
191 196
192 199
193 199
195 197
198 199
