0 1
0 7
0 21
0 22
0 45
0 46
0 47
0 48
0 69
0 82
0 84
0 93
0 97
0 100
0 108
0 109
0 117
0 124
0 137
0 146
0 158
0 162
0 165
0 174
0 178
0 184
0 198
1 6
1 27
1 51
1 53
1 65
1 66
1 74
1 79
1 82
1 89
1 94
1 96
1 99
1 100
1 115
1 122
1 125
1 132
1 149
1 152
1 154
1 198
2 13
2 15
2 17
2 25
2 36
2 71
2 72
2 76
2 82
2 85
2 100
2 111
2 117
2 119
2 125
2 127
2 133
2 139
2 188
3 5
3 11
3 23
3 68
3 90
3 91
3 92
3 98
3 105
3 121
3 129
3 130
3 146
3 166
3 187
4 10
4 11
4 15
4 16
4 30
4 31
4 34
4 35
4 52
4 58
4 71
4 72
4 80
4 90
4 100
4 106
4 119
4 145
4 165
4 171
4 185
4 193
4 199
5 8
5 13
5 15
5 17
5 21
5 35
5 50
5 57
5 75
5 85
5 86
5 104
5 106
5 108
5 121
5 161
5 163
5 166
5 188
5 196
6 13
6 14
6 18
6 26
6 53
6 57
6 60
6 61
6 82
6 87
6 91
6 102
6 107
6 126
6 127
6 133
6 151
6 152
6 161
6 163
6 171
6 176
6 181
7 33
7 54
7 70
7 74
7 75
7 81
7 92
7 93
7 97
7 102
7 141
7 158
7 176
7 177
7 188
8 27
8 29
8 54
8 55
8 56
8 57
8 64
8 65
8 97
8 102
8 133
8 141
8 147
8 150
8 151
8 164
8 166
8 175
8 191
8 194
8 197
8 198
9 21
9 40
9 45
9 54
9 59
9 65
9 66
9 78
9 88
9 93
9 100
9 108
9 115
9 120
9 122
9 126
9 129
9 136
9 157
9 182
9 187
9 188
9 191
9 193
9 199
10 50
10 61
10 95
10 118
10 122
10 132
10 136
10 137
10 139
10 142
10 148
10 154
10 158
10 163
10 171
11 26
11 31
11 38
11 55
11 63
11 65
11 117
11 129
11 130
11 149
11 153
11 163
11 196
11 199
12 19
12 30
12 32
12 44
12 60
12 62
12 64
12 74
12 79
12 83
12 84
12 93
12 110
12 116
12 119
12 135
12 140
12 145
12 164
12 185
13 49
13 60
13 63
13 72
13 73
13 74
13 77
13 79
13 86
13 110
13 114
13 124
13 146
13 150
13 160
13 197
13 198
14 20
14 38
14 68
14 79
14 101
14 123
14 125
14 128
14 135
14 162
14 173
14 183
14 196
15 22
15 25
15 35
15 36
15 37
15 46
15 47
15 65
15 68
15 76
15 81
15 94
15 98
15 102
15 106
15 110
15 121
15 125
15 128
15 129
15 145
15 146
15 147
15 160
15 163
15 166
15 185
15 192
15 194
15 197
16 17
16 18
16 24
16 49
16 72
16 80
16 83
16 89
16 90
16 103
16 104
16 109
16 121
16 139
16 142
16 169
16 184
16 190
17 48
17 50
17 57
17 83
17 89
17 117
17 123
17 129
17 140
17 159
17 170
17 172
18 28
18 29
18 34
18 44
18 46
18 51
18 53
18 60
18 68
18 69
18 83
18 92
18 101
18 113
18 115
18 117
18 124
18 125
18 129
18 138
18 142
18 143
18 186
18 197
19 21
19 25
19 28
19 33
19 41
19 45
19 64
19 66
19 75
19 99
19 106
19 107
19 112
19 116
19 122
19 124
19 128
19 133
19 141
19 151
19 178
19 199
20 21
20 32
20 35
20 39
20 61
20 70
20 79
20 96
20 112
20 117
20 121
20 128
20 131
20 140
20 145
20 169
20 177
20 179
21 30
21 37
21 61
21 74
21 86
21 89
21 97
21 105
21 112
21 113
21 114
21 115
21 128
21 169
21 189
21 199
22 40
22 45
22 49
22 57
22 64
22 65
22 70
22 71
22 95
22 123
22 126
22 157
22 182
22 186
22 189
23 41
23 44
23 48
23 49
23 57
23 58
23 60
23 75
23 82
23 88
23 90
23 110
23 120
23 145
23 147
23 149
23 152
23 183
24 28
24 43
24 56
24 60
24 65
24 74
24 91
24 99
24 100
24 162
24 165
24 168
24 176
24 184
24 193
25 35
25 36
25 38
25 54
25 73
25 80
25 120
25 128
25 134
25 141
25 147
25 150
25 155
25 163
25 166
25 168
25 171
25 176
25 195
26 27
26 59
26 72
26 78
26 94
26 98
26 107
26 115
26 122
26 159
26 189
27 42
27 60
27 61
27 85
27 88
27 95
27 112
27 115
27 122
27 145
27 152
27 163
27 166
27 173
27 176
27 180
27 194
28 32
28 51
28 52
28 63
28 72
28 74
28 76
28 85
28 97
28 100
28 118
28 126
28 136
28 148
28 153
28 154
28 189
28 191
29 37
29 41
29 45
29 56
29 63
29 72
29 75
29 79
29 83
29 87
29 125
29 128
29 131
29 138
29 149
29 152
29 157
29 167
29 170
29 172
29 187
29 192
29 196
30 47
30 76
30 85
30 91
30 96
30 118
30 132
30 138
30 141
30 164
30 166
30 172
30 182
31 32
31 35
31 63
31 80
31 92
31 103
31 105
31 106
31 117
31 124
31 126
31 135
31 148
31 154
31 159
31 176
31 179
31 181
31 193
31 197
32 43
32 56
32 63
32 84
32 96
32 100
32 108
32 113
32 114
32 119
32 125
32 133
32 141
32 147
32 160
32 171
32 180
32 181
32 190
32 192
33 36
33 44
33 73
33 88
33 89
33 90
33 111
33 115
33 133
33 134
33 142
33 147
33 161
33 162
34 52
34 53
34 57
34 58
34 69
34 80
34 84
34 90
34 118
34 125
34 141
34 168
34 171
34 178
34 188
35 39
35 46
35 47
35 49
35 68
35 84
35 85
35 86
35 95
35 100
35 104
35 120
35 132
35 144
35 150
35 162
35 163
35 166
35 169
35 171
35 179
35 195
36 39
36 40
36 41
36 71
36 72
36 78
36 79
36 90
36 113
36 132
36 134
36 145
36 164
36 167
36 175
36 197
36 199
37 47
37 49
37 56
37 70
37 86
37 103
37 104
37 105
37 109
37 110
37 131
37 133
37 139
37 174
37 190
38 53
38 71
38 77
38 78
38 90
38 91
38 104
38 108
38 115
38 124
38 132
38 147
38 151
38 163
38 171
39 43
39 66
39 70
39 83
39 88
39 93
39 143
39 149
39 154
39 155
39 172
39 179
39 180
39 181
39 182
39 188
39 193
39 197
40 48
40 50
40 54
40 64
40 70
40 75
40 94
40 102
40 109
40 129
40 155
40 161
40 165
40 167
40 171
40 180
40 181
40 184
40 192
41 50
41 59
41 70
41 73
41 81
41 85
41 92
41 99
41 117
41 120
41 123
41 143
41 167
41 180
41 183
41 190
41 194
41 196
42 58
42 70
42 81
42 93
42 107
42 108
42 109
42 112
42 115
42 125
42 132
42 140
42 144
42 153
42 175
42 195
42 198
43 51
43 57
43 61
43 66
43 70
43 84
43 86
43 90
43 96
43 106
43 108
43 113
43 117
43 136
43 137
43 145
43 169
43 173
43 186
43 197
44 47
44 49
44 53
44 54
44 61
44 63
44 68
44 72
44 85
44 102
44 104
44 134
44 163
44 181
44 190
44 191
44 199
45 52
45 56
45 66
45 78
45 83
45 85
45 97
45 101
45 112
45 129
45 136
45 137
45 140
45 153
45 162
45 165
45 169
45 188
45 192
45 194
45 199
46 47
46 50
46 78
46 85
46 86
46 93
46 96
46 108
46 117
46 121
46 129
46 132
46 146
46 167
46 169
46 171
46 175
46 177
46 190
46 196
47 53
47 82
47 88
47 89
47 106
47 136
47 143
47 145
47 147
47 164
47 175
47 187
47 190
48 56
48 68
48 103
48 106
48 109
48 114
48 116
48 120
48 123
48 131
48 137
48 140
48 154
48 163
48 167
48 174
48 176
48 177
49 60
49 83
49 86
49 99
49 100
49 105
49 107
49 114
49 131
49 144
49 156
49 166
49 176
49 197
50 67
50 73
50 83
50 84
50 88
50 99
50 101
50 103
50 104
50 105
50 142
50 154
50 166
50 176
50 183
51 54
51 59
51 75
51 109
51 126
51 134
51 143
51 166
51 170
51 175
52 61
52 66
52 80
52 81
52 133
52 152
52 156
52 172
52 186
52 189
52 192
52 194
52 195
53 58
53 74
53 114
53 115
53 124
53 128
53 133
53 142
53 157
53 159
53 184
54 62
54 66
54 95
54 119
54 125
54 133
54 151
54 162
54 167
54 174
54 186
54 194
55 57
55 62
55 64
55 75
55 77
55 84
55 95
55 98
55 119
55 131
55 143
55 150
55 155
55 166
55 169
55 170
55 178
55 181
55 187
56 67
56 68
56 77
56 84
56 148
56 154
56 156
56 157
56 171
56 182
57 66
57 69
57 72
57 74
57 92
57 96
57 102
57 103
57 106
57 109
57 117
57 120
57 126
57 134
57 142
57 153
57 161
57 162
57 165
57 167
57 175
57 183
57 188
57 190
58 59
58 78
58 81
58 101
58 106
58 115
58 117
58 124
58 142
58 152
58 164
58 184
58 190
59 61
59 86
59 94
59 98
59 101
59 103
59 105
59 111
59 124
59 128
59 156
59 169
59 179
59 185
59 189
59 194
59 198
60 106
60 120
60 142
60 152
60 163
60 165
60 170
60 180
60 181
60 192
61 67
61 73
61 74
61 84
61 97
61 105
61 111
61 114
61 118
61 121
61 139
61 144
61 150
61 153
61 170
61 177
61 184
61 194
62 68
62 85
62 104
62 120
62 144
62 146
62 152
62 166
62 171
62 186
62 191
62 192
62 199
63 99
63 106
63 137
63 140
63 168
63 191
64 72
64 73
64 90
64 105
64 128
64 129
64 130
64 176
64 179
64 181
64 186
64 191
65 69
65 72
65 76
65 78
65 85
65 96
65 99
65 104
65 126
65 133
65 136
65 152
65 153
65 156
65 178
65 181
65 182
66 72
66 80
66 81
66 86
66 87
66 96
66 115
66 124
66 131
66 169
66 176
66 181
66 195
67 82
67 88
67 99
67 108
67 113
67 131
67 163
67 164
67 167
67 186
67 190
68 89
68 106
68 113
68 117
68 143
68 145
68 156
68 181
68 198
69 80
69 93
69 100
69 120
69 156
69 184
69 188
69 191
69 192
70 76
70 118
70 119
70 123
70 152
70 158
70 165
70 169
71 83
71 91
71 97
71 101
71 107
71 129
71 163
71 172
72 77
72 81
72 86
72 93
72 98
72 101
72 109
72 112
72 115
72 120
72 121
72 125
72 130
72 134
72 147
72 171
72 181
72 182
72 197
73 80
73 84
73 99
73 102
73 105
73 116
73 123
73 125
73 136
73 149
73 159
73 166
73 183
74 87
74 88
74 96
74 118
74 124
74 126
74 131
74 156
74 170
75 77
75 96
75 103
75 105
75 117
75 118
75 138
75 143
75 172
75 192
76 96
76 149
76 152
76 156
76 173
76 188
77 129
77 139
77 143
77 188
78 90
78 110
78 113
78 114
78 121
78 129
78 148
78 162
78 165
78 173
78 196
78 198
79 86
79 87
79 91
79 123
79 126
79 139
79 144
79 152
79 157
79 162
79 182
79 193
79 194
80 83
80 86
80 90
80 96
80 98
80 99
80 107
80 110
80 132
80 144
80 146
80 189
81 91
81 103
81 117
81 134
81 153
81 162
81 163
81 166
81 175
81 176
81 184
81 185
81 188
82 83
82 89
82 90
82 95
82 98
82 99
82 102
82 105
82 106
82 151
82 165
82 183
83 84
83 93
83 118
83 129
83 139
83 148
83 156
83 157
83 189
84 89
84 104
84 113
84 161
84 162
84 165
84 169
84 172
84 182
84 184
84 185
84 192
84 194
85 96
85 110
85 146
85 155
85 171
85 179
85 190
85 191
85 199
86 95
86 100
86 103
86 113
86 115
86 129
86 154
86 187
86 191
87 94
87 114
87 118
87 120
87 131
87 141
87 142
87 148
87 153
87 156
87 163
87 165
88 99
88 109
88 118
88 126
88 141
88 145
88 160
88 161
88 168
88 169
89 90
89 91
89 100
89 107
89 128
89 130
89 139
89 141
89 151
89 162
89 180
89 181
89 194
89 196
89 198
89 199
90 92
90 95
90 96
90 122
90 138
90 154
90 181
90 182
90 183
90 186
90 195
91 93
91 109
91 110
91 121
91 130
91 144
91 161
91 177
91 178
91 193
91 197
92 114
92 117
92 122
92 126
92 146
92 157
92 177
92 185
92 186
92 188
92 192
93 102
93 106
93 108
93 114
93 119
93 130
93 132
93 139
93 147
93 150
93 151
93 160
93 167
93 188
93 192
94 96
94 115
94 122
94 131
94 134
94 147
94 179
94 191
94 192
94 197
95 109
95 114
95 127
95 138
95 140
95 160
95 182
95 199
96 105
96 112
96 123
96 131
96 147
96 158
96 160
96 193
96 196
97 99
97 106
97 107
97 110
97 135
97 137
97 139
97 142
97 144
97 155
97 171
97 178
97 183
97 184
97 188
98 108
98 138
98 141
98 151
98 152
98 155
98 156
98 164
98 165
98 172
98 193
99 100
99 102
99 108
99 118
99 128
99 133
99 140
99 141
99 142
99 145
99 149
99 170
99 178
99 198
99 199
100 136
100 150
100 151
100 156
100 157
100 159
100 171
100 182
100 186
100 187
100 191
101 108
101 117
101 134
101 138
101 139
101 148
101 156
101 164
101 175
101 180
101 195
102 103
102 113
102 122
102 123
102 130
102 131
102 136
102 138
102 144
102 150
102 151
102 153
102 158
102 161
102 168
102 180
102 190
102 191
102 197
103 107
103 108
103 125
103 150
103 171
103 188
103 198
104 106
104 107
104 110
104 130
104 142
104 155
104 158
104 180
104 188
105 124
105 125
105 126
105 127
105 150
105 151
105 178
105 185
105 188
105 191
106 107
106 147
106 150
106 156
106 162
106 164
106 176
106 178
106 184
106 185
106 187
106 199
107 109
107 111
107 121
107 127
107 170
107 193
108 116
108 130
108 137
108 143
108 157
108 158
108 160
108 173
108 175
108 183
108 188
108 192
109 111
109 121
109 123
109 129
109 135
109 159
109 168
109 170
109 172
109 176
110 120
110 158
110 198
110 199
111 114
111 121
111 124
111 143
111 155
111 161
111 167
111 174
111 190
112 119
112 124
112 126
112 130
112 138
112 155
112 160
112 167
112 174
113 130
113 132
113 143
113 158
113 160
114 132
114 150
114 164
114 172
114 175
114 177
114 179
115 118
115 125
115 148
116 118
116 182
116 185
116 187
116 193
117 149
117 153
118 120
118 148
118 155
118 165
119 135
119 143
119 170
119 175
119 199
120 136
120 142
120 144
120 157
120 193
120 199
121 125
121 133
121 155
121 171
121 184
121 193
121 195
121 198
122 126
122 131
122 132
122 137
122 141
122 144
122 155
122 157
122 159
122 161
122 176
122 180
123 161
123 167
123 171
123 173
123 179
123 188
123 199
124 144
124 154
124 158
124 185
124 196
125 138
125 142
125 163
125 176
125 181
125 183
125 196
126 128
126 135
126 154
126 156
126 168
126 175
126 194
126 196
127 128
127 134
127 139
127 144
127 147
127 148
127 153
127 162
127 166
127 177
127 181
127 194
127 197
127 198
128 136
128 145
128 153
128 155
128 157
128 158
128 160
128 169
128 184
128 193
129 131
129 141
129 149
129 158
129 173
129 177
129 186
129 188
129 194
130 134
130 136
130 138
130 139
130 142
130 156
130 174
131 144
131 147
131 153
131 171
131 178
131 187
131 199
132 155
132 159
132 167
132 168
132 198
133 135
133 162
133 164
133 166
133 175
133 178
133 182
133 183
133 186
133 188
134 139
134 141
134 149
134 156
134 158
134 180
134 187
134 188
135 137
135 192
135 196
136 142
136 160
136 168
136 190
136 192
137 139
137 141
137 145
137 153
137 167
137 176
137 182
138 144
138 150
138 155
138 158
138 166
138 178
138 181
138 191
139 145
139 147
139 157
139 181
139 193
139 194
139 197
140 153
140 167
140 173
140 182
140 187
140 193
140 198
141 146
141 163
141 176
141 182
141 188
141 198
142 160
142 164
142 180
142 185
142 196
143 152
143 153
143 161
143 166
144 154
144 160
144 176
144 178
144 181
144 182
144 187
144 197
145 157
145 171
145 174
145 190
145 195
145 196
146 166
146 167
146 184
146 193
146 197
147 161
147 169
147 173
148 158
148 160
148 163
148 165
148 170
148 172
148 188
149 161
149 167
150 173
150 195
151 160
151 161
151 177
151 182
151 184
152 164
152 172
152 178
152 179
152 190
152 192
153 157
153 174
153 177
154 191
154 194
154 196
155 158
155 166
155 178
155 185
155 192
156 163
156 169
156 183
156 184
156 190
156 191
156 194
156 197
156 198
157 177
157 183
157 185
157 191
157 194
158 175
158 193
158 199
159 161
159 166
159 172
159 182
159 183
159 199
160 171
160 186
160 192
161 166
161 174
161 185
161 186
162 168
162 170
162 180
162 197
163 170
163 178
163 195
163 197
164 168
164 176
164 195
164 196
165 176
165 180
166 167
166 169
166 180
166 193
166 197
167 172
167 188
167 190
168 172
168 178
168 193
169 177
169 191
169 193
170 185
170 186
170 188
171 180
171 190
172 175
172 180
172 182
172 187
172 190
172 196
173 193
173 197
174 175
174 180
174 187
175 176
175 179
175 188
175 189
175 191
177 184
177 193
178 179
180 184
180 193
181 188
182 186
183 195
185 188
185 194
187 188
187 193
189 195
192 198
193 197
194 196
196 198
196 199
