0 17
0 18
0 32
0 42
0 56
0 58
0 96
0 109
0 112
0 118
0 131
0 140
0 142
0 147
0 160
0 166
0 167
0 197
1 3
1 11
1 13
1 27
1 49
1 60
1 69
1 75
1 78
1 88
1 99
1 143
1 149
1 153
1 156
1 163
1 176
1 185
1 195
1 197
2 12
2 16
2 22
2 25
2 26
2 57
2 71
2 83
2 89
2 92
2 96
2 108
2 109
2 114
2 119
2 127
2 142
2 171
2 172
2 175
2 184
2 186
2 189
3 27
3 36
3 53
3 80
3 87
3 114
3 118
3 121
3 127
3 136
3 139
3 162
3 173
3 182
3 192
4 14
4 18
4 25
4 33
4 35
4 55
4 66
4 76
4 77
4 83
4 84
4 90
4 100
4 104
4 119
4 122
4 144
4 162
4 164
4 179
4 185
5 8
5 38
5 61
5 66
5 82
5 94
5 95
5 101
5 109
5 114
5 124
5 151
5 155
5 156
5 163
5 175
5 179
5 186
6 18
6 22
6 35
6 43
6 58
6 63
6 80
6 84
6 88
6 99
6 133
6 159
6 166
6 168
6 173
6 176
6 181
6 183
6 197
6 199
7 23
7 42
7 56
7 69
7 80
7 81
7 82
7 98
7 105
7 108
7 110
7 138
7 158
7 166
7 178
7 179
7 186
8 11
8 30
8 35
8 40
8 55
8 60
8 68
8 69
8 79
8 90
8 93
8 126
8 128
8 140
8 148
8 194
9 23
9 47
9 50
9 53
9 55
9 60
9 89
9 91
9 112
9 126
9 128
9 134
9 153
9 158
9 184
9 197
9 199
10 14
10 32
10 33
10 40
10 56
10 61
10 66
10 72
10 74
10 117
10 120
10 122
10 128
10 144
10 149
10 150
10 162
10 176
10 177
10 181
10 184
10 188
10 198
11 15
11 20
11 34
11 50
11 59
11 73
11 84
11 93
11 94
11 96
11 97
11 106
11 114
11 142
11 180
11 182
11 190
12 20
12 36
12 45
12 46
12 71
12 72
12 78
12 89
12 91
12 96
12 97
12 108
12 111
12 120
12 148
12 149
12 150
12 167
12 175
12 176
12 181
12 187
12 199
13 16
13 27
13 58
13 71
13 72
13 85
13 93
13 95
13 98
13 113
13 114
13 132
13 179
13 193
14 15
14 68
14 76
14 79
14 98
14 112
14 114
14 117
14 118
14 126
14 127
14 149
14 150
14 165
14 183
15 27
15 50
15 54
15 59
15 71
15 75
15 80
15 120
15 122
15 128
15 137
15 154
15 168
15 175
15 176
15 180
15 183
15 187
16 46
16 59
16 73
16 75
16 79
16 90
16 92
16 103
16 118
16 134
16 140
16 149
16 159
16 174
16 179
16 188
17 19
17 36
17 54
17 77
17 101
17 105
17 108
17 143
17 148
17 155
17 156
17 172
17 173
17 192
17 193
17 197
18 29
18 34
18 49
18 53
18 57
18 83
18 95
18 99
18 106
18 118
18 120
18 130
18 159
18 160
18 166
18 169
19 43
19 46
19 57
19 58
19 59
19 64
19 110
19 136
19 158
19 177
20 25
20 28
20 39
20 40
20 45
20 54
20 57
20 63
20 82
20 92
20 96
20 99
20 117
20 126
20 137
20 145
20 147
20 153
20 160
20 170
20 171
20 175
20 193
21 31
21 37
21 39
21 41
21 46
21 89
21 113
21 114
21 124
21 133
21 134
21 143
21 152
21 164
21 179
21 198
22 24
22 25
22 39
22 51
22 59
22 75
22 76
22 77
22 80
22 81
22 102
22 113
22 117
22 119
22 120
22 134
22 150
22 155
22 185
22 193
23 35
23 50
23 54
23 72
23 95
23 103
23 109
23 118
23 123
23 125
23 128
23 139
23 142
23 156
23 158
23 172
23 180
23 197
24 28
24 30
24 48
24 57
24 60
24 75
24 81
24 111
24 120
24 159
24 171
24 173
24 175
24 178
24 186
25 29
25 53
25 82
25 83
25 93
25 105
25 119
25 123
25 126
25 133
25 149
25 153
25 158
25 163
25 172
25 183
25 187
25 199
26 37
26 74
26 79
26 83
26 86
26 114
26 119
26 127
26 146
26 150
26 157
26 175
27 35
27 56
27 77
27 79
27 87
27 89
27 99
27 104
27 111
27 118
27 120
27 130
27 132
27 150
27 160
27 179
27 198
27 199
28 39
28 57
28 58
28 63
28 74
28 90
28 92
28 96
28 106
28 115
28 119
28 125
28 132
28 136
28 150
28 151
28 165
28 166
28 169
28 178
29 33
29 34
29 42
29 85
29 89
29 94
29 99
29 100
29 105
29 109
29 110
29 142
29 171
29 177
29 183
30 36
30 59
30 60
30 71
30 72
30 73
30 127
30 135
30 149
30 156
30 163
30 169
30 172
30 175
30 181
30 188
30 190
31 35
31 40
31 62
31 83
31 86
31 101
31 119
31 133
31 138
31 145
31 147
31 156
31 162
31 174
31 197
32 37
32 46
32 47
32 71
32 81
32 84
32 88
32 110
32 124
32 131
32 133
32 143
32 149
32 167
32 168
32 179
32 182
32 195
33 39
33 79
33 90
33 96
33 100
33 107
33 132
33 157
33 179
33 189
33 193
34 36
34 38
34 40
34 53
34 57
34 62
34 80
34 92
34 94
34 98
34 100
34 102
34 105
34 109
34 116
34 118
34 119
34 128
34 132
34 134
34 141
34 151
34 159
34 160
34 168
34 178
34 188
34 190
34 191
35 93
35 129
35 145
35 164
35 185
35 193
35 199
36 42
36 50
36 59
36 78
36 98
36 117
36 118
36 125
36 127
36 140
36 144
36 152
36 158
36 163
36 165
36 168
36 182
37 42
37 48
37 62
37 74
37 79
37 84
37 97
37 102
37 112
37 123
37 130
37 133
37 174
37 188
37 195
38 48
38 52
38 58
38 72
38 88
38 98
38 107
38 111
38 114
38 116
38 138
38 139
38 146
38 150
38 177
38 186
38 189
38 190
38 196
38 199
39 40
39 47
39 51
39 54
39 56
39 67
39 98
39 113
39 116
39 119
39 121
39 141
39 153
39 166
39 167
39 176
39 196
39 197
40 50
40 52
40 55
40 57
40 58
40 79
40 90
40 95
40 104
40 106
40 108
40 129
40 133
40 134
40 146
40 149
40 157
40 168
40 170
40 179
41 43
41 47
41 66
41 86
41 90
41 95
41 96
41 105
41 108
41 117
41 125
41 133
41 136
41 139
41 152
41 158
41 173
41 174
41 195
41 198
42 54
42 62
42 66
42 67
42 87
42 93
42 110
42 115
42 124
42 136
42 137
42 143
42 161
42 182
42 184
43 47
43 52
43 56
43 58
43 62
43 65
43 77
43 88
43 99
43 111
43 116
43 132
43 140
43 144
43 181
43 189
43 190
44 58
44 65
44 77
44 119
44 122
44 137
44 141
44 185
44 188
44 189
44 191
44 196
45 49
45 52
45 59
45 84
45 89
45 91
45 99
45 105
45 115
45 117
45 126
45 127
45 137
45 141
45 153
45 168
45 185
45 186
45 190
45 196
46 50
46 51
46 55
46 63
46 78
46 87
46 92
46 107
46 108
46 122
46 129
46 141
46 145
46 148
46 160
46 162
46 180
46 192
46 198
47 49
47 56
47 57
47 59
47 89
47 90
47 116
47 121
47 142
47 144
47 152
47 165
47 172
47 177
47 184
47 187
47 199
48 63
48 90
48 103
48 107
48 109
48 123
48 127
48 128
48 132
48 156
48 174
48 177
49 65
49 76
49 79
49 111
49 119
49 133
49 164
49 179
49 184
49 195
50 86
50 93
50 109
50 111
50 115
50 143
50 191
51 64
51 71
51 81
51 98
51 102
51 114
51 134
51 148
51 165
51 173
51 186
52 71
52 77
52 82
52 86
52 91
52 103
52 125
52 129
52 132
52 138
52 142
52 144
52 160
52 164
52 165
52 167
52 176
52 192
52 193
53 54
53 83
53 89
53 118
53 140
53 143
53 155
53 156
53 160
53 163
53 166
53 173
53 178
53 182
53 192
54 57
54 58
54 61
54 80
54 81
54 95
54 110
54 120
54 128
54 134
54 162
54 181
54 196
54 199
55 56
55 73
55 75
55 88
55 93
55 98
55 140
55 144
55 145
55 166
55 168
55 173
55 177
55 197
56 65
56 67
56 100
56 105
56 113
56 118
56 120
56 126
56 165
56 173
56 174
56 179
56 186
57 69
57 84
57 99
57 130
57 135
57 153
57 168
58 66
58 68
58 75
58 76
58 90
58 99
58 100
58 114
58 124
58 142
58 144
58 152
58 157
58 163
58 164
58 171
58 174
58 179
59 70
59 72
59 83
59 88
59 96
59 113
59 130
59 140
59 155
59 177
59 183
59 185
59 189
60 69
60 71
60 72
60 75
60 84
60 87
60 97
60 107
60 113
60 116
60 118
60 121
60 122
60 126
60 138
60 142
61 71
61 89
61 110
61 123
61 142
61 153
61 157
61 178
61 182
61 189
61 192
61 195
61 198
62 73
62 79
62 93
62 97
62 100
62 110
62 122
62 128
62 142
62 157
62 159
62 160
62 170
62 182
62 190
62 193
63 70
63 75
63 76
63 79
63 80
63 84
63 105
63 106
63 127
63 139
63 162
63 170
63 183
63 187
64 73
64 113
64 120
64 134
64 140
64 144
64 165
64 175
64 176
64 177
64 179
64 185
64 186
64 188
64 189
64 192
65 95
65 102
65 105
65 112
65 113
65 115
65 118
65 132
65 134
65 139
65 140
65 142
65 156
65 193
66 140
66 145
66 146
66 156
66 157
66 163
66 170
66 171
66 177
66 190
66 199
67 68
67 74
67 75
67 89
67 94
67 117
67 125
67 128
67 129
67 146
67 171
68 103
68 109
68 112
68 124
68 132
68 154
68 172
68 175
68 176
68 190
68 193
69 80
69 98
69 100
69 106
69 115
69 118
69 123
69 148
69 165
69 171
69 174
69 185
69 187
70 77
70 83
70 91
70 107
70 109
70 119
70 125
70 139
70 147
71 87
71 93
71 95
71 97
71 103
71 105
71 111
71 112
71 123
71 132
71 134
71 146
71 149
71 170
71 174
72 81
72 82
72 93
72 94
72 96
72 98
72 104
72 123
72 130
72 138
72 144
72 163
72 164
72 170
72 179
72 189
72 192
73 79
73 89
73 91
73 92
73 103
73 105
73 111
73 116
73 126
73 139
73 147
73 165
73 167
73 169
73 183
73 191
73 196
73 198
74 76
74 81
74 83
74 84
74 88
74 97
74 101
74 105
74 120
74 131
74 141
74 168
74 195
75 84
75 104
75 119
75 123
75 125
75 132
75 138
75 140
75 143
75 147
75 157
75 167
75 175
75 181
75 186
75 187
76 81
76 87
76 93
76 111
76 129
76 139
76 148
76 154
76 162
76 164
76 186
76 187
76 195
77 81
77 82
77 88
77 105
77 108
77 115
77 127
77 137
77 151
77 153
77 168
77 174
77 179
77 189
77 191
77 192
77 195
77 199
78 82
78 86
78 96
78 110
78 113
78 118
78 135
78 148
78 150
78 155
78 158
78 162
78 169
78 171
78 184
79 82
79 97
79 101
79 102
79 108
79 127
79 142
79 151
79 168
79 170
79 197
79 199
80 81
80 83
80 89
80 93
80 96
80 105
80 108
80 115
80 116
80 127
80 131
80 135
80 148
80 163
80 183
80 197
81 86
81 91
81 167
81 189
81 193
82 84
82 90
82 93
82 95
82 96
82 99
82 106
82 108
82 113
82 117
82 140
82 158
82 169
82 173
82 188
82 198
83 93
83 100
83 102
83 106
83 120
83 132
83 133
83 148
83 152
83 158
83 162
83 163
83 167
83 179
83 196
84 89
84 91
84 96
84 103
84 112
84 124
84 135
84 138
84 141
84 143
84 159
84 161
84 164
84 166
84 168
84 172
84 188
84 194
85 90
85 93
85 94
85 95
85 131
85 133
85 138
85 163
85 189
85 192
85 196
86 103
86 128
86 129
86 141
86 163
86 165
86 171
86 179
86 192
86 194
87 94
87 110
87 117
87 125
87 135
87 145
87 164
87 177
87 183
87 185
87 186
87 191
87 199
88 92
88 98
88 153
88 154
88 167
88 182
88 193
89 102
89 107
89 144
89 162
89 170
89 181
89 183
89 195
90 129
90 136
90 153
90 154
90 163
90 168
91 100
91 110
91 114
91 154
91 155
91 159
91 161
91 164
91 166
91 169
91 172
91 173
91 189
92 96
92 97
92 108
92 117
92 121
92 126
92 127
92 128
92 130
92 141
92 146
92 152
92 183
92 190
92 199
93 100
93 112
93 120
93 130
93 157
93 174
93 181
93 185
93 188
94 97
94 99
94 120
94 141
94 162
94 170
94 173
94 184
94 194
95 99
95 104
95 108
95 125
95 131
95 134
95 147
95 168
95 174
95 177
95 189
95 196
96 104
96 121
96 133
96 134
96 155
96 177
96 179
96 181
96 190
97 105
97 106
97 109
97 128
97 138
97 153
97 155
97 158
97 175
97 177
97 181
97 187
98 103
98 130
98 138
98 151
98 157
98 161
98 187
98 188
99 125
99 129
99 133
99 135
99 152
99 154
99 156
99 158
99 167
99 168
99 196
100 102
100 110
100 111
100 127
100 136
100 147
100 149
100 159
100 162
100 172
100 176
100 199
101 103
101 111
101 114
101 149
101 164
101 175
101 195
102 108
102 112
102 116
102 126
102 130
102 131
102 141
102 143
102 147
102 168
102 186
103 121
103 123
103 125
103 156
103 161
103 163
103 172
103 178
103 190
103 193
103 196
104 106
104 113
104 132
104 139
104 162
104 175
104 178
104 187
104 192
105 115
105 120
105 127
105 133
105 171
105 183
105 189
106 108
106 140
106 145
106 171
106 190
106 191
107 115
107 124
107 131
107 135
107 160
107 172
107 186
108 114
108 116
108 126
108 127
108 135
108 137
108 141
108 153
108 157
108 163
108 165
108 173
108 183
108 185
108 187
108 191
108 196
109 113
109 123
109 133
109 134
109 152
109 153
109 155
109 168
109 179
109 194
109 197
109 198
109 199
110 112
110 118
110 123
110 142
110 145
110 149
110 183
110 188
110 191
111 115
111 116
111 130
111 138
111 143
111 144
111 150
111 157
111 181
111 194
111 196
111 197
112 130
112 153
112 165
112 174
113 116
113 127
113 131
113 148
113 172
113 174
113 180
114 119
114 137
114 146
114 148
114 152
114 158
114 167
114 181
114 188
114 189
114 199
115 127
115 144
115 146
115 166
115 168
115 169
115 177
116 123
116 131
116 152
116 170
116 183
116 187
116 188
116 197
117 128
117 132
117 140
117 141
117 148
117 162
117 170
117 171
117 178
117 187
117 188
117 189
117 190
117 199
118 131
118 132
118 137
118 144
118 147
118 151
118 152
118 159
118 162
118 177
119 125
119 132
119 133
119 155
119 159
119 160
119 161
119 180
119 181
119 184
120 123
120 124
120 125
120 126
120 141
120 143
120 157
120 158
120 162
120 188
121 141
121 144
121 149
121 153
121 167
121 172
121 174
121 175
121 176
121 177
121 182
121 188
121 190
121 195
122 136
122 140
122 142
122 155
122 162
122 163
122 186
122 190
123 132
123 134
123 138
123 140
123 144
123 158
123 160
123 162
123 165
123 172
123 177
123 178
123 195
123 198
124 171
124 173
124 181
125 131
125 181
125 191
125 195
125 197
126 161
126 179
126 196
126 198
127 130
127 131
127 147
127 148
127 155
127 164
127 170
127 180
127 196
128 136
128 156
128 162
128 173
128 179
128 193
129 134
129 169
129 173
129 185
129 198
130 131
130 140
130 141
130 150
130 159
130 170
130 190
131 136
131 142
131 145
131 149
131 166
131 173
131 187
131 190
131 194
132 135
132 142
132 151
132 158
132 160
132 165
132 168
132 171
132 181
133 146
133 151
133 171
133 188
133 189
133 193
134 142
134 147
134 148
134 150
134 161
134 181
134 196
135 143
135 147
135 165
135 168
135 180
135 188
135 193
135 199
136 144
136 160
136 169
137 153
137 169
137 184
137 189
138 157
138 164
138 166
138 199
139 157
139 159
139 168
139 171
139 187
139 190
139 196
140 142
140 177
140 182
140 185
140 193
141 143
141 150
141 155
141 176
142 145
142 153
142 156
142 158
142 165
142 174
142 178
143 149
143 178
143 190
143 197
144 155
144 172
144 197
145 164
145 165
145 172
145 180
145 197
146 154
146 163
146 179
146 184
146 191
146 196
147 154
147 156
147 157
147 177
147 191
147 195
147 199
148 158
148 167
148 182
149 151
149 172
149 184
150 154
150 172
150 192
151 161
151 164
151 174
151 193
151 199
152 153
152 158
152 164
152 170
152 177
152 179
152 193
153 161
153 165
153 197
154 165
154 194
155 167
156 159
156 168
156 170
156 178
156 182
156 187
157 164
157 176
157 190
157 196
158 175
158 181
158 186
159 168
159 171
159 188
160 190
160 192
161 162
161 177
161 185
161 198
162 179
162 189
163 186
164 172
164 183
164 188
164 196
165 169
165 176
165 192
166 177
166 185
166 186
166 196
167 186
167 191
168 186
168 193
169 180
169 182
169 185
169 186
169 191
169 195
170 176
170 182
171 180
172 177
172 195
172 197
172 199
173 175
173 176
173 178
173 191
173 194
174 176
174 183
174 190
175 185
175 187
176 178
177 178
177 196
178 188
178 190
178 196
179 186
179 195
180 182
180 188
181 182
181 185
181 190
181 193
181 195
181 199
183 185
185 190
185 192
185 194
186 190
186 191
186 194
186 195
186 197
187 190
187 199
189 194
189 199
192 196
193 194
193 197
193 199
194 198
194 199
