0 3
0 18
0 19
0 27
0 74
0 75
0 84
0 87
0 90
0 100
0 104
0 110
0 113
0 132
0 134
0 146
0 152
0 155
1 9
1 10
1 12
1 43
1 45
1 63
1 76
1 79
1 92
1 108
1 130
1 147
1 156
1 160
1 162
1 163
1 174
1 190
1 194
1 197
2 12
2 32
2 43
2 45
2 51
2 82
2 101
2 126
2 137
2 147
2 152
2 174
2 176
3 7
3 9
3 13
3 21
3 57
3 68
3 70
3 73
3 76
3 96
3 113
3 114
3 116
3 122
3 124
3 127
3 138
3 146
3 163
3 175
3 182
3 189
4 9
4 41
4 48
4 66
4 68
4 82
4 89
4 98
4 115
4 116
4 117
4 144
4 151
4 159
4 167
4 183
4 185
5 7
5 11
5 16
5 23
5 44
5 49
5 55
5 56
5 70
5 80
5 93
5 94
5 107
5 115
5 136
5 145
5 149
5 153
5 156
5 157
5 161
5 177
5 180
5 183
5 192
5 194
6 7
6 13
6 15
6 48
6 68
6 100
6 106
6 116
6 118
6 130
6 131
6 141
6 151
6 152
6 156
6 159
6 165
6 184
6 190
6 193
7 14
7 21
7 28
7 64
7 65
7 85
7 88
7 90
7 120
7 125
7 139
7 142
7 152
7 156
7 163
7 173
7 187
7 190
8 16
8 28
8 43
8 44
8 46
8 50
8 67
8 73
8 80
8 96
8 102
8 107
8 113
8 118
8 120
8 122
8 123
8 136
8 138
8 146
8 150
8 162
8 173
8 174
8 177
8 179
8 184
9 24
9 28
9 36
9 86
9 95
9 111
9 113
9 120
9 136
9 142
9 145
9 146
9 190
10 16
10 32
10 37
10 53
10 67
10 76
10 90
10 108
10 124
10 126
10 139
10 146
10 161
10 168
10 170
10 187
11 13
11 20
11 31
11 37
11 39
11 47
11 64
11 70
11 86
11 90
11 93
11 110
11 113
11 119
11 122
11 128
11 137
11 148
11 149
11 162
11 166
11 193
12 19
12 24
12 25
12 36
12 42
12 65
12 85
12 95
12 99
12 136
12 149
12 172
12 180
12 187
12 197
13 38
13 42
13 49
13 53
13 63
13 73
13 82
13 90
13 105
13 120
13 122
13 131
13 133
13 136
13 170
13 176
13 183
14 24
14 32
14 52
14 65
14 99
14 113
14 117
14 121
14 125
14 129
14 135
14 174
14 184
14 185
15 16
15 20
15 33
15 56
15 61
15 73
15 76
15 85
15 88
15 96
15 109
15 114
15 129
15 141
15 142
15 144
15 156
15 157
15 192
16 31
16 32
16 33
16 35
16 40
16 46
16 50
16 51
16 53
16 55
16 60
16 62
16 82
16 105
16 124
16 128
16 136
16 144
16 157
16 167
16 190
16 194
16 197
16 198
17 33
17 53
17 86
17 91
17 109
17 123
17 143
17 161
17 171
17 177
17 179
18 19
18 20
18 29
18 44
18 48
18 56
18 58
18 59
18 68
18 76
18 77
18 78
18 90
18 94
18 96
18 101
18 114
18 118
18 119
18 124
18 127
18 132
18 136
18 180
19 24
19 60
19 64
19 70
19 86
19 93
19 111
19 114
19 119
19 123
19 125
19 128
19 169
19 187
19 191
20 25
20 28
20 45
20 51
20 54
20 66
20 72
20 73
20 82
20 84
20 96
20 100
20 112
20 143
20 146
20 151
20 153
20 156
20 166
20 170
20 195
20 198
21 22
21 42
21 80
21 93
21 97
21 104
21 107
21 117
21 136
21 146
21 153
21 157
21 158
21 165
21 172
21 196
22 24
22 37
22 46
22 79
22 81
22 109
22 112
22 113
22 119
22 120
22 127
22 131
22 139
22 143
22 144
22 150
22 157
23 44
23 49
23 56
23 67
23 70
23 76
23 90
23 95
23 109
23 126
23 127
23 133
23 137
23 142
23 143
23 164
23 168
23 177
23 197
24 28
24 36
24 59
24 61
24 63
24 65
24 69
24 80
24 81
24 129
24 131
24 138
24 145
24 175
24 177
24 181
24 184
24 186
24 188
24 199
25 32
25 62
25 67
25 68
25 70
25 87
25 98
25 103
25 105
25 110
25 112
25 122
25 128
25 196
25 199
26 37
26 49
26 53
26 64
26 83
26 92
26 93
26 99
26 100
26 109
26 113
26 114
26 122
26 127
26 137
26 141
26 160
26 169
27 46
27 47
27 62
27 70
27 73
27 82
27 86
27 108
27 110
27 116
27 137
27 140
27 142
27 147
27 157
27 185
27 193
27 194
27 195
28 34
28 36
28 44
28 54
28 68
28 72
28 73
28 76
28 97
28 108
28 111
28 115
28 117
28 122
28 127
28 137
28 144
28 145
28 146
28 152
28 176
28 177
29 30
29 52
29 70
29 78
29 79
29 87
29 105
29 107
29 114
29 118
29 126
29 131
29 138
29 147
29 148
29 168
29 169
30 41
30 48
30 75
30 80
30 96
30 99
30 112
30 117
30 119
30 122
30 124
30 136
30 145
30 153
30 170
30 172
30 175
30 183
30 192
31 38
31 57
31 58
31 76
31 102
31 104
31 107
31 121
31 122
31 124
31 134
31 157
31 161
31 168
31 180
31 181
31 186
32 33
32 41
32 63
32 73
32 82
32 88
32 104
32 105
32 124
32 151
32 157
32 170
32 171
32 174
32 189
32 193
33 35
33 50
33 55
33 74
33 81
33 83
33 85
33 86
33 94
33 112
33 133
33 137
33 149
33 160
33 171
33 172
33 178
33 181
34 48
34 60
34 61
34 74
34 79
34 95
34 104
34 107
34 132
34 141
34 166
34 179
34 181
34 185
34 194
34 195
35 42
35 45
35 46
35 53
35 69
35 72
35 78
35 99
35 118
35 131
35 150
35 154
35 162
35 164
35 166
35 177
35 184
36 40
36 46
36 78
36 88
36 107
36 115
36 120
36 125
36 136
36 150
36 163
36 189
37 53
37 55
37 72
37 79
37 92
37 105
37 121
37 149
37 154
37 162
37 169
37 180
37 189
38 55
38 62
38 67
38 71
38 73
38 79
38 92
38 134
38 153
38 159
38 168
39 40
39 53
39 56
39 64
39 71
39 76
39 86
39 90
39 97
39 119
39 121
39 123
39 125
39 134
39 138
39 159
39 175
39 186
39 187
39 195
39 197
40 41
40 43
40 59
40 84
40 89
40 100
40 115
40 116
40 128
40 148
40 158
40 177
40 179
40 183
41 44
41 49
41 51
41 54
41 59
41 65
41 70
41 80
41 81
41 83
41 89
41 99
41 102
41 103
41 119
41 135
41 148
41 156
41 188
41 197
42 47
42 49
42 60
42 61
42 71
42 110
42 121
42 125
42 129
42 130
42 133
42 164
42 175
42 186
42 188
42 192
43 55
43 69
43 72
43 98
43 99
43 123
43 125
43 140
43 165
43 177
44 47
44 49
44 52
44 53
44 56
44 77
44 103
44 118
44 132
44 139
44 156
44 166
44 171
44 190
44 196
45 55
45 60
45 65
45 70
45 75
45 80
45 86
45 101
45 102
45 109
45 188
45 191
46 48
46 57
46 64
46 66
46 75
46 79
46 93
46 97
46 101
46 112
46 127
46 144
46 173
46 179
46 182
46 190
46 199
47 53
47 69
47 70
47 75
47 86
47 88
47 95
47 104
47 127
47 139
47 151
47 168
47 182
47 183
47 185
47 190
47 192
48 63
48 66
48 72
48 78
48 106
48 130
48 143
48 150
48 165
48 179
49 54
49 59
49 63
49 69
49 71
49 92
49 109
49 111
49 112
49 113
49 114
49 123
49 142
49 143
49 155
49 173
49 183
49 188
49 191
50 62
50 64
50 106
50 107
50 124
50 134
50 159
50 181
50 196
51 54
51 55
51 65
51 68
51 85
51 88
51 89
51 90
51 92
51 105
51 109
51 121
51 125
51 128
51 133
51 143
51 150
51 152
51 156
51 160
51 178
51 184
51 188
52 55
52 61
52 65
52 72
52 86
52 87
52 97
52 110
52 125
52 137
52 144
52 150
52 175
52 176
53 59
53 72
53 87
53 98
53 99
53 106
53 109
53 123
53 129
53 132
53 146
53 163
53 182
53 196
53 198
54 75
54 84
54 87
54 91
54 121
54 155
54 157
55 56
55 66
55 74
55 86
55 90
55 91
55 92
55 93
55 109
55 113
55 137
55 189
55 197
56 72
56 97
56 109
56 115
56 128
56 130
56 136
56 141
56 164
56 167
56 174
56 179
56 185
57 58
57 71
57 74
57 88
57 99
57 100
57 101
57 121
57 128
57 181
57 192
58 80
58 107
58 110
58 119
58 124
58 127
58 154
58 163
59 61
59 71
59 78
59 84
59 85
59 89
59 98
59 101
59 102
59 106
59 111
59 131
59 138
59 148
59 157
59 169
59 172
59 191
60 68
60 86
60 99
60 105
60 112
60 113
60 118
60 126
60 130
60 136
60 137
60 151
60 159
60 165
60 168
60 170
60 174
61 86
61 96
61 118
61 119
61 135
61 142
61 147
61 170
61 174
61 192
61 199
62 71
62 77
62 84
62 93
62 98
62 151
62 155
62 159
62 184
63 66
63 70
63 80
63 87
63 93
63 102
63 117
63 119
63 130
63 154
63 160
63 168
63 195
64 68
64 77
64 85
64 88
64 92
64 112
64 121
64 132
64 133
64 136
64 151
64 177
64 182
65 91
65 102
65 103
65 108
65 111
65 131
65 138
65 148
65 157
65 159
65 182
65 191
65 196
66 71
66 81
66 89
66 107
66 108
66 123
66 136
66 137
66 142
66 144
66 173
66 176
66 190
66 198
67 73
67 83
67 88
67 100
67 105
67 112
67 117
67 119
67 123
67 129
67 133
67 134
67 137
67 163
67 170
67 177
67 190
67 193
68 71
68 80
68 84
68 94
68 105
68 120
68 123
68 124
68 130
68 179
68 189
68 196
68 197
69 85
69 101
69 108
69 109
69 124
69 129
69 142
69 147
69 152
69 155
69 164
69 195
70 72
70 75
70 89
70 97
70 106
70 119
70 129
70 152
70 155
70 162
70 171
70 173
70 184
70 191
71 84
71 105
71 110
71 111
71 117
71 119
71 134
71 137
71 148
71 156
71 161
71 179
71 185
71 197
72 76
72 88
72 89
72 92
72 94
72 101
72 123
72 125
72 126
72 127
72 154
72 164
72 165
72 175
72 177
72 178
73 87
73 88
73 95
73 127
73 131
73 146
73 151
73 158
73 168
73 175
73 176
73 190
74 98
74 103
74 108
74 121
74 127
74 131
74 132
74 139
74 140
74 157
74 165
74 173
74 175
74 176
74 190
75 88
75 92
75 111
75 117
75 122
75 130
75 150
75 151
75 166
75 174
76 84
76 96
76 101
76 124
76 125
76 146
76 176
76 180
76 184
76 187
76 188
76 190
76 194
77 82
77 88
77 91
77 94
77 110
77 111
77 120
77 124
77 165
77 181
77 182
77 197
77 198
78 87
78 95
78 102
78 109
78 125
78 152
78 160
78 161
78 163
78 164
78 168
78 176
78 177
78 180
78 191
78 194
78 195
79 82
79 88
79 97
79 112
79 135
79 150
79 166
79 177
79 181
79 184
79 187
79 189
80 82
80 95
80 96
80 104
80 113
80 118
80 135
80 159
80 163
80 169
80 176
80 189
80 193
81 87
81 101
81 102
81 103
81 109
81 118
81 126
81 138
81 143
81 150
81 160
81 188
81 199
82 91
82 92
82 93
82 105
82 116
82 122
82 142
82 144
82 153
82 164
82 167
82 169
82 178
82 185
82 187
82 189
83 89
83 96
83 109
83 120
83 121
83 133
83 141
83 149
83 160
83 181
83 189
84 85
84 88
84 89
84 108
84 109
84 112
84 118
84 139
84 151
84 160
84 167
84 173
84 188
85 95
85 96
85 98
85 113
85 118
85 119
85 134
85 135
85 152
85 195
86 90
86 93
86 101
86 110
86 118
86 120
86 136
86 139
86 148
86 150
86 161
86 182
86 193
87 88
87 92
87 117
87 139
87 146
87 157
87 169
87 198
88 95
88 100
88 103
88 107
88 111
88 115
88 132
88 156
88 160
88 161
88 168
88 179
88 182
88 190
88 195
89 92
89 114
89 141
89 143
89 147
89 151
89 156
89 168
89 177
89 194
90 94
90 97
90 108
90 109
90 117
90 118
90 123
90 143
90 144
90 159
90 162
90 187
90 188
90 197
91 118
91 140
91 153
91 164
91 184
92 103
92 113
92 118
92 120
92 129
92 132
92 139
92 151
92 159
92 179
92 194
93 97
93 103
93 119
93 121
93 128
93 137
93 138
93 140
93 165
93 168
93 173
93 174
93 187
93 197
94 101
94 104
94 105
94 120
94 122
94 134
94 147
94 152
94 170
94 178
95 102
95 105
95 127
95 132
95 149
95 154
95 156
95 160
95 179
95 188
95 189
95 197
96 138
96 140
96 148
96 163
96 173
96 194
97 113
97 117
97 121
97 156
97 157
97 177
97 187
97 190
97 196
98 127
98 129
98 134
98 147
98 150
98 151
98 159
98 161
98 163
98 164
98 170
99 105
99 135
99 154
99 160
99 164
99 171
99 174
99 186
99 192
99 195
99 197
100 101
100 110
100 114
100 131
100 152
100 153
100 154
100 184
100 185
100 189
101 111
101 115
101 127
101 128
101 141
101 153
101 155
101 160
101 164
101 176
101 182
102 107
102 116
102 119
102 143
102 154
102 157
102 178
102 181
103 107
103 118
103 125
103 128
103 129
103 136
103 143
103 158
103 163
103 165
103 175
103 197
104 117
104 119
104 121
104 137
104 155
104 161
104 174
104 175
104 192
105 106
105 109
105 111
105 115
105 116
105 120
105 130
105 133
105 143
105 144
105 150
105 151
105 166
105 173
105 177
105 178
106 112
106 120
106 123
106 131
106 133
106 135
106 160
106 181
106 188
106 194
107 131
107 134
107 141
107 151
107 154
107 171
108 117
108 123
108 128
108 133
108 139
108 164
108 169
108 182
108 184
108 198
109 124
109 133
109 139
109 144
109 156
109 157
109 169
109 170
109 178
109 180
109 196
110 116
110 132
110 133
110 146
110 147
110 150
110 163
110 168
110 176
110 189
110 190
111 112
111 122
111 129
111 131
111 135
111 149
111 156
111 159
111 169
111 175
112 122
112 126
112 130
112 135
112 151
112 166
112 170
112 177
112 185
112 194
112 196
113 121
113 163
113 166
113 173
113 178
113 196
114 120
114 131
114 133
114 139
114 141
114 142
114 154
114 155
114 165
114 174
114 184
115 129
115 134
115 149
115 153
115 156
115 159
115 172
115 188
115 190
115 191
116 125
116 130
116 134
116 157
116 159
116 170
116 181
116 183
116 193
117 123
117 124
117 131
117 135
117 137
117 139
117 145
117 147
117 158
117 160
117 168
117 182
117 184
117 189
117 196
117 199
118 125
118 127
118 130
118 131
118 132
118 134
118 145
118 165
118 182
118 198
119 120
119 133
119 138
119 154
119 166
119 188
119 192
120 124
120 151
120 154
120 158
120 162
120 171
120 191
120 193
121 142
121 143
121 144
121 162
121 163
121 164
121 167
121 171
121 177
121 178
121 179
122 124
122 153
122 160
122 161
122 170
122 171
122 184
122 199
123 125
123 136
123 137
123 138
123 150
123 179
123 186
123 192
123 193
123 198
124 141
124 152
124 176
124 181
124 185
125 133
125 139
125 152
125 156
125 170
125 176
125 187
126 133
126 137
126 148
126 161
126 177
126 191
127 131
127 149
127 162
127 183
127 198
128 134
128 147
128 169
128 181
128 183
128 193
128 199
129 137
129 139
129 143
129 152
129 183
129 194
129 195
130 138
130 142
130 150
130 154
130 181
131 134
131 149
131 171
131 173
131 194
132 141
132 142
132 155
132 172
132 193
132 194
133 135
133 145
133 183
133 186
133 195
134 144
134 152
134 167
134 189
134 194
135 148
135 151
135 155
135 158
135 164
135 167
135 175
135 179
135 186
135 189
136 154
136 156
136 165
136 167
136 169
136 186
136 192
137 147
137 166
137 168
137 179
137 185
137 190
138 140
138 154
138 161
138 182
138 188
138 189
139 142
139 162
139 171
139 172
139 176
140 168
140 192
140 197
140 199
141 158
141 193
141 195
142 166
142 168
142 170
142 184
143 146
143 149
143 178
143 188
143 189
143 199
144 153
144 157
144 162
144 188
144 189
144 197
145 156
145 190
145 195
146 155
146 168
146 171
146 176
146 182
146 188
146 189
146 198
147 179
147 184
147 193
147 196
148 163
148 175
148 183
148 196
149 153
149 162
149 164
149 174
149 187
150 176
150 179
150 180
150 195
150 198
151 177
151 186
151 197
152 157
152 167
152 171
152 197
152 198
153 156
153 168
153 169
153 174
153 199
154 162
154 165
154 170
154 173
154 180
154 182
154 187
154 188
154 190
155 175
155 179
155 180
155 182
155 184
155 188
155 196
156 168
156 169
156 171
156 177
156 191
156 197
157 161
157 194
157 199
158 164
158 166
158 184
158 185
158 195
159 161
159 176
159 188
159 198
160 168
160 170
160 185
160 192
160 195
160 198
161 172
161 176
161 177
161 179
161 181
161 189
162 183
162 192
163 168
163 175
163 176
163 182
163 197
163 198
164 170
164 188
164 189
164 199
165 190
165 198
166 184
166 197
167 170
167 195
169 175
169 182
169 184
169 186
169 190
169 196
171 172
171 174
171 196
171 198
172 182
172 183
172 185
173 180
173 188
173 193
174 175
174 196
176 178
176 186
176 188
176 194
178 195
180 185
180 197
181 195
181 198
182 184
182 185
182 193
183 195
183 196
184 197
185 191
185 199
186 192
186 198
187 189
187 192
188 190
188 198
189 197
192 193
192 197
196 198
