0 18
0 29
0 35
0 54
0 58
0 67
0 76
0 95
0 100
0 119
0 127
0 138
0 147
0 178
0 194
1 4
1 10
1 13
1 36
1 45
1 49
1 66
1 76
1 79
1 85
1 90
1 94
1 132
1 139
1 150
1 156
1 176
1 183
1 184
1 185
2 8
2 12
2 37
2 56
2 63
2 64
2 77
2 80
2 83
2 93
2 96
2 108
2 109
2 112
2 121
2 127
2 140
2 143
2 153
2 155
2 164
2 167
2 176
2 188
2 190
2 194
2 197
2 198
2 199
3 9
3 13
3 14
3 21
3 23
3 30
3 57
3 68
3 74
3 75
3 89
3 95
3 96
3 100
3 122
3 125
3 126
3 136
3 144
3 145
3 167
3 175
3 194
3 195
3 197
4 5
4 43
4 49
4 59
4 71
4 97
4 121
4 122
4 125
4 138
4 146
4 149
4 153
4 159
4 161
4 172
4 175
4 183
5 8
5 13
5 27
5 47
5 67
5 68
5 70
5 96
5 100
5 101
5 120
5 123
5 125
5 163
5 166
5 167
5 168
5 171
6 12
6 14
6 37
6 41
6 50
6 53
6 99
6 133
6 146
6 155
6 165
6 172
6 176
6 178
6 187
6 190
7 13
7 15
7 17
7 25
7 27
7 53
7 75
7 81
7 87
7 90
7 101
7 102
7 115
7 116
7 152
7 173
7 174
7 181
7 193
8 51
8 62
8 82
8 85
8 86
8 87
8 89
8 96
8 129
8 130
8 139
8 146
8 159
8 165
8 195
9 12
9 42
9 49
9 53
9 103
9 123
9 159
9 198
10 25
10 37
10 40
10 67
10 69
10 87
10 88
10 90
10 131
10 180
11 18
11 36
11 53
11 68
11 70
11 85
11 93
11 105
11 125
11 142
11 148
11 156
11 172
11 176
11 183
11 195
11 199
12 18
12 19
12 22
12 26
12 40
12 46
12 48
12 59
12 69
12 89
12 121
12 159
12 177
12 194
12 198
13 43
13 52
13 63
13 64
13 69
13 91
13 116
13 145
13 151
13 155
13 165
13 192
14 15
14 20
14 23
14 26
14 40
14 45
14 97
14 101
14 118
14 132
14 142
14 163
14 174
14 197
14 198
14 199
15 18
15 34
15 36
15 65
15 71
15 74
15 84
15 90
15 91
15 108
15 109
15 110
15 114
15 115
15 121
15 124
15 127
15 134
15 141
15 154
15 161
15 164
15 186
15 187
15 191
16 17
16 25
16 28
16 29
16 48
16 54
16 73
16 90
16 91
16 122
16 126
16 136
16 152
16 156
16 161
16 174
16 177
16 196
16 198
17 20
17 29
17 33
17 38
17 54
17 77
17 84
17 97
17 103
17 109
17 113
17 126
17 130
17 136
17 156
17 163
17 166
17 172
17 175
17 176
17 181
17 191
17 192
18 21
18 43
18 47
18 63
18 94
18 101
18 102
18 103
18 107
18 123
18 126
18 127
18 139
18 181
19 24
19 31
19 36
19 45
19 60
19 87
19 103
19 106
19 113
19 114
19 116
19 125
19 143
19 156
19 161
19 172
19 174
19 180
19 183
19 186
20 32
20 42
20 54
20 56
20 62
20 82
20 118
20 136
20 149
20 150
20 164
20 166
20 170
20 171
21 25
21 34
21 49
21 52
21 67
21 72
21 88
21 89
21 101
21 105
21 109
21 121
21 125
21 127
21 138
21 163
21 166
21 172
21 195
22 26
22 32
22 42
22 44
22 59
22 63
22 80
22 86
22 104
22 110
22 113
22 115
22 118
22 121
22 156
22 166
22 171
22 175
22 181
22 188
23 34
23 50
23 51
23 57
23 76
23 79
23 87
23 95
23 117
23 118
23 131
23 138
23 139
23 155
23 161
23 171
23 173
23 190
24 37
24 50
24 59
24 60
24 64
24 74
24 78
24 81
24 98
24 104
24 114
24 138
24 145
24 190
25 34
25 39
25 47
25 49
25 58
25 67
25 74
25 77
25 79
25 81
25 85
25 99
25 104
25 131
25 134
25 137
25 151
25 168
25 185
25 187
25 197
26 31
26 39
26 41
26 52
26 56
26 60
26 67
26 74
26 111
26 136
26 139
26 144
26 159
26 165
26 167
26 177
27 43
27 53
27 58
27 59
27 77
27 117
27 123
27 127
27 135
27 142
27 160
27 165
27 183
27 187
28 64
28 90
28 109
28 115
28 124
28 146
28 150
28 165
28 168
28 171
28 177
28 181
28 187
28 193
28 198
29 42
29 44
29 63
29 77
29 99
29 109
29 112
29 120
29 123
29 137
29 141
29 146
29 149
29 151
29 156
29 157
29 161
29 162
29 179
30 40
30 52
30 54
30 58
30 62
30 68
30 71
30 80
30 88
30 89
30 100
30 111
30 114
30 125
30 146
30 154
30 166
30 184
30 195
31 36
31 37
31 39
31 42
31 45
31 61
31 81
31 88
31 96
31 97
31 101
31 105
31 107
31 114
31 117
31 126
31 133
31 137
31 148
31 156
31 172
31 174
32 39
32 44
32 46
32 53
32 57
32 61
32 75
32 77
32 81
32 85
32 95
32 100
32 130
32 150
32 151
32 157
32 158
32 160
32 167
32 172
32 179
32 198
33 36
33 38
33 54
33 70
33 102
33 114
33 133
33 136
33 144
33 148
33 149
33 164
33 173
33 193
34 50
34 117
34 128
34 132
34 148
34 149
34 161
34 162
34 184
35 43
35 60
35 85
35 96
35 104
35 115
35 124
35 125
35 137
35 138
35 139
35 140
35 146
35 154
35 179
35 187
36 61
36 75
36 103
36 154
36 157
36 164
36 168
36 173
36 176
36 177
36 181
37 39
37 63
37 69
37 75
37 92
37 95
37 123
37 130
37 136
37 146
37 147
37 165
37 168
37 180
37 186
38 56
38 98
38 124
38 130
38 138
38 143
38 160
38 162
38 168
38 169
38 170
38 178
38 189
38 197
39 45
39 52
39 55
39 65
39 72
39 84
39 97
39 104
39 131
39 140
39 144
39 146
39 160
39 166
39 167
39 168
39 177
39 197
40 46
40 54
40 63
40 64
40 65
40 100
40 103
40 107
40 119
40 136
40 137
40 166
40 186
40 188
40 193
41 48
41 56
41 62
41 69
41 70
41 72
41 75
41 86
41 93
41 103
41 105
41 119
41 141
41 146
41 155
41 169
41 175
41 183
41 197
42 56
42 59
42 68
42 82
42 92
42 96
42 106
42 114
42 122
42 123
42 129
42 130
42 132
42 175
42 176
42 178
42 188
42 194
43 48
43 55
43 69
43 84
43 86
43 88
43 94
43 101
43 108
43 120
43 151
43 168
43 178
43 189
43 197
44 45
44 68
44 77
44 95
44 105
44 106
44 115
44 125
44 135
44 143
44 153
44 165
44 170
44 179
44 182
44 196
45 59
45 68
45 81
45 95
45 98
45 102
45 117
45 127
45 129
45 141
45 157
45 169
45 194
45 196
46 63
46 67
46 78
46 91
46 113
46 125
46 127
46 142
46 152
46 169
46 186
46 194
46 199
47 63
47 69
47 83
47 84
47 92
47 97
47 102
47 115
47 128
47 131
47 137
47 157
47 164
47 167
47 176
48 63
48 68
48 77
48 99
48 102
48 115
48 118
48 152
48 153
48 157
48 168
48 171
48 192
49 50
49 51
49 61
49 64
49 78
49 104
49 106
49 107
49 118
49 121
49 122
49 136
49 157
49 161
49 184
49 190
50 57
50 59
50 63
50 64
50 73
50 91
50 110
50 113
50 122
50 177
50 181
50 197
51 58
51 69
51 71
51 88
51 94
51 113
51 123
51 130
51 139
51 162
51 166
51 187
51 193
52 72
52 73
52 90
52 97
52 102
52 114
52 115
52 131
52 164
52 181
53 60
53 65
53 95
53 97
53 101
53 115
53 116
53 152
53 162
53 179
53 181
53 183
53 185
54 66
54 68
54 75
54 88
54 92
54 97
54 102
54 118
54 128
54 139
54 173
54 178
54 186
54 187
55 56
55 61
55 71
55 74
55 77
55 95
55 101
55 111
55 112
55 130
55 160
55 165
55 177
55 183
55 188
56 57
56 77
56 81
56 90
56 95
56 121
56 130
56 139
56 145
56 147
56 148
56 153
56 188
56 194
56 196
57 63
57 77
57 82
57 112
57 120
57 124
57 127
57 132
57 133
57 146
57 149
57 193
58 61
58 86
58 114
58 120
58 136
58 158
58 172
58 184
58 193
59 75
59 98
59 112
59 124
59 127
59 138
59 145
59 146
59 153
59 165
59 170
59 177
59 179
59 180
59 194
60 82
60 95
60 119
60 120
60 125
60 130
60 134
60 144
60 147
60 153
60 155
60 172
60 176
60 182
60 185
60 189
61 89
61 90
61 102
61 114
61 130
61 132
61 151
61 154
61 159
61 164
61 175
61 184
61 189
61 192
62 64
62 89
62 98
62 99
62 104
62 106
62 108
62 124
62 126
62 154
62 160
62 162
62 167
62 173
62 179
62 185
63 82
63 90
63 99
63 118
63 120
63 125
63 135
63 142
63 160
63 170
63 181
63 185
63 187
63 189
63 193
64 68
64 90
64 92
64 115
64 123
64 126
64 129
64 168
64 181
65 66
65 75
65 76
65 85
65 97
65 121
65 138
65 171
66 73
66 86
66 103
66 108
66 109
66 111
66 117
66 126
66 143
66 158
66 160
66 168
66 174
66 177
66 191
66 193
67 78
67 83
67 87
67 96
67 102
67 106
67 117
67 129
67 145
67 151
67 164
67 168
68 70
68 82
68 86
68 92
68 96
68 102
68 107
68 123
68 126
68 140
68 144
68 156
68 167
68 171
69 71
69 88
69 93
69 98
69 106
69 108
69 124
69 134
69 135
69 137
69 145
69 157
69 184
69 193
70 73
70 83
70 126
70 139
70 141
70 170
70 176
70 191
71 74
71 86
71 101
71 112
71 124
71 125
71 126
71 162
71 170
71 175
71 186
72 81
72 82
72 85
72 88
72 108
72 111
72 123
72 138
72 160
72 161
72 172
72 186
72 190
72 192
72 198
73 108
73 116
73 118
73 134
73 135
73 140
73 159
73 162
73 164
73 169
73 183
73 197
74 78
74 94
74 101
74 105
74 106
74 112
74 140
74 141
74 148
74 150
74 153
74 155
74 164
74 166
74 172
74 174
74 181
74 193
74 194
74 198
75 76
75 79
75 91
75 145
75 164
75 168
75 169
76 87
76 98
76 119
76 126
76 133
76 147
76 156
76 163
76 167
76 173
76 180
76 181
76 194
77 121
77 134
77 137
77 163
77 172
77 174
77 175
78 80
78 84
78 85
78 90
78 99
78 107
78 125
78 126
78 127
78 137
78 139
78 155
78 156
78 167
78 181
78 182
78 193
79 84
79 107
79 129
79 142
79 148
79 153
79 178
79 195
79 198
80 102
80 116
80 126
80 145
80 148
80 155
80 158
80 167
80 185
80 188
80 198
81 86
81 94
81 98
81 108
81 113
81 139
81 159
81 172
81 174
81 182
81 190
81 197
82 93
82 98
82 109
82 120
82 145
82 166
82 174
82 195
82 198
83 98
83 100
83 104
83 114
83 131
83 135
83 138
83 157
83 163
83 166
83 176
83 180
83 195
83 196
84 85
84 89
84 92
84 103
84 115
84 123
84 129
84 167
84 170
84 173
84 178
84 184
85 118
85 124
85 146
85 148
85 160
85 174
85 192
85 193
85 194
85 195
86 89
86 95
86 98
86 109
86 116
86 129
86 132
86 181
86 185
87 88
87 105
87 116
87 120
87 125
87 130
87 132
87 138
87 140
87 151
87 160
87 195
88 99
88 111
88 114
88 125
88 128
88 129
88 136
88 138
88 148
88 154
88 194
89 95
89 97
89 109
89 128
89 144
89 145
89 149
89 151
89 174
89 175
89 179
90 93
90 114
90 119
90 134
90 135
90 146
90 147
90 168
90 176
91 99
91 102
91 104
91 107
91 123
91 134
91 141
91 146
91 149
91 158
91 160
91 187
91 196
92 95
92 104
92 113
92 125
92 138
92 170
92 193
92 194
93 96
93 97
93 122
93 127
93 141
93 144
93 148
93 170
93 195
94 105
94 108
94 119
94 132
94 154
94 164
94 167
94 197
94 199
95 96
95 102
95 125
95 126
95 148
95 156
95 158
95 184
96 97
96 106
96 113
96 118
96 124
96 139
96 146
96 149
96 152
96 154
96 163
96 175
96 183
96 187
96 189
96 195
97 101
97 108
97 120
97 121
97 132
97 146
97 163
97 165
97 168
97 171
97 192
97 193
97 196
98 116
98 122
98 146
98 149
98 168
98 172
98 189
98 198
99 102
99 163
99 177
100 104
100 125
100 137
100 142
100 145
100 155
100 158
100 168
100 169
101 106
101 120
101 122
101 131
101 134
101 159
101 172
101 192
101 194
101 195
102 130
102 144
102 153
102 158
102 159
102 173
102 186
102 194
103 124
103 134
103 157
103 165
103 182
103 193
103 194
103 196
103 197
104 106
104 131
104 132
104 133
104 139
104 160
104 195
104 198
105 111
105 114
105 131
105 137
105 168
105 192
106 119
106 148
106 199
107 108
107 118
107 122
107 135
107 144
107 150
107 153
107 154
107 182
107 198
107 199
108 109
108 119
108 138
108 163
108 169
108 176
108 182
109 111
109 135
109 156
109 169
109 174
109 177
109 187
109 189
109 198
110 117
110 131
110 134
110 137
110 146
110 155
110 177
110 183
110 194
111 112
111 127
111 132
111 144
111 160
111 175
111 194
112 124
112 128
112 129
112 138
112 141
112 143
112 160
112 171
112 178
113 115
113 126
113 132
113 139
113 158
114 117
114 140
114 141
114 150
114 163
114 166
114 167
114 175
114 189
115 118
115 126
115 130
115 136
115 142
115 145
115 161
115 177
115 186
115 188
115 190
115 193
116 124
116 154
116 157
116 179
116 193
116 199
117 122
117 150
117 152
117 155
117 166
117 174
117 180
118 119
118 138
118 155
118 159
118 180
118 185
118 190
119 122
119 124
119 172
120 125
120 126
120 139
120 147
120 150
120 163
120 182
120 185
120 187
120 192
120 193
120 194
120 197
121 135
121 139
121 145
121 156
121 166
121 174
121 176
121 183
121 194
122 131
122 141
122 142
122 148
122 149
122 156
122 183
123 138
123 158
123 159
123 172
123 180
123 182
123 194
123 197
124 127
124 128
124 142
124 160
124 166
124 188
124 192
125 134
125 137
125 150
125 165
125 167
126 128
126 134
126 142
126 151
126 155
126 158
126 175
126 179
126 183
126 184
126 189
126 197
127 171
127 175
127 185
127 189
127 196
128 146
128 172
128 176
129 140
129 159
129 175
129 176
129 180
129 191
130 144
130 145
130 160
130 165
130 171
130 173
130 194
131 136
131 139
131 142
131 159
131 161
131 171
131 177
131 182
131 187
132 133
132 135
132 142
132 154
132 155
132 185
132 188
132 198
133 148
133 149
133 153
133 155
133 177
133 191
133 193
134 157
134 159
134 162
134 170
135 139
135 149
135 154
135 163
135 171
135 189
135 192
136 153
136 156
136 162
136 171
136 180
136 190
137 139
137 148
137 153
137 160
137 178
137 183
137 188
138 139
138 145
138 148
138 155
138 164
138 171
138 183
138 191
139 155
139 180
139 183
139 184
139 185
139 192
140 145
140 151
140 161
140 170
140 176
140 181
140 190
140 194
141 147
141 150
141 165
142 151
142 152
142 164
142 182
142 194
143 152
143 153
143 156
143 177
143 178
143 189
143 197
144 146
144 151
144 155
144 158
144 189
145 147
145 154
145 155
145 156
145 161
145 166
145 195
146 160
146 163
146 182
146 184
147 154
147 169
147 172
147 181
147 185
148 149
148 153
148 158
148 172
148 186
148 199
149 158
149 161
149 174
149 197
149 198
150 161
150 199
151 174
152 158
152 163
152 181
152 182
152 184
152 186
153 161
153 172
153 174
153 187
153 190
153 191
153 195
153 198
154 173
154 174
154 180
154 193
155 156
155 162
155 174
155 186
155 190
155 192
155 197
156 166
156 167
156 175
157 160
157 162
157 178
157 198
158 161
158 164
158 170
158 191
158 194
158 197
158 199
159 165
159 177
159 193
160 187
160 194
161 162
161 171
161 185
161 190
161 192
161 196
161 198
162 170
162 174
162 197
162 199
163 178
163 180
163 197
164 190
165 184
165 188
165 197
166 190
166 195
167 168
167 191
168 173
168 176
168 182
168 191
168 192
168 197
169 184
169 191
169 194
171 190
171 193
172 175
172 178
172 182
172 183
172 186
172 192
173 184
174 182
174 194
174 198
175 179
175 180
176 182
177 188
178 186
178 193
179 181
179 197
180 190
180 199
181 183
181 188
181 199
182 189
182 195
183 193
183 198
184 190
185 189
187 189
187 194
187 197
188 189
188 192
189 195
191 198
192 196
193 197
195 196
