0 18
0 19
0 22
0 26
0 34
0 45
0 58
0 62
0 74
0 87
0 102
0 104
0 118
0 121
0 123
0 127
0 128
0 130
0 132
0 135
0 143
0 145
0 149
0 154
0 162
0 164
0 170
0 181
0 183
0 186
0 188
0 190
1 6
1 12
1 13
1 20
1 21
1 26
1 38
1 40
1 45
1 46
1 57
1 69
1 71
1 80
1 85
1 86
1 88
1 89
1 102
1 111
1 117
1 118
1 129
1 134
1 137
1 138
1 149
1 166
1 169
1 188
2 5
2 6
2 8
2 15
2 22
2 31
2 35
2 44
2 46
2 47
2 57
2 60
2 63
2 67
2 68
2 75
2 79
2 91
2 92
2 103
2 106
2 107
2 109
2 130
2 134
2 138
2 144
2 148
2 151
2 152
2 157
2 162
2 164
2 168
2 179
2 180
2 182
2 185
2 195
2 196
2 199
3 5
3 8
3 22
3 35
3 48
3 56
3 75
3 77
3 88
3 91
3 94
3 98
3 101
3 142
3 151
3 160
3 172
3 174
3 187
3 192
4 7
4 27
4 28
4 37
4 53
4 56
4 70
4 73
4 87
4 88
4 94
4 127
4 148
4 151
4 172
4 178
4 181
4 190
5 11
5 21
5 22
5 30
5 32
5 36
5 47
5 48
5 55
5 57
5 61
5 67
5 76
5 82
5 88
5 96
5 97
5 115
5 121
5 131
5 137
5 173
5 187
6 22
6 24
6 41
6 55
6 61
6 63
6 71
6 73
6 76
6 84
6 91
6 94
6 101
6 105
6 106
6 111
6 119
6 136
6 148
6 159
6 163
6 165
6 171
6 183
6 184
6 193
6 195
6 197
7 8
7 14
7 19
7 22
7 25
7 30
7 33
7 36
7 38
7 42
7 44
7 46
7 50
7 57
7 64
7 65
7 67
7 73
7 90
7 98
7 106
7 113
7 129
7 136
7 143
7 150
7 151
7 155
7 169
7 172
7 178
8 14
8 20
8 21
8 27
8 29
8 34
8 36
8 39
8 42
8 43
8 58
8 68
8 73
8 80
8 83
8 98
8 106
8 107
8 109
8 116
8 117
8 124
8 139
8 142
8 143
8 146
8 148
8 174
8 179
8 181
9 24
9 28
9 61
9 75
9 85
9 87
9 89
9 90
9 93
9 99
9 102
9 125
9 128
9 132
9 133
9 148
9 152
9 155
9 164
9 167
9 178
9 183
9 190
9 197
10 23
10 27
10 31
10 33
10 34
10 55
10 58
10 64
10 80
10 85
10 100
10 108
10 110
10 127
10 142
10 144
10 145
10 146
10 149
10 154
10 157
10 159
10 162
10 179
10 182
10 193
11 16
11 17
11 20
11 22
11 27
11 31
11 49
11 69
11 72
11 79
11 88
11 94
11 97
11 100
11 111
11 113
11 115
11 128
11 133
11 146
11 148
11 153
11 160
11 162
11 163
11 168
11 169
11 183
11 187
12 36
12 40
12 42
12 51
12 58
12 59
12 62
12 64
12 66
12 72
12 73
12 76
12 78
12 95
12 102
12 107
12 110
12 115
12 119
12 124
12 126
12 128
12 132
12 133
12 147
12 155
12 157
12 171
12 176
12 180
12 181
12 194
12 196
13 30
13 34
13 46
13 49
13 50
13 52
13 56
13 58
13 60
13 76
13 82
13 84
13 93
13 94
13 95
13 96
13 111
13 113
13 122
13 131
13 134
13 141
13 159
13 175
13 178
13 181
13 184
13 185
13 187
13 192
13 197
13 199
14 16
14 18
14 21
14 29
14 31
14 51
14 59
14 65
14 66
14 67
14 75
14 79
14 81
14 85
14 88
14 92
14 97
14 112
14 117
14 122
14 131
14 144
14 148
14 154
14 155
14 162
14 169
14 172
14 180
14 183
14 193
14 195
14 197
15 35
15 48
15 50
15 54
15 61
15 81
15 94
15 97
15 100
15 104
15 121
15 122
15 126
15 149
15 153
15 159
15 166
15 175
15 179
15 183
15 188
15 191
16 27
16 31
16 33
16 40
16 47
16 60
16 76
16 79
16 95
16 99
16 106
16 111
16 120
16 124
16 128
16 131
16 133
16 141
16 146
16 150
16 157
16 166
16 188
16 193
17 21
17 26
17 57
17 59
17 60
17 63
17 68
17 84
17 95
17 98
17 103
17 104
17 124
17 153
17 154
17 165
17 167
17 172
17 177
17 178
17 186
17 187
17 188
18 26
18 41
18 46
18 51
18 68
18 69
18 72
18 75
18 81
18 101
18 104
18 107
18 108
18 113
18 126
18 128
18 137
18 154
18 155
18 156
18 157
18 161
18 164
18 170
18 171
18 179
18 188
18 196
19 30
19 41
19 43
19 45
19 48
19 49
19 51
19 56
19 62
19 73
19 76
19 88
19 90
19 102
19 104
19 114
19 116
19 117
19 118
19 120
19 121
19 130
19 137
19 141
19 149
19 157
19 165
19 166
19 175
19 181
19 184
20 26
20 33
20 39
20 44
20 45
20 49
20 57
20 74
20 76
20 78
20 87
20 93
20 94
20 98
20 102
20 103
20 128
20 129
20 133
20 136
20 137
20 139
20 156
20 157
20 177
20 182
20 188
20 189
20 191
20 192
20 194
20 197
20 199
21 25
21 27
21 30
21 37
21 40
21 45
21 54
21 58
21 79
21 85
21 88
21 92
21 101
21 102
21 106
21 112
21 123
21 128
21 129
21 139
21 142
21 153
21 154
21 184
21 188
21 191
22 31
22 37
22 45
22 50
22 52
22 67
22 74
22 77
22 80
22 87
22 90
22 105
22 107
22 124
22 125
22 129
22 133
22 141
22 143
22 144
22 145
22 146
22 156
22 165
22 171
22 176
22 181
22 183
22 192
23 26
23 28
23 30
23 34
23 45
23 47
23 48
23 50
23 55
23 67
23 90
23 94
23 100
23 101
23 105
23 106
23 127
23 138
23 144
23 148
23 157
23 162
23 163
23 166
23 169
23 171
23 172
23 176
23 177
23 189
23 192
23 196
24 25
24 31
24 35
24 37
24 45
24 64
24 87
24 94
24 110
24 112
24 117
24 130
24 138
24 151
24 176
24 178
24 180
24 184
24 194
25 37
25 52
25 63
25 69
25 72
25 73
25 90
25 92
25 108
25 115
25 121
25 132
25 140
25 146
25 147
25 149
25 155
25 170
25 185
25 187
26 29
26 30
26 33
26 36
26 42
26 43
26 44
26 48
26 59
26 69
26 70
26 85
26 100
26 109
26 111
26 116
26 120
26 133
26 151
26 158
26 162
26 165
26 172
26 190
26 192
27 29
27 31
27 38
27 61
27 62
27 65
27 68
27 77
27 82
27 84
27 87
27 97
27 101
27 108
27 115
27 141
27 152
27 157
27 159
27 166
27 185
27 186
27 188
27 189
28 34
28 70
28 71
28 79
28 80
28 108
28 109
28 129
28 131
28 134
28 137
28 140
28 149
28 155
28 162
28 172
28 178
28 186
28 188
28 198
29 35
29 37
29 41
29 72
29 82
29 92
29 108
29 110
29 115
29 120
29 142
29 147
29 155
29 156
29 157
29 158
29 168
29 188
29 189
29 190
29 192
29 199
30 52
30 57
30 69
30 87
30 93
30 98
30 104
30 110
30 111
30 115
30 121
30 125
30 128
30 137
30 138
30 143
30 160
30 174
30 179
30 182
30 183
30 185
30 188
30 190
30 192
30 194
31 43
31 48
31 53
31 60
31 68
31 70
31 72
31 75
31 82
31 83
31 84
31 89
31 109
31 112
31 120
31 123
31 125
31 136
31 139
31 146
31 149
31 153
31 162
31 163
31 168
31 171
31 181
31 184
31 197
32 38
32 46
32 49
32 51
32 73
32 77
32 95
32 105
32 109
32 113
32 117
32 122
32 143
32 146
32 172
32 177
32 187
33 44
33 50
33 57
33 59
33 68
33 69
33 71
33 100
33 113
33 140
33 143
33 149
33 151
33 158
33 161
33 165
33 167
33 173
33 177
33 178
33 179
33 190
34 53
34 72
34 74
34 77
34 92
34 93
34 112
34 115
34 118
34 123
34 130
34 136
34 139
34 140
34 145
34 149
34 167
34 172
34 173
34 175
34 178
34 184
34 185
34 193
34 194
35 37
35 38
35 57
35 67
35 95
35 106
35 119
35 128
35 129
35 130
35 144
35 157
35 163
35 164
35 166
35 176
35 179
35 180
35 185
35 186
35 190
35 194
36 55
36 61
36 64
36 65
36 69
36 71
36 76
36 84
36 90
36 97
36 99
36 110
36 115
36 119
36 121
36 128
36 135
36 141
36 150
36 151
36 170
36 173
36 174
36 176
36 178
36 185
36 186
36 195
36 196
37 40
37 41
37 48
37 64
37 78
37 98
37 126
37 151
37 155
37 157
37 168
37 186
37 187
37 190
38 39
38 41
38 47
38 60
38 82
38 100
38 115
38 123
38 132
38 134
38 144
38 146
38 152
38 154
38 164
38 168
38 176
38 187
39 40
39 48
39 50
39 54
39 59
39 61
39 62
39 75
39 77
39 79
39 99
39 111
39 128
39 131
39 140
39 145
39 151
39 154
39 159
39 173
39 195
39 196
39 197
39 199
40 43
40 49
40 54
40 56
40 57
40 61
40 62
40 73
40 89
40 92
40 93
40 94
40 96
40 99
40 103
40 124
40 128
40 130
40 140
40 143
40 144
40 146
40 152
40 159
40 161
40 162
40 166
40 173
40 174
40 176
40 179
40 188
40 192
40 197
41 42
41 49
41 50
41 52
41 54
41 62
41 64
41 70
41 73
41 79
41 83
41 96
41 98
41 108
41 117
41 124
41 128
41 133
41 138
41 141
41 142
41 143
41 144
41 151
41 156
41 159
41 161
41 163
41 171
41 176
41 194
41 198
42 44
42 46
42 50
42 52
42 59
42 65
42 72
42 88
42 92
42 96
42 114
42 116
42 119
42 123
42 150
42 151
42 152
42 158
42 159
42 162
42 168
42 176
42 177
42 188
42 189
42 198
43 63
43 65
43 68
43 69
43 73
43 97
43 100
43 108
43 109
43 118
43 119
43 127
43 131
43 137
43 143
43 148
43 164
43 166
43 180
43 181
43 183
44 51
44 82
44 105
44 106
44 110
44 118
44 119
44 124
44 138
44 144
44 145
44 149
44 158
44 160
44 168
44 169
44 171
44 173
44 184
44 190
44 192
45 58
45 64
45 69
45 73
45 76
45 77
45 83
45 97
45 99
45 101
45 115
45 117
45 137
45 140
45 149
45 150
45 155
45 172
45 196
46 51
46 75
46 89
46 92
46 107
46 116
46 118
46 119
46 127
46 136
46 141
46 150
46 169
46 170
47 49
47 50
47 55
47 63
47 73
47 74
47 79
47 82
47 87
47 90
47 91
47 103
47 116
47 124
47 125
47 128
47 141
47 146
47 153
47 155
47 165
47 181
47 185
47 187
48 70
48 73
48 74
48 78
48 81
48 84
48 94
48 96
48 109
48 124
48 125
48 126
48 131
48 135
48 141
48 163
48 164
48 174
48 177
48 196
49 57
49 59
49 63
49 69
49 71
49 88
49 91
49 92
49 94
49 95
49 102
49 106
49 111
49 116
49 120
49 124
49 128
49 134
49 140
49 146
49 147
49 154
49 155
49 157
49 193
49 197
50 51
50 56
50 69
50 73
50 78
50 83
50 84
50 87
50 89
50 108
50 147
50 148
50 150
50 163
50 167
50 172
50 176
50 177
50 182
50 191
50 192
51 57
51 58
51 75
51 76
51 78
51 81
51 82
51 87
51 92
51 106
51 107
51 111
51 125
51 140
51 145
51 149
51 150
51 152
51 153
51 160
51 168
51 171
51 175
51 191
51 192
52 53
52 66
52 68
52 72
52 79
52 85
52 87
52 89
52 98
52 99
52 100
52 103
52 109
52 116
52 123
52 126
52 127
52 132
52 139
52 143
52 146
52 151
52 152
52 187
52 188
52 190
52 192
53 68
53 81
53 83
53 91
53 102
53 103
53 110
53 113
53 115
53 116
53 126
53 130
53 138
53 146
53 154
53 156
53 158
53 160
53 166
53 177
53 182
53 187
53 192
53 197
54 56
54 75
54 90
54 93
54 98
54 101
54 107
54 113
54 114
54 115
54 117
54 119
54 126
54 131
54 147
54 156
54 159
54 161
54 178
54 182
54 187
54 190
55 56
55 63
55 66
55 67
55 73
55 74
55 78
55 84
55 92
55 99
55 102
55 105
55 110
55 114
55 115
55 121
55 127
55 130
55 133
55 137
55 151
55 156
55 168
55 173
55 182
55 191
56 61
56 62
56 65
56 66
56 67
56 71
56 77
56 78
56 81
56 83
56 84
56 90
56 94
56 98
56 108
56 115
56 118
56 122
56 123
56 132
56 135
56 139
56 146
56 157
56 160
56 163
56 173
56 180
56 185
56 189
56 192
56 193
57 59
57 65
57 71
57 80
57 87
57 88
57 89
57 92
57 98
57 102
57 113
57 114
57 118
57 121
57 148
57 162
57 165
57 168
57 187
57 197
57 198
58 71
58 74
58 79
58 101
58 104
58 117
58 127
58 135
58 142
58 145
58 148
58 152
58 153
58 163
58 167
58 171
58 173
58 186
59 62
59 72
59 77
59 83
59 85
59 88
59 90
59 99
59 100
59 101
59 103
59 109
59 114
59 123
59 126
59 130
59 134
59 137
59 145
59 146
59 157
59 175
59 180
59 181
59 185
60 64
60 69
60 75
60 84
60 85
60 87
60 88
60 93
60 99
60 101
60 102
60 105
60 112
60 122
60 134
60 137
60 142
60 156
60 166
60 168
60 170
60 181
60 182
60 193
61 62
61 65
61 78
61 86
61 87
61 95
61 96
61 115
61 121
61 122
61 140
61 142
61 143
61 150
61 151
61 152
61 171
61 181
61 187
61 188
61 192
61 194
61 196
62 68
62 80
62 86
62 91
62 101
62 106
62 118
62 119
62 124
62 131
62 157
62 159
62 172
62 178
62 180
62 181
62 182
62 191
62 194
63 64
63 65
63 118
63 122
63 123
63 136
63 137
63 140
63 148
63 153
63 159
63 160
63 164
63 166
63 168
63 189
63 194
64 81
64 87
64 95
64 101
64 118
64 121
64 139
64 147
64 154
64 158
64 164
64 168
64 171
64 189
65 66
65 81
65 94
65 98
65 109
65 112
65 120
65 126
65 142
65 158
65 161
65 164
65 168
65 172
65 190
65 191
66 68
66 84
66 87
66 89
66 109
66 110
66 113
66 115
66 117
66 118
66 124
66 130
66 133
66 134
66 150
66 152
66 160
66 161
66 167
66 180
66 182
66 183
66 195
67 76
67 93
67 96
67 97
67 112
67 113
67 115
67 119
67 120
67 126
67 135
67 136
67 142
67 147
67 150
67 153
67 157
67 158
67 161
67 164
67 170
67 187
67 191
67 196
68 71
68 82
68 95
68 101
68 109
68 112
68 114
68 116
68 129
68 133
68 143
68 146
68 147
68 150
68 153
68 160
68 174
68 185
68 191
68 194
68 197
69 71
69 72
69 75
69 89
69 95
69 115
69 124
69 130
69 141
69 145
69 149
69 155
69 158
69 160
69 162
69 171
69 174
69 177
69 185
69 190
69 199
70 73
70 79
70 87
70 96
70 100
70 105
70 125
70 130
70 139
70 147
70 153
70 156
70 170
70 180
70 184
71 72
71 73
71 82
71 89
71 91
71 98
71 100
71 103
71 117
71 120
71 121
71 125
71 127
71 135
71 146
71 150
71 160
71 164
71 166
71 173
71 186
71 193
72 73
72 74
72 83
72 95
72 103
72 105
72 106
72 119
72 125
72 133
72 137
72 139
72 141
72 148
72 154
72 158
72 163
72 174
72 178
72 181
72 191
73 82
73 83
73 100
73 106
73 111
73 119
73 130
73 131
73 141
73 152
73 153
73 156
73 163
73 171
73 175
73 199
74 81
74 84
74 93
74 112
74 128
74 130
74 138
74 145
74 152
74 155
74 159
74 188
75 88
75 89
75 90
75 94
75 98
75 99
75 135
75 140
75 151
75 159
75 162
75 172
75 176
75 180
76 77
76 98
76 106
76 108
76 113
76 132
76 135
76 157
76 158
76 164
76 168
76 169
76 182
76 186
76 199
77 81
77 106
77 115
77 131
77 139
77 146
77 156
77 164
77 173
77 190
77 193
77 196
78 82
78 84
78 93
78 107
78 122
78 127
78 129
78 133
78 134
78 141
78 157
78 161
78 167
78 168
78 172
78 177
78 180
78 181
78 185
78 191
78 196
78 198
79 82
79 86
79 88
79 99
79 111
79 116
79 123
79 127
79 141
79 149
79 155
79 156
79 158
79 159
79 173
79 174
79 176
79 185
79 199
80 91
80 100
80 110
80 112
80 113
80 124
80 127
80 138
80 144
80 148
80 150
80 155
80 159
80 161
80 164
80 168
80 171
80 172
80 173
80 175
80 182
80 183
81 89
81 101
81 108
81 110
81 112
81 118
81 119
81 141
81 142
81 154
81 155
81 160
81 165
81 166
81 187
81 191
82 99
82 107
82 109
82 124
82 127
82 136
82 141
82 147
82 149
82 155
82 156
82 167
82 171
82 175
82 178
82 196
83 90
83 92
83 96
83 102
83 103
83 115
83 119
83 138
83 139
83 154
83 157
83 158
83 159
83 165
83 171
83 180
83 198
84 90
84 93
84 98
84 100
84 102
84 104
84 106
84 129
84 140
84 149
84 150
84 158
84 161
84 165
84 167
84 168
84 179
84 189
84 190
85 87
85 89
85 90
85 107
85 108
85 112
85 114
85 129
85 133
85 149
85 157
85 161
85 164
85 173
85 177
85 178
85 183
85 184
85 191
85 198
86 92
86 98
86 100
86 102
86 103
86 109
86 112
86 134
86 153
86 156
86 162
86 169
86 189
87 105
87 107
87 108
87 116
87 117
87 125
87 127
87 131
87 145
87 150
87 168
87 169
87 188
87 192
87 193
88 99
88 104
88 113
88 118
88 125
88 136
88 150
88 151
88 157
88 158
88 165
88 167
88 168
88 170
88 172
88 187
89 93
89 95
89 104
89 118
89 128
89 129
89 131
89 137
89 140
89 146
89 147
89 171
89 177
89 181
89 192
89 197
90 91
90 98
90 99
90 105
90 118
90 138
90 147
90 148
90 157
90 175
90 183
90 184
90 193
90 195
91 99
91 104
91 123
91 127
91 130
91 131
91 133
91 158
91 164
91 175
91 176
91 179
91 193
91 194
91 197
92 96
92 99
92 102
92 105
92 123
92 131
92 141
92 142
92 143
92 150
92 165
92 166
92 170
92 172
92 181
92 184
92 185
92 188
92 191
92 192
93 100
93 119
93 124
93 137
93 139
93 141
93 145
93 151
93 159
93 161
93 179
93 183
93 188
94 98
94 104
94 109
94 110
94 113
94 114
94 118
94 138
94 143
94 144
94 151
94 155
94 156
94 157
94 158
94 164
94 167
94 178
94 187
95 99
95 106
95 113
95 122
95 131
95 136
95 158
95 160
95 169
95 187
95 196
96 100
96 105
96 107
96 117
96 121
96 137
96 138
96 141
96 158
96 160
96 161
96 164
96 165
96 180
96 185
96 187
96 192
97 99
97 108
97 113
97 121
97 122
97 127
97 129
97 134
97 136
97 138
97 142
97 144
97 151
97 153
97 155
97 156
97 163
97 172
97 177
97 192
97 195
97 196
98 112
98 123
98 125
98 127
98 130
98 134
98 139
98 140
98 155
98 157
98 166
98 169
98 171
98 175
98 177
99 106
99 114
99 116
99 125
99 132
99 162
99 163
99 169
99 173
99 189
99 195
100 116
100 128
100 134
100 137
100 139
100 140
100 149
100 160
100 162
100 172
100 185
100 195
101 104
101 106
101 112
101 120
101 125
101 135
101 150
101 160
101 169
101 191
101 196
102 105
102 110
102 115
102 118
102 122
102 133
102 145
102 149
102 156
102 160
102 162
102 167
102 168
102 171
102 174
102 177
102 187
102 191
102 192
102 193
102 198
103 114
103 120
103 121
103 124
103 135
103 138
103 139
103 141
103 142
103 144
103 148
103 161
103 170
103 184
103 196
104 105
104 119
104 121
104 133
104 134
104 138
104 140
104 147
104 151
104 154
104 157
104 159
104 160
104 162
104 192
104 198
105 107
105 108
105 112
105 120
105 122
105 129
105 142
105 150
105 152
105 153
105 172
105 176
105 187
105 192
105 194
105 197
106 115
106 119
106 122
106 127
106 128
106 142
106 146
106 153
106 157
106 166
106 170
106 177
106 183
106 191
106 196
107 115
107 121
107 122
107 131
107 149
107 155
107 157
107 160
107 171
107 174
107 178
107 190
107 191
107 195
107 196
108 111
108 124
108 125
108 143
108 154
108 157
108 167
108 186
108 190
108 198
109 114
109 120
109 128
109 132
109 152
109 155
109 165
109 177
109 180
109 185
110 111
110 121
110 123
110 124
110 128
110 152
110 153
110 154
110 155
110 157
110 168
110 172
110 175
110 182
110 184
110 189
110 192
110 195
110 199
111 112
111 117
111 127
111 128
111 131
111 147
111 149
111 152
111 164
111 165
111 168
111 172
111 174
111 186
111 188
111 189
111 194
111 196
112 113
112 117
112 124
112 126
112 128
112 131
112 138
112 149
112 161
112 169
112 170
112 177
112 184
112 190
112 191
112 196
112 199
113 127
113 155
113 160
113 162
113 177
113 180
113 194
113 195
114 131
114 135
114 139
114 146
114 148
114 154
114 174
114 182
114 185
115 125
115 132
115 133
115 142
115 159
115 172
115 188
115 193
115 196
115 199
116 125
116 126
116 149
116 155
116 162
116 163
116 167
116 174
116 175
116 191
116 192
116 197
117 128
117 129
117 130
117 133
117 144
117 145
117 146
117 147
117 151
117 158
117 161
117 162
117 163
117 164
117 167
117 189
118 119
118 123
118 146
118 169
118 171
118 173
118 182
118 185
118 188
118 197
118 198
119 122
119 124
119 129
119 132
119 145
119 158
119 162
119 163
119 165
119 170
119 179
119 183
119 184
119 188
119 190
119 193
119 197
120 122
120 141
120 142
120 147
120 157
120 158
120 164
120 178
120 179
120 182
120 195
121 123
121 128
121 133
121 143
121 146
121 152
121 160
121 175
121 177
121 187
121 190
121 192
122 123
122 125
122 130
122 138
122 143
122 153
122 158
122 166
122 174
122 183
122 184
123 125
123 129
123 132
123 134
123 137
123 147
123 155
123 162
123 164
123 173
123 175
123 177
123 181
123 197
123 198
124 135
124 147
124 152
124 174
124 181
124 190
124 194
125 131
125 149
125 157
125 158
125 163
125 164
125 180
126 130
126 136
126 137
126 140
126 142
126 148
126 175
126 177
126 181
126 189
126 191
126 194
126 198
126 199
127 135
127 139
127 141
127 151
127 155
127 178
127 188
127 192
127 198
128 129
128 151
128 159
128 162
128 165
128 168
128 169
128 171
128 178
128 196
128 198
129 130
129 133
129 138
129 140
129 163
129 170
129 184
129 196
129 199
130 135
130 142
130 154
130 155
130 158
130 166
130 169
130 171
130 175
130 182
130 188
130 190
131 133
131 136
131 143
131 144
131 159
131 161
131 166
131 167
131 175
131 178
131 181
131 183
131 193
132 135
132 141
132 146
132 147
132 148
132 157
132 169
132 177
132 180
132 182
132 183
132 185
132 190
132 194
133 135
133 136
133 137
133 138
133 158
133 168
133 169
133 191
134 135
134 148
134 154
134 170
134 175
134 177
135 140
135 147
135 149
135 153
135 154
135 178
135 183
135 186
135 192
136 143
136 166
136 168
136 179
136 183
136 188
136 190
136 191
136 193
136 196
137 144
137 146
137 159
137 174
137 175
137 182
137 185
137 196
137 197
138 160
138 181
138 182
138 185
139 142
139 150
139 153
139 170
140 141
140 142
140 144
140 147
140 152
140 160
140 164
140 165
140 166
140 170
140 180
140 183
141 155
141 177
141 182
141 185
142 156
142 177
142 185
142 187
142 196
143 145
143 171
143 176
143 180
143 191
143 193
143 195
143 197
144 147
144 150
144 154
144 155
144 159
144 162
144 172
144 180
144 184
144 185
145 147
145 150
145 166
145 171
145 174
145 178
145 184
145 190
145 194
145 197
145 198
146 147
146 158
146 165
146 168
146 171
146 174
146 176
146 178
146 180
146 183
147 155
147 158
147 163
147 170
147 171
147 190
147 191
147 192
148 149
148 163
148 171
148 176
148 180
148 189
148 196
148 198
149 154
149 159
149 160
149 176
149 177
149 178
149 195
150 152
150 163
150 168
150 170
150 176
150 191
150 198
151 179
151 181
151 185
151 187
151 192
151 193
152 154
152 159
152 161
152 165
152 167
152 180
152 183
152 186
152 199
153 161
153 164
153 172
153 175
153 182
153 183
153 187
153 192
154 160
154 176
154 183
154 194
155 157
155 173
155 182
155 189
155 193
156 177
156 182
156 187
156 192
157 168
157 182
157 184
157 189
157 191
158 171
158 178
158 182
158 190
159 166
159 170
159 173
159 177
159 184
159 190
159 197
160 168
160 176
160 177
160 187
160 189
160 199
161 174
161 179
161 181
161 184
161 187
161 190
161 192
161 193
161 195
161 196
162 170
162 179
162 190
162 192
162 196
163 175
163 197
164 172
164 191
165 177
165 185
165 187
165 193
165 194
165 199
166 167
166 190
166 198
167 171
167 176
167 178
167 181
168 177
168 191
168 199
169 171
169 174
169 180
169 181
169 184
169 190
169 192
169 193
170 177
170 179
170 183
170 184
170 185
170 190
170 193
170 195
171 182
171 199
172 182
172 187
172 190
172 193
172 197
173 177
173 181
173 182
173 187
173 189
173 199
174 176
174 180
174 181
174 187
175 179
175 183
175 190
175 192
175 193
175 197
175 198
176 178
176 182
177 179
177 183
177 196
178 182
178 184
178 191
178 197
180 185
181 193
181 198
182 192
182 194
183 199
184 187
184 197
185 189
186 192
187 193
187 195
187 198
188 190
189 191
189 193
189 199
190 191
191 196
192 194
192 195
192 198
193 198
194 198
195 196
