0 5
0 33
0 64
0 84
0 122
0 139
0 147
0 157
0 173
1 4
1 5
1 6
1 9
1 10
1 15
1 18
1 42
1 48
1 52
1 62
1 76
1 77
1 83
1 92
1 99
1 101
1 110
1 134
1 146
1 154
1 167
1 198
2 18
2 19
2 24
2 29
2 37
2 70
2 117
2 132
2 142
2 143
2 150
2 159
2 163
2 172
2 180
2 182
2 184
2 185
2 192
2 194
3 12
3 33
3 56
3 60
3 72
3 95
3 102
3 126
3 138
3 148
3 157
3 168
4 6
4 29
4 49
4 66
4 73
4 87
4 88
4 89
4 90
4 93
4 97
4 115
4 118
4 125
4 132
4 137
4 166
4 167
4 181
4 183
4 184
4 195
5 50
5 61
5 66
5 84
5 125
5 139
5 143
5 155
5 197
6 11
6 21
6 25
6 26
6 36
6 38
6 57
6 60
6 87
6 94
6 101
6 105
6 106
6 114
6 129
6 145
6 163
6 165
6 168
6 175
7 11
7 12
7 26
7 38
7 44
7 47
7 70
7 87
7 93
7 96
7 124
7 139
7 147
7 165
7 178
7 199
8 18
8 40
8 48
8 59
8 76
8 77
8 78
8 85
8 104
8 117
8 119
8 122
8 123
8 158
8 170
8 180
8 185
9 17
9 20
9 25
9 42
9 43
9 45
9 46
9 59
9 62
9 92
9 108
9 123
9 131
9 144
9 157
9 167
9 180
9 187
10 11
10 14
10 35
10 36
10 52
10 56
10 93
10 123
10 125
10 131
10 144
10 156
10 157
10 163
10 184
10 197
11 17
11 39
11 45
11 46
11 54
11 78
11 79
11 86
11 90
11 100
11 102
11 104
11 120
11 123
11 125
11 131
11 141
11 142
11 155
11 162
11 179
11 180
12 67
12 76
12 77
12 81
12 95
12 119
12 128
12 132
12 133
12 134
12 135
12 143
12 144
12 149
12 158
12 165
12 180
12 192
12 199
13 29
13 33
13 42
13 48
13 53
13 57
13 62
13 73
13 79
13 80
13 128
13 129
13 148
13 151
13 180
13 182
13 193
13 198
14 28
14 36
14 47
14 49
14 60
14 72
14 78
14 80
14 84
14 89
14 92
14 102
14 105
14 110
14 132
14 149
14 194
14 199
15 17
15 26
15 58
15 63
15 78
15 90
15 100
15 107
15 108
15 111
15 139
15 161
15 189
15 194
15 199
16 25
16 39
16 41
16 49
16 56
16 83
16 85
16 98
16 107
16 129
16 145
16 147
16 152
16 160
16 165
16 185
16 191
16 197
17 33
17 39
17 41
17 52
17 57
17 62
17 73
17 77
17 91
17 93
17 99
17 100
17 110
17 133
17 136
17 159
17 162
17 163
17 164
17 170
17 173
17 187
18 22
18 24
18 39
18 44
18 54
18 59
18 76
18 77
18 78
18 95
18 103
18 107
18 128
18 134
18 137
18 139
18 157
18 197
19 23
19 28
19 53
19 60
19 76
19 100
19 110
19 113
19 132
19 146
19 147
19 159
19 174
19 178
19 188
19 197
20 22
20 51
20 57
20 72
20 78
20 114
20 127
20 132
20 139
20 149
20 157
20 172
20 185
20 186
20 190
20 194
20 195
21 36
21 88
21 100
21 108
21 141
21 143
21 145
21 159
21 171
21 187
21 192
22 25
22 54
22 57
22 68
22 72
22 80
22 84
22 86
22 108
22 114
22 123
22 153
22 157
22 159
22 166
22 169
22 176
23 37
23 38
23 40
23 42
23 47
23 63
23 66
23 67
23 77
23 102
23 114
23 115
23 117
23 120
23 150
23 152
23 170
23 182
23 191
24 35
24 36
24 37
24 56
24 57
24 60
24 61
24 68
24 74
24 81
24 87
24 96
24 108
24 111
24 152
24 167
24 172
24 173
24 189
24 190
25 27
25 43
25 51
25 54
25 64
25 80
25 95
25 102
25 112
25 116
25 127
25 129
25 159
25 168
25 180
25 183
25 196
26 27
26 33
26 39
26 43
26 46
26 79
26 86
26 104
26 108
26 111
26 114
26 120
26 122
26 131
26 140
26 147
26 161
26 170
26 181
26 185
26 193
27 31
27 32
27 42
27 62
27 68
27 70
27 72
27 88
27 121
27 131
27 141
27 148
27 152
27 153
27 155
27 176
27 177
27 178
27 184
27 185
27 188
28 84
28 86
28 91
28 93
28 117
28 131
28 140
28 147
28 166
28 178
28 183
29 35
29 44
29 69
29 80
29 101
29 105
29 108
29 109
29 114
29 129
29 136
29 194
30 34
30 83
30 100
30 107
30 112
30 126
30 138
30 139
30 152
30 157
30 179
30 185
30 191
30 197
31 33
31 42
31 50
31 55
31 63
31 73
31 82
31 86
31 92
31 95
31 100
31 121
31 125
31 127
31 129
31 135
31 149
31 150
31 152
31 154
31 165
31 167
31 170
31 184
31 185
31 189
32 36
32 49
32 54
32 56
32 77
32 79
32 81
32 91
32 93
32 94
32 133
32 140
32 151
32 173
32 174
32 183
32 191
32 196
33 37
33 41
33 52
33 53
33 59
33 61
33 64
33 83
33 116
33 124
33 133
33 149
33 163
33 168
33 186
33 198
34 58
34 59
34 60
34 61
34 89
34 115
34 132
34 143
34 145
34 148
34 157
34 161
34 173
34 184
34 185
34 199
35 50
35 55
35 62
35 68
35 76
35 88
35 98
35 102
35 163
35 164
35 165
35 190
35 194
36 40
36 60
36 68
36 70
36 75
36 81
36 83
36 94
36 103
36 113
36 119
36 135
36 151
36 161
36 172
36 186
36 192
37 42
37 57
37 70
37 73
37 87
37 88
37 96
37 103
37 113
37 167
37 181
37 190
37 191
38 55
38 60
38 65
38 66
38 91
38 98
38 107
38 154
38 182
39 42
39 46
39 54
39 64
39 69
39 72
39 122
39 124
39 127
39 133
39 134
39 137
39 173
39 179
39 184
39 186
39 187
40 42
40 44
40 52
40 53
40 59
40 63
40 92
40 99
40 102
40 131
40 139
40 154
40 163
40 164
40 172
40 179
40 188
41 47
41 65
41 66
41 67
41 69
41 101
41 102
41 115
41 129
41 147
41 152
41 153
41 166
41 198
42 44
42 48
42 51
42 99
42 107
42 110
42 112
42 114
42 124
42 125
42 127
42 132
42 164
42 166
42 175
42 178
42 192
43 48
43 52
43 60
43 71
43 86
43 112
43 116
43 118
43 126
43 129
43 133
43 146
43 149
43 161
43 169
43 172
43 174
43 178
43 185
43 187
43 195
44 49
44 51
44 62
44 65
44 66
44 70
44 97
44 109
44 111
44 131
44 134
44 148
44 156
44 161
44 165
44 176
44 183
44 199
45 55
45 56
45 57
45 61
45 75
45 80
45 81
45 96
45 99
45 103
45 104
45 107
45 126
45 129
45 133
45 168
45 175
45 194
45 195
46 50
46 71
46 74
46 97
46 113
46 114
46 123
46 129
46 132
46 139
46 142
46 143
46 161
46 183
46 189
47 55
47 56
47 69
47 88
47 110
47 126
47 157
47 175
47 197
47 199
48 58
48 71
48 75
48 79
48 89
48 112
48 121
48 156
48 197
49 53
49 54
49 55
49 61
49 62
49 66
49 73
49 75
49 89
49 90
49 111
49 117
49 130
49 132
49 139
49 166
49 173
49 179
49 184
49 193
49 195
49 198
50 57
50 71
50 80
50 83
50 88
50 91
50 95
50 109
50 123
50 131
50 134
50 141
50 150
50 163
50 165
50 191
51 55
51 57
51 58
51 71
51 98
51 122
51 123
51 126
51 153
51 163
51 166
51 185
52 54
52 55
52 62
52 68
52 76
52 99
52 102
52 103
52 107
52 114
52 123
52 137
52 147
52 163
52 165
52 190
53 54
53 69
53 82
53 105
53 106
53 112
53 114
53 125
53 127
53 135
53 137
53 145
53 146
53 167
53 175
53 177
53 183
53 186
53 190
53 197
53 198
53 199
54 99
54 103
54 104
54 123
54 125
54 142
54 144
54 145
54 150
54 169
54 170
54 174
54 176
54 181
54 186
54 192
54 197
55 56
55 65
55 68
55 75
55 81
55 84
55 89
55 93
55 101
55 113
55 114
55 123
55 127
55 137
55 151
55 157
55 159
55 181
56 76
56 86
56 88
56 96
56 101
56 110
56 113
56 120
56 136
56 150
56 174
56 176
56 180
56 194
56 196
57 64
57 68
57 77
57 88
57 90
57 106
57 110
57 112
57 131
57 141
57 152
57 156
57 157
57 163
57 180
57 197
58 87
58 90
58 91
58 92
58 100
58 104
58 113
58 127
58 128
58 133
58 148
58 166
58 168
58 182
58 199
59 87
59 97
59 125
59 129
59 133
59 135
59 142
59 155
59 157
59 167
59 169
59 172
59 192
60 77
60 117
60 118
60 121
60 132
60 141
60 166
60 187
60 189
61 62
61 63
61 68
61 72
61 74
61 75
61 76
61 90
61 101
61 116
61 122
61 128
61 150
61 155
61 163
61 171
61 174
61 176
61 194
62 63
62 75
62 80
62 82
62 83
62 90
62 128
62 142
62 144
62 159
62 165
62 175
62 181
62 186
62 198
63 64
63 67
63 76
63 77
63 86
63 87
63 108
63 114
63 115
63 129
63 135
63 160
63 161
63 186
64 65
64 81
64 92
64 97
64 100
64 115
64 127
64 138
64 147
64 152
64 158
64 165
64 168
64 174
64 179
64 185
64 188
64 190
64 191
65 73
65 98
65 100
65 146
65 147
65 149
65 169
65 170
65 173
65 189
65 197
66 76
66 77
66 81
66 91
66 112
66 138
66 167
66 174
66 184
66 185
67 70
67 103
67 119
67 121
67 125
67 130
67 132
67 133
67 134
67 138
67 161
67 162
67 171
67 174
68 74
68 89
68 93
68 118
68 127
68 154
68 162
68 170
68 175
68 187
68 193
69 92
69 98
69 106
69 107
69 110
69 130
69 140
69 143
69 145
69 157
69 162
69 167
69 168
69 194
69 198
70 89
70 102
70 120
70 142
70 143
70 145
70 152
70 158
70 161
70 171
70 183
70 192
71 85
71 96
71 115
71 129
71 136
71 137
71 138
71 144
71 159
71 170
71 171
71 196
72 82
72 86
72 90
72 115
72 123
72 127
72 146
72 163
72 166
72 167
72 179
72 194
73 80
73 81
73 109
73 139
73 162
73 179
73 184
73 186
74 81
74 82
74 93
74 97
74 98
74 102
74 103
74 107
74 125
74 130
74 131
74 137
74 141
74 145
74 148
74 151
74 158
74 166
74 180
75 79
75 98
75 102
75 105
75 108
75 113
75 145
75 147
75 151
75 162
75 169
75 172
75 183
75 187
75 196
76 82
76 83
76 84
76 87
76 99
76 101
76 124
76 125
76 128
76 130
76 140
76 154
76 167
76 168
76 195
77 102
77 106
77 117
77 120
77 129
77 143
77 144
77 166
77 175
77 178
78 98
78 107
78 117
78 121
78 128
78 132
78 143
78 147
78 148
78 156
78 160
78 171
78 175
78 182
79 81
79 90
79 92
79 94
79 102
79 120
79 124
79 139
79 143
79 151
79 155
79 165
79 190
80 84
80 93
80 99
80 112
80 114
80 129
80 145
80 153
80 161
80 170
80 172
80 178
80 199
81 90
81 124
81 131
81 157
81 165
81 185
81 189
81 195
82 96
82 99
82 108
82 109
82 114
82 130
82 133
82 137
82 145
82 148
82 161
82 162
82 181
82 185
83 93
83 96
83 111
83 131
83 139
83 147
83 152
83 163
83 183
83 184
84 87
84 101
84 105
84 107
84 120
84 127
84 153
84 173
84 182
84 195
85 90
85 94
85 96
85 102
85 105
85 112
85 113
85 117
85 123
85 124
85 137
85 141
85 143
85 168
85 178
85 191
85 199
86 96
86 106
86 108
86 115
86 134
86 135
86 146
86 163
86 167
86 171
86 173
86 180
86 181
86 182
86 192
87 89
87 91
87 92
87 101
87 107
87 112
87 114
87 118
87 136
87 142
87 162
87 171
87 186
87 187
88 97
88 104
88 110
88 112
88 113
88 115
88 118
88 132
88 172
88 174
88 179
89 98
89 99
89 104
89 115
89 135
89 154
89 188
89 190
90 96
90 101
90 125
90 163
90 170
90 193
91 95
91 107
91 108
91 112
91 114
91 136
91 145
91 151
91 191
92 109
92 118
92 153
92 167
92 172
92 178
92 185
92 194
92 199
93 94
93 96
93 134
93 138
93 151
93 164
93 173
94 101
94 116
94 126
94 128
94 150
94 154
94 177
94 182
94 191
94 199
95 100
95 107
95 113
95 125
95 138
95 154
95 158
95 159
95 161
95 177
95 188
95 193
95 197
96 102
96 111
96 114
96 172
97 98
97 113
97 117
97 119
97 129
97 141
97 153
97 160
97 170
97 190
98 106
98 109
98 119
98 133
98 167
98 168
98 176
98 182
99 125
99 129
99 151
99 173
99 180
99 190
99 193
99 195
99 199
100 122
100 133
100 136
100 141
100 142
100 147
100 155
100 177
101 103
101 104
101 111
101 112
101 136
101 146
101 149
101 164
101 176
101 186
101 193
102 114
102 131
102 145
102 152
102 171
102 182
103 108
103 117
103 120
103 123
103 158
103 174
103 180
103 184
103 186
103 197
104 107
104 116
104 117
104 123
104 150
104 170
104 181
104 184
104 185
104 197
105 124
105 126
105 143
105 144
105 151
105 152
105 154
105 158
105 159
105 169
105 187
105 191
105 196
106 110
106 112
106 119
106 153
106 158
106 162
107 122
107 124
107 131
107 143
107 170
107 172
107 189
107 193
108 110
108 119
108 123
108 129
108 132
108 144
108 146
108 148
108 156
108 185
109 123
109 124
109 130
109 147
109 165
109 175
109 182
109 184
109 189
109 195
110 111
110 114
110 117
110 130
110 145
110 149
110 155
110 178
110 187
110 197
111 134
111 145
111 162
111 164
111 167
111 175
112 124
112 128
112 130
112 150
112 166
112 189
112 191
113 118
113 127
113 130
113 137
113 143
113 163
113 172
113 173
113 176
113 184
113 194
114 120
114 122
114 124
114 125
114 155
115 118
115 132
115 136
115 144
115 145
115 162
115 179
115 183
116 137
116 148
116 155
116 173
116 180
116 188
117 126
117 135
117 144
117 145
117 154
117 166
117 177
117 184
117 187
118 131
118 147
118 151
118 155
118 171
118 175
118 176
118 182
118 189
118 196
119 121
119 133
119 163
119 187
119 194
120 131
120 152
120 165
120 167
120 179
120 185
121 134
121 155
121 163
121 175
121 179
121 187
121 197
122 131
122 162
122 163
122 169
122 172
122 177
122 186
122 192
123 144
123 148
123 150
123 162
123 172
123 174
123 181
124 130
124 158
124 160
124 179
124 180
124 183
124 191
124 194
124 196
125 138
125 151
125 163
125 188
125 190
126 133
126 134
126 141
126 144
126 145
126 152
126 155
126 180
126 196
127 154
127 160
127 172
127 179
127 193
128 129
128 146
128 156
128 163
128 175
128 182
128 195
128 198
129 151
129 153
129 159
129 168
129 170
129 172
129 181
129 196
130 132
130 133
130 137
130 155
130 163
130 169
130 173
131 133
131 136
131 146
131 162
131 169
131 189
131 191
132 133
132 139
132 150
132 153
132 156
132 194
132 199
133 156
133 178
133 186
133 199
134 138
134 139
134 145
134 160
134 164
134 168
134 173
134 181
134 182
135 136
135 169
135 173
135 197
136 146
136 152
136 158
136 173
136 174
136 183
136 188
136 190
136 191
137 150
137 151
137 156
137 179
137 194
138 145
138 147
138 150
138 162
138 168
138 177
139 140
139 154
139 167
139 170
139 174
139 188
139 189
139 193
139 198
140 154
140 155
140 156
140 175
140 177
141 166
141 169
141 178
141 187
141 196
142 143
142 146
142 188
142 198
143 157
143 169
143 171
143 176
143 182
143 183
143 198
144 148
144 155
144 156
144 157
144 169
144 192
144 198
145 146
145 164
145 178
145 180
145 186
145 191
145 195
146 164
146 165
146 171
146 198
147 150
147 153
147 160
147 163
147 167
147 169
147 175
148 169
148 178
148 188
148 198
149 161
149 162
149 196
150 151
150 179
151 159
151 160
151 183
151 184
151 195
152 157
152 159
152 169
152 173
152 176
152 179
152 182
152 188
153 161
153 170
154 158
154 161
154 168
154 175
154 199
155 159
155 177
155 184
155 186
155 198
156 157
156 162
156 163
156 177
156 179
156 180
156 192
157 159
157 162
157 168
157 172
157 175
157 184
157 189
157 191
157 196
158 162
158 163
158 195
159 162
159 168
159 174
159 188
159 190
160 189
160 193
160 197
161 163
161 173
161 177
161 185
161 190
162 168
163 177
164 168
164 175
164 185
164 191
164 194
164 198
165 186
166 169
166 191
166 194
167 168
167 174
167 179
167 182
167 187
168 174
168 177
168 180
168 186
168 188
168 194
170 176
170 186
171 184
172 174
172 177
172 179
172 180
173 175
173 180
173 193
174 190
176 179
176 182
176 183
176 195
177 187
178 179
178 195
178 196
179 184
179 192
180 195
182 193
183 193
184 199
185 192
185 198
185 199
186 195
188 191
188 198
189 190
189 191
189 194
190 194
191 196
192 199
193 199
194 197
194 198
