0 6
0 15
0 21
0 39
0 42
0 54
0 56
0 59
0 73
0 76
0 90
0 99
0 108
0 140
0 146
0 151
0 158
0 159
0 183
1 34
1 42
1 47
1 56
1 57
1 59
1 72
1 101
1 117
1 125
1 134
1 146
1 147
1 153
1 157
1 176
1 182
1 198
2 7
2 11
2 18
2 23
2 24
2 36
2 37
2 45
2 47
2 62
2 65
2 82
2 90
2 94
2 109
2 112
2 137
2 141
2 150
2 152
2 157
2 166
3 17
3 21
3 42
3 49
3 58
3 91
3 133
3 137
3 155
3 161
3 171
3 175
3 176
4 18
4 21
4 23
4 28
4 39
4 63
4 65
4 73
4 77
4 123
4 135
4 143
4 144
4 163
4 164
4 183
4 194
4 198
5 7
5 27
5 31
5 52
5 60
5 64
5 70
5 89
5 91
5 93
5 95
5 96
5 123
5 125
5 136
5 143
5 163
5 176
5 181
5 184
6 16
6 66
6 82
6 84
6 107
6 108
6 115
6 153
6 156
6 160
6 173
6 197
7 16
7 20
7 21
7 26
7 54
7 59
7 84
7 88
7 89
7 91
7 105
7 108
7 116
7 138
7 152
7 170
8 21
8 67
8 100
8 104
8 132
8 134
8 145
8 161
8 171
9 13
9 21
9 30
9 45
9 52
9 74
9 87
9 92
9 93
9 107
9 109
9 122
9 126
9 131
9 136
9 155
9 162
9 166
9 168
9 172
9 174
9 195
9 199
10 12
10 22
10 43
10 44
10 72
10 87
10 102
10 105
10 115
10 116
10 140
10 144
10 146
10 165
10 166
10 176
10 179
10 189
10 190
10 193
11 13
11 18
11 20
11 34
11 44
11 99
11 102
11 151
11 154
11 161
11 169
11 195
12 34
12 40
12 45
12 50
12 54
12 69
12 79
12 81
12 99
12 104
12 106
12 110
12 120
12 146
12 147
12 158
12 170
12 187
12 195
13 45
13 53
13 62
13 70
13 84
13 93
13 102
13 111
13 115
13 117
13 137
13 139
13 143
13 182
13 184
13 186
13 190
13 192
13 199
14 25
14 29
14 30
14 38
14 46
14 55
14 91
14 101
14 109
14 110
14 153
14 155
14 157
14 162
14 163
14 173
14 175
14 176
14 187
14 188
14 190
14 194
15 20
15 26
15 29
15 33
15 47
15 48
15 50
15 57
15 68
15 70
15 71
15 83
15 87
15 89
15 97
15 107
15 126
15 135
15 137
15 139
15 145
15 148
15 149
15 151
15 153
15 160
15 168
15 171
15 172
15 194
16 73
16 83
16 84
16 87
16 101
16 106
16 108
16 115
16 121
16 123
16 128
16 131
16 136
16 139
16 148
16 155
16 162
16 168
16 174
16 177
17 24
17 25
17 44
17 45
17 60
17 64
17 67
17 68
17 98
17 99
17 105
17 119
17 128
17 137
17 138
17 139
17 158
17 164
17 173
17 178
18 28
18 44
18 63
18 70
18 76
18 81
18 82
18 83
18 88
18 126
18 137
18 138
18 140
18 152
18 160
18 167
18 173
18 187
18 191
19 28
19 37
19 41
19 58
19 61
19 89
19 93
19 115
19 117
19 129
19 131
19 147
19 162
19 170
19 179
19 180
19 181
19 190
20 28
20 36
20 42
20 46
20 61
20 69
20 76
20 101
20 102
20 107
20 115
20 118
20 127
20 128
20 131
20 135
20 149
20 155
20 156
20 162
20 175
20 177
21 26
21 31
21 45
21 48
21 68
21 88
21 90
21 97
21 108
21 125
21 130
21 146
21 152
21 153
21 155
21 174
21 198
22 25
22 43
22 46
22 69
22 71
22 93
22 94
22 96
22 149
22 153
22 155
22 172
22 173
22 185
23 30
23 42
23 46
23 65
23 69
23 71
23 85
23 89
23 98
23 106
23 111
23 128
23 129
23 130
23 134
23 139
23 141
23 146
23 152
23 157
23 163
23 166
23 183
23 186
23 191
23 195
24 31
24 45
24 75
24 104
24 115
24 134
24 155
24 163
24 168
24 176
24 182
25 36
25 56
25 59
25 67
25 73
25 74
25 83
25 88
25 110
25 123
25 136
25 137
25 141
25 172
25 173
25 180
25 182
26 30
26 63
26 66
26 80
26 98
26 138
26 140
26 143
26 147
26 159
26 172
26 183
26 194
26 197
27 28
27 36
27 39
27 43
27 52
27 61
27 62
27 70
27 94
27 106
27 108
27 109
27 123
27 129
27 130
27 131
27 138
27 142
27 143
27 146
27 151
27 161
27 165
27 174
27 182
27 183
27 194
28 30
28 37
28 48
28 63
28 74
28 92
28 93
28 98
28 110
28 117
28 151
28 162
28 163
28 175
28 189
29 31
29 35
29 58
29 69
29 91
29 100
29 142
29 143
29 151
29 160
29 164
29 186
29 199
30 33
30 54
30 55
30 58
30 59
30 66
30 73
30 78
30 103
30 111
30 112
30 117
30 123
30 149
30 157
30 160
30 162
30 177
30 181
30 191
31 46
31 63
31 78
31 84
31 86
31 87
31 100
31 106
31 118
31 128
31 141
31 150
31 157
31 161
31 166
31 179
31 186
31 187
31 189
31 192
32 33
32 41
32 52
32 78
32 82
32 84
32 85
32 94
32 97
32 108
32 109
32 111
32 139
32 146
32 153
32 164
32 180
32 192
32 199
33 38
33 69
33 72
33 74
33 93
33 101
33 105
33 110
33 116
33 121
33 136
33 147
33 156
33 158
33 160
33 171
33 185
33 190
34 44
34 53
34 58
34 59
34 69
34 75
34 86
34 95
34 113
34 119
34 138
34 141
34 162
34 163
34 199
35 44
35 50
35 53
35 56
35 60
35 62
35 70
35 126
35 127
35 141
35 147
35 151
35 154
35 168
36 47
36 52
36 63
36 72
36 102
36 105
36 114
36 131
36 138
36 146
36 148
36 151
36 153
36 164
36 173
36 194
36 196
37 46
37 56
37 57
37 61
37 82
37 88
37 89
37 113
37 144
37 167
37 183
37 195
38 62
38 66
38 73
38 85
38 88
38 96
38 107
38 118
38 123
38 145
38 150
38 156
38 157
38 160
38 167
38 190
39 40
39 45
39 47
39 52
39 60
39 115
39 119
39 130
39 135
39 151
39 164
39 186
40 95
40 100
40 104
40 108
40 116
40 130
40 147
40 162
40 168
40 171
40 175
40 182
40 184
40 191
40 192
41 55
41 59
41 66
41 94
41 98
41 99
41 104
41 123
41 128
41 134
41 143
41 175
41 189
42 45
42 54
42 86
42 122
42 124
42 126
42 132
42 135
42 139
42 150
42 152
42 156
42 157
42 161
42 165
42 169
42 171
42 196
43 44
43 45
43 48
43 56
43 60
43 62
43 66
43 71
43 73
43 80
43 83
43 96
43 101
43 103
43 109
43 117
43 160
43 183
43 186
43 188
43 193
44 64
44 67
44 81
44 86
44 96
44 106
44 118
44 130
44 147
44 150
44 165
44 168
44 169
44 183
44 191
45 49
45 58
45 65
45 69
45 85
45 90
45 93
45 94
45 95
45 97
45 105
45 113
45 129
45 169
45 180
45 189
45 195
46 80
46 86
46 109
46 110
46 113
46 120
46 125
46 137
46 146
46 151
46 153
46 160
46 199
47 48
47 65
47 70
47 76
47 87
47 109
47 113
47 129
47 138
47 150
47 163
47 177
47 185
48 57
48 73
48 77
48 88
48 90
48 96
48 97
48 98
48 114
48 150
48 152
48 169
48 171
48 175
48 181
48 198
49 50
49 55
49 67
49 85
49 91
49 97
49 140
49 149
49 153
49 174
49 183
49 191
49 198
50 55
50 63
50 83
50 124
50 133
50 134
50 137
50 147
50 156
50 170
50 176
50 177
50 194
51 53
51 61
51 62
51 66
51 74
51 87
51 98
51 105
51 113
51 115
51 134
51 145
51 149
51 151
51 162
51 170
51 192
52 55
52 72
52 73
52 79
52 80
52 131
52 143
52 145
52 152
52 156
52 160
52 161
52 179
52 184
52 194
53 56
53 60
53 62
53 70
53 71
53 77
53 79
53 87
53 95
53 117
53 124
53 132
53 149
53 182
54 55
54 62
54 68
54 77
54 92
54 102
54 121
54 127
54 133
54 153
54 155
54 158
54 171
54 172
54 199
55 56
55 58
55 68
55 85
55 89
55 96
55 105
55 108
55 124
55 133
55 137
55 168
55 175
55 190
55 197
56 63
56 71
56 84
56 98
56 101
56 115
56 142
56 145
56 148
56 159
56 172
56 182
56 184
56 185
56 188
56 194
56 195
57 58
57 77
57 79
57 114
57 123
57 130
57 134
57 149
57 150
57 154
57 170
57 196
58 71
58 73
58 88
58 95
58 110
58 123
58 128
58 130
58 150
58 164
59 76
59 89
59 95
59 107
59 109
59 118
59 121
59 130
59 132
59 137
59 138
59 142
59 163
59 199
60 61
60 75
60 76
60 94
60 98
60 129
60 144
60 155
60 156
60 166
60 177
60 184
60 187
60 193
61 107
61 127
61 132
61 166
61 173
61 183
61 184
61 187
61 194
61 198
62 67
62 94
62 95
62 101
62 103
62 119
62 134
62 143
62 149
62 150
62 156
62 166
62 174
62 178
62 187
62 195
63 69
63 70
63 71
63 75
63 78
63 83
63 86
63 95
63 96
63 103
63 122
63 134
63 145
63 147
63 150
63 162
63 183
63 196
64 69
64 70
64 88
64 90
64 102
64 104
64 111
64 118
64 120
64 137
64 172
64 173
64 184
64 186
64 189
65 89
65 104
65 107
65 112
65 119
65 156
65 160
65 163
65 167
65 169
66 68
66 70
66 77
66 79
66 128
66 137
66 153
66 158
67 72
67 95
67 103
67 111
67 119
67 128
67 132
67 133
67 134
67 135
67 137
67 142
67 148
67 152
67 161
67 162
67 163
67 165
67 189
68 70
68 75
68 117
68 120
68 121
68 126
68 158
69 78
69 110
69 115
69 121
69 176
69 195
70 76
70 95
70 121
70 125
70 127
70 141
70 147
70 156
70 179
70 181
70 199
71 72
71 76
71 103
71 135
71 148
71 152
71 160
71 172
71 176
71 195
72 93
72 97
72 116
72 151
72 154
72 166
72 171
72 193
72 199
73 77
73 80
73 97
73 102
73 104
73 110
73 112
73 132
73 133
73 144
73 147
73 154
73 161
73 169
73 176
73 186
74 79
74 80
74 92
74 124
74 132
74 151
74 156
74 178
74 190
75 76
75 79
75 97
75 99
75 108
75 110
75 125
75 126
75 130
75 134
75 135
75 143
75 168
75 178
75 180
75 186
75 196
76 122
76 142
76 143
76 151
76 179
76 188
77 85
77 100
77 101
77 107
77 116
77 134
77 140
77 160
77 163
77 165
77 167
77 169
77 170
77 179
78 81
78 88
78 109
78 153
78 191
79 99
79 106
79 111
79 126
79 128
79 162
79 166
79 177
79 198
80 96
80 117
80 130
80 134
80 168
80 191
80 194
80 196
80 198
81 108
81 129
81 131
81 144
81 151
81 155
81 157
81 159
82 93
82 95
82 98
82 106
82 113
82 121
82 123
82 135
82 145
82 170
82 177
82 181
82 190
83 91
83 99
83 122
83 125
83 128
83 138
83 157
83 159
83 161
83 178
83 183
83 184
84 90
84 98
84 118
84 122
84 153
84 158
84 166
84 171
84 175
84 176
84 197
85 88
85 94
85 104
85 110
85 116
85 117
85 121
85 139
85 141
85 142
85 144
85 147
85 149
85 152
85 159
85 166
85 192
86 90
86 91
86 99
86 110
86 111
86 117
86 137
86 146
86 147
86 151
86 153
86 155
86 187
86 191
86 199
87 106
87 113
87 136
87 146
87 154
87 169
87 184
87 199
88 140
88 146
88 156
88 169
88 172
88 190
88 195
89 101
89 102
89 106
89 109
89 126
89 137
89 142
89 150
89 156
89 182
89 187
89 189
89 193
89 198
90 92
90 105
90 121
90 122
90 123
90 131
90 138
90 148
90 162
90 170
90 175
91 97
91 130
91 132
91 136
91 144
91 154
91 159
91 161
91 167
91 179
91 197
92 97
92 117
92 119
92 130
92 132
92 137
92 139
92 146
92 172
93 95
93 122
93 124
93 125
93 142
93 144
93 146
93 161
93 196
94 112
94 120
94 124
94 130
94 132
94 150
94 152
94 171
94 172
95 114
95 117
95 118
95 119
95 164
95 180
95 195
96 103
96 113
96 117
96 122
96 123
96 137
96 140
96 144
96 151
96 159
96 169
96 191
97 98
97 121
97 124
97 133
97 139
97 164
97 172
97 194
97 197
98 101
98 132
98 138
98 143
98 147
98 150
98 151
98 157
98 161
98 164
98 167
98 191
98 194
99 100
99 105
99 111
99 113
99 134
99 149
99 162
99 183
99 194
99 198
100 110
100 131
100 132
100 134
100 135
100 139
100 161
100 163
100 174
100 177
100 186
101 106
101 136
101 157
101 172
101 185
101 197
101 199
102 115
102 116
102 141
102 148
102 151
102 167
102 175
102 192
102 198
103 106
103 123
103 136
103 147
103 149
103 167
103 194
104 108
104 110
104 120
104 121
104 127
104 131
104 154
104 160
104 170
104 173
104 184
105 113
105 120
105 124
105 130
105 145
105 157
105 158
105 164
105 168
105 172
105 173
105 183
105 188
105 190
105 194
106 117
106 122
106 127
106 133
106 136
106 137
106 145
106 155
106 159
106 172
106 174
107 122
107 123
107 130
107 131
107 141
107 152
107 159
107 160
107 165
107 168
107 178
107 183
107 189
107 198
108 135
108 152
108 169
108 181
108 190
108 193
108 195
109 128
109 144
109 168
109 181
109 188
110 111
110 120
110 123
110 129
110 132
110 149
110 159
110 177
110 178
110 186
110 193
110 199
111 112
111 113
111 120
111 128
111 133
111 145
111 146
111 149
111 153
111 155
111 162
111 180
111 197
112 115
112 118
112 130
112 138
112 141
112 147
112 154
112 164
112 166
112 177
112 187
112 192
113 130
113 135
113 150
113 157
113 159
113 184
114 125
114 153
114 170
114 177
114 189
114 191
114 194
115 117
115 121
115 128
115 133
115 152
115 157
115 174
115 176
115 181
115 183
115 186
115 187
115 196
115 197
116 119
116 136
116 141
116 144
116 149
116 153
116 154
116 170
117 128
117 129
117 136
117 142
117 154
117 155
117 164
117 174
117 178
117 187
117 190
118 124
118 130
118 139
118 140
118 142
118 151
118 152
118 156
118 187
118 191
119 154
119 161
119 174
119 178
119 198
120 123
120 132
120 144
120 147
120 150
120 159
120 181
121 125
121 165
121 179
121 194
121 195
121 198
122 129
122 130
122 131
122 141
122 145
122 146
122 148
122 155
122 163
122 171
122 172
122 175
122 181
122 196
123 130
123 133
123 152
123 153
123 155
123 162
123 169
123 182
123 192
123 193
124 128
124 144
124 153
124 179
124 198
125 130
125 140
125 145
125 161
125 171
125 191
125 197
126 130
126 138
126 142
126 173
126 187
126 197
127 138
127 139
127 144
127 199
128 133
128 136
128 154
128 195
128 198
128 199
129 143
129 148
129 180
129 183
130 147
130 152
130 157
130 169
130 193
130 199
131 136
131 138
131 168
131 172
131 175
131 176
131 191
131 197
132 149
132 156
132 173
132 196
133 136
133 138
133 149
133 188
133 192
134 140
134 141
134 149
134 150
134 151
134 171
134 173
134 184
134 187
134 188
135 142
135 146
135 154
135 155
135 157
135 175
135 178
135 184
135 187
136 139
136 160
136 168
136 171
136 173
136 177
136 182
136 188
136 192
137 150
137 152
137 157
137 166
137 182
137 187
137 192
137 193
137 199
138 139
138 141
138 154
138 177
138 182
138 192
139 153
139 159
139 161
139 171
139 192
140 144
140 185
141 144
141 170
141 176
141 177
141 191
142 158
142 179
142 187
142 192
142 196
143 154
143 165
143 179
143 198
144 145
144 156
144 161
144 171
144 175
145 152
145 161
145 187
146 157
146 160
146 162
146 184
146 190
147 156
147 158
147 161
147 178
147 187
147 198
147 199
148 183
148 184
148 187
148 193
148 198
149 159
149 161
149 162
149 170
149 186
149 187
149 192
149 193
150 156
151 154
151 158
151 167
152 157
152 158
152 159
152 162
152 175
153 155
153 160
153 164
153 175
153 187
154 155
154 161
154 164
154 167
154 169
154 179
154 192
154 196
154 197
155 156
155 164
155 170
155 171
155 186
156 169
156 172
156 174
156 185
156 199
157 165
157 168
157 191
158 159
158 164
158 169
158 174
158 183
158 185
158 190
158 196
159 170
159 181
159 183
159 185
159 193
159 199
160 164
160 165
160 168
160 178
160 183
160 197
161 162
161 193
161 195
162 169
162 175
162 183
162 186
162 189
162 195
162 196
163 168
163 171
163 179
163 185
163 192
163 199
164 185
164 188
165 185
165 199
166 172
166 177
166 185
166 190
166 195
167 170
167 178
168 174
169 172
169 173
169 176
169 177
169 180
169 183
169 186
169 189
169 194
170 177
170 192
171 175
171 188
171 194
172 194
173 176
173 184
173 187
174 180
175 185
175 198
176 177
176 181
176 184
177 194
177 197
178 179
178 190
178 195
180 184
180 192
180 197
181 182
181 190
181 192
181 194
181 199
182 188
183 188
183 192
185 187
185 196
185 199
187 199
190 195
191 195
192 193
192 197
193 195
193 196
195 196
196 198
