0 7
0 17
0 24
0 34
0 38
0 43
0 50
0 55
0 59
0 63
0 66
0 96
0 131
0 141
0 146
0 156
0 158
0 161
0 162
0 169
0 170
0 175
0 180
0 181
0 189
0 196
0 197
1 9
1 15
1 18
1 25
1 34
1 35
1 37
1 38
1 39
1 40
1 49
1 53
1 54
1 67
1 70
1 72
1 80
1 85
1 93
1 94
1 99
1 100
1 104
1 109
1 111
1 120
1 125
1 126
1 127
1 129
1 131
1 139
1 141
1 152
1 154
1 156
1 166
1 167
1 176
1 186
2 9
2 10
2 23
2 24
2 28
2 32
2 35
2 38
2 45
2 48
2 53
2 54
2 57
2 62
2 75
2 95
2 98
2 105
2 106
2 108
2 110
2 116
2 124
2 125
2 127
2 129
2 130
2 136
2 159
2 162
2 163
2 168
2 183
2 184
2 188
2 190
3 12
3 15
3 18
3 19
3 23
3 32
3 42
3 51
3 63
3 66
3 67
3 70
3 76
3 81
3 83
3 86
3 94
3 111
3 114
3 117
3 126
3 127
3 130
3 136
3 142
3 149
3 150
3 151
3 164
3 172
3 182
3 188
3 194
4 9
4 13
4 17
4 22
4 24
4 36
4 46
4 48
4 81
4 86
4 87
4 88
4 89
4 98
4 100
4 113
4 124
4 133
4 135
4 138
4 144
4 146
4 152
4 172
4 182
4 191
4 196
5 6
5 30
5 36
5 37
5 49
5 51
5 52
5 55
5 56
5 60
5 62
5 64
5 85
5 88
5 90
5 94
5 105
5 119
5 137
5 141
5 152
5 153
5 165
5 167
5 168
5 171
5 172
5 186
5 198
6 31
6 33
6 35
6 37
6 38
6 39
6 41
6 46
6 56
6 62
6 64
6 75
6 80
6 87
6 95
6 101
6 104
6 117
6 122
6 123
6 130
6 133
6 148
6 149
6 152
6 165
6 181
6 189
7 18
7 37
7 39
7 42
7 49
7 56
7 57
7 69
7 71
7 75
7 79
7 81
7 85
7 86
7 89
7 96
7 120
7 124
7 131
7 153
7 154
7 158
7 162
7 164
7 167
7 173
7 184
7 190
7 192
7 193
7 194
7 198
8 9
8 15
8 20
8 23
8 48
8 54
8 57
8 62
8 79
8 103
8 110
8 112
8 121
8 124
8 128
8 134
8 149
8 155
8 192
8 196
9 25
9 30
9 33
9 40
9 44
9 49
9 51
9 54
9 60
9 62
9 69
9 78
9 79
9 83
9 91
9 104
9 107
9 113
9 114
9 118
9 123
9 126
9 133
9 134
9 137
9 141
9 154
9 158
9 159
9 177
9 182
9 188
9 198
10 11
10 17
10 18
10 22
10 23
10 27
10 34
10 50
10 57
10 58
10 77
10 82
10 89
10 97
10 99
10 108
10 112
10 113
10 120
10 127
10 133
10 143
10 147
10 150
10 154
10 157
10 162
10 179
10 190
10 193
10 196
11 12
11 15
11 24
11 25
11 26
11 36
11 54
11 78
11 82
11 89
11 93
11 95
11 105
11 117
11 125
11 140
11 144
11 146
11 157
11 162
11 172
11 182
11 197
12 19
12 28
12 46
12 55
12 64
12 68
12 70
12 85
12 87
12 90
12 103
12 110
12 111
12 120
12 127
12 131
12 145
12 146
12 150
12 153
12 156
12 161
12 172
12 185
12 190
12 191
12 193
12 197
12 199
13 19
13 24
13 25
13 31
13 36
13 45
13 52
13 54
13 57
13 58
13 68
13 83
13 89
13 100
13 102
13 108
13 111
13 119
13 124
13 125
13 128
13 129
13 145
13 155
13 168
13 186
13 188
13 190
14 15
14 19
14 37
14 41
14 42
14 50
14 56
14 57
14 58
14 68
14 69
14 70
14 78
14 81
14 82
14 93
14 109
14 111
14 122
14 130
14 132
14 140
14 151
14 154
14 160
14 162
14 174
14 180
14 184
14 187
14 198
15 17
15 73
15 83
15 85
15 89
15 92
15 93
15 97
15 115
15 120
15 127
15 141
15 144
15 148
15 151
15 152
15 155
15 158
15 161
15 171
15 179
15 183
15 184
15 196
16 19
16 20
16 24
16 27
16 28
16 32
16 34
16 35
16 50
16 55
16 58
16 59
16 86
16 91
16 95
16 98
16 99
16 107
16 108
16 116
16 117
16 119
16 120
16 122
16 130
16 133
16 138
16 141
16 155
16 160
16 163
16 167
16 172
16 173
16 174
16 180
16 181
16 184
16 186
16 192
16 193
17 18
17 21
17 43
17 53
17 59
17 61
17 65
17 67
17 69
17 70
17 75
17 81
17 100
17 104
17 106
17 109
17 110
17 133
17 136
17 138
17 149
17 154
17 160
17 161
17 162
18 25
18 31
18 33
18 42
18 56
18 75
18 77
18 81
18 82
18 84
18 91
18 93
18 102
18 103
18 112
18 113
18 116
18 118
18 142
18 145
18 156
18 158
18 161
18 163
18 171
18 172
18 177
18 178
19 21
19 24
19 28
19 31
19 38
19 52
19 61
19 74
19 80
19 87
19 90
19 92
19 93
19 124
19 126
19 130
19 135
19 141
19 143
19 159
19 161
19 164
19 172
19 175
19 177
19 181
19 199
20 23
20 24
20 26
20 34
20 37
20 60
20 66
20 67
20 69
20 72
20 76
20 82
20 84
20 105
20 115
20 127
20 133
20 137
20 146
20 168
21 25
21 35
21 42
21 44
21 55
21 63
21 69
21 71
21 80
21 90
21 91
21 96
21 102
21 103
21 122
21 123
21 125
21 129
21 130
21 131
21 156
21 158
21 163
21 167
21 169
21 180
21 194
21 198
22 31
22 35
22 41
22 67
22 74
22 77
22 78
22 86
22 100
22 107
22 109
22 110
22 111
22 117
22 123
22 125
22 132
22 135
22 136
22 140
22 142
22 144
22 146
22 157
22 160
22 162
22 185
23 32
23 35
23 47
23 50
23 55
23 75
23 77
23 79
23 84
23 89
23 90
23 102
23 108
23 131
23 137
23 138
23 139
23 146
23 150
23 155
23 159
23 162
23 169
23 175
23 180
23 186
23 190
23 192
24 28
24 35
24 51
24 52
24 81
24 86
24 94
24 104
24 109
24 115
24 118
24 127
24 133
24 137
24 139
24 144
24 146
24 155
24 176
25 38
25 66
25 68
25 69
25 82
25 104
25 105
25 106
25 107
25 109
25 126
25 127
25 128
25 131
25 132
25 148
25 155
25 158
25 160
25 182
25 183
25 190
25 191
25 195
26 34
26 35
26 37
26 50
26 72
26 80
26 81
26 85
26 88
26 92
26 94
26 96
26 107
26 108
26 120
26 124
26 128
26 148
26 150
26 157
26 160
26 167
26 189
26 193
26 195
26 199
27 47
27 49
27 60
27 61
27 69
27 81
27 83
27 85
27 96
27 131
27 146
27 150
27 156
27 159
27 174
27 176
27 177
27 181
27 182
27 187
27 188
27 189
27 192
27 199
28 30
28 31
28 72
28 84
28 87
28 98
28 107
28 115
28 116
28 128
28 130
28 146
28 150
28 160
28 161
28 167
28 176
28 185
28 187
28 189
28 192
28 197
29 35
29 43
29 54
29 56
29 62
29 67
29 71
29 73
29 76
29 77
29 83
29 84
29 88
29 91
29 92
29 97
29 99
29 101
29 105
29 113
29 115
29 118
29 119
29 123
29 125
29 132
29 135
29 144
29 146
29 151
29 176
29 177
29 185
29 190
30 31
30 46
30 58
30 62
30 66
30 69
30 76
30 78
30 90
30 92
30 99
30 100
30 107
30 113
30 118
30 119
30 125
30 126
30 137
30 139
30 149
30 160
30 167
30 177
30 181
30 187
30 188
31 42
31 43
31 44
31 60
31 65
31 87
31 89
31 101
31 112
31 118
31 137
31 139
31 147
31 150
31 151
31 161
31 165
31 166
31 181
31 188
31 189
31 193
31 194
32 35
32 48
32 49
32 61
32 69
32 104
32 108
32 111
32 112
32 125
32 126
32 145
32 148
32 156
32 162
32 165
32 168
32 192
32 197
33 38
33 41
33 61
33 65
33 74
33 108
33 110
33 118
33 130
33 135
33 136
33 163
33 172
33 175
33 176
33 180
33 185
33 186
33 197
33 199
34 42
34 45
34 52
34 56
34 57
34 68
34 70
34 71
34 75
34 78
34 80
34 86
34 93
34 98
34 103
34 109
34 119
34 130
34 135
34 136
34 138
34 144
34 154
34 158
34 169
34 170
34 179
34 185
34 189
34 195
34 199
35 52
35 53
35 55
35 57
35 63
35 65
35 66
35 83
35 86
35 89
35 91
35 104
35 111
35 123
35 124
35 128
35 133
35 140
35 144
35 146
35 152
35 160
35 162
35 165
35 175
35 176
35 178
35 184
35 193
36 37
36 45
36 63
36 68
36 72
36 79
36 80
36 95
36 103
36 104
36 118
36 133
36 152
36 156
36 157
36 158
36 164
36 171
36 179
36 180
36 181
36 194
37 38
37 39
37 44
37 51
37 56
37 57
37 72
37 77
37 80
37 83
37 84
37 95
37 96
37 108
37 112
37 119
37 127
37 128
37 131
37 138
37 142
37 144
37 146
37 154
37 161
37 164
37 167
37 168
37 175
37 183
37 185
37 188
37 197
38 40
38 44
38 46
38 48
38 50
38 68
38 72
38 73
38 75
38 78
38 83
38 86
38 96
38 100
38 102
38 111
38 117
38 127
38 137
38 142
38 145
38 146
38 149
38 150
38 151
38 156
38 160
38 168
38 176
38 183
38 185
38 194
39 46
39 56
39 70
39 73
39 75
39 78
39 82
39 94
39 99
39 103
39 105
39 107
39 111
39 118
39 126
39 129
39 135
39 137
39 141
39 146
39 155
39 161
39 163
39 167
39 178
39 190
39 191
39 192
40 47
40 55
40 57
40 60
40 63
40 69
40 73
40 78
40 93
40 95
40 98
40 103
40 104
40 107
40 111
40 116
40 122
40 125
40 134
40 151
40 154
40 157
40 167
40 170
40 175
40 188
40 195
40 196
41 56
41 70
41 71
41 77
41 78
41 84
41 93
41 97
41 98
41 112
41 120
41 128
41 130
41 131
41 135
41 142
41 145
41 159
41 171
41 174
41 191
41 194
42 53
42 56
42 65
42 75
42 79
42 87
42 95
42 98
42 110
42 113
42 115
42 133
42 137
42 142
42 149
42 162
42 163
42 173
42 174
42 177
42 185
42 199
43 44
43 45
43 50
43 71
43 88
43 97
43 105
43 109
43 111
43 114
43 120
43 121
43 122
43 124
43 126
43 127
43 155
43 159
43 161
43 167
43 168
43 184
43 186
43 190
43 195
43 196
44 48
44 49
44 55
44 59
44 64
44 71
44 81
44 82
44 95
44 100
44 105
44 121
44 131
44 132
44 156
44 162
44 173
44 193
44 196
45 48
45 51
45 72
45 80
45 82
45 84
45 89
45 91
45 92
45 101
45 103
45 107
45 111
45 119
45 127
45 129
45 142
45 146
45 150
45 153
45 154
45 155
45 158
45 169
45 171
45 172
45 180
45 194
45 196
46 48
46 49
46 52
46 56
46 65
46 74
46 80
46 81
46 87
46 94
46 101
46 105
46 108
46 115
46 118
46 126
46 129
46 135
46 143
46 145
46 156
46 157
46 161
46 169
46 182
46 189
46 193
46 194
46 196
47 54
47 64
47 70
47 78
47 85
47 88
47 90
47 91
47 103
47 108
47 110
47 118
47 120
47 121
47 138
47 141
47 142
47 163
47 177
47 184
47 189
47 194
48 58
48 66
48 67
48 70
48 71
48 77
48 82
48 90
48 96
48 104
48 110
48 118
48 119
48 122
48 126
48 143
48 148
48 152
48 156
48 160
48 165
48 174
48 181
48 184
48 188
49 52
49 54
49 66
49 67
49 69
49 72
49 76
49 84
49 86
49 88
49 102
49 111
49 112
49 117
49 119
49 125
49 128
49 142
49 153
49 159
49 163
49 167
49 171
49 175
49 181
49 187
49 189
49 195
49 196
50 64
50 67
50 71
50 72
50 74
50 78
50 89
50 93
50 97
50 100
50 102
50 106
50 107
50 109
50 112
50 117
50 126
50 130
50 143
50 148
50 154
50 163
50 165
50 182
50 184
50 188
50 193
50 195
50 199
51 52
51 57
51 58
51 59
51 65
51 74
51 75
51 89
51 95
51 101
51 107
51 110
51 115
51 117
51 130
51 141
51 145
51 149
51 150
51 151
51 154
51 168
51 182
51 184
51 199
52 54
52 68
52 72
52 75
52 78
52 79
52 83
52 104
52 113
52 116
52 133
52 141
52 148
52 149
52 150
52 156
52 158
52 160
52 169
52 172
52 182
52 184
52 185
53 57
53 60
53 77
53 85
53 91
53 117
53 120
53 129
53 153
53 154
53 169
53 186
53 194
54 55
54 60
54 75
54 88
54 92
54 95
54 109
54 129
54 142
54 149
54 150
54 151
54 155
54 163
54 167
54 168
54 178
54 194
54 198
55 70
55 76
55 85
55 89
55 97
55 100
55 106
55 107
55 112
55 113
55 116
55 117
55 120
55 136
55 140
55 143
55 151
55 164
55 168
55 169
55 170
55 183
55 186
55 192
56 60
56 65
56 76
56 81
56 97
56 98
56 100
56 110
56 112
56 117
56 132
56 137
56 146
56 157
56 165
56 180
56 181
56 193
56 198
57 61
57 68
57 75
57 78
57 80
57 82
57 87
57 89
57 96
57 98
57 100
57 105
57 106
57 108
57 122
57 124
57 126
57 127
57 129
57 135
57 140
57 143
57 144
57 146
57 148
57 151
57 161
57 164
57 165
57 167
57 179
57 186
57 192
57 195
57 198
58 71
58 83
58 84
58 85
58 87
58 92
58 93
58 98
58 126
58 175
58 184
58 185
58 186
58 190
58 191
58 193
58 198
59 62
59 75
59 86
59 102
59 103
59 106
59 109
59 114
59 122
59 135
59 142
59 143
59 153
59 169
59 179
59 180
59 183
59 190
60 74
60 76
60 86
60 91
60 96
60 97
60 105
60 106
60 107
60 108
60 112
60 117
60 120
60 129
60 131
60 149
60 152
60 153
60 160
60 172
60 187
60 189
60 192
61 68
61 73
61 80
61 91
61 92
61 97
61 105
61 119
61 122
61 124
61 128
61 130
61 131
61 136
61 145
61 146
61 161
61 172
61 180
61 186
61 199
62 74
62 75
62 99
62 102
62 111
62 124
62 126
62 132
62 136
62 138
62 150
62 151
62 161
62 169
62 175
62 187
62 189
62 192
62 199
63 67
63 68
63 70
63 71
63 72
63 73
63 85
63 93
63 94
63 95
63 109
63 111
63 114
63 120
63 121
63 129
63 133
63 134
63 140
63 142
63 144
63 150
63 151
63 157
63 158
63 171
63 181
63 187
63 195
64 65
64 75
64 76
64 78
64 79
64 87
64 95
64 99
64 108
64 125
64 137
64 138
64 142
64 145
64 155
64 168
64 171
64 192
65 67
65 69
65 70
65 73
65 79
65 85
65 88
65 92
65 107
65 115
65 116
65 131
65 150
65 155
65 165
65 166
65 169
65 175
65 185
65 192
66 70
66 75
66 85
66 91
66 95
66 97
66 110
66 114
66 134
66 142
66 153
66 154
66 159
66 187
66 194
67 72
67 75
67 97
67 104
67 108
67 109
67 119
67 135
67 138
67 140
67 141
67 142
67 151
67 172
67 181
67 187
67 192
67 193
68 78
68 86
68 88
68 92
68 94
68 113
68 115
68 121
68 122
68 124
68 133
68 138
68 139
68 140
68 141
68 144
68 148
68 157
68 164
68 165
68 168
68 172
68 198
68 199
69 74
69 83
69 94
69 108
69 133
69 136
69 142
69 143
69 148
69 150
69 158
69 164
69 179
69 183
70 71
70 76
70 77
70 79
70 85
70 94
70 117
70 133
70 172
70 174
70 177
70 183
70 184
70 188
70 189
71 81
71 97
71 111
71 116
71 119
71 129
71 135
71 147
71 149
71 151
71 154
71 166
71 167
71 171
71 174
71 176
71 179
71 184
71 185
71 188
71 193
72 73
72 82
72 86
72 93
72 96
72 107
72 116
72 117
72 118
72 129
72 136
72 153
72 160
72 169
72 177
72 183
72 196
72 198
72 199
73 74
73 84
73 86
73 88
73 91
73 93
73 96
73 104
73 116
73 118
73 126
73 127
73 128
73 131
73 140
73 151
73 156
73 188
73 197
73 198
74 91
74 97
74 102
74 112
74 124
74 134
74 136
74 138
74 143
74 149
74 161
74 165
74 166
74 169
74 176
74 178
74 182
74 189
74 191
74 193
74 196
74 199
75 77
75 78
75 81
75 98
75 102
75 106
75 112
75 117
75 119
75 121
75 122
75 132
75 148
75 152
75 158
75 163
75 164
75 165
75 176
75 177
75 187
75 195
76 86
76 98
76 105
76 112
76 114
76 129
76 130
76 136
76 141
76 145
76 150
76 156
76 158
76 163
76 181
76 182
77 83
77 87
77 99
77 111
77 126
77 127
77 128
77 150
77 153
77 161
77 176
77 188
78 80
78 84
78 86
78 91
78 92
78 101
78 112
78 117
78 119
78 124
78 150
78 154
78 156
78 177
78 180
78 182
78 189
79 80
79 82
79 85
79 86
79 87
79 93
79 108
79 122
79 135
79 146
79 149
79 163
79 187
79 193
79 198
79 199
80 89
80 100
80 114
80 115
80 116
80 118
80 128
80 130
80 135
80 141
80 142
80 148
80 151
80 156
80 160
80 168
80 170
80 186
80 198
80 199
81 94
81 124
81 128
81 132
81 133
81 140
81 141
81 146
81 147
81 152
81 158
81 172
81 177
81 178
81 183
81 196
82 84
82 86
82 87
82 97
82 110
82 119
82 126
82 129
82 132
82 141
82 145
82 147
82 153
82 163
82 175
82 188
82 193
83 94
83 95
83 96
83 107
83 116
83 121
83 130
83 131
83 133
83 144
83 153
83 155
83 160
83 161
83 166
83 171
83 172
83 178
83 188
83 191
84 85
84 95
84 102
84 116
84 129
84 134
84 136
84 139
84 147
84 150
84 152
84 161
84 171
84 175
84 177
84 185
84 191
84 199
85 95
85 99
85 100
85 103
85 106
85 117
85 127
85 140
85 144
85 145
85 154
85 168
85 170
85 182
85 183
85 185
85 189
85 191
85 199
86 92
86 98
86 101
86 103
86 106
86 112
86 120
86 121
86 122
86 132
86 138
86 171
86 172
86 178
86 183
86 190
86 194
86 195
86 196
87 94
87 102
87 104
87 109
87 111
87 115
87 120
87 121
87 124
87 127
87 131
87 137
87 141
87 143
87 147
87 148
87 160
87 161
87 165
87 167
87 168
87 170
87 173
87 175
87 179
87 181
87 182
87 184
87 197
88 99
88 102
88 119
88 135
88 147
88 166
88 171
88 177
88 190
89 103
89 118
89 134
89 138
89 141
89 151
89 162
89 164
89 178
89 181
89 184
89 191
89 197
90 99
90 105
90 108
90 110
90 115
90 122
90 126
90 129
90 135
90 144
90 147
90 163
90 198
91 95
91 103
91 118
91 120
91 123
91 125
91 135
91 140
91 142
91 147
91 148
91 156
92 98
92 99
92 107
92 117
92 118
92 123
92 137
92 138
92 145
92 146
92 151
92 154
92 155
92 164
92 173
92 178
92 194
92 197
93 98
93 99
93 105
93 117
93 129
93 132
93 134
93 135
93 145
93 155
93 157
93 163
93 166
93 169
93 171
93 172
93 177
93 178
93 182
93 183
93 187
93 191
93 192
93 199
94 102
94 113
94 129
94 138
94 153
94 161
94 163
94 173
94 185
94 186
94 191
95 105
95 112
95 113
95 115
95 123
95 131
95 151
95 152
95 181
95 187
95 198
95 199
96 102
96 117
96 118
96 132
96 137
96 145
96 146
96 160
96 167
96 174
96 175
96 189
96 193
97 98
97 111
97 119
97 120
97 122
97 132
97 142
97 149
97 150
97 161
97 165
97 166
97 178
97 179
97 186
97 198
98 99
98 106
98 115
98 149
98 153
98 154
98 159
98 172
98 177
98 179
98 187
98 197
98 198
99 101
99 102
99 108
99 115
99 124
99 138
99 142
99 175
99 184
99 186
100 104
100 108
100 116
100 118
100 121
100 128
100 131
100 139
100 141
100 161
100 165
100 166
100 173
100 177
100 178
100 181
100 183
100 193
101 118
101 120
101 129
101 136
101 144
101 147
101 160
101 162
101 166
101 169
102 112
102 114
102 116
102 138
102 146
102 148
102 149
102 161
102 166
102 168
102 172
102 179
102 184
102 189
102 190
102 195
103 109
103 139
103 147
103 155
103 162
103 166
103 167
103 173
103 178
103 187
104 111
104 113
104 118
104 130
104 133
104 134
104 146
104 149
104 153
104 157
104 159
104 170
104 171
104 182
104 186
104 187
104 193
105 130
105 131
105 161
105 187
106 107
106 114
106 115
106 122
106 124
106 139
106 177
106 190
106 193
106 195
106 196
107 124
107 127
107 129
107 132
107 135
107 140
107 143
107 147
107 154
107 159
107 165
108 110
108 113
108 121
108 124
108 137
108 140
108 149
108 155
108 158
108 162
108 163
108 170
108 171
108 177
108 179
108 180
108 181
108 198
109 116
109 122
109 135
109 137
109 138
109 145
109 165
109 166
109 168
109 174
109 179
109 180
109 183
109 184
109 186
109 187
110 112
110 118
110 120
110 122
110 128
110 139
110 144
110 145
110 149
110 155
110 159
110 163
110 164
110 169
110 175
110 180
110 189
110 191
111 137
111 145
111 154
111 167
111 184
111 191
111 193
111 198
112 113
112 115
112 138
112 163
112 171
112 181
112 185
113 114
113 117
113 122
113 126
113 128
113 133
113 139
113 144
113 145
113 156
113 158
113 161
113 165
113 172
113 176
113 199
114 121
114 127
114 131
114 132
114 142
114 148
114 158
114 161
114 170
114 173
114 179
114 182
114 183
114 188
114 189
115 118
115 133
115 138
115 149
115 150
115 154
115 156
115 157
115 158
115 164
115 170
115 185
115 186
115 192
115 197
116 122
116 133
116 139
116 145
116 151
116 160
116 174
116 180
116 182
116 185
116 187
116 189
116 198
117 123
117 125
117 131
117 145
117 148
117 150
117 152
117 153
117 164
117 172
117 177
117 179
117 191
117 192
118 132
118 133
118 137
118 144
118 154
118 166
118 171
118 172
118 173
118 194
119 120
119 121
119 132
119 141
119 143
119 172
119 173
119 184
119 185
119 189
119 194
119 196
120 123
120 125
120 130
120 138
120 141
120 144
120 159
120 164
120 165
120 166
120 167
120 185
120 186
120 192
120 197
121 123
121 129
121 130
121 151
121 164
121 169
121 174
121 178
121 181
121 183
121 189
121 190
121 191
121 198
122 128
122 131
122 145
122 148
122 149
122 156
122 158
122 159
122 163
122 168
122 170
122 179
122 184
123 146
123 153
123 157
123 160
123 169
123 172
123 175
123 192
123 197
124 128
124 129
124 134
124 145
124 146
124 152
124 173
124 177
124 185
124 190
124 192
125 140
125 149
125 154
125 159
125 162
125 166
125 187
125 191
125 195
125 197
126 134
126 156
126 159
126 165
126 176
126 181
126 185
126 191
127 137
127 150
127 160
127 163
127 166
127 169
127 177
127 180
127 181
127 184
127 187
127 191
127 192
128 137
128 144
128 147
128 148
128 149
128 162
128 166
128 175
128 176
128 182
128 184
129 131
129 145
129 151
129 152
129 168
129 170
129 186
129 192
129 199
130 137
130 138
130 148
130 151
130 155
130 164
130 173
130 180
130 183
130 184
130 189
130 195
131 134
131 151
131 152
131 155
131 161
131 181
131 188
131 195
131 197
132 139
132 141
132 156
132 157
132 158
132 160
132 162
132 166
132 175
132 176
133 135
133 147
133 156
133 158
133 161
133 164
133 166
133 176
133 187
133 194
134 137
134 157
134 169
134 172
134 173
134 175
134 177
134 185
134 192
135 141
135 143
135 145
135 147
135 150
135 156
135 157
135 169
135 175
135 182
135 186
135 191
136 159
136 169
136 182
136 190
136 192
137 147
137 149
137 154
137 164
137 169
137 172
137 181
137 186
137 190
137 191
137 193
137 195
138 140
138 149
138 154
138 159
138 168
138 174
138 176
138 196
139 145
139 168
139 172
139 175
139 176
139 183
139 191
139 193
140 144
140 148
140 149
140 153
140 154
140 162
140 168
140 169
140 170
140 174
140 175
140 180
140 183
140 185
140 189
140 196
141 145
141 148
141 149
141 150
141 158
141 168
141 169
141 170
141 172
141 174
141 177
141 180
141 183
141 197
142 145
142 155
142 162
142 167
142 168
142 174
142 175
142 176
142 184
142 186
142 189
142 191
143 151
143 153
143 158
143 175
143 177
143 181
143 183
143 189
143 192
143 193
144 146
144 152
144 160
144 164
144 167
144 170
144 173
144 185
144 187
144 191
144 196
145 152
145 172
145 177
145 194
145 199
146 158
146 162
146 173
146 184
146 187
146 189
146 197
146 199
147 157
147 161
147 165
147 170
147 178
147 179
147 191
147 192
147 196
148 155
148 163
148 166
148 168
148 183
148 184
148 186
148 188
148 194
149 192
150 152
150 158
150 159
150 171
151 170
151 175
151 185
151 187
151 188
151 190
151 191
151 193
151 196
152 153
152 160
152 161
152 174
152 176
152 184
153 160
153 171
153 181
153 184
153 186
154 155
154 156
154 157
154 162
154 181
154 185
154 197
155 162
155 166
155 168
155 172
155 174
155 179
155 195
156 157
156 160
156 163
156 164
156 167
156 168
156 177
156 179
156 182
156 183
156 192
156 193
156 196
156 197
157 158
157 168
157 170
157 186
157 198
158 168
158 171
158 173
158 186
158 190
158 192
159 162
159 172
159 180
159 194
159 197
160 168
160 170
160 180
160 188
160 189
161 181
161 187
162 164
162 168
162 184
162 187
162 189
162 192
162 194
163 165
163 166
163 168
163 170
163 181
163 188
163 192
163 198
164 166
164 182
165 166
165 172
165 182
165 193
165 197
166 174
166 180
166 185
166 190
166 193
167 169
167 174
167 177
167 179
167 187
167 191
167 194
167 196
168 179
168 180
168 186
168 190
168 193
168 198
169 177
169 179
169 194
170 179
170 182
170 183
170 187
171 186
171 197
172 178
172 183
172 184
172 190
172 194
173 174
173 175
173 178
173 186
173 190
174 178
174 180
174 184
174 187
174 195
175 178
175 193
175 198
176 182
176 187
176 191
176 193
177 179
177 183
177 199
178 182
178 190
178 199
179 195
179 196
180 182
180 186
180 188
180 189
180 191
180 193
180 194
180 195
180 196
181 186
181 187
182 183
182 189
182 199
183 184
183 189
183 197
183 198
185 192
185 195
186 188
186 190
187 191
187 197
188 193
188 194
190 193
191 194
191 196
191 198
195 198
196 197
