0 15
0 25
0 48
0 56
0 59
0 60
0 65
0 80
0 83
0 85
0 87
0 92
0 109
0 110
0 121
0 126
0 136
0 162
0 166
0 167
0 169
0 172
0 183
0 192
0 199
1 11
1 21
1 39
1 41
1 47
1 49
1 52
1 76
1 88
1 96
1 101
1 103
1 109
1 117
1 123
1 130
1 131
1 140
1 142
1 144
1 151
1 169
1 194
2 7
2 16
2 23
2 27
2 48
2 61
2 64
2 86
2 92
2 95
2 100
2 101
2 116
2 128
2 156
2 167
2 172
2 180
2 182
2 184
2 196
3 24
3 28
3 30
3 34
3 55
3 58
3 61
3 88
3 89
3 90
3 97
3 98
3 108
3 112
3 115
3 123
3 127
3 128
3 129
3 169
3 184
3 188
3 199
4 7
4 18
4 30
4 46
4 65
4 66
4 79
4 89
4 114
4 119
4 123
4 136
4 137
4 143
4 155
4 166
4 183
5 16
5 17
5 34
5 61
5 80
5 94
5 110
5 116
5 128
5 159
6 33
6 40
6 47
6 68
6 79
6 88
6 96
6 109
6 114
6 118
6 121
6 124
6 128
6 131
6 143
6 153
6 154
6 155
6 166
6 170
6 174
6 177
7 19
7 36
7 38
7 61
7 76
7 114
7 128
7 143
7 146
7 183
8 15
8 33
8 83
8 93
8 95
8 102
8 103
8 109
8 139
8 140
8 156
8 159
8 186
8 196
8 198
9 22
9 38
9 40
9 56
9 80
9 82
9 86
9 89
9 105
9 108
9 117
9 118
9 128
9 139
9 144
9 147
9 150
9 155
9 170
9 185
9 187
10 13
10 31
10 36
10 53
10 67
10 71
10 77
10 104
10 106
10 118
10 124
10 132
10 142
10 158
10 164
10 171
10 172
10 187
10 191
11 22
11 31
11 52
11 74
11 84
11 110
11 111
11 121
11 125
11 141
11 142
11 145
11 168
11 174
11 187
11 188
11 195
12 22
12 23
12 27
12 29
12 51
12 59
12 93
12 96
12 101
12 109
12 116
12 120
12 131
12 137
12 142
12 146
12 150
12 171
12 185
13 20
13 25
13 27
13 34
13 35
13 43
13 48
13 49
13 52
13 60
13 71
13 76
13 114
13 115
13 118
13 130
13 131
13 140
13 146
13 154
13 172
13 180
13 183
13 187
13 197
14 17
14 27
14 35
14 36
14 46
14 49
14 65
14 75
14 91
14 101
14 112
14 146
14 149
14 151
14 155
14 157
14 161
14 162
14 165
14 168
14 169
14 170
14 187
14 192
15 25
15 30
15 40
15 41
15 49
15 59
15 60
15 70
15 72
15 76
15 90
15 94
15 98
15 104
15 135
15 136
15 137
15 144
15 150
15 178
15 180
15 188
15 196
15 199
16 25
16 32
16 35
16 39
16 48
16 59
16 61
16 111
16 121
16 150
16 157
16 169
16 182
16 189
16 193
17 23
17 33
17 55
17 56
17 58
17 59
17 60
17 71
17 100
17 102
17 105
17 107
17 108
17 133
17 148
17 171
17 191
18 21
18 23
18 33
18 55
18 56
18 74
18 78
18 85
18 99
18 102
18 110
18 112
18 140
18 148
18 174
18 193
19 28
19 40
19 63
19 73
19 109
19 122
19 193
19 199
20 22
20 87
20 93
20 101
20 117
20 135
20 181
20 195
21 26
21 47
21 56
21 61
21 64
21 66
21 97
21 107
21 110
21 114
21 132
21 137
21 139
21 141
21 142
21 174
21 176
21 177
21 193
22 24
22 43
22 47
22 50
22 72
22 75
22 103
22 108
22 110
22 123
22 139
22 142
22 153
22 155
22 178
22 187
22 190
23 31
23 40
23 43
23 63
23 68
23 73
23 93
23 94
23 135
23 139
23 144
23 145
23 150
23 165
23 168
23 183
24 27
24 34
24 41
24 54
24 71
24 101
24 123
24 145
24 157
24 181
25 26
25 42
25 46
25 69
25 74
25 78
25 81
25 84
25 97
25 119
25 133
25 143
25 147
25 163
25 171
25 191
26 27
26 30
26 32
26 42
26 58
26 69
26 76
26 102
26 120
26 173
26 189
27 31
27 41
27 50
27 54
27 60
27 61
27 71
27 77
27 87
27 88
27 95
27 126
27 130
27 148
27 152
27 168
27 174
27 179
27 183
27 186
27 188
28 30
28 37
28 51
28 61
28 65
28 69
28 79
28 88
28 90
28 109
28 120
28 153
28 156
28 169
28 179
28 182
28 187
28 188
29 36
29 46
29 50
29 63
29 65
29 70
29 107
29 113
29 114
29 120
29 129
29 147
29 151
29 152
29 161
29 163
29 165
29 178
29 186
29 192
29 195
29 196
30 36
30 43
30 51
30 64
30 72
30 76
30 93
30 95
30 116
30 129
30 175
30 188
31 33
31 52
31 57
31 67
31 85
31 107
31 134
31 145
31 162
31 170
31 177
32 49
32 50
32 52
32 79
32 82
32 91
32 95
32 106
32 110
32 113
32 118
32 120
32 137
32 150
32 152
32 157
32 167
32 172
32 173
32 186
32 191
32 195
33 40
33 56
33 98
33 122
33 131
33 142
33 152
33 161
33 163
33 179
33 183
33 186
33 191
33 196
34 39
34 46
34 58
34 64
34 66
34 79
34 90
34 104
34 113
34 115
34 116
34 122
34 140
34 141
34 150
34 163
34 165
34 168
34 194
34 198
35 37
35 53
35 64
35 67
35 78
35 89
35 95
35 97
35 98
35 122
35 125
35 126
35 159
35 164
35 172
35 177
35 198
36 51
36 55
36 62
36 65
36 85
36 88
36 107
36 151
36 165
36 169
36 180
36 181
37 38
37 45
37 55
37 56
37 62
37 68
37 80
37 90
37 98
37 112
37 120
37 122
37 123
37 131
37 132
37 150
37 155
37 191
37 195
38 42
38 47
38 49
38 67
38 74
38 92
38 99
38 104
38 132
38 133
38 139
38 142
38 148
38 159
38 160
38 166
38 176
38 185
38 186
38 190
38 195
38 197
39 44
39 55
39 67
39 85
39 90
39 91
39 93
39 104
39 111
39 112
39 123
39 135
39 143
39 155
39 160
39 177
40 65
40 86
40 95
40 127
40 131
40 140
40 148
40 149
40 152
40 164
40 165
40 171
40 173
40 174
40 176
41 54
41 56
41 57
41 78
41 81
41 89
41 92
41 97
41 102
41 104
41 113
41 131
41 133
41 141
41 166
41 194
42 54
42 56
42 69
42 97
42 107
42 110
42 116
42 119
42 132
42 139
42 148
42 152
42 155
42 167
42 181
42 189
42 190
42 192
43 51
43 55
43 60
43 68
43 76
43 89
43 95
43 104
43 105
43 107
43 108
43 110
43 115
43 119
43 146
43 149
43 155
43 161
43 175
43 182
43 192
44 49
44 69
44 70
44 75
44 92
44 93
44 101
44 128
44 138
44 144
44 160
44 178
44 184
44 188
45 52
45 53
45 58
45 63
45 64
45 68
45 70
45 77
45 80
45 105
45 106
45 122
45 128
45 146
45 152
45 157
45 162
45 166
45 187
45 189
46 50
46 51
46 53
46 56
46 77
46 82
46 84
46 99
46 110
46 115
46 119
46 127
46 140
46 145
46 155
46 157
46 159
46 173
46 187
46 199
47 65
47 82
47 84
47 85
47 107
47 108
47 114
47 120
47 132
47 180
47 182
48 58
48 66
48 74
48 82
48 88
48 90
48 95
48 96
48 98
48 113
48 134
48 136
48 170
48 174
49 64
49 78
49 83
49 87
49 88
49 91
49 105
49 116
49 120
49 135
49 151
49 162
49 178
49 180
49 186
49 197
50 62
50 65
50 70
50 72
50 75
50 77
50 79
50 109
50 111
50 123
50 141
50 157
50 159
50 162
50 164
50 171
50 185
50 186
50 188
50 191
50 194
50 195
50 197
51 89
51 118
51 140
51 142
51 148
51 161
51 163
51 167
51 168
51 182
51 192
52 64
52 75
52 77
52 82
52 91
52 119
52 127
52 154
52 159
52 160
52 162
52 189
52 192
53 78
53 87
53 90
53 93
53 94
53 97
53 107
53 109
53 117
53 118
53 124
53 131
53 184
53 186
53 190
54 59
54 67
54 70
54 79
54 94
54 107
54 109
54 121
54 122
54 123
54 126
54 149
54 150
54 151
54 177
54 180
55 56
55 66
55 87
55 92
55 106
55 115
55 118
55 125
55 129
55 139
55 145
55 147
55 153
55 162
55 168
55 169
56 58
56 67
56 104
56 132
56 133
56 134
56 139
56 153
56 157
56 160
56 168
56 186
56 188
57 59
57 84
57 90
57 108
57 113
57 114
57 164
57 182
57 185
57 191
57 197
58 60
58 76
58 83
58 86
58 92
58 100
58 103
58 111
58 112
58 121
58 131
58 135
58 147
58 151
58 157
58 177
58 183
58 186
58 190
58 192
58 195
59 62
59 69
59 85
59 99
59 101
59 112
59 138
59 147
59 159
59 161
59 169
59 194
60 70
60 77
60 83
60 98
60 104
60 123
60 141
60 143
60 165
60 170
60 175
61 64
61 77
61 78
61 88
61 94
61 109
61 113
61 115
61 116
61 148
61 159
61 173
61 175
61 187
62 63
62 64
62 68
62 74
62 82
62 86
62 96
62 111
62 117
62 148
62 149
62 161
62 162
62 167
62 186
63 67
63 89
63 93
63 96
63 98
63 102
63 110
63 148
63 168
63 174
63 177
63 181
63 185
63 188
63 194
64 104
64 116
64 119
64 120
64 133
64 144
64 159
64 161
64 166
64 170
64 174
64 180
64 184
64 193
64 196
64 197
65 73
65 77
65 79
65 85
65 102
65 132
65 165
65 171
65 178
65 180
65 191
66 72
66 80
66 85
66 90
66 94
66 126
66 127
66 141
66 154
66 156
66 176
66 178
66 179
66 180
66 194
67 78
67 138
67 145
67 152
67 159
67 184
67 198
68 74
68 86
68 99
68 103
68 113
68 126
68 127
68 130
68 131
68 142
68 145
68 162
68 169
68 178
68 179
68 189
68 191
68 197
69 81
69 97
69 100
69 112
69 117
69 130
69 144
69 147
69 148
69 167
69 170
69 182
69 186
69 191
70 75
70 91
70 104
70 107
70 112
70 118
70 125
70 131
70 146
70 149
70 156
70 174
70 176
70 195
70 196
71 75
71 104
71 117
71 119
71 133
71 136
71 142
71 173
71 184
71 189
71 196
72 77
72 84
72 103
72 104
72 117
72 121
72 124
72 135
72 143
72 146
72 150
72 164
72 174
72 181
72 182
72 183
72 184
73 103
73 106
73 121
73 137
73 157
73 161
73 180
74 90
74 94
74 117
74 119
74 128
74 135
74 143
74 158
74 164
74 170
74 172
74 174
74 182
74 186
75 80
75 87
75 99
75 110
75 112
75 114
75 129
75 138
75 139
75 159
75 160
75 167
75 189
75 199
76 80
76 85
76 92
76 96
76 111
76 115
76 122
76 129
76 145
76 150
76 166
76 169
76 174
76 177
76 187
76 195
77 88
77 93
77 102
77 109
77 126
77 132
77 147
77 156
77 157
77 158
77 162
77 165
77 166
77 197
77 199
78 90
78 102
78 111
78 132
78 144
78 179
79 86
79 102
79 108
79 116
79 121
79 126
79 129
79 148
79 165
79 174
79 182
79 186
80 82
80 96
80 126
80 133
80 144
80 153
80 158
80 164
80 175
80 178
80 185
80 188
80 194
80 198
81 87
81 90
81 95
81 100
81 126
81 128
81 161
81 165
81 192
82 91
82 105
82 111
82 179
82 181
82 191
82 193
82 196
83 99
83 110
83 113
83 122
83 131
83 133
83 137
83 157
83 161
83 194
84 96
84 103
84 106
84 125
84 137
84 148
84 151
84 152
84 182
84 189
84 193
84 198
85 92
85 101
85 154
85 155
85 160
85 168
85 188
86 94
86 96
86 99
86 105
86 120
86 131
86 132
86 169
86 171
86 172
86 182
86 187
86 189
86 193
86 196
87 112
87 122
87 154
87 156
87 159
87 171
87 173
87 184
87 186
87 187
87 188
87 194
88 96
88 99
88 113
88 118
88 124
88 127
88 134
88 169
88 190
88 191
89 90
89 105
89 120
89 133
89 137
89 144
89 165
89 172
89 176
89 186
90 97
90 120
90 141
90 142
90 157
90 182
90 183
90 189
90 192
90 195
91 97
91 102
91 103
91 127
91 150
91 153
91 164
91 192
91 198
92 94
92 96
92 123
92 133
92 137
92 139
92 143
92 149
92 167
92 171
92 196
93 103
93 105
93 109
93 110
93 116
93 118
93 130
93 134
93 163
93 165
93 179
93 190
93 192
93 193
94 100
94 120
94 140
94 160
94 161
95 105
95 113
95 114
95 117
95 154
95 162
95 180
95 181
96 119
96 128
96 132
96 135
96 145
96 169
96 173
96 181
96 187
96 197
97 113
97 114
97 116
97 124
97 149
97 154
97 159
97 169
97 181
97 185
97 195
98 113
98 134
98 143
98 151
98 189
98 195
99 100
99 112
99 123
99 127
99 139
99 140
99 141
99 151
99 157
99 165
99 166
99 170
99 173
99 177
99 183
99 185
100 106
100 110
100 117
100 118
100 129
100 133
100 149
100 151
100 152
100 180
100 197
101 130
101 142
101 162
101 168
101 170
101 181
101 190
102 106
102 115
102 117
102 123
102 126
102 129
102 143
102 145
102 157
102 161
102 162
102 168
102 172
102 177
102 178
102 179
102 193
102 195
102 196
103 105
103 117
103 142
103 189
103 196
104 109
104 112
104 134
104 165
104 167
104 194
104 198
105 112
105 113
105 117
105 132
105 133
105 153
105 175
105 192
106 109
106 111
106 113
106 121
106 128
106 156
106 170
106 178
106 180
106 196
106 198
106 199
107 142
107 144
107 152
107 157
107 182
107 195
108 109
108 117
108 124
108 125
108 165
108 178
108 181
108 189
108 191
108 195
108 199
109 110
109 129
109 155
109 160
109 162
109 170
109 173
109 188
110 120
110 123
110 137
110 144
110 154
110 165
110 175
110 190
110 198
111 119
111 139
111 142
111 158
111 159
111 161
111 177
111 179
111 183
111 185
112 115
112 140
112 150
112 175
112 187
112 192
113 121
113 126
113 135
113 138
113 144
113 159
113 179
113 194
113 195
114 122
114 132
114 147
114 169
114 173
114 176
114 178
114 182
114 185
115 134
115 138
115 140
115 157
115 181
115 183
115 198
116 120
116 125
116 135
116 141
116 147
116 151
116 154
116 167
116 177
117 120
117 134
117 148
117 153
117 173
117 178
117 179
117 199
118 122
118 133
118 141
118 151
118 184
118 185
118 192
118 194
118 197
119 120
119 122
119 123
119 126
119 134
119 144
119 154
119 169
119 179
119 198
120 141
120 157
120 159
120 164
120 193
120 194
121 123
121 133
121 135
121 139
121 154
121 171
121 175
121 182
121 183
121 188
121 196
122 130
122 137
122 141
122 162
122 171
122 175
122 185
123 153
123 168
123 189
123 195
124 128
124 135
124 137
124 139
124 150
124 173
124 175
124 179
125 126
125 143
125 144
125 147
125 149
125 166
126 135
126 139
126 158
126 160
126 182
126 190
127 143
127 150
127 177
127 199
128 155
128 158
128 162
128 163
128 165
128 183
128 191
128 199
129 135
129 138
129 150
129 165
129 168
129 194
129 195
129 198
130 132
130 136
130 148
130 178
130 194
131 148
131 150
131 151
131 155
131 158
131 159
131 168
131 186
131 189
131 196
132 135
132 148
132 149
132 168
132 195
133 150
133 157
133 162
133 172
133 175
133 185
133 192
133 193
134 141
134 147
134 163
134 177
134 182
135 140
135 147
135 156
135 166
135 185
135 198
136 144
136 146
136 151
136 153
136 157
136 166
136 177
136 179
136 185
136 190
136 193
137 139
137 142
137 146
137 154
137 158
137 169
137 187
138 142
138 148
138 149
138 167
138 177
138 180
139 161
139 167
139 168
139 178
139 184
139 193
140 162
140 175
141 147
141 155
141 163
141 166
141 175
141 182
141 185
141 188
142 152
142 184
142 197
143 146
143 151
143 159
143 163
143 174
143 176
144 149
144 150
144 156
144 157
144 165
144 191
144 193
145 159
145 161
145 192
145 197
146 154
146 160
146 163
146 169
146 179
146 186
146 197
147 157
147 178
147 180
147 182
147 185
147 193
148 151
148 161
148 163
148 164
148 172
148 173
148 190
148 196
148 198
149 157
149 158
149 166
149 182
149 196
150 154
150 170
150 182
150 189
151 155
151 168
151 179
151 183
151 197
152 161
152 163
152 173
152 186
152 197
153 164
153 170
153 174
153 179
153 184
153 189
153 193
154 175
154 176
154 190
154 199
155 176
155 180
155 196
156 160
156 196
157 163
157 170
157 184
157 189
158 180
158 185
158 190
159 164
159 177
159 190
159 191
159 198
160 195
160 199
161 164
161 165
161 166
161 173
161 174
161 178
161 182
161 184
161 191
161 194
162 166
162 183
162 195
163 178
163 186
163 192
163 196
163 197
163 199
164 181
164 192
164 195
165 175
165 188
166 190
166 191
167 181
167 182
167 197
168 178
168 185
168 188
170 173
170 176
171 177
171 198
172 179
172 181
172 185
172 186
172 190
172 192
172 198
173 182
173 198
174 192
174 197
175 186
175 195
176 180
176 188
176 189
177 179
177 182
177 191
177 195
178 179
180 181
181 185
181 193
182 185
182 188
183 193
185 192
186 194
186 199
188 194
188 196
