0 6
0 9
0 12
0 15
0 22
0 33
0 39
0 43
0 54
0 65
0 66
0 67
0 88
0 95
0 112
0 117
0 132
0 145
0 152
0 155
0 156
0 158
0 163
0 170
0 180
0 181
0 189
0 195
1 9
1 16
1 33
1 36
1 46
1 59
1 60
1 77
1 85
1 88
1 89
1 92
1 97
1 117
1 119
1 127
1 131
1 140
1 142
1 144
1 148
1 151
1 152
1 156
1 158
1 165
1 175
1 185
1 194
2 6
2 16
2 18
2 25
2 36
2 39
2 60
2 69
2 77
2 100
2 101
2 107
2 110
2 111
2 126
2 129
2 131
2 171
2 187
2 189
3 15
3 18
3 24
3 31
3 54
3 62
3 63
3 68
3 70
3 72
3 74
3 78
3 83
3 86
3 88
3 103
3 107
3 118
3 146
3 150
3 151
3 154
4 13
4 24
4 27
4 29
4 30
4 33
4 48
4 58
4 64
4 66
4 68
4 79
4 88
4 92
4 93
4 94
4 98
4 101
4 114
4 116
4 120
4 130
4 139
4 144
4 145
4 148
4 150
4 157
4 163
4 164
4 167
4 171
4 182
4 183
4 187
5 12
5 18
5 27
5 40
5 46
5 59
5 60
5 62
5 69
5 94
5 103
5 106
5 116
5 121
5 125
5 135
5 138
5 154
5 196
5 198
6 8
6 15
6 16
6 17
6 24
6 25
6 33
6 40
6 41
6 56
6 64
6 65
6 73
6 78
6 83
6 88
6 90
6 95
6 123
6 127
6 130
6 132
6 133
6 136
6 141
6 147
6 151
6 156
6 159
6 163
6 164
6 166
6 181
6 198
7 17
7 22
7 23
7 41
7 53
7 55
7 75
7 95
7 97
7 104
7 118
7 121
7 123
7 144
7 150
7 161
7 171
7 179
7 184
7 195
8 10
8 16
8 35
8 42
8 45
8 49
8 54
8 59
8 60
8 61
8 64
8 70
8 73
8 76
8 82
8 88
8 91
8 94
8 110
8 114
8 115
8 117
8 123
8 127
8 135
8 136
8 147
8 160
8 169
8 171
8 172
8 175
8 176
8 177
8 179
8 184
8 188
9 11
9 12
9 14
9 25
9 33
9 36
9 44
9 53
9 66
9 74
9 76
9 78
9 95
9 108
9 115
9 123
9 127
9 140
9 142
9 147
9 161
9 163
9 169
9 172
9 181
9 182
9 186
9 187
10 16
10 17
10 20
10 39
10 46
10 47
10 49
10 54
10 63
10 76
10 79
10 80
10 81
10 86
10 106
10 124
10 125
10 128
10 130
10 136
10 149
10 163
10 167
10 173
10 188
10 194
11 13
11 23
11 31
11 34
11 36
11 41
11 57
11 60
11 75
11 80
11 83
11 95
11 96
11 101
11 112
11 116
11 124
11 133
11 138
11 141
11 144
11 149
11 156
11 163
11 173
11 177
11 181
11 185
11 192
11 196
12 36
12 44
12 45
12 49
12 52
12 57
12 61
12 68
12 79
12 83
12 89
12 92
12 93
12 103
12 106
12 120
12 122
12 127
12 139
12 141
12 145
12 152
12 158
12 159
12 168
12 179
12 180
12 183
12 184
12 185
12 191
12 192
13 18
13 26
13 29
13 32
13 51
13 52
13 54
13 56
13 57
13 63
13 90
13 93
13 105
13 121
13 123
13 134
13 158
13 162
13 175
13 176
13 177
13 179
13 180
13 195
14 30
14 35
14 46
14 48
14 49
14 62
14 80
14 88
14 93
14 109
14 113
14 117
14 121
14 138
14 145
14 152
14 164
14 165
14 173
14 174
14 180
14 191
14 193
15 20
15 25
15 35
15 42
15 44
15 50
15 64
15 72
15 78
15 98
15 102
15 104
15 105
15 120
15 124
15 126
15 141
15 146
15 157
15 161
15 165
15 188
15 192
16 24
16 35
16 56
16 70
16 71
16 88
16 92
16 99
16 120
16 124
16 138
16 139
16 142
16 143
16 147
16 150
16 158
16 160
16 166
16 174
16 188
16 189
16 194
16 196
17 25
17 29
17 30
17 32
17 33
17 46
17 61
17 62
17 90
17 91
17 92
17 93
17 94
17 97
17 103
17 104
17 108
17 115
17 116
17 118
17 122
17 125
17 126
17 136
17 137
17 139
17 142
17 149
17 150
17 155
17 156
17 157
17 162
17 172
17 185
17 187
17 191
17 192
17 199
18 20
18 23
18 31
18 37
18 50
18 74
18 86
18 91
18 97
18 101
18 108
18 112
18 113
18 120
18 122
18 123
18 138
18 158
18 160
18 163
18 171
18 187
18 199
19 21
19 31
19 38
19 45
19 47
19 55
19 62
19 63
19 73
19 74
19 76
19 77
19 85
19 86
19 116
19 136
19 144
19 149
19 161
19 162
19 173
19 185
19 189
19 194
19 196
20 30
20 37
20 38
20 40
20 49
20 82
20 84
20 88
20 89
20 117
20 118
20 131
20 144
20 146
20 165
20 169
20 170
20 188
20 190
20 191
20 195
21 24
21 25
21 27
21 36
21 38
21 48
21 55
21 63
21 66
21 68
21 72
21 73
21 78
21 85
21 87
21 92
21 98
21 99
21 104
21 109
21 123
21 124
21 125
21 126
21 129
21 134
21 144
21 151
21 166
21 174
21 178
21 181
21 186
21 187
21 199
22 30
22 44
22 48
22 52
22 57
22 74
22 77
22 90
22 108
22 115
22 133
22 134
22 136
22 148
22 157
22 163
22 168
22 172
22 181
22 187
22 196
23 24
23 46
23 54
23 61
23 64
23 65
23 70
23 80
23 94
23 97
23 98
23 100
23 104
23 105
23 111
23 117
23 125
23 150
23 165
23 166
23 167
23 168
23 176
23 184
23 193
23 199
24 26
24 32
24 33
24 35
24 38
24 45
24 54
24 56
24 63
24 68
24 72
24 86
24 88
24 91
24 92
24 93
24 98
24 100
24 106
24 108
24 109
24 110
24 117
24 124
24 125
24 129
24 130
24 157
24 165
24 167
24 182
24 184
24 189
24 194
25 29
25 34
25 46
25 50
25 62
25 64
25 65
25 67
25 74
25 88
25 89
25 90
25 91
25 95
25 96
25 109
25 124
25 146
25 148
25 149
25 151
25 156
25 160
25 161
25 162
25 172
25 175
25 188
25 190
25 193
26 30
26 33
26 34
26 37
26 46
26 48
26 51
26 54
26 56
26 57
26 72
26 106
26 107
26 111
26 112
26 120
26 127
26 131
26 132
26 138
26 141
26 151
26 174
26 181
26 196
26 199
27 44
27 53
27 72
27 75
27 79
27 87
27 88
27 91
27 93
27 94
27 95
27 99
27 106
27 107
27 109
27 110
27 114
27 134
27 135
27 140
27 142
27 164
27 174
27 176
27 178
27 180
27 183
27 188
27 195
28 37
28 42
28 51
28 70
28 74
28 76
28 77
28 95
28 97
28 108
28 114
28 123
28 124
28 127
28 142
28 145
28 151
28 155
28 157
28 167
28 173
28 183
28 186
28 196
29 31
29 40
29 57
29 61
29 78
29 83
29 87
29 97
29 100
29 102
29 104
29 116
29 133
29 140
29 145
29 148
29 149
29 157
29 170
29 174
29 179
29 183
29 185
29 187
29 194
30 39
30 43
30 49
30 62
30 80
30 81
30 92
30 99
30 100
30 109
30 151
30 163
30 171
30 172
30 176
30 183
30 193
31 40
31 45
31 48
31 52
31 54
31 67
31 68
31 69
31 72
31 79
31 131
31 135
31 137
31 143
31 148
31 157
31 159
31 163
31 177
31 181
31 185
31 197
32 38
32 41
32 49
32 50
32 72
32 82
32 85
32 89
32 102
32 105
32 107
32 125
32 134
32 144
32 149
32 157
32 159
32 165
32 178
33 39
33 44
33 50
33 52
33 65
33 68
33 69
33 86
33 87
33 91
33 116
33 122
33 124
33 128
33 131
33 133
33 137
33 144
33 154
33 167
33 172
33 182
33 183
34 36
34 44
34 47
34 63
34 64
34 69
34 88
34 98
34 113
34 133
34 151
34 152
34 159
34 174
34 177
34 192
35 41
35 46
35 53
35 55
35 61
35 78
35 87
35 91
35 103
35 112
35 118
35 144
35 146
35 148
35 149
35 150
35 154
35 156
35 162
35 164
35 167
35 175
35 178
35 187
35 189
35 191
36 42
36 49
36 53
36 60
36 68
36 80
36 84
36 92
36 102
36 105
36 111
36 138
36 144
36 145
36 147
36 152
36 156
36 164
36 177
36 187
36 188
37 38
37 40
37 43
37 49
37 61
37 78
37 92
37 96
37 98
37 104
37 109
37 111
37 129
37 136
37 137
37 138
37 139
37 145
37 158
37 161
38 40
38 43
38 48
38 49
38 69
38 77
38 78
38 79
38 81
38 96
38 100
38 112
38 116
38 117
38 118
38 119
38 121
38 124
38 128
38 129
38 132
38 140
38 145
38 148
38 152
38 160
38 171
38 177
38 183
38 189
38 191
38 199
39 46
39 60
39 61
39 68
39 76
39 93
39 97
39 101
39 108
39 114
39 128
39 131
39 132
39 139
39 160
39 161
39 162
39 170
39 172
39 176
39 183
39 184
39 187
39 192
40 42
40 49
40 66
40 73
40 74
40 76
40 79
40 92
40 105
40 114
40 117
40 120
40 121
40 143
40 154
40 160
40 163
40 192
41 61
41 72
41 80
41 98
41 100
41 117
41 119
41 123
41 131
41 134
41 147
41 149
41 152
41 155
41 158
41 163
41 168
41 177
41 182
41 186
42 77
42 85
42 89
42 93
42 107
42 120
42 124
42 127
42 129
42 142
42 143
42 164
42 166
42 178
42 181
42 198
42 199
43 44
43 47
43 50
43 52
43 55
43 57
43 77
43 86
43 90
43 93
43 96
43 98
43 117
43 135
43 138
43 144
43 153
43 160
43 165
43 166
43 172
43 183
43 185
43 196
43 198
43 199
44 55
44 59
44 78
44 81
44 83
44 84
44 86
44 87
44 94
44 96
44 101
44 104
44 109
44 113
44 130
44 142
44 156
44 160
44 164
44 165
44 166
44 171
44 199
45 77
45 82
45 91
45 104
45 105
45 110
45 126
45 131
45 139
45 141
45 153
45 158
45 159
45 165
45 174
45 175
45 182
45 186
45 189
45 190
45 192
45 193
46 55
46 75
46 77
46 82
46 83
46 85
46 87
46 98
46 103
46 108
46 121
46 122
46 125
46 127
46 133
46 137
46 139
46 140
46 174
46 177
46 183
46 185
46 191
47 54
47 56
47 62
47 64
47 65
47 71
47 77
47 83
47 85
47 87
47 99
47 104
47 105
47 106
47 112
47 116
47 119
47 122
47 128
47 132
47 137
47 143
47 153
47 154
47 158
47 161
47 162
47 185
47 186
47 190
47 193
48 52
48 53
48 61
48 67
48 68
48 76
48 79
48 88
48 94
48 95
48 100
48 109
48 122
48 134
48 152
48 156
48 184
48 198
49 64
49 69
49 76
49 85
49 93
49 96
49 111
49 132
49 137
49 144
49 164
49 166
49 187
49 190
49 198
50 55
50 56
50 60
50 64
50 80
50 81
50 82
50 88
50 98
50 108
50 113
50 117
50 123
50 134
50 136
50 143
50 171
50 178
50 182
50 184
50 186
50 196
51 58
51 63
51 95
51 100
51 110
51 119
51 120
51 132
51 140
51 144
51 154
51 155
51 158
51 164
51 173
51 175
51 176
51 180
51 187
51 196
52 53
52 63
52 66
52 82
52 86
52 90
52 97
52 106
52 114
52 124
52 132
52 141
52 142
52 146
52 151
52 152
52 159
52 162
52 165
52 167
52 176
52 179
52 182
53 54
53 65
53 75
53 76
53 88
53 91
53 97
53 98
53 99
53 107
53 108
53 110
53 114
53 116
53 132
53 139
53 140
53 142
53 159
53 165
53 167
53 181
53 182
53 184
53 196
53 198
54 58
54 61
54 66
54 69
54 89
54 95
54 100
54 103
54 137
54 143
54 148
54 156
54 176
54 196
55 58
55 69
55 73
55 81
55 99
55 117
55 118
55 124
55 136
55 138
55 139
55 144
55 161
55 165
55 168
55 171
55 186
55 189
55 192
56 59
56 65
56 66
56 96
56 101
56 107
56 110
56 111
56 117
56 119
56 129
56 132
56 135
56 136
56 144
56 146
56 148
56 158
56 159
56 164
56 168
56 171
56 175
57 61
57 62
57 68
57 69
57 78
57 82
57 83
57 86
57 91
57 92
57 103
57 115
57 117
57 129
57 130
57 137
57 141
57 148
57 150
57 152
57 154
57 165
57 185
57 189
57 194
58 60
58 64
58 66
58 72
58 84
58 87
58 100
58 109
58 128
58 138
58 143
58 151
58 168
58 170
58 175
58 187
58 188
58 198
59 66
59 82
59 88
59 90
59 92
59 95
59 98
59 106
59 112
59 114
59 117
59 122
59 127
59 128
59 138
59 143
59 148
59 152
59 162
59 180
59 194
60 70
60 73
60 78
60 83
60 89
60 101
60 103
60 104
60 114
60 122
60 123
60 134
60 151
60 160
60 169
60 173
60 182
60 199
61 64
61 68
61 73
61 75
61 76
61 84
61 89
61 102
61 105
61 119
61 120
61 123
61 127
61 130
61 131
61 142
61 159
61 177
61 182
61 194
61 199
62 63
62 64
62 94
62 97
62 103
62 109
62 117
62 119
62 151
62 156
62 157
62 158
62 166
62 167
62 172
62 176
62 185
62 196
63 70
63 73
63 81
63 88
63 97
63 105
63 110
63 118
63 119
63 123
63 135
63 137
63 139
63 153
63 159
63 162
63 168
63 175
63 179
63 186
63 196
63 197
64 76
64 79
64 83
64 88
64 104
64 112
64 113
64 114
64 115
64 116
64 120
64 136
64 151
64 154
64 165
64 168
64 180
64 190
64 197
65 70
65 89
65 95
65 102
65 105
65 106
65 109
65 114
65 122
65 132
65 138
65 139
65 142
65 164
65 165
65 168
65 180
65 182
65 186
65 187
65 189
65 191
65 198
66 76
66 84
66 89
66 91
66 99
66 104
66 116
66 122
66 140
66 145
66 146
66 147
66 149
66 159
66 161
66 173
66 175
66 181
66 189
66 197
66 199
67 76
67 83
67 97
67 100
67 106
67 110
67 115
67 120
67 132
67 134
67 150
67 166
67 167
67 168
67 177
67 192
67 193
68 76
68 82
68 85
68 93
68 102
68 118
68 121
68 125
68 136
68 137
68 148
68 155
68 157
68 164
68 172
68 181
68 190
68 192
69 72
69 73
69 98
69 99
69 103
69 108
69 110
69 114
69 116
69 119
69 120
69 125
69 129
69 138
69 141
69 168
69 178
69 193
70 82
70 88
70 100
70 101
70 107
70 118
70 119
70 120
70 130
70 131
70 137
70 149
70 152
70 161
70 176
70 184
70 192
70 195
71 74
71 83
71 89
71 90
71 95
71 107
71 114
71 118
71 132
71 133
71 146
71 150
71 164
71 170
71 173
71 175
71 181
71 187
72 100
72 102
72 107
72 111
72 117
72 121
72 124
72 126
72 132
72 134
72 148
72 155
72 156
72 157
72 160
72 164
72 170
72 175
72 190
72 192
72 194
72 197
73 77
73 85
73 89
73 93
73 96
73 100
73 103
73 105
73 106
73 117
73 120
73 123
73 129
73 134
73 136
73 180
73 184
73 189
73 193
73 199
74 81
74 82
74 83
74 84
74 87
74 96
74 106
74 122
74 127
74 128
74 136
74 144
74 155
74 160
74 167
74 171
74 188
74 193
74 194
75 78
75 79
75 80
75 87
75 90
75 94
75 95
75 97
75 101
75 109
75 114
75 138
75 151
75 166
75 186
75 187
75 192
76 78
76 79
76 88
76 95
76 106
76 107
76 118
76 151
76 158
76 163
76 169
76 174
76 187
76 190
77 84
77 91
77 99
77 111
77 116
77 118
77 128
77 134
77 145
77 154
77 156
77 161
77 168
77 182
77 184
77 188
77 189
77 197
77 199
78 91
78 94
78 95
78 106
78 107
78 108
78 112
78 113
78 116
78 119
78 129
78 132
78 142
78 146
78 155
78 168
79 80
79 93
79 96
79 109
79 113
79 117
79 127
79 132
79 136
79 142
79 148
79 150
79 153
79 158
79 169
79 170
79 172
79 174
79 187
79 189
79 193
79 194
80 87
80 104
80 114
80 116
80 118
80 122
80 127
80 128
80 129
80 143
80 159
80 161
80 163
80 169
80 188
80 199
81 96
81 97
81 103
81 115
81 140
81 153
81 161
81 173
81 179
81 189
81 199
82 86
82 92
82 94
82 97
82 109
82 115
82 116
82 121
82 125
82 126
82 131
82 132
82 145
82 149
82 154
82 168
82 187
82 189
82 194
83 84
83 86
83 100
83 104
83 105
83 118
83 119
83 148
83 150
83 165
83 166
83 168
83 174
83 182
83 188
83 191
83 192
84 88
84 93
84 96
84 98
84 110
84 117
84 120
84 121
84 129
84 132
84 148
84 151
84 161
84 170
84 173
84 186
84 193
85 88
85 95
85 112
85 121
85 122
85 134
85 146
85 148
85 156
85 159
85 161
85 167
85 169
85 177
86 98
86 102
86 103
86 110
86 126
86 132
86 134
86 137
86 138
86 140
86 141
86 155
86 156
86 157
86 160
86 166
86 167
86 178
86 184
86 191
86 195
87 89
87 94
87 111
87 112
87 119
87 142
87 147
87 151
87 156
87 162
87 163
87 165
87 167
87 173
87 175
87 177
87 190
88 92
88 99
88 127
88 130
88 137
88 138
88 140
88 147
88 148
88 149
88 150
88 157
88 161
88 162
88 164
88 165
88 170
88 179
88 188
88 195
89 93
89 95
89 101
89 112
89 113
89 120
89 124
89 127
89 128
89 135
89 137
89 139
89 152
89 171
89 182
89 193
89 195
90 92
90 101
90 107
90 108
90 116
90 122
90 126
90 146
90 156
90 158
90 161
90 164
90 165
90 174
90 177
90 185
91 92
91 106
91 109
91 110
91 115
91 118
91 123
91 145
91 162
91 172
91 177
91 189
92 100
92 101
92 103
92 109
92 116
92 120
92 121
92 131
92 133
92 134
92 143
92 145
92 149
92 159
92 171
92 173
92 183
92 189
92 192
92 198
93 102
93 108
93 113
93 116
93 118
93 121
93 125
93 128
93 132
93 133
93 138
93 142
93 146
93 153
93 156
93 161
93 162
93 167
93 173
93 178
94 98
94 112
94 124
94 128
94 130
94 139
94 140
94 144
94 150
94 161
94 173
94 175
94 177
94 187
94 198
95 109
95 125
95 126
95 128
95 129
95 132
95 134
95 140
95 148
95 152
95 162
95 163
95 167
95 181
95 182
95 185
96 101
96 117
96 119
96 123
96 135
96 138
96 141
96 143
96 149
96 153
96 156
96 169
96 170
96 192
96 197
97 98
97 109
97 110
97 117
97 120
97 121
97 123
97 124
97 125
97 128
97 134
97 135
97 146
97 152
97 156
97 159
97 169
97 170
97 172
97 173
97 180
97 181
97 185
97 191
98 100
98 116
98 121
98 122
98 125
98 130
98 152
98 156
98 157
98 167
98 169
98 170
98 195
98 196
99 105
99 106
99 120
99 126
99 140
99 154
99 161
99 164
99 165
99 173
99 184
99 187
99 189
100 118
100 125
100 126
100 136
100 137
100 152
100 154
100 168
100 176
101 104
101 109
101 115
101 124
101 127
101 143
101 144
101 151
101 155
101 164
101 168
101 170
101 179
101 181
101 182
101 184
101 190
101 192
101 195
101 199
102 108
102 112
102 121
102 129
102 134
102 136
102 162
102 167
102 169
102 177
102 185
102 186
102 194
102 195
103 110
103 111
103 120
103 128
103 151
103 153
103 173
103 184
103 186
103 194
103 199
104 108
104 125
104 139
104 144
104 150
104 154
104 155
104 157
104 159
104 170
104 171
104 174
104 181
104 182
104 191
104 193
105 125
105 126
105 127
105 131
105 133
105 135
105 136
105 140
105 146
105 153
105 163
105 167
105 168
105 191
105 193
105 196
105 198
106 112
106 125
106 134
106 142
106 144
106 146
106 156
106 167
106 177
106 179
106 180
106 185
107 109
107 110
107 113
107 122
107 128
107 130
107 132
107 135
107 147
107 159
107 161
107 163
107 167
107 181
107 185
107 195
108 116
108 117
108 122
108 124
108 136
108 143
108 150
108 152
108 157
108 160
108 161
108 180
108 186
108 187
108 188
108 190
108 193
109 120
109 122
109 129
109 131
109 134
109 135
109 136
109 141
109 143
109 148
109 162
109 173
109 183
109 189
109 197
110 117
110 127
110 136
110 138
110 145
110 155
110 158
110 164
110 170
110 189
111 118
111 120
111 125
111 131
111 145
111 160
111 173
111 179
111 181
111 187
111 188
112 113
112 120
112 126
112 135
112 142
112 148
112 149
112 173
112 180
112 185
112 188
112 191
112 196
112 197
113 126
113 137
113 139
113 148
113 153
113 159
113 164
113 165
113 168
113 171
113 173
113 180
113 194
113 198
113 199
114 116
114 119
114 126
114 130
114 131
114 132
114 150
114 152
114 158
114 162
114 177
114 193
114 198
115 122
115 124
115 125
115 128
115 137
115 157
115 159
115 164
115 168
115 178
115 184
115 189
115 190
115 192
115 193
116 126
116 135
116 140
116 142
116 147
116 150
116 153
116 161
116 166
116 175
116 176
116 190
116 194
116 195
117 139
117 144
117 150
117 151
117 152
117 154
117 161
117 183
117 192
118 128
118 138
118 140
118 154
118 160
118 168
118 169
118 195
119 123
119 126
119 143
119 148
119 149
119 151
119 153
119 178
119 181
119 184
119 188
120 122
120 131
120 142
120 148
120 155
120 157
120 170
120 171
120 178
120 185
120 187
121 131
121 140
121 178
121 180
121 182
121 185
121 197
122 126
122 133
122 153
122 165
122 175
122 176
122 184
122 187
122 190
122 191
122 199
123 127
123 134
123 156
123 162
123 164
123 176
123 181
123 182
123 184
123 185
123 191
124 131
124 133
124 141
124 144
124 162
124 164
124 166
124 167
124 169
124 186
124 191
125 134
125 135
125 137
125 149
125 151
125 155
125 168
125 178
125 191
125 193
125 194
126 131
126 132
126 136
126 139
126 163
126 169
126 175
126 176
126 182
126 188
126 196
127 129
127 132
127 140
127 145
127 150
127 158
127 163
127 171
127 175
127 178
127 187
127 188
127 191
127 192
127 194
128 136
128 137
128 139
128 143
128 144
128 149
128 164
128 166
128 175
128 183
128 186
128 190
128 191
128 193
128 194
128 196
129 134
129 138
129 145
129 152
129 163
129 167
129 168
129 174
129 179
129 184
129 191
129 198
129 199
130 133
130 135
130 145
130 148
130 150
130 153
130 159
130 160
130 170
130 177
130 179
130 193
130 195
130 196
131 132
131 145
131 158
131 160
131 164
131 171
131 179
132 139
132 146
132 153
132 155
132 166
132 168
132 192
133 137
133 144
133 145
133 151
133 154
133 155
133 158
133 159
133 163
133 190
133 194
133 197
134 141
134 147
134 150
134 154
134 158
134 163
134 185
134 188
134 191
134 199
135 160
135 169
135 184
135 186
135 195
135 197
135 198
135 199
136 139
136 142
136 153
136 157
136 162
136 172
136 181
136 187
136 191
137 142
137 148
137 152
137 158
137 163
137 167
137 168
137 169
137 171
137 177
137 188
138 153
138 169
138 173
138 175
138 177
138 178
138 187
138 198
139 148
139 155
139 162
139 167
139 172
139 184
139 199
140 141
140 144
140 146
140 153
140 164
140 165
140 166
140 168
140 171
140 173
140 174
140 183
141 146
141 158
141 159
141 167
141 177
141 179
141 180
141 183
141 185
141 189
141 199
142 144
142 145
142 147
142 151
142 176
142 195
143 151
143 154
143 155
143 156
143 165
143 194
144 145
144 146
144 151
144 155
144 169
144 172
144 176
144 185
144 187
144 191
144 198
145 156
145 161
145 162
145 163
145 169
145 171
145 179
145 187
145 188
145 191
145 194
145 197
146 147
146 149
146 155
146 159
146 170
146 184
146 197
147 151
147 157
147 159
147 172
147 175
147 180
147 183
147 188
147 199
148 158
148 166
148 169
148 170
148 172
148 175
148 179
149 159
149 160
149 164
149 168
149 169
149 173
149 174
149 186
149 187
149 190
149 192
149 194
150 151
150 164
150 176
150 178
150 179
150 181
150 183
150 184
150 186
150 188
150 191
150 197
151 153
151 159
151 161
151 165
151 172
151 173
151 176
151 177
151 194
151 196
152 157
152 180
152 183
152 186
152 191
152 195
152 196
153 161
153 166
153 177
153 188
153 189
153 197
154 164
154 166
154 173
154 175
154 176
154 181
154 187
154 194
155 166
155 168
155 172
155 174
155 184
155 186
155 189
155 198
156 163
156 191
156 194
156 196
156 197
157 162
157 166
157 167
157 169
157 172
157 176
157 188
157 189
157 190
157 196
158 169
158 188
159 162
159 173
159 175
160 171
160 173
160 181
160 185
160 192
160 196
161 162
161 163
161 168
161 173
161 194
161 195
162 165
162 168
162 186
162 188
162 189
162 194
162 196
162 199
163 166
163 169
163 174
163 175
163 187
163 189
163 192
163 196
164 172
164 183
165 170
165 172
165 173
165 174
165 176
165 179
165 184
165 185
165 198
166 168
166 194
167 169
167 179
167 181
167 194
167 197
168 179
168 190
169 184
169 185
169 187
170 174
170 175
170 188
170 189
171 183
171 195
172 196
172 198
173 180
173 186
173 189
173 192
173 194
173 196
173 197
176 185
177 179
177 180
177 187
177 194
177 196
178 184
178 185
178 191
178 196
179 181
179 185
180 182
180 199
182 189
183 191
184 191
184 196
185 198
187 188
187 192
187 199
188 193
188 196
188 197
189 196
190 191
191 192
191 194
191 198
192 199
194 196
196 198
197 198
197 199
