0 5
0 16
0 20
0 21
0 22
0 23
0 33
0 35
0 39
0 59
0 61
0 79
0 80
0 114
0 127
0 130
0 141
0 145
0 167
0 195
0 196
1 7
1 28
1 32
1 34
1 36
1 41
1 47
1 94
1 98
1 99
1 106
1 108
1 120
1 134
1 157
1 160
1 170
1 172
1 180
1 181
1 183
1 186
2 5
2 9
2 19
2 68
2 69
2 84
2 95
2 113
2 122
2 124
2 136
2 143
2 144
2 157
2 173
2 183
3 4
3 25
3 29
3 37
3 55
3 57
3 61
3 69
3 84
3 85
3 88
3 94
3 98
3 111
3 126
3 132
3 141
3 157
3 158
3 161
3 174
3 175
3 178
3 187
3 189
4 8
4 22
4 24
4 40
4 51
4 52
4 59
4 61
4 89
4 94
4 112
4 133
4 162
4 169
4 187
5 7
5 10
5 12
5 15
5 30
5 39
5 45
5 46
5 58
5 67
5 77
5 83
5 102
5 108
5 123
5 125
5 137
5 140
5 147
5 161
5 173
5 181
6 8
6 14
6 15
6 42
6 53
6 56
6 60
6 64
6 90
6 100
6 110
6 113
6 114
6 117
6 140
6 154
6 156
6 157
6 158
6 161
6 166
6 184
6 190
7 11
7 15
7 28
7 38
7 41
7 44
7 48
7 57
7 58
7 73
7 95
7 103
7 106
7 112
7 116
7 127
7 128
7 146
7 151
7 154
7 174
7 179
7 184
7 191
7 192
7 194
7 195
7 199
8 10
8 18
8 24
8 29
8 41
8 47
8 52
8 68
8 78
8 79
8 102
8 114
8 157
8 180
8 183
8 189
8 191
8 194
8 195
8 198
9 17
9 23
9 28
9 30
9 32
9 38
9 42
9 53
9 58
9 64
9 78
9 86
9 88
9 130
9 132
9 140
9 147
9 149
9 169
9 174
9 175
9 177
9 190
9 194
10 24
10 40
10 64
10 68
10 85
10 87
10 90
10 97
10 110
10 119
10 134
10 137
10 145
10 156
10 162
10 166
10 180
11 22
11 24
11 41
11 49
11 102
11 114
11 116
11 119
11 151
11 154
11 164
11 173
11 190
11 191
11 197
12 14
12 17
12 25
12 26
12 32
12 65
12 66
12 70
12 73
12 74
12 78
12 93
12 94
12 102
12 124
12 132
12 136
12 143
12 162
12 183
12 196
13 33
13 70
13 73
13 76
13 98
13 113
13 116
13 123
13 155
13 161
13 164
13 166
13 168
13 178
13 182
13 187
13 191
14 22
14 75
14 99
14 156
14 165
15 28
15 33
15 60
15 73
15 79
15 109
15 119
15 133
15 138
15 140
15 143
15 154
15 167
15 169
15 184
15 185
15 187
16 22
16 26
16 30
16 51
16 58
16 63
16 70
16 74
16 80
16 89
16 97
16 99
16 100
16 105
16 106
16 114
16 115
16 144
16 161
16 176
16 189
16 191
17 58
17 66
17 69
17 102
17 105
17 137
17 150
17 165
17 166
17 175
17 177
17 181
17 185
17 188
17 192
17 196
17 199
18 45
18 50
18 68
18 77
18 81
18 94
18 107
18 125
18 126
18 132
18 134
18 152
18 160
18 162
18 166
18 169
18 185
18 196
19 27
19 30
19 35
19 54
19 70
19 71
19 78
19 94
19 123
19 127
19 129
19 136
19 143
19 149
19 178
19 182
19 192
20 24
20 30
20 42
20 49
20 58
20 71
20 82
20 87
20 94
20 95
20 112
20 127
20 172
20 181
20 182
20 185
20 190
20 192
20 199
21 46
21 48
21 57
21 68
21 83
21 86
21 90
21 108
21 115
21 117
21 141
21 151
21 156
21 158
21 159
21 170
21 177
21 194
22 33
22 35
22 43
22 48
22 49
22 56
22 60
22 79
22 97
22 110
22 124
22 172
22 173
22 179
22 196
23 36
23 42
23 56
23 65
23 72
23 84
23 96
23 122
23 129
23 163
23 191
24 32
24 35
24 45
24 49
24 65
24 71
24 73
24 74
24 80
24 81
24 89
24 92
24 97
24 102
24 120
24 126
24 163
24 172
24 181
24 184
24 185
24 189
25 26
25 29
25 39
25 62
25 81
25 91
25 101
25 110
25 113
25 122
25 129
25 138
25 141
25 151
25 154
25 161
25 188
25 190
25 197
26 34
26 39
26 46
26 48
26 51
26 62
26 70
26 84
26 85
26 86
26 89
26 92
26 129
26 131
26 135
26 154
26 161
26 167
26 185
26 198
27 52
27 54
27 70
27 91
27 100
27 119
27 122
27 126
27 141
27 148
27 185
27 186
28 32
28 35
28 51
28 71
28 78
28 84
28 97
28 103
28 109
28 112
28 127
28 129
28 136
28 152
28 156
28 163
28 173
28 178
28 184
28 194
29 30
29 67
29 76
29 88
29 91
29 122
29 141
29 142
29 154
29 166
29 193
30 62
30 66
30 86
30 95
30 102
30 113
30 114
30 117
30 128
30 141
30 144
30 182
30 189
31 38
31 48
31 64
31 73
31 87
31 104
31 116
31 123
31 124
31 148
31 158
31 170
31 179
31 181
31 188
31 193
32 40
32 52
32 106
32 173
32 183
32 194
32 198
33 39
33 50
33 58
33 64
33 76
33 109
33 119
33 123
33 144
33 154
33 155
33 159
34 39
34 48
34 68
34 83
34 85
34 96
34 116
34 122
34 124
34 127
34 134
34 158
34 162
34 187
35 56
35 67
35 80
35 117
35 118
35 125
35 128
35 147
35 195
36 45
36 52
36 57
36 58
36 79
36 85
36 87
36 94
36 100
36 104
36 105
36 111
36 120
36 126
36 130
36 133
36 139
36 149
36 161
36 168
36 179
37 58
37 74
37 79
37 101
37 115
37 156
37 173
37 180
37 182
37 186
37 190
38 40
38 62
38 75
38 97
38 104
38 106
38 108
38 130
38 145
38 146
38 155
38 160
38 164
38 173
38 182
38 190
38 198
39 45
39 49
39 50
39 56
39 63
39 64
39 69
39 92
39 106
39 118
39 137
39 141
39 182
39 198
40 41
40 61
40 74
40 87
40 99
40 109
40 118
40 123
40 126
40 130
40 133
40 148
40 179
40 195
40 198
41 45
41 60
41 63
41 65
41 66
41 67
41 74
41 78
41 84
41 85
41 89
41 97
41 100
41 107
41 111
41 116
41 118
41 126
41 127
41 149
41 163
41 168
41 174
41 180
41 189
41 197
42 51
42 62
42 76
42 77
42 79
42 121
42 122
42 130
42 131
42 136
42 139
42 150
42 152
42 158
42 165
42 178
42 179
42 186
42 196
43 45
43 59
43 95
43 102
43 104
43 105
43 107
43 111
43 115
43 133
43 142
43 159
43 160
43 164
43 179
43 181
43 192
43 198
44 48
44 56
44 78
44 85
44 86
44 112
44 122
44 123
44 132
44 169
44 172
44 175
44 180
44 190
44 196
44 199
45 50
45 64
45 73
45 87
45 112
45 116
45 117
45 135
45 141
45 145
45 147
45 153
45 158
45 163
45 171
45 194
45 198
46 73
46 79
46 88
46 108
46 110
46 116
46 123
46 128
46 129
46 132
46 159
46 182
46 184
46 186
47 48
47 49
47 53
47 69
47 107
47 143
47 153
47 171
47 184
47 185
47 187
48 55
48 61
48 65
48 72
48 76
48 79
48 102
48 112
48 115
48 117
48 127
48 135
48 155
48 167
48 176
48 196
49 54
49 59
49 64
49 72
49 77
49 111
49 113
49 125
49 136
49 139
49 144
49 155
49 163
49 165
49 174
49 182
49 188
49 191
49 194
49 196
50 53
50 59
50 70
50 82
50 87
50 89
50 110
50 155
50 179
50 187
50 193
50 196
51 71
51 72
51 74
51 132
51 149
51 159
51 175
51 183
51 190
51 199
52 58
52 85
52 109
52 117
52 121
52 126
52 140
52 146
52 150
52 160
52 177
52 178
52 194
52 199
53 60
53 62
53 64
53 69
53 77
53 80
53 81
53 109
53 118
53 120
53 124
53 127
53 134
53 140
53 174
53 177
53 181
53 187
53 199
54 55
54 68
54 87
54 88
54 95
54 112
54 114
54 115
54 127
54 129
54 136
54 159
54 173
54 182
54 186
54 194
55 87
55 88
55 90
55 99
55 108
55 112
55 124
55 126
55 134
55 135
55 143
55 146
55 162
55 179
55 197
56 62
56 78
56 79
56 106
56 134
56 139
56 148
56 157
56 164
57 70
57 78
57 87
57 98
57 102
57 106
57 110
57 125
57 138
57 141
57 142
57 144
57 185
57 194
58 83
58 96
58 117
58 127
58 155
58 157
58 165
58 170
58 194
59 62
59 64
59 79
59 80
59 88
59 101
59 103
59 109
59 110
59 111
59 145
59 149
60 79
60 81
60 85
60 94
60 107
60 126
60 127
60 141
60 147
60 153
60 158
60 164
60 176
60 179
60 187
61 87
61 89
61 92
61 95
61 97
61 132
61 146
61 163
61 173
61 175
62 67
62 110
62 113
62 132
62 142
62 155
62 156
62 163
62 165
62 183
62 184
62 187
62 190
62 191
63 68
63 70
63 71
63 90
63 91
63 112
63 121
63 138
63 156
63 160
64 76
64 95
64 107
64 116
64 122
64 124
64 125
64 138
64 156
64 169
64 173
64 176
64 183
65 79
65 83
65 100
65 111
65 124
65 138
65 163
65 172
65 179
66 70
66 71
66 74
66 77
66 78
66 80
66 81
66 87
66 102
66 105
66 113
66 115
66 116
66 131
66 135
66 164
66 167
66 171
66 181
66 183
66 187
67 69
67 70
67 79
67 80
67 86
67 101
67 106
67 108
67 114
67 126
67 141
67 150
67 151
67 154
67 167
67 172
67 179
67 185
68 71
68 77
68 80
68 84
68 104
68 106
68 111
68 142
68 164
68 169
68 174
68 178
68 179
68 186
69 71
69 76
69 77
69 81
69 84
69 99
69 122
69 124
69 140
69 145
69 149
69 150
69 154
69 162
69 198
70 75
70 77
70 102
70 105
70 112
70 116
70 146
70 165
70 175
70 180
70 194
70 195
71 75
71 77
71 99
71 104
71 119
71 123
71 125
71 131
71 144
71 145
71 173
71 180
71 183
71 191
71 194
71 198
71 199
72 78
72 89
72 98
72 101
72 103
72 116
72 117
72 120
72 131
72 138
72 147
72 154
72 159
72 161
72 163
72 167
72 170
72 173
73 86
73 96
73 107
73 108
73 116
73 117
73 140
73 143
73 153
73 171
73 172
73 173
73 179
73 187
73 198
74 80
74 83
74 84
74 118
74 120
74 134
74 140
74 142
74 151
74 162
74 167
74 179
74 180
74 185
74 196
75 82
75 92
75 100
75 101
75 137
75 166
75 173
75 178
75 189
75 191
75 197
76 78
76 93
76 99
76 101
76 116
76 122
76 136
76 139
76 145
76 154
76 156
76 169
76 176
76 187
77 87
77 91
77 97
77 117
77 130
77 137
77 146
77 150
77 154
77 162
77 198
78 82
78 86
78 93
78 106
78 113
78 121
78 122
78 128
78 132
78 158
78 165
78 182
78 185
78 195
79 82
79 83
79 93
79 110
79 125
79 137
79 139
79 141
79 155
79 168
79 169
79 179
79 181
79 187
79 189
79 190
80 85
80 107
80 110
80 112
80 114
80 116
80 123
80 128
80 136
80 154
80 158
80 162
80 172
80 174
80 186
81 83
81 106
81 110
81 121
81 131
81 142
81 155
81 163
81 165
81 170
81 174
81 182
81 199
82 91
82 126
82 141
82 156
82 158
82 160
82 166
82 173
82 175
82 179
82 180
83 103
83 112
83 122
83 135
83 138
83 144
83 146
83 186
83 195
84 88
84 95
84 97
84 98
84 106
84 111
84 118
84 123
84 131
84 144
84 158
84 169
84 182
85 87
85 89
85 94
85 102
85 105
85 107
85 110
85 128
85 132
85 144
85 146
85 151
85 155
85 174
85 181
85 188
85 191
86 96
86 121
86 157
86 160
86 163
86 194
87 94
87 132
87 135
87 164
87 185
87 191
87 197
88 90
88 104
88 118
88 137
88 141
88 142
88 145
88 158
88 161
88 178
88 186
89 90
89 99
89 100
89 111
89 121
89 129
89 132
89 133
89 140
89 141
89 156
89 157
89 169
89 182
89 185
89 189
90 116
90 122
90 125
90 128
90 135
90 140
90 146
90 162
90 165
90 173
90 177
90 194
90 199
91 92
91 97
91 101
91 103
91 114
91 170
91 172
91 178
91 180
92 117
92 122
92 128
92 132
92 141
92 150
92 163
92 167
92 178
92 183
93 96
93 135
93 137
93 143
93 148
93 160
93 179
93 182
93 189
93 194
93 197
94 98
94 102
94 108
94 114
94 115
94 125
94 160
94 169
94 171
94 185
94 187
94 199
95 103
95 104
95 115
95 132
95 140
95 150
95 163
95 186
96 153
96 181
96 192
96 199
97 98
97 142
97 169
97 175
97 190
98 112
98 114
98 115
98 117
98 123
98 131
98 133
98 136
98 144
98 150
98 151
98 153
98 160
98 161
98 166
98 174
98 194
99 121
99 122
99 132
99 159
100 108
100 110
100 120
100 125
100 127
100 140
100 158
100 159
100 161
100 162
100 163
100 174
100 189
101 111
101 120
101 132
101 151
101 160
101 175
101 178
101 188
101 197
102 105
102 115
102 122
102 125
102 131
102 145
102 149
102 151
102 163
102 168
102 183
102 191
102 195
103 114
103 115
103 124
103 157
103 181
103 192
103 193
104 117
104 136
104 143
104 146
104 160
104 171
105 130
105 132
105 160
105 162
105 167
105 176
105 182
106 109
106 144
106 149
106 151
106 163
106 167
107 114
107 117
107 154
107 159
107 174
107 175
107 180
107 189
108 127
108 130
108 134
108 164
108 169
108 179
108 192
108 193
109 122
109 128
109 129
109 131
109 134
109 138
109 154
109 166
109 169
109 185
110 122
110 130
110 142
110 144
110 145
110 146
110 161
110 166
110 175
111 116
111 120
111 127
111 131
111 138
111 148
111 154
111 157
111 169
111 178
111 179
111 180
111 183
111 184
111 190
111 195
111 199
112 123
112 127
112 144
112 150
112 160
112 184
112 190
112 196
113 124
113 137
113 144
113 146
113 152
113 153
113 161
113 188
113 189
113 194
114 127
114 135
114 137
114 141
114 154
114 167
114 181
114 184
114 193
115 122
115 130
115 158
115 162
115 182
115 183
115 194
115 196
115 197
116 117
116 120
116 125
116 136
116 139
116 145
116 150
116 154
116 156
116 177
116 178
116 182
117 121
117 131
117 133
117 151
117 152
117 164
117 167
117 172
117 175
117 179
117 186
117 187
118 119
118 130
118 155
118 165
118 171
118 179
118 181
118 195
118 196
119 135
119 139
119 147
119 157
119 166
119 183
119 185
119 192
120 121
120 143
120 149
120 151
120 158
120 176
120 184
121 137
121 159
121 162
121 172
121 173
121 179
121 181
121 187
121 198
122 129
122 142
122 145
122 154
122 168
122 169
122 181
122 187
123 137
123 139
123 151
123 172
123 185
123 186
123 196
124 130
124 134
124 138
124 142
124 168
124 170
124 197
125 126
125 139
125 159
125 168
125 171
125 181
125 183
125 187
125 189
125 196
125 198
126 139
126 140
126 152
126 183
126 185
126 197
127 145
127 161
127 163
127 167
127 175
127 184
127 186
127 189
127 192
127 199
128 133
128 135
128 143
128 144
128 148
128 156
128 162
128 164
128 176
128 182
128 192
128 193
129 138
129 150
129 160
129 173
129 190
130 134
130 140
130 146
130 152
130 187
130 190
131 151
131 196
132 137
132 148
132 158
132 168
132 173
132 180
132 185
132 190
133 137
133 147
133 148
133 154
133 157
133 161
133 170
133 188
134 138
134 140
134 162
134 165
134 173
134 176
134 179
134 181
135 144
135 151
135 152
135 159
135 175
135 186
135 187
135 190
135 195
136 143
136 160
136 179
136 196
136 197
137 145
137 147
137 164
137 165
137 180
137 184
137 189
138 146
138 149
138 165
138 167
138 176
138 185
138 186
138 189
138 193
138 195
138 196
139 147
139 171
140 151
140 155
140 157
140 172
140 190
141 162
141 168
141 173
141 174
141 178
141 180
141 182
141 184
141 196
141 199
142 146
142 149
142 153
142 156
142 161
142 182
142 183
143 148
143 155
143 173
143 175
143 187
144 147
144 150
144 158
144 161
144 197
145 151
145 170
145 194
147 149
147 161
147 163
147 166
147 175
147 184
147 190
147 192
148 177
148 182
148 186
148 189
148 197
149 156
149 162
149 166
149 169
149 186
149 190
149 191
149 196
150 174
150 177
150 178
150 179
150 188
150 196
150 197
151 165
151 171
151 181
151 192
152 179
152 182
152 184
153 160
153 169
153 170
153 173
153 177
153 180
154 160
154 182
154 185
154 190
155 158
155 164
155 168
155 176
155 180
156 176
156 188
156 194
157 158
157 174
157 182
157 196
158 162
158 166
158 172
158 178
158 192
159 161
159 164
159 166
159 170
159 173
159 191
159 194
159 196
160 169
160 175
160 191
161 190
161 196
162 197
163 166
163 171
163 186
163 191
163 197
164 173
164 177
165 166
165 173
165 197
166 168
166 178
166 179
166 191
166 199
167 168
167 183
167 188
167 196
168 178
168 196
169 179
169 186
170 175
170 180
170 199
171 188
171 192
171 194
171 197
172 187
172 198
173 174
173 180
174 184
174 186
174 190
174 193
175 181
175 191
176 178
176 186
176 187
176 189
176 192
176 194
177 179
177 195
177 197
178 180
178 190
179 182
179 196
180 183
180 184
180 187
180 189
180 196
181 185
181 199
182 185
182 189
182 199
183 187
184 191
184 193
185 194
185 199
186 188
186 193
187 195
188 198
189 191
189 197
189 198
190 196
190 199
198 199
