0 6
0 11
0 14
0 18
0 30
0 38
0 39
0 45
0 72
0 78
0 89
0 95
0 101
0 112
0 114
0 139
0 140
0 145
0 166
0 172
0 197
1 29
1 30
1 33
1 35
1 62
1 65
1 71
1 77
1 79
1 86
1 105
1 120
1 125
1 137
1 140
1 143
1 153
1 160
1 165
1 182
1 185
1 189
1 195
1 199
2 12
2 24
2 35
2 65
2 67
2 77
2 104
2 126
2 146
2 156
2 168
2 182
2 190
2 192
3 8
3 11
3 12
3 26
3 27
3 36
3 38
3 68
3 69
3 70
3 71
3 94
3 95
3 104
3 105
3 115
3 116
3 131
3 144
3 156
3 177
3 190
4 17
4 18
4 23
4 29
4 43
4 46
4 58
4 65
4 72
4 89
4 101
4 105
4 135
4 137
4 138
4 147
4 152
4 155
4 160
4 168
4 173
4 176
4 179
4 188
4 192
5 10
5 11
5 23
5 25
5 29
5 39
5 65
5 70
5 77
5 86
5 87
5 97
5 109
5 113
5 116
5 127
5 133
5 143
5 145
5 147
5 149
5 152
5 154
5 165
5 171
5 178
5 179
5 186
5 194
6 14
6 19
6 21
6 25
6 31
6 34
6 42
6 55
6 58
6 61
6 88
6 90
6 101
6 102
6 108
6 148
6 157
6 160
6 161
6 166
6 170
6 175
6 195
7 11
7 21
7 23
7 29
7 36
7 52
7 53
7 60
7 96
7 97
7 104
7 108
7 113
7 124
7 127
7 142
7 148
7 151
7 172
8 35
8 41
8 43
8 44
8 45
8 61
8 67
8 73
8 90
8 107
8 144
8 148
8 167
8 170
8 177
8 185
8 189
9 19
9 35
9 49
9 68
9 78
9 100
9 122
9 133
9 148
9 149
9 158
9 185
9 193
9 197
10 13
10 17
10 26
10 39
10 79
10 80
10 102
10 107
10 112
10 118
10 154
10 159
10 162
10 168
10 182
10 185
10 193
10 195
10 196
10 199
11 29
11 41
11 44
11 51
11 59
11 74
11 84
11 91
11 92
11 97
11 99
11 130
11 135
11 144
11 145
11 172
11 180
12 14
12 17
12 25
12 47
12 50
12 51
12 53
12 61
12 65
12 84
12 90
12 91
12 144
12 145
12 167
12 168
12 171
12 179
12 191
12 197
13 14
13 22
13 29
13 31
13 44
13 45
13 49
13 65
13 82
13 87
13 94
13 95
13 97
13 105
13 106
13 110
13 122
13 127
13 138
13 146
13 162
14 16
14 20
14 30
14 39
14 47
14 49
14 50
14 55
14 60
14 64
14 71
14 75
14 98
14 105
14 119
14 123
14 125
14 153
14 163
14 173
14 177
14 185
14 192
15 19
15 32
15 39
15 42
15 48
15 88
15 116
15 118
15 134
15 141
15 142
15 143
15 144
15 147
15 156
15 157
15 161
15 166
16 44
16 64
16 87
16 100
16 103
16 117
16 119
16 129
16 142
16 150
16 159
16 160
16 175
16 195
17 21
17 28
17 38
17 53
17 57
17 65
17 68
17 79
17 85
17 176
17 178
17 190
18 33
18 62
18 64
18 68
18 73
18 76
18 77
18 146
18 153
18 154
18 156
18 159
18 173
18 180
18 191
18 192
18 194
19 23
19 70
19 71
19 80
19 83
19 92
19 94
19 114
19 155
19 165
19 170
19 193
20 23
20 27
20 44
20 49
20 58
20 62
20 81
20 95
20 126
20 144
20 146
20 149
20 171
20 186
20 188
21 29
21 42
21 48
21 49
21 54
21 63
21 64
21 70
21 103
21 118
21 124
21 143
21 148
21 155
21 159
21 161
21 167
21 168
22 25
22 30
22 45
22 60
22 64
22 69
22 72
22 82
22 84
22 89
22 95
22 97
22 98
22 102
22 103
22 105
22 116
22 120
22 125
22 133
22 142
22 149
22 154
22 155
22 158
22 172
22 174
22 183
23 37
23 40
23 48
23 58
23 63
23 69
23 86
23 121
23 130
23 147
23 154
23 155
23 161
23 170
23 171
23 173
23 193
23 198
24 36
24 47
24 55
24 71
24 96
24 98
24 116
24 127
24 129
24 140
24 166
24 169
24 172
24 190
24 191
24 199
25 27
25 54
25 65
25 87
25 93
25 119
25 122
25 125
25 134
25 146
25 151
25 152
25 174
25 181
26 47
26 48
26 49
26 59
26 65
26 74
26 80
26 81
26 83
26 110
26 120
26 152
26 182
26 191
27 29
27 30
27 37
27 39
27 43
27 50
27 62
27 63
27 65
27 66
27 80
27 91
27 99
27 100
27 106
27 122
27 140
27 156
27 158
27 161
27 173
27 192
27 194
27 196
28 58
28 65
28 66
28 73
28 93
28 101
28 104
28 112
28 141
28 184
28 186
28 191
29 40
29 52
29 64
29 98
29 105
29 113
29 117
29 123
29 134
29 140
29 146
29 154
29 155
29 194
29 198
30 46
30 56
30 64
30 74
30 92
30 97
30 98
30 101
30 103
30 136
30 138
30 143
30 157
30 164
30 174
30 194
30 199
31 49
31 57
31 61
31 71
31 76
31 85
31 91
31 99
31 100
31 105
31 134
31 139
31 140
31 149
31 168
31 175
31 186
31 198
32 40
32 43
32 44
32 65
32 66
32 73
32 75
32 96
32 113
32 114
32 115
32 118
32 120
32 141
32 146
32 147
32 150
32 151
32 157
32 172
32 190
33 46
33 66
33 67
33 70
33 77
33 81
33 125
33 132
33 133
33 142
33 151
33 155
33 163
33 165
33 170
33 178
34 43
34 63
34 94
34 98
34 100
34 102
34 118
34 131
34 142
34 152
34 155
34 172
34 181
34 196
35 36
35 49
35 53
35 55
35 57
35 58
35 63
35 77
35 90
35 101
35 119
35 120
35 123
35 130
35 134
35 137
35 149
35 155
35 162
35 181
36 48
36 49
36 76
36 82
36 90
36 93
36 100
36 119
36 140
36 145
36 151
36 153
36 181
37 39
37 45
37 70
37 82
37 87
37 89
37 97
37 107
37 111
37 139
37 162
37 163
37 176
37 187
37 190
37 195
37 196
38 59
38 89
38 99
38 102
38 104
38 107
38 111
38 118
38 121
38 135
38 157
38 161
38 174
38 197
39 63
39 69
39 88
39 107
39 112
39 121
39 126
39 131
39 134
39 144
39 146
39 159
39 162
39 164
39 167
39 175
39 180
39 182
39 187
40 64
40 79
40 91
40 106
40 107
40 108
40 126
40 127
40 157
40 160
40 161
40 170
40 171
40 188
41 49
41 59
41 78
41 79
41 89
41 98
41 118
41 126
41 131
41 143
41 146
41 162
41 164
41 193
42 54
42 55
42 67
42 70
42 78
42 87
42 93
42 99
42 108
42 110
42 112
42 121
42 127
42 129
42 133
42 160
42 165
42 173
42 175
42 199
43 62
43 69
43 94
43 111
43 117
43 124
43 133
43 138
43 147
43 161
43 162
43 164
43 165
43 184
44 50
44 56
44 66
44 75
44 90
44 91
44 92
44 99
44 112
44 116
44 118
44 129
44 135
44 143
44 148
44 156
44 157
44 161
44 173
44 177
44 178
45 53
45 74
45 91
45 144
45 153
45 160
45 172
45 173
45 174
45 178
45 196
45 197
46 60
46 68
46 80
46 137
46 150
46 155
46 160
46 161
46 168
46 173
46 175
46 178
46 182
46 191
46 193
46 195
47 60
47 61
47 62
47 68
47 71
47 84
47 109
47 115
47 126
47 147
47 172
47 177
47 187
47 198
48 62
48 66
48 99
48 111
48 132
48 144
48 146
48 148
48 173
48 174
48 177
48 189
49 55
49 69
49 81
49 104
49 110
49 113
49 117
49 124
49 130
49 132
49 138
49 145
49 154
49 162
49 171
50 66
50 67
50 72
50 99
50 105
50 113
50 120
50 121
50 137
50 142
50 145
50 146
50 151
50 154
50 163
50 178
50 180
50 181
50 184
51 58
51 77
51 89
51 103
51 110
51 112
51 114
51 126
51 137
51 162
51 168
51 169
51 171
51 180
51 187
51 197
52 80
52 111
52 116
52 119
52 132
52 133
52 139
52 147
52 149
52 154
52 164
52 192
52 194
52 197
53 56
53 63
53 66
53 72
53 73
53 75
53 77
53 79
53 82
53 83
53 87
53 120
53 127
53 130
53 145
53 147
53 153
53 154
53 158
53 194
53 196
54 59
54 60
54 68
54 69
54 86
54 106
54 139
54 150
54 167
54 172
54 174
54 193
54 198
55 62
55 64
55 69
55 77
55 85
55 90
55 93
55 96
55 98
55 102
55 108
55 119
55 123
55 125
55 127
55 135
55 136
55 148
55 154
55 169
55 175
55 177
55 178
55 184
55 187
56 66
56 67
56 87
56 88
56 90
56 100
56 106
56 122
56 154
56 158
56 160
56 168
56 169
56 182
56 183
56 184
56 193
57 67
57 74
57 87
57 94
57 106
57 115
57 116
57 121
57 122
57 139
57 142
57 143
57 144
57 153
57 165
57 180
58 60
58 77
58 93
58 97
58 106
58 109
58 110
58 116
58 128
58 141
58 148
58 164
58 167
58 183
58 184
58 185
58 194
59 74
59 76
59 108
59 117
59 129
59 138
59 157
59 158
59 167
59 169
60 61
60 62
60 74
60 80
60 96
60 98
60 103
60 109
60 113
60 134
60 140
60 144
60 157
60 169
60 171
60 182
60 184
60 194
61 69
61 78
61 79
61 81
61 93
61 119
61 120
61 121
61 125
61 130
61 154
61 158
61 160
61 164
61 178
61 181
62 89
62 90
62 92
62 101
62 118
62 133
62 158
62 180
63 76
63 90
63 96
63 100
63 102
63 110
63 112
63 113
63 122
63 126
63 136
63 144
63 149
63 158
63 168
63 180
63 185
64 78
64 110
64 115
64 121
64 131
64 153
64 159
64 166
64 183
64 189
64 190
65 75
65 78
65 96
65 100
65 104
65 115
65 120
65 123
65 129
65 132
65 138
65 141
65 161
65 169
65 183
65 189
66 68
66 73
66 80
66 94
66 115
66 117
66 119
66 125
66 127
66 148
66 165
66 167
66 178
66 181
66 185
66 198
67 68
67 72
67 110
67 113
67 115
67 123
67 124
67 127
67 135
67 143
67 151
67 153
67 161
67 167
67 190
67 198
68 70
68 108
68 116
68 119
68 127
68 139
68 156
68 167
68 170
68 181
68 187
68 191
69 84
69 131
69 136
69 156
69 163
69 171
69 172
69 173
70 80
70 84
70 86
70 90
70 93
70 122
70 148
70 162
70 187
70 194
71 100
71 114
71 122
71 126
71 139
71 146
71 147
71 154
71 162
71 185
72 73
72 111
72 120
72 149
72 160
72 163
72 174
72 189
72 190
73 75
73 79
73 80
73 86
73 129
73 177
73 180
73 181
73 189
74 86
74 97
74 122
74 123
74 133
74 143
74 175
74 178
74 198
75 79
75 84
75 87
75 92
75 100
75 107
75 118
75 122
75 136
75 145
75 160
75 184
75 185
75 188
75 193
76 79
76 104
76 108
76 116
76 119
76 128
76 138
76 192
77 104
77 105
77 112
77 126
77 129
77 130
77 134
77 154
77 160
77 177
77 197
78 79
78 86
78 95
78 101
78 111
78 113
78 159
78 162
78 174
78 179
78 182
79 81
79 84
79 100
79 105
79 107
79 127
79 130
79 135
79 145
79 152
79 163
79 166
79 179
79 182
79 183
79 187
80 86
80 92
80 94
80 140
80 158
80 165
80 185
80 195
81 88
81 121
81 150
81 179
82 91
82 96
82 97
82 108
82 109
82 110
82 115
82 134
82 139
82 141
82 156
82 167
82 193
82 197
83 110
83 115
83 125
83 126
83 146
83 170
83 171
83 182
83 184
84 86
84 88
84 94
84 97
84 100
84 106
84 109
84 121
84 123
84 131
84 134
84 140
84 155
84 162
84 175
84 184
85 89
85 90
85 98
85 99
85 101
85 107
85 131
85 138
85 148
85 153
85 167
85 173
85 190
85 196
86 91
86 111
86 119
86 139
86 145
86 150
86 155
86 156
86 162
86 165
86 171
86 177
86 181
86 182
86 187
86 188
86 192
86 194
87 93
87 95
87 105
87 107
87 110
87 111
87 117
87 121
87 131
87 140
87 145
87 148
87 157
87 169
87 170
87 172
88 89
88 94
88 104
88 145
88 164
88 171
88 195
89 102
89 119
89 124
89 128
89 142
89 143
89 144
89 145
89 150
89 157
89 160
89 163
89 165
89 190
89 191
90 106
90 109
90 111
90 120
90 132
90 145
90 147
90 159
90 162
90 174
90 178
91 103
91 105
91 128
91 131
91 132
91 133
91 183
91 185
91 194
92 109
92 110
92 117
92 121
92 128
92 155
92 159
92 168
92 175
92 177
92 179
92 182
93 97
93 104
93 109
93 114
93 131
93 138
93 143
93 144
93 148
93 163
93 166
93 167
93 183
93 191
93 195
94 99
94 117
94 120
94 150
94 172
94 184
94 187
94 197
95 103
95 106
95 110
95 114
95 123
95 140
95 141
95 160
95 170
95 179
95 182
95 198
96 106
96 112
96 115
96 136
96 141
96 151
96 154
96 157
96 175
96 181
96 184
96 191
96 192
96 193
96 196
96 197
97 147
97 150
97 152
97 153
97 158
97 164
98 99
98 115
98 124
98 151
98 156
98 158
98 160
98 164
98 166
98 184
99 104
99 119
99 128
99 135
99 137
99 147
99 194
100 107
100 110
100 114
100 119
100 120
100 130
100 132
100 158
100 161
100 163
100 165
100 181
100 184
100 189
100 198
101 121
101 129
101 130
101 153
101 178
102 105
102 122
102 126
102 154
102 171
102 172
102 183
102 184
103 117
103 119
103 124
103 129
103 137
103 148
103 151
103 172
103 178
103 190
103 193
104 113
104 123
104 177
105 106
105 131
105 140
105 144
105 165
105 189
105 198
106 111
106 123
106 137
106 141
106 148
106 173
106 177
106 189
107 108
107 113
107 114
107 118
107 120
107 125
107 132
107 139
107 148
107 157
108 113
108 134
108 144
108 147
108 169
108 170
108 174
108 179
108 193
108 195
109 111
109 138
109 147
109 165
109 173
109 195
110 116
110 119
110 131
110 159
110 169
110 173
111 119
111 133
111 145
111 148
111 162
111 167
111 186
111 194
111 199
112 123
112 152
112 158
112 175
112 198
113 133
113 140
113 186
113 188
113 190
113 193
113 199
114 128
114 142
114 149
114 153
114 174
114 181
115 117
115 126
115 136
115 154
115 156
115 161
116 125
116 127
116 138
116 158
116 166
116 179
116 180
116 191
117 135
117 153
117 154
118 133
118 135
118 151
118 158
118 171
118 174
118 175
118 182
118 183
118 184
118 189
118 192
119 142
119 155
119 172
119 186
120 125
120 128
120 131
120 135
120 138
120 154
120 191
120 194
121 122
121 184
121 194
122 123
122 125
122 131
122 134
122 156
122 180
122 186
122 199
123 125
123 126
123 131
123 145
123 146
123 173
123 192
123 198
124 160
124 162
124 163
124 165
124 172
124 177
124 179
124 186
124 190
124 191
124 196
125 134
125 138
125 148
125 152
125 165
125 172
125 191
125 199
126 131
126 135
126 142
126 146
126 153
126 155
126 166
126 173
126 183
126 186
127 140
127 144
127 151
127 169
127 172
127 184
127 195
127 196
127 197
127 199
128 129
128 137
128 147
128 172
128 193
129 133
129 146
129 166
129 170
129 172
129 175
129 177
129 189
129 190
129 195
129 196
130 132
130 168
130 177
130 187
130 189
130 191
130 192
130 198
131 132
131 133
131 166
131 167
131 170
131 175
131 186
132 140
132 175
132 186
132 187
132 197
132 198
133 136
133 138
133 141
133 157
134 154
134 175
134 180
134 188
134 191
135 150
135 162
135 181
135 185
135 192
135 196
136 158
136 165
136 168
136 173
136 183
136 184
136 186
136 192
137 139
137 142
137 150
137 151
137 157
137 158
137 166
137 173
137 180
137 182
137 184
137 190
137 197
137 199
138 142
138 151
138 155
138 157
138 181
138 194
139 152
139 169
139 170
139 179
140 149
140 157
140 159
140 172
140 178
141 156
141 162
141 167
141 174
141 182
141 184
141 198
142 145
142 149
142 178
142 189
142 197
143 157
143 159
143 161
143 180
143 194
144 177
144 185
144 195
145 147
145 150
145 153
145 166
145 170
145 171
145 176
145 181
146 158
146 176
147 199
148 160
148 169
148 189
149 156
149 168
149 174
149 175
149 181
149 183
149 192
150 154
150 161
150 163
150 164
150 170
150 197
151 168
151 178
151 181
151 182
151 183
151 191
151 193
151 195
151 198
152 156
152 157
152 158
152 165
152 167
152 190
152 198
153 163
153 171
153 178
153 186
154 174
154 193
154 195
155 160
155 163
155 199
156 170
156 191
156 198
157 161
157 170
157 174
157 180
157 181
157 186
158 161
158 164
158 172
158 190
158 196
159 175
159 187
160 173
160 176
160 179
160 181
160 192
161 171
161 182
162 177
163 177
163 189
164 167
164 169
164 178
164 186
164 193
165 173
165 177
165 188
166 182
166 191
167 178
167 189
168 171
168 174
168 181
169 183
169 189
170 186
170 195
171 173
171 175
172 188
172 199
173 183
174 190
174 199
175 179
177 188
179 183
180 182
181 184
181 189
181 197
182 187
183 188
183 195
185 187
185 191
185 197
186 194
186 198
187 190
187 192
187 195
187 198
188 193
189 198
191 193
191 194
191 195
192 193
193 197
194 198
195 198
