0 3
0 20
0 37
0 70
0 84
0 95
0 136
0 141
0 168
0 184
0 186
0 189
0 192
0 199
1 2
1 7
1 21
1 76
1 102
1 111
1 122
1 124
1 126
1 129
1 131
1 137
1 138
1 176
1 183
2 10
2 16
2 29
2 50
2 61
2 68
2 80
2 82
2 96
2 97
2 108
2 119
2 130
2 134
2 142
2 147
2 148
2 160
2 161
2 174
2 177
2 184
2 196
3 23
3 44
3 74
3 75
3 80
3 83
3 108
3 141
3 146
3 154
3 159
3 167
3 174
3 181
3 192
3 199
4 18
4 23
4 28
4 43
4 46
4 70
4 71
4 84
4 108
4 131
4 136
4 157
4 165
4 171
4 189
4 198
5 11
5 15
5 25
5 38
5 40
5 42
5 51
5 58
5 61
5 63
5 65
5 76
5 85
5 87
5 95
5 124
5 148
5 150
5 157
6 15
6 50
6 100
6 118
6 120
6 130
6 134
6 141
6 154
6 164
6 182
6 188
7 15
7 22
7 41
7 48
7 52
7 71
7 74
7 79
7 91
7 104
7 109
7 113
7 183
7 185
7 187
8 31
8 34
8 52
8 64
8 82
8 103
8 120
8 129
8 140
8 141
8 145
8 151
8 153
8 163
8 167
8 171
8 172
8 180
8 183
8 184
8 187
8 189
8 193
9 24
9 37
9 40
9 41
9 46
9 54
9 55
9 59
9 65
9 78
9 102
9 109
9 151
9 152
9 161
10 11
10 22
10 25
10 27
10 37
10 38
10 47
10 54
10 58
10 65
10 107
10 113
10 127
10 143
10 146
10 168
10 181
10 184
10 193
11 12
11 34
11 45
11 51
11 55
11 62
11 64
11 72
11 84
11 119
11 123
11 133
11 168
11 185
11 187
11 196
12 30
12 33
12 37
12 45
12 51
12 52
12 64
12 65
12 67
12 74
12 100
12 106
12 115
12 129
12 132
12 138
12 141
12 151
12 171
12 174
12 178
12 199
13 48
13 55
13 79
13 94
13 96
13 108
13 122
13 125
13 130
13 135
13 140
13 144
13 147
13 155
13 157
13 159
13 181
13 185
14 17
14 25
14 40
14 47
14 62
14 63
14 74
14 86
14 90
14 101
14 102
14 105
14 117
14 124
14 128
14 129
14 158
14 169
14 181
14 196
14 199
15 20
15 24
15 65
15 75
15 76
15 77
15 97
15 104
15 108
15 111
15 150
15 156
15 188
15 189
16 32
16 33
16 40
16 47
16 56
16 63
16 96
16 99
16 103
16 106
16 107
16 122
16 138
16 152
16 157
16 170
16 175
16 182
16 188
16 191
17 19
17 29
17 30
17 45
17 48
17 54
17 60
17 74
17 98
17 117
17 121
17 132
17 150
17 164
17 165
17 174
17 175
17 178
17 199
18 29
18 40
18 55
18 57
18 75
18 87
18 108
18 126
18 129
18 134
18 139
18 152
18 174
18 188
18 196
18 197
18 198
19 33
19 54
19 68
19 80
19 82
19 109
19 122
19 135
19 150
19 153
19 156
19 164
19 180
19 197
19 199
20 38
20 43
20 64
20 68
20 69
20 76
20 78
20 84
20 108
20 109
20 110
20 115
20 118
20 189
20 194
21 22
21 25
21 26
21 45
21 48
21 50
21 58
21 64
21 72
21 77
21 79
21 80
21 89
21 92
21 96
21 112
21 114
21 122
21 130
21 131
21 132
21 137
21 141
21 163
21 170
21 180
21 199
22 32
22 41
22 50
22 69
22 78
22 100
22 107
22 112
22 129
22 130
22 146
22 148
22 151
22 168
22 177
22 180
22 184
23 54
23 61
23 64
23 70
23 71
23 79
23 83
23 85
23 92
23 102
23 104
23 106
23 111
23 145
23 156
23 172
23 187
23 193
23 196
24 104
24 108
24 139
24 151
24 192
24 196
24 197
25 44
25 59
25 62
25 81
25 89
25 94
25 118
25 119
25 129
25 137
25 152
25 154
25 174
26 38
26 43
26 44
26 52
26 53
26 67
26 72
26 99
26 112
26 118
26 121
26 135
26 136
26 157
26 166
26 177
26 178
26 181
27 34
27 38
27 39
27 40
27 42
27 61
27 62
27 69
27 76
27 77
27 86
27 93
27 100
27 102
27 107
27 110
27 125
27 128
27 138
27 142
27 157
27 166
27 172
27 175
27 176
27 183
28 30
28 35
28 42
28 49
28 60
28 62
28 66
28 85
28 88
28 95
28 107
28 116
28 128
28 140
28 152
28 160
28 176
28 192
28 197
29 42
29 90
29 99
29 109
29 120
29 151
29 152
29 153
29 156
29 170
29 172
29 185
29 186
29 191
29 192
29 194
30 37
30 75
30 78
30 85
30 90
30 95
30 103
30 104
30 107
30 117
30 126
30 128
30 131
30 133
30 151
30 173
30 180
30 189
31 60
31 90
31 93
31 103
31 113
31 136
31 141
31 143
31 147
31 149
31 151
31 167
31 175
31 195
32 43
32 55
32 62
32 70
32 79
32 97
32 105
32 129
32 146
32 147
32 152
32 161
32 173
32 180
32 189
33 36
33 48
33 60
33 64
33 82
33 97
33 103
33 111
33 132
33 137
33 140
33 152
33 155
33 180
33 196
33 197
33 198
34 36
34 37
34 43
34 56
34 72
34 73
34 85
34 97
34 111
34 115
34 134
34 139
34 149
34 150
34 157
34 164
34 170
34 184
35 40
35 53
35 69
35 74
35 83
35 86
35 114
35 116
35 118
35 129
35 135
35 141
35 164
35 182
35 196
36 37
36 56
36 65
36 71
36 73
36 81
36 96
36 98
36 99
36 108
36 116
36 120
36 127
36 129
36 131
36 132
36 134
36 137
36 154
36 166
36 175
36 184
36 188
37 38
37 39
37 44
37 45
37 48
37 52
37 66
37 117
37 143
37 149
37 156
37 159
37 187
38 54
38 75
38 92
38 96
38 100
38 116
38 117
38 125
38 134
38 135
38 142
38 145
38 150
38 154
38 163
38 193
39 52
39 54
39 57
39 60
39 112
39 118
39 143
39 149
39 178
39 180
39 195
40 49
40 67
40 80
40 84
40 86
40 91
40 109
40 114
40 119
40 132
40 141
40 146
40 163
40 164
40 169
40 170
40 179
40 184
40 187
40 189
40 196
41 48
41 67
41 90
41 92
41 133
41 138
41 142
41 152
41 153
41 162
41 184
41 192
42 46
42 53
42 90
42 99
42 103
42 174
43 44
43 55
43 64
43 69
43 86
43 90
43 94
43 96
43 107
43 126
43 133
43 136
43 141
43 145
43 150
43 156
43 168
43 185
43 195
43 198
44 94
44 100
44 119
44 124
44 133
44 147
44 149
44 152
44 176
44 179
44 186
44 197
45 52
45 55
45 64
45 71
45 81
45 90
45 100
45 120
45 163
45 165
45 166
45 167
45 171
45 193
45 198
46 80
46 83
46 84
46 93
46 97
46 104
46 105
46 117
46 121
46 142
46 160
46 165
46 175
46 181
47 51
47 65
47 66
47 72
47 90
47 105
47 110
47 117
47 130
47 134
47 140
47 173
47 192
47 196
47 199
48 49
48 54
48 59
48 61
48 65
48 73
48 84
48 88
48 98
48 121
48 124
48 146
48 171
48 172
48 177
48 180
48 184
48 189
48 190
48 196
49 57
49 60
49 68
49 80
49 89
49 91
49 132
49 145
49 150
49 157
50 62
50 71
50 77
50 94
50 95
50 97
50 116
50 126
50 130
50 131
50 135
50 137
50 139
50 141
50 144
50 160
50 172
50 173
50 178
50 184
50 191
50 199
51 52
51 58
51 61
51 66
51 69
51 75
51 89
51 97
51 99
51 116
51 130
51 133
51 141
51 154
51 174
51 177
51 178
51 181
51 193
51 195
52 66
52 80
52 82
52 92
52 114
52 174
52 178
53 94
53 96
53 98
53 104
53 111
53 133
53 143
53 180
53 187
54 102
54 105
54 107
54 110
54 129
54 142
54 155
54 163
54 180
55 71
55 101
55 108
55 130
55 143
55 146
55 158
55 174
55 179
55 180
55 195
56 58
56 72
56 76
56 86
56 92
56 111
56 113
56 115
56 121
56 127
56 137
56 139
56 150
56 158
56 176
56 183
56 194
57 87
57 94
57 117
57 121
57 127
57 141
57 142
57 160
57 165
57 172
57 173
58 68
58 84
58 94
58 108
58 119
58 165
58 167
58 173
58 180
58 191
59 60
59 61
59 71
59 83
59 94
59 98
59 103
59 107
59 117
59 127
59 138
59 140
59 166
59 170
59 174
60 95
60 98
60 120
60 121
60 129
60 139
60 195
61 66
61 69
61 79
61 93
61 96
61 141
61 145
61 153
61 154
61 169
61 175
61 179
61 190
61 192
62 79
62 128
62 136
62 156
62 160
62 163
62 186
62 187
62 189
62 191
62 196
62 197
63 94
63 96
63 100
63 104
63 114
63 130
63 153
63 155
63 164
63 167
63 172
63 198
64 80
64 86
64 87
64 92
64 93
64 108
64 109
64 114
64 121
64 125
64 136
64 160
64 164
64 193
65 67
65 74
65 87
65 109
65 116
65 134
65 140
65 172
65 173
65 177
65 189
65 197
66 108
66 110
66 111
66 113
66 114
66 120
66 131
66 166
66 183
67 71
67 82
67 86
67 94
67 95
67 102
67 105
67 114
67 121
67 139
67 152
67 199
68 114
68 140
68 152
68 157
69 73
69 79
69 89
69 96
69 105
69 117
69 118
69 127
69 134
69 142
69 144
69 166
69 173
69 182
69 185
69 187
69 188
69 191
69 193
70 72
70 74
70 115
70 119
70 120
70 128
70 133
70 140
70 171
70 172
70 174
70 187
70 190
70 192
71 75
71 80
71 91
71 102
71 114
71 126
71 147
71 185
71 190
71 192
71 193
71 195
72 79
72 85
72 112
72 122
72 135
72 151
72 168
72 169
72 192
73 76
73 87
73 90
73 91
73 94
73 100
73 105
73 110
73 117
73 130
73 132
73 157
73 159
73 169
73 172
73 185
74 82
74 83
74 91
74 103
74 113
74 114
74 130
74 144
74 159
74 161
74 177
74 183
75 87
75 97
75 100
75 113
75 116
75 123
75 126
75 131
75 132
75 143
75 167
75 170
75 176
75 181
75 184
75 190
76 82
76 92
76 95
76 96
76 105
76 113
76 122
76 125
76 157
76 166
76 182
77 104
77 113
77 118
77 121
77 127
77 143
77 148
77 149
77 151
77 154
77 164
77 165
77 167
77 175
77 181
77 185
77 192
77 195
77 199
78 99
78 103
78 106
78 112
78 122
78 125
78 132
78 156
78 159
78 160
78 161
78 169
78 187
79 90
79 91
79 104
79 133
79 142
79 150
79 153
79 155
79 180
79 185
79 196
80 103
80 104
80 123
80 140
80 144
80 149
80 154
80 155
80 160
80 189
80 190
80 191
81 93
81 101
81 114
81 117
81 140
81 141
81 143
81 148
81 150
81 159
81 162
81 169
81 189
82 85
82 105
82 113
82 123
82 135
82 136
82 159
82 171
82 172
82 177
82 199
83 100
83 112
83 145
83 147
83 161
83 164
83 168
83 175
83 180
83 184
84 86
84 92
84 96
84 103
84 108
84 127
84 131
84 136
84 154
84 162
84 163
84 172
84 187
85 86
85 91
85 92
85 93
85 95
85 103
85 115
85 116
85 123
85 139
85 140
85 180
85 182
85 184
85 188
85 189
86 103
86 107
86 108
86 119
86 141
86 167
86 176
86 187
86 192
86 194
87 93
87 110
87 120
87 123
87 145
87 149
87 151
87 162
87 170
87 183
87 192
87 196
88 92
88 100
88 104
88 130
88 131
88 134
88 135
88 148
88 155
88 165
89 92
89 107
89 117
89 127
89 133
89 146
89 161
89 165
89 180
89 184
89 189
90 93
90 107
90 120
90 122
90 142
90 146
90 148
90 151
90 156
90 172
90 187
90 188
90 191
91 95
91 97
91 98
91 103
91 140
91 160
91 180
91 189
92 107
92 111
92 135
92 137
92 146
92 160
92 165
92 181
92 187
92 190
92 195
93 117
93 121
93 122
93 150
93 158
93 159
93 162
93 165
93 192
94 101
94 110
94 120
94 144
94 149
94 159
94 171
94 178
94 185
95 111
95 113
95 127
95 143
95 144
95 159
95 169
95 170
95 190
95 199
96 115
96 121
96 128
96 129
96 131
96 136
96 141
96 147
96 186
96 190
97 114
97 124
97 127
97 146
97 173
97 186
97 190
97 192
97 196
98 113
98 129
98 147
98 154
98 156
98 160
98 176
98 181
98 191
99 110
99 113
99 129
99 153
99 163
99 186
99 188
100 110
100 113
100 115
100 123
100 158
100 162
100 164
100 170
100 178
100 199
101 104
101 107
101 119
101 121
101 157
101 162
101 182
101 190
102 107
102 111
102 126
102 153
102 156
102 157
102 161
102 163
102 175
102 185
102 186
102 197
103 105
103 126
103 130
103 133
103 137
103 140
103 142
103 147
103 150
103 151
103 166
104 124
104 171
104 176
104 186
104 190
104 196
104 197
105 106
105 114
105 129
105 148
105 149
105 165
105 166
105 182
105 193
105 197
106 107
106 114
106 119
106 124
106 127
106 128
106 130
106 138
106 149
106 157
106 161
106 179
107 118
107 125
107 129
107 144
107 163
107 174
107 176
107 181
107 199
108 111
108 142
108 170
108 186
108 189
109 112
109 133
109 137
109 140
109 154
109 158
109 167
109 194
110 116
110 123
110 130
110 132
110 145
110 169
110 171
110 173
110 180
111 136
111 150
111 164
111 178
111 180
111 181
111 186
111 189
111 194
112 116
112 121
112 149
112 161
112 177
112 182
113 130
113 154
113 158
113 161
113 177
113 183
113 190
113 194
114 124
114 135
114 151
114 153
114 154
114 162
114 164
114 166
114 169
114 179
114 188
114 198
115 128
115 140
115 141
115 145
115 166
115 184
115 185
115 188
115 193
116 134
116 141
116 172
116 198
117 125
117 130
117 141
117 144
117 146
117 165
118 123
118 126
118 130
118 146
118 155
118 166
118 169
118 176
118 178
118 183
118 189
118 195
119 137
119 138
119 141
119 156
119 157
119 167
119 179
119 198
120 121
120 137
120 139
120 146
120 151
120 157
120 159
120 160
120 172
120 183
121 123
121 128
121 132
121 133
121 134
121 139
121 143
121 153
121 186
121 188
121 196
122 149
122 157
122 159
122 168
122 169
122 176
122 180
122 192
122 194
123 130
123 132
123 137
123 161
123 172
123 174
123 178
123 179
123 188
124 137
124 143
124 148
124 149
124 154
124 157
124 191
125 146
125 149
125 153
126 143
126 148
126 161
126 163
126 167
126 194
126 195
127 128
127 139
127 157
127 171
127 183
127 190
127 196
128 137
128 138
128 148
128 176
129 150
129 152
129 154
129 167
129 172
129 175
129 183
129 184
130 151
130 169
130 198
131 137
131 143
131 146
131 161
131 188
131 195
132 136
132 141
132 153
132 155
132 158
132 162
132 177
132 180
132 183
132 184
132 185
132 193
133 135
133 154
133 157
133 160
133 176
133 182
134 137
134 139
134 144
134 147
134 148
134 165
134 172
134 178
134 181
134 186
134 187
134 188
134 193
134 197
135 136
135 144
135 160
135 174
135 180
135 181
135 194
135 198
136 145
136 174
136 180
136 183
136 193
136 199
137 156
137 167
137 172
137 189
137 191
137 196
137 199
138 168
138 182
138 183
138 185
138 196
138 199
139 142
139 146
139 148
139 149
139 156
139 164
139 169
139 181
139 182
139 184
139 190
140 146
140 149
140 177
140 184
141 151
141 164
141 168
141 179
141 180
141 184
141 185
141 195
142 151
142 169
142 182
142 189
142 191
143 155
143 161
143 186
143 198
144 161
144 176
144 181
144 187
145 156
145 158
145 171
145 192
145 193
145 198
146 151
146 156
146 159
146 181
146 182
147 160
147 162
147 195
148 152
148 154
148 158
148 167
148 171
148 172
148 190
148 193
149 153
149 157
149 163
150 153
150 157
150 158
150 165
150 176
151 154
151 173
151 194
151 195
152 168
152 186
152 187
153 161
153 162
153 168
153 184
153 187
153 194
153 198
154 155
154 156
154 157
154 173
154 188
154 195
154 199
155 159
155 174
155 179
155 197
155 198
156 165
156 193
156 195
157 162
157 174
157 177
158 159
158 169
158 179
158 182
158 189
159 195
161 163
161 166
161 168
161 169
161 175
161 188
162 175
162 181
162 193
162 198
163 173
163 182
163 183
163 186
164 177
164 198
165 174
165 180
166 168
166 182
166 191
166 197
167 180
167 190
168 186
168 192
168 196
169 174
169 179
169 181
169 184
169 191
170 179
170 181
172 198
173 187
173 190
175 189
175 198
176 192
177 183
177 184
177 189
177 193
177 194
178 181
178 197
178 198
179 185
179 186
179 190
179 196
180 186
182 183
182 185
182 194
183 184
183 195
185 187
185 189
186 191
186 195
187 194
191 198
