0 14
0 15
0 21
0 30
0 39
0 50
0 58
0 93
0 106
0 119
0 157
0 177
0 194
1 6
1 20
1 32
1 35
1 54
1 65
1 70
1 85
1 95
1 101
1 117
1 153
1 164
1 172
1 183
1 194
2 5
2 19
2 26
2 27
2 36
2 37
2 42
2 55
2 56
2 71
2 80
2 82
2 95
2 97
2 98
2 105
2 111
2 119
2 120
2 123
2 124
2 129
2 137
2 139
2 142
2 159
2 160
2 162
2 174
2 199
3 6
3 17
3 18
3 21
3 46
3 50
3 55
3 73
3 100
3 101
3 138
3 148
3 166
3 168
3 189
4 13
4 16
4 17
4 23
4 36
4 42
4 57
4 58
4 86
4 93
4 103
4 119
4 122
4 131
4 143
4 147
4 173
4 197
4 198
5 23
5 25
5 37
5 44
5 51
5 63
5 65
5 77
5 78
5 80
5 83
5 90
5 106
5 111
5 117
5 118
5 137
5 145
5 170
5 171
5 176
5 177
5 183
6 16
6 24
6 38
6 43
6 63
6 67
6 69
6 88
6 95
6 102
6 104
6 111
6 146
6 150
6 188
7 9
7 14
7 45
7 51
7 68
7 96
7 109
7 110
7 112
7 137
7 157
7 159
7 181
7 190
7 194
8 12
8 22
8 28
8 35
8 52
8 63
8 80
8 85
8 95
8 106
8 119
8 124
8 142
8 167
8 168
8 170
8 183
8 186
9 30
9 43
9 62
9 64
9 68
9 71
9 73
9 101
9 103
9 115
9 138
9 152
9 171
9 180
9 195
9 197
10 23
10 28
10 37
10 50
10 57
10 83
10 93
10 98
10 121
10 126
10 133
10 136
10 166
10 171
10 190
10 191
11 13
11 14
11 25
11 28
11 32
11 34
11 59
11 61
11 64
11 65
11 68
11 71
11 100
11 125
11 131
11 136
11 150
11 158
11 166
11 193
12 22
12 23
12 35
12 40
12 43
12 55
12 67
12 76
12 78
12 84
12 87
12 109
12 118
12 122
12 128
12 137
12 143
12 156
12 160
12 166
12 177
12 183
12 185
12 191
13 46
13 51
13 56
13 58
13 65
13 83
13 92
13 127
13 128
13 132
13 134
13 137
13 141
13 156
13 158
13 171
13 177
13 183
13 194
14 25
14 39
14 58
14 61
14 62
14 63
14 65
14 73
14 77
14 87
14 97
14 101
14 104
14 108
14 114
14 116
14 118
14 121
14 135
14 148
14 152
14 155
14 156
14 187
14 193
15 16
15 21
15 28
15 32
15 38
15 41
15 50
15 52
15 67
15 72
15 81
15 82
15 94
15 97
15 98
15 103
15 108
15 113
15 123
15 141
15 149
15 154
15 168
15 169
15 173
15 178
15 183
15 195
16 47
16 52
16 55
16 57
16 62
16 77
16 78
16 82
16 83
16 88
16 114
16 135
16 137
16 147
16 148
16 150
16 160
16 167
16 193
17 21
17 27
17 63
17 74
17 87
17 107
17 111
17 122
17 126
17 135
17 140
17 157
17 160
17 188
18 38
18 45
18 54
18 64
18 67
18 87
18 99
18 101
18 106
18 107
18 142
18 149
18 156
18 167
18 188
18 189
19 22
19 31
19 32
19 45
19 47
19 89
19 102
19 115
19 127
19 141
19 144
19 146
19 160
19 171
19 177
20 24
20 59
20 75
20 82
20 86
20 91
20 94
20 101
20 114
20 123
20 136
20 139
20 160
20 161
20 183
20 189
21 23
21 41
21 56
21 61
21 65
21 67
21 71
21 78
21 84
21 147
21 156
21 163
21 166
21 189
22 29
22 30
22 33
22 83
22 102
22 105
22 128
22 132
22 152
22 159
22 173
22 180
22 181
22 183
23 41
23 47
23 58
23 62
23 72
23 79
23 81
23 82
23 85
23 93
23 108
23 117
23 122
23 124
23 134
23 148
23 149
23 163
23 174
23 176
23 177
23 184
23 196
24 37
24 59
24 76
24 80
24 104
24 132
24 157
24 178
24 183
24 187
24 192
25 30
25 31
25 37
25 46
25 63
25 88
25 96
25 117
25 122
25 155
25 162
25 167
25 172
25 189
25 193
25 197
26 27
26 32
26 33
26 37
26 39
26 47
26 59
26 65
26 101
26 105
26 113
26 122
26 139
26 149
26 152
26 162
26 163
26 168
26 170
26 173
26 175
26 176
26 186
26 198
26 199
27 31
27 34
27 43
27 56
27 72
27 78
27 81
27 82
27 87
27 97
27 107
27 108
27 145
27 170
27 171
27 180
27 182
27 184
28 43
28 47
28 48
28 49
28 56
28 96
28 104
28 109
28 112
28 115
28 143
28 148
28 154
28 192
28 193
29 39
29 48
29 73
29 75
29 92
29 97
29 98
29 106
29 111
29 112
29 116
29 119
29 130
29 138
29 139
29 143
29 147
29 188
29 197
30 35
30 44
30 45
30 55
30 57
30 100
30 117
30 139
30 142
30 154
30 160
31 32
31 61
31 78
31 87
31 91
31 94
31 103
31 108
31 128
31 131
31 133
31 135
31 144
31 150
31 154
31 175
31 180
31 182
31 191
32 42
32 44
32 51
32 53
32 61
32 85
32 116
32 144
32 148
32 161
32 167
32 176
32 199
33 41
33 47
33 49
33 52
33 54
33 55
33 56
33 61
33 71
33 77
33 92
33 96
33 133
33 155
33 159
33 172
33 174
33 187
33 195
34 68
34 73
34 84
34 85
34 89
34 101
34 144
34 145
34 146
34 169
34 172
34 194
35 49
35 52
35 54
35 62
35 81
35 90
35 104
35 114
35 147
35 177
35 183
35 186
36 50
36 91
36 106
36 125
36 135
36 139
36 143
36 158
36 187
36 195
37 41
37 42
37 43
37 45
37 56
37 58
37 70
37 80
37 85
37 86
37 88
37 116
37 130
37 137
37 144
37 160
37 175
37 177
37 178
37 182
37 196
38 40
38 69
38 71
38 75
38 88
38 113
38 118
38 119
38 135
38 146
38 149
38 152
38 162
38 172
38 174
38 175
39 47
39 52
39 57
39 67
39 69
39 76
39 92
39 98
39 112
39 123
39 129
39 137
39 150
39 153
39 188
39 193
39 195
40 44
40 51
40 52
40 70
40 73
40 78
40 101
40 103
40 106
40 116
40 124
40 137
40 159
40 160
40 163
40 170
40 175
40 190
41 43
41 56
41 58
41 83
41 85
41 108
41 116
41 122
41 149
41 184
41 196
41 197
42 43
42 46
42 62
42 76
42 89
42 107
42 122
42 128
42 144
42 152
42 165
42 175
42 181
42 186
42 196
42 199
43 47
43 80
43 93
43 114
43 119
43 124
43 129
43 144
43 147
43 159
43 162
43 163
43 164
43 173
43 194
44 67
44 82
44 96
44 102
44 107
44 109
44 118
44 143
44 158
44 168
44 196
45 47
45 53
45 70
45 91
45 99
45 102
45 118
45 138
45 150
45 156
45 165
45 170
45 171
45 180
45 190
45 192
46 61
46 74
46 88
46 89
46 123
46 133
46 163
46 173
46 174
46 176
46 177
46 186
46 195
47 48
47 53
47 69
47 70
47 78
47 114
47 118
47 146
47 149
47 150
47 165
47 166
47 171
47 186
47 187
47 189
47 190
48 50
48 53
48 64
48 71
48 76
48 84
48 108
48 128
48 152
48 159
48 165
48 186
49 62
49 102
49 112
49 130
49 135
49 148
49 154
49 155
49 158
49 168
49 171
49 175
49 179
49 182
49 188
50 52
50 67
50 68
50 70
50 109
50 123
50 135
50 143
50 148
50 167
50 180
50 196
50 198
51 54
51 78
51 82
51 90
51 109
51 144
51 146
51 152
51 169
51 171
51 179
51 196
51 198
52 92
52 103
52 108
52 119
52 151
52 157
52 160
52 161
52 163
52 189
53 55
53 59
53 73
53 85
53 95
53 99
53 104
53 106
53 111
53 119
53 124
53 149
53 156
53 160
53 166
53 176
53 177
53 181
54 61
54 64
54 72
54 75
54 78
54 81
54 94
54 106
54 112
54 125
54 136
54 154
54 165
54 171
54 183
54 193
54 199
55 56
55 59
55 66
55 70
55 131
55 150
55 163
55 171
55 185
55 191
56 62
56 67
56 77
56 97
56 105
56 106
56 111
56 130
56 132
56 142
56 145
56 150
56 163
56 166
56 179
56 186
56 193
57 59
57 73
57 77
57 98
57 112
57 117
57 128
57 147
57 155
57 156
57 157
57 165
57 169
57 172
57 177
57 180
57 186
57 199
58 65
58 70
58 77
58 78
58 85
58 86
58 103
58 105
58 114
58 132
58 136
58 137
58 163
58 175
58 181
58 186
59 63
59 65
59 71
59 84
59 106
59 118
59 119
59 123
59 140
59 143
59 148
59 161
59 170
59 183
59 193
60 62
60 84
60 89
60 94
60 102
60 104
60 110
60 111
60 119
60 126
60 128
60 146
60 153
60 171
60 184
60 191
60 193
61 62
61 63
61 71
61 83
61 92
61 99
61 121
61 132
61 160
61 161
61 176
61 177
61 185
62 70
62 84
62 85
62 94
62 97
62 98
62 103
62 107
62 111
62 114
62 119
62 123
62 128
62 143
62 153
62 157
62 160
62 175
62 177
62 178
62 181
62 186
62 192
62 196
63 86
63 89
63 133
63 135
63 162
63 181
63 184
63 192
63 199
64 81
64 102
64 112
64 123
64 126
64 134
64 143
64 164
64 176
64 182
64 194
64 198
65 72
65 96
65 97
65 98
65 125
65 136
65 158
65 181
65 195
65 196
65 197
66 117
66 120
66 127
66 132
66 133
66 154
66 161
66 167
66 169
67 73
67 93
67 125
67 138
67 139
67 142
67 167
67 174
67 184
67 191
67 193
68 79
68 85
68 87
68 127
68 140
68 153
68 158
68 168
68 169
68 176
68 182
68 196
68 198
69 90
69 102
69 106
69 107
69 110
69 112
69 128
69 130
69 133
69 135
69 142
69 164
69 176
69 183
70 75
70 79
70 81
70 85
70 86
70 88
70 119
70 126
70 140
70 169
70 183
71 85
71 88
71 93
71 94
71 107
71 108
71 111
71 121
71 128
71 135
71 137
71 152
71 168
71 172
71 178
72 78
72 85
72 96
72 114
72 127
72 136
72 142
72 145
72 146
72 148
72 158
72 165
72 169
72 178
73 83
73 109
73 114
73 137
73 149
73 162
73 164
73 177
73 186
73 192
73 199
74 84
74 89
74 96
74 111
74 115
74 135
74 145
74 156
74 177
74 184
75 86
75 90
75 100
75 107
75 108
75 110
75 114
75 117
75 120
75 129
75 136
75 138
75 141
75 143
75 145
75 182
75 185
76 93
76 98
76 109
76 110
76 116
76 119
76 134
76 137
76 155
76 161
76 165
76 171
76 174
76 177
76 179
76 182
76 187
77 90
77 110
77 146
77 158
77 166
77 182
77 195
78 100
78 107
78 113
78 118
78 119
78 131
78 132
78 140
78 146
78 151
78 169
78 170
78 173
78 176
79 91
79 92
79 108
79 123
79 130
79 135
79 140
79 141
79 156
79 179
80 123
80 129
80 138
80 139
80 162
80 164
80 165
80 167
80 175
80 177
80 184
80 191
81 84
81 90
81 105
81 106
81 144
81 148
81 151
81 152
81 166
81 168
81 170
81 176
81 193
82 87
82 88
82 102
82 108
82 116
82 133
82 140
82 174
82 182
82 185
82 190
83 94
83 95
83 96
83 113
83 122
83 131
83 142
83 149
83 167
83 178
83 183
84 101
84 103
84 105
84 106
84 114
84 127
84 150
84 174
84 195
85 90
85 100
85 105
85 113
85 119
85 132
85 163
85 172
85 187
85 194
86 95
86 113
86 115
86 128
86 140
86 156
86 163
86 165
86 169
86 173
86 176
86 177
86 189
86 192
87 101
87 120
87 131
87 135
87 136
87 141
87 142
87 162
87 169
87 172
87 174
87 178
88 109
88 125
88 126
88 150
88 170
88 182
88 193
88 199
89 90
89 94
89 98
89 101
89 102
89 106
89 107
89 130
89 140
89 146
89 176
89 177
89 180
89 184
89 192
89 197
90 94
90 98
90 119
90 122
90 123
90 124
90 128
90 140
90 142
90 150
90 181
91 95
91 104
91 111
91 112
91 119
91 131
91 142
91 151
91 168
91 170
91 171
92 117
92 122
92 132
92 178
92 181
93 101
93 127
93 131
93 135
93 147
93 153
93 156
93 158
93 168
93 178
93 199
94 100
94 113
94 132
94 134
94 136
94 138
94 140
94 165
94 180
94 181
94 191
94 194
95 114
95 186
95 188
96 97
96 100
96 104
96 105
96 116
96 118
96 145
96 156
96 168
96 169
96 176
96 178
96 194
96 195
97 116
97 133
97 159
97 161
97 188
98 108
98 175
98 195
98 197
98 199
99 100
99 119
99 123
99 128
99 132
99 136
99 141
99 157
99 171
99 176
99 178
99 182
99 184
99 190
99 198
100 102
100 108
100 118
100 124
100 136
100 150
100 152
100 157
100 158
100 168
100 170
100 181
100 185
100 192
100 196
101 102
101 103
101 126
101 147
101 172
101 176
101 190
101 196
102 108
102 111
102 160
102 163
102 164
102 170
102 177
102 187
102 194
102 196
103 112
103 113
103 116
103 132
103 141
103 179
103 180
103 183
103 187
103 192
103 199
104 114
104 116
104 130
104 136
104 161
104 177
105 112
105 113
105 128
105 136
105 138
105 150
105 155
105 168
106 110
106 122
106 159
106 172
106 173
106 185
107 108
107 110
107 116
107 120
107 167
107 171
107 188
107 198
108 117
108 118
108 124
108 143
108 145
108 156
108 163
108 177
108 184
108 191
108 192
109 129
109 140
109 157
109 173
109 176
109 183
109 184
110 122
110 124
110 130
110 135
110 138
110 140
110 157
110 158
110 160
110 173
110 181
110 188
111 121
111 134
111 149
111 159
111 164
111 167
111 180
111 184
111 189
112 127
112 173
112 178
112 179
112 189
113 116
113 132
113 137
113 140
113 144
113 151
113 160
113 168
113 178
113 179
113 181
113 197
114 131
114 135
114 137
114 139
114 151
114 153
114 167
114 182
114 187
114 190
114 197
114 199
115 121
115 128
115 138
115 139
115 153
115 154
115 160
115 169
115 191
115 192
116 117
116 127
116 135
116 144
116 156
116 175
116 198
117 119
117 124
117 130
117 135
117 152
117 154
117 159
117 160
117 170
117 177
117 184
117 193
117 194
118 130
118 150
118 168
118 169
118 176
118 178
118 181
118 186
118 197
119 127
119 138
119 145
119 149
119 160
119 181
119 182
120 125
120 127
120 130
120 150
120 160
120 166
120 186
120 188
120 189
120 190
120 192
120 196
120 197
121 141
121 153
121 175
121 176
121 183
121 188
121 189
121 191
121 199
122 124
122 127
122 132
122 137
122 139
122 154
122 176
122 177
122 181
122 186
122 192
123 139
123 141
123 152
123 186
123 187
123 188
123 195
124 125
124 128
124 132
124 161
124 183
124 187
124 195
125 126
125 138
125 145
125 146
125 164
125 168
125 170
125 175
125 176
125 184
125 199
126 143
126 159
126 171
126 182
126 185
127 129
127 134
127 137
127 146
127 152
127 194
127 197
128 138
128 140
128 144
128 176
128 178
129 143
129 146
129 161
129 179
129 185
129 189
130 134
130 135
130 137
130 147
130 157
130 160
131 144
131 146
131 152
131 165
131 166
131 181
131 183
132 136
132 138
132 140
132 141
132 160
132 169
132 173
132 174
132 175
132 191
132 197
133 134
133 139
133 141
133 154
133 168
133 173
133 182
133 193
134 136
134 151
134 158
134 162
134 166
134 172
134 176
134 179
134 188
134 191
135 136
135 166
135 186
135 189
136 138
136 141
136 147
136 151
136 156
136 164
136 170
136 172
136 193
137 141
137 145
137 153
137 154
137 160
137 175
137 184
137 196
138 146
138 147
138 165
138 184
138 188
139 148
139 150
139 155
139 168
139 188
139 193
139 197
140 141
140 170
140 181
140 196
141 152
141 153
141 177
142 147
142 157
142 172
142 183
143 158
143 177
143 182
143 183
143 194
144 157
144 159
144 160
144 167
144 181
144 191
144 199
145 166
145 167
145 178
145 184
145 188
145 198
146 159
146 161
146 169
146 182
146 195
147 152
147 174
147 175
147 182
147 196
147 199
148 156
148 167
148 176
148 191
149 151
149 158
149 180
149 197
150 154
150 173
150 199
151 158
151 165
151 179
151 188
151 189
151 193
152 165
152 176
152 181
152 185
152 186
152 199
153 160
153 184
153 190
153 192
153 196
154 163
154 164
154 167
154 184
154 198
155 160
155 180
156 169
156 184
156 192
157 189
157 199
158 167
158 169
158 176
158 181
158 186
159 164
159 166
159 174
159 175
159 177
159 189
160 174
160 179
160 191
160 199
161 162
161 175
161 186
161 191
162 169
162 171
162 184
162 186
162 193
163 172
163 188
163 198
164 166
164 177
164 178
164 185
164 189
164 199
165 176
165 198
166 167
166 186
167 185
167 187
168 174
168 187
168 192
169 188
169 198
170 191
173 181
173 194
173 195
174 180
174 190
174 192
175 177
175 187
175 190
175 194
176 181
177 180
177 189
177 194
178 193
178 194
179 185
179 188
179 195
179 197
179 198
180 184
180 197
181 189
181 196
182 190
182 193
183 190
183 194
184 188
187 190
188 193
190 199
191 194
196 197
