0 3
0 5
0 11
0 14
0 27
0 42
0 72
0 77
0 83
0 85
0 91
0 114
0 166
0 167
0 187
0 192
1 3
1 24
1 28
1 31
1 45
1 53
1 57
1 67
1 72
1 101
1 103
1 124
1 130
1 131
1 156
1 159
1 165
1 186
1 197
2 3
2 6
2 16
2 17
2 24
2 27
2 33
2 38
2 43
2 47
2 60
2 64
2 70
2 72
2 79
2 109
2 121
2 122
2 132
2 136
2 139
2 140
2 169
3 12
3 35
3 37
3 39
3 41
3 46
3 47
3 53
3 57
3 59
3 68
3 80
3 86
3 92
3 93
3 94
3 97
3 107
3 112
3 114
3 132
3 137
3 150
3 156
3 161
3 192
3 194
3 199
4 25
4 34
4 56
4 60
4 75
4 81
4 82
4 106
4 111
4 114
4 123
4 134
4 137
4 151
4 163
4 192
4 194
5 13
5 15
5 19
5 23
5 28
5 38
5 48
5 56
5 58
5 63
5 88
5 90
5 110
5 113
5 119
5 120
5 128
5 130
5 131
5 133
5 140
5 145
5 153
5 157
5 175
5 196
6 7
6 10
6 16
6 28
6 37
6 40
6 47
6 91
6 109
6 118
6 123
6 129
6 133
6 135
6 154
6 167
6 180
6 182
6 186
6 190
6 192
6 196
6 199
7 27
7 33
7 73
7 80
7 81
7 96
7 97
7 103
7 109
7 115
7 118
7 130
7 133
7 151
7 161
7 168
7 184
7 193
7 198
8 13
8 15
8 28
8 33
8 36
8 40
8 44
8 53
8 55
8 72
8 80
8 84
8 115
8 116
8 125
8 139
8 147
8 152
8 153
8 167
8 183
8 189
8 192
9 12
9 26
9 27
9 36
9 39
9 47
9 49
9 67
9 90
9 139
9 151
9 152
9 155
9 156
9 161
9 173
9 191
9 193
9 195
9 197
10 13
10 23
10 46
10 50
10 66
10 72
10 76
10 81
10 99
10 107
10 116
10 117
10 135
10 140
10 143
10 146
10 192
11 40
11 55
11 59
11 79
11 85
11 94
11 111
11 114
11 115
11 131
11 156
11 158
11 171
11 188
11 189
11 198
12 13
12 15
12 39
12 57
12 70
12 74
12 108
12 117
12 119
12 121
12 126
12 166
12 169
13 16
13 28
13 36
13 64
13 77
13 79
13 88
13 89
13 90
13 102
13 108
13 115
13 117
13 120
13 123
13 132
13 150
13 156
13 177
13 180
13 189
13 190
13 199
14 43
14 48
14 54
14 69
14 72
14 124
14 132
14 136
14 146
14 150
14 165
14 174
14 180
14 184
14 185
14 192
15 21
15 25
15 38
15 45
15 47
15 60
15 66
15 73
15 84
15 106
15 145
15 146
15 147
15 149
15 169
15 180
16 21
16 35
16 50
16 62
16 69
16 73
16 77
16 80
16 81
16 96
16 106
16 134
16 151
16 167
16 168
16 178
16 189
17 25
17 32
17 35
17 40
17 52
17 64
17 69
17 70
17 72
17 79
17 102
17 106
17 115
17 139
17 152
17 188
17 191
18 21
18 35
18 47
18 52
18 53
18 55
18 62
18 84
18 104
18 112
18 129
18 137
18 139
18 146
18 149
18 156
18 168
18 174
19 28
19 63
19 77
19 89
19 103
19 122
19 132
19 141
19 150
19 152
19 167
19 175
19 178
19 187
19 189
19 197
20 40
20 49
20 53
20 64
20 65
20 68
20 73
20 76
20 98
20 111
20 136
20 144
20 158
20 171
20 172
20 181
21 67
21 71
21 72
21 78
21 79
21 97
21 100
21 122
21 131
21 141
21 143
21 151
21 158
21 160
21 181
21 198
22 23
22 36
22 40
22 53
22 54
22 58
22 60
22 81
22 90
22 96
22 97
22 104
22 106
22 112
22 126
22 129
22 151
22 168
22 178
22 187
22 194
23 29
23 54
23 57
23 91
23 94
23 129
23 140
23 159
23 174
23 176
23 185
23 194
24 29
24 42
24 51
24 65
24 71
24 83
24 94
24 101
24 105
24 119
24 129
24 132
24 133
24 158
24 176
24 186
24 188
24 195
25 27
25 38
25 53
25 87
25 89
25 92
25 97
25 98
25 108
25 113
25 116
25 134
25 150
25 169
25 179
25 184
26 29
26 33
26 47
26 49
26 57
26 68
26 78
26 91
26 105
26 119
26 125
26 133
26 135
26 141
26 161
26 164
26 167
26 168
26 171
26 173
26 179
26 186
26 192
26 197
27 47
27 78
27 79
27 80
27 104
27 105
27 121
27 122
27 129
27 144
27 146
27 151
27 153
27 158
27 164
27 174
27 177
27 179
27 191
27 193
28 52
28 53
28 55
28 68
28 75
28 82
28 83
28 89
28 108
28 116
28 132
28 137
28 157
28 172
28 174
28 183
29 35
29 40
29 57
29 60
29 61
29 66
29 67
29 79
29 80
29 102
29 108
29 142
29 163
29 165
29 167
29 175
29 193
30 41
30 59
30 92
30 103
30 131
30 137
30 145
30 146
30 168
30 171
30 176
30 179
30 187
30 192
31 32
31 42
31 50
31 53
31 55
31 80
31 81
31 82
31 95
31 97
31 98
31 106
31 107
31 111
31 119
31 131
31 146
31 148
31 152
31 182
31 183
31 196
32 33
32 37
32 39
32 43
32 47
32 49
32 50
32 53
32 69
32 72
32 80
32 90
32 91
32 98
32 101
32 108
32 114
32 118
32 138
32 140
32 143
32 153
32 166
32 183
32 186
32 196
33 58
33 59
33 65
33 66
33 82
33 95
33 97
33 103
33 107
33 128
33 162
33 173
33 180
33 195
34 50
34 55
34 63
34 81
34 92
34 98
34 123
34 132
34 134
34 164
34 166
34 168
34 174
34 185
34 198
34 199
35 36
35 46
35 57
35 74
35 81
35 85
35 87
35 90
35 109
35 135
35 155
35 178
35 181
35 183
35 188
36 66
36 71
36 80
36 88
36 91
36 107
36 119
36 126
36 129
36 134
36 148
36 151
36 167
36 173
36 177
36 184
36 189
37 45
37 46
37 60
37 69
37 90
37 92
37 94
37 124
37 127
37 128
37 133
37 139
37 144
37 152
37 161
37 162
37 166
37 169
37 170
37 190
37 191
37 197
38 44
38 61
38 63
38 64
38 68
38 71
38 77
38 81
38 82
38 93
38 97
38 99
38 100
38 118
38 120
38 128
38 146
38 147
38 155
38 164
38 165
38 187
38 197
39 45
39 48
39 49
39 64
39 98
39 99
39 100
39 101
39 103
39 108
39 118
39 119
39 126
39 131
39 135
39 136
39 150
39 153
39 154
39 160
39 165
39 169
39 176
39 188
40 41
40 52
40 54
40 57
40 59
40 71
40 101
40 123
40 131
40 137
40 139
40 140
40 144
40 146
40 148
40 164
40 165
40 189
40 191
40 193
41 52
41 59
41 72
41 73
41 89
41 91
41 106
41 109
41 117
41 121
41 126
41 135
41 136
41 137
41 138
41 141
41 159
42 58
42 59
42 86
42 94
42 102
42 105
42 111
42 118
42 127
42 128
42 134
42 149
42 159
42 166
42 199
43 45
43 51
43 53
43 55
43 58
43 72
43 74
43 84
43 90
43 92
43 93
43 100
43 120
43 123
43 127
43 129
43 136
43 142
43 144
43 159
43 162
43 194
43 196
43 197
44 48
44 75
44 82
44 84
44 99
44 102
44 115
44 119
44 121
44 124
44 147
44 184
44 186
44 197
45 47
45 56
45 68
45 93
45 99
45 119
45 157
45 169
45 199
46 52
46 57
46 62
46 90
46 91
46 93
46 94
46 104
46 119
46 168
46 177
47 82
47 93
47 102
47 111
47 116
47 132
47 147
47 180
48 69
48 74
48 83
48 84
48 89
48 102
48 103
48 110
48 134
48 174
48 185
48 197
49 52
49 56
49 57
49 67
49 86
49 106
49 107
49 111
49 157
49 165
49 176
49 195
49 196
50 59
50 60
50 67
50 73
50 79
50 95
50 97
50 125
50 131
50 139
50 154
50 156
50 161
50 166
50 169
50 180
50 183
50 184
50 199
51 53
51 59
51 81
51 104
51 107
51 116
51 122
51 130
51 147
51 149
51 158
51 160
52 70
52 80
52 96
52 109
52 118
52 126
52 127
52 138
52 147
52 151
52 154
53 59
53 73
53 88
53 128
53 130
53 140
53 141
53 147
53 150
53 152
53 155
53 177
53 178
53 184
54 63
54 74
54 86
54 91
54 98
54 99
54 125
54 149
54 150
54 151
54 157
54 160
54 175
54 182
54 199
55 68
55 72
55 73
55 81
55 86
55 87
55 101
55 102
55 103
55 105
55 106
55 114
55 115
55 145
55 156
55 159
55 165
55 168
55 177
55 179
55 191
56 58
56 61
56 70
56 81
56 109
56 111
56 135
56 136
56 142
56 145
56 158
56 159
56 160
56 193
56 194
56 199
57 65
57 74
57 104
57 106
57 113
57 116
57 119
57 153
57 162
57 167
57 171
57 183
57 199
58 72
58 112
58 125
58 126
58 132
58 133
58 150
58 160
58 165
58 173
58 178
58 186
58 189
59 74
59 75
59 80
59 93
59 99
59 127
59 132
59 137
59 153
59 172
59 184
59 186
59 194
60 73
60 75
60 98
60 121
60 136
60 161
60 168
60 172
60 179
60 181
60 185
60 190
60 191
60 195
60 198
61 66
61 68
61 70
61 84
61 91
61 103
61 104
61 106
61 147
61 152
61 160
61 161
61 162
61 187
61 189
62 83
62 93
62 97
62 100
62 102
62 106
62 107
62 109
62 180
62 190
62 192
63 74
63 75
63 87
63 93
63 94
63 102
63 113
63 115
63 116
63 119
63 127
63 128
63 134
63 146
63 168
63 169
63 185
63 190
64 65
64 67
64 70
64 73
64 78
64 84
64 90
64 96
64 97
64 105
64 114
64 118
64 142
64 144
64 148
64 158
64 160
64 161
64 170
64 171
64 185
64 193
65 76
65 83
65 94
65 102
65 113
65 121
65 128
65 150
65 157
65 160
65 162
65 174
65 185
65 198
66 74
66 101
66 120
66 126
66 127
66 143
66 167
66 182
66 189
66 192
66 199
67 82
67 92
67 95
67 101
67 103
67 108
67 112
67 120
67 124
67 131
67 147
67 172
67 174
67 189
67 194
67 196
68 73
68 85
68 86
68 108
68 116
68 134
68 137
68 141
68 151
68 162
68 172
69 100
69 110
69 113
69 127
69 132
69 141
69 151
69 153
69 156
69 157
69 168
69 171
69 177
69 199
70 107
70 109
70 119
70 123
70 126
70 136
70 137
70 142
70 149
70 154
70 183
70 185
70 186
70 187
70 191
70 192
71 88
71 93
71 98
71 101
71 105
71 116
71 122
71 124
71 129
71 131
71 153
71 155
71 163
71 164
71 174
71 178
71 183
71 196
72 84
72 96
72 133
72 166
72 186
72 197
73 78
73 83
73 89
73 97
73 102
73 151
73 160
73 168
73 179
73 198
74 76
74 82
74 84
74 91
74 107
74 111
74 113
74 120
74 129
74 131
74 143
74 146
74 154
74 161
75 80
75 88
75 98
75 133
75 152
75 159
75 164
75 169
75 182
75 194
76 77
76 86
76 92
76 94
76 142
76 150
76 172
76 189
77 86
77 91
77 107
77 120
77 136
77 152
77 163
77 176
77 177
77 198
78 83
78 87
78 99
78 106
78 110
78 144
78 158
78 160
78 168
79 88
79 99
79 103
79 110
79 147
79 150
79 157
79 168
79 173
79 177
79 183
79 188
80 123
80 146
80 156
80 157
80 161
80 177
80 185
80 189
80 199
81 95
81 101
81 121
81 126
81 129
81 161
81 164
81 170
81 177
81 189
81 194
82 92
82 101
82 112
82 113
82 125
82 132
82 137
82 157
82 164
82 166
82 167
82 171
82 173
82 191
83 86
83 94
83 98
83 104
83 106
83 128
83 129
83 135
83 139
83 148
83 153
83 155
83 158
83 171
83 173
83 174
83 178
83 182
83 183
83 185
83 187
84 101
84 109
84 110
84 134
84 141
84 142
84 158
84 160
84 164
84 181
85 106
85 119
85 123
85 125
85 147
85 157
85 160
85 169
85 173
85 179
85 185
86 95
86 103
86 110
86 115
86 121
86 122
86 134
86 146
86 174
86 176
86 182
87 101
87 114
87 133
87 156
87 157
87 163
87 170
87 179
87 198
88 121
88 123
88 126
88 140
88 151
88 157
88 160
88 169
88 183
88 186
88 191
88 194
89 108
89 114
89 116
89 121
89 130
89 152
89 156
89 164
89 170
89 171
89 174
89 181
90 119
90 128
90 130
90 140
90 158
90 179
90 184
90 190
91 98
91 102
91 106
91 108
91 112
91 131
91 139
91 153
91 177
91 179
91 187
92 97
92 113
92 121
92 124
92 130
92 137
92 138
92 153
92 159
92 167
92 178
92 184
92 190
92 191
92 193
93 94
93 106
93 110
93 112
93 117
93 127
93 138
93 139
93 144
93 147
93 150
93 158
93 170
93 184
93 198
94 95
94 133
94 136
94 142
94 165
94 174
94 175
95 113
95 116
95 123
95 126
95 127
95 138
95 139
95 178
96 105
96 106
96 129
96 139
96 143
96 156
96 159
96 163
96 171
96 175
96 177
96 190
96 192
96 199
97 107
97 125
97 136
97 138
97 150
97 174
97 177
97 182
97 184
98 100
98 109
98 128
98 131
98 132
98 138
98 151
98 152
98 165
98 168
98 174
98 177
98 179
98 196
99 119
99 126
99 128
99 132
99 136
99 137
99 145
99 167
99 169
99 185
99 186
100 110
100 113
100 117
100 121
100 130
100 145
100 147
100 160
100 164
100 178
100 185
101 111
101 119
101 128
101 135
101 137
101 159
101 168
101 175
101 178
101 182
101 189
102 122
102 137
102 146
102 171
102 177
103 107
103 109
103 110
103 118
103 128
103 139
103 154
103 169
104 116
104 122
104 125
104 159
104 163
104 166
104 173
104 183
104 188
105 111
105 113
105 122
105 131
105 137
105 158
105 165
105 172
105 177
105 187
105 188
105 193
106 120
106 134
106 140
106 174
106 179
106 185
106 197
107 121
107 143
107 146
107 148
107 153
107 160
107 171
107 178
107 184
107 194
108 168
108 173
108 179
108 182
109 122
109 128
109 163
109 182
109 187
109 189
109 199
110 122
110 153
110 155
110 158
110 161
111 113
111 133
111 138
111 139
111 159
111 163
111 168
111 178
111 179
112 126
112 156
112 193
113 119
113 121
113 136
113 140
113 162
113 165
113 166
113 168
113 180
114 121
114 132
114 145
114 146
114 171
114 177
114 197
115 125
115 136
115 144
115 146
115 165
115 173
115 176
115 177
115 179
115 185
115 196
115 197
116 120
116 126
116 128
116 140
116 146
116 151
116 153
116 162
116 174
116 180
116 189
116 190
116 195
116 199
117 141
117 156
117 165
117 173
118 121
118 131
118 152
118 174
118 177
118 181
118 185
118 187
118 199
119 125
119 140
119 142
119 157
119 162
119 169
119 176
119 184
119 188
119 189
120 128
120 165
120 167
120 169
120 176
120 180
121 124
121 131
121 135
121 136
121 152
121 164
121 168
121 186
121 191
122 123
122 143
122 145
122 153
122 158
122 179
122 195
123 131
123 144
123 151
123 177
123 179
123 180
123 189
124 128
124 130
124 135
124 140
124 143
124 144
124 167
124 178
124 184
125 131
125 147
125 151
125 160
125 164
125 169
125 172
125 191
125 192
126 144
126 145
126 148
126 150
126 169
126 171
126 178
126 189
127 128
127 140
127 144
127 148
127 152
127 166
127 187
128 151
128 159
128 180
128 182
128 183
129 130
129 135
129 137
129 147
129 153
129 161
129 166
129 172
129 182
129 186
129 191
130 133
130 139
130 142
130 157
130 169
130 171
130 196
131 150
131 156
131 171
131 174
131 180
131 184
131 185
131 189
132 148
132 155
132 178
132 183
132 196
133 142
133 145
133 169
133 170
133 172
133 184
133 194
133 195
133 197
134 178
134 183
135 142
135 146
135 157
135 161
135 166
135 170
135 174
136 152
136 164
136 168
136 172
136 175
136 179
136 181
136 185
136 191
136 195
137 142
137 149
137 153
137 155
137 162
137 170
137 172
137 189
138 139
138 143
138 169
138 170
138 179
138 196
139 156
139 177
140 167
140 176
140 190
141 142
141 155
141 162
141 165
141 177
141 189
141 190
142 147
142 169
142 182
142 186
143 144
143 150
143 163
143 168
143 184
144 158
144 165
144 169
144 180
145 161
145 172
145 173
145 184
145 189
145 198
146 147
146 150
146 151
146 159
146 171
146 173
146 193
147 148
147 175
147 181
147 189
147 198
148 156
148 161
148 168
148 183
148 197
149 153
149 172
149 176
149 186
150 164
150 187
150 192
150 194
151 159
151 164
151 165
151 187
151 195
151 198
152 155
152 171
152 174
152 176
152 185
153 168
153 172
153 179
154 159
154 162
154 166
154 180
154 187
154 190
154 191
154 194
155 162
156 164
156 166
156 175
156 185
157 179
157 189
158 168
158 178
158 194
158 196
158 199
159 186
159 194
159 198
159 199
160 184
160 185
161 179
161 180
161 181
161 195
162 169
162 170
162 192
163 170
163 173
163 182
163 191
163 195
164 184
164 196
164 197
164 199
165 169
165 178
165 187
166 169
166 183
166 197
167 170
167 176
167 193
168 177
168 180
168 187
168 197
169 181
170 176
170 181
170 193
170 196
171 175
171 182
171 197
172 185
173 179
173 183
173 188
174 177
174 187
174 198
174 199
175 183
175 185
175 190
176 179
176 192
176 196
177 190
177 194
177 196
179 190
180 196
181 183
181 191
182 196
183 186
183 192
184 191
184 195
185 186
185 188
186 197
187 193
187 194
189 197
189 199
