0 13
0 16
0 35
0 41
0 76
0 83
0 117
0 118
0 133
0 135
0 139
0 159
0 164
0 168
0 171
0 172
0 189
1 14
1 21
1 24
1 26
1 27
1 29
1 47
1 54
1 56
1 67
1 87
1 88
1 91
1 99
1 104
1 113
1 117
1 118
1 125
1 130
1 146
1 152
1 173
1 188
2 3
2 24
2 26
2 79
2 85
2 90
2 97
2 105
2 109
2 171
2 173
2 178
2 192
2 199
3 5
3 17
3 19
3 31
3 40
3 41
3 45
3 74
3 85
3 95
3 96
3 101
3 109
3 117
3 120
3 126
3 127
3 136
3 148
3 150
3 155
3 175
3 182
3 184
3 194
4 7
4 22
4 41
4 42
4 52
4 68
4 71
4 73
4 75
4 83
4 87
4 102
4 110
4 115
4 117
4 119
4 126
4 133
4 142
4 145
4 159
4 173
4 175
4 179
5 7
5 9
5 32
5 34
5 49
5 51
5 62
5 65
5 80
5 81
5 88
5 157
5 164
5 168
6 17
6 20
6 28
6 48
6 54
6 62
6 77
6 83
6 88
6 93
6 108
6 110
6 113
6 121
6 135
6 149
6 160
6 179
6 182
6 183
6 199
7 9
7 13
7 14
7 18
7 26
7 30
7 38
7 60
7 68
7 78
7 83
7 88
7 95
7 113
7 117
7 122
7 130
7 151
7 155
7 162
7 163
7 164
8 22
8 31
8 45
8 62
8 67
8 81
8 96
8 101
8 102
8 111
8 115
8 127
8 128
8 138
8 145
8 157
8 169
8 174
8 179
8 182
8 185
9 10
9 20
9 26
9 27
9 33
9 42
9 54
9 61
9 62
9 67
9 70
9 76
9 84
9 91
9 95
9 98
9 101
9 107
9 111
9 116
9 123
9 126
9 134
9 137
9 141
9 144
9 150
9 180
9 190
10 11
10 14
10 54
10 63
10 64
10 76
10 88
10 90
10 91
10 96
10 114
10 119
10 121
10 125
10 136
10 137
10 138
10 142
10 143
10 156
10 157
10 160
10 163
10 196
11 17
11 31
11 32
11 39
11 45
11 50
11 51
11 55
11 88
11 95
11 105
11 110
11 111
11 118
11 126
11 136
11 140
11 164
11 176
11 197
12 21
12 28
12 35
12 40
12 51
12 56
12 61
12 64
12 89
12 115
12 120
12 122
12 133
12 165
12 178
13 14
13 40
13 53
13 61
13 62
13 72
13 86
13 87
13 92
13 93
13 94
13 95
13 98
13 111
13 138
13 142
13 147
13 149
13 158
13 180
13 183
13 184
13 189
13 191
14 24
14 52
14 56
14 66
14 73
14 82
14 97
14 129
14 135
14 154
14 161
14 193
15 19
15 21
15 24
15 46
15 54
15 66
15 78
15 82
15 100
15 102
15 105
15 121
15 123
15 127
15 139
15 140
15 168
15 172
15 176
15 182
15 183
15 184
15 187
15 189
16 23
16 25
16 30
16 48
16 67
16 68
16 70
16 73
16 79
16 81
16 103
16 109
16 131
16 133
16 143
16 163
16 176
16 184
16 192
16 199
17 20
17 21
17 23
17 32
17 34
17 59
17 65
17 71
17 78
17 81
17 102
17 105
17 113
17 131
17 136
17 144
17 153
17 155
17 173
17 177
17 179
17 181
17 183
17 190
17 192
17 193
18 46
18 49
18 56
18 57
18 61
18 86
18 90
18 105
18 134
18 140
18 143
18 144
18 172
18 175
18 193
18 196
18 197
19 30
19 32
19 45
19 48
19 70
19 94
19 95
19 101
19 125
19 126
19 140
19 144
19 151
19 156
19 165
19 169
19 172
19 198
20 26
20 29
20 41
20 50
20 56
20 57
20 68
20 71
20 73
20 84
20 86
20 87
20 100
20 102
20 103
20 135
20 157
20 160
20 168
20 176
21 22
21 40
21 45
21 46
21 50
21 52
21 56
21 59
21 77
21 83
21 98
21 101
21 102
21 110
21 115
21 129
21 131
21 134
21 139
21 142
21 157
21 162
21 172
21 181
22 33
22 58
22 65
22 66
22 89
22 90
22 96
22 106
22 110
22 130
22 137
22 146
22 154
22 174
22 175
22 180
22 193
23 29
23 32
23 63
23 75
23 83
23 113
23 122
23 124
23 128
23 130
23 151
23 158
23 165
23 167
23 173
23 175
23 188
24 33
24 57
24 74
24 81
24 82
24 87
24 88
24 110
24 118
24 152
24 180
24 186
25 29
25 44
25 55
25 56
25 82
25 101
25 110
25 115
25 116
25 129
25 130
25 131
25 155
25 162
25 176
25 179
25 189
25 190
26 50
26 64
26 68
26 69
26 75
26 83
26 87
26 90
26 92
26 123
26 126
26 131
26 140
26 156
26 157
26 173
26 183
26 185
26 194
26 195
27 45
27 51
27 83
27 85
27 90
27 102
27 108
27 109
27 138
27 142
27 145
27 154
27 167
27 177
27 187
28 49
28 58
28 71
28 74
28 76
28 86
28 92
28 101
28 112
28 115
28 120
28 125
28 131
28 133
28 137
28 138
28 154
28 156
28 168
28 174
28 177
28 178
28 184
28 194
29 30
29 42
29 52
29 77
29 96
29 108
29 109
29 118
29 148
29 172
29 186
30 38
30 39
30 48
30 54
30 57
30 63
30 67
30 83
30 85
30 115
30 116
30 137
30 147
30 184
30 195
31 43
31 47
31 60
31 70
31 77
31 80
31 92
31 97
31 100
31 102
31 103
31 139
31 149
31 154
31 166
31 168
31 169
31 192
32 43
32 55
32 68
32 78
32 89
32 107
32 111
32 122
32 129
32 137
32 148
32 169
32 178
32 186
32 197
33 36
33 41
33 53
33 55
33 61
33 65
33 76
33 87
33 88
33 91
33 92
33 96
33 97
33 110
33 119
33 134
33 142
33 145
33 198
34 36
34 53
34 89
34 90
34 119
34 121
34 127
34 133
34 135
34 138
34 141
34 148
34 151
34 174
34 196
35 42
35 43
35 58
35 71
35 91
35 92
35 101
35 110
35 116
35 123
35 124
35 137
35 142
35 143
35 147
35 176
35 183
35 193
35 198
36 41
36 46
36 52
36 76
36 96
36 113
36 122
36 123
36 126
36 128
36 176
36 188
37 50
37 54
37 57
37 85
37 88
37 105
37 116
37 119
37 120
37 129
37 131
37 149
37 159
37 161
37 177
37 188
37 189
38 48
38 62
38 63
38 69
38 77
38 93
38 97
38 111
38 125
38 128
38 134
38 137
38 144
38 157
38 161
38 170
38 177
38 178
38 188
38 189
39 58
39 67
39 110
39 130
39 136
39 149
39 158
39 170
39 171
39 176
39 179
40 44
40 46
40 50
40 58
40 74
40 102
40 109
40 122
40 129
40 133
40 149
40 168
40 187
40 192
40 198
41 49
41 51
41 70
41 72
41 75
41 81
41 85
41 92
41 97
41 98
41 99
41 101
41 109
41 120
41 140
41 143
41 159
41 173
41 179
41 191
41 198
42 66
42 69
42 84
42 100
42 106
42 115
42 121
42 136
42 137
42 142
42 144
42 150
42 155
42 160
42 174
42 180
42 188
42 194
43 63
43 65
43 71
43 86
43 98
43 110
43 122
43 125
43 131
43 145
43 185
44 76
44 81
44 82
44 86
44 91
44 106
44 115
44 116
44 138
44 158
44 160
44 161
44 183
44 185
44 189
44 191
45 74
45 75
45 107
45 112
45 114
45 141
45 154
45 172
45 198
46 58
46 82
46 85
46 87
46 99
46 129
46 131
46 135
46 175
47 55
47 58
47 61
47 65
47 74
47 75
47 93
47 120
47 131
47 133
47 138
47 150
47 154
47 192
47 193
47 197
48 51
48 59
48 65
48 70
48 88
48 108
48 115
48 119
48 143
48 172
48 175
48 180
48 185
49 54
49 56
49 64
49 67
49 83
49 84
49 88
49 93
49 101
49 112
49 121
49 129
49 130
49 146
49 157
49 162
49 168
49 172
50 66
50 73
50 88
50 94
50 104
50 133
50 183
50 191
50 199
51 65
51 83
51 85
51 91
51 108
51 129
51 140
51 148
51 153
51 155
51 168
51 188
52 92
52 93
52 100
52 105
52 143
52 149
52 153
52 161
52 163
52 170
52 179
53 79
53 87
53 92
53 98
53 110
53 160
53 166
53 177
53 180
53 188
53 197
54 80
54 87
54 94
54 105
54 108
54 121
54 128
54 133
54 139
54 140
54 146
54 150
54 159
54 160
54 174
54 181
54 185
54 187
54 188
55 73
55 76
55 77
55 78
55 98
55 103
55 107
55 119
55 121
55 122
55 133
55 142
55 147
56 61
56 63
56 74
56 91
56 103
56 125
56 151
56 193
57 90
57 92
57 102
57 115
57 117
57 138
57 151
57 168
57 172
57 182
58 68
58 69
58 80
58 83
58 108
58 112
58 116
58 156
58 161
58 176
58 177
59 74
59 77
59 86
59 87
59 89
59 92
59 96
59 105
59 124
59 159
59 160
59 167
59 182
60 66
60 69
60 81
60 83
60 84
60 96
60 102
60 104
60 114
60 121
60 132
60 140
60 152
60 157
60 170
61 68
61 77
61 87
61 92
61 95
61 101
61 105
61 114
61 118
61 121
61 124
61 162
61 164
61 169
61 174
61 179
61 184
61 188
62 64
62 76
62 78
62 93
62 102
62 142
62 147
62 148
62 152
62 188
63 64
63 70
63 82
63 102
63 107
63 110
63 112
63 118
63 120
63 140
63 142
63 143
63 156
63 166
63 171
64 77
64 83
64 93
64 97
64 101
64 103
64 125
64 154
64 177
64 178
64 188
64 189
64 190
64 194
64 198
65 88
65 90
65 92
65 100
65 102
65 103
65 105
65 109
65 112
65 118
65 121
65 132
65 133
65 134
65 173
65 182
65 189
65 190
66 92
66 104
66 110
66 112
66 123
66 131
66 147
66 151
66 158
66 164
66 168
66 169
66 175
66 179
66 183
67 82
67 90
67 91
67 100
67 102
67 103
67 114
67 116
67 122
67 139
67 151
67 155
67 158
67 170
67 188
67 191
67 197
68 70
68 79
68 101
68 105
68 117
68 120
68 152
68 156
68 160
68 168
68 192
69 81
69 83
69 91
69 100
69 101
69 107
69 129
69 133
69 139
69 144
69 161
69 173
69 174
69 177
69 180
69 186
70 87
70 97
70 109
70 115
70 133
70 138
70 143
70 149
70 150
70 187
70 190
70 197
71 97
71 106
71 113
71 118
71 144
71 172
71 179
71 183
71 192
72 79
72 98
72 99
72 113
72 127
72 131
72 144
72 160
72 163
72 180
72 183
72 187
72 188
72 196
73 77
73 86
73 94
73 98
73 103
73 153
73 156
73 162
73 196
74 78
74 85
74 90
74 106
74 126
74 135
74 148
74 151
74 160
74 172
74 181
75 80
75 83
75 89
75 93
75 110
75 135
75 167
75 181
76 104
76 129
76 132
76 135
76 147
76 164
76 165
76 180
77 92
77 101
77 123
77 125
77 131
77 135
77 149
77 154
77 156
77 161
77 166
77 189
77 190
77 192
78 92
78 113
78 116
78 124
78 126
78 131
78 132
78 155
78 156
78 163
78 167
78 169
78 170
78 175
78 178
78 180
78 194
79 116
79 125
79 134
79 142
79 148
79 152
79 156
79 160
79 190
80 94
80 100
80 117
80 139
80 163
80 171
80 179
80 187
80 188
80 199
81 87
81 113
81 122
81 133
81 142
81 146
81 149
81 160
81 188
82 83
82 84
82 98
82 100
82 102
82 104
82 114
82 131
82 135
82 164
82 170
82 171
82 191
82 195
82 196
83 88
83 93
83 95
83 97
83 103
83 143
83 150
83 168
83 169
83 176
83 188
84 90
84 91
84 96
84 105
84 109
84 114
84 154
84 157
84 158
84 167
84 173
84 175
85 91
85 105
85 106
85 137
85 143
85 147
85 160
85 162
85 172
85 173
85 194
86 96
86 98
86 101
86 103
86 110
86 117
86 121
86 122
86 132
86 142
86 151
86 152
86 154
86 159
86 177
86 194
87 117
87 127
87 147
87 170
87 173
87 178
87 190
87 197
88 89
88 91
88 98
88 103
88 105
88 111
88 120
88 130
88 141
88 143
88 148
88 179
89 101
89 106
89 123
89 129
89 131
89 147
89 149
89 153
89 163
89 168
89 172
89 175
89 188
89 197
90 94
90 96
90 103
90 105
90 110
90 116
90 156
90 167
90 172
90 189
91 109
91 126
91 132
91 144
91 158
91 166
91 193
92 94
92 106
92 108
92 111
92 114
92 134
92 137
92 139
92 143
92 148
92 159
92 189
93 99
93 101
93 114
93 119
93 122
93 123
93 127
93 153
93 169
93 174
93 189
93 193
93 194
94 98
94 100
94 119
94 138
94 151
94 157
94 161
94 180
94 183
95 101
95 110
95 130
95 160
95 162
95 168
95 171
95 194
96 100
96 103
96 111
96 115
96 119
96 138
96 139
96 145
96 157
96 167
96 172
96 176
96 185
96 186
96 199
97 101
97 108
97 115
97 116
97 134
97 141
97 156
97 172
97 176
97 179
97 181
97 192
98 101
98 103
98 110
98 115
98 126
98 129
98 143
98 146
98 159
98 163
98 171
98 194
99 103
99 124
99 128
99 146
99 155
99 158
99 165
99 170
99 182
99 197
100 102
100 109
100 141
100 146
100 164
100 177
100 183
100 186
100 187
100 188
101 105
101 118
101 127
101 130
101 134
101 160
101 168
101 170
101 171
101 185
102 103
102 107
102 110
102 119
102 123
102 153
102 160
102 162
102 178
102 194
102 198
103 114
103 129
103 142
103 143
103 153
103 161
103 164
103 186
103 188
103 193
103 194
104 115
104 120
104 138
104 143
104 144
104 160
104 176
104 191
104 192
105 119
105 149
105 151
105 161
105 180
105 184
105 187
105 193
106 121
106 124
106 129
106 130
106 140
106 144
106 160
106 164
106 165
106 192
106 199
107 131
107 137
107 144
107 151
107 153
107 154
107 160
107 161
107 168
107 186
107 192
108 110
108 137
108 142
108 144
108 149
108 152
108 166
108 168
109 112
109 131
109 140
109 155
109 163
109 180
110 115
110 122
110 127
110 130
110 131
110 135
110 149
110 163
110 193
110 199
111 115
111 117
111 119
111 124
111 140
111 150
111 152
111 158
111 163
111 169
111 178
111 192
112 114
112 121
112 124
112 141
112 143
112 148
112 149
112 153
112 158
112 163
113 116
113 142
113 177
113 179
113 181
113 193
113 194
114 116
114 117
114 120
114 131
114 151
114 159
114 165
114 172
114 173
114 177
114 191
115 122
115 124
115 151
115 152
115 170
115 171
115 198
116 120
116 123
116 156
116 158
116 191
116 197
117 138
117 139
117 181
117 198
118 129
118 131
118 135
118 137
118 142
119 126
119 127
119 132
119 134
119 138
119 144
119 146
119 147
119 154
119 175
120 123
120 126
120 136
120 162
120 175
120 184
120 186
120 194
120 197
121 168
121 177
121 196
121 198
122 130
122 131
122 135
122 136
122 143
122 148
122 161
122 166
122 183
122 184
123 135
123 154
123 172
123 173
123 177
123 186
123 188
124 135
124 137
124 138
124 142
124 145
124 149
124 160
124 169
124 175
124 196
125 140
125 145
125 146
125 171
126 137
126 138
126 148
126 150
126 152
126 159
126 162
126 164
126 176
127 128
127 150
127 163
127 176
127 179
127 185
127 196
128 140
128 143
128 145
128 159
128 164
128 173
128 180
128 181
128 188
129 132
129 134
129 163
129 164
129 169
129 177
129 184
129 195
129 198
130 137
130 143
130 153
130 180
130 181
130 187
130 192
130 196
130 199
131 143
131 144
131 148
131 152
131 154
131 156
131 162
131 175
131 178
131 180
131 181
132 139
132 143
132 160
132 163
132 173
132 175
133 145
133 149
133 151
133 165
133 175
133 191
133 197
134 150
134 160
134 174
134 175
134 176
134 182
134 183
134 191
134 196
135 144
135 146
135 166
135 181
135 183
135 184
135 197
135 198
136 160
136 161
136 177
136 191
136 198
136 199
137 139
137 145
137 162
137 165
137 187
138 143
138 152
138 162
138 175
139 140
139 142
139 143
139 154
139 155
139 165
139 166
139 171
139 175
139 183
139 198
140 172
140 186
141 169
141 178
141 197
142 143
142 148
142 156
142 199
143 151
143 169
143 173
143 196
144 155
144 174
144 176
144 177
144 185
144 187
144 188
145 166
145 178
145 191
145 193
146 156
146 173
146 190
147 154
147 164
147 170
147 194
147 199
148 161
148 174
148 189
148 191
148 194
149 157
149 167
149 169
149 174
149 179
149 192
150 156
150 162
150 167
150 181
150 190
151 171
151 175
151 190
152 177
152 188
152 193
152 199
153 166
153 170
153 190
154 155
154 185
154 186
155 169
155 174
155 186
155 190
155 191
156 171
156 190
157 158
157 169
157 171
157 174
157 176
157 178
157 187
157 198
158 165
158 169
158 191
158 197
159 176
159 187
160 168
160 172
160 175
160 186
160 188
161 162
161 170
161 173
161 191
162 186
162 197
164 179
165 167
165 170
165 174
165 191
166 180
166 182
166 196
167 168
167 169
167 175
167 182
168 177
168 181
168 182
168 189
168 190
168 197
168 198
169 173
169 175
170 175
170 177
170 179
170 196
171 177
172 177
172 186
172 191
173 177
173 182
174 192
174 194
174 199
175 187
175 197
176 177
176 186
176 192
176 199
178 185
178 191
178 192
178 197
179 181
179 191
180 188
180 190
180 195
182 184
182 193
182 195
184 187
184 195
185 187
185 197
186 192
187 193
188 189
188 194
188 196
192 194
192 196
194 195
194 197
198 199
