0 1
0 9
0 21
0 28
0 34
0 48
0 99
0 101
0 106
0 110
0 115
0 122
0 124
0 128
0 134
0 146
0 148
0 162
0 166
0 190
0 192
0 194
1 2
1 10
1 19
1 39
1 47
1 58
1 61
1 63
1 67
1 71
1 81
1 86
1 101
1 113
1 126
1 127
1 141
1 144
1 146
1 168
1 188
1 190
2 39
2 44
2 47
2 69
2 71
2 82
2 97
2 106
2 112
2 121
2 139
2 147
2 148
2 154
2 177
2 190
3 18
3 19
3 25
3 30
3 32
3 33
3 35
3 53
3 55
3 58
3 84
3 87
3 91
3 119
3 122
3 124
3 128
3 151
3 166
3 185
3 186
3 197
4 7
4 16
4 17
4 25
4 41
4 46
4 57
4 67
4 84
4 92
4 115
4 116
4 118
4 125
4 136
4 150
4 168
4 181
4 184
4 192
5 14
5 20
5 38
5 49
5 54
5 55
5 91
5 94
5 96
5 103
5 104
5 111
5 125
5 132
5 137
5 156
5 157
5 167
5 189
5 195
5 199
6 9
6 13
6 15
6 22
6 23
6 26
6 42
6 53
6 61
6 83
6 88
6 102
6 120
6 121
6 127
6 156
6 167
6 169
6 181
6 185
7 15
7 28
7 34
7 36
7 43
7 54
7 70
7 72
7 75
7 76
7 96
7 109
7 110
7 122
7 124
7 125
7 141
7 156
7 160
7 162
7 178
7 184
7 194
7 195
8 9
8 12
8 20
8 21
8 46
8 47
8 59
8 67
8 90
8 96
8 99
8 110
8 111
8 117
8 129
8 133
8 139
8 141
8 155
8 156
8 176
8 180
8 187
8 190
9 22
9 23
9 24
9 30
9 33
9 71
9 78
9 82
9 83
9 102
9 123
9 145
9 147
9 159
9 173
9 175
9 188
10 33
10 60
10 84
10 102
10 113
10 120
10 125
10 147
10 149
10 150
10 156
10 165
10 173
10 177
10 186
10 190
10 194
11 15
11 28
11 30
11 54
11 81
11 86
11 88
11 94
11 96
11 102
11 104
11 110
11 113
11 131
11 144
11 155
11 168
11 189
12 17
12 20
12 22
12 31
12 32
12 33
12 36
12 41
12 54
12 55
12 56
12 63
12 79
12 84
12 93
12 97
12 128
12 129
12 137
12 144
12 161
12 163
12 195
12 196
13 19
13 30
13 37
13 50
13 54
13 78
13 81
13 93
13 96
13 125
13 132
13 143
13 146
13 175
14 23
14 24
14 38
14 45
14 57
14 58
14 59
14 63
14 80
14 85
14 96
14 98
14 111
14 117
14 128
14 143
14 145
14 151
14 152
14 156
14 166
14 175
14 192
15 59
15 62
15 74
15 77
15 89
15 92
15 96
15 107
15 112
15 137
15 147
15 162
15 173
16 20
16 27
16 44
16 46
16 50
16 56
16 65
16 72
16 76
16 82
16 107
16 108
16 111
16 122
16 130
16 136
16 143
16 144
16 146
16 149
16 160
16 162
16 165
16 168
16 189
17 29
17 37
17 47
17 50
17 58
17 72
17 84
17 87
17 92
17 96
17 112
17 113
17 123
17 127
17 132
17 150
17 169
17 185
17 189
18 76
18 92
18 103
18 114
18 118
18 151
18 161
18 168
18 177
18 189
18 190
19 36
19 42
19 51
19 67
19 86
19 114
19 120
19 121
19 134
19 164
19 187
20 28
20 66
20 115
20 133
20 144
20 160
20 166
20 170
20 173
20 174
20 183
20 190
20 191
20 193
21 24
21 39
21 42
21 77
21 86
21 104
21 123
21 128
21 135
21 139
21 148
21 149
21 150
21 154
21 161
21 167
21 185
21 193
21 199
22 31
22 33
22 57
22 70
22 83
22 95
22 100
22 104
22 112
22 113
22 115
22 118
22 139
22 147
22 173
22 185
22 188
22 193
22 197
22 199
23 37
23 43
23 50
23 57
23 68
23 85
23 102
23 139
23 155
23 157
23 165
23 169
23 170
23 172
23 183
23 193
23 195
24 36
24 41
24 55
24 62
24 65
24 66
24 96
24 97
24 99
24 100
24 124
24 126
24 132
24 134
24 141
24 142
24 152
24 156
24 179
24 192
25 27
25 30
25 40
25 42
25 49
25 71
25 77
25 89
25 95
25 112
25 116
25 122
25 131
25 138
25 151
25 155
25 162
25 166
25 173
25 182
25 192
25 195
26 29
26 33
26 42
26 59
26 61
26 63
26 70
26 84
26 90
26 102
26 105
26 106
26 107
26 127
26 131
26 135
26 145
26 150
26 163
26 164
26 178
27 33
27 38
27 54
27 58
27 63
27 71
27 88
27 107
27 111
27 118
27 128
27 136
27 141
27 143
27 151
27 175
27 178
27 179
27 193
27 197
28 45
28 70
28 74
28 85
28 93
28 96
28 97
28 102
28 103
28 104
28 107
28 109
28 116
28 123
28 134
28 150
28 163
28 175
28 177
28 198
29 34
29 39
29 57
29 75
29 99
29 100
29 124
29 128
29 131
29 135
29 143
29 144
29 155
29 161
29 163
29 167
29 168
29 185
29 196
29 199
30 31
30 47
30 51
30 55
30 62
30 77
30 110
30 131
30 173
30 180
30 184
30 195
30 196
31 35
31 48
31 58
31 65
31 70
31 83
31 100
31 107
31 115
31 126
31 129
31 147
31 164
31 178
31 179
31 191
31 195
32 35
32 51
32 59
32 77
32 80
32 83
32 97
32 104
32 117
32 119
32 125
32 155
32 162
32 174
32 179
32 196
32 197
33 34
33 41
33 54
33 66
33 70
33 94
33 95
33 128
33 159
33 162
33 163
33 165
33 168
33 184
33 196
34 37
34 40
34 41
34 44
34 81
34 86
34 91
34 94
34 129
34 138
34 139
34 140
34 157
34 163
34 171
34 174
35 36
35 37
35 42
35 45
35 84
35 85
35 92
35 97
35 104
35 115
35 122
35 125
35 147
35 164
35 167
35 180
35 184
35 186
35 198
36 72
36 75
36 79
36 85
36 95
36 108
36 118
36 119
36 120
36 126
36 142
36 147
36 150
36 155
36 166
36 175
36 194
36 199
37 40
37 49
37 51
37 59
37 66
37 76
37 82
37 103
37 108
37 119
37 125
37 172
37 187
37 191
37 193
38 41
38 62
38 63
38 70
38 77
38 91
38 97
38 99
38 111
38 115
38 131
38 132
38 141
38 146
38 154
38 158
38 174
38 175
38 180
38 181
38 199
39 42
39 46
39 61
39 62
39 82
39 136
39 184
40 52
40 58
40 59
40 62
40 81
40 88
40 98
40 117
40 125
40 143
40 151
40 154
40 195
40 196
40 199
41 46
41 72
41 76
41 79
41 84
41 99
41 102
41 105
41 108
41 116
41 147
41 174
41 197
42 50
42 66
42 67
42 71
42 73
42 82
42 85
42 92
42 99
42 100
42 106
42 109
42 143
42 166
42 179
42 181
42 190
43 49
43 52
43 59
43 63
43 71
43 78
43 79
43 84
43 107
43 114
43 115
43 123
43 138
43 144
43 149
43 151
43 156
43 163
43 175
43 176
43 198
43 199
44 48
44 56
44 61
44 65
44 67
44 79
44 106
44 110
44 112
44 126
44 137
44 139
44 142
44 144
44 152
44 160
44 174
44 182
44 185
44 199
45 89
45 97
45 100
45 101
45 102
45 122
45 139
45 141
45 147
45 148
45 149
45 152
45 165
45 174
45 177
45 182
45 186
46 49
46 52
46 53
46 57
46 64
46 82
46 93
46 103
46 120
46 128
46 133
46 150
46 151
46 153
46 161
46 167
46 173
46 177
46 179
46 195
47 49
47 57
47 63
47 68
47 87
47 96
47 97
47 108
47 138
47 145
47 146
47 157
47 161
47 177
47 184
48 58
48 66
48 68
48 88
48 126
48 131
48 134
48 138
48 143
48 145
48 158
48 171
48 179
49 51
49 54
49 81
49 83
49 84
49 93
49 98
49 103
49 115
49 123
49 148
49 151
49 159
49 162
49 182
49 187
49 193
50 62
50 71
50 91
50 122
50 171
50 180
50 184
51 58
51 62
51 80
51 81
51 86
51 92
51 108
51 109
51 119
51 126
51 133
51 173
52 54
52 62
52 85
52 87
52 92
52 98
52 101
52 103
52 118
52 139
52 174
52 185
52 199
53 59
53 79
53 86
53 102
53 104
53 110
53 116
53 121
53 130
53 146
53 174
53 179
53 186
53 199
54 65
54 74
54 81
54 84
54 86
54 113
54 114
54 118
54 136
54 147
54 152
54 174
54 180
54 188
55 80
55 102
55 120
55 125
55 132
55 140
55 146
55 149
55 152
55 157
55 164
55 174
55 178
55 186
55 189
56 76
56 79
56 80
56 96
56 99
56 103
56 116
56 131
56 135
56 136
56 151
56 156
56 167
56 171
56 192
57 80
57 82
57 83
57 85
57 87
57 93
57 95
57 107
57 137
57 142
57 153
57 155
57 171
57 177
57 185
57 191
58 66
58 71
58 103
58 108
58 115
58 120
58 121
58 130
58 131
58 143
58 144
58 158
58 170
58 190
58 199
59 64
59 92
59 97
59 133
59 145
59 167
59 178
59 189
59 190
59 196
60 62
60 64
60 80
60 86
60 97
60 105
60 135
60 140
60 159
60 168
60 172
60 180
60 191
60 196
61 80
61 99
61 104
61 111
61 116
61 133
61 159
61 163
61 175
62 71
62 110
62 114
62 135
62 151
62 152
62 160
62 164
62 173
62 189
62 195
63 78
63 85
63 87
63 97
63 114
63 155
63 157
63 165
63 172
63 194
64 66
64 67
64 81
64 84
64 91
64 97
64 101
64 102
64 104
64 113
64 114
64 148
64 150
64 176
64 180
64 193
65 69
65 76
65 87
65 108
65 123
65 128
65 147
65 163
65 188
65 190
65 193
65 198
66 82
66 96
66 115
66 130
66 133
66 144
66 164
66 172
66 182
66 190
66 194
67 77
67 81
67 103
67 107
67 117
67 121
67 150
67 177
67 181
67 183
67 187
68 70
68 78
68 95
68 102
68 105
68 114
68 124
68 132
68 146
68 151
68 157
68 165
68 172
68 179
68 190
69 78
69 95
69 104
69 110
69 113
69 124
69 149
69 166
69 179
69 190
70 94
70 116
70 117
70 119
70 129
70 133
70 135
70 137
70 145
70 152
70 180
71 79
71 93
71 94
71 123
71 129
71 130
71 146
71 149
71 155
71 158
71 165
71 185
71 191
71 192
72 87
72 98
72 107
72 116
72 120
72 126
72 134
72 136
72 138
72 160
72 166
72 167
72 171
72 173
72 180
72 198
73 84
73 86
73 89
73 96
73 102
73 116
73 119
73 125
73 139
73 152
73 157
73 166
73 170
73 177
73 180
73 187
73 190
74 92
74 99
74 106
74 110
74 136
74 140
74 167
74 171
74 191
75 78
75 87
75 92
75 117
75 134
75 140
75 152
75 154
75 164
75 168
75 171
75 196
76 106
76 113
76 130
76 140
76 149
76 159
76 160
76 165
76 168
76 179
76 180
76 182
76 189
76 191
76 196
77 80
77 81
77 104
77 105
77 132
77 142
77 149
77 153
77 156
77 170
77 175
77 182
77 196
78 81
78 88
78 97
78 106
78 107
78 117
78 127
78 135
78 145
78 152
78 153
78 156
78 187
78 192
78 194
78 195
79 88
79 95
79 99
79 107
79 111
79 112
79 113
79 114
79 116
79 118
79 124
79 136
79 142
79 191
80 103
80 119
80 125
80 139
80 142
80 145
80 169
80 177
80 180
80 187
80 189
81 89
81 95
81 101
81 124
81 132
81 149
81 156
81 164
81 174
81 175
81 177
81 183
81 185
81 187
81 198
82 86
82 87
82 100
82 103
82 118
82 129
82 131
82 137
82 153
82 170
82 178
82 179
82 187
82 198
82 199
83 87
83 94
83 98
83 107
83 108
83 113
83 120
83 131
83 138
83 146
83 150
83 156
83 177
83 183
83 191
83 192
83 193
84 94
84 96
84 100
84 107
84 115
84 116
84 127
84 128
84 140
84 144
84 152
84 162
84 166
84 173
84 175
84 176
84 187
84 189
84 194
85 100
85 104
85 107
85 117
85 120
85 121
85 143
85 146
85 150
85 158
85 178
85 183
85 194
85 197
86 146
86 148
86 161
86 165
86 187
86 193
86 196
87 96
87 100
87 103
87 122
87 123
87 126
87 153
87 168
87 177
87 181
87 185
87 188
87 195
87 196
87 197
88 106
88 113
88 119
88 140
88 142
88 143
88 147
88 153
88 156
88 173
88 176
89 110
89 117
89 134
89 137
89 143
89 147
89 156
89 173
89 175
89 176
89 186
89 192
89 199
90 91
90 101
90 118
90 135
90 136
90 173
90 189
90 193
90 196
91 99
91 118
91 128
91 157
91 176
91 185
91 196
92 110
92 111
92 116
92 122
92 141
92 147
92 149
92 161
93 121
93 132
93 139
93 144
93 148
93 149
93 150
93 151
93 156
93 176
93 180
93 186
93 187
94 100
94 105
94 117
94 122
94 126
94 162
94 164
94 171
94 179
94 181
94 190
94 198
95 102
95 108
95 123
95 126
95 132
95 146
95 154
95 160
95 162
95 172
95 175
95 177
95 178
96 98
96 112
96 139
96 185
97 103
97 133
97 138
97 151
97 159
97 191
98 102
98 110
98 140
98 145
98 147
98 148
98 170
98 180
99 106
99 133
99 151
99 152
99 169
99 178
99 182
99 183
100 108
100 110
100 121
100 124
100 128
100 134
100 139
100 143
100 161
100 165
100 167
100 174
100 177
101 104
101 105
101 113
101 121
101 126
101 129
101 145
101 158
101 161
101 163
101 177
101 179
101 187
101 189
101 190
101 199
102 106
102 108
102 113
102 117
102 121
102 122
102 156
102 161
102 171
102 180
102 186
102 196
103 122
103 127
103 158
103 167
103 168
103 170
103 177
103 182
103 187
103 194
104 122
104 131
104 151
104 156
104 159
104 160
104 163
104 167
104 172
104 176
104 181
104 188
104 195
105 107
105 119
105 129
105 133
105 150
105 151
105 162
105 165
105 181
105 196
105 197
105 199
106 107
106 117
106 152
106 160
106 170
106 171
106 174
106 178
106 192
106 199
107 108
107 120
107 147
107 154
107 176
107 178
107 180
107 182
107 185
107 193
107 196
108 111
108 124
108 137
108 139
108 141
108 144
108 151
108 171
108 189
108 195
109 125
109 154
109 156
109 157
109 164
109 169
109 171
109 173
109 198
109 199
110 135
110 147
110 182
110 186
110 193
110 194
110 198
111 130
111 145
111 162
111 174
111 199
112 113
112 132
112 137
112 150
112 154
112 169
112 182
113 144
113 146
113 159
113 176
113 178
113 186
113 189
114 129
114 133
114 138
114 185
115 121
115 123
115 133
115 138
115 140
115 147
115 150
115 178
115 195
116 118
116 140
116 148
116 162
116 170
116 178
116 186
116 195
117 120
117 126
117 141
117 150
117 167
117 175
117 176
117 199
118 134
118 137
118 148
118 157
118 159
118 165
118 168
118 174
119 124
119 125
119 129
119 134
119 143
119 150
119 153
119 175
119 176
119 184
119 199
120 133
120 154
120 160
120 176
120 181
121 133
121 166
121 170
121 179
121 180
121 192
122 144
122 146
122 176
122 188
123 129
123 151
123 153
123 158
123 164
123 187
124 149
124 152
124 161
124 163
125 131
125 154
125 158
125 199
126 143
126 144
126 147
126 148
126 151
126 166
126 167
126 175
126 179
127 131
127 148
127 155
127 167
127 170
127 187
128 129
128 135
128 138
128 140
128 145
128 150
128 153
128 158
128 164
128 169
128 174
128 183
128 194
128 198
129 131
129 142
129 148
129 185
129 186
129 192
130 138
130 139
130 168
130 186
130 195
130 199
131 136
131 145
131 151
131 157
131 169
131 178
131 179
131 181
131 198
132 138
132 141
132 157
132 182
132 193
132 195
132 199
133 166
133 178
133 180
134 149
134 164
134 166
134 184
134 198
135 155
135 162
135 170
135 174
135 181
135 182
135 187
135 198
136 158
136 160
136 175
136 176
136 177
136 182
136 183
137 138
137 140
137 152
137 154
137 157
137 158
137 179
137 198
137 199
138 139
138 150
138 158
138 160
138 162
138 165
138 190
138 194
139 143
139 146
139 160
139 166
139 170
139 178
139 190
139 199
140 155
140 160
140 170
140 173
140 181
140 190
141 146
141 155
141 156
141 163
141 164
141 167
141 170
141 173
141 183
141 199
142 145
142 162
142 169
142 177
142 178
142 182
142 185
142 187
142 192
142 195
143 150
143 167
143 195
144 148
144 150
144 168
144 170
144 177
144 181
144 192
144 194
145 153
145 159
145 162
145 174
145 178
145 193
146 155
146 156
146 165
146 177
146 193
146 195
146 198
147 168
147 180
147 182
147 188
148 152
148 161
148 163
148 170
148 172
148 173
148 186
148 190
149 198
150 158
150 171
150 175
150 182
150 185
151 158
151 159
151 183
151 190
152 155
152 166
152 175
152 178
152 192
153 157
153 167
153 188
154 164
154 187
154 193
155 167
155 169
155 177
156 157
156 159
156 169
156 184
156 186
156 199
157 172
157 197
157 199
158 170
158 173
158 179
158 186
158 194
159 164
159 165
159 168
159 173
159 189
160 167
160 168
160 178
160 179
160 190
161 163
161 169
161 172
161 190
161 193
162 168
162 171
162 177
162 187
162 189
162 190
163 168
163 178
163 180
163 182
164 176
164 178
164 196
164 198
165 172
165 185
165 194
165 197
166 168
166 199
167 169
167 171
167 196
168 180
168 192
169 177
169 183
169 187
170 197
171 179
171 181
171 199
173 174
173 180
173 194
175 197
176 180
176 190
177 182
178 183
178 189
179 181
180 182
180 188
181 196
181 199
182 184
182 196
183 184
183 185
183 187
185 187
185 189
185 191
186 188
186 191
187 196
189 198
190 192
192 198
193 197
196 199
