0 23
0 25
0 26
0 34
0 48
0 49
0 51
0 53
0 55
0 60
0 90
0 110
0 114
0 120
0 131
0 149
0 163
0 178
0 179
0 181
0 195
1 2
1 7
1 18
1 63
1 76
1 84
1 89
1 91
1 95
1 104
1 119
1 149
1 153
1 158
1 164
1 166
1 168
1 177
1 178
1 195
2 10
2 17
2 19
2 27
2 28
2 29
2 36
2 41
2 65
2 71
2 72
2 81
2 86
2 104
2 112
2 124
2 130
2 141
2 143
2 151
2 168
2 179
2 186
2 198
3 19
3 51
3 61
3 66
3 67
3 81
3 103
3 114
3 124
3 131
3 135
3 137
3 150
3 173
3 175
3 184
3 186
3 199
4 25
4 35
4 48
4 58
4 69
4 73
4 83
4 99
4 108
4 140
4 141
4 146
4 157
4 165
4 168
4 180
4 182
4 192
4 198
5 32
5 33
5 51
5 53
5 62
5 63
5 77
5 93
5 100
5 112
5 115
5 117
5 129
5 141
5 149
5 157
5 158
5 163
5 164
5 174
6 38
6 45
6 46
6 52
6 53
6 54
6 84
6 88
6 96
6 99
6 114
6 124
6 145
6 147
6 148
6 149
6 156
6 185
6 187
6 196
7 10
7 13
7 20
7 32
7 45
7 56
7 80
7 87
7 95
7 112
7 120
7 179
7 184
7 191
7 195
7 196
8 14
8 36
8 52
8 72
8 73
8 76
8 79
8 80
8 93
8 112
8 117
8 129
8 153
8 178
8 186
8 190
9 11
9 16
9 26
9 41
9 45
9 47
9 71
9 88
9 102
9 103
9 116
9 127
9 133
9 157
9 168
9 173
9 177
9 186
9 194
10 17
10 29
10 34
10 37
10 40
10 51
10 58
10 63
10 64
10 71
10 75
10 84
10 95
10 100
10 124
10 146
10 158
10 166
10 170
10 176
10 177
11 24
11 30
11 35
11 49
11 52
11 60
11 85
11 93
11 105
11 110
11 113
11 145
11 149
11 160
11 174
11 180
11 191
12 14
12 17
12 47
12 56
12 61
12 66
12 80
12 90
12 110
12 126
12 132
12 143
12 148
12 161
12 162
12 163
12 167
12 171
12 181
12 199
13 14
13 17
13 39
13 43
13 52
13 69
13 74
13 78
13 80
13 82
13 84
13 85
13 146
13 148
13 154
13 162
13 169
13 181
13 184
13 191
14 37
14 44
14 54
14 56
14 64
14 74
14 83
14 84
14 96
14 110
14 113
14 125
14 134
14 136
14 143
14 170
14 191
14 194
15 23
15 25
15 35
15 45
15 65
15 80
15 88
15 108
15 119
15 125
15 126
15 136
15 151
15 172
15 182
15 190
16 21
16 40
16 62
16 65
16 78
16 94
16 97
16 99
16 106
16 127
16 131
16 153
16 176
17 27
17 35
17 43
17 51
17 65
17 69
17 98
17 102
17 105
17 130
17 149
17 150
17 156
17 171
17 178
17 184
17 185
17 192
18 55
18 85
18 114
18 127
18 162
18 192
19 24
19 54
19 60
19 62
19 80
19 82
19 85
19 89
19 94
19 96
19 128
19 162
19 164
19 169
19 184
19 188
20 21
20 30
20 38
20 39
20 40
20 58
20 62
20 83
20 121
20 137
20 154
20 163
20 170
20 178
20 179
21 41
21 43
21 49
21 50
21 53
21 57
21 90
21 95
21 106
21 121
21 124
21 127
21 133
21 140
21 143
21 162
21 174
21 180
21 186
21 188
21 192
22 24
22 33
22 37
22 44
22 53
22 67
22 76
22 120
22 124
22 143
22 146
22 151
22 154
22 196
23 32
23 39
23 40
23 57
23 80
23 91
23 97
23 116
23 130
23 143
23 154
23 159
23 168
23 184
23 190
24 50
24 62
24 63
24 66
24 68
24 80
24 97
24 100
24 103
24 108
24 115
24 127
24 130
24 163
24 166
24 174
24 188
24 190
25 29
25 33
25 39
25 65
25 72
25 74
25 83
25 103
25 106
25 119
25 121
25 122
25 126
25 139
25 147
25 159
25 169
25 170
25 183
25 192
25 196
25 199
26 28
26 33
26 43
26 47
26 54
26 55
26 62
26 65
26 75
26 90
26 112
26 116
26 134
26 145
26 175
26 181
26 186
26 188
27 36
27 38
27 48
27 54
27 85
27 91
27 108
27 110
27 114
27 115
27 133
27 167
27 173
27 175
27 177
27 179
27 188
28 36
28 46
28 48
28 53
28 60
28 63
28 85
28 93
28 98
28 107
28 110
28 112
28 143
28 145
28 147
28 159
28 173
28 180
28 195
29 55
29 68
29 80
29 90
29 120
29 133
29 142
29 155
29 157
29 165
29 173
29 183
30 38
30 80
30 81
30 90
30 93
30 98
30 107
30 139
30 141
30 143
30 151
30 165
30 166
30 184
30 186
30 194
31 48
31 73
31 76
31 100
31 111
31 115
31 119
31 124
31 136
31 158
31 167
31 170
31 187
32 33
32 72
32 82
32 84
32 105
32 106
32 112
32 118
32 121
32 145
32 148
32 160
32 194
32 197
32 198
33 40
33 48
33 63
33 64
33 69
33 84
33 85
33 88
33 89
33 104
33 115
33 123
33 154
33 157
33 159
33 167
33 197
34 42
34 53
34 57
34 61
34 64
34 84
34 90
34 95
34 100
34 114
34 124
34 141
34 146
34 148
34 157
34 190
34 192
35 48
35 55
35 74
35 81
35 83
35 92
35 95
35 97
35 111
35 112
35 113
35 128
35 129
35 139
35 140
35 150
35 173
35 184
36 55
36 82
36 83
36 91
36 95
36 102
36 110
36 127
36 132
36 133
36 134
36 139
36 146
36 154
36 159
36 164
36 168
36 169
37 41
37 59
37 65
37 124
37 142
37 162
37 178
38 49
38 58
38 69
38 75
38 94
38 95
38 98
38 111
38 131
38 139
38 140
38 167
38 169
38 180
38 181
38 183
38 186
38 188
39 40
39 44
39 45
39 49
39 57
39 64
39 65
39 67
39 68
39 87
39 131
39 132
39 141
39 161
39 164
39 180
39 181
39 184
39 185
39 198
40 59
40 61
40 92
40 100
40 121
40 152
40 158
40 172
40 181
40 184
41 61
41 69
41 71
41 92
41 103
41 114
41 121
41 125
41 127
41 142
41 171
41 174
42 63
42 69
42 83
42 90
42 110
42 113
42 119
42 152
42 154
42 160
42 165
42 177
42 185
42 187
42 190
42 199
43 61
43 70
43 73
43 76
43 79
43 90
43 108
43 115
43 118
43 125
43 128
43 165
43 170
43 177
43 199
44 46
44 59
44 60
44 83
44 86
44 92
44 110
44 115
44 122
44 125
44 143
44 152
44 169
44 178
44 180
44 189
44 191
44 192
45 47
45 62
45 69
45 70
45 72
45 73
45 79
45 95
45 107
45 113
45 136
45 141
45 148
45 172
45 182
45 183
46 50
46 54
46 59
46 60
46 69
46 87
46 88
46 94
46 110
46 133
46 139
46 150
46 156
46 169
46 175
46 180
46 197
47 49
47 58
47 59
47 60
47 70
47 73
47 76
47 77
47 78
47 79
47 107
47 109
47 113
47 114
47 131
47 139
47 146
47 179
47 193
48 51
48 95
48 136
48 141
48 142
48 143
48 148
48 150
48 154
48 158
48 170
48 173
48 175
48 183
49 62
49 68
49 95
49 102
49 105
49 113
49 119
49 121
49 126
49 131
49 132
49 139
49 141
49 145
49 160
49 165
49 175
49 184
49 185
49 186
49 193
49 194
50 58
50 78
50 80
50 84
50 88
50 102
50 115
50 130
50 143
50 161
50 167
50 190
51 57
51 77
51 80
51 84
51 87
51 89
51 140
51 143
51 150
51 151
51 152
51 153
51 174
51 186
52 76
52 81
52 95
52 116
52 120
52 136
52 142
52 145
52 149
52 150
52 151
52 167
52 174
52 186
52 189
53 88
53 119
53 137
53 140
53 143
53 144
53 160
53 165
53 175
54 68
54 94
54 97
54 100
54 103
54 109
54 124
54 140
54 147
54 165
54 176
54 179
54 186
54 190
54 198
55 60
55 79
55 81
55 96
55 110
55 112
55 114
56 58
56 59
56 62
56 63
56 95
56 106
56 140
56 146
56 149
56 155
56 171
56 173
56 176
56 192
57 67
57 69
57 74
57 77
57 90
57 120
57 122
57 124
57 135
58 73
58 79
58 85
58 89
58 112
58 113
58 116
58 118
58 161
58 182
59 61
59 64
59 79
59 86
59 87
59 89
59 100
59 103
59 105
59 134
59 139
59 157
59 158
59 167
59 168
59 171
59 172
59 186
59 189
59 192
59 194
60 62
60 71
60 73
60 99
60 100
60 105
60 107
60 112
60 113
60 121
60 145
60 147
60 149
60 150
60 162
60 165
60 183
60 195
60 199
61 69
61 70
61 86
61 94
61 110
61 117
61 120
61 131
61 132
61 137
61 140
61 147
61 156
61 158
61 169
61 170
61 179
62 92
62 97
62 113
62 135
62 141
62 158
62 177
62 189
62 191
63 64
63 66
63 73
63 79
63 92
63 94
63 95
63 96
63 108
63 141
63 154
63 168
63 187
63 196
64 81
64 88
64 92
64 93
64 96
64 99
64 103
64 108
64 116
64 123
64 149
64 150
64 152
64 153
64 155
64 160
64 164
64 166
64 167
64 174
64 179
64 183
64 189
64 194
65 72
65 74
65 75
65 86
65 129
65 134
65 140
65 151
65 184
65 185
65 199
66 72
66 88
66 93
66 108
66 113
66 115
66 121
66 140
66 143
66 170
66 176
66 188
67 84
67 91
67 109
67 110
67 115
67 122
67 127
67 135
67 136
67 146
67 153
67 168
67 172
67 175
67 194
67 199
68 75
68 77
68 84
68 98
68 115
68 124
68 132
68 138
68 146
68 184
68 193
69 78
69 91
69 100
69 106
69 112
69 118
69 145
69 149
69 162
69 164
69 172
69 195
70 111
70 114
70 119
70 146
70 187
70 188
70 197
70 198
71 85
71 90
71 125
71 127
71 136
71 138
71 140
71 142
71 153
71 172
71 173
71 180
71 196
72 78
72 90
72 93
72 96
72 107
72 119
72 128
72 132
72 146
72 151
72 153
72 157
72 158
72 168
72 178
72 185
72 198
73 84
73 87
73 90
73 105
73 121
73 127
73 130
73 137
73 157
73 175
73 181
73 185
73 188
74 83
74 84
74 87
74 106
74 119
74 122
74 128
74 133
74 137
74 141
74 142
74 146
74 172
74 187
74 196
75 84
75 90
75 112
75 115
75 116
75 130
75 141
75 145
75 150
75 151
75 153
75 161
75 165
75 180
75 186
75 199
76 86
76 100
76 109
76 112
76 130
76 132
76 134
76 138
76 155
76 169
76 183
76 184
76 185
76 196
77 78
77 80
77 83
77 118
77 159
77 197
78 86
78 103
78 112
78 123
78 125
78 127
78 143
78 153
78 155
78 159
78 163
78 164
78 172
78 173
78 178
78 182
78 185
78 190
79 100
79 104
79 118
79 144
79 164
79 169
80 81
80 93
80 103
80 119
80 147
80 156
80 173
80 184
80 189
80 192
80 193
81 105
81 118
81 130
81 132
81 137
81 146
81 147
81 156
81 162
81 177
81 180
81 185
81 197
82 104
82 112
82 125
82 132
82 171
82 188
83 87
83 88
83 96
83 109
83 124
83 129
83 137
83 139
83 150
83 166
83 192
83 193
84 119
84 128
84 133
84 145
84 146
84 176
84 185
84 190
85 105
85 107
85 110
85 116
85 120
85 121
85 124
85 149
85 160
85 168
85 197
86 89
86 90
86 99
86 101
86 106
86 122
86 127
86 137
86 140
86 160
86 178
86 180
87 88
87 89
87 101
87 112
87 117
87 119
87 121
87 128
87 144
87 168
87 171
87 180
87 188
88 90
88 95
88 114
88 119
88 130
88 137
88 142
88 151
88 155
88 162
88 163
88 186
89 98
89 152
89 161
89 165
89 166
89 194
90 104
90 105
90 124
90 152
90 155
90 172
90 180
90 198
91 92
91 94
91 101
91 109
91 138
91 165
91 174
91 198
92 105
92 107
92 114
92 125
92 126
92 130
92 140
92 155
92 185
92 192
92 193
93 105
93 108
93 130
93 133
93 148
93 165
93 171
93 182
93 187
93 195
93 198
93 199
94 106
94 113
94 121
94 133
94 137
94 144
94 168
94 178
94 189
94 198
95 97
95 100
95 102
95 114
95 154
95 185
96 99
96 110
96 129
96 137
96 153
96 169
96 185
96 191
96 198
97 111
97 118
97 122
97 125
97 130
97 136
97 141
97 155
97 159
97 177
97 185
97 191
97 196
98 108
98 114
98 132
98 163
98 171
98 176
98 177
98 184
99 103
99 111
99 120
99 135
99 145
99 147
99 157
99 160
99 166
99 174
99 182
99 187
99 190
99 192
99 199
100 103
100 107
100 114
100 124
100 135
100 145
100 163
100 168
100 178
100 181
100 194
101 105
101 109
101 119
101 124
101 152
101 153
101 175
102 136
102 146
102 161
102 176
102 193
103 111
103 113
103 118
103 133
103 134
103 137
103 138
103 141
103 151
103 168
103 188
103 192
104 141
104 173
104 188
105 120
105 127
105 131
105 144
105 147
105 150
105 153
105 157
105 175
105 182
105 191
105 198
106 130
106 142
106 152
106 153
106 155
106 157
106 160
106 165
106 177
106 199
107 112
107 125
107 140
107 159
107 172
107 178
107 186
107 188
107 196
108 117
108 121
108 130
108 140
108 155
108 158
108 173
108 174
108 197
109 134
109 138
109 148
109 162
109 182
109 189
110 146
110 147
110 171
110 172
110 188
110 192
110 194
110 195
111 124
111 131
111 132
111 140
111 149
111 166
111 177
111 190
112 126
112 131
112 135
112 161
112 166
112 171
112 175
112 188
112 190
112 196
113 119
113 124
113 129
113 131
113 154
113 158
113 178
113 182
113 187
113 194
114 118
114 127
114 145
114 153
114 173
114 174
115 118
115 119
115 126
115 154
115 172
115 174
116 125
116 149
116 150
116 153
116 161
116 170
116 177
116 180
116 190
117 118
117 137
117 154
117 160
117 177
117 179
117 193
117 198
118 125
118 127
118 131
118 137
118 153
118 157
118 176
118 196
119 138
119 142
119 144
119 160
119 167
119 182
119 192
120 123
120 128
120 142
120 156
120 160
120 165
120 182
121 140
121 166
121 168
121 183
121 185
122 125
122 134
122 139
122 140
122 149
122 173
122 177
122 181
122 186
123 126
123 130
123 137
123 143
123 148
123 158
123 165
123 174
123 192
123 194
123 199
124 133
124 158
124 162
124 192
125 126
125 142
125 145
125 160
125 174
125 191
126 131
126 153
126 171
126 176
126 180
126 193
126 194
126 195
127 129
127 143
127 146
127 166
127 174
127 176
127 178
127 181
127 194
128 145
128 156
128 175
128 178
129 142
129 164
129 167
130 131
130 144
130 166
130 177
130 179
130 193
130 196
131 168
131 178
131 184
131 185
131 191
131 197
132 149
132 150
132 196
133 143
133 152
133 160
133 161
133 173
133 182
134 142
134 157
134 163
134 190
135 144
135 151
135 152
135 157
135 168
135 173
135 195
136 152
136 168
136 171
136 178
136 179
136 184
136 190
137 140
137 162
137 171
137 177
137 194
137 196
138 158
138 160
138 165
138 174
138 182
139 140
139 159
139 160
139 167
139 178
139 192
139 196
140 141
140 146
140 154
140 156
140 168
140 170
140 178
140 185
142 143
142 147
142 152
142 156
142 166
142 173
142 182
142 193
142 195
142 197
143 144
143 149
143 165
143 181
143 188
143 190
143 191
143 193
143 198
144 150
144 177
144 188
144 196
145 167
145 175
145 180
145 185
145 197
146 148
146 155
146 161
146 182
146 183
146 193
146 196
147 151
147 156
147 171
147 182
148 149
148 150
148 157
148 166
149 174
149 180
149 193
150 158
150 159
150 176
150 189
150 196
151 163
151 171
151 176
151 188
151 196
152 161
152 172
152 180
152 186
152 188
152 193
153 157
153 158
153 160
153 163
153 174
153 177
153 179
153 183
153 189
153 191
153 193
154 175
154 176
154 188
155 160
155 165
155 175
155 176
155 191
156 185
156 199
157 160
157 162
157 177
157 190
157 198
158 177
158 187
159 162
159 170
159 175
159 178
159 187
159 198
159 199
160 177
160 185
160 188
160 193
161 164
161 168
161 175
161 183
161 190
161 192
161 193
162 166
162 167
162 171
162 194
163 170
163 187
163 191
164 174
166 189
166 196
167 179
167 190
168 188
168 191
169 198
170 171
170 174
170 176
170 179
170 191
171 182
171 191
172 189
172 195
172 196
172 199
173 175
173 181
173 186
173 194
174 181
174 199
175 195
176 199
177 182
177 188
177 189
178 184
179 190
179 197
180 183
180 188
180 191
180 198
182 186
182 193
183 184
183 198
184 188
184 191
184 193
186 190
187 190
187 196
189 195
193 199
194 195
194 197
