0 3
0 7
0 19
0 70
0 71
0 77
0 79
0 81
0 84
0 94
0 99
0 108
0 112
0 121
0 129
0 130
0 140
0 145
0 153
0 158
0 180
0 189
1 27
1 40
1 47
1 49
1 57
1 72
1 77
1 96
1 114
1 129
1 160
1 167
1 173
1 180
1 189
1 195
2 6
2 22
2 25
2 39
2 79
2 130
2 141
2 153
2 169
2 171
2 176
2 183
2 195
3 9
3 14
3 29
3 33
3 49
3 56
3 73
3 74
3 90
3 94
3 108
3 119
3 137
3 150
3 173
3 183
4 9
4 26
4 36
4 40
4 42
4 43
4 52
4 67
4 90
4 108
4 110
4 111
4 129
4 131
4 148
4 165
4 170
5 17
5 18
5 27
5 35
5 49
5 77
5 80
5 82
5 98
5 101
5 112
5 121
5 129
5 139
5 144
5 146
5 149
5 158
5 180
6 7
6 20
6 30
6 43
6 45
6 46
6 77
6 81
6 105
6 116
6 123
6 136
6 137
6 143
6 144
6 149
6 153
6 161
6 169
6 170
6 172
6 176
6 182
6 185
7 10
7 15
7 23
7 79
7 80
7 86
7 108
7 124
7 129
7 133
7 166
7 167
7 181
7 189
7 192
7 193
8 21
8 29
8 32
8 42
8 52
8 58
8 60
8 64
8 66
8 70
8 75
8 90
8 91
8 98
8 139
8 143
8 152
8 161
8 165
8 169
8 181
8 183
8 188
8 199
9 25
9 29
9 32
9 37
9 38
9 39
9 43
9 59
9 97
9 102
9 108
9 120
9 122
9 147
9 158
9 172
9 179
9 186
9 188
9 189
9 195
10 13
10 18
10 27
10 42
10 51
10 53
10 54
10 56
10 70
10 71
10 80
10 89
10 100
10 101
10 137
10 138
10 146
10 159
10 160
10 163
10 169
10 171
11 47
11 71
11 74
11 89
11 110
11 114
11 115
11 116
11 128
11 129
11 152
11 153
11 173
11 176
11 181
12 23
12 38
12 42
12 105
12 107
12 108
12 137
12 142
12 155
12 171
12 183
12 197
12 198
13 29
13 36
13 44
13 60
13 62
13 74
13 89
13 98
13 104
13 106
13 107
13 113
13 114
13 144
13 152
13 156
13 164
13 191
13 193
13 195
14 18
14 36
14 39
14 44
14 45
14 48
14 51
14 61
14 131
14 138
14 164
14 165
14 166
14 177
14 179
15 20
15 28
15 56
15 62
15 66
15 81
15 86
15 88
15 93
15 100
15 101
15 135
15 147
15 151
15 186
16 18
16 20
16 25
16 42
16 63
16 74
16 87
16 92
16 106
16 121
16 141
16 143
16 145
16 157
16 171
16 174
16 175
16 180
16 183
16 187
16 190
16 195
17 25
17 32
17 39
17 59
17 66
17 83
17 89
17 95
17 98
17 99
17 115
17 133
17 137
17 178
17 187
17 188
18 23
18 37
18 41
18 44
18 48
18 68
18 71
18 74
18 78
18 87
18 91
18 100
18 137
18 144
18 151
18 159
18 175
18 193
19 25
19 37
19 41
19 53
19 56
19 59
19 76
19 88
19 98
19 101
19 109
19 111
19 139
19 149
19 162
19 190
19 193
20 23
20 25
20 47
20 56
20 67
20 79
20 104
20 122
20 135
20 152
20 157
20 164
20 167
20 186
21 27
21 34
21 36
21 38
21 50
21 55
21 60
21 74
21 80
21 91
21 94
21 96
21 98
21 102
21 104
21 105
21 125
21 128
21 134
21 172
21 173
21 191
21 195
22 23
22 26
22 37
22 43
22 53
22 54
22 61
22 69
22 82
22 87
22 91
22 105
22 114
22 115
22 125
22 127
22 148
22 158
22 160
22 171
22 182
22 185
22 190
22 193
23 29
23 45
23 47
23 53
23 82
23 90
23 102
23 124
23 142
23 143
23 155
23 162
23 190
23 199
24 29
24 32
24 34
24 48
24 58
24 68
24 71
24 89
24 93
24 101
24 108
24 110
24 121
24 131
24 136
24 149
24 164
24 169
24 178
24 193
24 198
25 31
25 34
25 44
25 58
25 71
25 83
25 84
25 92
25 101
25 121
25 125
25 129
25 136
25 144
25 157
25 159
25 164
25 186
25 190
25 197
26 36
26 41
26 43
26 45
26 55
26 60
26 62
26 63
26 65
26 88
26 89
26 98
26 99
26 101
26 104
26 105
26 142
26 144
26 160
26 167
26 174
26 185
26 189
26 195
26 198
27 53
27 63
27 80
27 82
27 85
27 86
27 94
27 109
27 122
27 137
27 141
27 146
27 148
27 153
27 158
27 172
27 196
28 41
28 49
28 64
28 90
28 94
28 104
28 115
28 136
28 137
28 142
28 160
28 174
28 176
28 195
29 44
29 55
29 58
29 68
29 91
29 122
29 136
29 142
29 151
29 163
29 184
29 191
29 192
29 194
29 196
30 34
30 39
30 48
30 57
30 61
30 84
30 94
30 106
30 107
30 112
30 113
30 116
30 125
30 126
30 132
30 135
30 143
30 164
31 41
31 48
31 60
31 62
31 67
31 127
31 129
31 131
31 133
31 139
31 156
31 173
31 194
31 197
32 43
32 44
32 46
32 50
32 60
32 64
32 69
32 78
32 79
32 87
32 89
32 104
32 113
32 121
32 128
32 135
32 136
32 140
32 165
32 167
32 184
32 193
32 194
32 196
33 50
33 58
33 78
33 87
33 90
33 100
33 126
33 132
33 147
33 173
33 176
33 177
33 180
34 38
34 44
34 52
34 54
34 56
34 70
34 86
34 99
34 101
34 103
34 108
34 110
34 111
34 131
34 146
34 155
34 196
35 40
35 41
35 45
35 95
35 153
35 158
35 164
35 173
35 190
35 193
36 37
36 40
36 44
36 56
36 58
36 61
36 66
36 79
36 82
36 86
36 90
36 97
36 99
36 103
36 111
36 113
36 153
36 159
36 160
36 162
36 165
36 175
36 185
37 41
37 45
37 56
37 57
37 59
37 63
37 73
37 87
37 94
37 113
37 114
37 122
37 125
37 145
37 149
37 159
37 170
37 174
37 178
37 195
38 63
38 73
38 81
38 86
38 95
38 100
38 113
38 123
38 124
38 145
38 154
38 155
38 170
38 174
38 197
39 46
39 48
39 51
39 58
39 66
39 69
39 83
39 84
39 90
39 91
39 95
39 96
39 98
39 100
39 108
39 114
39 125
39 133
39 137
39 139
39 169
39 180
39 191
39 194
40 48
40 63
40 67
40 68
40 73
40 74
40 91
40 92
40 124
40 135
40 162
40 168
40 169
40 174
40 180
40 183
40 189
40 191
40 193
41 67
41 75
41 119
41 122
41 124
41 138
41 151
41 154
41 182
41 185
41 190
42 47
42 48
42 53
42 58
42 89
42 93
42 112
42 117
42 124
42 132
42 146
42 148
42 173
42 174
42 178
42 197
42 199
43 60
43 71
43 79
43 85
43 106
43 115
43 126
43 137
43 143
43 166
43 177
43 194
44 48
44 74
44 87
44 116
44 139
44 154
44 157
44 162
44 175
44 197
44 198
45 51
45 55
45 58
45 79
45 84
45 102
45 103
45 119
45 125
45 151
45 168
45 174
45 177
45 178
46 54
46 62
46 68
46 75
46 80
46 140
46 151
46 152
46 165
46 174
46 175
46 178
46 186
46 190
46 198
47 63
47 70
47 72
47 82
47 101
47 120
47 121
47 128
47 148
47 180
47 185
47 199
48 60
48 68
48 71
48 93
48 120
48 126
48 130
48 136
48 144
48 174
48 186
48 189
49 67
49 72
49 102
49 103
49 110
49 118
49 150
49 159
49 163
50 51
50 56
50 68
50 73
50 84
50 87
50 102
50 127
50 137
50 148
50 161
50 190
51 66
51 67
51 71
51 85
51 120
51 123
51 145
51 160
51 168
51 171
52 58
52 60
52 69
52 73
52 77
52 83
52 86
52 92
52 97
52 107
52 118
52 136
52 152
52 168
52 170
52 171
52 178
52 184
52 188
52 197
53 54
53 60
53 61
53 74
53 101
53 137
53 146
53 164
53 165
53 166
53 168
53 176
53 188
54 57
54 58
54 61
54 65
54 77
54 111
54 139
54 156
54 160
54 178
54 179
54 181
54 182
55 57
55 67
55 91
55 109
55 111
55 123
55 130
55 149
55 164
55 182
55 194
55 199
56 78
56 90
56 94
56 97
56 100
56 106
56 108
56 128
56 131
56 143
56 148
56 172
56 174
56 182
56 190
57 65
57 82
57 101
57 126
57 127
57 132
57 135
57 152
57 155
57 159
57 168
57 188
57 194
57 195
58 70
58 74
58 77
58 87
58 122
58 123
58 129
58 131
58 138
58 142
58 152
58 172
58 176
58 178
58 193
58 196
58 198
59 72
59 84
59 92
59 101
59 104
59 114
59 144
59 157
59 172
59 179
59 185
59 191
59 198
60 65
60 91
60 96
60 103
60 105
60 119
60 123
60 130
60 134
60 139
60 141
60 142
60 144
60 171
60 188
60 190
60 197
60 199
61 62
61 63
61 77
61 78
61 81
61 90
61 92
61 136
61 150
61 157
61 160
61 168
61 182
61 186
61 195
61 198
62 74
62 83
62 87
62 103
62 109
62 112
62 126
62 129
62 130
62 158
62 164
62 171
62 180
62 186
62 190
62 191
62 194
62 195
63 73
63 109
63 112
63 115
63 124
63 130
63 138
63 139
63 144
63 153
63 166
63 185
63 187
63 191
63 197
64 68
64 73
64 81
64 86
64 87
64 95
64 99
64 109
64 139
64 144
64 145
64 161
64 165
64 167
64 184
64 196
65 70
65 78
65 83
65 94
65 97
65 98
65 99
65 106
65 108
65 115
65 135
65 143
65 152
65 153
65 161
65 180
66 82
66 102
66 108
66 123
66 126
66 129
66 134
66 166
66 178
66 188
66 193
67 85
67 94
67 97
67 99
67 117
67 134
67 146
67 153
67 190
67 198
68 73
68 90
68 91
68 104
68 112
68 113
68 122
68 135
68 136
68 139
68 140
68 163
68 165
68 166
68 182
69 77
69 85
69 87
69 95
69 114
69 125
69 128
69 138
69 144
69 146
69 148
69 157
69 158
69 165
69 168
69 171
69 183
69 186
69 187
69 190
70 82
70 87
70 111
70 115
70 116
70 130
70 132
70 149
70 151
70 152
70 158
70 159
70 172
70 182
70 197
71 84
71 93
71 96
71 97
71 104
71 113
71 114
71 122
71 141
71 149
71 151
71 157
71 172
71 176
71 198
72 85
72 89
72 101
72 108
72 119
72 120
72 131
72 133
72 184
73 75
73 96
73 114
73 118
73 124
73 137
73 140
73 149
73 169
73 191
74 79
74 84
74 98
74 106
74 109
74 117
74 126
74 134
74 142
74 157
74 167
74 171
74 178
74 179
74 188
74 191
75 83
75 89
75 97
75 108
75 120
75 129
75 131
75 170
75 171
75 179
75 185
75 189
75 195
76 97
76 115
76 117
76 132
76 141
76 144
76 148
76 159
76 175
76 176
76 191
76 199
77 79
77 94
77 108
77 112
77 120
77 136
77 141
77 142
77 154
77 174
77 178
77 193
78 82
78 102
78 118
78 119
78 124
78 131
78 134
78 142
78 155
78 158
78 177
78 181
78 191
78 193
79 82
79 90
79 91
79 92
79 96
79 105
79 113
79 126
79 156
79 169
79 175
79 177
79 185
80 87
80 99
80 103
80 130
80 133
80 144
80 158
80 161
80 166
80 171
80 182
80 190
80 191
80 193
81 96
81 99
81 103
81 109
81 115
81 120
81 125
81 149
81 153
81 159
81 190
81 198
82 96
82 115
82 124
82 125
82 129
82 148
82 161
82 167
82 179
82 189
82 197
83 92
83 124
83 127
83 156
83 163
83 174
83 198
84 86
84 90
84 92
84 115
84 116
84 144
84 145
84 147
84 153
84 154
84 158
84 160
84 181
84 182
84 190
84 194
84 197
85 97
85 113
85 121
85 126
85 135
85 175
85 183
85 199
86 98
86 107
86 112
86 144
86 145
86 146
86 156
86 158
86 181
86 195
87 89
87 102
87 132
87 133
87 154
87 166
87 181
87 189
87 193
88 102
88 103
88 107
88 111
88 114
88 131
88 133
88 139
88 152
88 153
88 175
88 193
89 94
89 101
89 109
89 133
89 142
89 173
90 91
90 100
90 120
90 126
90 135
90 139
90 140
90 152
90 180
90 196
90 198
91 93
91 113
91 115
91 127
91 137
91 143
91 150
91 152
91 164
91 170
91 174
91 181
91 198
92 99
92 140
92 150
92 157
92 169
92 182
92 183
92 189
93 100
93 111
93 115
93 116
93 159
93 177
93 180
94 100
94 109
94 116
94 126
94 141
94 143
94 151
94 153
94 159
94 163
94 171
94 179
94 183
94 187
94 198
95 101
95 107
95 108
95 114
95 125
95 126
95 127
95 128
95 140
95 144
95 151
95 157
95 158
95 161
95 178
95 181
96 101
96 120
96 128
96 129
96 135
96 146
96 151
96 179
96 189
97 106
97 111
97 118
97 139
97 144
97 147
97 148
97 149
97 151
97 152
97 171
97 175
97 187
98 123
98 124
98 126
98 129
98 145
98 157
98 180
98 194
99 106
99 107
99 108
99 123
99 155
99 160
99 161
99 168
99 185
99 186
99 188
100 105
100 129
100 134
100 137
100 170
100 172
100 198
101 122
101 138
101 169
101 178
101 189
101 191
102 108
102 111
102 117
102 119
102 128
102 134
102 138
102 143
102 145
102 150
102 152
102 159
102 179
102 180
102 189
102 195
102 199
103 113
103 124
103 132
103 133
103 157
103 158
103 159
103 161
103 171
103 186
103 188
103 196
104 106
104 117
104 139
104 150
104 156
104 172
104 174
104 178
104 180
104 188
104 192
104 196
105 124
105 126
105 143
105 158
105 164
105 178
105 179
105 196
106 121
106 126
106 127
106 128
106 141
106 168
106 169
106 192
107 109
107 124
107 137
107 159
107 169
107 176
107 185
107 189
108 127
108 130
108 131
108 132
108 153
108 154
108 159
108 160
108 172
108 176
108 177
108 178
108 182
108 192
109 117
109 128
109 132
109 143
109 144
109 152
109 156
109 162
109 166
109 168
109 176
109 187
110 114
110 117
110 123
110 130
110 145
110 157
110 163
110 164
110 168
110 189
110 197
111 147
111 153
111 154
111 164
111 165
111 178
111 195
112 117
112 131
112 137
112 159
112 161
112 166
112 181
112 195
112 196
113 130
113 133
113 138
113 139
113 155
113 169
113 178
113 183
113 189
113 199
114 117
114 133
114 149
114 170
114 175
114 176
114 187
114 191
114 192
114 193
115 121
115 131
115 143
115 149
115 150
115 152
115 154
115 170
116 118
116 120
116 121
116 123
116 128
116 144
116 148
116 152
116 168
116 186
116 189
117 123
117 127
117 133
117 146
117 198
117 199
118 122
118 142
118 145
118 166
118 169
118 193
118 194
119 121
119 138
119 141
119 143
119 145
119 161
119 176
119 191
119 196
120 131
120 132
120 156
120 161
120 167
120 170
120 176
120 181
120 198
121 123
121 125
121 151
121 166
121 167
121 179
121 186
121 192
121 193
121 196
122 142
122 145
122 163
122 166
122 173
122 180
122 190
122 197
123 128
123 132
123 134
123 135
123 145
123 156
123 165
123 184
123 192
124 127
124 142
124 145
124 149
124 153
124 154
124 158
124 160
124 162
124 176
124 177
124 178
124 183
124 187
124 193
125 129
125 135
125 153
125 167
125 171
125 175
125 178
125 182
125 197
125 198
126 140
126 149
126 152
126 183
127 133
127 150
127 169
127 172
127 175
127 183
127 189
127 194
128 135
128 142
128 149
128 151
128 157
128 191
129 162
129 198
130 135
130 147
130 149
130 169
130 175
130 179
130 182
131 135
131 141
131 144
131 151
131 158
131 161
131 169
131 177
131 178
131 187
131 191
131 198
132 143
132 160
132 168
132 170
132 171
132 190
133 156
133 157
133 161
133 162
133 164
133 171
133 175
133 179
133 180
133 190
133 194
134 137
134 158
134 162
134 163
134 180
134 183
134 188
134 192
134 194
135 136
135 157
135 159
135 169
135 195
136 171
136 177
136 199
137 149
137 156
137 165
137 174
137 183
137 191
137 192
137 194
138 147
138 154
138 162
138 182
139 150
139 195
139 199
140 141
140 142
140 148
140 152
140 160
140 162
140 180
140 189
141 145
141 178
142 146
142 147
142 154
142 177
142 184
143 148
143 152
143 163
143 166
143 172
143 176
143 179
143 187
143 193
144 145
144 157
144 162
144 169
144 172
144 184
145 158
145 161
145 166
145 168
145 170
145 176
145 177
145 186
146 150
146 156
146 158
146 191
146 197
147 148
147 169
147 172
147 176
147 193
148 161
148 174
149 157
149 160
149 161
149 162
149 163
149 183
149 195
150 171
150 172
150 176
150 182
151 159
151 174
151 177
151 178
151 183
151 194
152 163
152 165
152 168
152 177
152 178
152 182
152 185
152 188
152 190
152 192
153 155
153 164
153 171
153 175
153 194
154 160
154 174
154 181
154 183
154 184
154 188
154 195
155 164
155 173
155 174
156 159
156 175
156 179
156 184
156 190
156 196
157 164
157 168
157 181
157 197
158 182
158 196
158 198
159 164
159 184
159 189
159 191
159 197
159 199
160 189
160 194
161 175
161 186
161 192
162 173
162 177
162 178
162 186
162 188
162 189
162 191
162 193
162 194
163 169
163 178
163 185
163 186
163 187
163 194
164 170
164 177
164 180
164 197
164 198
165 174
165 192
165 194
165 197
165 198
165 199
166 182
167 186
167 195
168 194
168 197
168 198
169 174
170 173
170 174
170 175
170 184
170 190
171 178
171 187
171 195
172 181
172 182
172 185
173 181
174 177
174 193
175 184
175 185
175 189
175 198
176 196
177 180
177 185
178 181
178 194
178 195
181 190
182 185
182 189
182 198
183 190
184 187
184 190
184 199
186 187
187 189
187 196
188 193
189 191
189 195
190 198
192 193
195 199
