0 6
0 28
0 59
0 62
0 63
0 67
0 76
0 80
0 106
0 110
0 131
0 139
0 144
0 151
0 184
0 189
0 193
0 197
1 8
1 21
1 25
1 26
1 29
1 43
1 44
1 46
1 61
1 65
1 67
1 85
1 87
1 89
1 92
1 94
1 108
1 132
1 137
1 144
1 150
1 161
1 162
1 185
2 8
2 18
2 40
2 56
2 70
2 86
2 140
2 144
2 157
2 159
2 168
2 171
2 174
2 193
2 196
3 11
3 25
3 44
3 45
3 51
3 76
3 88
3 99
3 107
3 111
3 124
3 129
3 148
3 168
3 172
3 183
4 5
4 21
4 24
4 42
4 53
4 56
4 57
4 59
4 64
4 66
4 89
4 94
4 103
4 110
4 111
4 112
4 119
4 125
4 153
4 171
4 173
4 182
4 195
4 196
5 17
5 42
5 50
5 52
5 53
5 54
5 57
5 67
5 76
5 93
5 98
5 100
5 113
5 116
5 119
5 130
5 134
5 135
5 142
5 152
5 159
5 163
5 171
5 174
5 191
6 7
6 30
6 32
6 37
6 49
6 52
6 56
6 57
6 104
6 108
6 112
6 119
6 125
6 145
6 149
6 168
6 179
6 186
6 197
7 24
7 25
7 41
7 43
7 51
7 53
7 58
7 79
7 80
7 98
7 107
7 113
7 118
7 143
7 159
7 170
7 174
7 179
7 185
8 9
8 16
8 29
8 36
8 43
8 68
8 76
8 86
8 91
8 95
8 97
8 109
8 112
8 148
8 149
8 151
8 154
8 172
9 16
9 24
9 34
9 42
9 66
9 67
9 69
9 79
9 91
9 99
9 100
9 106
9 130
9 132
9 174
9 177
9 179
9 190
9 196
9 199
10 32
10 37
10 39
10 41
10 52
10 60
10 65
10 68
10 88
10 94
10 115
10 116
10 129
10 130
10 131
10 143
10 155
10 172
10 178
10 179
10 183
10 197
11 14
11 23
11 29
11 37
11 45
11 49
11 56
11 90
11 129
11 135
11 164
11 166
11 178
11 182
12 24
12 26
12 34
12 39
12 43
12 45
12 110
12 118
12 154
12 169
12 182
12 185
12 189
12 195
13 35
13 36
13 41
13 53
13 77
13 81
13 88
13 113
13 137
13 144
13 174
13 175
13 180
13 184
13 190
14 24
14 40
14 41
14 46
14 57
14 87
14 90
14 110
14 113
14 125
14 126
14 135
14 141
14 143
14 148
14 155
14 162
14 177
14 182
14 188
15 22
15 27
15 38
15 39
15 44
15 54
15 57
15 64
15 82
15 100
15 109
15 112
15 125
15 127
15 146
15 149
15 153
15 183
15 194
16 20
16 24
16 28
16 34
16 37
16 46
16 56
16 62
16 67
16 118
16 132
16 135
16 138
16 140
16 151
16 165
16 172
16 179
16 183
16 186
16 187
17 53
17 82
17 86
17 105
17 113
17 115
17 126
17 129
17 133
17 135
17 137
17 140
17 148
17 149
17 158
17 166
17 177
17 194
17 197
18 20
18 33
18 42
18 46
18 47
18 48
18 62
18 66
18 69
18 82
18 88
18 95
18 96
18 98
18 99
18 114
18 115
18 128
18 129
18 151
18 157
18 168
18 170
18 184
18 185
19 26
19 55
19 57
19 63
19 72
19 92
19 101
19 135
19 163
19 179
19 182
19 186
20 56
20 89
20 96
20 100
20 104
20 117
20 121
20 122
20 131
20 175
20 177
20 181
20 182
20 188
20 192
20 196
21 24
21 34
21 38
21 50
21 55
21 61
21 83
21 89
21 93
21 107
21 118
21 122
21 131
21 140
21 145
21 160
21 172
21 175
21 178
21 187
21 190
21 192
22 38
22 39
22 44
22 51
22 52
22 60
22 69
22 98
22 107
22 111
22 136
22 145
22 158
22 196
23 24
23 92
23 102
23 111
23 125
23 126
23 155
23 166
23 172
23 177
23 191
24 28
24 51
24 68
24 70
24 71
24 87
24 93
24 94
24 98
24 101
24 107
24 114
24 115
24 167
24 169
24 189
25 26
25 32
25 35
25 44
25 48
25 50
25 53
25 59
25 66
25 68
25 86
25 98
25 113
25 120
25 128
25 174
25 181
26 34
26 41
26 50
26 108
26 113
26 121
26 126
26 128
26 137
26 165
26 187
26 195
27 47
27 65
27 77
27 93
27 95
27 96
27 104
27 109
27 124
27 127
27 128
27 129
27 130
27 135
27 139
27 148
27 153
27 187
27 198
28 31
28 40
28 44
28 81
28 82
28 93
28 101
28 116
28 122
28 148
28 151
28 185
28 192
29 37
29 41
29 48
29 51
29 66
29 91
29 104
29 125
29 133
29 135
29 138
29 146
29 150
29 161
29 172
29 176
29 182
30 35
30 45
30 61
30 63
30 74
30 81
30 95
30 106
30 109
30 110
30 116
30 126
30 130
30 131
30 171
30 177
30 180
31 56
31 79
31 85
31 103
31 108
31 114
31 115
31 127
31 155
31 157
31 170
31 173
31 195
31 197
32 40
32 45
32 56
32 75
32 83
32 118
32 131
32 139
32 159
32 166
32 176
32 180
32 192
32 197
33 36
33 38
33 40
33 41
33 44
33 70
33 71
33 77
33 83
33 87
33 94
33 103
33 110
33 115
33 121
33 133
33 142
33 145
33 149
33 153
33 157
33 166
33 188
33 196
34 35
34 36
34 53
34 73
34 84
34 85
34 99
34 110
34 114
34 115
34 117
34 122
34 131
34 180
34 182
34 188
35 36
35 40
35 44
35 62
35 67
35 69
35 106
35 115
35 116
35 148
35 150
35 153
35 156
35 158
35 162
35 176
35 192
35 194
36 50
36 74
36 81
36 88
36 93
36 132
36 136
36 143
36 152
36 159
36 165
36 166
36 175
36 180
36 184
36 198
37 44
37 57
37 70
37 71
37 82
37 98
37 101
37 116
37 117
37 123
37 144
37 153
37 156
37 158
37 160
37 165
37 180
37 187
37 197
38 48
38 52
38 53
38 54
38 55
38 67
38 68
38 84
38 88
38 114
38 129
38 131
38 132
38 136
38 138
38 154
38 164
38 167
38 173
38 186
38 190
38 192
39 60
39 63
39 69
39 85
39 86
39 90
39 94
39 118
39 126
39 187
39 197
40 41
40 46
40 66
40 67
40 69
40 74
40 79
40 107
40 114
40 129
40 133
40 147
40 152
40 153
40 154
40 181
40 193
41 48
41 56
41 61
41 76
41 77
41 82
41 97
41 99
41 108
41 113
41 134
41 143
41 144
41 182
41 190
42 43
42 46
42 48
42 51
42 65
42 70
42 89
42 93
42 126
42 129
42 134
42 144
42 147
42 153
42 154
42 189
42 198
43 50
43 51
43 59
43 67
43 68
43 73
43 74
43 96
43 99
43 119
43 120
43 135
43 143
43 152
43 156
43 171
43 175
43 182
43 185
43 189
44 46
44 69
44 71
44 82
44 100
44 103
44 105
44 110
44 155
44 173
44 189
44 191
45 46
45 48
45 53
45 75
45 80
45 82
45 94
45 101
45 117
45 147
45 153
45 155
45 164
45 166
45 167
45 173
45 175
45 176
45 191
45 198
46 50
46 61
46 64
46 68
46 72
46 73
46 75
46 104
46 108
46 109
46 126
46 127
46 140
46 150
46 153
46 167
46 169
46 175
46 176
46 190
46 198
47 53
47 61
47 66
47 89
47 102
47 124
47 129
47 179
47 182
47 191
47 197
48 54
48 65
48 69
48 76
48 78
48 85
48 87
48 105
48 106
48 108
48 109
48 133
48 143
48 160
48 167
48 182
48 197
48 199
49 79
49 85
49 104
49 108
49 114
49 116
49 120
49 129
49 156
49 160
49 165
49 172
49 182
49 188
49 193
50 53
50 63
50 67
50 75
50 81
50 88
50 93
50 94
50 97
50 103
50 110
50 113
50 132
50 152
50 168
50 172
50 174
50 182
50 183
50 185
50 190
51 77
51 93
51 94
51 97
51 101
51 108
51 112
51 125
51 149
51 153
51 199
52 54
52 64
52 74
52 84
52 105
52 119
52 143
52 172
52 173
52 180
53 54
53 62
53 73
53 94
53 100
53 109
53 116
53 132
53 135
53 139
53 145
53 158
53 164
53 168
54 58
54 70
54 72
54 81
54 83
54 89
54 101
54 107
54 113
54 125
54 127
54 138
54 188
55 74
55 75
55 85
55 97
55 106
55 107
55 112
55 156
55 160
55 171
55 189
55 197
55 199
56 62
56 82
56 94
56 136
56 142
56 158
56 160
56 179
56 185
57 78
57 84
57 88
57 98
57 99
57 103
57 114
57 127
57 141
57 185
58 87
58 98
58 119
58 120
58 130
58 154
58 159
58 162
58 185
58 190
58 191
59 69
59 76
59 86
59 93
59 100
59 104
59 106
59 123
59 146
59 149
59 154
59 177
59 180
59 196
60 70
60 75
60 119
60 140
60 150
60 158
60 161
60 167
60 173
60 180
60 181
60 185
60 191
61 64
61 74
61 85
61 92
61 93
61 97
61 105
61 141
61 143
61 159
61 169
61 191
61 195
62 69
62 74
62 75
62 80
62 83
62 96
62 106
62 111
62 120
62 121
62 128
62 130
62 131
62 137
62 142
62 159
62 180
62 199
63 82
63 83
63 85
63 104
63 118
63 126
63 132
63 138
63 153
63 160
63 182
64 77
64 78
64 99
64 101
64 105
64 117
64 132
64 134
64 138
64 157
64 164
64 171
64 176
64 180
64 187
64 192
65 66
65 67
65 78
65 87
65 108
65 113
65 123
65 125
65 126
65 131
65 146
65 150
65 164
65 176
65 192
66 74
66 95
66 109
66 114
66 133
66 136
66 150
66 153
66 160
66 170
66 185
67 111
67 113
67 128
67 132
67 141
67 144
67 160
67 164
67 186
68 103
68 105
68 117
68 130
68 135
68 140
68 143
68 169
68 171
68 185
68 188
68 192
68 194
69 73
69 74
69 78
69 87
69 90
69 100
69 114
69 120
69 154
69 157
69 163
69 171
69 181
69 191
69 193
70 95
70 102
70 122
70 144
70 162
70 172
70 194
70 195
71 80
71 82
71 102
71 104
71 109
71 114
71 142
71 147
71 165
72 74
72 99
72 125
72 155
72 158
72 174
72 177
72 182
72 191
72 194
72 197
73 79
73 91
73 103
73 105
73 116
73 128
73 156
73 157
73 163
73 176
73 196
74 77
74 82
74 90
74 108
74 110
74 145
74 154
74 165
74 170
74 186
75 84
75 92
75 116
75 121
75 129
75 132
76 82
76 92
76 149
76 154
76 159
76 166
76 179
77 99
77 114
77 117
77 134
77 178
77 180
77 190
77 196
78 129
78 140
78 143
78 156
78 157
78 179
78 183
78 190
79 84
79 89
79 90
79 107
79 111
79 118
79 122
79 149
79 155
79 156
79 157
79 166
79 170
79 175
79 182
79 183
80 83
80 84
80 87
80 89
80 91
80 94
80 112
80 117
80 118
80 132
80 143
80 145
80 149
80 150
80 162
80 171
80 174
80 181
80 186
80 195
81 109
81 122
81 125
81 131
81 139
81 157
81 158
81 163
81 177
81 178
81 187
81 197
82 88
82 118
82 135
82 140
82 142
82 147
82 152
82 163
82 164
82 165
82 170
82 172
82 174
82 180
83 84
83 85
83 87
83 108
83 125
83 134
83 140
83 150
83 172
83 179
83 185
83 186
83 191
83 197
84 112
84 118
84 127
84 129
84 166
84 181
84 183
84 190
85 98
85 119
85 126
85 130
85 133
85 134
85 162
85 169
85 176
85 183
85 187
86 92
86 97
86 101
86 112
86 115
86 131
86 138
86 185
86 190
86 196
87 98
87 106
87 116
87 135
87 152
87 158
87 163
87 169
87 178
87 180
87 195
88 138
88 153
88 170
88 172
88 184
88 185
88 191
88 197
89 95
89 96
89 97
89 119
89 136
89 140
89 148
89 157
89 164
89 167
89 169
89 174
89 179
89 188
89 190
90 96
90 104
90 115
90 127
90 133
90 149
90 150
90 158
90 161
90 162
90 173
90 195
90 198
91 92
91 95
91 104
91 119
91 142
91 144
91 150
91 156
91 162
91 166
91 177
91 193
92 108
92 109
92 123
92 125
92 142
92 143
92 155
92 183
93 127
93 144
93 146
93 147
93 166
93 171
93 180
94 98
94 101
94 116
94 121
94 122
94 150
94 160
94 163
94 167
94 182
94 188
95 105
95 125
95 126
95 135
95 137
95 142
95 190
95 196
95 197
96 102
96 110
96 116
96 123
96 124
96 135
96 137
96 140
96 159
96 165
96 166
96 191
96 194
97 133
97 148
97 149
97 150
97 158
97 178
97 179
98 100
98 107
98 135
98 155
98 159
98 163
98 166
98 173
98 186
99 100
99 103
99 110
99 115
99 132
99 150
99 154
99 155
99 159
99 163
99 165
99 177
99 180
99 181
99 189
99 191
99 199
100 101
100 105
100 124
100 125
100 131
100 135
100 139
100 168
100 188
100 196
101 117
101 123
101 124
101 161
101 179
101 192
101 194
101 195
101 199
102 111
102 116
102 133
102 141
102 142
102 189
103 110
103 125
103 164
103 187
104 108
104 110
104 131
104 135
104 144
104 161
104 170
104 191
104 198
105 112
105 116
105 119
105 123
105 130
105 138
105 159
105 166
105 179
106 110
106 145
106 169
107 115
107 123
107 126
107 135
107 139
107 141
107 147
107 153
107 155
107 162
107 176
107 180
107 185
107 196
108 121
108 127
108 133
108 144
108 153
108 167
108 168
108 180
109 115
109 125
109 151
109 170
110 120
110 126
110 130
110 135
110 142
110 145
110 152
110 157
110 160
110 166
110 170
110 172
110 181
110 183
111 117
111 136
111 145
111 175
111 181
111 189
111 197
112 133
112 143
112 149
112 150
112 164
112 173
112 183
112 189
112 192
112 193
113 124
113 128
113 134
113 161
113 164
113 180
114 161
114 165
114 172
114 176
114 181
114 193
115 124
115 126
115 135
115 136
115 165
115 186
115 196
116 117
116 128
116 142
116 144
116 145
116 155
116 160
116 174
116 197
117 123
117 134
117 151
117 157
117 168
117 185
117 195
118 124
118 125
118 147
118 169
118 172
118 181
118 198
119 127
119 131
119 142
119 172
119 193
119 197
120 143
120 161
120 177
120 184
120 191
120 195
121 141
121 157
121 164
121 174
121 178
121 185
122 128
122 138
122 139
122 152
122 164
123 142
123 165
123 170
123 195
124 131
124 154
124 160
124 175
124 178
124 179
124 182
124 191
125 159
125 163
125 171
125 188
126 135
126 140
126 152
126 158
126 181
126 185
126 188
126 189
127 128
127 131
127 155
127 167
127 169
127 176
127 183
127 190
128 134
128 138
128 140
128 146
128 172
128 196
129 150
129 152
129 153
129 163
129 183
129 193
130 141
130 154
130 166
130 167
130 169
130 172
130 193
131 133
131 157
131 161
131 170
131 185
131 192
131 199
132 144
132 183
132 186
132 190
133 139
133 153
133 159
133 168
133 181
134 146
134 150
134 154
134 172
134 176
134 179
134 181
134 184
134 188
135 156
135 159
135 160
135 167
135 172
135 187
136 142
136 144
136 163
136 164
136 181
136 196
137 138
137 142
137 156
137 164
137 192
137 197
138 141
138 145
138 150
138 172
138 175
138 199
139 145
139 174
139 184
139 190
139 197
140 153
140 157
140 195
140 198
141 144
141 169
141 180
141 187
141 190
141 193
142 146
142 153
142 159
142 168
142 179
142 184
143 156
143 163
143 175
144 168
144 169
144 176
144 192
145 150
145 154
145 188
145 192
145 193
145 199
146 156
146 164
146 169
146 172
146 179
146 193
147 157
147 167
147 172
147 177
147 178
147 184
147 192
147 193
147 195
148 160
148 163
149 169
149 188
149 192
149 195
149 198
150 165
150 167
150 169
150 183
150 184
150 195
151 171
151 195
152 168
152 175
152 179
152 187
152 196
153 188
153 199
154 155
154 162
154 174
155 166
155 169
156 163
156 177
156 186
156 190
156 193
156 199
157 163
157 166
157 177
157 199
158 159
158 168
158 187
158 192
158 193
159 180
159 181
159 184
159 189
160 163
160 169
160 171
160 197
161 163
161 168
161 180
161 189
162 182
162 186
162 187
162 194
163 169
163 171
163 188
163 195
164 168
164 170
164 172
164 181
164 196
164 197
165 175
165 177
165 180
165 190
165 194
165 199
166 180
166 181
167 189
168 171
168 177
169 176
170 173
170 189
170 192
171 173
171 184
171 185
172 176
172 185
172 196
173 187
173 188
173 197
173 199
174 176
174 192
176 180
176 192
177 183
177 185
177 199
178 197
179 187
179 198
180 182
180 183
180 190
181 188
181 193
182 186
182 192
182 197
182 198
184 195
185 195
185 198
185 199
186 190
187 193
187 194
187 197
188 194
188 196
189 194
189 195
189 196
190 192
190 196
190 199
191 198
193 198
194 195
195 196
