0 4
0 6
0 15
0 37
0 47
0 49
0 51
0 72
0 94
0 99
0 105
0 110
0 136
0 143
0 144
0 148
0 193
0 196
0 199
1 33
1 39
1 44
1 61
1 73
1 76
1 79
1 113
1 117
1 119
1 129
1 151
1 153
1 160
1 161
1 187
1 194
2 10
2 25
2 49
2 60
2 63
2 68
2 69
2 84
2 94
2 119
2 125
2 137
2 153
2 156
2 171
3 27
3 29
3 40
3 46
3 52
3 55
3 60
3 84
3 87
3 89
3 95
3 100
3 108
3 113
3 117
3 125
3 130
3 135
3 159
3 182
3 185
3 189
4 23
4 31
4 58
4 74
4 108
4 109
4 110
4 117
4 152
4 153
4 155
4 162
4 173
4 189
4 194
5 9
5 14
5 21
5 28
5 43
5 44
5 54
5 55
5 60
5 69
5 70
5 89
5 100
5 101
5 105
5 121
5 129
5 159
5 175
5 191
6 7
6 26
6 34
6 49
6 54
6 62
6 85
6 91
6 100
6 105
6 114
6 130
6 144
6 162
6 167
6 171
6 185
6 186
6 194
7 15
7 19
7 33
7 35
7 39
7 59
7 62
7 96
7 110
7 126
7 133
7 139
7 144
7 147
7 148
7 157
7 158
7 179
8 15
8 30
8 43
8 51
8 61
8 69
8 74
8 79
8 91
8 114
8 120
8 127
8 143
8 152
8 172
8 175
8 195
8 196
9 21
9 33
9 38
9 70
9 71
9 73
9 75
9 88
9 101
9 109
9 119
9 130
9 132
9 145
9 149
9 150
9 165
9 172
9 183
9 189
10 11
10 55
10 66
10 71
10 80
10 81
10 85
10 95
10 99
10 120
10 156
10 172
11 15
11 50
11 55
11 67
11 99
11 129
11 142
11 155
11 183
12 15
12 26
12 29
12 45
12 49
12 54
12 65
12 82
12 96
12 100
12 101
12 135
12 139
12 161
12 163
12 179
12 183
12 197
13 15
13 30
13 41
13 47
13 59
13 69
13 71
13 72
13 75
13 81
13 89
13 95
13 108
13 160
13 191
13 194
13 197
14 19
14 26
14 36
14 42
14 58
14 79
14 93
14 95
14 112
14 138
14 147
14 149
14 159
14 171
14 176
14 186
14 194
15 16
15 40
15 50
15 52
15 54
15 68
15 79
15 82
15 99
15 117
15 121
15 136
15 140
15 142
15 143
15 147
15 151
15 154
15 159
15 187
15 189
16 17
16 25
16 26
16 37
16 40
16 42
16 51
16 54
16 61
16 70
16 85
16 103
16 150
16 189
16 192
16 193
16 194
17 41
17 57
17 90
17 95
17 97
17 125
17 127
17 154
17 158
17 163
17 180
17 186
17 196
18 22
18 49
18 60
18 64
18 68
18 86
18 100
18 103
18 118
18 125
18 126
18 143
18 159
18 173
18 174
18 175
18 177
18 195
19 20
19 31
19 45
19 50
19 58
19 60
19 65
19 66
19 79
19 84
19 99
19 108
19 124
19 126
19 129
19 147
19 198
20 23
20 34
20 39
20 45
20 57
20 76
20 79
20 86
20 103
20 109
20 125
20 130
20 135
20 168
21 28
21 38
21 51
21 53
21 54
21 56
21 62
21 96
21 100
21 111
21 113
21 131
21 135
21 137
21 147
21 166
21 169
21 178
21 180
21 191
22 32
22 33
22 34
22 45
22 51
22 64
22 82
22 100
22 120
22 124
22 151
22 162
22 164
22 176
22 184
22 199
23 37
23 40
23 72
23 78
23 115
23 130
23 137
23 142
23 147
23 169
23 174
23 177
23 182
23 194
23 198
24 30
24 43
24 60
24 62
24 79
24 88
24 95
24 105
24 109
24 110
24 128
24 143
24 154
24 186
24 196
25 27
25 31
25 32
25 57
25 74
25 80
25 102
25 103
25 108
25 116
25 122
25 125
25 131
25 142
25 144
25 154
25 163
25 164
25 166
25 194
26 36
26 39
26 49
26 50
26 60
26 101
26 112
26 154
26 155
26 156
26 164
26 169
26 177
26 188
26 189
26 194
26 196
27 33
27 34
27 36
27 49
27 61
27 63
27 64
27 69
27 70
27 71
27 83
27 108
27 111
27 122
27 128
27 132
27 133
27 149
27 156
27 163
27 188
27 193
27 194
27 199
28 51
28 56
28 66
28 97
28 116
28 123
28 126
28 127
28 145
28 158
28 179
29 48
29 83
29 87
29 109
29 128
29 148
29 163
29 164
29 165
29 167
29 188
29 191
29 193
30 44
30 46
30 71
30 76
30 78
30 86
30 100
30 124
30 143
30 150
30 156
30 193
31 42
31 48
31 55
31 84
31 86
31 96
31 100
31 111
31 122
31 141
31 157
31 162
31 165
31 166
31 174
31 177
31 185
31 189
31 192
32 70
32 92
32 99
32 125
32 135
32 147
32 153
32 158
32 177
32 178
32 182
32 186
32 198
33 38
33 44
33 52
33 79
33 81
33 86
33 93
33 96
33 103
33 129
33 143
33 172
33 174
33 191
33 198
34 40
34 47
34 49
34 60
34 65
34 70
34 75
34 78
34 110
34 113
34 157
34 170
34 171
34 179
34 181
34 184
34 191
35 45
35 55
35 69
35 75
35 76
35 91
35 109
35 134
35 140
35 141
35 156
35 161
35 174
35 178
35 180
36 38
36 41
36 44
36 46
36 56
36 84
36 93
36 95
36 97
36 119
36 136
36 143
36 149
36 156
36 162
36 179
36 181
36 187
36 192
36 195
36 199
37 39
37 73
37 97
37 104
37 119
37 136
37 137
37 144
37 147
37 149
37 161
37 169
37 178
37 183
37 185
37 186
37 193
37 196
37 198
38 50
38 51
38 61
38 62
38 64
38 69
38 79
38 85
38 86
38 94
38 119
38 122
38 135
38 140
38 144
38 151
38 172
38 180
38 191
39 40
39 45
39 46
39 81
39 92
39 94
39 99
39 143
39 160
39 161
39 191
40 44
40 56
40 69
40 72
40 74
40 76
40 98
40 103
40 108
40 114
40 135
40 143
40 145
40 159
40 172
41 44
41 61
41 63
41 65
41 75
41 78
41 81
41 113
41 130
41 145
41 151
41 162
41 169
41 182
41 183
41 191
41 197
42 43
42 46
42 49
42 60
42 78
42 98
42 100
42 119
42 138
42 140
42 146
42 147
42 151
42 154
42 155
42 158
42 164
42 165
42 166
42 171
42 173
42 179
42 192
42 199
43 51
43 54
43 61
43 78
43 81
43 83
43 89
43 101
43 102
43 116
43 119
43 139
43 147
43 159
43 169
43 193
44 66
44 71
44 93
44 102
44 105
44 106
44 120
44 127
44 134
44 156
44 161
44 165
44 172
44 173
44 178
44 182
44 185
44 195
44 197
45 53
45 60
45 65
45 71
45 89
45 91
45 100
45 136
45 140
45 155
45 157
45 173
45 174
45 187
45 188
46 50
46 65
46 75
46 87
46 89
46 92
46 93
46 104
46 107
46 109
46 118
46 120
46 125
46 154
46 160
46 181
46 182
46 187
46 195
46 196
46 197
47 50
47 53
47 63
47 79
47 92
47 110
47 120
47 123
47 140
47 151
47 166
47 190
48 49
48 58
48 59
48 61
48 74
48 78
48 83
48 86
48 92
48 117
48 141
48 157
48 170
48 186
49 85
49 92
49 98
49 101
49 108
49 126
49 130
49 136
49 172
49 174
49 183
49 192
49 194
50 57
50 58
50 81
50 89
50 95
50 106
50 126
50 128
50 132
50 137
50 147
50 152
50 158
50 176
50 180
50 182
50 199
51 59
51 70
51 77
51 87
51 91
51 110
51 112
51 150
51 164
51 185
52 70
52 90
52 106
52 121
52 132
52 143
52 165
52 169
52 178
52 192
52 199
53 56
53 57
53 84
53 99
53 100
53 106
53 108
53 116
53 123
53 138
53 153
53 159
53 161
53 172
53 173
53 178
53 179
53 188
53 189
54 64
54 67
54 77
54 86
54 100
54 113
54 121
54 124
54 127
54 173
54 191
54 197
54 199
55 67
55 70
55 72
55 88
55 92
55 134
55 139
55 148
55 164
55 168
55 171
55 175
55 178
55 186
55 187
55 189
56 77
56 78
56 120
56 126
56 143
56 148
56 164
56 180
56 181
56 183
56 195
57 117
57 138
57 140
57 149
57 153
57 179
57 188
58 65
58 71
58 73
58 87
58 88
58 99
58 121
58 134
58 137
58 147
58 161
58 162
58 180
59 88
59 97
59 114
59 116
59 136
59 155
59 165
59 167
59 195
60 67
60 83
60 86
60 90
60 107
60 109
60 122
60 125
60 130
60 146
60 149
60 150
60 159
60 173
61 62
61 75
61 79
61 87
61 91
61 104
61 108
61 128
61 129
61 134
61 137
61 147
61 148
61 159
61 163
61 168
61 189
62 74
62 89
62 101
62 102
62 105
62 110
62 133
62 136
62 144
62 145
62 152
62 162
62 169
62 172
62 176
62 186
63 64
63 76
63 94
63 110
63 114
63 117
63 118
63 125
63 130
63 132
63 151
63 168
63 191
64 66
64 69
64 74
64 75
64 76
64 79
64 80
64 83
64 90
64 96
64 99
64 107
64 109
64 119
64 120
64 151
64 158
64 160
64 163
64 166
64 170
64 190
65 68
65 72
65 78
65 84
65 90
65 96
65 119
65 135
65 138
65 140
65 152
65 168
65 177
65 186
65 187
65 190
65 199
66 75
66 85
66 102
66 173
67 68
67 69
67 85
67 116
67 117
67 144
67 147
67 160
67 163
67 177
67 189
68 72
68 73
68 75
68 79
68 82
68 99
68 102
68 147
68 150
68 151
68 160
68 169
68 175
68 183
68 184
68 192
68 193
69 76
69 90
69 100
69 102
69 127
69 136
69 144
69 160
69 161
69 162
69 190
70 71
70 83
70 85
70 86
70 87
70 93
70 96
70 105
70 113
70 150
70 155
70 161
70 170
70 174
70 182
70 197
71 83
71 86
71 108
71 118
71 127
71 129
71 154
71 169
71 196
72 74
72 95
72 109
72 114
72 150
72 164
72 165
72 191
72 193
73 84
73 118
73 134
73 145
73 148
73 155
73 157
73 170
73 175
74 83
74 86
74 100
74 104
74 105
74 112
74 116
74 117
74 125
74 144
74 156
74 173
74 178
74 184
74 185
74 186
75 80
75 85
75 88
75 100
75 103
75 108
75 114
75 118
75 121
75 123
75 143
75 153
75 161
75 176
75 184
76 79
76 92
76 103
76 135
76 198
77 92
77 96
77 99
77 125
77 128
77 131
77 133
77 156
77 161
77 175
77 178
77 179
77 182
77 188
77 189
77 196
78 81
78 85
78 91
78 93
78 102
78 112
78 116
78 120
78 146
78 155
78 158
78 165
78 168
78 172
78 177
78 190
78 195
78 198
79 80
79 88
79 90
79 95
79 135
79 158
79 163
79 167
79 185
79 187
79 188
80 83
80 85
80 98
80 99
80 103
80 109
80 116
80 123
80 130
80 141
80 148
80 152
80 156
80 166
80 169
80 177
80 192
81 100
81 106
81 108
81 121
81 139
81 145
81 147
81 165
81 184
81 196
82 83
82 84
82 87
82 91
82 93
82 101
82 113
82 114
82 119
82 121
82 134
82 136
82 150
82 153
83 86
83 102
83 104
83 120
83 129
83 130
83 132
83 138
83 139
83 141
83 159
83 194
84 86
84 104
84 112
84 129
84 162
84 163
84 168
85 103
85 108
85 113
85 138
85 140
85 154
85 165
85 167
85 169
85 183
86 100
86 106
86 109
86 123
86 138
86 147
86 168
86 180
86 199
87 101
87 110
87 123
87 127
87 139
87 148
87 157
87 183
88 93
88 107
88 115
88 121
88 135
88 154
88 162
88 163
88 175
88 180
88 185
89 91
89 105
89 112
89 130
89 139
89 142
89 147
89 154
89 160
89 173
89 197
90 98
90 130
90 137
90 148
90 158
90 180
90 186
90 191
90 192
90 196
90 197
91 97
91 106
91 123
91 124
91 132
91 137
91 143
91 165
91 179
91 186
91 198
92 95
92 97
92 102
92 103
92 111
92 117
92 127
92 131
92 132
92 161
92 177
92 183
92 189
92 192
92 196
93 99
93 102
93 118
93 120
93 129
93 131
93 134
93 178
93 185
94 99
94 107
94 109
94 117
94 124
94 144
94 154
94 157
94 160
94 164
94 180
94 189
94 192
95 105
95 111
95 130
95 133
95 143
95 148
95 161
95 178
95 180
95 184
95 187
95 189
95 192
95 194
96 98
96 108
96 116
96 117
96 127
96 128
96 129
96 131
96 135
96 137
96 141
96 143
96 151
96 157
96 174
96 191
97 99
97 116
97 120
97 148
97 156
97 157
97 161
97 198
98 118
98 119
98 126
98 129
98 149
98 157
98 194
98 198
99 101
99 137
99 141
99 143
99 146
99 147
99 161
99 165
99 188
99 195
100 104
100 105
100 112
100 124
100 126
100 133
100 138
100 168
100 171
100 185
100 190
101 105
101 107
101 116
101 118
101 121
101 138
101 142
101 149
101 155
101 163
101 177
101 183
101 189
102 108
102 109
102 115
102 130
102 139
102 149
102 168
102 169
102 174
102 179
102 189
102 197
103 111
103 116
103 130
103 132
103 133
103 147
103 149
103 158
103 160
103 161
103 190
103 192
103 197
103 198
104 107
104 110
104 114
104 118
104 131
104 134
104 138
104 187
104 189
105 106
105 139
105 144
105 158
105 170
105 185
105 189
105 190
105 192
105 193
106 118
106 128
106 139
106 160
106 173
106 177
106 179
106 183
106 184
107 110
107 119
107 168
107 182
107 191
107 195
108 113
108 117
108 132
108 149
108 151
108 152
108 155
108 165
108 173
109 113
109 119
109 126
109 130
109 157
109 165
109 175
109 178
109 189
109 198
110 131
110 145
110 175
110 184
110 187
111 128
111 134
111 139
111 152
111 157
111 163
111 167
112 122
112 123
112 128
112 131
112 132
112 133
112 135
112 142
112 160
112 161
112 167
113 121
113 130
113 142
113 148
113 172
113 185
113 191
113 196
114 115
114 119
114 122
114 145
114 155
114 168
114 178
114 181
114 182
115 151
115 162
115 167
115 176
115 180
116 128
116 138
116 165
116 170
116 176
116 178
116 185
116 187
117 121
117 143
117 160
117 172
117 173
117 174
117 194
118 120
118 126
118 131
118 143
118 153
118 166
118 169
118 178
118 183
119 120
119 121
119 125
119 144
119 151
119 186
120 125
120 135
120 136
120 142
120 159
120 161
120 163
121 130
121 141
121 149
121 171
121 178
121 181
121 184
121 195
122 126
122 130
122 164
122 166
122 190
123 134
123 152
123 157
123 169
123 178
123 181
123 198
124 162
124 172
125 128
125 134
125 155
125 156
125 158
125 170
125 184
125 198
126 148
126 154
126 162
126 163
126 165
126 166
126 170
126 182
126 183
126 196
127 138
127 173
127 174
127 192
128 143
128 144
128 147
128 148
128 156
128 174
129 148
129 192
130 144
130 146
130 196
131 136
131 137
131 153
131 158
131 168
132 138
132 142
132 150
132 151
132 159
132 169
132 179
132 198
133 147
133 148
133 156
133 189
133 190
134 138
134 162
134 163
134 168
134 177
134 181
135 138
135 148
135 166
135 179
135 182
135 184
135 185
135 189
136 144
136 148
136 154
136 182
136 184
136 186
136 193
136 194
136 198
136 199
137 141
137 147
137 149
137 180
137 181
137 184
137 185
137 189
138 147
138 148
138 151
138 158
138 174
138 176
138 178
138 189
138 197
139 158
139 160
139 171
139 190
140 165
140 170
140 179
140 189
140 198
141 147
141 153
141 173
141 174
141 185
142 147
142 148
142 151
142 155
142 161
142 165
142 172
142 176
142 185
143 147
143 163
143 181
143 190
144 146
144 149
144 150
144 151
144 152
144 155
144 161
144 182
144 187
144 188
144 189
144 192
145 148
145 157
145 163
145 166
145 181
145 194
146 153
146 154
146 174
146 188
146 190
146 194
146 195
146 197
147 151
147 153
147 174
147 178
147 181
148 153
148 161
148 169
148 176
149 165
149 166
149 169
149 183
149 188
150 162
150 186
151 155
151 173
151 193
152 163
152 168
152 172
152 174
152 178
152 199
153 158
153 162
153 164
153 170
154 170
154 174
154 178
154 179
154 180
155 165
155 175
155 177
155 180
155 186
156 158
156 161
156 164
156 175
156 183
156 187
157 167
157 179
157 183
157 187
158 159
158 167
158 174
158 191
158 192
158 193
159 161
159 162
159 174
159 196
159 199
160 161
160 162
160 187
160 189
160 190
161 171
161 177
161 182
162 163
162 176
162 182
162 185
162 187
162 188
162 199
163 169
163 173
163 185
163 195
163 199
164 170
164 180
164 192
165 179
165 181
166 168
166 177
167 180
167 195
168 179
168 193
169 172
169 174
169 196
170 171
170 178
170 181
170 184
170 197
171 174
171 175
171 198
172 184
172 193
173 178
173 179
173 180
173 191
173 198
174 194
174 197
175 198
176 194
176 199
177 182
177 190
177 194
177 196
178 190
179 190
180 191
181 188
182 194
182 198
183 188
183 196
183 199
184 193
184 197
185 197
187 189
187 192
187 198
197 199
