0 1
0 11
0 13
0 26
0 55
0 72
0 85
0 86
0 102
0 105
0 122
0 123
0 125
0 132
0 140
0 151
0 179
0 189
0 199
1 13
1 16
1 23
1 33
1 44
1 52
1 61
1 132
1 136
1 158
1 164
1 172
1 185
2 16
2 43
2 74
2 96
2 127
2 135
2 155
2 166
2 168
2 172
2 181
2 183
2 190
2 193
2 194
2 198
3 5
3 25
3 50
3 79
3 92
3 125
3 134
3 146
3 176
4 6
4 9
4 11
4 17
4 28
4 38
4 40
4 42
4 49
4 57
4 76
4 82
4 84
4 87
4 112
4 114
4 116
4 127
4 137
4 161
4 172
4 174
4 175
4 180
4 182
4 192
4 194
5 7
5 10
5 22
5 47
5 48
5 55
5 65
5 85
5 86
5 97
5 114
5 129
5 135
5 145
5 152
5 153
5 156
5 162
5 190
6 8
6 11
6 21
6 29
6 38
6 40
6 45
6 54
6 60
6 71
6 78
6 89
6 114
6 119
6 130
6 138
6 140
6 158
6 166
6 172
6 178
6 198
6 199
7 9
7 16
7 37
7 47
7 63
7 78
7 79
7 84
7 96
7 101
7 122
7 127
7 139
7 142
7 169
7 171
7 183
7 187
7 188
7 192
8 18
8 35
8 47
8 50
8 54
8 59
8 64
8 67
8 68
8 71
8 87
8 91
8 99
8 113
8 115
8 128
8 132
8 143
8 156
8 166
8 174
8 180
8 184
8 189
8 196
8 199
9 14
9 16
9 40
9 47
9 62
9 68
9 87
9 88
9 89
9 103
9 111
9 145
9 162
9 164
9 174
9 190
9 192
10 12
10 14
10 30
10 34
10 45
10 60
10 75
10 77
10 84
10 97
10 109
10 118
10 124
10 136
10 141
10 143
10 149
10 150
10 155
10 171
10 180
10 186
10 197
11 18
11 33
11 38
11 40
11 41
11 54
11 57
11 72
11 135
11 157
11 177
12 19
12 33
12 37
12 66
12 68
12 77
12 87
12 97
12 127
13 20
13 24
13 55
13 59
13 68
13 73
13 89
13 109
13 114
13 125
13 147
13 154
13 172
13 182
13 191
14 25
14 33
14 67
14 68
14 77
14 80
14 87
14 91
14 96
14 107
14 140
14 145
14 147
14 170
14 187
15 61
15 68
15 81
15 84
15 85
15 99
15 104
15 111
15 123
15 148
15 163
15 166
15 176
15 181
15 188
15 199
16 66
16 67
16 72
16 77
16 90
16 91
16 96
16 103
16 122
16 129
16 132
16 140
16 144
16 151
16 166
16 183
16 199
17 22
17 38
17 40
17 41
17 44
17 46
17 73
17 74
17 75
17 81
17 100
17 119
17 125
17 130
17 153
17 180
17 181
17 193
18 31
18 43
18 44
18 53
18 62
18 80
18 87
18 99
18 103
18 104
18 109
18 138
18 142
18 147
18 150
18 167
18 170
18 179
18 184
18 185
19 20
19 28
19 44
19 45
19 55
19 60
19 79
19 106
19 119
19 122
19 129
19 134
19 137
19 147
19 154
19 159
19 161
19 176
19 183
20 23
20 34
20 48
20 54
20 56
20 71
20 78
20 79
20 106
20 118
20 120
20 125
20 127
20 137
20 140
20 146
20 150
20 159
20 162
20 178
20 193
21 56
21 58
21 60
21 72
21 77
21 79
21 90
21 91
21 98
21 99
21 107
21 114
21 122
21 126
21 157
21 168
21 179
21 189
21 198
22 29
22 34
22 44
22 47
22 58
22 61
22 72
22 73
22 84
22 99
22 101
22 108
22 110
22 123
22 138
22 158
22 173
22 186
22 194
23 26
23 56
23 63
23 81
23 103
23 113
23 119
23 123
23 131
23 142
23 168
23 180
23 190
23 195
24 27
24 33
24 34
24 35
24 39
24 59
24 67
24 93
24 98
24 101
24 104
24 111
24 115
24 127
24 134
24 157
24 175
24 184
24 195
25 35
25 44
25 53
25 59
25 63
25 68
25 84
25 86
25 89
25 96
25 101
25 103
25 106
25 120
25 123
25 131
25 180
26 32
26 44
26 77
26 86
26 98
26 107
26 118
26 119
26 137
26 149
26 162
26 163
26 181
26 194
26 197
27 34
27 45
27 47
27 49
27 51
27 92
27 98
27 103
27 110
27 112
27 137
27 138
27 140
27 143
27 148
27 153
27 161
27 176
27 192
28 29
28 39
28 47
28 53
28 55
28 84
28 87
28 105
28 112
28 113
28 117
28 131
28 137
28 147
28 152
28 173
28 187
29 30
29 47
29 54
29 58
29 63
29 74
29 79
29 83
29 84
29 106
29 107
29 113
29 122
29 152
29 154
29 160
29 165
29 183
29 184
30 41
30 50
30 72
30 77
30 96
30 98
30 102
30 104
30 110
30 114
30 130
30 147
30 155
30 161
30 167
30 190
31 33
31 38
31 43
31 67
31 69
31 93
31 96
31 101
31 110
31 112
31 114
31 130
31 154
31 161
31 173
31 176
31 199
32 40
32 53
32 74
32 77
32 87
32 91
32 102
32 110
32 119
32 123
32 124
32 125
32 129
32 136
32 150
32 157
32 173
32 191
33 55
33 56
33 74
33 76
33 83
33 87
33 90
33 104
33 113
33 114
33 117
33 122
33 125
33 126
33 154
33 159
33 163
33 168
33 174
33 189
33 191
33 196
34 41
34 42
34 44
34 45
34 52
34 56
34 57
34 94
34 95
34 100
34 113
34 124
34 133
34 140
34 154
34 181
35 42
35 61
35 67
35 80
35 101
35 108
35 124
35 132
35 134
35 143
35 150
35 156
35 162
35 163
35 191
36 51
36 61
36 90
36 91
36 92
36 95
36 96
36 98
36 111
36 152
36 197
37 38
37 54
37 63
37 72
37 101
37 102
37 107
37 111
37 150
37 152
37 167
37 176
37 177
37 188
37 189
38 46
38 85
38 116
38 119
38 127
38 135
38 138
38 151
38 155
38 169
39 41
39 49
39 52
39 56
39 61
39 73
39 97
39 108
39 124
39 131
39 134
39 139
39 142
39 144
39 155
39 164
39 172
39 175
39 180
39 187
39 192
39 193
39 197
39 198
40 65
40 83
40 84
40 86
40 94
40 95
40 102
40 115
40 116
40 119
40 133
40 142
40 147
40 150
40 155
40 156
40 163
40 164
40 181
41 44
41 51
41 52
41 62
41 69
41 91
41 113
41 119
41 121
41 134
41 138
41 143
41 145
41 152
41 160
41 174
41 175
41 177
41 183
41 186
41 194
42 45
42 52
42 67
42 68
42 69
42 85
42 101
42 110
42 112
42 113
42 118
42 131
42 142
42 144
42 148
42 149
42 150
42 152
42 156
42 157
42 167
42 168
42 172
42 175
42 182
42 184
43 46
43 55
43 73
43 93
43 96
43 99
43 101
43 109
43 122
43 129
43 130
43 131
43 137
43 159
43 162
43 173
43 192
44 47
44 57
44 58
44 71
44 72
44 84
44 87
44 89
44 105
44 109
44 119
44 121
44 126
44 132
44 137
44 152
44 155
44 197
45 61
45 62
45 75
45 86
45 89
45 111
45 130
45 134
45 135
45 138
45 147
45 158
45 159
45 165
45 179
45 183
45 186
45 194
46 51
46 56
46 95
46 104
46 106
46 109
46 123
46 149
46 162
46 178
47 56
47 66
47 74
47 85
47 107
47 119
47 126
47 153
47 159
47 179
47 184
47 185
47 196
48 58
48 65
48 67
48 85
48 116
48 131
48 142
48 148
48 151
48 154
48 166
48 172
48 176
48 177
48 179
48 184
48 191
48 193
48 194
48 196
48 198
49 55
49 57
49 68
49 84
49 86
49 89
49 94
49 103
49 106
49 110
49 114
49 129
49 131
49 134
49 152
49 154
49 162
49 163
49 174
49 178
49 182
49 186
49 194
50 59
50 71
50 76
50 78
50 80
50 87
50 91
50 98
50 113
50 114
50 123
50 126
50 137
50 160
50 187
50 191
51 54
51 61
51 70
51 75
51 77
51 79
51 89
51 100
51 109
51 123
51 138
51 141
51 152
51 168
51 169
51 173
51 186
51 188
51 192
52 58
52 81
52 86
52 91
52 97
52 99
52 105
52 116
52 120
52 125
52 131
52 136
52 138
52 152
52 155
52 159
52 166
52 176
52 197
53 71
53 74
53 92
53 107
53 111
53 120
53 177
53 187
53 197
54 68
54 80
54 89
54 114
54 135
54 145
54 159
54 163
54 192
55 56
55 92
55 98
55 100
55 102
55 110
55 115
55 147
55 160
55 162
55 165
55 187
55 191
55 193
56 62
56 79
56 88
56 94
56 108
56 118
56 126
56 146
56 150
56 161
56 168
56 179
56 180
57 67
57 68
57 69
57 80
57 81
57 90
57 91
57 114
57 121
57 133
57 135
57 145
57 164
57 166
57 175
57 179
58 61
58 65
58 67
58 77
58 86
58 94
58 99
58 107
58 109
58 111
58 114
58 135
58 141
58 182
58 189
59 61
59 62
59 75
59 76
59 77
59 87
59 92
59 103
59 109
59 121
59 133
59 146
59 158
59 172
60 61
60 83
60 84
60 91
60 102
60 109
60 141
60 151
60 155
60 161
60 166
60 170
60 177
60 193
61 77
61 79
61 105
61 129
61 132
61 133
61 136
61 141
61 144
61 145
61 147
61 148
61 149
61 158
61 169
61 170
61 181
61 190
61 192
61 196
62 64
62 81
62 83
62 93
62 94
62 95
62 97
62 98
62 113
62 116
62 122
62 147
62 148
62 165
62 172
62 192
62 198
63 65
63 68
63 69
63 114
63 121
63 136
63 188
63 191
63 195
64 68
64 79
64 80
64 88
64 89
64 90
64 92
64 97
64 104
64 106
64 117
64 118
64 121
64 123
64 127
64 131
64 158
64 167
64 173
64 180
64 185
64 192
64 195
65 67
65 86
65 93
65 104
65 109
65 120
65 127
65 146
65 159
65 181
65 197
66 73
66 82
66 90
66 97
66 117
66 119
66 122
66 124
66 148
66 162
66 176
67 69
67 73
67 83
67 93
67 99
67 103
67 111
67 112
67 114
67 115
67 120
67 125
67 129
67 131
67 147
67 150
67 155
67 162
67 167
67 182
67 184
67 198
67 199
68 72
68 73
68 82
68 107
68 109
68 121
68 126
68 130
68 132
68 138
68 143
68 148
68 169
68 179
68 191
68 195
68 196
68 197
69 71
69 73
69 76
69 80
69 89
69 93
69 100
69 104
69 133
69 134
69 136
69 138
69 149
69 168
69 169
69 172
69 185
69 193
69 197
69 198
70 87
70 100
70 112
70 129
70 155
70 156
70 166
70 178
71 79
71 85
71 111
71 114
71 127
71 148
71 149
71 156
71 158
71 169
71 191
72 76
72 78
72 84
72 102
72 114
72 122
72 123
72 172
73 77
73 87
73 92
73 120
73 131
73 139
73 168
73 173
73 181
73 188
73 189
74 78
74 101
74 106
74 109
74 112
74 113
74 118
74 119
74 127
74 131
74 132
74 135
74 146
74 159
74 177
74 190
74 192
74 196
75 92
75 93
75 143
75 148
75 168
75 180
75 187
75 195
75 198
76 83
76 87
76 109
76 120
76 126
76 129
76 133
76 143
76 171
76 178
76 193
76 198
77 95
77 101
77 107
77 136
77 175
77 189
77 191
77 194
77 198
78 80
78 90
78 107
78 115
78 119
78 121
78 135
78 139
78 176
78 177
78 178
79 80
79 85
79 94
79 97
79 98
79 112
79 113
79 143
79 149
79 162
79 163
79 168
79 173
79 190
79 195
79 199
80 85
80 111
80 117
80 120
80 136
80 137
80 143
80 165
80 170
80 183
80 187
80 195
81 82
81 87
81 91
81 94
81 95
81 112
81 114
81 124
81 144
81 184
81 191
81 198
82 83
82 118
82 138
82 139
82 140
82 154
82 163
82 164
82 172
82 179
82 197
83 86
83 96
83 116
83 121
83 162
83 169
83 190
83 191
83 196
84 85
84 99
84 113
84 131
84 140
84 150
84 164
84 168
84 174
84 175
85 129
85 139
85 144
85 146
85 149
85 150
85 169
85 178
85 181
85 186
85 193
86 97
86 117
86 118
86 130
86 136
86 153
86 165
86 168
86 173
86 180
86 184
86 192
87 99
87 127
87 135
87 164
87 167
87 195
87 198
88 100
88 111
88 114
88 115
88 148
88 151
88 159
88 190
89 94
89 98
89 108
89 113
89 119
89 132
89 143
89 165
89 170
89 176
89 178
89 179
90 100
90 108
90 148
90 154
90 162
90 183
90 192
90 195
91 100
91 112
91 114
91 121
91 127
91 129
91 147
91 155
91 158
91 167
91 188
92 128
92 129
92 130
92 156
92 168
92 178
92 180
93 94
93 101
93 103
93 107
93 110
93 122
93 124
93 128
93 130
93 137
93 146
93 148
93 154
93 164
93 186
93 190
94 99
94 100
94 125
94 144
94 162
94 163
94 176
94 178
94 182
94 183
94 187
95 100
95 112
95 125
95 151
95 174
95 194
95 197
96 100
96 119
96 121
96 133
96 146
96 158
96 160
96 178
96 197
97 99
97 106
97 116
97 118
97 127
97 130
97 137
97 181
97 189
98 104
98 108
98 130
98 154
98 158
98 175
98 183
98 184
98 189
99 103
99 123
99 129
99 131
99 135
99 142
99 150
99 151
99 161
99 181
99 194
99 197
99 199
100 107
100 116
100 123
100 132
100 133
100 134
100 138
100 141
100 145
100 148
100 173
100 177
100 178
100 189
100 194
101 107
101 108
101 114
101 126
101 135
101 145
101 146
101 170
101 181
101 188
102 107
102 108
102 144
102 155
102 159
102 168
102 173
102 174
102 180
102 196
103 111
103 131
103 144
103 149
103 162
103 166
103 193
104 112
104 115
104 118
104 123
104 128
104 135
104 156
104 157
104 177
104 184
104 197
105 107
105 154
105 158
105 163
105 171
105 173
105 178
105 181
105 193
106 114
106 124
106 126
106 158
106 161
106 182
106 190
106 191
107 110
107 120
107 154
107 156
107 159
107 165
107 166
107 167
107 180
107 183
108 122
108 148
109 116
109 123
109 128
109 135
109 139
109 149
109 154
109 168
109 186
109 189
110 111
110 114
110 117
110 119
110 127
110 157
110 166
110 168
111 115
111 120
111 130
111 131
111 155
111 157
111 161
111 178
111 180
111 186
111 190
111 193
112 120
112 123
112 124
112 143
112 156
112 176
113 119
113 166
113 178
113 199
114 131
114 142
114 144
114 163
114 176
115 118
115 128
115 131
115 136
115 141
115 143
115 146
115 177
115 195
116 128
116 141
116 147
116 159
116 171
116 175
116 182
116 189
117 125
117 128
117 131
117 139
117 144
117 145
117 156
117 165
117 198
118 133
118 139
118 160
118 165
118 185
118 187
118 190
119 120
119 122
119 146
119 155
119 175
119 184
119 193
120 125
120 129
120 136
120 150
120 173
120 176
120 180
120 192
120 195
120 198
121 136
121 139
121 154
121 179
121 181
121 186
121 195
122 185
122 187
122 189
123 138
123 146
123 150
123 158
123 165
123 172
123 185
123 193
123 199
124 126
124 127
124 132
124 141
124 149
125 129
125 135
125 142
125 157
125 175
125 179
126 133
126 135
126 138
126 140
126 150
126 163
126 183
126 190
127 131
127 141
127 147
127 157
127 169
127 173
127 183
127 199
128 159
128 168
128 174
128 189
128 193
129 146
129 150
129 152
129 153
129 154
129 171
129 175
129 185
129 191
130 147
130 161
130 175
130 177
130 184
130 197
130 199
131 135
131 138
131 142
131 149
131 166
131 181
131 187
131 188
131 193
132 135
132 142
132 150
132 162
132 170
132 171
132 185
133 140
133 142
133 189
133 191
133 193
133 195
134 151
134 170
134 171
134 175
134 177
134 198
135 152
135 153
135 160
135 176
135 186
135 188
136 159
136 165
136 175
136 190
136 192
137 156
137 158
137 164
137 167
137 187
137 189
137 199
138 146
138 156
138 168
138 175
138 177
138 186
138 192
139 142
139 143
139 156
139 163
139 183
139 195
139 199
140 151
140 154
140 162
140 174
140 182
140 187
141 157
141 159
141 167
141 170
141 177
141 194
142 144
143 145
143 147
143 151
143 158
143 172
143 177
143 178
143 180
143 185
143 188
144 145
144 153
144 156
144 162
144 170
144 182
145 152
145 174
145 189
145 199
146 159
146 166
146 172
146 179
146 189
147 155
147 162
147 169
147 179
148 155
148 175
148 183
148 184
148 186
148 188
148 191
149 153
149 172
149 177
149 180
149 187
149 190
149 192
149 199
150 153
150 156
150 162
150 170
150 172
150 185
151 153
151 158
151 168
151 176
151 185
152 154
152 160
152 162
152 177
152 185
152 187
153 180
154 167
154 183
154 193
154 198
155 159
155 192
156 158
156 161
156 162
156 198
156 199
157 161
157 176
157 196
157 199
158 159
158 174
158 178
158 186
159 175
159 181
160 163
160 166
160 172
160 175
160 189
160 194
161 174
161 177
161 183
162 176
162 190
162 196
163 169
163 170
163 175
163 181
163 187
163 194
163 197
164 178
164 187
164 191
164 192
164 194
164 196
166 190
166 198
167 177
167 180
168 177
168 186
168 189
168 191
169 177
169 184
170 172
170 174
170 194
171 178
171 187
172 174
173 182
174 189
174 196
176 179
176 182
176 189
177 188
178 183
178 189
178 192
179 180
179 186
181 186
181 187
181 194
182 184
182 186
182 188
182 189
183 187
184 194
185 188
185 193
186 191
186 192
186 193
186 194
187 193
188 191
188 196
192 195
