0 2
0 10
0 11
0 15
0 35
0 37
0 43
0 51
0 54
0 90
0 115
0 119
0 131
0 133
0 137
0 148
0 161
0 162
0 170
0 173
0 180
0 183
0 194
0 197
1 6
1 35
1 43
1 56
1 68
1 79
1 92
1 127
1 133
1 139
1 144
1 153
1 154
1 158
1 160
1 170
1 173
1 181
1 186
1 188
2 22
2 40
2 43
2 59
2 71
2 74
2 75
2 76
2 77
2 80
2 81
2 89
2 109
2 124
2 139
2 145
2 152
2 184
2 186
2 195
2 197
2 199
3 7
3 16
3 33
3 98
3 104
3 140
3 141
3 142
3 157
3 182
3 184
3 191
4 13
4 20
4 50
4 67
4 87
4 101
4 116
4 117
4 119
4 131
4 141
4 144
4 159
4 175
4 180
4 199
5 20
5 43
5 70
5 80
5 91
5 101
5 173
5 178
6 7
6 13
6 14
6 17
6 19
6 23
6 48
6 51
6 59
6 61
6 71
6 73
6 87
6 94
6 104
6 111
6 116
6 131
6 136
6 155
6 157
6 160
6 163
6 164
6 172
6 182
6 193
7 22
7 23
7 32
7 34
7 61
7 65
7 68
7 70
7 76
7 79
7 85
7 92
7 99
7 105
7 115
7 121
7 123
7 138
7 144
7 149
7 163
7 184
7 185
8 20
8 21
8 38
8 47
8 48
8 75
8 81
8 84
8 87
8 89
8 92
8 93
8 101
8 118
8 120
8 123
8 133
8 135
8 141
8 144
8 153
8 160
8 170
8 185
8 188
8 193
9 16
9 25
9 29
9 71
9 72
9 92
9 94
9 122
9 129
9 135
9 144
9 149
9 159
9 163
9 179
9 180
9 182
10 12
10 19
10 22
10 40
10 57
10 59
10 61
10 75
10 79
10 88
10 90
10 108
10 126
10 135
10 142
10 175
10 179
11 31
11 57
11 64
11 73
11 99
11 102
11 103
11 110
11 126
11 127
11 136
11 139
11 144
11 148
11 167
11 170
11 181
11 194
12 18
12 33
12 57
12 58
12 72
12 79
12 93
12 98
12 109
12 116
12 117
12 126
12 135
12 140
12 152
12 156
12 167
12 169
12 187
12 190
12 197
13 28
13 31
13 35
13 43
13 53
13 65
13 67
13 81
13 84
13 95
13 96
13 99
13 103
13 123
13 127
13 138
13 148
13 171
13 182
13 194
13 197
14 16
14 21
14 58
14 61
14 70
14 82
14 90
14 98
14 101
14 108
14 122
14 170
14 186
14 197
15 51
15 53
15 69
15 76
15 91
15 103
15 105
15 107
15 174
15 178
16 68
16 78
16 79
16 90
16 125
16 144
16 145
16 147
16 152
16 154
16 155
16 181
16 185
16 194
17 24
17 28
17 45
17 51
17 62
17 84
17 91
17 100
17 109
17 119
17 126
17 134
17 139
17 151
17 152
17 155
17 156
17 163
17 169
17 179
18 37
18 41
18 58
18 65
18 102
18 109
18 152
18 160
18 166
18 169
18 174
18 182
19 24
19 55
19 56
19 63
19 85
19 97
19 110
19 126
19 127
19 130
19 145
19 146
19 151
19 168
19 169
20 22
20 64
20 83
20 87
20 88
20 89
20 97
20 102
20 104
20 110
20 127
20 150
20 153
20 192
20 199
21 27
21 38
21 59
21 66
21 158
21 159
21 162
21 192
21 197
22 28
22 49
22 50
22 51
22 55
22 66
22 70
22 86
22 98
22 124
22 125
22 126
22 133
22 155
22 173
22 181
22 184
22 195
23 27
23 36
23 42
23 43
23 63
23 78
23 93
23 104
23 116
23 121
23 129
23 149
23 152
23 167
23 169
23 176
24 38
24 56
24 62
24 67
24 79
24 99
24 100
24 105
24 106
24 109
24 117
24 122
24 128
24 131
24 134
24 135
24 173
24 179
24 180
24 186
24 195
25 42
25 45
25 102
25 108
25 119
25 124
25 125
25 127
25 137
25 145
25 150
25 154
25 160
25 161
25 187
26 31
26 43
26 57
26 73
26 94
26 96
26 113
26 114
26 118
26 122
26 131
26 135
26 142
26 157
26 161
26 164
26 182
26 184
26 190
26 195
27 39
27 44
27 47
27 52
27 65
27 77
27 80
27 92
27 95
27 111
27 115
27 152
27 153
27 154
27 162
27 164
27 185
27 198
28 51
28 67
28 86
28 99
28 100
28 131
28 139
28 160
28 163
28 169
28 173
28 175
28 181
28 193
28 198
29 30
29 43
29 47
29 56
29 57
29 60
29 70
29 82
29 85
29 89
29 101
29 106
29 109
29 121
29 134
29 141
29 151
29 152
29 157
29 164
29 166
29 184
29 193
30 57
30 64
30 69
30 70
30 77
30 84
30 133
30 138
30 142
30 147
30 150
30 160
30 162
30 180
30 187
30 190
30 194
31 50
31 53
31 66
31 73
31 83
31 86
31 87
31 100
31 111
31 122
31 130
31 132
31 143
31 164
31 170
31 177
31 181
31 191
31 198
32 33
32 38
32 47
32 58
32 59
32 62
32 67
32 74
32 82
32 84
32 87
32 99
32 106
32 113
32 134
32 148
32 152
32 155
32 159
32 162
32 164
32 182
32 185
32 190
33 35
33 40
33 46
33 51
33 55
33 57
33 87
33 105
33 109
33 113
33 114
33 127
33 132
33 144
33 162
33 182
33 196
34 38
34 40
34 41
34 64
34 97
34 103
34 112
34 118
34 120
34 131
34 145
34 155
34 170
34 173
34 177
34 178
34 192
34 199
35 39
35 62
35 63
35 67
35 77
35 110
35 133
35 135
35 168
35 170
35 177
36 37
36 39
36 54
36 62
36 93
36 125
36 164
36 171
36 174
36 187
37 41
37 43
37 51
37 57
37 71
37 73
37 74
37 80
37 84
37 87
37 92
37 95
37 98
37 104
37 129
37 134
37 135
37 143
37 166
37 188
38 66
38 76
38 81
38 99
38 114
38 115
38 134
38 169
38 175
38 187
38 188
39 49
39 54
39 58
39 61
39 66
39 77
39 84
39 112
39 115
39 119
39 120
39 127
39 147
39 161
39 178
39 188
40 42
40 47
40 67
40 80
40 84
40 85
40 104
40 129
40 135
40 139
40 141
40 142
40 145
40 146
40 148
40 156
40 170
40 195
41 48
41 51
41 56
41 65
41 72
41 88
41 92
41 94
41 107
41 113
41 120
41 136
41 137
41 148
41 160
41 165
41 170
41 171
41 172
41 176
41 183
41 184
42 51
42 61
42 69
42 72
42 74
42 110
42 111
42 116
42 123
42 124
42 135
42 155
42 156
42 158
42 163
42 165
42 197
43 47
43 82
43 91
43 95
43 100
43 101
43 109
43 116
43 121
43 127
43 128
43 147
43 160
43 162
43 167
43 170
43 190
43 195
44 53
44 61
44 78
44 82
44 94
44 98
44 111
44 113
44 116
44 129
44 152
44 161
44 162
44 184
44 191
45 48
45 57
45 61
45 74
45 75
45 104
45 108
45 155
45 161
45 162
45 181
46 49
46 50
46 71
46 72
46 87
46 96
46 117
46 131
46 140
46 155
46 163
46 167
46 193
47 48
47 51
47 55
47 71
47 77
47 84
47 87
47 90
47 93
47 113
47 136
47 162
47 166
47 169
47 185
47 187
47 189
47 194
47 197
47 198
48 76
48 86
48 96
48 114
48 140
48 159
48 163
48 169
48 172
48 177
48 179
48 190
48 196
49 61
49 67
49 69
49 83
49 84
49 95
49 115
49 136
49 149
49 153
49 156
49 181
49 183
49 192
50 53
50 54
50 94
50 135
50 139
50 141
50 142
50 144
50 149
50 163
50 167
50 169
50 179
50 182
51 60
51 72
51 80
51 83
51 97
51 116
51 125
51 126
51 129
51 136
51 148
51 149
51 159
51 182
51 188
52 63
52 70
52 75
52 76
52 82
52 104
52 112
52 113
52 126
52 137
52 141
52 151
52 189
52 198
53 64
53 78
53 105
53 116
53 130
53 147
53 160
53 161
53 166
53 192
53 194
53 195
54 68
54 72
54 79
54 81
54 92
54 96
54 102
54 105
54 107
54 118
54 154
54 169
54 176
54 177
54 189
54 193
54 197
54 199
55 66
55 85
55 96
55 97
55 98
55 121
55 123
55 125
55 155
55 171
55 172
55 182
55 184
56 70
56 90
56 122
56 145
56 156
56 160
56 161
56 163
57 58
57 71
57 90
57 124
57 129
57 130
57 131
57 138
57 154
57 155
57 176
57 194
57 198
58 66
58 69
58 71
58 80
58 90
58 94
58 113
58 119
58 126
58 135
58 137
58 138
58 140
58 150
58 157
58 165
58 190
59 68
59 69
59 70
59 74
59 83
59 96
59 106
59 120
59 149
59 165
59 170
59 174
59 180
59 191
60 71
60 73
60 83
60 85
60 88
60 96
60 115
60 122
60 150
60 155
60 164
60 165
60 175
61 64
61 78
61 90
61 104
61 137
61 153
61 164
61 195
62 67
62 76
62 85
62 86
62 92
62 109
62 118
62 122
62 129
62 134
62 138
62 140
62 147
62 161
62 167
63 64
63 65
63 74
63 97
63 120
63 134
63 144
63 145
63 163
63 171
63 172
63 175
63 183
63 186
63 193
64 71
64 75
64 80
64 92
64 154
64 155
64 180
64 194
64 196
65 96
65 103
65 111
65 113
65 114
65 115
65 117
65 152
65 154
65 157
65 170
65 173
65 174
65 180
66 68
66 88
66 99
66 101
66 128
66 129
66 136
66 145
66 153
66 159
66 162
66 173
66 174
66 182
66 183
67 72
67 86
67 94
67 105
67 106
67 111
67 112
67 119
67 122
67 129
67 139
67 140
67 151
67 157
67 163
67 182
67 185
67 194
67 196
68 71
68 87
68 91
68 96
68 102
68 103
68 118
68 137
68 163
68 167
68 173
68 177
68 186
68 190
68 199
69 70
69 82
69 83
69 88
69 97
69 108
69 109
69 124
69 131
69 132
69 141
69 154
69 164
69 189
69 193
69 194
70 83
70 84
70 85
70 92
70 116
70 132
70 133
70 141
70 145
70 146
70 154
70 163
70 173
70 184
70 192
71 81
71 110
71 111
71 113
71 116
71 129
71 135
71 147
71 153
71 154
71 155
71 167
71 168
71 171
71 176
71 177
71 181
71 189
72 80
72 86
72 87
72 113
72 123
72 131
72 133
72 147
72 160
72 176
72 177
72 199
73 90
73 107
73 113
73 123
73 126
73 155
73 170
73 173
73 176
73 182
73 193
73 196
73 199
74 84
74 85
74 86
74 107
74 111
74 112
74 135
74 150
74 152
74 153
74 156
74 174
74 176
75 95
75 103
75 106
75 107
75 127
75 131
75 140
75 160
75 162
75 163
75 167
75 170
75 199
76 100
76 102
76 109
76 111
76 113
76 114
76 115
76 141
76 144
76 147
76 158
76 168
76 170
76 180
77 96
77 108
77 111
77 119
77 124
77 140
77 148
77 155
77 169
77 171
77 195
78 80
78 87
78 91
78 106
78 108
78 117
78 126
78 131
78 136
78 150
78 153
78 171
78 182
78 198
78 199
79 88
79 94
79 105
79 106
79 175
79 197
80 84
80 113
80 133
80 136
80 143
80 151
80 155
80 159
80 168
80 169
80 170
80 181
80 197
81 95
81 97
81 112
81 115
81 116
81 118
81 128
81 129
81 138
81 161
81 197
82 84
82 86
82 87
82 106
82 113
82 118
82 119
82 139
82 149
82 150
82 160
82 162
82 165
82 185
82 188
82 195
83 95
83 145
83 148
83 158
83 170
83 176
83 180
83 195
84 88
84 89
84 97
84 112
84 132
84 149
84 152
84 166
84 170
84 175
84 177
84 185
84 191
84 198
85 96
85 104
85 108
85 115
85 116
85 121
85 123
85 133
85 157
85 165
85 171
85 179
85 185
86 90
86 93
86 94
86 108
86 137
86 157
86 160
86 167
86 169
86 180
86 193
86 197
87 99
87 112
87 128
87 130
87 134
87 142
87 163
87 193
87 194
87 197
87 198
88 90
88 94
88 118
88 122
88 155
88 159
88 178
88 180
88 188
88 196
89 112
89 123
89 125
89 165
89 166
89 167
89 173
89 174
90 94
90 96
90 101
90 108
90 123
90 127
90 132
90 140
90 156
90 160
90 162
90 175
90 179
90 188
90 189
90 191
91 94
91 98
91 106
91 114
91 121
91 124
91 125
91 132
91 149
91 164
91 167
91 179
91 184
91 196
92 113
92 120
92 127
92 128
92 134
92 135
92 139
92 145
92 148
92 169
92 177
93 102
93 111
93 124
93 139
93 148
93 149
93 156
93 158
93 174
93 187
93 189
93 193
93 194
93 198
93 199
94 100
94 104
94 119
94 139
94 149
94 151
94 159
94 164
95 97
95 103
95 121
95 128
95 134
95 141
95 147
95 152
95 176
95 180
95 181
95 183
95 187
96 114
96 134
96 167
96 197
97 99
97 104
97 115
97 119
97 123
97 142
97 147
97 149
97 152
97 156
97 175
97 180
97 185
98 136
98 141
98 167
98 168
98 170
98 176
98 182
98 194
99 104
99 105
99 127
99 131
99 137
99 152
99 174
99 178
99 182
99 183
99 189
100 134
100 141
100 150
100 151
100 153
100 154
100 157
100 188
100 199
101 103
101 113
101 163
101 199
102 109
102 110
102 111
102 113
102 124
102 158
102 162
102 164
102 165
102 178
102 196
103 113
103 139
103 161
103 169
103 171
103 183
103 186
104 135
104 137
104 149
104 153
104 160
104 190
105 108
105 112
105 134
105 140
105 146
105 154
105 157
105 158
105 161
105 175
105 176
105 190
106 134
106 157
106 171
106 172
107 111
107 127
107 151
107 186
107 198
108 133
108 134
108 138
108 145
108 178
108 192
108 199
109 115
109 121
109 148
109 156
109 160
109 169
109 190
110 115
110 116
110 123
110 126
110 137
110 147
110 187
110 189
110 193
110 198
111 112
111 123
111 126
111 148
111 168
111 175
111 177
111 184
112 124
112 126
112 142
112 151
112 155
112 165
112 170
112 173
112 196
113 116
113 117
113 118
113 119
113 120
113 123
113 147
113 169
113 173
113 190
114 145
114 151
114 152
114 164
114 168
114 174
114 180
114 195
115 119
115 130
115 142
115 156
115 163
115 168
115 174
115 188
116 128
116 155
116 158
116 167
116 180
116 196
116 197
117 120
117 139
117 143
117 169
117 176
117 179
117 180
117 181
117 183
117 196
118 139
118 173
118 194
118 199
119 164
119 167
119 177
119 182
119 190
120 123
120 126
120 145
120 150
120 153
120 163
120 181
120 190
120 194
121 125
121 128
121 132
121 134
121 135
121 143
121 150
121 160
121 162
121 167
121 169
121 190
121 194
122 149
122 150
122 152
122 166
122 167
122 169
122 178
123 126
123 140
123 174
123 179
123 190
124 129
124 140
124 143
124 160
124 178
124 180
124 193
124 196
125 127
125 145
125 152
125 163
125 167
125 180
125 191
126 144
126 169
126 175
126 177
126 179
126 193
126 199
127 130
127 134
127 176
127 181
128 131
128 134
128 153
128 160
128 170
128 171
128 188
128 196
128 198
129 143
129 153
129 157
129 165
129 169
129 174
130 149
130 169
130 177
130 186
130 193
131 141
131 154
131 176
131 181
131 188
132 136
132 147
132 151
132 160
132 167
132 179
132 183
132 195
133 140
133 141
133 153
133 173
133 183
133 195
134 136
134 137
134 149
134 161
134 173
134 175
134 176
134 191
134 196
135 164
135 167
135 170
135 178
135 194
136 143
136 149
136 166
136 176
136 178
136 185
136 199
137 141
137 152
137 163
137 168
137 188
137 194
138 152
138 168
138 175
138 181
138 186
138 197
139 152
139 171
139 179
139 191
139 197
140 145
140 157
140 158
140 187
140 189
140 190
141 156
141 157
141 179
141 186
141 188
141 190
141 198
142 144
142 146
142 152
142 153
142 179
143 156
143 157
143 166
143 183
143 187
143 188
144 153
144 191
145 146
145 152
145 155
145 157
145 162
145 164
145 179
145 186
145 191
146 165
146 182
146 185
147 168
147 180
147 195
148 155
148 159
148 170
148 172
149 150
149 155
149 164
149 183
149 196
150 169
150 170
150 179
150 183
150 194
150 197
151 159
151 164
151 167
151 171
151 189
152 161
152 164
152 172
152 173
152 176
152 180
152 199
153 156
153 157
153 175
153 180
153 182
153 191
154 185
154 187
155 159
155 188
155 194
156 159
156 172
156 180
156 190
157 165
157 181
157 186
158 165
158 174
158 199
159 162
159 181
159 183
160 161
160 166
160 174
160 191
160 196
161 162
161 168
161 178
161 183
161 185
161 186
161 189
162 170
162 173
162 174
162 188
162 192
162 198
163 172
163 174
163 178
163 188
164 172
164 174
164 187
165 170
165 172
165 181
165 182
165 186
165 188
165 190
166 167
166 171
166 182
167 174
167 186
167 192
168 175
168 190
169 177
169 179
169 188
169 198
170 171
170 175
170 191
171 174
171 186
172 178
172 183
173 192
173 194
173 198
174 183
174 190
175 176
175 186
175 188
176 178
176 184
176 196
177 183
177 190
178 198
178 199
179 181
179 185
179 190
180 181
180 184
180 187
180 191
181 193
181 199
182 187
182 190
183 184
183 192
184 196
185 198
186 191
188 191
188 194
188 195
189 196
191 194
197 198
