0 9
0 28
0 33
0 38
0 41
0 46
0 47
0 65
0 66
0 70
0 75
0 76
0 89
0 113
0 148
0 152
0 157
0 158
0 165
1 4
1 9
1 19
1 34
1 39
1 48
1 49
1 59
1 63
1 70
1 97
1 100
1 124
1 136
1 143
1 149
1 150
1 151
1 175
1 185
1 189
1 198
2 6
2 34
2 38
2 50
2 57
2 59
2 68
2 74
2 77
2 94
2 103
2 113
2 119
2 127
2 132
2 149
2 154
2 155
2 164
2 165
2 167
2 174
2 185
3 22
3 31
3 42
3 43
3 52
3 63
3 67
3 74
3 82
3 101
3 121
3 126
3 143
3 151
3 160
3 173
3 180
3 186
3 192
4 23
4 38
4 76
4 81
4 84
4 97
4 102
4 112
4 116
4 121
4 122
4 134
4 151
4 155
4 166
4 178
4 182
4 188
4 198
5 6
5 18
5 28
5 52
5 71
5 72
5 79
5 100
5 107
5 122
5 136
5 138
5 151
5 153
5 154
5 186
5 189
5 190
6 17
6 18
6 31
6 52
6 63
6 79
6 92
6 108
6 128
6 135
6 138
6 139
6 141
6 145
6 166
6 169
6 178
6 179
6 186
6 192
6 197
7 20
7 33
7 36
7 39
7 77
7 85
7 86
7 100
7 105
7 108
7 112
7 113
7 115
7 124
7 125
7 129
7 132
7 145
7 167
7 168
7 192
8 22
8 24
8 29
8 36
8 62
8 72
8 78
8 97
8 101
8 108
8 129
8 130
8 143
8 147
8 155
8 184
8 186
8 190
9 21
9 36
9 54
9 65
9 70
9 80
9 85
9 89
9 98
9 101
9 111
9 120
9 151
9 156
9 166
9 170
9 173
9 196
10 21
10 24
10 31
10 35
10 62
10 84
10 89
10 110
10 115
10 122
10 141
10 149
10 164
10 178
11 13
11 16
11 35
11 36
11 48
11 54
11 74
11 75
11 98
11 124
11 135
11 137
11 140
11 142
11 149
11 187
12 35
12 66
12 67
12 77
12 95
12 109
12 120
12 123
12 124
12 159
12 167
12 170
12 171
12 192
12 194
12 198
12 199
13 14
13 18
13 35
13 42
13 43
13 45
13 46
13 47
13 53
13 54
13 72
13 98
13 100
13 102
13 119
13 125
13 129
13 134
13 139
13 146
13 162
13 163
13 167
13 168
13 175
13 176
13 189
13 191
14 19
14 31
14 33
14 48
14 60
14 68
14 75
14 84
14 99
14 126
14 149
14 165
14 166
14 173
14 177
14 199
15 16
15 22
15 26
15 33
15 35
15 44
15 46
15 53
15 65
15 94
15 103
15 121
15 123
15 128
15 141
15 145
15 149
15 159
15 195
16 22
16 28
16 39
16 40
16 42
16 55
16 68
16 74
16 79
16 83
16 86
16 93
16 103
16 107
16 108
16 110
16 111
16 117
16 123
16 131
16 132
16 152
16 154
16 159
16 161
16 162
16 169
16 171
16 172
16 184
16 185
16 188
16 189
16 192
16 197
17 30
17 50
17 54
17 74
17 75
17 101
17 122
17 125
17 136
17 144
17 146
17 159
17 180
17 195
18 26
18 29
18 38
18 48
18 60
18 65
18 69
18 73
18 86
18 88
18 108
18 125
18 128
18 137
18 138
18 139
18 144
18 160
18 182
18 192
19 21
19 25
19 33
19 47
19 54
19 56
19 60
19 70
19 71
19 75
19 90
19 98
19 109
19 124
19 127
19 128
19 165
19 166
19 180
19 190
20 26
20 51
20 54
20 87
20 94
20 101
20 123
20 129
20 137
20 139
20 155
20 174
20 178
20 191
20 198
21 38
21 52
21 54
21 65
21 70
21 73
21 76
21 97
21 104
21 125
21 129
21 140
21 153
21 158
21 170
21 172
21 181
21 188
21 192
22 32
22 34
22 88
22 89
22 102
22 115
22 116
22 118
22 128
22 135
22 145
22 162
22 166
22 177
22 181
22 183
22 188
23 24
23 25
23 28
23 54
23 55
23 66
23 70
23 98
23 101
23 110
23 122
23 132
23 163
23 167
23 168
23 170
23 172
23 189
23 197
23 198
24 30
24 36
24 73
24 82
24 85
24 94
24 102
24 112
24 113
24 117
24 135
24 158
24 163
24 171
24 187
25 34
25 38
25 45
25 46
25 55
25 64
25 65
25 86
25 89
25 122
25 125
25 133
25 144
25 150
25 156
25 166
25 173
25 175
25 191
25 195
26 31
26 36
26 44
26 51
26 79
26 84
26 116
26 120
26 121
26 124
26 125
26 127
26 142
26 178
26 179
26 197
26 199
27 32
27 54
27 60
27 86
27 93
27 114
27 118
27 123
27 129
27 156
27 158
27 172
27 175
27 187
27 190
27 196
27 199
28 44
28 91
28 96
28 100
28 106
28 112
28 137
28 162
28 167
28 172
28 174
28 182
29 30
29 33
29 35
29 44
29 45
29 85
29 97
29 110
29 114
29 120
29 124
29 129
29 143
29 169
29 178
29 179
29 187
30 36
30 39
30 52
30 65
30 79
30 80
30 81
30 92
30 93
30 103
30 105
30 109
30 113
30 141
30 146
30 169
30 176
30 198
31 33
31 36
31 41
31 125
31 133
31 134
31 141
31 147
31 175
31 177
31 178
31 181
31 184
32 35
32 39
32 51
32 59
32 72
32 76
32 82
32 91
32 93
32 95
32 116
32 121
32 123
32 126
32 132
32 141
32 143
32 153
32 161
32 165
32 193
32 198
32 199
33 57
33 76
33 81
33 84
33 94
33 104
33 109
33 114
33 120
33 130
33 131
33 134
33 138
33 140
33 148
33 152
33 175
33 194
33 196
34 42
34 45
34 46
34 48
34 59
34 76
34 79
34 86
34 113
34 117
34 118
34 128
34 138
34 147
34 153
34 188
34 189
34 193
34 195
34 196
35 55
35 72
35 78
35 89
35 140
35 141
35 144
35 147
35 156
35 163
35 170
35 185
35 194
35 199
36 44
36 57
36 65
36 66
36 71
36 84
36 86
36 87
36 101
36 126
36 130
36 132
36 134
36 144
36 149
36 164
36 165
36 181
36 185
36 186
36 188
37 43
37 62
37 63
37 65
37 104
37 109
37 121
37 132
37 156
37 158
37 160
37 170
37 190
38 41
38 44
38 48
38 63
38 69
38 80
38 87
38 108
38 113
38 117
38 127
38 134
38 137
38 158
38 161
38 187
38 195
39 61
39 66
39 75
39 78
39 82
39 88
39 93
39 109
39 117
39 122
39 140
39 141
39 143
39 144
39 145
39 164
39 186
39 199
40 63
40 88
40 97
40 98
40 115
40 127
40 133
40 170
40 173
40 176
41 49
41 55
41 58
41 59
41 83
41 85
41 87
41 89
41 103
41 111
41 115
41 122
41 125
41 143
41 150
41 151
41 162
41 182
41 187
41 198
42 44
42 53
42 79
42 83
42 89
42 124
42 126
42 129
42 137
42 138
42 153
42 158
42 174
42 189
42 191
43 49
43 65
43 68
43 72
43 92
43 98
43 99
43 117
43 128
43 142
43 145
43 147
43 153
43 168
43 183
43 198
44 56
44 59
44 62
44 75
44 86
44 97
44 104
44 121
44 146
44 147
44 153
44 161
44 175
44 199
45 52
45 59
45 68
45 70
45 75
45 95
45 98
45 113
45 132
45 137
45 150
45 160
45 175
45 184
45 186
46 65
46 71
46 82
46 91
46 95
46 96
46 105
46 116
46 130
46 133
46 134
46 141
46 144
46 145
46 158
46 163
46 173
46 178
46 179
46 184
46 185
46 186
46 189
47 75
47 84
47 90
47 92
47 123
47 128
47 131
47 136
47 146
47 160
47 179
47 180
47 193
48 52
48 54
48 78
48 97
48 102
48 108
48 117
48 139
48 140
48 141
48 152
48 157
48 162
48 174
48 189
49 64
49 82
49 100
49 101
49 106
49 136
49 140
49 146
49 169
49 178
49 190
49 196
50 70
50 79
50 98
50 109
50 135
50 175
50 176
51 80
51 90
51 91
51 104
51 112
51 114
51 117
51 133
51 139
51 160
51 167
51 168
51 178
51 181
51 184
51 192
51 193
51 195
52 75
52 108
52 111
52 128
52 139
52 159
52 166
52 174
52 194
52 196
52 198
53 55
53 66
53 76
53 80
53 88
53 90
53 94
53 103
53 106
53 112
53 118
53 128
53 138
53 146
53 160
53 169
53 175
53 184
53 189
53 194
54 61
54 68
54 72
54 99
54 100
54 103
54 109
54 112
54 116
54 152
54 168
54 172
54 176
54 178
54 189
54 194
55 59
55 68
55 75
55 101
55 108
55 116
55 147
55 164
55 167
55 173
55 184
55 192
55 196
55 198
56 72
56 81
56 83
56 87
56 102
56 117
56 156
56 159
56 165
56 196
57 60
57 64
57 67
57 91
57 98
57 110
57 125
57 127
57 140
57 141
57 148
57 160
57 161
57 180
57 193
57 197
58 60
58 61
58 118
58 124
58 140
58 146
58 149
58 150
58 152
58 156
58 198
59 69
59 91
59 119
59 121
59 147
59 152
59 164
59 167
59 174
59 185
59 187
59 190
59 192
59 197
60 63
60 73
60 88
60 108
60 143
60 144
60 152
60 164
60 167
60 182
60 192
60 194
60 196
61 69
61 78
61 80
61 83
61 94
61 96
61 102
61 103
61 106
61 140
61 152
61 154
61 171
61 174
61 177
61 195
62 63
62 68
62 73
62 77
62 82
62 84
62 92
62 125
62 128
62 147
62 170
62 171
62 180
62 191
62 193
63 64
63 68
63 76
63 79
63 83
63 94
63 96
63 100
63 104
63 110
63 143
63 151
63 170
63 174
63 187
63 193
63 194
63 198
63 199
64 76
64 83
64 92
64 99
64 100
64 104
64 105
64 106
64 109
64 111
64 113
64 121
64 128
64 129
64 136
64 137
64 145
64 156
64 165
64 167
64 168
64 173
64 174
64 179
65 94
65 127
65 134
65 144
65 148
65 161
65 165
65 172
65 178
65 180
65 183
65 186
65 190
66 69
66 71
66 110
66 122
66 136
66 169
66 173
66 184
66 189
66 191
66 195
67 77
67 89
67 138
67 145
67 150
67 154
67 156
67 158
67 162
67 165
67 167
67 188
68 84
68 91
68 95
68 118
68 125
68 143
68 148
68 154
68 161
68 174
68 194
69 73
69 76
69 98
69 109
69 112
69 123
69 127
69 128
69 151
69 154
69 158
69 159
69 163
69 164
69 172
69 178
69 185
70 76
70 84
70 87
70 89
70 102
70 103
70 108
70 112
70 115
70 117
70 133
70 146
70 174
70 177
70 189
70 193
70 197
71 88
71 109
71 110
71 120
71 152
71 181
71 198
71 199
72 76
72 85
72 88
72 104
72 106
72 113
72 116
72 125
72 138
72 141
72 156
72 167
73 82
73 86
73 93
73 123
73 135
73 137
73 148
73 150
73 158
73 160
73 164
73 166
73 168
73 182
73 197
74 88
74 95
74 107
74 118
74 125
74 126
74 128
74 137
74 146
74 152
74 155
74 171
74 172
74 175
74 176
74 182
74 191
74 194
75 104
75 109
75 113
75 129
75 138
75 139
75 160
75 167
75 177
75 184
76 77
76 84
76 92
76 97
76 98
76 102
76 108
76 112
76 125
76 151
76 156
76 161
76 167
76 169
76 172
76 181
76 184
76 188
76 193
77 88
77 94
77 97
77 110
77 140
77 144
77 148
77 162
77 168
77 170
78 85
78 100
78 101
78 102
78 110
78 125
78 126
78 133
78 138
78 157
78 161
78 162
78 169
78 175
78 177
78 186
78 199
79 81
79 86
79 87
79 109
79 119
79 130
79 143
79 144
79 146
79 148
79 150
79 154
79 161
79 164
79 170
80 85
80 91
80 96
80 98
80 101
80 145
80 147
80 161
80 170
80 173
80 178
80 194
80 199
81 83
81 84
81 90
81 93
81 108
81 125
81 127
81 131
81 145
81 150
81 166
81 170
81 175
81 182
82 85
82 117
82 129
82 139
82 141
82 152
82 169
82 181
82 183
83 84
83 86
83 121
83 122
83 129
83 136
83 137
83 159
83 164
83 191
84 91
84 92
84 93
84 118
84 119
84 137
84 142
84 144
84 179
84 181
84 186
84 198
85 94
85 107
85 116
85 129
85 142
85 143
85 154
85 161
85 181
86 88
86 99
86 150
86 152
86 156
86 174
86 175
86 183
86 187
86 194
86 197
87 96
87 100
87 127
87 165
87 168
87 174
87 175
87 178
87 181
87 186
88 95
88 105
88 109
88 115
88 116
88 129
88 134
88 156
88 159
88 174
88 178
88 180
88 181
89 101
89 113
89 138
89 156
89 163
89 169
89 174
90 109
90 110
90 114
90 117
90 136
90 141
90 151
90 157
90 159
90 179
90 181
90 188
90 194
91 95
91 104
91 111
91 117
91 119
91 136
91 143
91 145
91 159
91 169
91 177
91 185
91 189
91 193
92 94
92 100
92 132
92 154
92 157
92 174
92 189
92 197
93 101
93 105
93 114
93 124
93 125
93 127
93 133
93 150
93 157
93 163
93 170
93 179
93 182
93 184
93 185
94 99
94 106
94 116
94 120
94 125
94 131
94 146
94 151
94 168
94 169
94 175
94 179
94 186
95 99
95 113
95 119
95 143
95 155
95 164
95 174
95 193
95 194
96 116
96 120
96 135
96 136
96 138
96 163
96 165
96 179
96 198
97 106
97 112
97 121
97 130
97 147
97 151
97 155
97 158
97 169
97 172
97 175
97 179
97 190
98 127
98 137
98 141
98 144
98 146
98 147
98 155
98 175
99 117
99 124
99 137
99 141
99 149
99 157
99 164
99 173
99 178
99 182
99 183
99 184
100 129
100 131
100 132
100 137
100 139
100 142
100 153
100 156
100 158
100 161
100 168
100 178
100 182
100 185
100 189
101 112
101 120
101 128
101 130
101 148
101 150
101 158
101 182
101 188
102 108
102 112
102 124
102 129
102 131
102 135
102 138
102 140
102 144
102 145
102 147
102 158
102 160
102 172
102 188
102 193
102 197
103 109
103 118
103 136
103 187
104 113
104 142
104 163
104 169
104 191
105 117
105 118
105 125
105 137
105 139
105 152
105 156
105 161
105 162
105 176
105 177
106 108
106 130
106 133
106 135
106 143
106 151
106 156
106 157
106 179
106 182
107 113
107 129
107 131
107 149
107 153
107 172
107 187
107 192
107 194
108 132
108 137
108 143
108 144
108 148
108 150
108 153
108 169
108 173
109 113
109 119
109 136
109 138
109 139
109 180
110 112
110 122
110 142
110 143
110 149
110 152
110 155
110 170
110 175
110 182
111 128
111 145
111 147
111 148
111 152
111 158
111 162
111 164
111 174
111 195
112 114
112 115
112 129
112 160
112 169
112 170
112 177
112 178
112 194
112 195
112 197
112 198
113 122
113 125
113 128
113 137
113 157
113 167
113 181
113 186
113 190
113 199
114 115
114 134
114 144
114 148
114 156
114 165
114 175
114 190
115 117
115 118
115 121
115 125
115 137
115 145
115 148
115 155
115 177
115 178
115 182
116 121
116 126
116 150
116 170
116 175
116 186
116 190
116 193
117 126
117 135
117 147
117 148
117 156
117 159
117 166
117 169
117 178
117 180
117 187
117 188
117 193
117 194
118 127
118 136
118 143
118 163
118 169
118 198
119 139
119 142
119 173
119 180
120 156
120 158
120 180
120 182
120 190
120 192
120 194
120 199
121 125
121 139
121 144
121 150
121 156
121 157
121 165
121 170
121 174
121 188
121 197
122 125
122 126
122 137
122 150
122 154
122 158
122 163
122 164
122 166
122 169
122 172
122 175
122 176
122 180
122 197
123 129
123 139
123 154
123 165
123 195
124 137
124 149
124 156
124 165
124 167
124 178
124 187
125 127
125 129
125 135
125 151
125 159
125 160
125 170
125 171
125 175
125 183
125 196
125 197
125 198
126 159
126 166
126 170
126 190
126 199
127 143
127 147
127 159
127 167
127 169
127 173
127 190
127 191
128 134
128 143
128 149
128 162
128 163
128 168
128 170
128 175
128 185
128 197
129 137
129 143
129 151
129 153
129 171
129 180
129 194
129 195
129 198
130 131
130 134
130 144
130 148
130 159
130 169
130 184
130 186
130 192
131 142
131 145
131 147
131 154
131 158
131 162
131 169
131 172
131 177
131 187
131 195
132 136
132 145
132 146
132 147
132 169
132 181
132 192
132 193
132 195
133 139
133 142
133 159
133 165
133 166
133 168
133 169
133 183
133 188
133 189
134 142
134 152
134 153
134 176
134 182
134 197
135 162
135 176
135 183
135 184
135 192
136 139
136 162
136 169
136 178
136 187
137 138
137 162
137 165
137 182
137 189
137 191
138 142
138 143
138 167
139 162
139 185
139 186
139 187
140 155
140 172
140 187
141 148
141 149
141 159
141 160
141 178
141 197
142 150
142 161
142 171
143 173
143 174
143 184
143 191
144 155
144 156
144 158
144 162
144 165
144 193
145 147
145 153
145 159
145 163
145 164
145 173
145 185
145 189
145 195
146 153
146 155
146 160
146 167
146 174
146 177
146 197
147 151
147 164
147 174
147 177
147 184
147 189
147 192
148 156
148 165
148 176
148 189
149 182
149 184
149 192
149 193
150 163
150 166
150 177
150 195
151 152
151 154
151 163
151 164
151 174
151 183
151 185
151 186
152 163
152 174
152 176
152 177
153 180
153 186
153 193
153 196
154 161
154 166
154 168
154 193
155 182
155 196
156 161
156 162
156 170
156 177
156 185
156 197
157 163
157 166
157 174
158 162
158 167
158 169
158 171
158 173
158 178
158 186
158 198
159 163
159 173
159 178
159 181
159 182
159 186
160 162
160 169
160 179
160 195
161 177
161 186
162 164
162 172
162 178
162 179
162 196
163 168
163 189
163 191
163 192
164 172
164 180
164 183
164 187
164 188
165 178
165 184
165 185
165 191
165 195
165 196
166 187
166 189
167 168
167 175
167 176
167 182
167 186
167 188
168 174
168 180
168 184
168 190
168 194
168 197
169 171
169 184
169 194
170 178
170 180
170 186
170 188
171 176
171 181
172 173
173 192
174 175
174 179
174 197
174 199
175 194
175 196
176 177
176 187
177 198
178 182
179 194
179 199
180 184
180 187
180 198
183 199
184 186
184 187
184 191
184 196
185 191
186 194
186 198
187 192
188 195
188 196
189 190
190 196
194 197
196 199
197 199
