0 21
0 47
0 58
0 71
0 74
0 87
0 94
0 101
0 103
0 105
0 109
0 122
0 126
0 139
0 148
0 157
0 174
0 175
0 181
0 189
0 199
1 3
1 5
1 8
1 20
1 21
1 27
1 34
1 65
1 73
1 84
1 85
1 88
1 103
1 104
1 112
1 116
1 131
1 144
1 152
1 165
1 169
1 174
1 176
1 179
1 183
1 187
1 188
1 189
2 21
2 23
2 38
2 57
2 61
2 64
2 66
2 69
2 81
2 83
2 100
2 103
2 109
2 119
2 132
2 149
2 151
2 152
2 156
2 158
2 163
2 188
2 196
3 17
3 18
3 19
3 33
3 36
3 37
3 38
3 42
3 44
3 52
3 54
3 66
3 72
3 75
3 82
3 84
3 98
3 105
3 114
3 119
3 120
3 126
3 130
3 136
3 138
3 150
3 152
3 158
3 161
3 166
3 169
3 170
3 178
3 182
3 188
3 199
4 5
4 8
4 13
4 18
4 23
4 42
4 50
4 52
4 57
4 60
4 62
4 71
4 72
4 73
4 77
4 82
4 85
4 88
4 91
4 98
4 101
4 105
4 108
4 109
4 113
4 135
4 143
4 153
4 156
4 159
4 160
4 180
4 186
4 191
4 194
4 195
4 197
4 199
5 9
5 36
5 39
5 51
5 54
5 63
5 65
5 69
5 81
5 84
5 92
5 95
5 97
5 106
5 116
5 123
5 125
5 145
5 149
5 153
5 158
5 159
5 180
5 185
5 190
5 191
5 198
6 8
6 9
6 11
6 13
6 14
6 25
6 28
6 35
6 40
6 50
6 54
6 71
6 73
6 81
6 84
6 93
6 115
6 144
6 145
6 162
6 165
6 168
6 171
6 180
6 187
7 8
7 13
7 19
7 39
7 48
7 60
7 71
7 72
7 77
7 79
7 86
7 94
7 99
7 103
7 105
7 106
7 107
7 116
7 123
7 124
7 125
7 127
7 128
7 148
7 160
7 164
7 174
7 178
7 179
7 187
8 10
8 11
8 21
8 35
8 38
8 57
8 61
8 66
8 71
8 76
8 78
8 96
8 112
8 122
8 126
8 127
8 131
8 135
8 151
8 152
8 154
8 158
8 163
8 165
8 168
8 173
8 177
8 180
8 196
9 12
9 22
9 41
9 51
9 77
9 81
9 85
9 100
9 110
9 129
9 130
9 133
9 140
9 148
9 164
9 187
9 188
9 195
10 24
10 25
10 26
10 30
10 33
10 38
10 41
10 70
10 77
10 79
10 88
10 91
10 98
10 100
10 128
10 134
10 135
10 150
10 153
10 163
10 164
10 168
10 169
10 170
10 173
10 175
10 178
10 190
10 191
10 192
10 194
11 12
11 21
11 24
11 26
11 44
11 45
11 54
11 62
11 66
11 71
11 75
11 82
11 83
11 92
11 97
11 112
11 115
11 118
11 134
11 175
11 183
11 184
11 189
11 191
11 199
12 18
12 26
12 33
12 34
12 56
12 57
12 61
12 69
12 77
12 79
12 88
12 90
12 92
12 95
12 102
12 103
12 108
12 115
12 122
12 125
12 136
12 138
12 140
12 142
12 148
12 155
12 164
12 166
12 183
12 189
12 191
12 193
12 199
13 35
13 38
13 43
13 44
13 48
13 55
13 68
13 88
13 91
13 92
13 94
13 102
13 117
13 120
13 125
13 129
13 143
13 152
13 157
13 163
13 165
13 170
13 171
13 178
13 187
13 195
13 196
14 16
14 35
14 38
14 39
14 40
14 42
14 51
14 85
14 100
14 101
14 109
14 132
14 133
14 135
14 137
14 144
14 149
14 169
14 180
14 181
14 191
14 192
15 38
15 46
15 48
15 54
15 76
15 81
15 83
15 90
15 98
15 101
15 102
15 103
15 110
15 111
15 112
15 114
15 125
15 128
15 131
15 136
15 143
15 151
15 155
15 163
15 164
15 178
16 17
16 33
16 38
16 41
16 52
16 66
16 67
16 92
16 93
16 94
16 100
16 101
16 111
16 124
16 126
16 127
16 132
16 141
16 144
16 148
16 149
16 157
16 161
16 167
16 183
16 185
16 190
17 27
17 28
17 29
17 38
17 44
17 61
17 89
17 92
17 97
17 98
17 113
17 115
17 120
17 132
17 143
17 144
17 149
17 160
17 175
17 181
17 182
17 190
18 30
18 46
18 49
18 55
18 65
18 66
18 71
18 76
18 84
18 87
18 88
18 91
18 105
18 117
18 120
18 122
18 135
18 150
18 153
18 156
18 161
18 177
18 183
18 184
18 190
18 195
19 20
19 32
19 51
19 60
19 62
19 78
19 79
19 89
19 106
19 108
19 135
19 139
19 146
19 153
19 156
19 159
19 162
19 163
19 178
19 194
19 197
20 22
20 29
20 32
20 37
20 38
20 67
20 80
20 83
20 86
20 92
20 93
20 98
20 109
20 121
20 125
20 131
20 132
20 134
20 136
20 140
20 161
20 163
20 167
20 188
20 189
21 30
21 31
21 42
21 47
21 52
21 56
21 61
21 62
21 72
21 86
21 92
21 96
21 109
21 111
21 120
21 121
21 133
21 135
21 137
21 148
21 159
21 167
21 169
21 176
21 191
22 24
22 32
22 33
22 44
22 45
22 55
22 56
22 60
22 65
22 68
22 70
22 84
22 85
22 86
22 92
22 96
22 99
22 102
22 112
22 123
22 124
22 129
22 134
22 136
22 140
22 145
22 151
22 152
22 159
22 161
22 163
22 179
23 24
23 27
23 41
23 46
23 48
23 51
23 54
23 59
23 61
23 68
23 73
23 82
23 106
23 114
23 118
23 119
23 126
23 128
23 130
23 133
23 141
23 144
23 146
23 150
23 154
23 165
23 166
23 172
23 175
23 177
23 198
24 25
24 36
24 37
24 38
24 46
24 51
24 66
24 71
24 74
24 77
24 90
24 104
24 107
24 109
24 113
24 119
24 148
24 158
24 159
24 165
24 168
24 175
24 178
24 186
24 190
24 193
24 195
24 199
25 29
25 36
25 48
25 52
25 53
25 74
25 95
25 98
25 106
25 113
25 118
25 129
25 138
25 139
25 145
25 154
25 162
25 164
25 175
25 177
25 180
25 197
26 32
26 33
26 43
26 53
26 63
26 67
26 68
26 69
26 76
26 83
26 85
26 86
26 93
26 101
26 105
26 106
26 118
26 121
26 127
26 132
26 136
26 138
26 139
26 148
26 177
26 191
27 29
27 34
27 42
27 76
27 88
27 95
27 118
27 120
27 121
27 134
27 145
27 151
27 167
27 169
27 176
27 182
27 191
27 196
27 199
28 37
28 44
28 45
28 47
28 58
28 64
28 68
28 78
28 82
28 84
28 86
28 99
28 127
28 140
28 154
28 166
28 169
28 176
28 179
28 187
28 189
28 192
29 30
29 51
29 59
29 64
29 68
29 81
29 84
29 92
29 107
29 129
29 139
29 144
29 162
29 165
29 167
29 169
29 170
29 177
29 187
29 191
30 33
30 35
30 43
30 70
30 75
30 77
30 85
30 99
30 117
30 119
30 120
30 126
30 128
30 136
30 141
30 153
30 155
30 158
30 163
30 169
30 172
30 184
30 189
30 196
30 197
30 199
31 39
31 57
31 82
31 83
31 84
31 85
31 89
31 103
31 107
31 111
31 129
31 136
31 137
31 144
31 145
31 156
31 160
31 165
31 169
31 182
31 185
31 187
31 192
31 193
32 33
32 39
32 42
32 43
32 47
32 54
32 55
32 57
32 58
32 68
32 76
32 89
32 91
32 99
32 108
32 119
32 126
32 130
32 148
32 149
32 154
32 159
32 181
32 193
33 40
33 49
33 51
33 54
33 80
33 86
33 87
33 104
33 106
33 108
33 118
33 132
33 134
33 135
33 144
33 147
33 151
33 153
33 154
33 157
33 185
33 189
33 190
34 37
34 49
34 59
34 61
34 71
34 76
34 78
34 79
34 82
34 83
34 87
34 88
34 95
34 108
34 116
34 122
34 124
34 126
34 127
34 130
34 131
34 142
34 159
34 170
34 171
34 178
34 184
34 190
34 197
35 45
35 50
35 52
35 70
35 77
35 79
35 81
35 86
35 92
35 95
35 127
35 132
35 139
35 141
35 145
35 154
35 158
35 163
35 172
35 175
35 178
35 181
35 198
35 199
36 40
36 41
36 45
36 47
36 51
36 55
36 61
36 67
36 68
36 70
36 95
36 99
36 129
36 137
36 138
36 140
36 142
36 144
36 150
36 156
36 165
36 170
36 174
36 176
36 190
37 44
37 48
37 52
37 65
37 73
37 74
37 76
37 80
37 89
37 98
37 100
37 105
37 116
37 120
37 122
37 140
37 155
37 158
37 168
37 170
37 183
37 198
38 51
38 57
38 61
38 66
38 85
38 96
38 99
38 102
38 112
38 127
38 128
38 134
38 137
38 139
38 146
38 147
38 153
38 162
38 173
38 176
39 40
39 43
39 45
39 49
39 50
39 54
39 57
39 65
39 78
39 88
39 89
39 95
39 96
39 98
39 110
39 115
39 118
39 128
39 130
39 131
39 150
39 161
39 167
39 170
39 173
39 180
39 188
39 194
40 42
40 44
40 60
40 63
40 64
40 69
40 70
40 74
40 77
40 82
40 92
40 95
40 99
40 107
40 111
40 112
40 123
40 125
40 128
40 137
40 140
40 145
40 149
40 151
40 175
40 186
40 197
41 56
41 59
41 60
41 62
41 64
41 66
41 68
41 70
41 71
41 78
41 89
41 93
41 110
41 114
41 125
41 127
41 131
41 140
41 158
41 159
41 163
41 174
41 184
41 187
41 190
41 193
41 195
42 44
42 61
42 62
42 75
42 79
42 81
42 84
42 92
42 98
42 100
42 101
42 106
42 107
42 116
42 125
42 131
42 159
42 163
42 167
42 175
42 176
42 177
42 184
42 191
42 195
43 45
43 52
43 54
43 57
43 60
43 62
43 83
43 85
43 90
43 96
43 109
43 110
43 121
43 124
43 127
43 133
43 134
43 141
43 144
43 149
43 154
43 160
43 161
43 173
43 174
43 181
44 54
44 57
44 76
44 80
44 84
44 88
44 89
44 91
44 92
44 96
44 106
44 122
44 129
44 130
44 133
44 140
44 142
44 146
44 147
44 155
44 159
44 162
44 168
44 174
44 180
44 181
44 187
44 190
45 56
45 57
45 61
45 64
45 65
45 88
45 94
45 95
45 117
45 118
45 121
45 123
45 131
45 135
45 136
45 144
45 170
45 180
45 185
45 196
45 197
46 56
46 57
46 72
46 74
46 84
46 89
46 104
46 113
46 114
46 124
46 132
46 144
46 151
46 160
46 166
46 171
46 176
46 178
46 190
46 192
46 196
47 51
47 55
47 78
47 84
47 87
47 91
47 101
47 102
47 121
47 132
47 134
47 135
47 149
47 164
47 166
47 172
47 173
47 175
47 182
47 189
47 192
47 194
48 78
48 79
48 81
48 87
48 91
48 92
48 96
48 122
48 126
48 137
48 138
48 151
48 152
48 160
48 161
49 54
49 57
49 80
49 82
49 83
49 84
49 85
49 97
49 99
49 100
49 106
49 116
49 117
49 123
49 125
49 129
49 135
49 145
49 148
49 152
49 156
49 160
49 176
49 185
49 187
49 193
49 198
50 54
50 59
50 60
50 71
50 73
50 74
50 87
50 91
50 94
50 106
50 108
50 115
50 138
50 142
50 144
50 146
50 151
50 152
50 157
50 167
50 178
50 184
50 196
51 54
51 55
51 66
51 68
51 70
51 71
51 72
51 84
51 94
51 97
51 103
51 106
51 107
51 124
51 134
51 143
51 145
51 146
51 149
51 171
51 175
51 176
51 187
51 189
52 53
52 68
52 72
52 74
52 76
52 89
52 93
52 101
52 106
52 114
52 126
52 134
52 139
52 140
52 143
52 162
52 169
52 170
52 172
52 179
52 185
52 195
53 56
53 57
53 66
53 68
53 86
53 87
53 88
53 89
53 95
53 104
53 111
53 124
53 126
53 130
53 132
53 158
53 159
53 163
53 165
53 167
53 169
53 177
53 182
53 190
53 191
53 196
53 198
53 199
54 57
54 60
54 62
54 64
54 65
54 76
54 80
54 91
54 101
54 109
54 116
54 117
54 120
54 135
54 143
54 152
54 157
54 158
54 160
54 161
54 168
54 171
54 192
54 195
55 58
55 61
55 65
55 68
55 70
55 76
55 92
55 101
55 106
55 110
55 118
55 125
55 128
55 132
55 134
55 135
55 141
55 144
55 149
55 155
55 157
55 161
55 166
55 175
55 186
56 60
56 66
56 67
56 75
56 86
56 87
56 88
56 96
56 100
56 108
56 114
56 128
56 139
56 140
56 142
56 143
56 151
56 160
56 165
56 171
56 172
56 179
56 183
56 197
56 198
57 60
57 61
57 66
57 73
57 77
57 78
57 87
57 91
57 99
57 102
57 109
57 111
57 112
57 120
57 133
57 137
57 148
57 165
57 166
57 197
58 65
58 74
58 85
58 86
58 91
58 106
58 109
58 116
58 121
58 136
58 137
58 139
58 157
58 161
58 174
58 183
58 191
59 60
59 61
59 73
59 74
59 77
59 83
59 88
59 96
59 98
59 99
59 105
59 112
59 119
59 125
59 129
59 134
59 137
59 142
59 145
59 148
59 149
59 150
59 151
59 156
59 160
59 165
59 168
59 178
59 186
59 189
59 192
59 193
60 62
60 78
60 87
60 88
60 90
60 105
60 106
60 107
60 113
60 117
60 121
60 122
60 128
60 146
60 151
60 156
60 161
60 162
60 163
60 167
60 178
60 179
60 194
60 195
60 199
61 87
61 88
61 90
61 100
61 107
61 124
61 130
61 132
61 134
61 145
61 146
61 147
61 153
61 157
61 164
61 169
61 171
61 175
61 196
62 68
62 70
62 88
62 92
62 95
62 96
62 98
62 127
62 131
62 134
62 138
62 154
62 160
62 163
62 179
62 187
62 195
63 71
63 72
63 75
63 78
63 81
63 96
63 101
63 102
63 109
63 116
63 121
63 125
63 128
63 135
63 149
63 158
63 164
63 165
63 168
63 173
63 175
63 180
63 185
63 186
63 195
64 83
64 91
64 92
64 95
64 102
64 113
64 119
64 120
64 130
64 134
64 142
64 143
64 149
64 151
64 160
64 179
64 196
65 73
65 88
65 108
65 109
65 111
65 123
65 124
65 129
65 132
65 133
65 135
65 136
65 142
65 150
65 153
65 167
65 191
65 193
66 74
66 76
66 81
66 88
66 95
66 104
66 113
66 125
66 127
66 133
66 137
66 139
66 141
66 143
66 165
66 171
66 178
66 190
66 195
67 71
67 72
67 76
67 77
67 80
67 82
67 85
67 90
67 92
67 95
67 96
67 99
67 106
67 107
67 113
67 119
67 120
67 147
67 149
67 151
67 156
67 158
67 159
67 160
67 168
67 170
67 174
67 175
67 196
68 75
68 90
68 91
68 93
68 97
68 110
68 140
68 146
68 148
68 153
68 155
68 157
68 159
68 166
68 168
68 170
68 171
68 187
68 194
68 198
69 71
69 81
69 89
69 95
69 102
69 116
69 119
69 123
69 128
69 138
69 143
69 144
69 151
69 154
69 162
69 163
69 172
69 175
69 177
69 184
69 186
69 194
70 76
70 77
70 102
70 103
70 105
70 107
70 164
70 165
70 172
70 173
70 177
70 178
70 180
70 190
71 75
71 79
71 82
71 85
71 95
71 98
71 102
71 139
71 145
71 152
71 154
71 155
71 165
71 174
71 180
72 79
72 92
72 94
72 95
72 96
72 122
72 143
72 149
72 151
72 158
72 169
72 173
72 177
72 183
72 198
73 75
73 79
73 80
73 82
73 84
73 86
73 90
73 96
73 112
73 125
73 126
73 156
73 157
73 166
73 167
73 176
73 178
73 190
73 193
73 194
73 196
74 79
74 80
74 94
74 96
74 97
74 115
74 125
74 143
74 151
74 159
74 164
74 173
74 175
74 179
74 185
74 186
75 77
75 83
75 111
75 116
75 131
75 138
75 140
75 143
75 157
75 166
75 191
75 195
75 198
76 78
76 82
76 86
76 89
76 91
76 93
76 95
76 97
76 99
76 113
76 122
76 128
76 133
76 140
76 150
76 162
76 190
77 84
77 85
77 96
77 110
77 111
77 113
77 115
77 127
77 130
77 135
77 138
77 153
77 156
77 158
77 165
77 171
77 186
77 188
77 196
78 79
78 82
78 84
78 86
78 88
78 89
78 102
78 107
78 118
78 119
78 130
78 136
78 140
78 143
78 148
78 156
78 157
78 158
78 159
78 160
78 163
78 165
78 176
78 180
78 184
79 90
79 113
79 126
79 138
79 144
79 149
79 150
79 167
79 183
79 189
79 196
80 86
80 90
80 93
80 96
80 98
80 123
80 175
80 196
80 197
80 198
81 82
81 90
81 96
81 100
81 107
81 111
81 113
81 116
81 123
81 124
81 138
81 140
81 148
81 150
81 152
81 174
81 184
81 194
81 198
81 199
82 89
82 92
82 97
82 101
82 105
82 107
82 109
82 110
82 117
82 120
82 122
82 127
82 129
82 130
82 135
82 136
82 140
82 142
82 147
82 163
82 166
82 169
82 173
82 175
82 182
82 184
82 188
82 192
82 195
83 87
83 105
83 119
83 124
83 137
83 152
83 164
84 86
84 94
84 98
84 100
84 109
84 112
84 138
84 139
84 147
84 164
84 176
84 177
84 194
84 196
85 89
85 95
85 105
85 106
85 120
85 121
85 126
85 147
85 150
85 167
85 168
85 172
85 174
85 177
85 178
85 179
85 186
85 187
85 195
86 92
86 93
86 103
86 108
86 110
86 120
86 149
86 155
86 158
86 161
86 166
86 168
86 179
86 181
86 182
86 184
86 194
87 90
87 93
87 107
87 124
87 125
87 129
87 133
87 159
87 178
87 181
87 182
87 187
87 188
87 198
88 93
88 109
88 111
88 114
88 118
88 128
88 133
88 146
88 160
88 165
88 172
88 173
88 183
89 107
89 108
89 119
89 129
89 132
89 145
89 150
89 157
89 161
89 163
89 167
89 171
89 188
89 191
89 193
89 195
90 96
90 97
90 109
90 123
90 128
90 147
90 148
90 149
90 153
90 156
90 157
90 161
90 169
90 174
90 175
90 176
90 177
90 197
90 198
91 101
91 105
91 109
91 113
91 116
91 123
91 151
91 170
91 183
91 186
91 189
91 198
92 96
92 101
92 104
92 108
92 114
92 122
92 124
92 138
92 145
92 146
92 153
92 154
92 158
92 164
92 169
92 181
92 191
92 198
93 108
93 111
93 112
93 120
93 123
93 126
93 145
93 149
93 162
93 173
93 191
93 192
94 109
94 119
94 121
94 123
94 128
94 134
94 136
94 153
94 154
94 155
94 157
94 159
94 164
94 167
94 178
94 189
94 193
94 196
95 99
95 121
95 131
95 133
95 139
95 142
95 149
95 150
95 155
95 157
95 161
95 165
95 173
95 190
95 197
96 98
96 104
96 119
96 125
96 126
96 128
96 151
96 154
96 168
96 169
96 178
96 182
96 183
96 192
96 195
97 98
97 103
97 113
97 128
97 135
97 141
97 146
97 150
97 151
97 156
97 196
98 121
98 123
98 136
98 144
98 147
98 155
98 157
98 161
98 165
98 177
98 184
98 199
99 112
99 113
99 121
99 122
99 128
99 132
99 138
99 156
99 169
99 170
99 174
99 175
99 179
99 196
100 124
100 131
100 140
100 142
100 143
100 145
100 159
100 165
100 167
100 171
100 181
100 182
100 189
100 195
100 197
101 128
101 130
101 132
101 139
101 140
101 144
101 149
101 156
101 157
101 160
101 189
101 198
102 110
102 111
102 122
102 126
102 143
102 145
102 152
102 153
102 155
102 172
102 181
102 198
103 117
103 123
103 125
103 129
103 137
103 140
103 145
103 147
103 149
103 161
103 176
103 178
103 187
103 189
104 115
104 125
104 129
104 143
104 149
104 151
104 167
104 169
104 172
104 180
104 185
104 192
104 199
105 129
105 145
105 152
105 160
105 164
105 166
105 168
105 172
105 174
105 175
105 177
105 178
105 179
105 181
105 183
105 186
105 198
106 121
106 124
106 127
106 130
106 137
106 143
106 146
106 152
106 157
106 158
106 166
106 184
106 186
106 188
106 195
106 198
107 113
107 118
107 119
107 122
107 126
107 139
107 142
107 165
107 169
107 177
107 178
107 186
107 187
107 197
108 111
108 119
108 138
108 151
108 153
108 156
108 162
108 165
108 174
108 176
108 177
108 199
109 113
109 116
109 131
109 145
109 153
109 168
109 175
109 183
109 185
109 186
109 194
110 139
110 140
110 142
110 145
110 156
110 165
110 172
110 185
110 186
110 197
111 115
111 123
111 125
111 129
111 131
111 137
111 138
111 156
111 158
111 166
111 167
111 168
111 176
111 180
111 185
111 190
111 196
111 197
112 120
112 126
112 129
112 133
112 138
112 144
112 151
112 160
112 161
112 182
112 186
112 188
112 191
113 117
113 119
113 123
113 132
113 134
113 151
113 154
113 161
113 168
113 169
113 175
113 187
113 190
114 118
114 119
114 122
114 123
114 125
114 132
114 139
114 146
114 148
114 158
114 160
114 161
114 162
114 166
114 171
114 173
114 178
114 179
114 193
114 195
115 118
115 136
115 138
115 141
115 145
115 154
115 161
115 162
115 164
115 166
115 175
115 182
115 197
115 199
116 120
116 137
116 141
116 146
116 158
116 160
116 166
116 177
116 178
116 179
116 182
116 195
116 198
117 123
117 129
117 158
117 161
117 167
117 170
117 175
117 177
117 182
117 193
118 123
118 124
118 125
118 128
118 135
118 143
118 156
118 157
118 159
118 163
118 164
118 165
118 169
118 181
118 182
119 127
119 128
119 135
119 137
119 143
119 153
119 160
119 168
119 174
119 183
120 121
120 133
120 140
120 143
120 147
120 149
120 156
120 166
120 175
120 180
121 124
121 130
121 132
121 136
121 141
121 146
121 152
121 153
121 168
121 174
121 184
121 188
121 190
121 192
122 132
122 136
122 142
122 147
122 153
122 163
122 169
122 172
122 175
122 181
122 182
122 187
122 191
122 192
122 197
122 199
123 125
123 144
123 146
123 149
123 152
123 165
123 166
123 174
123 176
123 186
123 192
123 197
124 136
124 139
124 140
124 148
124 156
124 161
124 163
124 164
124 168
124 174
124 176
124 198
125 134
125 138
125 140
125 150
125 153
125 155
125 157
125 160
125 179
125 187
125 192
125 197
126 144
126 151
126 153
126 154
126 168
126 169
126 177
126 178
126 184
126 186
126 196
126 197
127 136
127 141
127 143
127 167
127 184
128 130
128 132
128 133
128 144
128 150
128 153
128 165
128 172
128 173
128 178
128 184
128 190
128 195
129 143
129 148
129 153
129 160
129 163
129 166
129 169
129 171
129 177
129 186
130 137
130 143
130 152
130 161
130 163
130 166
130 171
130 178
130 181
130 199
131 142
131 145
131 149
131 150
131 153
131 156
131 158
131 159
131 161
131 166
131 168
131 169
131 171
131 175
131 181
132 141
132 143
132 148
132 151
132 154
132 166
132 170
132 171
132 175
132 182
132 192
132 193
132 195
133 135
133 141
133 148
133 149
133 154
133 160
133 168
133 173
133 185
133 192
134 144
134 150
134 151
134 158
134 160
134 163
134 168
134 179
134 191
134 193
135 143
135 154
135 158
135 160
135 168
135 169
135 176
135 177
135 178
135 179
135 185
135 192
135 193
136 138
136 139
136 145
136 149
136 151
136 157
136 178
136 179
137 157
137 165
137 173
137 181
137 194
137 197
138 152
138 157
138 158
138 159
138 160
138 162
138 166
138 168
138 169
138 171
138 177
138 181
138 185
139 148
139 149
139 158
139 160
139 165
139 180
139 182
139 184
139 186
139 197
140 160
140 166
140 170
140 175
140 178
140 179
140 180
140 184
141 144
141 161
141 162
141 166
141 169
141 171
141 189
141 192
141 194
142 147
142 148
142 152
142 153
142 174
142 176
142 179
142 184
142 186
142 190
142 193
143 146
143 154
143 166
143 172
143 185
143 188
143 189
143 191
144 159
144 165
144 176
144 180
144 181
144 191
145 149
145 156
145 163
145 165
145 168
145 171
145 174
145 176
145 185
145 188
145 190
145 192
146 148
146 154
146 164
146 167
146 170
146 179
146 184
146 188
147 148
147 153
147 154
147 160
147 167
147 178
147 193
147 194
148 149
148 151
148 153
148 162
148 166
148 167
148 172
148 185
148 189
148 191
148 195
149 166
149 169
149 170
149 182
149 190
150 156
150 169
150 179
151 167
151 170
151 176
151 179
152 153
152 162
152 165
152 169
152 180
152 189
152 195
153 156
153 159
153 161
153 162
153 165
153 175
153 178
153 189
153 198
154 158
154 171
154 198
155 159
155 164
155 165
155 168
155 176
155 184
155 189
155 191
156 158
156 168
156 183
156 191
157 163
157 166
157 178
157 188
157 191
158 182
158 183
158 184
158 186
158 192
159 173
159 180
159 182
159 192
160 162
160 163
160 164
160 167
160 170
160 189
160 190
161 162
161 166
161 172
161 178
161 192
161 195
162 163
162 166
162 171
162 174
162 175
162 189
162 190
163 164
163 165
163 171
163 172
163 176
163 182
163 191
163 196
164 166
164 167
164 173
164 179
164 188
164 189
164 191
164 196
164 198
164 199
165 171
165 173
165 180
165 184
165 186
165 189
165 193
165 195
165 198
165 199
166 171
166 173
166 178
166 181
166 189
166 195
166 198
167 169
167 172
167 181
167 188
168 171
168 173
168 176
168 177
169 173
169 178
169 193
169 196
170 175
170 183
170 185
170 186
170 189
170 190
170 192
171 180
171 181
171 185
171 194
172 175
172 177
172 182
172 189
172 190
173 179
173 180
173 182
173 183
173 186
173 188
174 179
174 185
174 191
174 195
174 199
175 179
175 184
175 186
175 196
175 199
176 177
176 187
176 189
176 196
177 179
177 184
177 185
177 187
177 188
178 185
178 193
179 180
179 181
179 192
179 199
180 187
180 194
181 190
182 184
183 187
183 194
183 199
184 193
184 196
185 190
185 194
185 196
186 194
186 199
187 196
187 199
188 195
188 198
189 198
192 199
193 197
193 199
194 196
195 197
197 198
