0 5
0 8
0 10
0 15
0 22
0 26
0 46
0 49
0 59
0 68
0 77
0 80
0 85
0 111
0 112
0 148
0 169
0 170
0 171
0 194
0 196
1 5
1 17
1 21
1 41
1 54
1 57
1 79
1 86
1 89
1 96
1 97
1 100
1 102
1 105
1 115
1 123
1 139
1 163
2 3
2 27
2 28
2 57
2 62
2 65
2 67
2 101
2 111
2 156
2 163
2 183
2 199
3 4
3 32
3 48
3 52
3 70
3 72
3 97
3 109
3 120
3 131
3 155
3 159
3 178
3 187
3 197
4 8
4 34
4 36
4 39
4 60
4 78
4 87
4 88
4 91
4 101
4 120
4 152
4 162
4 168
4 177
4 179
4 180
4 188
4 191
4 195
4 196
5 8
5 39
5 41
5 61
5 64
5 68
5 79
5 108
5 109
5 119
5 145
5 146
5 152
5 153
5 157
5 187
5 189
5 190
5 191
5 192
5 195
6 8
6 16
6 22
6 25
6 45
6 53
6 64
6 71
6 80
6 82
6 86
6 95
6 96
6 97
6 100
6 103
6 114
6 139
6 146
6 155
6 177
7 31
7 40
7 44
7 45
7 46
7 47
7 62
7 83
7 91
7 100
7 105
7 108
7 111
7 136
7 146
7 147
7 151
7 157
7 172
7 183
7 187
7 196
8 43
8 83
8 91
8 106
8 110
8 117
8 121
8 146
8 153
8 156
8 163
8 179
8 183
8 190
9 10
9 21
9 35
9 63
9 64
9 71
9 94
9 111
9 119
9 126
9 127
9 143
9 145
9 151
9 159
9 173
9 184
9 191
10 12
10 20
10 30
10 43
10 70
10 103
10 128
10 132
10 135
10 139
10 144
10 153
10 167
10 173
10 183
11 15
11 22
11 32
11 33
11 37
11 44
11 46
11 61
11 71
11 88
11 113
11 117
11 125
11 127
11 136
11 140
11 145
11 149
11 154
11 161
11 168
11 175
11 177
11 178
12 23
12 28
12 36
12 42
12 50
12 66
12 71
12 78
12 90
12 119
12 127
12 136
12 137
12 138
12 143
12 154
12 169
12 187
13 15
13 48
13 58
13 60
13 69
13 75
13 86
13 105
13 109
13 115
13 134
13 136
13 147
13 169
13 178
13 185
13 190
13 191
14 23
14 28
14 39
14 54
14 59
14 65
14 77
14 79
14 104
14 109
14 124
14 143
14 167
14 180
15 27
15 34
15 45
15 52
15 59
15 91
15 148
15 156
15 158
15 159
15 161
15 193
15 195
16 29
16 70
16 82
16 83
16 84
16 95
16 96
16 114
16 133
16 179
16 183
16 189
16 198
17 30
17 33
17 35
17 42
17 44
17 45
17 46
17 60
17 83
17 88
17 103
17 115
17 116
17 117
17 122
17 132
17 148
17 150
17 160
17 167
17 171
17 175
17 183
17 190
17 193
17 199
18 41
18 58
18 87
18 90
18 94
18 111
18 117
18 119
18 124
18 130
18 131
18 134
18 137
18 142
18 154
18 167
18 193
19 23
19 32
19 73
19 74
19 79
19 122
19 125
19 142
19 163
19 166
19 182
20 54
20 61
20 65
20 67
20 71
20 73
20 76
20 83
20 105
20 111
20 112
20 113
20 114
20 156
20 163
20 181
20 196
20 197
21 23
21 40
21 55
21 61
21 78
21 83
21 89
21 90
21 104
21 105
21 113
21 114
21 139
21 142
21 165
21 179
21 192
21 196
22 23
22 47
22 67
22 69
22 79
22 80
22 81
22 86
22 87
22 96
22 99
22 101
22 102
22 105
22 130
22 163
22 165
22 171
23 26
23 31
23 37
23 38
23 46
23 51
23 52
23 54
23 57
23 71
23 75
23 89
23 90
23 100
23 112
23 125
23 182
23 189
23 194
23 199
24 30
24 32
24 50
24 78
24 83
24 109
24 113
24 121
24 122
24 130
24 132
24 150
24 156
24 177
24 181
24 184
24 190
25 61
25 71
25 75
25 98
25 99
25 104
25 145
25 157
25 159
25 162
25 166
25 168
25 173
26 33
26 40
26 45
26 50
26 72
26 78
26 82
26 84
26 86
26 107
26 121
26 129
26 144
26 181
26 184
26 191
26 195
26 196
27 32
27 35
27 42
27 48
27 52
27 56
27 69
27 74
27 81
27 87
27 90
27 93
27 105
27 120
27 128
27 135
27 137
27 141
27 143
27 147
27 151
27 175
27 179
27 188
28 29
28 49
28 55
28 57
28 65
28 85
28 106
28 122
28 135
28 157
28 163
28 178
28 179
28 180
28 187
29 33
29 50
29 93
29 104
29 123
29 130
29 136
29 141
29 153
29 162
29 163
29 166
29 167
29 188
30 48
30 52
30 57
30 65
30 66
30 68
30 84
30 98
30 120
30 138
30 144
30 151
30 156
30 172
30 188
31 46
31 53
31 54
31 58
31 72
31 80
31 81
31 93
31 99
31 101
31 130
31 144
31 154
31 178
31 183
31 191
31 195
32 44
32 51
32 54
32 61
32 92
32 100
32 103
32 119
32 122
32 124
32 126
32 144
32 192
33 43
33 53
33 56
33 70
33 86
33 96
33 97
33 98
33 106
33 111
33 115
33 123
33 152
33 154
33 184
34 67
34 73
34 88
34 99
34 100
34 101
34 105
34 123
34 159
34 160
34 173
34 174
34 176
34 188
34 190
35 44
35 47
35 48
35 72
35 107
35 108
35 109
35 118
35 140
35 149
35 166
35 183
35 195
36 45
36 46
36 57
36 61
36 68
36 79
36 89
36 92
36 96
36 106
36 111
36 114
36 138
36 144
36 158
36 165
36 170
36 174
36 196
37 40
37 45
37 58
37 59
37 68
37 72
37 81
37 82
37 83
37 84
37 104
37 111
37 112
37 119
37 133
37 134
37 135
37 137
37 150
37 158
37 160
37 182
37 187
37 188
37 190
37 191
37 199
38 39
38 44
38 48
38 51
38 57
38 94
38 95
38 102
38 110
38 121
38 129
38 132
38 139
38 149
38 164
38 167
38 168
38 181
38 189
39 62
39 64
39 66
39 71
39 110
39 124
39 134
39 145
39 150
39 153
39 166
39 176
39 181
39 187
40 43
40 59
40 101
40 111
40 115
40 120
40 125
40 134
40 143
40 148
40 159
40 160
40 177
40 181
40 196
41 45
41 47
41 52
41 54
41 55
41 59
41 62
41 68
41 85
41 103
41 108
41 122
41 126
41 127
41 138
41 149
41 165
41 169
41 171
41 173
41 177
41 181
41 184
41 187
42 49
42 57
42 64
42 74
42 75
42 77
42 78
42 103
42 106
42 128
42 138
42 143
42 149
42 185
42 187
42 190
42 196
43 61
43 75
43 84
43 85
43 96
43 98
43 128
43 140
43 155
43 160
43 170
43 189
43 194
43 197
44 47
44 58
44 67
44 79
44 80
44 94
44 106
44 118
44 127
44 132
44 133
44 143
44 163
44 195
44 196
44 199
45 46
45 52
45 65
45 68
45 69
45 101
45 103
45 115
45 119
45 122
45 127
45 132
45 136
45 138
45 164
45 173
45 174
45 183
45 184
45 186
46 48
46 56
46 64
46 78
46 101
46 108
46 112
46 115
46 148
46 182
46 187
46 199
47 50
47 60
47 62
47 79
47 94
47 102
47 106
47 116
47 123
47 133
47 141
47 144
47 153
47 156
47 161
48 73
48 84
48 91
48 138
48 140
48 147
48 156
48 173
49 52
49 60
49 61
49 63
49 76
49 86
49 99
49 101
49 107
49 115
49 130
49 141
49 144
49 147
49 149
49 152
49 158
49 162
49 182
49 184
49 186
49 187
50 57
50 69
50 76
50 80
50 88
50 126
50 127
50 128
50 131
50 136
50 153
50 161
50 174
50 187
50 197
51 67
51 70
51 77
51 81
51 87
51 128
51 145
51 156
51 163
51 169
51 187
51 193
52 70
52 95
52 101
52 107
52 112
52 117
52 118
52 121
52 144
52 150
52 152
52 160
52 166
52 171
52 175
52 176
52 198
53 56
53 92
53 93
53 145
53 146
53 151
53 154
53 155
53 161
53 164
53 171
53 185
53 188
53 191
53 192
54 67
54 78
54 84
54 91
54 92
54 110
54 135
54 138
54 151
54 172
54 174
54 176
54 182
54 183
54 186
54 187
55 69
55 76
55 98
55 104
55 109
55 120
55 131
55 135
55 143
55 145
55 150
55 198
56 60
56 83
56 91
56 126
56 129
56 130
56 137
56 138
56 148
56 158
56 165
56 167
56 177
57 59
57 61
57 83
57 84
57 85
57 91
57 119
57 128
57 133
57 140
57 152
57 156
57 172
57 183
57 188
57 192
57 197
57 199
58 71
58 80
58 114
58 143
58 153
58 156
58 157
58 158
58 162
58 170
58 183
58 184
58 189
58 190
59 64
59 66
59 70
59 99
59 106
59 111
59 113
59 137
59 140
59 151
59 154
59 157
59 161
59 175
59 176
59 193
60 63
60 66
60 74
60 78
60 85
60 93
60 113
60 125
60 147
60 160
60 167
60 173
60 174
60 175
60 182
60 183
61 67
61 68
61 73
61 101
61 111
61 116
61 121
61 125
61 171
61 180
61 184
61 195
61 199
62 73
62 79
62 95
62 96
62 106
62 128
62 133
62 153
62 155
62 173
62 191
62 198
63 75
63 90
63 99
63 107
63 113
63 127
63 133
63 174
63 179
63 186
64 69
64 80
64 82
64 95
64 110
64 158
64 163
64 181
64 185
64 186
65 69
65 74
65 75
65 100
65 105
65 118
65 120
65 125
65 130
65 152
65 154
65 160
65 168
65 169
65 181
65 183
66 69
66 85
66 88
66 98
66 105
66 114
66 116
66 135
66 138
66 140
66 142
66 144
66 149
66 155
66 170
66 173
66 174
66 175
66 176
66 177
66 179
66 183
67 88
67 93
67 95
67 102
67 110
67 133
67 137
67 140
67 143
67 150
67 153
67 162
67 193
68 86
68 95
68 106
68 121
68 153
68 155
68 161
68 177
69 75
69 84
69 90
69 97
69 108
69 109
69 127
69 133
69 143
69 149
69 152
69 159
69 162
69 163
69 165
69 168
69 175
69 198
70 84
70 93
70 106
70 108
70 121
70 124
70 132
70 140
70 165
70 176
70 179
70 184
70 187
70 191
70 194
71 91
71 99
71 105
71 132
71 143
71 144
71 145
71 156
71 166
71 187
71 192
72 77
72 90
72 99
72 106
72 110
72 111
72 123
72 128
72 129
72 148
72 153
72 164
72 175
72 178
72 185
72 186
72 193
73 80
73 90
73 138
73 141
73 144
73 147
73 150
73 159
73 161
73 162
73 166
73 168
73 174
73 191
73 195
74 77
74 80
74 84
74 88
74 91
74 100
74 105
74 118
74 140
74 149
74 167
74 176
74 178
75 85
75 89
75 104
75 119
75 121
75 134
75 139
75 140
75 166
75 182
75 196
76 82
76 115
76 133
76 145
76 149
76 159
76 165
76 169
76 173
76 177
76 185
76 192
76 198
77 82
77 97
77 113
77 133
77 137
77 147
77 148
77 164
77 168
77 173
77 177
77 190
77 197
78 80
78 81
78 90
78 104
78 105
78 121
78 122
78 127
78 145
78 149
78 169
78 186
78 189
78 191
78 195
78 196
79 85
79 90
79 93
79 99
79 100
79 115
79 133
79 139
79 140
79 144
79 159
79 171
79 176
79 180
79 185
80 81
80 97
80 100
80 109
80 133
80 153
80 157
80 176
80 187
80 193
80 196
81 92
81 95
81 100
81 106
81 109
81 110
81 140
81 142
81 156
81 164
81 167
81 171
81 181
81 193
82 88
82 109
82 130
82 134
82 137
82 141
82 156
82 168
82 179
82 197
83 84
83 87
83 89
83 127
83 138
83 141
83 146
83 152
83 155
83 169
83 170
83 180
83 192
83 195
84 101
84 111
84 113
84 117
84 120
84 131
84 151
84 155
84 167
84 183
84 186
85 87
85 91
85 94
85 95
85 118
85 134
85 139
85 142
85 169
85 173
85 188
85 191
85 193
85 196
86 118
86 120
86 123
86 131
86 142
86 176
86 180
86 181
86 182
87 90
87 100
87 116
87 121
87 123
87 141
87 170
87 175
87 184
87 185
87 189
87 193
88 109
88 110
88 129
88 136
88 144
88 178
88 183
88 190
89 100
89 104
89 118
89 123
89 125
89 126
89 132
89 135
89 145
89 158
89 160
89 162
89 177
89 190
89 192
89 198
90 94
90 103
90 111
90 116
90 127
90 131
90 173
90 180
90 186
90 189
90 194
91 92
91 104
91 145
91 149
91 150
91 166
91 167
91 171
91 179
91 195
92 116
92 119
92 129
92 140
92 148
92 159
92 184
92 191
92 195
92 199
93 100
93 104
93 124
93 135
93 148
93 173
93 184
93 185
94 134
94 136
94 137
94 155
94 171
94 175
94 178
94 186
94 189
94 190
94 199
95 102
95 104
95 108
95 114
95 125
95 144
95 161
95 192
96 103
96 114
96 126
96 139
96 143
96 153
96 169
96 172
96 175
97 115
97 121
97 138
97 151
97 165
97 175
97 183
97 184
97 191
98 104
98 115
98 117
98 127
98 129
98 144
98 171
98 176
98 183
98 185
98 187
98 189
99 100
99 101
99 115
99 125
99 134
99 158
99 163
99 172
100 104
100 110
100 127
100 149
100 169
100 178
100 193
101 105
101 112
101 113
101 115
101 116
101 124
101 146
101 159
101 166
101 171
101 185
101 187
102 110
102 156
102 158
102 169
102 170
102 175
102 176
102 178
102 186
103 106
103 107
103 121
103 145
103 150
103 153
103 163
103 167
103 168
103 173
103 175
103 179
103 180
103 189
103 194
103 196
103 199
104 124
104 131
104 154
104 155
104 164
104 177
104 198
105 117
105 128
105 134
105 165
105 169
105 190
105 196
106 110
106 133
106 142
106 148
106 175
106 178
106 179
106 182
106 187
106 197
107 184
107 186
107 187
107 198
108 113
108 121
108 123
108 149
108 155
108 157
108 159
108 168
108 170
108 176
108 188
108 191
108 194
109 115
109 133
109 134
109 138
109 146
109 158
109 170
109 185
109 186
109 188
109 192
109 195
110 114
110 115
110 119
110 126
110 147
110 148
110 153
110 169
110 177
110 181
110 186
110 197
111 116
111 118
111 134
111 164
111 172
111 177
111 182
111 186
111 190
112 117
112 118
112 121
112 129
112 136
112 150
112 155
112 158
112 162
112 165
112 170
112 177
113 122
113 128
113 133
113 136
113 141
113 156
113 163
113 165
113 171
113 175
113 180
113 189
113 190
113 192
114 126
114 134
114 139
114 146
114 154
114 166
114 187
114 190
115 121
115 122
115 123
115 126
115 127
115 134
115 146
115 150
115 156
115 159
115 163
115 171
115 173
115 184
115 191
115 194
116 153
116 158
116 165
116 166
116 174
116 180
116 181
117 135
117 138
117 143
117 159
117 169
117 180
117 184
118 124
118 133
118 135
118 136
118 150
118 161
118 163
118 168
118 171
118 173
118 174
118 178
118 180
118 182
118 187
118 196
118 198
119 123
119 132
119 136
119 140
119 165
119 169
119 174
119 180
119 183
119 190
119 198
120 139
120 141
120 155
120 167
120 177
120 179
120 184
120 195
121 124
121 133
121 142
121 146
121 150
121 156
121 161
121 166
121 186
122 136
122 150
122 156
122 168
122 169
122 186
122 193
122 195
123 161
123 187
123 197
123 198
124 126
124 138
124 171
124 173
124 175
124 177
124 181
124 194
124 199
125 135
125 144
125 145
125 148
125 155
125 158
125 166
125 172
125 174
125 185
125 190
125 197
126 127
126 128
126 149
126 165
126 171
126 177
126 187
126 199
127 131
127 148
127 152
127 159
127 176
127 178
127 181
127 190
127 196
128 137
128 157
128 164
128 167
128 169
128 186
129 132
129 140
129 142
129 143
129 145
129 166
129 184
129 192
130 133
130 134
130 142
130 160
130 171
130 193
130 199
131 136
131 142
131 143
131 148
131 156
131 159
131 172
131 182
132 138
132 148
132 160
132 185
133 167
133 169
133 183
133 184
133 185
133 190
133 194
134 141
134 144
134 184
134 187
135 149
135 153
135 156
135 193
135 199
136 141
136 147
136 185
137 149
137 156
137 168
137 172
137 176
137 179
138 145
138 151
138 165
138 168
138 189
138 198
139 165
139 169
139 178
140 147
140 158
140 160
140 193
140 197
141 160
141 165
141 175
141 179
141 181
141 193
141 196
142 144
142 152
142 158
142 160
142 163
142 166
142 174
143 145
143 163
143 166
143 170
143 175
143 181
143 199
144 146
144 152
145 151
145 165
146 148
146 150
146 160
146 163
146 172
146 195
146 198
147 174
147 182
147 187
148 153
148 167
148 177
148 194
149 158
149 168
149 172
149 178
149 181
149 184
149 192
150 166
150 188
151 162
151 164
151 165
151 166
151 167
151 168
151 195
151 198
152 159
152 160
152 161
152 171
152 186
152 195
153 157
153 160
153 193
153 195
153 199
154 167
154 168
154 183
154 186
154 198
154 199
155 169
155 196
156 158
156 161
156 164
156 166
156 175
156 179
156 193
156 194
157 171
157 176
158 174
158 177
158 180
159 160
159 169
159 176
159 184
159 192
159 196
160 167
160 177
160 190
161 174
161 177
161 178
161 194
162 166
162 176
162 192
162 199
163 174
163 177
164 175
164 182
165 190
166 167
166 168
166 170
166 176
166 182
167 168
167 169
167 171
167 180
167 181
167 183
168 172
168 183
168 190
168 191
169 171
169 175
169 177
169 181
169 186
170 175
170 181
170 191
170 193
170 198
171 193
172 180
172 181
172 193
173 179
173 185
173 189
173 192
174 182
174 189
174 192
174 197
175 184
175 194
176 182
176 197
177 179
177 196
177 198
178 187
179 193
180 182
180 184
180 188
181 190
182 188
182 194
184 188
184 189
184 191
184 198
185 195
185 199
186 190
187 194
188 192
189 194
191 196
192 196
192 199
193 194
