0 39
0 84
0 122
0 127
0 133
0 143
0 152
0 163
0 198
1 18
1 33
1 47
1 63
1 68
1 71
1 92
1 95
1 125
1 143
1 150
1 154
1 162
1 173
1 183
1 189
2 11
2 14
2 36
2 38
2 44
2 51
2 61
2 70
2 74
2 82
2 95
2 118
2 129
2 137
2 152
2 176
2 189
3 8
3 23
3 35
3 40
3 53
3 55
3 58
3 70
3 74
3 75
3 79
3 89
3 91
3 99
3 107
3 113
3 120
3 123
3 133
3 144
3 145
3 153
3 161
3 171
3 175
3 182
3 190
3 192
4 6
4 35
4 42
4 59
4 61
4 84
4 85
4 93
4 99
4 108
4 120
4 158
4 178
4 181
4 193
5 11
5 25
5 29
5 39
5 49
5 58
5 59
5 71
5 79
5 84
5 87
5 107
5 125
5 130
5 132
5 146
5 159
5 161
5 172
5 183
6 8
6 10
6 13
6 23
6 31
6 32
6 38
6 46
6 58
6 71
6 74
6 105
6 115
6 132
6 171
6 179
7 8
7 18
7 32
7 47
7 54
7 62
7 81
7 93
7 97
7 103
7 109
7 114
7 117
7 127
7 146
7 157
7 170
7 190
8 16
8 25
8 34
8 38
8 45
8 53
8 59
8 62
8 84
8 85
8 87
8 89
8 90
8 108
8 114
8 119
8 133
8 163
8 169
8 170
8 174
8 181
8 196
9 25
9 29
9 43
9 57
9 70
9 83
9 90
9 119
9 124
9 140
9 141
9 142
9 154
9 161
9 194
9 195
9 196
9 198
10 32
10 45
10 53
10 78
10 79
10 85
10 90
10 97
10 103
10 112
10 113
10 120
10 122
10 125
10 127
10 139
10 145
10 157
10 181
10 182
10 192
10 198
11 17
11 22
11 24
11 39
11 55
11 57
11 71
11 94
11 120
11 131
11 132
11 153
11 184
11 185
12 18
12 19
12 21
12 37
12 45
12 48
12 53
12 58
12 68
12 78
12 83
12 87
12 126
12 128
12 141
12 143
12 152
12 163
12 171
12 173
12 181
13 24
13 28
13 39
13 41
13 49
13 50
13 53
13 62
13 80
13 108
13 146
13 165
13 169
13 193
13 198
14 15
14 25
14 28
14 33
14 51
14 54
14 69
14 77
14 82
14 120
14 153
14 158
14 163
14 167
15 16
15 41
15 42
15 43
15 61
15 63
15 79
15 85
15 105
15 106
15 124
15 125
15 128
15 145
15 156
15 183
15 187
15 193
16 33
16 42
16 56
16 62
16 91
16 99
16 123
16 137
16 140
16 145
16 147
16 149
16 153
16 161
16 168
16 171
16 186
16 196
17 37
17 58
17 60
17 62
17 91
17 92
17 94
17 109
17 120
17 129
17 138
17 141
17 150
17 153
17 164
17 196
18 33
18 39
18 71
18 76
18 90
18 107
18 109
18 134
18 148
18 161
18 180
18 183
18 184
18 195
19 39
19 41
19 42
19 43
19 47
19 58
19 59
19 76
19 77
19 92
19 94
19 105
19 115
19 122
19 140
19 158
19 164
19 177
19 179
19 183
19 186
19 195
19 197
20 44
20 60
20 65
20 68
20 70
20 78
20 88
20 93
20 119
20 120
20 142
20 157
20 165
20 168
20 196
20 199
21 29
21 45
21 48
21 50
21 60
21 68
21 76
21 81
21 85
21 92
21 93
21 97
21 101
21 111
21 114
21 118
21 145
21 152
21 156
21 160
21 175
21 194
22 23
22 35
22 39
22 40
22 41
22 45
22 49
22 78
22 81
22 83
22 111
22 122
22 138
22 156
22 178
22 187
23 25
23 28
23 30
23 46
23 54
23 61
23 65
23 68
23 96
23 135
23 136
23 142
23 145
23 149
23 158
23 162
23 174
23 175
24 44
24 51
24 56
24 79
24 86
24 96
24 126
24 133
24 156
24 157
24 165
24 182
25 48
25 53
25 65
25 67
25 96
25 113
25 125
25 131
25 139
25 183
26 43
26 55
26 61
26 79
26 89
26 96
26 103
26 122
26 129
26 133
26 135
26 147
26 160
26 165
26 169
26 185
27 36
27 52
27 53
27 64
27 69
27 74
27 93
27 118
27 124
27 132
27 140
27 180
27 181
27 190
27 193
28 49
28 50
28 64
28 65
28 96
28 105
28 126
28 133
28 142
28 152
28 155
28 179
28 195
29 31
29 36
29 45
29 48
29 59
29 70
29 91
29 92
29 112
29 117
29 121
29 122
29 125
29 142
29 147
29 156
29 173
29 181
29 194
30 37
30 64
30 65
30 76
30 77
30 81
30 83
30 85
30 100
30 172
30 175
30 184
30 199
31 33
31 40
31 47
31 48
31 55
31 63
31 67
31 69
31 71
31 74
31 82
31 95
31 119
31 147
31 154
31 160
31 176
31 183
32 44
32 46
32 53
32 55
32 58
32 62
32 71
32 116
32 117
32 138
32 148
32 178
32 186
33 37
33 39
33 51
33 52
33 53
33 84
33 111
33 121
33 127
33 135
33 138
33 153
33 167
33 172
34 51
34 58
34 61
34 64
34 66
34 79
34 93
34 102
34 108
34 121
34 141
34 143
34 153
34 161
34 165
34 179
34 195
34 197
35 38
35 39
35 47
35 59
35 68
35 73
35 88
35 89
35 90
35 107
35 109
35 117
35 119
35 122
35 124
35 130
35 131
35 144
35 146
35 155
35 159
35 170
35 183
36 59
36 67
36 68
36 70
36 71
36 86
36 97
36 109
36 114
36 117
36 118
36 119
36 126
36 127
36 153
36 155
36 161
36 162
36 178
36 192
37 47
37 50
37 63
37 68
37 70
37 77
37 92
37 94
37 105
37 110
37 116
37 120
37 123
37 127
37 128
37 133
37 147
37 155
37 166
37 190
38 41
38 46
38 73
38 78
38 84
38 92
38 103
38 139
38 146
38 149
38 152
38 162
38 164
38 170
38 176
38 193
38 196
38 197
39 41
39 48
39 49
39 55
39 67
39 90
39 106
39 107
39 118
39 122
39 132
39 147
39 155
39 193
39 195
40 43
40 47
40 69
40 70
40 78
40 99
40 124
40 129
40 134
40 149
40 150
40 155
40 178
40 196
41 42
41 49
41 70
41 96
41 111
41 114
41 137
41 138
41 156
41 161
41 182
41 183
42 62
42 90
42 92
42 94
42 95
42 101
42 108
42 119
42 122
42 128
42 129
42 163
42 169
43 44
43 50
43 74
43 93
43 100
43 104
43 109
43 119
43 122
43 131
43 140
43 147
43 152
43 180
43 195
44 53
44 74
44 76
44 85
44 113
44 129
44 143
44 155
44 158
44 168
44 172
44 195
44 196
45 69
45 74
45 94
45 106
45 127
45 137
45 140
45 141
45 142
45 164
45 178
45 179
45 180
45 192
46 47
46 49
46 64
46 80
46 105
46 111
46 119
46 128
46 134
46 136
46 138
46 144
46 155
46 156
46 167
46 170
46 178
46 181
46 193
47 49
47 66
47 72
47 73
47 85
47 93
47 99
47 100
47 105
47 111
47 124
47 136
47 140
47 147
47 166
47 189
47 197
48 55
48 84
48 102
48 109
48 113
48 118
48 124
48 129
48 138
48 143
48 164
48 169
48 174
48 181
48 194
49 52
49 55
49 70
49 79
49 81
49 99
49 100
49 101
49 107
49 125
49 140
49 143
49 154
49 164
49 176
49 192
49 194
50 59
50 61
50 71
50 81
50 82
50 87
50 98
50 106
50 142
50 152
50 173
50 183
50 185
50 187
50 196
51 52
51 63
51 93
51 108
51 129
51 134
51 136
51 140
51 180
51 191
52 68
52 69
52 89
52 95
52 118
52 149
52 178
53 63
53 69
53 70
53 74
53 75
53 114
53 118
53 128
53 139
53 141
53 147
53 149
53 169
53 178
53 190
53 195
53 197
54 55
54 66
54 70
54 83
54 85
54 96
54 107
54 110
54 111
54 112
54 119
54 121
54 127
54 129
54 133
54 135
54 137
54 143
54 147
54 148
54 149
54 161
54 162
54 181
55 70
55 76
55 80
55 82
55 83
55 84
55 99
55 127
55 135
55 181
55 185
55 192
55 195
56 58
56 71
56 77
56 82
56 92
56 109
56 111
56 122
56 132
56 138
56 141
56 148
56 162
56 174
56 177
56 186
56 188
56 189
56 191
56 199
57 62
57 64
57 67
57 77
57 79
57 94
57 109
57 112
57 113
57 153
57 168
57 175
57 176
57 180
57 181
57 184
58 64
58 74
58 75
58 79
58 84
58 107
58 109
58 128
58 136
58 137
58 141
58 147
58 187
58 197
59 68
59 87
59 95
59 117
59 125
59 138
59 143
59 155
59 170
60 67
60 74
60 83
60 87
60 99
60 100
60 111
60 113
60 125
60 128
60 130
60 144
60 166
60 185
61 62
61 73
61 89
61 95
61 97
61 101
61 126
61 135
61 152
62 64
62 71
62 73
62 75
62 91
62 97
62 103
62 108
62 112
62 128
62 132
62 143
62 156
62 162
62 177
62 192
63 67
63 96
63 108
63 123
63 124
63 133
63 145
63 147
63 157
63 158
63 168
63 171
63 188
63 194
64 66
64 70
64 73
64 81
64 90
64 115
64 129
64 131
64 137
64 166
64 167
64 176
64 190
64 192
64 196
64 199
65 70
65 87
65 114
65 118
65 133
65 155
65 159
65 162
65 166
65 177
65 189
65 192
65 193
66 68
66 88
66 93
66 100
66 111
66 121
66 141
66 144
66 166
66 194
67 68
67 93
67 104
67 105
67 111
67 127
67 158
67 161
67 163
67 168
67 178
67 182
67 189
67 192
67 193
68 74
68 101
68 112
68 118
68 152
68 157
68 171
69 75
69 78
69 115
69 119
69 120
69 124
69 129
69 151
69 154
69 199
70 76
70 128
70 143
70 148
70 157
70 173
70 182
70 192
70 193
70 197
70 198
71 85
71 87
71 96
71 118
71 121
71 130
71 136
71 164
71 180
71 190
72 95
72 99
72 129
72 134
72 151
72 152
72 169
72 174
72 177
72 179
72 184
73 77
73 83
73 103
73 105
73 125
73 128
73 144
73 156
73 158
73 178
73 185
73 196
73 199
74 80
74 81
74 98
74 108
74 115
74 135
74 136
74 137
74 140
74 147
74 151
74 156
74 167
74 174
74 175
74 181
74 187
75 86
75 102
75 103
75 124
75 151
75 172
75 175
76 79
76 97
76 99
76 119
76 129
76 144
76 145
76 168
76 187
76 188
77 78
77 84
77 97
77 99
77 101
77 113
77 123
77 154
77 155
77 163
77 168
77 170
77 171
77 182
77 188
77 196
78 86
78 90
78 97
78 100
78 102
78 115
78 126
78 134
78 148
78 167
78 168
79 89
79 96
79 108
79 116
79 119
79 131
79 158
79 184
80 81
80 96
80 108
80 115
80 120
80 144
80 145
80 156
80 168
80 173
80 174
81 90
81 115
81 119
81 120
81 126
81 127
81 133
81 138
81 146
81 151
81 156
81 166
82 103
82 107
82 126
82 145
82 152
82 158
82 180
82 185
82 196
83 91
83 103
83 104
83 114
83 115
83 118
83 125
83 129
83 140
83 141
83 156
83 158
83 164
83 178
83 199
84 103
84 113
84 115
84 118
84 141
84 155
84 170
84 174
84 177
84 195
85 92
85 96
85 97
85 99
85 113
85 126
85 128
85 129
85 148
85 165
85 176
85 177
85 194
86 89
86 93
86 97
86 120
86 142
86 148
86 158
86 162
86 166
86 167
86 174
86 175
86 198
87 99
87 112
87 126
87 137
87 146
87 148
87 157
87 174
87 182
87 183
87 199
88 122
88 123
88 130
88 131
88 134
88 144
88 146
88 159
88 173
88 176
88 183
88 197
89 92
89 111
89 129
89 139
89 162
89 167
89 176
89 183
89 186
89 196
90 91
90 92
90 99
90 109
90 113
90 119
90 120
90 121
90 160
90 163
90 167
90 176
90 191
91 108
91 111
91 112
91 158
91 161
91 166
91 190
92 108
92 109
92 129
92 132
92 133
92 143
92 178
93 100
93 105
93 106
93 117
93 122
93 128
93 139
93 140
93 149
93 163
93 171
93 174
93 186
93 192
93 195
94 96
94 110
94 120
94 134
94 136
94 151
94 172
95 114
95 118
95 123
95 132
95 140
95 145
95 166
95 167
95 170
95 173
96 97
96 109
96 115
96 119
96 141
96 172
96 176
96 180
96 187
96 197
97 99
97 101
97 104
97 105
97 117
97 129
97 150
97 158
97 162
97 165
97 181
97 192
98 104
98 108
98 113
98 121
98 135
98 138
98 150
98 154
98 157
99 103
99 105
99 115
99 118
99 122
99 132
99 134
99 143
99 150
99 151
99 154
99 177
99 189
100 108
100 130
100 142
100 146
100 164
100 174
100 175
100 178
100 198
101 128
101 138
101 141
101 148
101 150
101 170
101 182
101 199
102 106
102 111
102 114
102 115
102 116
102 121
102 129
102 159
102 161
102 172
102 175
102 187
102 192
103 115
103 136
103 137
103 138
103 141
103 162
103 166
103 169
103 176
103 196
104 107
104 118
104 124
104 141
104 154
104 160
104 162
104 189
104 196
105 132
105 148
105 157
105 174
105 187
106 112
106 121
106 134
106 138
106 146
106 150
106 172
106 192
106 194
107 109
107 127
107 134
107 135
107 141
107 154
107 160
107 163
107 168
107 183
108 114
108 116
108 131
108 134
108 143
108 151
108 157
109 114
109 131
109 140
109 147
109 157
109 164
109 169
109 171
109 196
110 116
110 119
110 124
110 136
110 145
110 147
110 162
110 167
110 172
110 175
110 178
110 186
110 189
111 122
111 123
111 124
111 131
111 135
111 143
111 164
111 189
111 191
111 193
111 197
111 199
112 114
112 123
112 131
112 137
112 149
112 156
112 173
112 185
112 195
112 197
113 121
113 130
113 135
113 137
113 140
113 141
113 177
113 181
113 187
113 193
114 123
114 127
114 135
114 148
114 160
114 168
114 188
114 191
114 193
114 195
114 199
115 117
115 120
115 138
115 139
115 141
115 155
115 163
115 167
115 190
115 198
116 136
116 137
116 148
116 152
116 164
116 168
116 176
116 180
116 188
116 194
117 133
117 155
117 167
117 168
117 180
117 184
117 197
118 126
118 135
118 140
118 145
118 151
118 166
118 168
118 184
118 185
119 133
119 136
119 141
119 143
119 155
119 180
119 184
119 194
119 197
120 127
120 135
120 137
120 141
120 145
120 157
120 163
120 194
121 124
121 135
121 138
121 157
121 162
121 163
121 164
121 177
122 141
122 145
122 151
122 170
122 177
122 186
122 195
122 197
123 124
123 126
123 130
123 143
123 150
123 153
123 174
123 177
123 195
124 127
124 131
124 133
124 134
124 179
124 186
124 189
124 192
124 194
125 137
125 156
125 160
125 169
125 189
125 191
126 172
126 174
127 135
127 136
127 140
127 152
127 153
127 162
127 165
127 184
127 197
128 158
128 184
128 195
129 130
129 153
129 155
129 163
129 171
129 172
129 184
129 189
129 195
130 139
130 140
130 142
130 175
131 146
131 170
131 176
131 185
131 196
132 136
132 141
132 171
132 190
132 195
133 135
133 160
133 162
133 172
134 156
134 182
135 144
135 148
135 153
135 164
135 170
135 182
135 195
135 197
136 138
136 151
136 152
136 153
136 155
136 164
137 188
138 143
138 150
138 173
138 180
138 186
138 191
138 192
138 196
139 149
139 151
139 177
139 191
140 148
140 153
140 156
140 173
140 184
140 192
141 152
141 160
141 170
141 179
141 181
142 143
142 153
142 160
142 161
142 164
142 183
142 185
143 145
143 166
143 181
143 184
144 165
144 176
144 185
144 189
144 191
144 194
145 146
145 152
145 156
145 176
145 188
146 151
146 159
146 166
146 167
146 175
146 195
147 153
147 156
147 168
147 171
147 173
147 179
147 181
147 185
147 186
147 188
147 190
148 157
148 186
148 193
148 196
149 154
149 173
149 177
149 187
149 188
149 192
149 195
149 196
150 152
150 153
150 177
150 182
150 199
151 155
151 156
151 163
151 195
152 157
152 161
152 178
152 179
152 195
152 198
153 156
153 159
153 160
153 164
153 175
153 185
153 197
153 199
154 161
154 162
154 175
154 180
155 164
155 167
155 169
155 170
155 190
155 193
155 194
155 196
156 160
156 162
156 164
156 170
156 185
156 189
156 190
156 194
157 172
157 173
157 178
157 179
157 191
157 196
158 160
158 166
158 171
158 181
158 197
159 162
159 170
159 171
159 182
159 183
159 191
160 182
160 184
160 191
161 171
161 188
161 197
161 198
162 164
162 189
162 190
163 164
163 167
163 169
163 176
163 187
163 195
164 173
165 172
165 181
165 188
165 190
166 179
166 180
166 184
166 194
167 170
167 179
167 181
167 187
167 194
167 196
167 199
168 174
168 191
168 193
170 177
170 185
170 191
170 194
171 178
171 183
171 187
172 174
172 178
172 192
173 177
173 185
173 188
174 186
174 191
175 198
176 178
176 183
176 192
178 182
178 183
178 193
178 195
178 198
178 199
180 194
181 197
182 190
182 193
182 195
185 198
187 198
189 193
189 194
189 196
190 193
190 195
190 199
191 194
191 197
192 195
196 199
