0 7
0 18
0 30
0 53
0 68
0 74
0 83
0 86
0 91
0 104
0 114
0 133
0 138
0 149
0 159
0 161
0 162
0 175
0 192
0 199
1 5
1 7
1 17
1 32
1 33
1 59
1 60
1 73
1 76
1 81
1 99
1 103
1 111
1 124
1 126
1 131
1 132
1 146
1 156
1 160
1 189
2 25
2 45
2 61
2 74
2 78
2 93
2 105
2 112
2 136
2 140
2 152
2 175
2 177
2 191
2 192
2 198
3 21
3 40
3 42
3 79
3 80
3 81
3 84
3 89
3 90
3 96
3 100
3 117
3 136
3 139
3 141
3 147
3 154
3 160
3 162
3 168
3 179
3 185
3 192
3 193
3 197
4 16
4 24
4 36
4 41
4 50
4 53
4 58
4 62
4 63
4 77
4 80
4 86
4 98
4 103
4 107
4 112
4 126
4 151
4 158
4 184
4 189
4 198
5 8
5 23
5 41
5 73
5 95
5 109
5 118
5 120
5 125
5 126
5 139
5 151
5 155
5 156
5 191
5 195
6 13
6 25
6 27
6 44
6 57
6 91
6 119
6 124
6 128
6 139
6 144
6 146
6 155
6 157
6 175
6 185
6 190
6 191
7 9
7 18
7 24
7 34
7 38
7 54
7 70
7 89
7 97
7 102
7 119
7 147
7 149
7 150
7 154
7 156
7 159
8 9
8 11
8 15
8 21
8 25
8 41
8 51
8 57
8 74
8 79
8 99
8 103
8 122
8 128
8 171
8 190
9 12
9 19
9 43
9 49
9 57
9 63
9 78
9 80
9 95
9 96
9 98
9 105
9 118
9 148
9 152
9 155
9 179
9 190
10 43
10 48
10 53
10 54
10 61
10 65
10 71
10 100
10 113
10 128
10 130
10 134
10 168
10 187
10 190
10 192
11 31
11 40
11 50
11 78
11 143
11 151
11 164
11 169
11 180
11 197
12 30
12 35
12 37
12 40
12 51
12 61
12 66
12 86
12 95
12 126
12 139
12 160
12 170
12 176
12 184
12 195
13 25
13 26
13 30
13 85
13 91
13 101
13 104
13 110
13 112
13 113
13 114
13 115
13 121
13 125
13 127
13 132
13 138
13 143
13 162
13 170
13 184
14 18
14 19
14 20
14 31
14 40
14 65
14 68
14 74
14 82
14 87
14 98
14 112
14 115
14 116
14 118
14 127
14 132
14 149
14 154
14 157
14 160
14 185
14 194
15 16
15 33
15 34
15 37
15 45
15 55
15 58
15 59
15 62
15 109
15 111
15 114
15 134
15 177
15 182
15 186
16 23
16 27
16 33
16 43
16 71
16 87
16 90
16 92
16 98
16 101
16 103
16 105
16 109
16 127
16 129
16 130
16 157
16 162
16 169
16 188
17 22
17 39
17 47
17 65
17 72
17 75
17 96
17 116
17 120
17 122
17 129
17 154
17 167
17 170
17 187
18 40
18 64
18 69
18 75
18 96
18 120
18 125
18 134
18 138
18 156
18 158
18 183
18 197
19 26
19 36
19 38
19 44
19 50
19 55
19 59
19 71
19 93
19 95
19 98
19 120
19 127
19 153
19 189
19 190
19 193
19 199
20 22
20 32
20 62
20 64
20 98
20 122
20 126
20 127
20 145
20 149
20 178
20 193
21 24
21 28
21 30
21 31
21 42
21 43
21 80
21 97
21 99
21 115
21 119
21 122
21 131
21 133
21 136
21 148
21 154
21 163
21 170
21 197
21 198
22 32
22 41
22 44
22 54
22 57
22 80
22 85
22 88
22 95
22 103
22 104
22 105
22 120
22 121
22 136
22 139
22 148
22 164
22 165
22 167
22 181
22 182
22 190
22 195
22 197
23 36
23 66
23 69
23 70
23 72
23 88
23 101
23 132
23 134
23 143
23 148
23 149
23 152
23 164
23 165
23 195
24 34
24 38
24 42
24 54
24 64
24 77
24 84
24 101
24 118
24 124
24 132
24 145
24 159
24 168
24 183
24 187
25 40
25 52
25 58
25 66
25 75
25 103
25 112
25 137
25 183
25 185
25 193
26 40
26 62
26 80
26 96
26 97
26 112
26 113
26 122
26 132
26 133
26 139
26 157
26 160
26 164
26 168
26 187
26 189
26 196
27 38
27 69
27 83
27 115
27 133
27 138
27 148
27 149
27 161
27 171
27 192
27 199
28 33
28 39
28 77
28 86
28 89
28 92
28 110
28 130
28 144
28 149
28 152
28 158
28 159
28 169
28 175
28 177
28 182
28 186
29 41
29 53
29 60
29 72
29 73
29 99
29 104
29 110
29 124
29 130
29 144
29 150
29 153
29 157
29 169
29 173
29 193
30 42
30 45
30 48
30 52
30 73
30 78
30 85
30 88
30 103
30 110
30 116
30 126
30 138
30 155
30 161
30 165
30 188
30 197
31 46
31 50
31 75
31 84
31 90
31 97
31 114
31 115
31 119
31 124
31 132
31 137
31 139
31 165
31 172
31 174
31 187
32 34
32 42
32 47
32 51
32 54
32 65
32 79
32 91
32 100
32 103
32 123
32 167
32 172
32 186
33 58
33 63
33 91
33 96
33 97
33 99
33 129
33 147
33 154
33 173
33 175
33 176
33 182
33 188
33 198
34 38
34 47
34 48
34 54
34 58
34 60
34 69
34 74
34 97
34 122
34 131
34 136
34 137
34 156
34 177
35 55
35 63
35 66
35 83
35 86
35 93
35 125
35 147
35 161
35 177
35 189
36 59
36 64
36 76
36 78
36 90
36 96
36 101
36 102
36 122
36 137
36 146
36 154
36 168
36 195
37 46
37 47
37 50
37 54
37 65
37 88
37 94
37 104
37 108
37 110
37 113
37 116
37 124
37 126
37 138
37 146
37 153
37 177
37 195
37 196
37 199
38 57
38 62
38 63
38 108
38 143
38 144
38 149
38 151
38 168
38 191
38 194
39 44
39 81
39 82
39 83
39 103
39 107
39 118
39 124
39 133
39 135
39 139
39 161
39 163
39 178
40 51
40 56
40 62
40 68
40 74
40 76
40 85
40 99
40 124
40 140
40 141
40 149
40 170
40 178
40 197
40 199
41 68
41 72
41 77
41 98
41 102
41 106
41 110
41 114
41 123
41 153
41 161
41 175
41 177
41 189
41 194
41 198
42 56
42 63
42 100
42 105
42 112
42 114
42 124
42 130
42 139
42 140
42 143
42 159
42 171
42 173
43 67
43 70
43 86
43 88
43 104
43 107
43 108
43 116
43 149
43 150
43 159
43 169
43 171
43 173
43 184
43 189
44 48
44 52
44 56
44 57
44 63
44 70
44 71
44 88
44 92
44 109
44 114
44 118
44 122
44 135
44 137
44 139
44 158
44 161
44 173
44 187
44 193
44 195
44 197
45 64
45 68
45 69
45 89
45 110
45 124
45 131
45 139
45 146
45 159
45 165
45 168
45 172
45 183
45 196
46 48
46 51
46 55
46 74
46 78
46 79
46 89
46 92
46 94
46 101
46 121
46 125
46 144
46 151
46 158
46 160
46 172
46 173
46 181
46 192
46 198
47 63
47 74
47 81
47 83
47 84
47 88
47 94
47 117
47 140
47 152
47 160
47 199
48 54
48 70
48 73
48 77
48 84
48 142
48 146
48 170
48 176
48 179
48 188
49 84
49 94
49 100
49 104
49 118
49 120
49 125
49 129
49 135
49 147
49 148
49 155
49 171
49 175
49 185
49 186
49 197
50 52
50 57
50 72
50 77
50 92
50 98
50 111
50 114
50 115
50 123
50 124
50 127
50 128
50 133
50 134
50 138
50 150
50 153
50 161
50 181
50 196
51 58
51 63
51 72
51 76
51 95
51 114
51 116
51 136
51 146
51 152
51 156
51 159
51 173
51 175
51 185
51 191
51 198
51 199
52 62
52 73
52 77
52 90
52 97
52 99
52 105
52 109
52 136
52 138
52 139
52 154
52 162
52 163
52 175
52 177
52 188
53 58
53 75
53 83
53 88
53 94
53 99
53 117
53 130
53 137
53 146
53 149
53 154
53 182
53 187
54 60
54 83
54 88
54 89
54 124
54 125
54 142
54 147
54 166
54 175
54 189
54 190
54 191
54 194
54 199
55 58
55 81
55 90
55 91
55 92
55 94
55 96
55 101
55 139
55 144
55 148
55 160
55 169
55 184
56 57
56 58
56 66
56 96
56 126
56 143
56 144
56 149
56 155
56 165
56 170
56 177
56 190
57 74
57 79
57 87
57 91
57 93
57 98
57 99
57 101
57 106
57 113
57 117
57 141
57 143
57 150
57 151
57 156
57 160
57 161
57 167
57 168
57 190
58 65
58 78
58 81
58 82
58 102
58 104
58 124
58 131
58 132
58 148
58 149
58 153
58 180
58 190
58 195
59 73
59 77
59 90
59 99
59 107
59 114
59 122
59 128
59 134
59 136
59 145
59 146
59 161
59 169
59 181
59 188
59 195
59 198
60 74
60 85
60 105
60 128
60 137
60 143
60 150
60 159
60 162
60 173
60 179
60 189
61 68
61 93
61 94
61 100
61 106
61 109
61 113
61 118
61 120
61 138
61 153
61 156
61 175
61 181
61 191
61 196
61 199
62 76
62 78
62 107
62 108
62 110
62 123
62 132
62 156
62 157
62 168
62 185
63 64
63 65
63 67
63 89
63 109
63 119
63 144
63 147
63 151
63 159
63 176
63 194
64 66
64 77
64 78
64 86
64 101
64 105
64 106
64 108
64 109
64 116
64 118
64 126
64 146
64 158
64 170
65 87
65 88
65 92
65 110
65 116
65 122
65 123
65 138
65 141
65 144
65 145
65 148
65 154
65 169
65 171
66 76
66 81
66 88
66 99
66 108
66 132
66 142
66 146
66 154
66 162
66 165
66 167
66 168
66 181
66 183
66 187
66 192
67 69
67 80
67 92
67 96
67 97
67 98
67 102
67 111
67 115
67 131
67 153
67 157
67 160
67 170
67 185
67 189
67 192
68 78
68 84
68 91
68 97
68 104
68 137
68 138
68 148
68 164
69 81
69 100
69 108
69 111
69 135
69 141
69 153
69 170
69 176
69 177
69 179
69 183
70 74
70 81
70 95
70 106
70 110
70 128
70 129
70 131
70 137
70 142
70 169
70 176
70 179
70 189
70 192
70 198
71 73
71 82
71 89
71 95
71 127
71 139
71 153
71 164
71 178
71 184
71 194
71 199
72 81
72 83
72 89
72 92
72 114
72 115
72 130
72 143
72 145
72 154
72 161
72 163
72 181
72 182
72 190
72 197
73 79
73 85
73 90
73 98
73 102
73 111
73 116
73 131
73 134
73 164
73 167
73 180
73 182
73 186
73 189
73 199
74 78
74 111
74 112
74 139
74 145
74 148
74 179
74 188
75 90
75 120
75 137
75 139
75 145
75 155
75 173
75 190
76 102
76 120
76 126
76 173
76 178
76 195
76 197
77 84
77 87
77 110
77 116
77 138
77 162
77 164
77 167
77 173
77 181
77 197
78 79
78 81
78 85
78 87
78 95
78 119
78 129
78 145
78 157
78 162
78 172
78 178
78 184
78 186
78 187
78 193
78 196
79 83
79 84
79 87
79 91
79 105
79 112
79 113
79 117
79 127
79 141
79 156
79 158
79 197
80 81
80 89
80 102
80 103
80 142
80 157
80 176
80 190
81 91
81 95
81 104
81 111
81 118
81 131
81 145
81 180
81 181
81 197
82 108
82 123
82 141
82 150
82 151
82 152
82 157
82 168
82 169
82 173
82 179
83 86
83 88
83 102
83 108
83 112
83 118
83 149
83 163
83 175
84 87
84 95
84 101
84 113
84 116
84 138
84 151
84 174
84 182
84 188
85 88
85 97
85 102
85 120
85 130
85 134
85 154
85 180
85 193
85 197
85 199
86 92
86 97
86 107
86 120
86 140
86 157
86 166
86 169
86 172
86 175
86 181
86 182
86 185
87 102
87 107
87 112
87 115
87 126
87 127
87 131
87 138
87 141
87 148
87 163
87 167
87 169
87 185
88 108
88 122
88 129
88 134
88 144
88 163
88 193
88 197
88 199
89 96
89 111
89 120
89 133
89 145
89 153
89 176
89 178
89 184
89 189
90 106
90 110
90 123
90 127
90 128
90 131
90 135
90 140
90 149
90 165
90 184
90 187
90 192
90 198
91 107
91 108
91 115
91 127
91 145
91 155
91 159
91 162
91 165
91 184
92 101
92 121
92 123
92 133
92 155
92 166
92 177
92 189
92 190
92 197
93 98
93 109
93 117
93 135
93 158
93 165
93 166
93 167
93 182
93 189
93 192
93 195
94 102
94 107
94 125
94 138
94 143
94 144
94 168
94 169
94 197
95 100
95 108
95 115
95 127
95 131
95 134
95 145
95 150
95 152
95 198
96 97
96 104
96 144
96 146
96 152
96 155
96 158
96 162
97 99
97 102
97 107
97 124
97 132
97 163
97 177
97 185
97 187
98 123
98 133
98 145
98 149
98 159
98 166
98 169
98 176
98 180
98 185
98 190
98 191
98 199
99 108
99 110
99 116
99 130
99 140
99 146
99 153
99 189
99 194
100 106
100 107
100 127
100 135
100 155
100 163
100 166
100 193
100 198
101 104
101 122
101 134
101 144
101 150
101 166
101 170
101 179
101 182
101 198
102 104
102 136
102 157
102 158
102 170
102 172
102 182
102 190
102 194
102 196
103 107
103 117
103 118
103 144
103 158
103 162
103 166
103 171
103 198
104 109
104 110
104 112
104 113
104 114
104 123
104 124
104 134
104 136
104 151
104 154
104 172
104 174
104 180
104 195
104 196
105 115
105 125
105 137
105 164
105 174
105 178
105 192
105 193
106 122
106 152
106 157
106 163
106 171
106 193
107 108
107 109
107 115
107 119
107 128
107 139
107 155
107 158
107 168
107 179
107 193
108 112
108 113
108 146
108 150
108 158
108 159
108 160
108 161
108 164
108 168
108 176
108 181
108 182
108 192
108 196
108 197
109 117
109 145
109 156
109 161
109 162
109 167
109 168
109 192
109 195
110 113
110 119
110 124
110 132
110 135
110 139
110 150
110 158
110 173
111 114
111 115
111 124
111 133
111 148
111 158
111 164
111 165
112 122
112 129
112 130
112 133
112 154
113 116
113 122
113 124
113 139
113 155
113 157
113 173
113 188
113 190
113 194
113 197
113 199
114 129
114 143
114 155
114 159
114 162
114 166
114 189
114 199
115 116
115 119
115 133
115 137
115 160
115 170
115 182
115 189
115 192
115 193
115 199
116 121
116 127
116 138
116 167
116 182
117 128
117 150
117 167
117 181
118 123
118 133
118 143
118 144
118 158
118 164
118 165
118 167
118 176
118 190
118 194
118 195
118 196
119 146
119 168
119 196
119 199
120 139
120 144
120 145
120 155
120 156
120 161
120 166
120 175
120 184
120 188
120 193
121 122
121 140
121 143
121 148
121 153
121 158
121 165
121 171
122 129
122 132
122 141
122 145
122 151
122 164
122 166
122 175
122 186
122 187
123 141
123 142
123 146
123 165
123 181
123 186
123 191
124 140
124 142
124 147
124 150
124 153
124 154
124 182
124 189
125 126
125 130
125 137
125 168
125 172
125 182
125 183
125 186
125 188
126 137
126 138
126 139
126 141
126 149
126 152
126 154
126 190
127 148
127 155
127 157
127 186
127 197
127 198
128 144
128 154
128 160
128 161
128 168
129 136
129 138
129 142
129 156
129 157
129 159
129 165
129 182
129 188
130 139
130 176
130 178
130 190
131 151
131 163
131 178
131 187
131 188
131 193
132 139
133 137
133 138
133 144
133 154
133 162
133 174
133 179
133 189
133 199
134 142
134 151
134 157
134 178
134 188
134 191
134 199
135 146
135 149
135 150
135 158
135 167
135 170
135 173
137 143
137 156
137 165
137 188
138 141
138 144
138 147
138 161
138 174
138 177
138 179
138 181
138 182
139 143
139 149
139 150
139 160
139 189
139 196
139 199
140 145
140 153
140 162
140 168
140 172
140 199
141 152
141 162
141 168
141 171
141 194
142 154
142 155
142 157
142 163
143 158
143 160
143 167
143 177
144 149
144 150
144 164
144 166
144 174
144 198
145 170
145 172
145 179
145 183
145 189
145 192
145 197
146 148
146 152
146 156
146 158
146 162
146 174
146 181
146 191
147 153
147 158
147 163
147 186
148 149
148 150
148 154
148 165
148 178
148 187
148 196
149 162
149 168
149 171
149 182
149 188
149 198
150 177
150 178
150 179
150 193
151 164
151 166
151 171
151 172
151 176
151 189
151 193
151 197
152 171
152 196
153 163
153 166
153 176
153 193
154 185
155 159
155 161
155 173
155 175
155 180
155 193
155 198
156 165
156 170
156 172
157 158
157 161
157 162
157 165
157 172
157 174
157 179
157 184
157 189
157 197
158 163
158 171
158 174
158 175
158 184
158 197
159 162
159 164
159 169
159 186
159 196
160 165
160 168
160 175
160 180
161 175
161 178
161 194
162 168
162 181
162 195
163 165
163 166
163 183
164 166
164 181
165 168
166 181
166 186
167 189
167 193
167 197
167 198
168 184
168 185
168 193
169 194
170 180
170 182
170 191
171 180
171 197
172 184
172 199
173 175
173 178
173 190
173 195
174 176
174 182
174 186
175 193
175 196
176 189
176 195
177 184
178 181
178 189
178 193
178 199
179 181
179 186
181 182
183 185
183 189
184 193
185 187
186 194
186 195
187 195
187 196
189 190
189 192
189 194
189 197
190 195
190 199
192 193
192 195
195 198
195 199
