0 2
0 5
0 7
0 16
0 54
0 58
0 77
0 78
0 81
0 83
0 92
0 93
0 103
0 107
0 109
0 115
0 116
0 121
0 133
0 135
0 153
0 165
0 171
0 173
0 180
0 192
1 2
1 9
1 19
1 24
1 33
1 43
1 45
1 54
1 64
1 85
1 91
1 96
1 110
1 117
1 125
1 143
1 148
1 154
1 156
1 158
1 165
1 172
1 181
1 191
1 197
2 5
2 11
2 17
2 20
2 28
2 42
2 58
2 72
2 76
2 82
2 95
2 113
2 114
2 121
2 130
2 137
2 143
2 160
2 162
2 163
2 166
2 168
2 177
2 185
2 187
2 188
2 190
2 195
3 16
3 21
3 35
3 57
3 74
3 78
3 82
3 84
3 99
3 103
3 121
3 122
3 133
3 139
3 142
3 146
3 152
3 157
3 174
3 176
3 180
3 184
3 190
3 191
3 193
4 5
4 36
4 43
4 53
4 54
4 58
4 64
4 71
4 74
4 81
4 104
4 124
4 125
4 128
4 137
4 144
4 157
4 177
4 178
4 191
5 7
5 11
5 13
5 16
5 19
5 26
5 29
5 31
5 34
5 41
5 57
5 71
5 73
5 74
5 78
5 85
5 90
5 94
5 95
5 98
5 100
5 103
5 106
5 110
5 111
5 112
5 116
5 117
5 118
5 120
5 123
5 127
5 152
5 162
5 165
5 171
5 176
5 181
5 190
5 192
6 10
6 12
6 13
6 30
6 39
6 45
6 52
6 68
6 74
6 82
6 102
6 103
6 126
6 128
6 129
6 132
6 133
6 135
6 139
6 148
6 154
6 156
6 162
6 163
6 165
6 172
6 173
6 174
6 179
6 181
6 189
6 191
6 194
7 9
7 15
7 20
7 31
7 45
7 46
7 50
7 53
7 58
7 59
7 64
7 91
7 96
7 108
7 109
7 116
7 120
7 124
7 130
7 131
7 141
7 148
7 166
7 167
7 177
7 179
7 183
7 192
7 196
8 10
8 11
8 14
8 24
8 31
8 32
8 45
8 51
8 56
8 68
8 69
8 82
8 88
8 89
8 90
8 104
8 109
8 117
8 122
8 139
8 149
8 159
8 161
8 163
8 167
8 170
8 174
9 22
9 48
9 51
9 56
9 61
9 63
9 71
9 79
9 85
9 89
9 97
9 99
9 101
9 104
9 108
9 109
9 111
9 144
9 147
9 149
9 160
9 162
9 164
9 168
9 186
10 32
10 37
10 45
10 48
10 50
10 59
10 77
10 98
10 100
10 112
10 114
10 119
10 127
10 132
10 139
10 151
10 157
10 161
10 167
10 170
10 178
10 192
10 199
11 31
11 35
11 36
11 37
11 39
11 46
11 63
11 67
11 77
11 79
11 101
11 102
11 106
11 125
11 139
11 144
11 148
11 154
11 166
11 170
11 178
11 185
11 186
11 188
11 191
11 195
12 14
12 15
12 23
12 32
12 63
12 83
12 84
12 85
12 91
12 99
12 102
12 113
12 125
12 126
12 131
12 136
12 145
12 161
12 169
12 170
12 179
12 181
12 182
13 18
13 21
13 35
13 38
13 41
13 45
13 46
13 50
13 56
13 60
13 61
13 66
13 73
13 83
13 90
13 99
13 108
13 113
13 116
13 118
13 120
13 128
13 133
13 142
13 152
13 159
13 172
13 176
13 177
13 179
13 195
13 198
14 16
14 24
14 33
14 34
14 35
14 40
14 44
14 47
14 48
14 52
14 58
14 60
14 64
14 76
14 83
14 98
14 108
14 109
14 110
14 115
14 124
14 130
14 132
14 134
14 136
14 141
14 164
14 182
14 189
14 191
14 197
15 24
15 25
15 33
15 43
15 45
15 56
15 57
15 59
15 62
15 86
15 100
15 113
15 147
15 154
15 167
15 173
15 174
15 175
15 176
15 180
15 183
15 185
15 195
15 199
16 28
16 39
16 45
16 69
16 73
16 78
16 79
16 81
16 89
16 92
16 120
16 124
16 130
16 132
16 138
16 140
16 157
16 162
16 168
16 172
16 180
16 194
16 197
17 24
17 36
17 44
17 54
17 61
17 62
17 63
17 64
17 67
17 79
17 80
17 81
17 89
17 108
17 109
17 119
17 122
17 123
17 127
17 133
17 157
17 172
17 175
17 179
17 191
17 198
18 28
18 33
18 36
18 42
18 46
18 51
18 56
18 67
18 81
18 86
18 94
18 109
18 128
18 129
18 132
18 149
18 151
18 154
18 163
18 166
18 174
18 187
18 193
18 194
18 196
18 199
19 22
19 25
19 37
19 38
19 47
19 61
19 68
19 77
19 83
19 89
19 97
19 108
19 109
19 122
19 123
19 127
19 129
19 138
19 146
19 152
19 154
19 164
19 174
19 180
19 184
19 188
19 199
20 23
20 24
20 33
20 39
20 40
20 43
20 44
20 45
20 46
20 67
20 73
20 74
20 94
20 104
20 116
20 120
20 123
20 136
20 137
20 145
20 163
20 164
20 169
20 176
20 181
20 182
20 187
20 195
20 196
21 24
21 62
21 79
21 80
21 82
21 91
21 94
21 106
21 107
21 112
21 113
21 121
21 123
21 148
21 158
21 162
21 178
22 25
22 30
22 32
22 33
22 39
22 45
22 46
22 50
22 51
22 77
22 81
22 93
22 94
22 96
22 104
22 105
22 106
22 114
22 119
22 138
22 140
22 165
22 173
22 188
22 189
22 193
22 195
23 25
23 26
23 33
23 43
23 46
23 51
23 54
23 67
23 69
23 72
23 77
23 84
23 90
23 101
23 105
23 111
23 115
23 118
23 128
23 133
23 134
23 135
23 136
23 140
23 144
23 145
23 146
23 154
23 155
23 166
23 177
23 186
23 188
23 192
24 26
24 32
24 42
24 44
24 46
24 49
24 54
24 74
24 75
24 77
24 79
24 81
24 86
24 93
24 97
24 99
24 100
24 102
24 114
24 117
24 128
24 133
24 137
24 142
24 146
24 149
24 156
24 158
24 159
24 163
24 170
24 197
25 37
25 51
25 63
25 64
25 72
25 87
25 90
25 97
25 103
25 106
25 109
25 126
25 130
25 134
25 136
25 137
25 143
25 145
25 148
25 161
25 173
25 174
25 181
25 183
25 184
25 187
25 193
25 195
25 198
26 36
26 49
26 72
26 77
26 79
26 95
26 100
26 109
26 112
26 113
26 116
26 121
26 123
26 125
26 156
26 158
26 168
26 173
26 175
26 178
26 180
26 184
26 187
26 188
26 191
26 196
27 29
27 38
27 46
27 48
27 49
27 53
27 55
27 71
27 74
27 84
27 92
27 97
27 99
27 102
27 103
27 105
27 110
27 113
27 114
27 134
27 138
27 145
27 158
27 164
27 175
27 176
27 185
27 192
28 50
28 56
28 63
28 64
28 70
28 76
28 82
28 93
28 102
28 103
28 106
28 112
28 116
28 124
28 135
28 146
28 148
28 150
28 156
28 158
28 161
28 162
28 167
28 179
28 187
28 189
28 191
28 192
29 32
29 36
29 45
29 49
29 50
29 56
29 83
29 88
29 94
29 95
29 106
29 107
29 111
29 128
29 129
29 139
29 144
29 150
29 151
29 153
29 154
29 161
29 167
29 168
29 179
29 189
29 191
29 197
30 36
30 46
30 54
30 57
30 63
30 68
30 107
30 108
30 111
30 114
30 122
30 126
30 143
30 146
30 147
30 149
30 176
30 184
30 185
30 186
30 187
30 197
31 32
31 41
31 49
31 52
31 53
31 58
31 60
31 61
31 71
31 72
31 77
31 82
31 91
31 97
31 112
31 124
31 127
31 136
31 139
31 145
31 152
31 179
31 182
31 186
31 198
31 199
32 41
32 45
32 48
32 59
32 61
32 64
32 65
32 68
32 73
32 79
32 84
32 96
32 98
32 108
32 109
32 111
32 118
32 121
32 125
32 128
32 129
32 135
32 138
32 144
32 149
32 151
32 152
32 155
32 157
32 160
32 161
32 163
32 174
32 184
32 196
32 198
33 34
33 45
33 59
33 64
33 70
33 71
33 81
33 93
33 98
33 100
33 102
33 105
33 107
33 110
33 124
33 137
33 142
33 152
33 153
33 191
34 36
34 42
34 52
34 59
34 68
34 71
34 80
34 81
34 83
34 87
34 88
34 91
34 107
34 113
34 130
34 140
34 143
34 144
34 150
34 151
34 152
34 153
34 158
34 160
34 166
34 174
34 180
34 183
34 189
34 195
34 198
35 39
35 51
35 52
35 71
35 72
35 73
35 81
35 93
35 103
35 108
35 109
35 118
35 120
35 132
35 146
35 147
35 152
35 160
35 164
35 167
35 168
35 174
35 176
35 181
35 182
36 37
36 49
36 52
36 68
36 82
36 90
36 96
36 101
36 103
36 105
36 108
36 109
36 128
36 129
36 139
36 154
36 155
36 158
36 159
36 160
36 168
36 169
36 177
36 178
36 181
36 184
36 187
36 190
36 192
36 194
37 43
37 49
37 53
37 57
37 63
37 71
37 72
37 76
37 80
37 100
37 103
37 109
37 111
37 133
37 134
37 138
37 140
37 143
37 144
37 150
37 155
37 161
37 167
37 180
37 189
37 190
37 198
38 48
38 55
38 56
38 57
38 58
38 63
38 68
38 77
38 84
38 99
38 107
38 109
38 113
38 117
38 119
38 122
38 138
38 139
38 140
38 144
38 149
38 157
38 161
38 162
38 167
38 175
38 176
38 177
38 184
38 188
38 191
38 195
38 196
39 49
39 50
39 58
39 62
39 65
39 67
39 69
39 70
39 76
39 77
39 79
39 82
39 84
39 86
39 87
39 95
39 101
39 102
39 112
39 124
39 127
39 142
39 145
39 148
39 162
39 165
39 179
39 191
39 195
39 196
40 55
40 68
40 72
40 83
40 91
40 100
40 109
40 115
40 117
40 119
40 127
40 136
40 160
40 164
40 165
40 175
40 179
40 186
40 193
40 196
41 56
41 60
41 68
41 70
41 79
41 81
41 99
41 108
41 113
41 115
41 119
41 120
41 128
41 129
41 131
41 139
41 145
41 162
41 168
41 188
41 191
41 193
41 197
42 54
42 58
42 68
42 75
42 80
42 87
42 92
42 94
42 98
42 107
42 113
42 117
42 118
42 126
42 127
42 128
42 131
42 135
42 137
42 144
42 163
42 167
42 168
42 173
42 199
43 53
43 56
43 57
43 58
43 62
43 63
43 67
43 68
43 73
43 78
43 80
43 81
43 83
43 86
43 87
43 94
43 99
43 100
43 105
43 106
43 111
43 118
43 134
43 153
43 155
43 159
43 169
43 195
43 199
44 51
44 57
44 95
44 100
44 110
44 128
44 168
44 176
44 181
44 197
45 47
45 56
45 59
45 61
45 77
45 81
45 84
45 87
45 92
45 101
45 104
45 108
45 120
45 134
45 138
45 140
45 141
45 151
45 157
45 164
45 166
45 174
45 176
45 189
45 192
46 60
46 69
46 80
46 86
46 87
46 97
46 102
46 103
46 104
46 111
46 117
46 118
46 119
46 121
46 133
46 139
46 140
46 145
46 146
46 147
46 164
46 168
46 195
47 48
47 57
47 71
47 74
47 76
47 82
47 92
47 95
47 99
47 100
47 109
47 111
47 113
47 118
47 127
47 132
47 134
47 137
47 142
47 152
47 162
47 169
47 182
47 192
47 196
47 198
48 69
48 92
48 94
48 98
48 103
48 108
48 117
48 125
48 126
48 132
48 139
48 163
48 182
48 183
49 65
49 67
49 78
49 79
49 98
49 108
49 113
49 115
49 124
49 127
49 128
49 138
49 140
49 142
49 143
49 145
49 146
49 150
49 153
49 155
49 156
49 158
49 181
49 182
49 184
49 186
49 188
49 191
49 195
49 197
50 52
50 56
50 57
50 59
50 60
50 61
50 68
50 69
50 78
50 90
50 91
50 103
50 119
50 120
50 125
50 136
50 144
50 147
50 151
50 165
50 167
50 173
50 187
50 194
50 195
50 197
50 199
51 52
51 58
51 64
51 76
51 96
51 106
51 110
51 111
51 113
51 118
51 125
51 138
51 142
51 144
51 146
51 149
51 151
51 156
51 185
51 194
51 196
52 61
52 63
52 72
52 78
52 80
52 81
52 91
52 93
52 101
52 106
52 108
52 125
52 129
52 133
52 140
52 147
52 151
52 156
52 160
52 161
52 163
52 164
52 168
52 172
52 184
52 190
52 198
53 61
53 69
53 72
53 73
53 84
53 87
53 90
53 93
53 104
53 115
53 125
53 127
53 128
53 142
53 146
53 162
53 164
53 187
53 191
54 55
54 56
54 63
54 67
54 71
54 90
54 101
54 110
54 115
54 123
54 131
54 145
54 152
54 156
54 166
54 167
54 170
54 176
54 180
54 185
54 186
54 188
55 58
55 63
55 66
55 74
55 75
55 84
55 90
55 91
55 93
55 108
55 114
55 115
55 122
55 136
55 145
55 150
55 153
55 162
55 166
55 167
55 170
55 188
55 195
55 199
56 62
56 70
56 83
56 100
56 124
56 125
56 127
56 133
56 136
56 138
56 139
56 143
56 151
56 154
56 167
56 189
56 195
57 58
57 60
57 61
57 76
57 84
57 89
57 94
57 98
57 109
57 113
57 118
57 120
57 121
57 126
57 141
57 142
57 146
57 151
57 153
57 161
57 162
57 168
57 170
58 63
58 69
58 83
58 92
58 103
58 112
58 113
58 122
58 137
58 138
58 141
58 152
58 155
58 160
58 167
58 174
58 191
59 65
59 68
59 75
59 80
59 84
59 88
59 98
59 99
59 103
59 116
59 121
59 125
59 126
59 129
59 134
59 143
59 155
59 157
59 165
59 168
59 172
59 174
59 179
59 184
59 196
60 61
60 70
60 73
60 74
60 85
60 89
60 101
60 104
60 105
60 106
60 118
60 120
60 126
60 131
60 132
60 143
60 150
60 153
60 164
60 165
60 175
60 182
61 67
61 71
61 79
61 90
61 99
61 100
61 110
61 122
61 128
61 133
61 134
61 142
61 150
61 162
61 166
61 171
61 173
61 178
61 185
62 70
62 75
62 78
62 80
62 81
62 82
62 108
62 112
62 113
62 120
62 125
62 126
62 127
62 129
62 151
62 152
62 171
62 173
62 174
62 177
62 183
62 187
62 190
62 193
62 197
63 68
63 71
63 72
63 73
63 81
63 95
63 114
63 122
63 126
63 136
63 142
63 143
63 150
63 163
63 167
63 171
63 181
63 195
63 196
63 197
64 65
64 79
64 92
64 95
64 106
64 108
64 116
64 123
64 131
64 136
64 140
64 148
64 154
64 157
64 162
64 167
64 168
64 173
64 177
64 178
64 179
64 186
64 193
64 197
65 66
65 68
65 70
65 86
65 88
65 96
65 97
65 113
65 114
65 116
65 123
65 124
65 134
65 136
65 137
65 139
65 142
65 144
65 145
65 157
65 158
65 167
65 168
65 169
65 170
65 172
65 181
65 188
65 193
65 194
65 196
66 67
66 68
66 74
66 86
66 91
66 104
66 106
66 118
66 140
66 150
66 157
66 164
66 165
66 167
66 170
66 175
66 184
66 188
66 190
66 193
67 87
67 90
67 95
67 118
67 131
67 134
67 136
67 139
67 140
67 141
67 142
67 148
67 154
67 156
67 163
67 167
67 172
67 175
67 178
67 184
67 193
67 194
68 71
68 73
68 75
68 83
68 85
68 89
68 99
68 105
68 108
68 113
68 114
68 115
68 126
68 130
68 132
68 135
68 140
68 152
68 156
68 179
68 182
68 188
68 193
68 195
68 198
69 78
69 81
69 91
69 92
69 97
69 100
69 101
69 116
69 117
69 118
69 124
69 134
69 135
69 139
69 167
69 174
69 175
70 102
70 110
70 115
70 116
70 118
70 123
70 130
70 132
70 135
70 157
70 158
70 175
70 182
70 183
70 187
70 195
70 199
71 78
71 80
71 88
71 94
71 95
71 102
71 116
71 121
71 126
71 134
71 144
71 150
71 157
71 162
71 168
71 172
71 181
71 194
72 77
72 79
72 86
72 88
72 89
72 90
72 94
72 96
72 105
72 129
72 136
72 140
72 155
72 185
72 186
72 192
73 75
73 88
73 92
73 94
73 96
73 97
73 105
73 106
73 107
73 109
73 121
73 129
73 139
73 140
73 150
73 156
73 159
73 166
73 169
73 176
73 185
74 91
74 93
74 101
74 106
74 112
74 133
74 145
74 152
74 161
74 165
74 166
74 176
74 178
74 188
74 198
75 83
75 90
75 92
75 101
75 108
75 125
75 131
75 132
75 138
75 145
75 146
75 152
75 160
75 168
75 170
75 178
75 188
75 195
76 78
76 79
76 82
76 97
76 106
76 110
76 119
76 124
76 128
76 135
76 141
76 143
76 156
76 158
76 161
76 163
76 164
76 166
76 170
76 187
76 198
77 83
77 85
77 98
77 101
77 104
77 113
77 124
77 136
77 141
77 143
77 150
77 159
77 160
77 162
77 163
77 176
77 182
77 189
78 97
78 104
78 105
78 106
78 127
78 128
78 131
78 137
78 138
78 148
78 151
78 153
78 154
78 156
78 175
78 186
78 188
78 198
79 81
79 84
79 91
79 104
79 105
79 109
79 117
79 118
79 126
79 128
79 129
79 136
79 137
79 141
79 151
79 154
79 156
79 157
79 163
79 171
79 172
79 191
79 199
80 83
80 86
80 103
80 126
80 129
80 145
80 152
80 158
80 163
80 187
80 197
81 87
81 91
81 96
81 97
81 99
81 106
81 112
81 123
81 126
81 127
81 133
81 137
81 145
81 170
81 183
81 189
81 190
82 88
82 98
82 111
82 114
82 123
82 125
82 138
82 142
82 148
82 150
82 151
82 152
82 157
82 158
82 169
82 172
82 173
83 84
83 94
83 98
83 104
83 107
83 123
83 143
83 147
83 150
83 155
83 159
83 165
83 190
83 198
84 92
84 94
84 96
84 98
84 109
84 113
84 121
84 125
84 131
84 132
84 133
84 141
84 160
84 185
84 187
84 190
84 193
84 197
85 101
85 102
85 103
85 104
85 109
85 123
85 141
85 161
85 162
85 182
85 183
85 187
85 192
85 195
85 197
86 99
86 104
86 115
86 119
86 124
86 130
86 132
86 137
86 142
86 150
86 152
86 154
86 163
86 165
86 168
86 173
86 174
86 175
86 188
86 194
86 196
87 102
87 104
87 116
87 117
87 118
87 119
87 125
87 146
87 149
87 155
87 164
87 171
87 175
87 180
87 188
87 191
88 89
88 92
88 96
88 111
88 112
88 120
88 126
88 132
88 133
88 144
88 155
88 158
88 161
88 162
88 167
88 170
88 177
88 183
88 184
89 99
89 106
89 107
89 119
89 123
89 128
89 138
89 139
89 145
89 154
89 173
89 181
89 182
90 93
90 100
90 110
90 111
90 115
90 119
90 130
90 135
90 140
90 143
90 144
90 146
90 153
90 154
90 166
90 167
90 186
90 188
90 189
90 192
90 198
91 93
91 100
91 101
91 104
91 106
91 108
91 118
91 132
91 141
91 142
91 145
91 157
91 163
91 164
91 177
91 178
91 190
91 193
92 103
92 113
92 120
92 130
92 141
92 146
92 155
92 158
92 161
92 165
92 168
92 170
92 173
92 176
92 180
92 186
92 193
92 198
93 99
93 101
93 106
93 113
93 115
93 120
93 159
93 162
93 179
93 184
93 186
93 190
93 196
93 198
93 199
94 106
94 112
94 117
94 137
94 145
94 147
94 150
94 152
94 160
94 165
94 179
94 181
94 182
94 185
94 192
94 195
94 197
95 100
95 102
95 126
95 127
95 130
95 146
95 150
95 157
95 161
95 178
95 180
95 189
95 190
95 198
96 105
96 113
96 128
96 153
96 160
96 161
96 166
96 173
96 174
96 177
96 178
96 182
96 187
96 188
96 189
97 99
97 114
97 116
97 125
97 131
97 132
97 137
97 141
97 148
97 149
97 154
97 167
97 169
97 170
97 176
97 179
97 182
97 191
97 192
98 99
98 121
98 123
98 130
98 135
98 147
98 154
98 157
98 160
98 161
98 174
98 184
98 185
98 189
99 108
99 111
99 115
99 121
99 126
99 130
99 163
99 166
99 181
99 189
99 192
100 112
100 113
100 116
100 128
100 132
100 137
100 143
100 144
100 146
100 153
100 162
100 175
100 179
100 190
100 195
100 197
101 105
101 108
101 110
101 121
101 124
101 139
101 147
101 152
101 154
101 156
101 187
101 189
101 193
102 107
102 108
102 112
102 114
102 117
102 121
102 122
102 123
102 127
102 130
102 133
102 141
102 144
102 150
102 153
102 157
102 164
102 180
102 198
103 108
103 135
103 141
103 142
103 180
103 186
103 188
103 196
103 198
104 106
104 109
104 118
104 129
104 131
104 142
104 148
104 156
104 157
104 168
104 170
104 173
104 175
104 177
104 181
104 184
104 192
104 197
105 106
105 107
105 108
105 112
105 122
105 124
105 126
105 133
105 135
105 147
105 151
105 152
105 158
105 172
105 185
105 187
105 189
105 190
105 191
106 109
106 116
106 117
106 118
106 119
106 124
106 132
106 137
106 139
106 149
106 155
106 160
106 165
106 172
106 193
107 116
107 123
107 136
107 143
107 148
107 149
107 152
107 154
107 167
107 168
107 171
107 176
107 180
107 187
107 199
108 115
108 118
108 123
108 155
108 158
108 159
108 163
108 164
108 165
108 174
108 178
108 179
108 186
108 190
108 195
109 120
109 126
109 139
109 146
109 151
109 153
109 157
109 162
109 164
109 169
109 175
109 183
109 187
109 195
109 198
110 111
110 124
110 125
110 157
110 158
110 160
110 162
110 165
110 167
110 172
110 176
110 178
110 187
110 194
110 196
111 118
111 125
111 130
111 146
111 148
111 151
111 158
111 164
111 168
111 177
111 184
112 113
112 118
112 138
112 150
112 153
112 175
112 176
112 178
112 195
112 196
112 198
113 114
113 115
113 117
113 119
113 122
113 139
113 140
113 147
113 148
113 158
113 166
113 167
113 173
113 177
114 115
114 131
114 132
114 133
114 136
114 146
114 155
114 171
114 172
114 173
114 176
114 178
114 188
114 193
114 197
114 198
115 116
115 119
115 136
115 142
115 143
115 146
115 157
115 172
115 176
115 184
115 185
115 186
116 135
116 143
116 144
116 146
116 149
116 156
116 161
116 162
116 176
116 179
116 185
117 125
117 126
117 129
117 136
117 139
117 140
117 144
117 153
117 158
117 162
117 165
117 173
117 178
117 185
118 125
118 129
118 130
118 138
118 151
118 153
118 156
118 157
118 162
118 163
118 166
118 168
118 169
118 170
118 183
118 184
118 194
118 196
118 197
119 120
119 122
119 125
119 137
119 142
119 151
119 155
119 164
119 182
119 197
120 135
120 137
120 144
120 150
120 153
120 163
120 164
120 183
120 186
121 122
121 136
121 143
121 145
121 155
121 156
121 162
121 167
121 173
121 177
121 195
121 198
122 128
122 133
122 135
122 137
122 142
122 148
122 161
122 162
122 171
122 173
122 185
122 193
123 124
123 126
123 128
123 135
123 142
123 145
123 147
123 148
123 161
123 167
123 175
123 176
124 139
124 144
124 145
124 152
124 166
124 169
124 176
124 182
124 189
124 196
124 197
125 137
125 140
125 150
125 158
125 162
125 169
125 176
125 182
126 129
126 131
126 137
126 138
126 144
126 148
126 175
126 176
126 188
126 192
127 154
127 158
127 178
127 183
127 185
127 186
127 189
127 192
127 193
127 199
128 143
128 144
128 151
128 157
128 163
128 168
128 169
128 183
129 143
129 145
129 163
129 168
129 182
129 184
130 133
130 134
130 142
130 147
130 162
130 164
130 181
130 186
130 196
130 197
131 137
131 148
131 151
131 152
131 155
131 163
131 167
131 171
131 172
131 175
131 191
131 193
131 198
131 199
132 133
132 168
132 178
132 190
132 192
133 138
133 146
133 152
133 157
133 167
133 172
133 179
133 187
133 189
133 195
133 198
134 135
134 138
134 142
134 149
134 154
134 158
134 159
134 168
134 175
134 180
134 190
134 191
134 194
134 195
134 198
135 141
135 160
135 170
135 174
135 175
135 176
135 194
135 195
135 196
135 197
136 142
136 144
136 154
136 157
136 159
136 165
136 166
136 182
136 191
136 197
137 140
137 141
137 150
137 159
137 160
137 171
137 174
137 185
137 190
138 148
138 155
138 172
138 175
138 176
138 178
138 183
138 190
138 191
138 197
139 148
139 161
139 164
139 173
139 175
139 176
139 177
139 179
139 184
140 151
140 159
140 186
140 187
141 142
141 148
141 153
141 155
141 157
141 162
141 177
141 178
141 181
141 186
141 193
142 169
142 170
142 182
142 187
142 190
142 191
142 199
143 148
143 159
143 161
143 163
143 170
143 183
143 196
144 147
144 154
144 170
144 175
144 180
145 158
145 164
145 166
145 175
145 177
145 179
145 191
145 192
146 150
146 152
146 155
146 162
146 165
146 171
146 179
147 154
147 168
147 172
147 173
147 180
147 182
147 186
147 187
147 188
148 155
148 166
148 181
148 183
148 185
148 191
148 194
148 198
149 157
149 193
149 199
150 154
150 157
150 161
150 179
150 180
150 183
151 154
151 169
151 171
151 178
151 191
152 162
152 166
152 167
152 173
152 180
152 181
152 196
153 154
153 155
153 166
153 178
153 179
154 178
154 190
154 194
155 157
155 158
155 159
155 162
155 165
155 175
155 178
155 184
155 188
155 199
156 163
156 164
156 170
156 176
156 179
156 188
156 191
156 193
156 198
157 159
157 172
157 175
157 180
157 182
157 183
157 186
157 191
158 164
158 169
158 174
158 180
158 190
158 192
158 195
158 199
159 164
159 168
159 175
159 177
159 180
159 182
159 187
159 191
159 194
159 197
160 197
161 165
161 168
161 169
161 171
161 175
161 177
161 184
161 190
161 193
161 194
162 178
162 182
162 193
162 195
162 199
163 165
163 166
163 176
163 180
163 191
163 193
164 172
164 177
164 178
164 186
164 189
164 195
165 167
165 173
165 192
166 181
166 195
167 177
167 191
168 169
168 171
168 173
168 174
168 175
168 186
168 191
169 171
169 182
169 193
169 194
169 195
169 196
169 199
170 183
170 195
171 183
171 184
171 187
171 190
171 192
172 177
172 182
172 193
173 177
173 180
173 184
173 191
173 192
173 194
174 185
174 187
174 191
174 193
174 194
175 176
175 187
175 196
176 187
176 194
176 196
177 197
177 198
178 183
178 190
178 193
179 180
179 183
180 186
180 188
180 199
181 186
181 188
181 190
182 190
183 185
183 188
184 191
184 196
184 198
185 189
185 196
186 198
187 195
187 196
189 195
189 196
190 195
191 196
191 198
192 194
192 195
193 196
193 199
194 198
194 199
195 197
195 198
197 198
198 199
