0 19
0 20
0 23
0 24
0 28
0 30
0 31
0 36
0 40
0 47
0 55
0 75
0 77
0 83
0 96
0 102
0 107
0 113
0 115
0 118
0 120
0 124
0 132
0 141
0 154
0 157
0 181
0 185
0 190
0 191
0 196
0 198
1 10
1 29
1 32
1 40
1 41
1 51
1 61
1 62
1 63
1 64
1 67
1 69
1 77
1 84
1 86
1 115
1 122
1 130
1 131
1 140
1 145
1 148
1 149
1 153
1 172
1 184
1 187
1 188
1 197
1 199
2 7
2 24
2 27
2 37
2 38
2 39
2 42
2 43
2 49
2 51
2 57
2 58
2 71
2 97
2 99
2 104
2 105
2 111
2 120
2 126
2 134
2 143
2 151
2 152
2 153
2 157
2 158
2 163
2 165
2 169
2 175
2 183
2 190
2 195
2 197
3 14
3 17
3 18
3 29
3 30
3 51
3 52
3 60
3 62
3 63
3 67
3 69
3 76
3 86
3 88
3 98
3 99
3 116
3 117
3 123
3 124
3 130
3 138
3 156
3 164
3 165
3 175
3 179
3 191
3 193
3 197
4 6
4 15
4 25
4 29
4 30
4 31
4 36
4 47
4 53
4 59
4 61
4 84
4 87
4 92
4 111
4 121
4 125
4 126
4 136
4 151
4 155
4 158
4 166
4 169
4 175
4 180
4 186
4 187
5 6
5 7
5 9
5 16
5 21
5 24
5 35
5 38
5 47
5 49
5 58
5 65
5 77
5 79
5 85
5 88
5 90
5 91
5 93
5 94
5 114
5 144
5 148
5 151
5 153
5 154
5 158
5 159
5 164
5 178
5 182
5 186
5 198
6 14
6 29
6 35
6 36
6 37
6 39
6 42
6 43
6 45
6 51
6 62
6 83
6 94
6 95
6 106
6 108
6 113
6 114
6 115
6 123
6 131
6 135
6 140
6 143
6 146
6 151
6 158
6 159
6 163
6 164
6 169
6 170
6 182
6 183
6 186
6 190
6 196
7 9
7 25
7 35
7 36
7 61
7 72
7 77
7 85
7 88
7 94
7 96
7 98
7 127
7 137
7 139
7 141
7 146
7 151
7 183
7 187
7 196
7 199
8 13
8 16
8 20
8 22
8 29
8 30
8 32
8 33
8 37
8 39
8 41
8 50
8 61
8 79
8 93
8 97
8 107
8 111
8 112
8 118
8 124
8 127
8 137
8 138
8 145
8 147
8 165
8 184
8 191
8 194
8 197
8 199
9 12
9 15
9 20
9 24
9 32
9 33
9 35
9 36
9 37
9 44
9 45
9 53
9 60
9 61
9 66
9 71
9 72
9 78
9 89
9 93
9 94
9 99
9 108
9 123
9 124
9 144
9 154
9 158
9 159
9 161
9 170
9 171
9 180
9 190
9 194
9 195
9 197
10 12
10 13
10 21
10 32
10 34
10 49
10 50
10 64
10 67
10 68
10 82
10 86
10 87
10 89
10 92
10 100
10 104
10 109
10 123
10 128
10 133
10 136
10 150
10 157
10 164
10 169
10 184
11 16
11 22
11 25
11 27
11 38
11 49
11 50
11 55
11 56
11 57
11 63
11 107
11 120
11 139
11 146
11 147
11 159
11 181
11 183
11 185
11 187
11 192
11 195
12 15
12 27
12 33
12 50
12 74
12 75
12 91
12 120
12 121
12 123
12 127
12 130
12 131
12 139
12 140
12 147
12 149
12 150
12 152
12 165
12 172
12 176
12 179
12 193
13 20
13 28
13 36
13 46
13 60
13 63
13 64
13 72
13 78
13 80
13 86
13 87
13 93
13 94
13 99
13 119
13 127
13 128
13 129
13 134
13 140
13 144
13 148
13 154
13 155
13 165
13 169
13 176
13 195
14 47
14 54
14 67
14 72
14 73
14 74
14 76
14 79
14 85
14 104
14 105
14 109
14 110
14 120
14 128
14 136
14 139
14 147
14 149
14 150
14 158
14 159
14 160
14 163
14 168
14 173
14 177
14 183
14 188
14 196
15 17
15 20
15 23
15 35
15 37
15 46
15 54
15 64
15 72
15 76
15 78
15 86
15 87
15 91
15 95
15 107
15 131
15 150
15 163
15 172
15 175
15 177
15 185
16 17
16 18
16 24
16 27
16 28
16 31
16 42
16 62
16 68
16 72
16 78
16 79
16 82
16 86
16 90
16 95
16 102
16 122
16 125
16 127
16 145
16 146
16 154
16 156
16 188
16 191
16 195
16 196
16 199
17 57
17 61
17 70
17 76
17 83
17 86
17 98
17 104
17 110
17 112
17 133
17 147
17 154
17 155
17 157
17 160
17 163
17 177
17 178
17 180
17 192
18 22
18 26
18 28
18 30
18 32
18 33
18 37
18 42
18 49
18 55
18 70
18 85
18 93
18 109
18 120
18 126
18 129
18 143
18 152
18 153
18 158
18 164
18 165
18 167
18 182
18 197
19 36
19 44
19 54
19 67
19 70
19 71
19 72
19 79
19 80
19 89
19 98
19 105
19 136
19 145
19 146
19 153
19 154
19 161
19 162
19 164
19 172
19 199
20 29
20 34
20 35
20 41
20 44
20 45
20 47
20 50
20 59
20 61
20 62
20 69
20 73
20 78
20 83
20 105
20 111
20 113
20 115
20 119
20 126
20 131
20 135
20 147
20 151
20 161
20 166
20 175
20 191
21 25
21 27
21 45
21 47
21 60
21 64
21 66
21 72
21 79
21 81
21 96
21 101
21 120
21 121
21 122
21 126
21 135
21 144
21 150
21 158
21 165
21 177
21 182
21 184
21 185
21 189
21 197
22 23
22 24
22 25
22 27
22 31
22 34
22 47
22 64
22 67
22 69
22 70
22 106
22 113
22 127
22 131
22 133
22 134
22 138
22 171
22 178
22 186
23 24
23 27
23 29
23 32
23 34
23 35
23 37
23 62
23 74
23 76
23 80
23 86
23 98
23 110
23 123
23 125
23 138
23 139
23 146
23 147
23 155
23 156
23 175
23 177
23 184
23 189
24 27
24 30
24 35
24 39
24 43
24 44
24 47
24 65
24 67
24 70
24 107
24 125
24 129
24 136
24 139
24 140
24 146
24 148
24 158
24 160
24 164
24 172
24 181
24 191
24 192
24 196
25 30
25 32
25 53
25 66
25 74
25 78
25 94
25 111
25 112
25 119
25 153
25 165
25 170
25 175
25 189
25 190
25 191
25 195
25 196
25 198
26 27
26 53
26 54
26 63
26 67
26 73
26 79
26 88
26 90
26 97
26 98
26 99
26 103
26 104
26 108
26 128
26 138
26 148
26 170
26 171
26 179
26 188
26 192
26 193
26 198
27 41
27 45
27 48
27 57
27 58
27 64
27 66
27 70
27 71
27 77
27 79
27 81
27 99
27 101
27 108
27 116
27 124
27 125
27 126
27 129
27 134
27 144
27 148
27 152
27 158
27 180
27 184
27 187
27 190
27 195
28 36
28 40
28 44
28 55
28 56
28 61
28 68
28 75
28 86
28 87
28 88
28 89
28 90
28 91
28 110
28 115
28 120
28 126
28 134
28 152
28 159
28 162
28 169
28 171
28 173
28 189
28 191
28 193
29 36
29 37
29 39
29 43
29 44
29 46
29 47
29 54
29 59
29 64
29 69
29 74
29 75
29 85
29 100
29 103
29 107
29 115
29 116
29 128
29 133
29 136
29 146
29 150
29 153
29 154
29 156
29 161
29 173
29 177
29 178
29 180
29 188
29 192
29 193
30 31
30 38
30 42
30 45
30 50
30 51
30 62
30 68
30 73
30 82
30 91
30 96
30 118
30 123
30 127
30 128
30 136
30 150
30 160
30 167
30 170
30 173
30 187
30 190
31 35
31 39
31 47
31 51
31 54
31 67
31 70
31 80
31 85
31 86
31 89
31 92
31 93
31 94
31 100
31 122
31 123
31 127
31 128
31 137
31 142
31 149
31 152
31 164
31 167
31 176
31 193
31 198
32 35
32 43
32 46
32 59
32 70
32 81
32 88
32 97
32 100
32 110
32 111
32 112
32 120
32 137
32 138
32 146
32 158
32 163
32 168
32 191
32 193
32 195
33 35
33 39
33 40
33 54
33 56
33 66
33 68
33 73
33 81
33 85
33 88
33 91
33 97
33 98
33 108
33 110
33 112
33 119
33 121
33 124
33 126
33 141
33 142
33 151
33 162
33 163
33 166
33 179
33 187
33 193
34 35
34 46
34 47
34 56
34 68
34 69
34 70
34 71
34 74
34 75
34 83
34 91
34 93
34 95
34 112
34 127
34 144
34 147
34 157
34 162
34 165
34 167
34 174
34 186
34 187
34 188
34 191
35 37
35 41
35 54
35 59
35 60
35 65
35 73
35 74
35 86
35 92
35 93
35 98
35 109
35 116
35 117
35 121
35 123
35 133
35 135
35 136
35 137
35 140
35 143
35 146
35 151
35 152
35 153
35 157
35 180
35 195
36 42
36 44
36 51
36 65
36 66
36 69
36 90
36 91
36 102
36 113
36 139
36 152
36 159
36 168
36 169
36 182
36 183
36 192
36 194
37 54
37 68
37 71
37 82
37 84
37 85
37 86
37 94
37 105
37 111
37 117
37 118
37 128
37 134
37 138
37 141
37 144
37 154
37 161
37 164
37 170
37 177
37 181
37 191
38 39
38 46
38 55
38 65
38 70
38 77
38 78
38 80
38 87
38 100
38 102
38 115
38 124
38 130
38 131
38 147
38 160
38 161
38 171
38 177
38 182
38 186
38 191
39 40
39 44
39 67
39 80
39 107
39 116
39 126
39 128
39 141
39 159
39 160
39 161
39 163
39 168
39 174
39 175
39 184
39 187
39 193
39 195
39 196
40 50
40 53
40 57
40 62
40 69
40 82
40 83
40 84
40 85
40 88
40 89
40 93
40 98
40 122
40 125
40 135
40 151
40 157
40 163
40 167
40 169
40 170
40 176
40 181
40 189
40 198
41 44
41 52
41 53
41 56
41 59
41 68
41 78
41 81
41 108
41 113
41 115
41 124
41 161
41 167
41 180
41 185
41 190
42 55
42 57
42 65
42 66
42 85
42 92
42 93
42 98
42 101
42 108
42 109
42 127
42 131
42 142
42 150
42 153
42 160
42 162
42 163
42 175
42 179
43 61
43 62
43 66
43 80
43 83
43 85
43 87
43 89
43 90
43 94
43 96
43 100
43 102
43 118
43 121
43 124
43 128
43 130
43 149
43 153
43 159
43 162
43 169
43 183
43 199
44 46
44 48
44 55
44 60
44 77
44 80
44 93
44 100
44 103
44 106
44 107
44 114
44 117
44 119
44 137
44 146
44 150
44 154
44 159
44 161
44 169
44 175
44 176
44 197
44 198
45 47
45 49
45 51
45 57
45 59
45 66
45 76
45 78
45 93
45 102
45 104
45 105
45 117
45 118
45 123
45 124
45 129
45 132
45 135
45 137
45 141
45 148
45 161
45 172
45 175
45 177
45 179
45 193
45 198
46 47
46 58
46 68
46 72
46 85
46 86
46 95
46 97
46 99
46 101
46 107
46 109
46 110
46 117
46 124
46 125
46 129
46 131
46 147
46 148
46 149
46 185
46 191
46 193
47 78
47 106
47 107
47 108
47 110
47 118
47 136
47 151
47 157
47 163
47 177
47 180
47 181
47 190
48 54
48 81
48 85
48 93
48 100
48 103
48 106
48 116
48 117
48 132
48 136
48 150
48 153
48 158
48 178
48 179
48 180
48 186
48 187
48 195
49 58
49 65
49 71
49 72
49 85
49 88
49 91
49 117
49 140
49 142
49 152
49 184
49 193
49 194
50 52
50 53
50 70
50 78
50 83
50 107
50 119
50 121
50 122
50 130
50 133
50 135
50 138
50 141
50 145
50 152
50 153
50 154
50 155
50 192
50 193
50 195
50 198
51 52
51 58
51 65
51 81
51 91
51 93
51 98
51 102
51 105
51 106
51 113
51 116
51 124
51 143
51 153
51 161
51 167
51 174
51 181
51 182
51 191
52 53
52 57
52 63
52 64
52 80
52 84
52 85
52 111
52 137
52 139
52 142
52 154
52 155
52 165
52 194
52 198
53 57
53 59
53 64
53 66
53 67
53 83
53 85
53 97
53 100
53 110
53 111
53 114
53 118
53 127
53 128
53 130
53 136
53 137
53 141
53 151
53 152
53 153
53 156
53 165
53 166
53 169
53 173
53 176
53 187
53 199
54 62
54 63
54 72
54 80
54 88
54 89
54 93
54 99
54 101
54 105
54 108
54 117
54 122
54 123
54 128
54 129
54 140
54 142
54 148
54 151
54 152
54 168
54 174
54 176
54 184
54 189
54 194
55 57
55 58
55 60
55 62
55 65
55 74
55 83
55 88
55 94
55 96
55 110
55 116
55 118
55 122
55 129
55 133
55 137
55 138
55 140
55 143
55 147
55 149
55 155
55 157
55 158
55 163
55 165
55 168
55 169
55 173
55 184
55 197
55 198
55 199
56 64
56 67
56 76
56 81
56 83
56 98
56 105
56 107
56 108
56 140
56 143
56 147
56 148
56 150
56 153
56 164
56 169
56 174
56 175
56 177
56 186
56 188
57 58
57 65
57 69
57 77
57 79
57 91
57 92
57 93
57 96
57 102
57 112
57 113
57 125
57 131
57 138
57 144
57 156
57 164
57 172
57 173
57 174
57 177
57 186
57 187
57 193
58 60
58 63
58 83
58 99
58 120
58 121
58 133
58 147
58 166
58 190
59 60
59 85
59 93
59 100
59 105
59 108
59 116
59 132
59 134
59 148
59 150
59 152
59 155
59 179
59 199
60 61
60 81
60 85
60 88
60 91
60 93
60 109
60 110
60 122
60 124
60 125
60 131
60 146
60 148
60 152
60 153
60 158
60 159
60 160
60 177
60 184
60 185
60 186
60 188
60 190
60 196
60 199
61 70
61 71
61 72
61 76
61 77
61 95
61 102
61 111
61 116
61 118
61 120
61 127
61 140
61 150
61 173
61 184
61 187
62 64
62 66
62 73
62 74
62 77
62 94
62 104
62 108
62 116
62 121
62 122
62 129
62 135
62 136
62 141
62 142
62 161
62 163
62 177
62 178
62 180
62 182
62 185
62 196
63 70
63 76
63 78
63 82
63 90
63 96
63 97
63 108
63 110
63 111
63 115
63 121
63 128
63 129
63 143
63 146
63 150
63 159
63 160
63 163
63 166
63 173
63 186
63 188
63 193
63 198
64 65
64 74
64 75
64 84
64 90
64 101
64 106
64 114
64 119
64 120
64 128
64 138
64 144
64 154
64 169
64 184
64 185
64 199
65 68
65 72
65 74
65 76
65 77
65 79
65 84
65 89
65 90
65 95
65 101
65 104
65 106
65 112
65 114
65 121
65 124
65 129
65 132
65 145
65 146
65 150
65 155
65 163
65 166
65 167
65 172
65 179
65 189
65 198
66 74
66 75
66 90
66 97
66 99
66 105
66 107
66 115
66 118
66 120
66 122
66 128
66 131
66 138
66 150
66 156
66 157
66 162
66 166
66 167
66 172
66 177
66 193
66 195
66 197
66 199
67 68
67 75
67 81
67 92
67 98
67 99
67 100
67 104
67 107
67 110
67 112
67 121
67 122
67 126
67 131
67 136
67 137
67 140
67 150
67 152
67 157
67 160
67 166
67 187
67 189
67 195
67 196
67 198
67 199
68 72
68 73
68 77
68 79
68 83
68 91
68 98
68 108
68 138
68 139
68 148
68 165
68 187
68 189
69 74
69 76
69 81
69 88
69 94
69 96
69 98
69 100
69 101
69 103
69 122
69 127
69 128
69 137
69 142
69 143
69 146
69 152
69 153
69 155
69 156
69 161
69 162
69 166
69 172
69 174
69 179
69 181
69 188
69 199
70 75
70 84
70 101
70 107
70 117
70 123
70 125
70 134
70 141
70 147
70 154
70 157
70 159
70 162
70 166
70 174
70 177
70 182
70 183
70 188
71 77
71 84
71 89
71 94
71 96
71 101
71 104
71 110
71 113
71 117
71 118
71 121
71 123
71 128
71 130
71 134
71 144
71 156
71 176
71 180
71 181
71 189
71 192
71 194
72 76
72 78
72 100
72 101
72 104
72 105
72 108
72 131
72 141
72 150
72 161
72 172
72 173
72 180
72 181
72 188
72 190
72 194
72 195
72 196
73 74
73 91
73 98
73 109
73 110
73 112
73 117
73 121
73 129
73 140
73 142
73 152
73 154
73 155
73 160
73 167
73 171
73 183
73 195
73 196
74 85
74 127
74 138
74 140
74 154
74 155
74 159
74 160
74 165
74 166
74 174
74 181
74 184
74 198
74 199
75 83
75 93
75 98
75 103
75 107
75 111
75 117
75 125
75 129
75 130
75 133
75 141
75 144
75 147
75 156
75 158
75 165
75 167
75 186
75 187
75 189
75 192
75 193
75 195
75 199
76 83
76 93
76 100
76 102
76 115
76 119
76 149
76 150
76 155
76 161
76 177
76 179
76 182
77 78
77 79
77 94
77 96
77 110
77 112
77 113
77 121
77 128
77 134
77 143
77 148
77 153
77 157
77 174
77 184
77 190
78 83
78 86
78 89
78 98
78 101
78 106
78 107
78 142
78 147
78 148
78 155
78 157
78 158
78 162
78 163
78 172
78 176
78 184
78 192
78 193
78 194
79 84
79 96
79 98
79 104
79 107
79 129
79 137
79 141
79 143
79 153
79 154
79 163
79 177
79 180
79 183
79 184
80 82
80 91
80 112
80 114
80 117
80 128
80 137
80 140
80 144
80 146
80 149
80 150
80 177
80 178
80 181
80 193
80 195
81 98
81 99
81 110
81 116
81 127
81 151
81 160
81 164
81 168
81 182
81 188
81 190
81 194
81 197
81 199
82 84
82 91
82 92
82 113
82 127
82 132
82 133
82 135
82 148
82 149
82 171
82 172
82 178
82 184
82 190
82 198
83 91
83 99
83 101
83 104
83 110
83 136
83 141
83 147
83 157
83 159
83 162
83 168
83 169
83 172
83 175
83 176
83 180
83 196
84 88
84 92
84 103
84 105
84 109
84 112
84 113
84 122
84 125
84 128
84 133
84 137
84 142
84 145
84 152
84 155
84 164
84 175
84 176
84 194
85 105
85 108
85 116
85 126
85 139
85 140
85 143
85 144
85 146
85 159
85 167
85 173
85 177
85 185
85 188
85 199
86 90
86 96
86 104
86 107
86 111
86 117
86 118
86 122
86 123
86 131
86 132
86 151
86 154
86 155
86 165
86 174
86 178
87 96
87 115
87 118
87 121
87 128
87 135
87 145
87 152
87 162
87 179
87 189
87 193
87 194
87 195
88 90
88 97
88 105
88 106
88 129
88 140
88 155
88 161
88 170
88 174
88 185
88 186
89 92
89 95
89 97
89 98
89 118
89 134
89 141
89 149
89 161
89 163
89 165
89 170
89 175
89 181
89 182
90 98
90 113
90 121
90 123
90 128
90 131
90 137
90 144
90 159
90 163
90 170
90 174
90 176
90 186
90 191
90 192
91 92
91 93
91 97
91 106
91 109
91 121
91 124
91 135
91 142
91 146
91 150
91 158
91 172
91 173
91 175
91 176
91 180
91 185
91 199
92 98
92 103
92 104
92 110
92 116
92 125
92 127
92 129
92 137
92 138
92 141
92 142
92 146
92 152
92 160
92 166
92 177
92 181
92 192
92 196
92 199
93 100
93 101
93 106
93 107
93 115
93 117
93 118
93 126
93 129
93 133
93 134
93 136
93 158
93 161
93 172
93 178
93 182
93 185
93 187
93 195
94 109
94 131
94 133
94 135
94 140
94 150
94 159
94 160
94 161
94 162
94 166
94 174
94 179
94 180
94 183
94 191
94 193
94 194
95 96
95 100
95 115
95 117
95 124
95 127
95 133
95 136
95 140
95 171
95 176
95 180
95 189
95 194
95 199
96 97
96 102
96 110
96 113
96 114
96 116
96 126
96 141
96 147
96 151
96 173
96 177
96 179
96 185
96 190
96 191
96 193
97 98
97 122
97 152
97 155
97 168
97 180
97 184
97 194
97 197
98 101
98 124
98 131
98 134
98 136
98 148
98 150
98 161
98 173
98 176
98 180
98 181
98 186
98 199
99 100
99 101
99 105
99 111
99 113
99 119
99 129
99 135
99 147
99 148
99 149
99 151
99 157
99 170
99 171
99 174
99 184
99 186
99 187
99 189
99 197
100 101
100 109
100 114
100 116
100 143
100 158
100 159
100 168
100 169
100 184
100 185
100 187
100 193
100 195
100 199
101 103
101 104
101 114
101 124
101 127
101 132
101 143
101 150
101 151
101 157
101 167
101 169
101 184
101 193
101 196
102 116
102 118
102 124
102 136
102 148
102 150
102 152
102 154
102 157
102 159
102 162
102 163
102 165
102 175
102 176
102 177
102 179
102 180
102 181
102 185
102 188
102 194
102 198
103 108
103 118
103 134
103 135
103 148
103 150
103 151
103 153
103 181
103 184
103 191
103 193
103 198
104 106
104 109
104 113
104 137
104 146
104 156
104 157
104 162
104 167
104 178
104 179
104 186
104 198
105 115
105 136
105 164
105 170
105 172
105 178
105 184
105 185
105 187
105 189
105 191
105 193
105 198
105 199
106 111
106 118
106 125
106 127
106 131
106 135
106 136
106 148
106 151
106 160
106 164
106 167
106 177
106 185
106 189
106 190
106 195
106 197
107 113
107 115
107 118
107 122
107 144
107 150
107 153
107 158
107 163
107 164
107 166
107 193
108 129
108 133
108 138
108 141
108 148
108 150
108 155
108 159
108 171
108 172
108 174
108 175
108 182
108 190
108 192
108 198
109 117
109 121
109 122
109 125
109 127
109 136
109 142
109 143
109 146
109 151
109 155
109 171
109 174
109 176
109 186
109 196
110 114
110 115
110 121
110 136
110 155
110 163
110 175
110 176
110 178
110 191
110 194
111 115
111 125
111 129
111 132
111 134
111 141
111 150
111 182
111 190
111 192
111 194
112 120
112 134
112 149
112 151
112 154
112 160
112 166
112 175
112 176
112 192
112 198
113 128
113 129
113 131
113 132
113 137
113 139
113 142
113 143
113 152
113 153
113 163
113 168
113 170
113 171
113 185
113 186
113 197
114 115
114 122
114 126
114 129
114 131
114 133
114 135
114 150
114 160
114 172
114 173
114 174
114 182
114 194
114 198
115 117
115 121
115 124
115 134
115 135
115 136
115 143
115 144
115 156
115 157
115 164
115 165
115 170
115 171
115 177
115 181
115 182
115 189
115 194
115 196
116 117
116 121
116 122
116 127
116 138
116 153
116 162
116 170
116 178
116 185
116 191
116 197
117 128
117 143
117 147
117 165
117 178
117 190
117 197
118 123
118 126
118 136
118 146
118 151
118 152
118 164
118 173
118 187
118 197
118 199
119 122
119 124
119 134
119 135
119 142
119 149
119 166
119 171
119 180
119 181
120 121
120 123
120 124
120 125
120 133
120 135
120 137
120 150
120 158
120 165
120 166
120 170
120 181
121 123
121 125
121 135
121 140
121 141
121 144
121 149
121 152
121 161
121 164
121 169
121 170
121 176
121 193
121 196
122 124
122 130
122 135
122 136
122 140
122 154
122 165
122 166
122 167
122 188
122 189
122 191
122 198
123 125
123 133
123 145
123 147
123 158
123 159
123 161
123 165
123 173
123 177
123 182
123 184
124 134
124 138
124 141
124 152
124 153
124 178
124 186
124 190
124 194
125 132
125 161
125 164
125 167
125 180
125 186
125 198
126 132
126 135
126 156
126 160
126 176
126 189
126 190
126 193
126 196
127 147
127 152
127 157
127 158
127 164
127 165
127 167
127 169
127 183
127 191
128 143
128 144
128 146
128 151
128 152
128 155
128 167
128 172
128 176
128 180
128 186
128 191
128 196
128 199
129 135
129 151
129 161
129 177
129 199
130 135
130 140
130 142
130 151
130 152
130 156
130 158
130 171
130 174
130 179
130 180
130 182
130 185
130 188
130 191
130 199
131 141
131 146
131 149
131 156
131 158
131 164
131 167
131 170
131 179
131 196
132 136
132 144
132 147
132 154
132 164
132 171
132 183
132 188
132 189
133 136
133 141
133 142
133 161
133 165
133 168
133 170
133 174
133 185
133 193
133 198
134 152
134 182
134 193
134 195
135 139
135 143
135 156
135 158
135 159
135 163
135 165
135 166
135 169
135 173
135 175
135 178
135 179
135 185
135 186
135 197
135 199
136 140
136 148
136 151
136 153
136 156
136 180
136 183
136 193
137 139
137 146
137 149
137 180
137 187
137 192
138 140
138 143
138 145
138 151
138 156
138 160
138 173
138 197
139 141
139 142
139 146
139 147
139 150
139 164
139 168
139 174
139 175
139 180
139 190
139 191
139 194
139 197
140 143
140 150
140 153
140 156
140 158
140 169
140 177
140 179
140 185
140 188
140 197
141 144
141 166
141 174
141 175
141 176
141 183
142 143
142 157
142 160
142 179
142 191
143 148
143 151
143 157
143 162
143 166
143 178
143 196
143 197
144 145
144 147
144 151
144 154
144 158
144 163
144 171
144 172
144 173
144 178
144 180
144 182
144 184
144 186
144 189
144 191
145 162
145 170
145 171
145 178
145 182
145 188
146 163
146 170
146 195
147 151
147 158
147 159
147 161
147 168
147 173
147 181
147 186
147 192
147 193
147 196
147 198
148 153
148 155
148 156
148 163
148 166
148 172
148 182
148 197
149 152
149 155
149 165
149 171
149 180
149 184
149 188
150 165
150 171
150 172
150 184
150 185
150 194
150 199
151 154
151 158
151 159
151 164
151 169
151 171
151 175
151 179
151 183
152 156
152 158
152 161
152 170
152 172
152 173
152 178
152 182
152 184
152 187
152 188
152 192
152 196
152 199
153 154
153 167
153 173
153 174
153 176
153 177
153 181
153 185
153 194
154 167
154 172
154 173
154 175
154 181
154 187
154 194
155 157
155 167
155 172
155 187
155 188
155 192
156 161
156 168
156 170
156 175
156 184
156 192
156 196
156 199
157 158
157 159
157 161
157 168
157 175
157 181
157 185
157 189
157 192
157 193
158 162
158 168
158 172
158 183
158 194
159 164
159 165
159 171
159 179
159 199
160 167
160 168
160 171
160 172
160 179
160 195
161 166
161 169
161 173
161 189
161 194
161 196
162 167
162 169
162 175
162 183
162 190
162 198
163 165
163 180
163 185
163 197
164 172
164 187
164 190
164 195
165 179
165 191
165 195
166 187
166 198
167 168
167 169
167 175
167 177
167 179
167 182
167 183
167 186
167 189
168 176
168 189
169 171
169 173
169 176
169 182
169 185
169 188
169 195
169 199
170 171
170 174
170 192
170 195
170 199
171 174
171 197
172 177
172 183
172 186
173 174
173 186
173 197
174 179
174 193
175 177
175 179
175 194
176 183
176 188
176 189
176 195
176 197
176 198
177 191
177 198
178 184
179 187
179 195
180 190
180 193
181 184
181 190
181 193
182 190
182 198
183 184
183 186
183 188
183 197
184 188
184 190
184 191
184 193
184 199
186 196
186 197
187 192
188 190
188 195
188 199
189 198
190 193
190 197
191 195
192 194
192 195
194 198
195 197
196 197
