0 7
0 11
0 15
0 20
0 37
0 43
0 47
0 50
0 54
0 63
0 66
0 80
0 85
0 93
0 107
0 125
0 141
0 143
0 183
0 194
1 12
1 31
1 33
1 62
1 65
1 68
1 77
1 93
1 96
1 102
1 134
1 148
1 173
1 181
1 191
1 197
2 17
2 23
2 24
2 39
2 44
2 48
2 51
2 52
2 59
2 61
2 77
2 86
2 96
2 110
2 112
2 126
2 128
2 134
2 148
2 153
2 154
2 157
2 164
2 166
2 187
2 190
2 193
2 196
3 11
3 13
3 22
3 32
3 34
3 38
3 41
3 51
3 58
3 106
3 114
3 115
3 125
3 143
3 179
4 12
4 23
4 37
4 47
4 49
4 52
4 53
4 54
4 63
4 67
4 69
4 83
4 89
4 112
4 113
4 114
4 127
4 168
5 8
5 10
5 26
5 41
5 53
5 56
5 58
5 75
5 77
5 93
5 124
5 135
5 143
5 146
5 189
5 195
6 11
6 17
6 19
6 33
6 34
6 39
6 59
6 96
6 115
6 119
6 143
6 146
6 148
6 150
6 163
6 164
6 172
6 173
6 175
6 181
6 185
6 186
6 188
7 16
7 41
7 58
7 65
7 72
7 76
7 102
7 106
7 128
7 156
7 158
7 172
8 11
8 39
8 43
8 46
8 72
8 100
8 102
8 107
8 124
8 139
8 159
8 166
8 174
8 182
8 191
9 13
9 20
9 32
9 40
9 60
9 66
9 91
9 108
9 110
9 114
9 153
9 167
9 183
10 14
10 25
10 47
10 53
10 60
10 66
10 90
10 92
10 109
10 119
10 136
10 185
10 187
11 37
11 42
11 58
11 71
11 73
11 104
11 109
11 118
11 132
11 174
11 178
11 194
11 195
12 23
12 46
12 57
12 67
12 68
12 89
12 105
12 122
12 126
12 141
12 145
12 157
12 164
12 167
12 170
12 187
12 189
13 14
13 19
13 39
13 43
13 50
13 51
13 59
13 60
13 61
13 71
13 79
13 81
13 87
13 93
13 99
13 103
13 106
13 116
13 128
13 134
13 161
13 172
13 188
13 196
14 15
14 22
14 28
14 29
14 35
14 40
14 61
14 85
14 90
14 100
14 103
14 117
14 135
14 163
14 164
14 188
14 198
15 23
15 26
15 38
15 43
15 62
15 68
15 100
15 117
15 130
15 142
15 144
15 149
15 159
15 164
15 169
15 183
15 188
15 190
15 191
16 36
16 38
16 39
16 44
16 64
16 70
16 74
16 87
16 89
16 97
16 98
16 136
16 137
16 164
16 168
16 176
16 185
17 44
17 60
17 64
17 80
17 81
17 89
17 120
17 129
17 151
17 169
17 170
17 179
17 193
17 197
18 47
18 64
18 65
18 69
18 94
18 103
18 116
18 117
18 119
18 125
18 136
18 138
18 139
18 147
18 163
18 168
18 183
18 185
19 21
19 47
19 55
19 67
19 75
19 85
19 104
19 126
19 137
19 142
19 164
19 199
20 26
20 41
20 43
20 49
20 55
20 60
20 64
20 116
20 133
20 136
20 138
20 140
20 141
20 155
20 166
20 168
20 194
20 197
21 36
21 50
21 54
21 59
21 66
21 69
21 74
21 95
21 122
21 131
21 132
21 138
21 143
21 157
21 181
21 184
21 185
21 195
22 28
22 39
22 52
22 54
22 59
22 79
22 95
22 98
22 116
22 117
22 123
22 127
22 136
22 138
22 144
22 146
22 151
22 153
22 156
22 160
22 193
23 36
23 40
23 43
23 44
23 47
23 62
23 88
23 137
23 149
23 152
23 180
23 197
24 26
24 32
24 54
24 58
24 61
24 62
24 67
24 71
24 86
24 101
24 112
24 114
24 118
24 120
24 127
24 143
24 144
24 147
24 172
24 173
24 175
24 184
24 192
25 28
25 39
25 48
25 61
25 65
25 79
25 84
25 89
25 91
25 94
25 100
25 102
25 118
25 131
25 132
25 149
25 160
25 164
25 166
25 169
25 180
25 186
25 191
26 29
26 30
26 40
26 93
26 98
26 101
26 107
26 115
26 116
26 131
26 132
26 135
26 183
26 184
26 185
26 196
27 32
27 38
27 40
27 45
27 77
27 85
27 106
27 115
27 117
27 121
27 152
27 158
27 160
27 163
27 164
27 167
27 178
27 187
27 194
28 35
28 43
28 53
28 54
28 63
28 93
28 98
28 100
28 111
28 124
28 147
28 158
28 188
28 191
28 193
28 195
28 197
29 39
29 47
29 65
29 71
29 72
29 85
29 92
29 124
29 127
29 128
29 130
29 151
29 162
29 174
29 178
29 183
29 198
30 36
30 37
30 44
30 65
30 86
30 92
30 93
30 95
30 96
30 112
30 151
30 167
30 170
30 176
30 179
30 196
31 62
31 64
31 69
31 82
31 84
31 90
31 96
31 118
31 129
31 135
31 156
31 161
31 165
31 178
31 185
31 192
32 35
32 36
32 44
32 72
32 77
32 99
32 109
32 118
32 129
32 142
32 149
32 175
32 184
33 55
33 79
33 88
33 97
33 105
33 109
33 115
33 138
33 154
33 170
34 38
34 52
34 69
34 95
34 96
34 97
34 106
34 114
34 120
34 139
34 142
34 146
34 153
34 165
34 171
34 186
34 192
34 199
35 40
35 44
35 48
35 51
35 60
35 73
35 81
35 84
35 97
35 105
35 109
35 119
35 124
35 125
35 153
35 154
35 156
35 170
35 183
36 46
36 54
36 62
36 64
36 65
36 83
36 103
36 111
36 118
36 126
36 131
36 133
36 141
36 143
36 177
36 194
37 56
37 61
37 62
37 71
37 78
37 85
37 86
37 93
37 108
37 123
37 132
37 154
37 158
37 179
37 187
37 190
38 43
38 44
38 48
38 55
38 57
38 59
38 63
38 68
38 78
38 110
38 114
38 130
38 142
38 148
38 164
38 171
38 180
39 90
39 91
39 96
39 100
39 120
39 121
39 133
39 136
39 160
39 163
39 164
39 178
39 185
39 196
40 44
40 46
40 47
40 51
40 52
40 61
40 66
40 77
40 82
40 87
40 93
40 101
40 104
40 111
40 116
40 144
40 149
40 166
40 173
40 178
40 182
40 199
41 43
41 52
41 60
41 64
41 77
41 85
41 91
41 110
41 119
41 122
41 124
41 155
41 164
41 199
42 61
42 72
42 81
42 87
42 91
42 95
42 99
42 107
42 137
42 142
42 148
42 149
42 157
43 50
43 54
43 72
43 74
43 76
43 78
43 94
43 95
43 99
43 114
43 136
43 142
43 145
43 149
43 151
43 175
44 56
44 62
44 63
44 90
44 94
44 95
44 140
44 152
44 156
44 170
44 178
44 186
45 63
45 73
45 84
45 92
45 95
45 97
45 100
45 102
45 105
45 109
45 110
45 114
45 136
45 147
45 159
45 161
45 167
45 172
45 174
45 177
45 180
45 182
45 185
45 187
45 193
45 194
46 53
46 64
46 101
46 106
46 107
46 122
46 137
46 146
46 148
46 150
46 152
46 157
46 158
46 164
46 167
46 171
46 195
46 197
47 48
47 54
47 78
47 81
47 83
47 90
47 96
47 98
47 128
47 130
47 134
47 136
47 137
47 157
47 158
47 171
47 172
47 179
48 69
48 80
48 90
48 93
48 94
48 98
48 107
48 111
48 113
48 118
48 125
48 130
48 169
48 195
49 50
49 83
49 87
49 100
49 105
49 110
49 124
49 133
49 135
49 138
49 187
50 55
50 66
50 79
50 108
50 127
50 128
50 145
50 158
50 161
50 181
50 190
50 199
51 52
51 57
51 85
51 89
51 92
51 96
51 110
51 138
51 159
51 170
51 196
52 70
52 71
52 75
52 77
52 90
52 98
52 111
52 117
52 137
52 146
52 147
52 148
52 168
52 170
52 173
52 194
52 197
53 56
53 80
53 87
53 88
53 108
53 131
53 132
53 138
53 143
53 147
53 149
53 155
53 177
53 178
53 179
53 183
53 185
53 192
53 193
53 196
54 60
54 68
54 71
54 81
54 102
54 107
54 111
54 112
54 117
54 131
54 143
54 185
55 63
55 65
55 68
55 69
55 88
55 98
55 107
55 110
55 112
55 115
55 116
55 163
55 164
55 168
55 176
55 177
55 192
55 197
55 198
56 77
56 86
56 101
56 102
56 115
56 121
56 147
56 150
56 157
56 165
56 179
56 191
56 197
56 199
57 69
57 85
57 90
57 102
57 105
57 107
57 112
57 115
57 117
57 157
57 167
57 199
58 63
58 86
58 107
58 114
58 130
58 172
58 173
58 176
58 180
58 181
58 183
58 189
58 190
58 197
58 198
59 81
59 83
59 86
59 91
59 92
59 104
59 106
59 107
59 113
59 121
59 124
59 127
59 136
59 137
59 141
59 142
59 152
59 166
59 171
59 179
59 189
59 192
60 65
60 69
60 70
60 90
60 113
60 115
60 127
60 139
60 147
60 150
60 155
60 159
60 168
60 169
61 75
61 106
61 125
61 132
61 147
61 149
61 152
61 161
61 169
61 180
61 194
62 78
62 88
62 93
62 100
62 114
62 118
62 124
62 134
62 139
62 147
62 177
62 178
62 197
63 65
63 70
63 73
63 89
63 94
63 99
63 106
63 116
63 126
63 154
63 166
63 167
63 170
63 176
63 188
63 191
63 195
64 82
64 88
64 91
64 111
64 158
64 163
64 170
64 171
64 183
65 71
65 81
65 86
65 100
65 110
65 112
65 158
65 178
66 67
66 72
66 73
66 99
66 109
66 110
66 128
66 161
66 169
66 195
66 197
67 70
67 72
67 73
67 79
67 100
67 102
67 106
67 109
67 113
67 115
67 124
67 133
67 140
67 154
67 162
67 167
67 173
67 187
68 85
68 106
68 107
68 109
68 135
68 159
68 161
68 173
68 184
68 191
69 84
69 88
69 89
69 103
69 117
69 139
69 144
69 150
69 158
69 163
69 167
69 179
69 187
69 194
70 75
70 87
70 91
70 107
70 110
70 119
70 142
70 143
70 151
70 179
70 185
70 187
71 87
71 93
71 105
71 122
71 135
71 141
71 147
71 149
71 163
71 184
71 195
71 196
72 88
72 90
72 145
72 147
72 155
72 156
72 157
72 159
72 174
72 185
73 82
73 94
73 101
73 112
73 136
73 146
73 151
73 158
73 184
73 195
73 197
74 92
74 95
74 98
74 105
74 110
74 112
74 113
74 119
74 127
74 132
74 133
74 147
74 181
74 198
75 100
75 107
75 109
75 111
75 116
75 122
75 129
75 146
75 152
75 156
75 157
75 166
75 184
75 193
76 84
76 87
76 93
76 98
76 102
76 113
76 115
76 131
76 142
76 148
76 149
76 160
76 161
76 177
76 180
76 188
76 189
76 190
76 191
76 193
76 194
76 198
76 199
77 86
77 104
77 111
77 115
77 117
77 120
77 135
77 186
77 195
78 80
78 86
78 91
78 116
78 117
78 164
78 172
78 183
78 191
79 89
79 98
79 101
79 113
79 120
79 125
79 129
79 144
79 152
79 158
79 177
79 187
80 85
80 101
80 103
80 110
80 125
80 137
80 138
80 140
80 146
80 165
80 169
80 175
80 180
80 186
81 84
81 95
81 106
81 109
81 115
81 116
81 119
81 126
81 128
81 143
81 146
81 148
81 156
81 159
81 164
81 185
82 88
82 112
82 144
82 147
82 153
82 171
82 176
82 194
82 196
82 197
83 85
83 89
83 106
83 114
83 115
83 128
83 129
83 160
83 168
83 174
83 186
83 191
83 193
83 198
84 87
84 90
84 110
84 117
84 121
84 137
84 155
84 157
84 163
84 164
84 167
84 194
84 196
85 105
85 113
85 114
85 130
85 144
85 164
85 166
85 167
85 171
85 176
85 180
85 189
86 91
86 92
86 101
86 104
86 109
86 119
86 124
86 126
86 144
86 145
86 148
86 153
86 162
86 166
86 191
86 194
87 100
87 110
87 115
87 119
87 125
87 137
87 139
87 150
87 165
87 170
88 91
88 93
88 102
88 136
88 143
88 152
88 161
88 165
88 169
88 176
88 183
88 184
88 188
88 199
89 94
89 106
89 107
89 126
89 129
89 136
89 150
89 155
89 158
89 168
89 182
89 186
89 191
90 94
90 98
90 102
90 112
90 130
90 138
90 144
90 150
90 158
90 165
90 175
90 183
90 191
91 93
91 98
91 115
91 116
91 125
91 137
91 144
91 146
91 150
91 153
91 157
91 166
91 180
91 182
91 190
91 198
92 94
92 99
92 108
92 118
92 127
92 138
92 150
92 164
92 179
92 184
92 195
93 95
93 97
93 115
93 124
93 131
93 132
93 145
93 151
93 166
93 186
94 95
94 96
94 117
94 123
94 126
94 132
94 138
94 183
94 192
95 99
95 103
95 121
95 123
95 136
95 137
95 141
95 143
95 160
95 186
96 99
96 102
96 111
96 128
96 129
96 143
96 152
96 167
96 169
96 185
96 187
96 190
96 194
97 124
97 129
97 135
97 140
97 151
97 160
97 170
97 187
97 191
98 102
98 107
98 110
98 117
98 131
98 138
98 158
98 161
98 174
98 176
99 101
99 105
99 110
99 117
99 127
99 128
99 136
99 139
99 140
99 148
99 158
99 169
99 173
99 180
99 187
100 127
100 146
100 159
100 177
100 181
100 185
101 106
101 116
101 134
101 171
101 175
101 179
101 188
101 190
102 107
102 116
102 133
102 138
102 145
102 166
102 167
102 181
102 185
102 186
102 187
103 104
103 133
103 154
103 165
103 187
103 188
104 128
104 134
104 137
104 139
104 180
104 185
104 189
105 106
105 121
105 127
105 128
105 138
105 154
105 177
105 180
105 183
106 111
106 135
106 150
106 169
106 174
106 192
106 194
106 195
106 196
107 124
107 129
107 142
107 145
107 160
107 173
107 175
107 183
107 185
107 197
108 139
108 143
108 148
108 155
108 157
108 159
108 160
108 167
108 168
108 174
108 184
108 188
109 124
109 130
109 144
109 148
109 182
109 183
109 187
110 117
110 118
110 125
110 132
110 133
110 136
110 154
110 164
110 175
110 182
110 184
111 117
111 132
111 149
111 184
111 189
111 195
112 117
112 120
112 121
112 122
112 134
112 147
112 167
112 188
112 191
113 114
113 141
113 167
113 188
113 190
113 191
114 118
114 121
114 125
114 134
114 157
114 167
114 173
114 186
115 119
115 128
115 133
115 138
115 153
115 164
115 175
115 190
115 191
116 120
116 132
116 137
116 159
116 167
116 176
116 188
116 192
117 138
117 142
117 143
117 166
117 167
117 192
117 195
118 121
118 134
118 138
118 142
118 145
118 157
118 167
118 168
118 169
118 178
118 180
118 185
118 190
118 192
118 199
119 127
119 140
119 144
119 148
119 165
119 172
119 180
119 181
119 198
120 128
120 129
120 149
120 166
120 169
120 197
121 124
121 140
121 141
121 153
121 157
121 164
121 168
121 193
122 130
122 136
122 146
122 176
122 178
122 182
122 183
122 185
122 191
122 197
123 131
123 133
123 151
123 163
123 168
123 190
124 133
124 138
124 145
124 152
124 160
124 166
124 170
124 172
124 180
124 189
125 133
125 135
125 144
125 148
125 158
125 165
125 170
125 174
125 178
125 179
125 181
125 186
125 187
126 130
126 149
126 157
126 162
126 172
126 192
127 128
127 135
127 139
127 147
127 153
127 159
127 171
127 197
127 199
128 130
128 135
128 136
128 144
128 145
129 135
129 144
129 147
129 151
129 153
129 178
129 187
129 192
130 147
130 148
130 165
130 167
130 192
130 198
131 134
131 138
131 147
131 163
131 167
131 174
131 181
131 183
131 184
131 187
131 199
132 151
132 169
132 179
132 189
132 194
133 140
133 149
133 150
133 155
133 158
133 184
133 189
133 191
134 138
134 144
134 145
134 155
134 157
134 172
134 175
134 179
134 193
135 148
135 156
135 162
135 172
135 195
135 196
136 144
136 151
136 156
136 176
136 177
136 185
137 139
137 153
137 159
137 161
137 169
137 178
137 180
137 186
137 194
137 196
138 148
138 183
138 188
138 199
139 144
139 176
139 182
139 188
140 157
140 163
140 176
140 181
140 183
140 197
141 146
141 161
141 163
141 165
141 173
141 178
141 183
141 190
141 195
142 145
142 153
142 162
142 166
142 176
142 196
143 145
143 146
143 147
143 162
143 184
144 162
145 150
145 162
145 165
145 169
145 177
145 181
145 184
146 156
146 157
146 177
146 188
146 197
147 178
147 181
147 182
147 187
148 149
148 169
148 176
148 181
148 194
149 155
149 159
149 166
149 175
150 171
150 174
150 179
150 183
150 187
150 196
151 159
151 187
151 189
151 190
151 195
151 197
151 198
152 153
152 167
152 168
153 156
153 160
153 182
153 186
153 191
154 155
154 178
154 180
154 198
155 157
155 165
155 167
155 169
155 187
155 199
156 162
156 187
157 163
157 168
157 170
157 171
157 187
157 189
157 195
159 160
159 170
159 172
159 176
159 196
160 169
160 177
160 182
160 188
160 199
161 179
161 181
162 169
162 189
163 167
163 199
164 168
164 181
165 178
165 183
165 185
165 197
166 185
166 186
167 172
167 186
167 190
167 195
168 178
168 195
169 176
169 180
170 185
170 188
170 190
170 199
171 173
171 193
171 199
172 183
172 192
172 198
173 174
173 176
173 184
173 188
173 193
174 187
175 192
175 198
176 179
176 184
176 188
176 189
177 191
178 190
178 192
179 186
179 187
179 196
179 197
180 190
180 194
181 182
181 199
182 186
182 199
183 189
183 194
184 189
185 192
187 191
187 194
188 190
188 192
188 199
192 196
194 195
195 196
