0 7
0 24
0 38
0 49
0 63
0 75
0 83
0 107
0 114
0 118
0 127
0 131
0 149
0 164
0 165
0 174
0 190
0 195
1 10
1 19
1 27
1 31
1 34
1 36
1 37
1 59
1 63
1 84
1 100
1 112
1 115
1 123
1 130
1 131
1 133
1 148
1 160
1 166
1 177
1 192
1 197
1 199
2 8
2 9
2 13
2 45
2 57
2 85
2 104
2 114
2 121
2 122
2 133
2 136
2 146
2 151
2 160
2 199
3 24
3 28
3 30
3 32
3 34
3 40
3 41
3 49
3 74
3 83
3 107
3 110
3 115
3 127
3 141
3 149
3 158
4 5
4 18
4 19
4 31
4 39
4 45
4 72
4 95
4 100
4 110
4 123
4 143
4 176
4 177
4 186
4 192
4 195
5 19
5 24
5 32
5 49
5 51
5 65
5 66
5 67
5 85
5 103
5 112
5 115
5 120
5 125
5 133
5 144
5 155
5 170
5 176
5 199
6 28
6 29
6 33
6 52
6 58
6 66
6 91
6 96
6 102
6 125
6 127
6 132
6 138
6 139
6 140
6 148
6 149
6 153
6 156
6 164
6 170
6 176
6 178
6 183
6 199
7 11
7 26
7 36
7 57
7 65
7 100
7 115
7 120
7 122
7 123
7 143
7 182
7 189
7 196
8 12
8 15
8 17
8 23
8 28
8 31
8 67
8 82
8 100
8 109
8 119
8 120
8 122
8 137
8 150
8 159
8 161
8 165
8 168
8 175
8 182
8 191
8 192
9 21
9 24
9 26
9 35
9 42
9 47
9 72
9 77
9 85
9 97
9 103
9 104
9 110
9 115
9 117
9 122
9 130
9 133
9 148
9 155
9 161
9 170
9 178
9 181
9 187
10 14
10 34
10 37
10 45
10 58
10 66
10 82
10 88
10 117
10 119
10 133
10 137
10 142
10 163
10 165
10 173
10 180
10 199
11 13
11 20
11 65
11 68
11 71
11 93
11 113
11 128
11 131
11 138
11 143
11 144
11 159
11 162
11 165
11 167
11 176
11 179
11 189
11 196
12 23
12 34
12 38
12 53
12 60
12 62
12 67
12 99
12 104
12 106
12 107
12 112
12 119
12 122
12 126
12 128
12 129
12 140
12 172
12 173
12 180
12 193
12 196
12 197
13 19
13 31
13 38
13 44
13 51
13 69
13 118
13 121
13 154
13 156
13 182
13 188
13 195
14 31
14 41
14 42
14 47
14 57
14 58
14 68
14 77
14 81
14 85
14 103
14 105
14 108
14 118
14 124
14 128
14 148
14 150
14 168
14 169
14 173
14 176
14 180
15 17
15 19
15 25
15 34
15 39
15 48
15 79
15 83
15 93
15 135
15 150
15 155
15 163
15 183
15 197
16 24
16 31
16 32
16 54
16 57
16 58
16 79
16 93
16 97
16 102
16 116
16 117
16 127
16 130
16 143
16 144
16 159
16 169
16 175
16 183
16 192
17 38
17 39
17 55
17 60
17 82
17 86
17 107
17 111
17 114
17 130
17 137
17 146
17 197
18 20
18 26
18 28
18 48
18 53
18 82
18 88
18 105
18 110
18 121
18 132
18 141
18 157
18 163
18 175
19 28
19 31
19 32
19 61
19 62
19 64
19 65
19 71
19 98
19 105
19 110
19 121
19 131
19 152
19 164
19 168
19 176
19 179
19 184
19 191
20 24
20 27
20 32
20 56
20 65
20 83
20 86
20 87
20 113
20 118
20 122
20 142
20 156
20 162
20 170
20 173
20 191
20 198
21 31
21 36
21 50
21 52
21 87
21 88
21 97
21 102
21 107
21 153
21 160
21 163
21 174
21 176
22 29
22 40
22 44
22 65
22 70
22 84
22 102
22 105
22 106
22 112
22 115
22 117
22 126
22 145
22 167
22 173
22 190
23 29
23 70
23 75
23 79
23 80
23 93
23 118
23 122
23 126
23 133
23 140
23 142
23 153
23 166
23 173
23 174
23 196
23 197
24 40
24 42
24 47
24 49
24 60
24 67
24 77
24 91
24 107
24 109
24 111
24 115
24 135
24 137
24 141
24 145
24 157
24 158
24 189
24 199
25 27
25 37
25 39
25 41
25 42
25 66
25 81
25 87
25 96
25 98
25 102
25 105
25 115
25 116
25 140
25 147
25 151
25 183
26 27
26 39
26 41
26 53
26 57
26 75
26 80
26 86
26 91
26 98
26 102
26 103
26 114
26 125
26 137
26 153
26 161
26 168
26 178
27 34
27 50
27 53
27 62
27 67
27 75
27 78
27 80
27 93
27 96
27 111
27 115
27 140
27 190
28 30
28 38
28 44
28 63
28 67
28 78
28 92
28 98
28 104
28 105
28 112
28 115
28 124
28 128
28 133
28 168
28 180
28 184
28 187
29 39
29 44
29 45
29 49
29 83
29 84
29 93
29 94
29 109
29 125
29 129
29 148
29 157
29 165
29 167
29 175
29 189
30 56
30 67
30 71
30 85
30 86
30 88
30 97
30 107
30 117
30 146
30 166
30 172
30 192
31 36
31 46
31 51
31 59
31 66
31 84
31 87
31 91
31 93
31 95
31 96
31 121
31 125
31 134
31 139
31 147
31 166
31 169
31 172
31 178
31 198
31 199
32 37
32 39
32 67
32 70
32 97
32 108
32 113
32 117
32 118
32 134
32 135
32 157
32 158
32 164
32 186
33 41
33 49
33 59
33 65
33 75
33 78
33 96
33 97
33 100
33 125
33 134
33 185
33 193
34 42
34 43
34 50
34 118
34 121
34 129
34 132
34 136
34 139
34 140
34 144
34 153
34 154
34 162
34 165
34 174
34 179
34 187
35 36
35 38
35 47
35 52
35 67
35 75
35 86
35 87
35 103
35 107
35 115
35 129
35 146
35 147
35 172
35 174
35 189
35 191
35 197
36 37
36 42
36 46
36 48
36 59
36 69
36 76
36 86
36 88
36 103
36 110
36 121
36 122
36 136
36 142
36 145
36 147
36 164
36 165
36 176
36 187
36 194
36 197
37 42
37 45
37 97
37 100
37 103
37 131
37 141
37 146
37 178
37 198
38 69
38 71
38 97
38 98
38 123
38 126
38 130
38 135
38 136
38 141
38 160
38 161
38 162
38 166
38 168
38 180
39 40
39 46
39 55
39 61
39 76
39 99
39 108
39 111
39 122
39 123
39 125
39 134
39 142
39 165
39 174
39 187
39 188
39 194
40 45
40 49
40 55
40 80
40 86
40 93
40 95
40 108
40 122
40 133
40 136
40 158
40 163
40 167
40 170
40 187
40 199
41 45
41 54
41 79
41 82
41 92
41 98
41 105
41 106
41 125
41 141
41 147
41 167
41 169
41 174
41 176
41 191
42 43
42 48
42 61
42 65
42 86
42 91
42 112
42 114
42 137
42 139
42 152
42 154
42 162
42 168
42 181
42 185
42 189
42 193
42 199
43 49
43 63
43 64
43 98
43 111
43 134
43 141
43 143
43 155
43 175
43 185
43 189
44 69
44 80
44 89
44 95
44 103
44 105
44 107
44 111
44 116
44 117
44 118
44 138
44 143
44 150
44 155
44 157
44 164
44 187
44 188
44 192
44 195
45 50
45 90
45 113
45 119
45 129
45 138
45 146
45 156
45 161
45 164
45 168
45 174
45 176
45 185
45 189
46 49
46 63
46 65
46 74
46 81
46 88
46 89
46 96
46 101
46 106
46 107
46 133
46 140
46 153
46 160
46 184
46 186
46 190
46 191
46 194
47 91
47 105
47 106
47 107
47 110
47 116
47 119
47 145
47 153
47 178
47 194
48 51
48 73
48 79
48 81
48 104
48 109
48 116
48 129
48 130
48 132
48 139
48 142
48 143
48 158
48 180
48 198
49 60
49 76
49 79
49 89
49 94
49 95
49 102
49 106
49 116
49 122
49 128
49 145
49 156
49 164
49 189
50 56
50 90
50 91
50 102
50 130
50 132
50 136
50 143
50 158
50 169
50 188
50 194
50 197
51 52
51 62
51 99
51 111
51 121
51 123
51 128
51 152
51 153
51 158
51 164
51 179
51 184
51 188
52 70
52 72
52 80
52 81
52 93
52 95
52 108
52 109
52 112
52 114
52 115
52 122
52 155
52 165
52 169
52 187
53 62
53 63
53 65
53 81
53 89
53 107
53 122
53 130
53 147
53 170
54 66
54 96
54 98
54 100
54 101
54 128
54 135
54 143
54 145
54 159
54 171
54 173
54 186
54 193
55 57
55 59
55 63
55 80
55 104
55 108
55 115
55 134
55 149
55 155
55 172
55 182
55 195
55 196
56 60
56 63
56 71
56 92
56 94
56 110
56 112
56 125
56 133
56 152
56 153
56 170
56 191
57 104
57 105
57 140
57 153
57 176
57 184
57 185
57 188
58 62
58 75
58 77
58 91
58 116
58 134
58 163
58 168
59 104
59 107
59 111
59 121
59 122
59 132
59 141
59 159
59 178
59 192
59 199
60 66
60 89
60 101
60 111
60 133
60 138
60 152
60 176
60 191
60 192
60 193
61 64
61 65
61 74
61 103
61 104
61 108
61 123
61 126
61 130
61 145
61 152
61 177
62 64
62 79
62 103
62 148
62 181
62 184
63 84
63 100
63 111
63 114
63 150
63 153
63 165
63 172
64 70
64 78
64 83
64 93
64 94
64 106
64 120
64 127
64 131
64 132
64 135
64 141
64 151
64 160
64 169
64 175
64 189
65 82
65 88
65 96
65 115
65 142
65 145
65 149
65 156
65 165
65 166
65 176
65 185
65 186
65 194
66 67
66 86
66 90
66 110
66 112
66 123
66 128
66 143
66 146
66 153
66 157
66 160
66 169
66 174
66 175
66 193
66 198
67 68
67 92
67 111
67 113
67 114
67 119
67 130
67 144
67 155
67 159
67 165
67 178
67 182
67 199
68 74
68 76
68 90
68 108
68 111
68 118
68 120
68 130
68 147
68 149
68 156
68 157
68 162
68 175
68 183
68 186
68 189
69 73
69 81
69 85
69 96
69 101
69 103
69 121
69 137
69 138
69 139
69 164
69 174
69 197
70 73
70 80
70 83
70 92
70 97
70 101
70 122
70 126
70 128
70 137
70 138
70 146
70 153
70 158
70 174
71 73
71 77
71 82
71 91
71 113
71 127
71 131
71 141
71 167
71 177
71 178
71 181
72 83
72 85
72 92
72 103
72 112
72 113
72 115
72 122
72 127
72 136
72 142
72 145
72 162
72 172
72 177
72 187
72 189
72 193
72 199
73 77
73 81
73 83
73 90
73 92
73 98
73 112
73 117
73 123
73 128
73 132
73 146
73 167
73 172
73 181
73 186
73 199
74 77
74 84
74 89
74 91
74 99
74 101
74 123
74 131
74 141
74 142
74 147
74 150
74 169
74 183
74 187
74 192
75 93
75 99
75 100
75 111
75 134
75 140
75 150
75 152
75 178
75 183
75 184
76 78
76 82
76 110
76 115
76 123
76 124
76 140
76 147
76 154
76 160
76 177
76 185
77 85
77 93
77 98
77 100
77 111
77 115
77 121
77 129
77 134
77 136
77 171
77 177
77 178
77 182
77 193
77 197
77 199
78 80
78 103
78 121
78 145
78 153
78 162
78 165
78 166
78 168
78 172
78 176
79 80
79 84
79 88
79 105
79 112
79 117
79 125
79 141
79 143
79 149
79 158
79 176
79 183
80 85
80 93
80 104
80 108
80 121
80 135
80 139
80 140
80 160
80 161
80 163
80 182
80 187
80 192
80 198
81 120
81 136
81 140
81 165
81 175
81 184
81 188
81 193
82 86
82 92
82 100
82 104
82 107
82 124
82 133
82 135
82 153
82 171
82 174
82 182
82 187
82 192
82 193
82 195
82 198
83 98
83 125
83 136
83 137
83 142
83 149
83 150
83 167
83 168
83 172
83 173
83 177
83 184
83 185
83 189
83 192
84 89
84 93
84 102
84 117
84 131
84 136
84 153
84 155
84 180
84 192
85 89
85 90
85 106
85 117
85 136
85 138
85 139
85 144
85 160
85 163
85 171
85 173
85 183
86 87
86 92
86 94
86 99
86 110
86 144
86 149
86 153
86 163
86 172
86 178
86 189
86 191
86 198
87 100
87 108
87 148
87 150
87 152
87 173
87 179
87 194
88 94
88 107
88 132
88 135
88 136
88 152
88 153
88 155
88 156
88 176
88 179
88 194
89 90
89 91
89 95
89 115
89 122
89 125
89 131
89 140
89 146
89 150
90 91
90 106
90 113
90 128
90 138
90 157
90 162
90 167
90 194
91 99
91 131
91 132
91 133
91 140
91 145
91 146
91 155
91 166
91 172
91 181
91 184
91 185
91 188
91 190
92 93
92 111
92 128
92 134
92 136
92 138
92 144
92 152
92 162
92 180
92 191
92 195
92 197
92 199
93 94
93 98
93 118
93 161
93 173
93 180
93 182
93 197
94 98
94 117
94 127
94 130
94 147
94 163
94 170
95 115
95 116
95 122
95 125
95 131
95 151
95 153
95 156
95 157
95 158
95 199
96 120
96 129
96 135
96 137
96 144
96 154
96 158
96 159
96 168
96 169
96 172
96 189
96 193
97 99
97 123
97 129
97 136
97 139
97 156
97 189
97 190
97 198
98 100
98 106
98 121
98 123
98 125
98 128
98 137
98 139
98 151
98 166
98 168
98 176
98 192
98 194
99 108
99 166
99 184
99 186
100 103
100 119
100 121
100 129
100 143
100 146
100 154
100 161
100 174
100 175
100 180
100 182
101 106
101 122
101 124
101 134
101 146
101 170
101 175
102 106
102 113
102 119
102 126
102 127
102 140
102 159
102 166
102 167
102 172
103 107
103 111
103 116
103 153
103 169
103 175
103 176
103 177
103 179
104 111
104 117
104 145
105 107
105 108
105 113
105 114
105 130
105 133
105 149
105 158
105 161
105 163
105 174
105 180
105 190
106 130
106 133
106 134
106 135
106 151
106 167
106 172
106 173
106 175
106 182
106 184
106 185
106 195
107 113
107 118
107 120
107 130
107 134
107 137
107 154
107 159
107 171
107 172
107 179
107 181
107 196
107 199
108 118
108 122
108 130
108 169
108 180
109 123
109 136
109 144
109 165
109 172
109 190
110 111
110 126
110 130
110 134
110 139
110 155
110 173
110 194
111 125
111 130
111 136
111 138
111 146
111 168
111 180
111 197
112 120
112 143
112 146
112 151
112 154
112 157
112 172
112 181
112 190
113 130
113 139
113 149
113 152
113 153
113 166
113 170
113 174
113 179
113 195
114 122
114 153
114 157
114 161
114 166
114 172
114 181
115 122
115 127
115 157
115 160
115 163
115 185
115 188
115 192
116 121
116 129
116 131
116 132
116 133
116 143
116 151
116 153
116 157
116 163
116 171
116 175
116 189
117 130
117 141
117 153
117 170
117 192
117 198
118 120
118 125
118 145
118 152
118 153
118 165
118 172
118 191
118 198
119 121
119 123
119 129
119 136
119 137
119 160
119 165
119 169
119 175
119 191
119 193
120 131
120 133
120 137
120 141
120 168
120 176
120 177
120 194
121 131
121 132
121 134
121 143
121 145
121 158
121 165
121 189
121 192
122 130
122 140
122 155
122 158
122 166
122 185
122 190
122 194
122 197
122 198
123 134
123 136
123 142
123 144
123 156
123 162
123 163
123 186
123 192
123 199
124 127
124 139
124 154
124 172
124 176
124 182
124 191
124 198
125 126
125 144
125 155
125 164
125 192
126 131
126 152
126 161
126 171
126 180
126 194
127 129
127 166
127 197
128 165
128 180
128 191
128 198
129 141
129 142
129 146
129 150
129 156
129 157
129 160
129 174
129 178
129 184
129 187
129 191
130 132
130 139
130 143
130 154
130 156
130 157
130 159
130 175
130 178
130 181
130 196
130 199
131 132
131 138
131 140
131 143
131 144
131 154
131 159
131 161
131 174
131 193
131 198
132 136
132 143
132 158
132 163
132 169
132 177
132 179
132 193
133 146
133 150
133 166
133 180
134 175
134 191
134 196
135 144
135 161
135 169
135 172
135 184
135 186
135 191
136 139
136 156
136 185
136 188
136 190
136 193
136 196
137 155
137 168
137 177
137 178
137 189
137 190
137 194
138 150
138 164
138 183
139 149
139 164
139 175
139 177
139 185
139 198
140 157
140 162
140 171
140 180
141 150
141 164
141 189
142 158
142 159
142 179
142 191
142 199
143 152
143 163
143 170
143 178
143 188
144 145
144 147
144 148
144 151
144 160
144 162
144 163
144 172
144 174
144 175
144 176
144 179
145 164
145 171
145 174
145 185
145 192
146 155
146 173
146 183
146 198
147 155
147 156
147 165
147 182
147 195
148 151
148 155
148 156
148 157
148 171
148 185
148 194
148 199
149 166
149 170
149 189
149 190
149 194
151 155
151 184
151 189
151 192
152 168
152 171
152 179
152 196
152 198
153 175
153 188
154 166
154 174
154 183
154 185
155 156
155 162
155 172
155 199
156 167
156 175
156 180
156 190
157 163
157 164
157 168
157 174
157 177
157 186
157 189
158 159
158 192
159 166
159 176
159 190
160 161
160 163
160 189
161 171
161 173
161 191
161 192
162 168
162 178
162 184
162 190
162 195
162 196
163 173
164 167
164 181
165 184
165 192
165 194
166 167
166 179
166 182
166 196
167 168
167 178
167 190
168 171
168 178
169 171
169 174
169 183
170 174
170 180
170 189
171 186
171 187
171 193
172 182
173 181
173 184
173 199
175 178
175 185
175 195
176 180
176 182
176 191
176 196
176 199
178 179
178 185
178 195
179 197
180 184
180 190
180 195
180 199
181 191
181 196
182 185
182 193
184 190
184 191
184 193
184 195
186 189
186 194
188 198
189 194
190 196
190 198
191 197
192 196
193 199
195 196
195 198
