0 2
0 10
0 24
0 31
0 44
0 48
0 52
0 54
0 59
0 69
0 73
0 74
0 77
0 99
0 128
0 131
0 147
0 150
0 154
0 166
0 169
0 187
1 6
1 8
1 27
1 31
1 36
1 59
1 76
1 83
1 106
1 122
1 132
1 144
1 152
1 153
1 169
1 178
1 196
2 30
2 36
2 44
2 45
2 49
2 74
2 118
2 120
2 135
2 178
3 5
3 14
3 21
3 31
3 48
3 86
3 108
3 116
3 117
3 127
3 133
3 144
3 150
3 160
3 163
3 164
3 170
4 5
4 8
4 20
4 27
4 56
4 58
4 72
4 73
4 75
4 89
4 104
4 107
4 114
4 124
4 132
4 135
4 145
4 149
4 154
4 166
4 184
4 190
4 193
4 199
5 7
5 11
5 34
5 39
5 40
5 41
5 53
5 65
5 67
5 70
5 82
5 84
5 92
5 102
5 106
5 109
5 133
5 139
5 144
5 146
5 165
5 175
6 9
6 10
6 16
6 20
6 30
6 40
6 57
6 70
6 85
6 131
6 132
6 167
6 176
6 197
6 199
7 8
7 18
7 27
7 48
7 87
7 92
7 106
7 108
7 111
7 117
7 143
7 144
7 150
7 166
7 170
8 19
8 44
8 61
8 67
8 77
8 91
8 114
8 119
8 126
8 129
8 133
8 152
8 155
8 158
8 160
8 161
8 169
8 177
8 179
8 194
9 20
9 23
9 31
9 40
9 48
9 54
9 60
9 62
9 65
9 67
9 89
9 99
9 114
9 118
9 121
9 123
9 128
9 143
9 149
9 152
9 153
9 169
9 183
10 13
10 24
10 34
10 37
10 48
10 51
10 67
10 73
10 108
10 110
10 118
10 119
10 121
10 124
10 133
10 151
10 162
10 167
10 175
10 183
10 186
10 187
10 193
10 196
11 20
11 38
11 52
11 69
11 78
11 89
11 97
11 103
11 125
11 130
11 136
11 148
11 166
11 170
11 171
11 181
11 188
11 196
12 23
12 29
12 31
12 38
12 40
12 47
12 65
12 71
12 76
12 95
12 106
12 112
12 114
12 126
12 139
12 141
12 148
12 167
12 174
13 23
13 27
13 29
13 66
13 67
13 69
13 71
13 73
13 92
13 128
13 134
13 141
13 166
13 171
13 177
13 182
13 184
13 185
13 188
13 189
14 15
14 20
14 31
14 62
14 89
14 150
14 155
14 172
15 16
15 19
15 35
15 64
15 66
15 70
15 88
15 90
15 104
15 108
15 114
15 117
15 127
15 133
15 137
15 153
15 160
15 162
15 171
15 173
15 178
15 182
15 193
15 198
16 17
16 33
16 39
16 47
16 49
16 58
16 60
16 67
16 87
16 98
16 101
16 142
16 146
16 154
16 160
16 166
16 168
16 179
16 183
17 31
17 37
17 48
17 61
17 89
17 107
17 110
17 132
17 134
17 163
17 164
17 167
17 178
17 186
17 189
17 194
17 195
18 25
18 27
18 29
18 41
18 58
18 59
18 68
18 77
18 80
18 87
18 97
18 127
19 39
19 48
19 58
19 65
19 67
19 70
19 86
19 89
19 98
19 101
19 108
19 110
19 115
19 126
19 130
19 135
19 164
19 165
19 175
19 177
19 186
19 193
20 21
20 30
20 34
20 40
20 64
20 75
20 76
20 96
20 102
20 103
20 104
20 119
20 128
20 138
20 151
20 162
20 175
20 187
21 25
21 29
21 57
21 66
21 89
21 93
21 96
21 101
21 121
21 122
21 123
21 131
21 148
21 157
21 193
21 197
22 25
22 39
22 52
22 58
22 68
22 71
22 75
22 89
22 96
22 121
22 141
22 168
22 175
22 184
22 196
22 197
23 35
23 41
23 45
23 47
23 66
23 80
23 112
23 122
23 143
23 170
23 182
23 193
24 26
24 53
24 54
24 84
24 86
24 90
24 94
24 98
24 124
24 127
24 132
24 134
24 139
24 159
24 171
24 175
24 176
24 187
24 197
24 199
25 28
25 32
25 38
25 56
25 60
25 61
25 70
25 97
25 114
25 115
25 146
25 151
25 167
25 171
25 188
25 192
26 39
26 59
26 65
26 70
26 96
26 110
26 115
26 123
26 129
26 140
26 142
26 158
26 160
26 162
26 170
26 187
26 191
27 35
27 47
27 69
27 76
27 87
27 95
27 116
27 130
27 133
27 135
27 173
27 188
27 190
28 32
28 37
28 40
28 46
28 66
28 67
28 73
28 85
28 95
28 111
28 120
28 126
28 142
28 146
28 150
28 176
28 192
29 37
29 50
29 55
29 62
29 68
29 79
29 89
29 100
29 102
29 103
29 110
29 129
29 139
29 159
29 168
29 170
29 177
30 43
30 44
30 51
30 62
30 63
30 84
30 86
30 98
30 115
30 118
30 119
30 146
30 152
30 154
30 161
30 163
30 165
30 169
30 176
30 183
30 185
30 188
30 193
31 47
31 51
31 55
31 66
31 72
31 91
31 107
31 110
31 116
31 122
31 132
31 148
31 163
31 175
31 198
32 35
32 44
32 59
32 62
32 85
32 97
32 98
32 110
32 118
32 124
32 125
32 137
32 146
32 157
32 170
32 178
32 180
32 183
33 42
33 46
33 51
33 91
33 93
33 97
33 100
33 108
33 109
33 112
33 122
33 143
33 148
33 160
33 165
33 168
33 183
33 189
33 190
33 193
33 197
34 45
34 54
34 61
34 69
34 88
34 89
34 104
34 127
34 140
34 144
34 156
34 176
34 196
35 41
35 43
35 45
35 74
35 97
35 100
35 103
35 108
35 114
35 121
35 122
35 152
35 156
35 165
35 177
35 190
36 41
36 49
36 50
36 54
36 55
36 81
36 86
36 92
36 95
36 103
36 104
36 110
36 121
36 123
36 129
36 133
36 135
36 138
36 192
37 42
37 46
37 51
37 54
37 55
37 61
37 86
37 93
37 119
37 149
37 157
38 39
38 57
38 60
38 80
38 112
38 121
38 124
38 134
38 135
38 140
38 174
39 40
39 52
39 110
39 114
39 142
39 144
39 149
39 154
39 174
39 190
40 45
40 56
40 58
40 60
40 63
40 81
40 90
40 122
40 125
40 153
40 168
40 169
40 180
40 187
41 65
41 68
41 84
41 96
41 145
41 150
41 156
41 163
41 184
41 192
41 193
42 65
42 74
42 139
42 161
42 164
42 178
42 195
43 44
43 58
43 60
43 80
43 81
43 89
43 116
43 153
43 154
43 158
43 160
43 175
43 178
43 196
43 197
44 46
44 85
44 91
44 104
44 107
44 114
44 117
44 122
44 126
44 143
44 146
44 152
44 161
44 171
44 178
44 182
44 185
44 196
45 75
45 78
45 81
45 83
45 124
45 133
45 143
45 144
45 165
45 166
45 192
46 52
46 58
46 90
46 92
46 121
46 126
46 128
46 145
46 152
46 160
46 194
46 199
47 50
47 57
47 70
47 83
47 98
47 101
47 108
47 117
47 126
47 127
47 155
47 159
47 179
47 190
48 57
48 61
48 81
48 85
48 92
48 105
48 111
48 114
48 123
48 159
48 173
48 175
48 185
48 188
48 192
48 196
49 63
49 65
49 73
49 74
49 81
49 91
49 118
49 120
49 150
49 158
49 163
49 188
49 196
50 93
50 98
50 104
50 111
50 130
50 143
50 157
50 162
50 165
50 184
51 57
51 66
51 71
51 80
51 84
51 104
51 109
51 114
51 117
51 118
51 143
51 145
51 168
51 189
51 199
52 59
52 62
52 65
52 69
52 88
52 109
52 121
52 132
52 146
52 169
52 171
52 191
53 69
53 72
53 84
53 87
53 98
53 129
53 138
53 140
53 153
53 158
53 162
53 164
53 172
53 189
54 81
54 96
54 99
54 111
54 115
54 148
54 149
54 161
54 165
55 62
55 67
55 75
55 85
55 86
55 96
55 97
55 102
55 127
55 139
55 147
55 155
55 158
55 161
55 177
55 181
55 186
55 189
56 67
56 74
56 92
56 96
56 102
56 106
56 117
56 130
56 134
56 138
56 139
56 156
56 179
56 188
57 59
57 68
57 91
57 103
57 114
57 115
57 122
57 172
57 188
58 72
58 77
58 84
58 85
58 96
58 106
58 115
58 140
58 145
58 147
58 148
58 152
58 189
58 195
59 62
59 64
59 71
59 79
59 80
59 93
59 102
59 130
59 136
59 141
59 145
59 158
59 161
59 167
59 174
59 184
59 195
60 78
60 84
60 101
60 105
60 110
60 141
60 149
60 174
60 184
60 198
61 68
61 71
61 92
61 136
61 160
61 161
61 167
61 176
61 178
61 179
62 64
62 70
62 92
62 98
62 101
62 113
62 123
62 147
62 173
62 174
62 197
63 64
63 68
63 79
63 90
63 98
63 112
63 126
63 127
63 132
63 133
63 134
63 151
63 164
63 184
64 78
64 91
64 102
64 110
64 127
64 145
64 148
64 151
64 152
64 168
64 169
64 188
64 192
64 193
65 94
65 128
65 129
65 130
65 132
65 133
65 149
65 156
65 160
65 171
65 176
65 177
65 182
65 183
65 185
65 189
66 73
66 84
66 105
66 116
66 119
66 120
66 126
66 135
66 151
66 160
66 180
67 68
67 77
67 80
67 99
67 106
67 116
67 126
67 140
67 148
67 158
67 163
67 172
67 179
67 186
68 70
68 71
68 82
68 83
68 98
68 124
68 125
68 132
68 133
68 142
68 145
68 146
68 150
68 151
68 174
68 176
68 185
68 191
68 198
69 76
69 141
69 143
69 146
69 162
69 167
69 172
69 177
69 195
70 72
70 74
70 95
70 130
70 131
70 137
70 141
70 148
70 153
70 168
70 172
71 86
71 104
71 110
71 112
71 114
71 135
71 172
71 179
71 180
71 184
71 188
72 76
72 84
72 85
72 98
72 112
72 119
72 123
72 126
72 147
72 160
72 198
73 85
73 125
73 131
73 138
73 144
73 150
73 160
73 170
73 176
73 195
74 77
74 89
74 99
74 100
74 104
74 117
74 146
74 152
74 154
74 168
75 95
75 107
75 113
75 118
75 119
75 124
75 134
75 138
75 139
75 145
75 155
75 177
75 188
75 196
76 92
76 121
76 129
76 142
76 161
76 167
76 174
76 198
77 87
77 105
77 107
77 108
77 110
77 113
77 121
77 129
77 130
77 148
77 151
77 164
77 172
77 177
77 180
77 185
78 79
78 110
78 120
78 125
78 130
78 133
78 135
78 158
78 169
78 184
78 192
79 90
79 107
79 115
79 119
79 120
79 131
79 132
79 142
79 158
79 165
79 174
79 182
79 193
79 197
79 199
80 86
80 88
80 104
80 106
80 107
80 115
80 119
80 134
80 139
80 151
80 154
80 167
80 182
81 95
81 99
81 111
81 136
81 139
81 164
81 169
81 170
81 171
81 183
81 190
82 84
82 92
82 97
82 100
82 115
82 126
82 140
82 167
82 181
83 100
83 101
83 107
83 114
83 117
83 133
83 146
83 161
83 168
83 169
83 173
83 177
83 180
83 185
83 196
84 108
84 114
84 126
84 127
84 136
84 141
84 144
84 149
84 153
84 166
84 183
84 184
84 185
84 193
85 90
85 93
85 94
85 122
85 137
85 156
85 160
85 168
85 174
85 186
86 88
86 89
86 110
86 111
86 117
86 146
86 172
87 91
87 98
87 141
87 145
87 147
87 148
87 170
87 173
87 178
87 182
87 187
87 196
88 93
88 97
88 100
88 133
88 158
88 166
88 169
88 174
88 178
88 185
88 191
89 94
89 101
89 104
89 105
89 108
89 140
89 152
89 157
89 171
89 174
89 190
89 199
90 96
90 100
90 115
90 123
90 129
90 149
90 163
90 174
90 191
91 121
91 123
91 143
91 149
91 154
91 155
91 158
91 168
91 179
92 101
92 109
92 110
92 115
92 123
92 131
92 148
92 151
92 158
92 181
92 190
93 116
93 119
93 129
93 138
93 145
93 147
93 153
93 170
93 172
93 177
93 184
94 99
94 100
94 131
94 136
94 158
94 161
94 169
94 176
94 181
94 198
95 99
95 119
95 127
95 134
95 136
95 149
95 173
95 180
95 190
95 195
96 104
96 115
96 124
96 141
96 142
96 146
96 147
96 168
96 173
96 188
96 192
97 118
97 131
97 133
97 134
97 143
97 156
97 176
97 187
97 195
97 197
98 104
98 119
98 178
98 185
99 111
99 129
99 156
99 160
99 164
99 171
99 182
99 183
99 184
99 191
99 195
99 196
100 107
100 108
100 118
100 123
100 130
100 142
100 155
100 166
100 173
100 177
100 185
100 196
100 197
101 113
101 121
101 129
101 136
101 139
101 150
101 156
101 174
101 183
101 187
101 191
101 197
102 114
102 132
102 137
102 138
102 139
102 143
102 145
102 149
102 155
102 159
102 181
102 199
103 111
103 141
103 155
103 169
103 182
104 113
104 118
104 131
104 135
104 151
104 180
104 198
105 111
105 138
105 141
105 154
105 160
105 171
105 173
105 196
106 133
106 135
106 140
106 145
106 182
106 194
107 125
107 130
107 149
107 151
107 178
107 180
107 188
107 196
107 197
108 118
108 121
108 127
108 138
108 145
108 146
108 149
108 165
108 174
108 187
109 113
109 115
109 138
109 182
110 117
110 125
110 134
110 140
110 157
110 189
111 121
111 125
111 134
111 138
111 148
111 167
111 188
111 197
112 118
112 133
112 142
112 152
112 157
112 163
112 176
112 197
113 114
113 119
113 131
113 150
113 153
113 159
113 162
113 170
113 188
114 119
114 121
114 128
114 133
114 137
114 144
114 146
114 150
114 166
114 167
114 176
114 194
115 135
115 156
115 158
115 161
115 179
115 180
115 197
115 198
116 128
116 134
116 168
116 170
116 171
117 120
117 124
117 145
117 151
117 172
117 194
118 120
118 132
118 136
118 154
118 193
119 125
119 136
119 140
119 164
119 169
119 174
119 185
119 188
119 189
120 123
120 126
120 133
120 151
120 153
120 158
120 164
120 169
120 174
120 178
121 126
121 136
121 143
121 148
121 167
121 168
121 170
121 191
121 193
121 196
122 125
122 132
122 155
122 164
122 195
123 126
123 138
123 153
123 155
123 163
123 168
123 172
123 179
123 193
123 194
123 199
124 181
124 188
124 194
124 198
125 131
125 148
125 161
125 175
125 179
125 198
126 135
126 137
126 138
126 144
126 151
126 157
126 161
126 166
126 169
126 176
126 183
126 187
127 132
127 133
127 139
127 159
127 168
127 169
127 181
128 139
128 146
128 162
128 184
128 192
129 137
129 149
129 174
129 176
129 183
129 194
129 197
130 141
130 155
130 164
130 168
130 170
130 172
131 137
131 164
131 175
131 186
131 193
132 141
132 149
132 150
132 181
132 193
133 142
133 158
133 176
133 178
133 180
133 181
133 185
134 142
134 151
134 152
134 162
134 171
134 176
134 193
135 146
135 149
135 157
135 164
135 169
135 176
135 178
135 185
135 188
136 139
136 145
136 149
136 150
136 155
136 186
137 142
138 144
138 152
138 153
138 154
138 176
139 143
139 165
139 168
139 171
139 192
140 157
140 176
140 179
140 190
141 142
141 143
141 145
141 168
141 170
141 172
141 173
141 193
142 144
142 157
142 171
142 175
142 197
142 198
143 148
143 167
143 173
143 177
143 192
143 199
144 149
144 153
144 164
144 179
144 189
144 192
145 148
145 160
145 161
145 169
145 184
145 186
146 147
146 148
146 157
146 165
146 174
146 175
146 184
146 192
146 193
147 191
147 197
148 149
148 152
148 155
148 162
148 169
148 172
148 183
148 190
148 198
148 199
149 159
149 185
150 157
150 165
150 177
150 182
150 188
150 189
151 157
151 158
151 173
151 175
151 189
152 166
152 173
152 174
152 178
152 182
153 184
154 155
154 160
154 166
154 176
154 188
154 191
154 195
154 198
155 165
155 182
155 191
155 196
156 168
156 180
156 183
157 167
157 169
157 187
157 197
158 163
158 174
158 195
159 163
159 178
160 190
161 177
161 179
162 170
162 185
163 165
163 174
163 180
163 192
163 197
164 172
164 177
164 178
164 195
165 184
166 170
166 188
167 168
167 169
167 198
168 179
168 184
168 190
168 194
168 197
169 189
170 176
170 184
170 195
170 198
171 174
171 184
171 196
172 177
172 188
172 198
174 180
174 183
174 189
174 190
174 195
174 197
174 199
176 180
176 191
178 179
178 188
178 190
178 197
179 187
180 184
180 196
181 191
181 192
183 193
184 193
184 194
184 197
185 189
185 194
186 192
186 193
186 194
186 198
188 195
190 192
190 198
190 199
194 198
196 197
