0 15
0 35
0 37
0 53
0 68
0 72
0 90
0 130
0 132
0 133
0 151
0 161
0 188
0 192
1 4
1 8
1 9
1 15
1 27
1 31
1 70
1 78
1 81
1 125
1 131
1 146
1 162
1 164
1 165
1 168
1 173
1 176
1 194
1 195
2 5
2 7
2 11
2 14
2 17
2 34
2 38
2 43
2 57
2 60
2 65
2 66
2 83
2 86
2 95
2 97
2 114
2 125
2 129
2 130
2 149
2 160
2 183
2 191
2 193
3 23
3 28
3 43
3 45
3 70
3 85
3 106
3 115
3 120
3 128
3 137
3 153
3 166
3 169
3 182
3 193
4 13
4 31
4 35
4 42
4 43
4 53
4 58
4 61
4 76
4 79
4 99
4 104
4 112
4 142
4 143
4 158
4 189
4 199
5 7
5 24
5 27
5 28
5 30
5 54
5 67
5 71
5 81
5 87
5 88
5 103
5 114
5 118
5 151
5 154
5 164
5 184
5 185
5 191
6 14
6 34
6 43
6 46
6 52
6 53
6 67
6 81
6 92
6 120
6 145
6 152
6 154
6 156
6 169
6 172
6 174
6 182
6 183
6 196
7 21
7 22
7 35
7 37
7 40
7 49
7 57
7 74
7 77
7 91
7 107
7 128
7 133
7 135
7 136
7 142
7 195
7 198
8 11
8 15
8 16
8 17
8 23
8 42
8 44
8 52
8 60
8 65
8 82
8 96
8 97
8 102
8 103
8 105
8 157
8 163
8 187
8 188
8 199
9 12
9 27
9 30
9 41
9 48
9 71
9 89
9 91
9 94
9 101
9 105
9 114
9 138
9 139
9 148
9 173
9 178
9 185
9 190
9 192
9 194
10 32
10 38
10 52
10 53
10 60
10 61
10 68
10 75
10 79
10 80
10 81
10 85
10 90
10 98
10 104
10 108
10 116
10 121
10 156
10 162
10 169
10 172
10 188
10 195
10 197
11 23
11 27
11 39
11 44
11 49
11 53
11 85
11 90
11 101
11 103
11 105
11 129
11 145
11 147
11 163
11 165
11 168
11 178
11 188
11 199
12 19
12 36
12 42
12 50
12 68
12 73
12 87
12 106
12 154
12 159
12 178
12 188
12 194
13 19
13 28
13 32
13 37
13 61
13 73
13 77
13 86
13 102
13 112
13 125
13 131
13 134
13 142
13 150
13 167
13 179
13 186
13 195
14 52
14 74
14 83
14 86
14 98
14 129
14 139
14 146
14 153
14 170
14 184
14 189
15 16
15 28
15 64
15 68
15 77
15 78
15 98
15 120
15 122
15 127
15 130
15 136
15 164
15 168
15 188
15 191
15 192
15 193
16 17
16 28
16 33
16 51
16 74
16 77
16 85
16 87
16 96
16 105
16 108
16 137
16 160
16 197
16 199
17 23
17 31
17 35
17 49
17 57
17 61
17 64
17 75
17 77
17 91
17 97
17 104
17 105
17 107
17 110
17 111
17 123
17 132
17 139
17 142
17 145
17 146
17 162
17 177
18 44
18 48
18 56
18 60
18 66
18 68
18 77
18 79
18 80
18 99
18 101
18 104
18 115
18 116
18 124
18 144
18 147
18 149
18 163
18 169
18 173
18 174
18 183
18 185
18 198
19 20
19 54
19 73
19 111
19 114
19 117
19 120
19 122
19 136
19 147
19 151
19 158
19 161
19 180
20 28
20 34
20 40
20 49
20 61
20 103
20 116
20 123
20 126
20 127
20 128
20 131
20 137
20 140
20 141
20 143
20 145
20 164
21 24
21 29
21 32
21 66
21 72
21 101
21 108
21 111
21 136
21 162
21 170
21 178
22 31
22 34
22 36
22 64
22 71
22 85
22 88
22 90
22 100
22 104
22 132
22 155
22 169
22 182
22 184
22 190
22 198
23 48
23 57
23 58
23 64
23 76
23 98
23 99
23 106
23 107
23 114
23 117
23 126
23 130
23 146
23 168
23 170
23 171
23 198
24 30
24 32
24 39
24 45
24 49
24 73
24 80
24 81
24 85
24 95
24 96
24 100
24 104
24 110
24 129
24 142
24 166
24 178
24 184
24 188
24 197
25 26
25 34
25 59
25 62
25 77
25 91
25 100
25 108
25 111
25 122
25 124
25 140
25 143
25 159
25 163
25 168
25 170
25 191
25 197
26 27
26 50
26 64
26 79
26 84
26 85
26 89
26 96
26 103
26 113
26 115
26 117
26 133
26 153
26 159
26 167
26 168
26 176
26 180
26 184
26 189
27 28
27 34
27 54
27 58
27 61
27 63
27 76
27 85
27 88
27 90
27 101
27 108
27 113
27 123
27 146
27 150
27 178
27 187
27 190
27 197
27 199
28 29
28 42
28 50
28 69
28 75
28 77
28 88
28 95
28 142
28 155
28 167
28 177
28 183
29 40
29 43
29 55
29 71
29 96
29 100
29 113
29 122
29 126
29 130
29 139
29 141
29 156
29 175
29 183
29 187
30 31
30 32
30 34
30 45
30 50
30 65
30 67
30 80
30 109
30 113
30 114
30 124
30 154
30 176
30 186
31 50
31 54
31 60
31 68
31 78
31 96
31 101
31 104
31 114
31 134
31 155
31 171
31 185
31 193
31 196
31 199
32 34
32 51
32 52
32 70
32 76
32 81
32 89
32 94
32 106
32 118
32 119
32 126
32 128
32 143
32 149
32 151
32 156
32 168
32 195
33 37
33 52
33 56
33 60
33 62
33 70
33 76
33 87
33 88
33 93
33 105
33 106
33 109
33 121
33 123
33 127
33 166
33 181
34 36
34 44
34 50
34 54
34 91
34 92
34 97
34 156
34 159
34 161
34 176
34 179
34 182
34 188
34 191
34 194
35 50
35 57
35 61
35 64
35 90
35 101
35 115
35 132
35 149
35 155
35 174
35 177
35 188
36 42
36 59
36 60
36 64
36 74
36 96
36 99
36 116
36 139
36 141
36 142
36 147
36 152
36 158
36 166
36 191
37 45
37 49
37 54
37 56
37 60
37 71
37 80
37 91
37 95
37 102
37 104
37 125
37 129
37 132
37 133
37 135
37 138
37 139
37 141
37 153
37 169
37 172
37 173
37 176
37 178
37 182
37 190
38 43
38 55
38 65
38 68
38 72
38 76
38 95
38 111
38 135
38 144
38 147
38 161
38 168
38 180
38 181
38 187
38 197
39 40
39 45
39 55
39 61
39 62
39 68
39 86
39 87
39 109
39 122
39 130
39 131
39 143
39 159
39 167
39 180
39 181
39 184
39 185
39 194
40 45
40 46
40 55
40 61
40 102
40 126
40 172
40 173
40 174
40 178
40 179
41 54
41 66
41 80
41 92
41 100
41 112
41 119
41 120
41 131
41 148
41 164
41 167
42 58
42 59
42 72
42 85
42 95
42 108
42 121
42 122
42 127
42 186
42 189
42 193
42 199
43 49
43 63
43 66
43 77
43 81
43 95
43 141
43 148
43 164
43 177
43 196
43 198
44 48
44 56
44 65
44 76
44 78
44 110
44 118
44 154
44 157
44 189
45 61
45 66
45 84
45 106
45 109
45 130
45 131
45 158
45 161
45 166
45 171
45 174
45 190
45 199
46 61
46 63
46 68
46 92
46 111
46 115
46 122
46 127
46 138
46 140
46 141
46 189
47 48
47 49
47 68
47 73
47 77
47 85
47 87
47 116
47 125
47 136
47 137
47 146
47 157
47 160
47 165
48 55
48 64
48 75
48 93
48 98
48 119
48 123
48 132
48 133
48 143
48 150
48 154
48 159
48 160
49 69
49 72
49 73
49 98
49 100
49 101
49 103
49 118
49 162
49 173
49 191
50 54
50 55
50 73
50 77
50 81
50 87
50 89
50 94
50 106
50 117
50 134
50 135
50 151
50 164
50 165
50 169
50 170
50 178
50 185
50 187
50 189
50 195
51 57
51 70
51 71
51 89
51 91
51 96
51 99
51 108
51 120
51 121
51 127
51 128
51 142
51 158
51 171
51 186
51 194
52 68
52 78
52 86
52 98
52 103
52 106
52 115
52 135
52 137
52 174
52 175
52 187
52 199
53 69
53 70
53 84
53 90
53 103
53 114
53 138
53 148
53 151
53 160
53 173
53 176
53 191
53 192
53 195
54 55
54 65
54 76
54 78
54 94
54 97
54 114
54 124
54 139
54 146
54 148
54 161
54 165
54 172
54 176
54 177
54 193
55 56
55 70
55 72
55 73
55 76
55 80
55 113
55 123
55 124
55 128
55 142
55 189
56 67
56 79
56 98
56 99
56 100
56 113
56 133
56 148
56 156
56 163
56 164
56 178
56 195
56 197
57 66
57 68
57 71
57 75
57 77
57 106
57 110
57 115
57 118
57 124
57 170
57 177
57 179
57 188
57 191
58 59
58 65
58 68
58 71
58 93
58 155
58 170
58 176
58 178
59 63
59 69
59 79
59 83
59 90
59 99
59 104
59 108
59 120
59 139
59 162
59 174
59 187
60 67
60 91
60 93
60 96
60 100
60 111
60 114
60 119
60 124
60 166
60 181
60 197
61 96
61 100
61 104
61 107
61 117
61 121
61 124
61 133
61 134
61 138
61 139
61 143
61 148
61 155
61 158
61 166
61 172
61 179
61 197
62 65
62 82
62 88
62 89
62 104
62 118
62 135
62 141
62 143
62 154
62 196
62 197
63 96
63 121
63 123
63 125
63 127
63 129
63 132
63 142
63 148
63 150
63 153
63 162
63 165
63 174
63 185
63 188
63 189
63 192
63 194
63 199
64 75
64 80
64 84
64 86
64 95
64 96
64 105
64 139
64 156
64 177
64 191
65 79
65 109
65 110
65 112
65 125
65 140
65 179
65 181
65 186
66 72
66 75
66 117
66 121
66 139
66 144
66 147
66 149
66 151
66 180
66 183
67 73
67 84
67 95
67 117
67 120
67 125
67 133
67 142
67 147
67 151
67 162
67 185
68 83
68 86
68 103
68 107
68 194
68 197
68 199
69 90
69 104
69 121
69 128
69 150
69 153
69 155
69 172
69 194
69 196
70 77
70 81
70 89
70 90
70 96
70 104
70 126
70 149
70 151
70 162
70 175
70 186
70 188
71 97
71 102
71 111
71 128
71 129
71 134
71 137
71 141
71 146
71 157
71 159
71 160
71 183
71 189
71 197
71 198
72 82
72 86
72 87
72 95
72 119
72 127
72 153
72 158
72 163
72 164
73 74
73 99
73 106
73 115
73 116
73 117
73 130
73 156
73 166
73 178
73 180
73 199
74 86
74 97
74 128
74 137
74 139
74 162
74 191
75 84
75 90
75 119
75 128
75 165
75 192
75 198
76 78
76 83
76 103
76 121
76 131
76 144
76 150
76 155
76 188
77 87
77 99
77 112
77 113
77 147
77 155
77 160
77 188
77 197
78 116
78 117
78 131
78 159
78 162
78 186
78 195
78 196
79 80
79 81
79 92
79 114
79 135
79 153
79 174
79 186
79 193
79 195
80 82
80 85
80 97
80 101
80 107
80 114
80 124
80 150
80 170
80 192
81 100
81 132
81 137
81 139
81 141
81 142
81 155
81 156
81 163
81 165
81 173
81 188
81 193
82 91
82 100
82 114
82 121
82 123
82 129
82 139
82 148
82 151
82 162
82 175
82 177
83 133
83 135
83 157
83 180
83 197
83 199
84 110
84 141
84 152
84 176
84 180
84 191
85 100
85 120
85 127
85 128
85 148
85 150
85 164
85 190
85 193
85 198
85 199
86 98
86 100
86 126
86 129
86 141
86 163
86 169
86 184
86 189
87 94
87 98
87 109
87 116
87 117
87 124
87 130
87 133
87 136
87 145
87 158
87 175
87 179
88 116
88 122
88 135
88 149
88 191
89 105
89 115
89 118
89 127
89 129
89 131
89 139
89 155
89 162
89 170
89 172
89 179
89 184
89 188
89 195
90 98
90 99
90 110
90 120
90 125
90 130
90 133
90 136
90 143
90 161
90 168
90 179
90 182
90 188
90 195
91 101
91 119
91 123
91 186
92 94
92 105
92 126
92 156
92 172
93 102
93 106
93 119
93 122
93 128
93 141
93 154
93 157
93 158
93 179
93 185
93 197
94 113
94 118
94 146
94 151
94 157
94 171
94 176
94 180
95 105
95 108
95 115
95 132
95 158
95 163
95 169
95 177
95 178
95 186
95 191
95 192
96 103
96 117
96 126
96 139
96 144
96 151
96 159
96 172
96 174
96 180
96 189
96 191
97 103
97 124
97 160
97 173
97 181
97 184
97 193
98 106
98 119
98 131
98 144
98 151
98 171
98 178
98 198
98 199
99 107
99 108
99 117
99 127
99 130
99 162
99 164
99 167
99 171
99 191
99 196
99 198
100 106
100 108
100 127
100 133
100 149
100 160
100 174
100 188
100 196
101 119
101 120
101 127
101 130
101 150
101 151
101 155
101 164
101 167
101 172
101 178
101 179
101 193
102 115
102 120
102 126
102 140
102 147
102 151
102 159
102 167
102 193
103 110
103 111
103 117
103 120
103 122
103 142
103 150
103 156
103 164
103 181
103 188
104 110
104 126
104 127
104 136
104 142
104 158
104 168
104 182
104 199
105 107
105 115
105 116
105 119
105 125
105 127
105 132
105 137
105 172
105 182
105 187
105 189
105 190
105 191
105 194
106 110
106 134
106 146
106 153
106 177
106 179
106 182
106 183
106 184
106 194
107 126
107 140
107 149
107 158
108 117
108 124
108 127
108 135
108 148
108 162
108 183
109 110
109 113
109 130
109 155
109 161
109 166
109 180
109 181
109 182
109 190
109 194
110 111
110 112
110 126
110 135
110 151
110 161
110 168
110 179
110 183
110 196
111 118
111 133
111 136
111 176
111 188
112 143
112 161
112 175
112 176
112 179
112 185
113 119
113 141
113 156
113 165
113 171
113 194
114 129
114 142
114 148
114 156
114 179
114 181
114 189
114 190
115 122
115 123
115 125
115 128
115 142
115 145
115 154
115 184
115 199
116 122
116 125
116 127
116 137
116 140
116 142
116 147
116 152
116 166
116 168
116 171
116 172
116 173
116 174
116 178
116 185
116 191
117 134
117 136
117 139
117 141
117 153
117 168
117 176
117 184
118 125
118 138
118 139
118 147
118 148
118 151
118 157
118 160
118 165
118 169
118 179
118 188
118 191
118 198
119 124
119 139
119 144
119 149
119 179
119 182
119 189
120 123
120 130
120 142
120 151
120 154
120 161
120 164
120 165
120 174
120 198
121 145
121 151
121 162
122 125
122 153
122 180
123 131
123 139
123 141
123 146
123 161
123 164
123 198
124 128
124 140
124 142
124 152
124 164
124 172
124 176
125 130
125 163
125 171
125 187
125 188
126 130
126 132
126 140
126 142
126 147
126 150
126 152
126 166
127 133
127 146
127 147
127 171
127 178
127 179
127 187
128 140
128 142
128 180
128 192
129 137
129 140
129 179
129 181
129 190
129 191
130 136
130 152
130 156
130 177
130 180
130 186
130 194
131 153
131 176
132 160
132 164
133 135
133 137
133 163
133 175
133 179
133 194
133 195
134 135
134 146
134 149
134 151
135 154
135 158
135 170
135 173
135 174
135 176
135 180
135 198
135 199
136 138
136 143
136 159
136 169
136 173
136 177
136 183
136 186
136 189
136 190
136 199
137 141
137 144
137 165
137 184
138 161
138 164
138 177
138 178
138 184
138 185
139 152
139 160
139 162
139 171
139 191
139 196
140 164
140 182
140 197
141 145
141 163
141 186
141 187
141 196
141 197
142 177
142 178
142 188
142 198
143 161
143 197
144 162
144 168
144 177
144 183
144 185
144 194
144 196
145 147
145 156
146 162
146 178
146 189
146 190
146 191
146 199
147 171
147 174
147 177
147 198
148 159
148 164
148 168
148 177
148 182
148 184
148 192
148 198
149 162
149 169
149 176
149 182
150 155
150 157
150 162
150 167
150 178
150 182
150 195
151 156
151 161
151 173
151 174
152 164
152 165
152 169
152 183
152 188
153 161
153 176
153 178
153 198
154 170
154 195
155 168
155 178
155 189
155 191
156 157
156 161
156 163
156 175
156 179
156 180
156 189
156 191
156 197
157 166
157 169
157 188
158 159
158 182
158 188
158 199
159 165
159 186
159 194
159 199
160 173
160 181
160 196
160 198
161 178
161 186
161 187
162 199
163 166
164 187
164 197
166 173
166 196
166 197
167 186
167 190
168 181
168 182
168 186
169 170
169 172
169 179
169 192
170 183
171 179
171 182
172 180
172 182
172 185
172 193
172 196
172 198
174 181
174 197
175 186
175 188
175 198
176 180
177 179
177 186
177 198
178 196
179 181
180 185
180 187
181 192
181 195
181 197
181 198
182 198
184 185
184 198
185 197
186 193
190 192
190 193
190 199
192 198
193 195
194 197
195 199
