0 59
0 67
0 75
0 89
0 92
0 94
0 96
0 105
0 116
0 117
0 145
0 146
0 157
0 160
0 163
0 175
0 176
0 184
0 186
0 198
1 4
1 5
1 18
1 20
1 26
1 41
1 48
1 49
1 56
1 61
1 62
1 66
1 78
1 87
1 94
1 97
1 110
1 125
1 127
1 135
1 136
1 138
1 141
1 152
1 163
1 172
1 173
1 193
1 194
2 15
2 28
2 29
2 30
2 33
2 46
2 51
2 52
2 57
2 59
2 66
2 70
2 83
2 86
2 93
2 95
2 99
2 106
2 113
2 117
2 120
2 124
2 130
2 132
2 141
2 148
2 150
2 155
2 164
2 171
2 182
2 185
2 193
2 194
2 196
3 4
3 5
3 12
3 29
3 36
3 37
3 50
3 51
3 58
3 60
3 61
3 63
3 70
3 71
3 92
3 94
3 100
3 108
3 109
3 113
3 125
3 129
3 145
3 153
3 157
3 163
3 168
3 172
3 176
3 177
3 188
3 193
3 196
4 7
4 16
4 19
4 21
4 22
4 32
4 37
4 42
4 44
4 54
4 56
4 71
4 73
4 80
4 84
4 89
4 98
4 101
4 107
4 108
4 115
4 120
4 124
4 135
4 137
4 141
4 145
4 151
4 155
4 164
4 166
4 169
4 173
4 196
5 6
5 13
5 14
5 17
5 22
5 23
5 36
5 38
5 39
5 55
5 64
5 68
5 80
5 85
5 97
5 99
5 104
5 115
5 120
5 126
5 134
5 141
5 150
5 156
5 160
5 161
6 8
6 17
6 25
6 26
6 27
6 32
6 34
6 36
6 45
6 64
6 82
6 85
6 87
6 92
6 99
6 109
6 113
6 121
6 128
6 131
6 147
6 149
6 153
6 159
6 161
6 164
6 166
6 171
6 180
6 182
6 189
6 195
7 13
7 18
7 23
7 30
7 32
7 46
7 49
7 55
7 64
7 74
7 78
7 82
7 84
7 94
7 111
7 115
7 124
7 125
7 131
7 136
7 143
7 155
7 158
7 162
7 171
7 174
7 183
7 192
7 193
7 195
8 13
8 24
8 27
8 29
8 32
8 46
8 63
8 68
8 82
8 84
8 101
8 103
8 105
8 107
8 136
8 138
8 148
8 151
8 160
8 170
8 182
9 10
9 12
9 14
9 21
9 24
9 27
9 31
9 37
9 43
9 46
9 51
9 52
9 54
9 59
9 69
9 70
9 73
9 88
9 95
9 100
9 112
9 113
9 131
9 132
9 137
9 150
9 152
9 163
9 169
9 171
9 172
9 173
9 179
10 18
10 23
10 26
10 27
10 31
10 33
10 35
10 51
10 67
10 70
10 76
10 83
10 90
10 100
10 104
10 106
10 112
10 117
10 120
10 123
10 128
10 133
10 151
10 156
10 164
10 166
10 167
10 169
10 182
10 186
10 188
11 14
11 27
11 31
11 45
11 58
11 81
11 95
11 107
11 117
11 121
11 123
11 129
11 139
11 149
11 160
11 161
11 163
11 168
11 179
11 184
11 187
11 189
12 13
12 21
12 22
12 24
12 25
12 31
12 32
12 46
12 48
12 52
12 55
12 59
12 63
12 71
12 72
12 86
12 91
12 93
12 94
12 104
12 105
12 113
12 124
12 152
12 154
12 165
12 173
12 183
12 191
13 21
13 29
13 44
13 58
13 63
13 75
13 77
13 84
13 86
13 93
13 146
13 152
13 156
13 165
13 168
13 171
13 173
13 192
13 197
14 36
14 38
14 41
14 44
14 54
14 74
14 81
14 83
14 93
14 105
14 107
14 112
14 123
14 126
14 137
14 144
14 152
14 154
14 159
14 172
14 194
15 16
15 27
15 28
15 31
15 37
15 38
15 40
15 41
15 43
15 48
15 50
15 58
15 77
15 81
15 92
15 95
15 99
15 109
15 118
15 124
15 128
15 133
15 149
15 166
15 171
15 182
15 184
15 194
15 198
16 19
16 21
16 32
16 36
16 40
16 42
16 43
16 48
16 60
16 70
16 76
16 80
16 82
16 93
16 101
16 112
16 113
16 127
16 136
16 143
16 144
16 145
16 147
16 148
16 160
16 165
16 171
16 180
16 181
16 184
16 185
16 187
16 195
16 198
17 18
17 26
17 27
17 50
17 53
17 59
17 62
17 66
17 69
17 70
17 84
17 87
17 98
17 99
17 100
17 106
17 107
17 111
17 138
17 155
17 167
17 173
17 185
17 189
17 195
18 19
18 24
18 30
18 55
18 65
18 90
18 91
18 107
18 113
18 117
18 120
18 141
18 144
18 147
18 148
18 149
18 150
18 155
18 162
18 170
18 178
18 179
18 188
18 194
18 197
18 198
19 24
19 55
19 56
19 66
19 67
19 72
19 95
19 105
19 115
19 117
19 119
19 133
19 135
19 139
19 141
19 150
19 172
19 181
19 183
19 196
19 198
19 199
20 26
20 31
20 36
20 43
20 60
20 75
20 78
20 79
20 82
20 89
20 91
20 92
20 106
20 123
20 127
20 144
20 146
20 148
20 158
20 160
20 167
20 187
20 192
20 194
21 24
21 44
21 47
21 52
21 67
21 74
21 81
21 84
21 87
21 90
21 92
21 115
21 116
21 123
21 128
21 150
21 153
21 154
21 155
21 157
21 159
21 165
21 166
21 174
21 175
21 183
21 188
21 191
21 193
22 38
22 39
22 41
22 44
22 46
22 48
22 49
22 52
22 54
22 67
22 74
22 77
22 81
22 84
22 94
22 111
22 112
22 124
22 138
22 144
22 153
22 156
22 160
22 168
22 175
22 179
22 189
22 190
22 191
22 198
23 25
23 28
23 67
23 73
23 84
23 97
23 108
23 127
23 138
23 147
23 152
23 168
23 179
23 180
23 181
23 199
24 31
24 36
24 38
24 57
24 63
24 72
24 79
24 89
24 98
24 99
24 100
24 107
24 111
24 125
24 129
24 142
24 156
24 163
24 164
24 169
24 177
24 183
24 196
25 31
25 32
25 39
25 49
25 52
25 55
25 56
25 64
25 75
25 80
25 88
25 93
25 97
25 99
25 103
25 116
25 119
25 123
25 124
25 126
25 129
25 130
25 136
25 142
25 143
25 147
25 150
25 158
25 162
25 168
25 172
25 175
25 176
25 177
25 179
25 193
25 198
26 29
26 30
26 33
26 44
26 46
26 47
26 54
26 57
26 58
26 60
26 63
26 66
26 71
26 75
26 82
26 83
26 91
26 93
26 96
26 100
26 102
26 110
26 113
26 121
26 141
26 147
26 159
26 160
26 167
26 187
26 192
26 194
26 195
27 55
27 59
27 66
27 82
27 96
27 103
27 112
27 126
27 137
27 145
27 152
27 158
27 180
27 187
27 195
27 196
28 35
28 39
28 49
28 51
28 55
28 70
28 73
28 75
28 78
28 93
28 95
28 104
28 105
28 121
28 125
28 133
28 135
28 138
28 152
28 155
28 159
28 167
28 171
28 177
28 183
28 187
28 199
29 31
29 39
29 43
29 53
29 54
29 55
29 67
29 73
29 88
29 95
29 107
29 111
29 114
29 123
29 129
29 131
29 137
29 138
29 141
29 143
29 145
29 147
29 150
29 152
29 155
29 166
29 174
29 181
29 195
30 31
30 34
30 37
30 44
30 50
30 56
30 70
30 75
30 76
30 81
30 82
30 84
30 88
30 89
30 93
30 96
30 110
30 115
30 119
30 130
30 144
30 147
30 160
30 169
30 179
30 187
30 188
30 193
30 194
31 33
31 37
31 38
31 55
31 56
31 58
31 64
31 69
31 72
31 82
31 99
31 101
31 103
31 105
31 107
31 125
31 128
31 130
31 132
31 133
31 134
31 143
31 144
31 145
31 146
31 156
31 158
31 163
31 169
31 179
31 180
31 189
32 37
32 39
32 46
32 51
32 71
32 79
32 83
32 84
32 86
32 100
32 108
32 111
32 118
32 126
32 134
32 143
32 147
32 148
32 156
32 160
32 163
32 168
32 175
32 189
32 190
32 197
32 198
33 34
33 41
33 42
33 43
33 51
33 59
33 60
33 68
33 85
33 87
33 104
33 105
33 112
33 119
33 121
33 124
33 136
33 142
33 147
33 160
33 162
33 166
33 172
33 176
33 191
33 193
33 197
33 199
34 39
34 44
34 49
34 51
34 54
34 55
34 68
34 74
34 79
34 81
34 90
34 91
34 93
34 94
34 98
34 102
34 106
34 112
34 130
34 132
34 133
34 142
34 149
34 151
34 153
34 158
34 161
34 179
34 187
34 189
34 194
34 195
34 197
35 41
35 52
35 55
35 60
35 65
35 66
35 78
35 92
35 93
35 111
35 118
35 121
35 127
35 130
35 139
35 144
35 151
35 154
35 175
35 183
35 184
35 197
36 37
36 44
36 48
36 49
36 50
36 65
36 78
36 81
36 90
36 97
36 98
36 117
36 123
36 127
36 132
36 133
36 146
36 151
36 156
36 179
36 180
36 181
36 183
36 191
36 194
37 40
37 47
37 54
37 55
37 68
37 69
37 74
37 86
37 89
37 99
37 109
37 113
37 116
37 128
37 129
37 134
37 135
37 142
37 155
37 159
37 165
37 173
37 181
37 184
37 186
37 191
38 40
38 41
38 45
38 54
38 56
38 63
38 67
38 70
38 72
38 81
38 88
38 91
38 95
38 115
38 116
38 117
38 119
38 122
38 128
38 129
38 131
38 140
38 146
38 151
38 156
38 157
38 158
38 162
38 163
38 174
38 178
38 199
39 64
39 70
39 74
39 79
39 91
39 92
39 93
39 101
39 113
39 123
39 124
39 126
39 129
39 148
39 163
39 166
39 170
40 49
40 61
40 90
40 99
40 111
40 117
40 126
40 128
40 135
40 138
40 146
40 156
40 164
40 167
40 174
40 176
40 179
40 183
40 184
40 185
40 189
40 191
40 195
41 43
41 44
41 51
41 54
41 55
41 56
41 66
41 79
41 91
41 95
41 98
41 109
41 110
41 115
41 128
41 135
41 136
41 148
41 149
41 153
41 157
41 160
41 162
41 164
41 173
41 176
41 178
41 183
41 188
42 57
42 97
42 116
42 117
42 121
42 127
42 131
42 141
42 158
42 161
42 163
42 166
42 172
42 191
43 47
43 50
43 53
43 62
43 78
43 80
43 97
43 104
43 105
43 117
43 118
43 119
43 127
43 129
43 144
43 145
43 149
43 154
43 163
43 167
43 175
43 177
43 181
43 191
44 53
44 61
44 66
44 68
44 80
44 85
44 87
44 103
44 106
44 109
44 131
44 134
44 143
44 152
44 154
44 163
44 168
44 174
44 175
44 177
44 178
45 50
45 53
45 56
45 66
45 79
45 81
45 98
45 104
45 111
45 123
45 127
45 141
45 142
45 146
45 157
45 165
45 173
45 187
46 50
46 54
46 59
46 65
46 67
46 77
46 83
46 91
46 102
46 115
46 116
46 117
46 119
46 122
46 138
46 139
46 141
46 142
46 144
46 155
46 167
46 169
46 182
47 54
47 66
47 68
47 79
47 80
47 81
47 83
47 85
47 86
47 91
47 94
47 97
47 106
47 110
47 112
47 115
47 121
47 123
47 128
47 131
47 137
47 139
47 143
47 146
47 147
47 151
47 160
47 161
47 165
47 176
48 53
48 54
48 70
48 78
48 80
48 86
48 94
48 98
48 103
48 107
48 112
48 113
48 123
48 127
48 129
48 140
48 158
48 159
48 166
48 167
48 175
48 178
48 192
48 199
49 67
49 71
49 73
49 74
49 80
49 81
49 83
49 101
49 107
49 116
49 121
49 124
49 134
49 138
49 141
49 142
49 149
49 157
49 163
49 166
49 169
49 172
49 181
49 182
49 184
49 188
49 189
49 195
49 196
49 197
50 87
50 93
50 95
50 107
50 112
50 142
50 147
50 160
50 177
50 192
50 194
50 198
51 65
51 67
51 69
51 72
51 88
51 90
51 97
51 99
51 102
51 111
51 112
51 113
51 114
51 118
51 120
51 124
51 128
51 134
51 141
51 143
51 173
51 176
51 179
51 183
51 190
51 195
52 60
52 61
52 66
52 69
52 77
52 100
52 126
52 140
52 143
52 153
52 155
52 176
52 179
52 187
52 190
53 56
53 68
53 78
53 84
53 92
53 100
53 107
53 109
53 117
53 119
53 120
53 130
53 133
53 135
53 162
53 165
53 171
53 180
53 184
53 190
54 56
54 83
54 86
54 93
54 105
54 106
54 110
54 112
54 114
54 130
54 136
54 139
54 140
54 146
54 151
54 154
54 156
54 164
54 171
54 172
54 189
54 192
54 195
54 196
55 56
55 65
55 68
55 84
55 85
55 100
55 117
55 119
55 121
55 143
55 144
55 147
55 149
55 156
55 157
55 165
55 173
55 177
55 182
55 192
55 199
56 67
56 68
56 71
56 76
56 88
56 89
56 98
56 103
56 105
56 123
56 136
56 140
56 149
56 150
56 154
56 159
56 161
56 168
56 170
56 178
56 184
56 196
57 60
57 72
57 77
57 80
57 81
57 84
57 86
57 90
57 101
57 102
57 105
57 110
57 114
57 130
57 132
57 139
57 143
57 154
57 156
57 171
57 177
58 63
58 64
58 69
58 72
58 73
58 81
58 85
58 86
58 91
58 98
58 100
58 103
58 110
58 116
58 120
58 126
58 132
58 139
58 142
58 146
58 163
58 180
58 182
58 189
58 193
59 67
59 71
59 77
59 80
59 82
59 86
59 91
59 92
59 95
59 98
59 106
59 109
59 114
59 123
59 130
59 140
59 141
59 152
59 153
59 154
59 162
59 164
59 171
59 177
59 187
59 188
59 198
60 62
60 63
60 73
60 75
60 88
60 92
60 97
60 102
60 107
60 116
60 117
60 121
60 122
60 133
60 135
60 141
60 150
60 158
60 162
60 165
60 170
60 171
60 180
60 182
61 66
61 75
61 85
61 90
61 96
61 108
61 113
61 115
61 116
61 117
61 121
61 122
61 124
61 125
61 130
61 134
61 140
61 151
61 152
61 153
61 164
61 181
61 189
61 190
61 192
61 197
62 78
62 82
62 85
62 90
62 93
62 122
62 125
62 129
62 142
62 146
62 147
62 148
62 154
62 170
62 175
62 181
62 182
62 187
62 190
62 193
63 79
63 81
63 87
63 98
63 104
63 118
63 127
63 131
63 142
63 144
63 152
63 154
63 168
63 173
63 174
63 187
63 193
63 194
63 195
64 72
64 82
64 93
64 95
64 102
64 115
64 119
64 120
64 130
64 148
64 153
64 157
64 158
64 165
64 166
64 170
64 171
64 185
64 190
64 192
65 66
65 67
65 81
65 101
65 111
65 117
65 120
65 121
65 129
65 135
65 146
65 153
65 170
65 173
65 185
65 190
66 70
66 79
66 80
66 82
66 98
66 111
66 113
66 122
66 123
66 128
66 151
66 153
66 154
66 158
66 166
66 171
66 176
66 188
67 73
67 81
67 93
67 94
67 98
67 102
67 104
67 115
67 126
67 128
67 129
67 134
67 145
67 147
67 152
67 153
67 159
67 162
67 163
67 178
67 182
67 183
67 188
67 191
68 81
68 83
68 84
68 89
68 95
68 96
68 98
68 107
68 109
68 111
68 112
68 121
68 127
68 128
68 133
68 136
68 143
68 148
68 149
68 153
68 155
68 159
68 163
68 167
68 177
68 178
68 180
68 186
68 187
68 189
68 190
69 72
69 77
69 80
69 99
69 105
69 117
69 128
69 161
69 166
69 183
70 73
70 75
70 76
70 79
70 82
70 85
70 97
70 100
70 112
70 118
70 125
70 126
70 130
70 138
70 141
70 144
70 172
70 173
70 181
70 190
71 75
71 76
71 77
71 90
71 116
71 121
71 133
71 149
71 151
71 161
71 165
71 166
71 167
71 168
71 171
71 181
71 190
71 192
72 74
72 83
72 89
72 90
72 91
72 108
72 110
72 111
72 112
72 115
72 119
72 123
72 124
72 144
72 185
72 188
73 78
73 88
73 97
73 127
73 132
73 139
73 140
73 145
73 146
73 149
73 160
73 163
73 167
73 180
73 184
73 186
73 188
73 194
73 196
74 76
74 80
74 81
74 82
74 88
74 89
74 96
74 110
74 112
74 116
74 123
74 138
74 151
74 157
74 158
74 160
74 170
74 180
74 195
75 78
75 82
75 83
75 86
75 90
75 94
75 95
75 96
75 100
75 103
75 106
75 114
75 140
75 149
75 155
75 156
75 177
75 190
76 79
76 86
76 88
76 89
76 91
76 98
76 109
76 125
76 128
76 131
76 134
76 136
76 137
76 140
76 144
76 173
76 176
76 185
77 78
77 86
77 101
77 105
77 110
77 140
77 146
77 151
77 152
77 154
77 156
77 166
77 176
77 184
77 187
77 191
78 83
78 88
78 93
78 99
78 102
78 106
78 110
78 111
78 112
78 114
78 117
78 124
78 126
78 127
78 137
78 142
78 149
78 150
78 158
78 164
78 174
78 182
78 187
78 197
79 97
79 101
79 103
79 105
79 110
79 120
79 152
79 159
79 168
79 172
79 173
79 176
79 180
79 187
79 189
79 197
80 90
80 94
80 104
80 105
80 107
80 111
80 123
80 126
80 135
80 142
80 166
80 167
80 175
80 185
80 198
81 107
81 114
81 118
81 125
81 134
81 142
81 143
81 144
81 169
81 172
81 174
81 181
81 192
81 193
81 196
82 103
82 115
82 127
82 135
82 141
82 156
82 180
82 196
83 85
83 92
83 102
83 110
83 111
83 124
83 128
83 137
83 142
83 143
83 149
83 153
83 160
83 171
83 176
83 193
84 85
84 86
84 90
84 97
84 99
84 104
84 107
84 114
84 120
84 124
84 126
84 133
84 142
84 153
84 163
84 164
84 172
84 175
84 177
84 178
84 182
84 183
84 193
84 194
85 91
85 94
85 102
85 103
85 104
85 116
85 118
85 159
85 160
85 161
85 163
85 177
85 178
85 181
85 189
85 190
85 191
85 197
86 87
86 109
86 113
86 124
86 138
86 146
86 154
86 156
86 158
86 159
86 165
86 166
86 169
86 171
86 180
86 193
87 100
87 107
87 110
87 118
87 132
87 134
87 161
87 185
87 190
88 98
88 99
88 104
88 106
88 117
88 122
88 123
88 125
88 138
88 141
88 144
88 147
88 157
88 167
88 169
88 179
88 180
88 181
88 184
88 194
89 108
89 123
89 127
89 139
89 144
89 149
89 153
89 162
89 164
89 171
89 173
89 180
89 183
89 189
89 195
89 197
90 95
90 102
90 108
90 127
90 132
90 135
90 137
90 141
90 171
90 186
90 192
91 100
91 104
91 110
91 121
91 124
91 127
91 135
91 149
91 151
91 155
91 172
91 173
91 192
92 98
92 111
92 124
92 140
92 144
92 151
92 155
92 158
92 163
92 168
92 173
92 177
92 183
93 96
93 103
93 111
93 127
93 140
93 147
93 155
93 161
93 168
93 192
93 199
94 96
94 103
94 107
94 110
94 111
94 126
94 127
94 137
94 140
94 148
94 149
94 155
94 175
94 179
94 182
94 198
95 99
95 110
95 118
95 123
95 128
95 136
95 156
95 159
95 160
95 183
95 187
95 190
96 100
96 103
96 111
96 125
96 136
96 151
96 166
96 170
96 187
96 195
96 199
97 105
97 112
97 115
97 119
97 123
97 129
97 134
97 138
97 141
97 142
97 149
97 150
97 168
97 177
97 186
97 192
98 101
98 105
98 108
98 119
98 127
98 133
98 139
98 144
98 150
98 173
98 183
98 184
98 188
98 193
98 194
98 197
98 199
99 103
99 105
99 108
99 109
99 110
99 112
99 114
99 118
99 138
99 144
99 146
99 160
99 168
99 171
99 188
99 191
99 193
100 107
100 110
100 129
100 130
100 136
100 145
100 148
100 152
100 163
100 173
100 187
100 189
100 190
100 191
100 192
101 107
101 119
101 125
101 130
101 131
101 133
101 143
101 152
101 160
101 170
101 173
101 174
101 180
101 186
101 187
101 193
102 109
102 125
102 133
102 134
102 141
102 149
102 159
102 176
102 178
102 190
102 193
102 194
103 104
103 106
103 107
103 111
103 126
103 135
103 136
103 139
103 140
103 149
103 150
103 151
103 152
103 155
103 158
103 162
103 178
103 188
103 195
104 106
104 112
104 113
104 116
104 120
104 127
104 136
104 143
104 156
104 159
104 162
104 164
104 171
104 180
104 190
104 199
105 107
105 132
105 136
105 153
105 158
105 159
105 164
105 165
105 183
105 186
105 193
105 195
105 197
106 122
106 137
106 146
106 150
106 151
106 161
106 162
106 166
106 168
106 170
106 176
106 178
106 181
106 195
106 199
107 111
107 114
107 124
107 133
107 139
107 140
107 143
107 149
107 151
107 158
107 164
107 169
107 171
107 174
107 184
107 187
107 190
107 198
108 113
108 124
108 129
108 131
108 146
108 158
108 164
108 175
108 186
108 194
109 123
109 148
109 157
109 168
109 175
109 180
109 186
110 114
110 131
110 133
110 134
110 150
110 151
110 152
110 180
110 187
110 190
111 130
111 133
111 138
111 146
111 150
111 152
111 153
111 162
111 166
111 174
111 175
111 177
111 178
111 186
111 194
111 198
112 122
112 123
112 126
112 132
112 134
112 146
112 159
112 162
112 164
112 177
112 182
112 192
112 195
113 120
113 123
113 124
113 127
113 128
113 131
113 142
113 143
113 152
113 155
113 157
113 168
113 171
113 175
113 181
113 195
114 133
114 134
114 139
114 144
114 145
114 146
114 158
114 163
114 167
114 172
114 173
114 181
114 183
114 187
115 123
115 134
115 136
115 143
115 145
115 156
115 161
115 172
115 175
115 178
116 119
116 128
116 140
116 143
116 153
116 159
116 169
116 173
116 177
116 182
116 183
116 184
116 192
116 193
116 195
116 199
117 122
117 126
117 130
117 140
117 158
117 176
117 187
117 188
117 191
118 121
118 137
118 140
118 142
118 146
118 149
118 157
118 165
118 167
118 176
118 179
118 181
118 183
118 187
118 194
118 197
118 198
119 127
119 129
119 132
119 136
119 144
119 154
119 164
119 166
119 172
119 173
119 174
119 198
120 131
120 133
120 136
120 140
120 141
120 145
120 146
120 148
120 154
120 155
120 156
120 158
120 174
120 175
120 179
120 181
120 191
121 122
121 124
121 125
121 156
121 160
121 161
121 163
121 170
121 189
121 194
121 197
121 198
122 130
122 140
122 143
122 153
122 155
122 157
122 162
122 163
122 169
122 172
122 173
122 181
122 183
122 184
122 193
123 124
123 128
123 129
123 130
123 135
123 136
123 139
123 145
123 148
123 151
123 157
123 158
123 172
123 195
124 139
124 142
124 144
124 145
124 153
124 154
124 156
124 158
124 163
124 165
124 168
124 185
124 192
124 195
125 134
125 136
125 143
125 151
125 159
125 163
125 165
125 175
125 181
125 183
125 195
125 198
126 128
126 138
126 146
126 147
126 148
126 160
126 170
126 171
126 172
126 186
126 192
126 199
127 129
127 137
127 141
127 152
127 155
127 159
127 165
127 168
127 185
127 190
127 199
128 142
128 144
128 148
128 153
128 154
128 155
128 156
128 164
128 168
128 169
128 176
128 177
128 180
128 181
128 196
129 140
129 141
129 163
129 171
129 173
129 182
129 186
129 191
130 143
130 145
130 156
130 160
130 177
130 192
131 132
131 157
131 161
131 163
131 164
131 169
131 174
131 182
131 184
131 185
131 197
131 198
132 133
132 136
132 139
132 161
132 169
132 187
132 193
133 139
133 149
133 154
133 162
133 166
133 177
133 183
133 193
133 194
134 139
134 147
134 155
134 159
134 161
134 165
134 166
134 168
134 170
134 173
134 177
134 181
134 184
134 187
134 190
134 195
135 142
135 144
135 160
135 169
135 186
135 193
136 137
136 141
136 154
136 160
136 163
136 178
136 184
136 189
136 191
136 195
136 196
137 141
137 143
137 146
137 160
137 161
137 162
137 165
137 167
137 173
137 178
137 189
137 192
138 141
138 147
138 156
138 163
138 182
139 141
139 143
139 144
139 148
139 155
139 156
139 157
139 160
139 164
139 169
139 172
139 179
139 184
139 186
139 196
139 198
140 143
140 147
140 150
140 154
140 155
140 156
140 157
140 161
140 167
140 172
140 173
140 179
140 185
140 188
140 189
141 143
141 146
141 159
141 161
141 165
141 167
141 173
141 197
142 154
142 156
142 160
142 164
142 171
142 176
142 177
142 179
142 180
143 145
143 147
143 150
143 152
143 166
143 173
143 174
143 182
143 190
143 191
144 148
144 156
144 159
144 160
144 166
144 170
144 171
144 181
144 192
145 146
145 158
145 167
145 173
145 175
145 180
145 184
145 196
146 148
146 152
146 153
146 167
146 174
146 195
146 196
146 198
147 158
147 159
147 161
147 162
147 176
147 181
147 183
147 196
148 152
148 153
148 158
148 162
148 171
148 174
148 193
148 195
149 150
149 165
149 177
150 153
150 162
150 163
150 172
150 189
150 197
151 159
151 161
151 183
151 187
151 189
151 190
151 194
152 156
152 161
152 183
152 187
152 189
152 190
152 196
152 198
152 199
153 164
153 171
153 173
153 176
153 177
153 180
153 182
153 186
153 187
153 188
153 198
153 199
154 160
154 174
154 180
154 184
154 191
154 195
154 199
155 161
155 174
155 175
155 179
155 189
155 192
155 197
155 198
156 168
156 178
156 198
156 199
157 159
157 161
157 167
157 173
157 179
158 160
158 165
158 174
158 175
158 187
158 191
159 165
159 169
159 171
159 172
159 173
160 168
160 171
160 173
160 175
160 177
160 195
161 162
161 181
161 187
161 189
161 193
162 178
162 180
162 197
163 164
163 169
163 174
163 175
163 185
163 189
163 193
164 166
164 169
164 171
164 172
164 177
164 178
164 179
164 181
164 190
164 192
164 194
165 168
165 172
165 173
165 180
165 187
165 193
166 167
166 169
166 179
166 193
167 194
168 172
168 174
168 177
168 184
168 186
168 188
169 182
169 184
169 188
170 189
170 196
171 176
171 181
171 186
171 187
171 189
171 190
171 196
172 177
172 183
172 190
172 191
172 198
173 178
173 190
173 198
174 181
174 182
174 196
174 198
175 189
175 192
175 197
175 199
176 179
176 190
176 191
177 191
177 198
178 180
178 189
178 192
178 193
178 195
178 197
178 199
179 191
179 196
179 197
179 199
180 181
180 196
181 186
181 187
181 195
181 197
181 198
182 184
183 186
183 198
184 193
185 190
185 192
185 193
185 195
186 187
186 195
189 191
189 197
191 192
191 193
192 194
192 198
194 197
195 199
196 197
