0 14
0 41
0 46
0 47
0 68
0 74
0 95
0 104
0 126
0 127
0 128
0 130
0 153
0 199
1 6
1 16
1 19
1 32
1 37
1 60
1 82
1 93
1 99
1 122
1 126
1 140
1 150
1 153
1 164
1 165
1 172
1 178
1 185
1 195
2 17
2 20
2 41
2 45
2 48
2 54
2 67
2 70
2 87
2 90
2 103
2 120
2 125
2 133
2 136
2 139
2 145
2 151
2 156
2 157
2 161
2 173
2 181
2 193
2 195
3 7
3 16
3 19
3 32
3 36
3 46
3 58
3 73
3 78
3 79
3 81
3 91
3 92
3 110
3 114
3 119
3 139
3 144
3 147
3 149
3 155
3 163
3 175
3 179
3 181
3 195
4 7
4 12
4 36
4 39
4 43
4 55
4 57
4 63
4 69
4 73
4 84
4 92
4 104
4 106
4 118
4 120
4 124
4 127
4 129
4 136
4 173
5 20
5 27
5 43
5 46
5 60
5 85
5 108
5 110
5 112
5 115
5 127
5 152
5 155
5 157
5 173
6 13
6 15
6 28
6 62
6 85
6 123
6 127
6 133
6 141
6 149
6 158
6 160
6 180
6 183
6 187
6 189
6 197
7 9
7 17
7 24
7 37
7 41
7 43
7 50
7 53
7 56
7 60
7 63
7 66
7 87
7 102
7 113
7 139
7 143
7 154
7 162
7 163
7 169
7 174
7 190
7 195
7 197
8 9
8 11
8 13
8 28
8 33
8 46
8 48
8 57
8 69
8 72
8 76
8 78
8 83
8 106
8 122
8 130
8 134
8 135
8 138
8 143
8 148
8 164
8 170
8 176
8 179
8 181
8 184
8 193
9 10
9 12
9 27
9 49
9 57
9 62
9 67
9 70
9 71
9 81
9 101
9 138
9 143
9 147
9 150
9 160
9 168
9 180
10 16
10 18
10 30
10 40
10 43
10 55
10 78
10 84
10 85
10 105
10 110
10 122
10 134
10 150
10 163
10 172
10 173
10 179
10 190
10 194
11 18
11 38
11 43
11 47
11 58
11 91
11 116
11 143
11 148
11 155
11 160
11 173
11 177
11 181
11 186
11 195
12 14
12 75
12 86
12 89
12 94
12 126
12 139
12 144
12 149
12 152
12 166
12 174
12 178
12 190
12 196
13 27
13 34
13 36
13 43
13 53
13 98
13 123
13 143
13 152
13 153
13 184
13 186
14 15
14 28
14 33
14 36
14 48
14 54
14 55
14 65
14 69
14 72
14 83
14 85
14 87
14 89
14 115
14 134
14 146
14 154
14 156
14 161
14 164
14 171
14 172
14 175
14 176
14 182
14 185
15 27
15 33
15 39
15 43
15 45
15 48
15 56
15 67
15 68
15 97
15 114
15 124
15 125
15 134
15 142
15 151
15 159
15 166
15 175
15 183
15 193
15 195
16 34
16 49
16 80
16 113
16 114
16 115
16 125
16 135
16 139
16 165
16 167
16 168
16 173
16 191
16 197
17 29
17 36
17 46
17 63
17 64
17 86
17 87
17 95
17 106
17 107
17 121
17 122
17 125
17 129
17 134
17 137
17 139
17 144
17 154
17 157
17 166
17 170
17 197
18 27
18 35
18 48
18 53
18 63
18 67
18 99
18 102
18 116
18 119
18 128
18 130
18 140
18 153
18 169
18 192
18 196
19 21
19 27
19 31
19 33
19 39
19 41
19 46
19 48
19 60
19 62
19 70
19 77
19 86
19 87
19 90
19 106
19 126
19 132
19 133
19 152
19 157
19 169
19 185
19 192
20 40
20 50
20 58
20 72
20 78
20 86
20 100
20 120
20 123
20 133
20 136
20 137
20 145
20 155
20 164
20 174
20 180
20 183
20 189
20 193
20 197
21 27
21 29
21 46
21 51
21 61
21 84
21 103
21 113
21 131
21 148
21 163
21 164
21 185
22 25
22 33
22 95
22 130
22 148
22 149
22 186
22 192
22 193
22 197
23 59
23 67
23 72
23 85
23 120
23 134
23 149
23 167
23 175
23 176
23 187
23 188
23 191
24 30
24 59
24 65
24 68
24 70
24 72
24 73
24 75
24 83
24 97
24 119
24 120
24 121
24 127
24 133
24 134
24 144
24 145
24 160
24 163
24 166
24 183
24 186
25 33
25 61
25 77
25 82
25 97
25 100
25 107
25 109
25 126
25 131
25 138
25 141
25 197
26 27
26 38
26 90
26 98
26 108
26 116
26 140
26 142
26 168
27 33
27 36
27 47
27 50
27 62
27 83
27 94
27 96
27 102
27 118
27 142
27 162
27 163
27 165
27 169
27 175
27 176
27 186
28 32
28 37
28 63
28 71
28 75
28 78
28 97
28 139
28 166
28 174
28 176
28 180
28 186
28 195
28 196
29 46
29 66
29 73
29 75
29 97
29 101
29 112
29 115
29 120
29 121
29 127
29 142
29 178
29 190
30 44
30 49
30 56
30 69
30 80
30 83
30 94
30 110
30 111
30 117
30 136
30 141
30 143
30 150
30 172
30 174
30 178
30 186
30 188
30 192
31 42
31 58
31 64
31 79
31 87
31 93
31 100
31 108
31 110
31 126
31 143
31 150
31 153
31 158
31 161
31 165
31 184
31 187
31 190
31 199
32 35
32 47
32 53
32 66
32 75
32 78
32 98
32 104
32 125
32 132
33 38
33 44
33 54
33 63
33 81
33 98
33 114
33 121
33 125
33 131
33 133
33 140
33 143
33 154
33 156
33 177
33 181
33 187
33 188
33 194
33 195
33 198
34 42
34 58
34 79
34 83
34 103
34 121
34 145
34 147
34 150
34 189
35 36
35 44
35 61
35 71
35 72
35 81
35 82
35 94
35 100
35 128
35 136
35 143
35 144
35 169
35 178
35 183
35 199
36 52
36 69
36 73
36 80
36 100
36 101
36 118
36 154
36 157
36 160
36 196
36 199
37 40
37 50
37 67
37 68
37 69
37 93
37 105
37 112
37 156
37 166
37 174
37 179
37 182
37 186
37 188
37 193
37 198
38 40
38 43
38 45
38 53
38 61
38 78
38 87
38 89
38 93
38 94
38 110
38 111
38 126
38 128
38 140
38 141
38 145
38 155
38 156
38 168
38 173
38 190
38 197
39 46
39 62
39 74
39 75
39 78
39 79
39 84
39 118
39 124
39 137
39 145
39 158
39 162
39 173
39 175
39 178
39 193
40 50
40 61
40 76
40 91
40 102
40 104
40 106
40 108
40 114
40 115
40 121
40 122
40 127
40 128
40 135
40 142
40 152
40 164
40 174
40 178
40 184
41 53
41 63
41 75
41 103
41 104
41 122
41 136
41 148
41 153
41 158
41 162
41 175
41 176
41 179
41 180
42 75
42 76
42 83
42 85
42 87
42 90
42 99
42 106
42 118
42 126
42 137
42 158
42 173
42 174
42 176
42 199
43 47
43 49
43 52
43 60
43 69
43 85
43 88
43 97
43 103
43 135
43 139
43 145
43 151
43 152
43 158
43 159
43 176
43 182
43 186
44 45
44 72
44 88
44 90
44 94
44 122
44 129
44 132
44 133
44 146
44 148
44 177
44 187
44 188
45 63
45 76
45 77
45 103
45 114
45 147
45 163
45 174
45 178
45 180
46 55
46 57
46 63
46 79
46 94
46 101
46 120
46 122
46 127
46 131
46 154
46 156
46 158
46 165
46 174
46 186
46 194
47 55
47 59
47 66
47 78
47 81
47 82
47 108
47 111
47 135
47 141
47 142
47 146
47 147
47 149
47 154
47 163
47 170
47 199
48 49
48 52
48 54
48 55
48 58
48 67
48 109
48 116
48 142
48 164
48 171
48 175
48 178
48 184
49 63
49 73
49 90
49 99
49 103
49 112
49 115
49 133
49 140
49 149
49 167
49 181
49 188
50 59
50 64
50 69
50 82
50 89
50 108
50 109
50 110
50 124
50 125
50 129
50 131
50 142
50 161
50 166
50 169
50 195
50 199
51 73
51 82
51 105
51 115
51 126
51 133
51 136
51 142
51 144
51 150
51 155
51 173
51 178
51 181
51 184
51 185
51 188
51 189
51 194
52 83
52 87
52 102
52 124
52 133
52 134
52 137
52 141
52 152
52 153
52 163
52 174
53 61
53 76
53 77
53 95
53 97
53 105
53 108
53 124
53 129
53 139
53 146
53 156
53 166
53 177
54 70
54 78
54 82
54 99
54 112
54 120
54 129
54 137
54 143
54 155
54 166
54 195
55 56
55 61
55 77
55 89
55 92
55 118
55 159
55 161
55 177
55 181
55 190
55 195
56 63
56 80
56 83
56 95
56 97
56 108
56 117
56 156
56 170
56 176
56 181
56 190
57 58
57 65
57 69
57 71
57 87
57 94
57 108
57 117
57 128
57 146
57 147
57 153
57 162
57 163
57 166
58 60
58 61
58 67
58 85
58 86
58 89
58 127
58 131
58 146
58 147
58 149
58 155
58 162
58 167
58 178
58 181
59 79
59 96
59 107
59 108
59 126
59 136
59 139
59 142
59 147
59 157
59 160
59 162
59 165
59 166
59 168
59 169
59 177
59 185
59 193
60 81
60 84
60 95
60 96
60 101
60 104
60 109
60 110
60 115
60 118
60 131
60 132
60 134
60 142
60 143
60 153
60 160
60 180
60 187
61 66
61 79
61 83
61 87
61 104
61 111
61 139
61 142
61 148
61 153
61 191
62 76
62 77
62 84
62 113
62 129
62 141
62 152
62 153
62 157
62 165
62 168
62 177
62 197
63 65
63 75
63 79
63 83
63 87
63 93
63 96
63 105
63 116
63 122
63 123
63 129
63 133
63 145
63 165
63 181
64 82
64 97
64 98
64 113
64 129
64 141
64 143
64 148
64 150
64 161
64 172
64 174
64 177
64 198
65 75
65 80
65 82
65 96
65 112
65 115
65 139
65 150
65 159
65 170
65 178
65 180
65 183
65 194
66 71
66 121
66 124
66 159
66 163
66 164
66 175
66 179
66 181
67 78
67 82
67 92
67 95
67 96
67 112
67 113
67 114
67 121
67 130
67 132
67 137
67 164
67 181
67 195
67 198
68 72
68 105
68 107
68 124
68 126
68 130
68 132
68 150
68 152
68 169
68 176
68 189
68 193
68 196
69 91
69 101
69 105
69 114
69 119
69 126
69 130
69 134
69 141
69 160
69 168
69 171
69 198
70 79
70 87
70 89
70 93
70 110
70 146
70 152
70 157
70 175
70 181
71 79
71 80
71 94
71 110
71 118
71 137
71 139
71 153
71 162
71 178
71 183
71 185
71 191
71 197
72 88
72 93
72 105
72 110
72 113
72 125
72 154
72 181
72 188
72 199
73 77
73 122
73 144
73 170
73 190
74 83
74 88
74 98
74 129
74 157
74 163
75 115
75 121
75 128
75 134
75 135
75 163
75 182
75 186
76 86
76 94
76 96
76 102
76 123
76 127
76 132
76 142
76 145
76 159
76 164
76 166
76 169
76 181
76 192
76 198
77 89
77 92
77 93
77 130
77 135
77 168
78 81
78 82
78 85
78 95
78 108
78 121
78 133
78 140
78 145
78 162
78 177
78 192
79 80
79 86
79 98
79 102
79 108
79 112
79 134
79 165
79 176
79 177
79 178
79 179
79 190
80 84
80 109
80 112
80 141
80 144
80 153
80 185
81 86
81 93
81 106
81 118
81 123
81 133
81 137
81 142
81 143
81 147
81 164
81 173
81 178
81 183
81 199
82 90
82 101
82 111
82 118
82 119
82 131
82 132
82 141
82 148
82 149
82 162
82 184
83 84
83 87
83 96
83 109
83 110
83 119
83 129
83 147
83 150
83 155
83 157
83 160
83 166
83 194
83 195
83 198
84 95
84 98
84 110
84 129
84 132
84 144
84 154
84 168
84 169
84 175
84 176
84 180
84 181
84 182
84 187
84 189
84 191
84 196
85 108
85 129
85 130
85 136
85 155
85 172
85 191
85 192
86 101
86 107
86 110
86 112
86 129
86 138
86 178
86 181
86 182
86 191
86 194
87 96
87 126
87 127
87 166
87 179
87 191
88 103
88 126
88 149
88 158
88 161
88 164
88 181
88 183
88 191
88 195
89 103
89 116
89 118
89 139
89 169
89 176
90 94
90 98
90 104
90 105
90 114
90 116
90 123
90 135
90 151
90 163
90 166
90 171
90 196
91 117
91 118
91 121
91 124
91 138
91 139
91 145
91 153
91 155
91 160
91 178
91 186
91 190
91 195
92 95
92 99
92 105
92 131
92 150
92 152
92 160
92 172
92 176
92 188
92 191
92 193
93 121
93 129
93 131
93 155
93 190
93 193
94 108
94 114
94 128
94 132
94 134
94 146
94 164
94 176
94 193
95 98
95 99
95 104
95 109
95 123
95 124
95 150
95 158
95 180
96 98
96 109
96 111
96 131
96 134
96 139
96 146
96 153
96 195
96 198
97 100
97 107
97 124
97 128
97 131
97 140
97 153
97 161
97 174
97 182
97 194
97 199
98 123
98 128
98 140
98 151
98 154
98 156
98 170
98 172
99 108
99 113
99 117
99 123
99 130
99 149
99 154
99 158
99 182
99 183
99 188
99 196
100 133
100 145
100 148
100 161
100 170
100 182
100 185
100 195
101 102
101 113
101 133
101 168
101 173
102 106
102 116
102 120
102 130
102 135
102 138
102 147
102 162
102 168
102 172
102 175
102 181
102 186
102 194
102 197
102 198
103 111
103 115
103 124
103 139
103 156
103 162
103 165
103 173
103 175
103 186
103 188
104 119
104 132
104 142
104 143
104 155
104 163
104 185
104 195
105 108
105 121
105 127
105 128
105 154
105 178
105 180
105 181
105 190
105 192
105 197
106 128
106 158
106 180
106 188
106 193
106 199
107 108
107 112
107 132
107 139
107 141
107 154
107 174
107 175
107 178
107 180
107 186
107 190
107 191
107 196
107 197
108 113
108 118
108 131
108 133
108 134
108 137
108 152
108 159
108 165
108 174
108 194
109 125
109 132
109 143
109 175
109 185
110 127
110 155
110 169
110 173
110 189
110 190
111 124
111 126
111 127
111 141
111 156
111 160
111 162
111 172
111 175
112 142
112 144
112 148
112 156
112 170
112 174
112 185
112 186
112 189
112 191
113 123
113 136
113 152
113 169
113 174
113 184
113 186
114 125
114 140
114 141
114 162
114 163
114 168
114 185
114 188
114 189
115 124
115 127
115 135
115 136
115 137
115 161
115 164
115 166
115 187
115 190
115 196
116 120
116 157
116 163
116 170
116 177
116 178
116 194
117 127
117 153
117 188
118 137
118 138
118 146
118 156
118 192
119 145
119 156
119 162
119 168
119 181
119 184
120 138
120 144
120 153
120 171
120 174
120 187
120 198
121 138
121 141
121 149
121 150
121 156
121 162
121 166
121 175
121 188
121 191
121 192
122 131
122 137
122 140
122 145
122 157
122 173
122 178
122 185
122 188
122 191
122 198
122 199
123 143
123 146
123 154
123 155
123 158
123 159
123 167
123 177
123 195
124 141
124 152
124 159
124 163
124 170
124 173
124 185
125 132
125 158
125 160
125 163
125 179
125 187
126 130
126 131
126 137
126 143
126 155
126 161
127 139
127 143
127 150
127 192
128 129
128 137
128 147
128 160
128 177
128 181
128 185
128 189
128 190
129 137
129 138
129 159
129 170
129 180
129 184
129 196
130 140
130 196
131 139
131 159
131 168
131 176
131 189
132 134
132 152
132 158
132 162
132 163
132 183
132 196
133 137
133 165
133 179
133 181
133 182
133 188
133 189
134 153
134 194
135 194
136 146
136 150
136 152
136 161
136 165
136 171
136 172
136 179
136 197
136 199
137 138
137 141
137 162
137 178
137 180
137 186
137 190
138 151
138 170
138 171
138 180
138 186
138 191
138 194
139 140
139 141
139 144
139 157
139 158
139 162
139 180
139 185
139 198
139 199
140 143
140 157
140 163
140 166
140 168
140 192
140 193
140 195
141 153
141 156
141 164
141 166
141 167
141 198
142 151
142 154
142 156
142 176
142 179
142 182
142 192
142 194
142 195
143 149
143 152
143 165
143 176
143 183
144 159
144 160
144 165
144 199
145 151
145 167
146 159
146 167
146 174
146 180
146 188
147 148
147 159
147 191
148 157
148 172
148 194
148 198
149 156
149 180
149 193
149 194
150 152
150 179
150 195
151 184
151 188
152 179
152 181
152 199
153 162
153 173
153 181
153 182
153 189
153 191
154 164
154 171
154 172
154 190
154 192
155 183
155 185
155 186
156 170
157 171
157 180
157 186
157 191
158 163
158 176
158 178
158 179
158 194
159 171
159 175
159 192
160 176
160 190
161 175
161 194
162 163
162 177
162 184
163 169
163 177
164 179
164 189
164 199
165 170
165 180
165 183
165 184
166 169
166 175
166 188
166 194
167 174
167 175
167 177
167 179
167 183
167 198
167 199
168 187
169 187
170 172
170 192
170 196
171 198
172 194
172 198
173 180
173 181
174 179
175 176
175 178
175 190
175 191
176 189
176 195
178 190
179 180
180 199
181 185
181 189
181 191
181 193
182 187
183 184
183 186
183 194
184 185
185 186
185 191
185 195
185 198
185 199
186 193
187 193
189 191
189 192
189 196
189 198
191 193
192 195
195 199
196 199
