0 4
0 12
0 13
0 27
0 40
0 50
0 59
0 83
0 114
0 115
0 120
0 143
0 152
0 155
0 162
0 163
0 177
0 186
0 193
1 27
1 34
1 63
1 84
1 97
1 103
1 110
1 112
1 132
1 143
1 159
1 170
1 183
1 187
1 188
2 12
2 28
2 34
2 56
2 63
2 65
2 68
2 106
2 112
2 113
2 114
2 120
2 124
2 132
2 133
2 140
2 141
2 145
2 154
2 175
2 181
2 197
3 5
3 14
3 33
3 50
3 64
3 69
3 82
3 101
3 109
3 122
3 136
3 151
3 163
3 164
3 165
4 6
4 14
4 17
4 26
4 38
4 75
4 95
4 103
4 106
4 109
4 121
4 127
4 132
4 136
4 139
4 143
4 148
4 153
4 167
4 169
4 175
4 188
4 196
5 6
5 8
5 11
5 19
5 25
5 43
5 47
5 82
5 87
5 89
5 115
5 117
5 125
5 133
5 140
5 151
5 160
5 161
5 177
6 9
6 23
6 31
6 44
6 59
6 73
6 79
6 80
6 81
6 84
6 88
6 93
6 104
6 120
6 121
6 152
6 153
6 166
6 176
6 180
6 185
6 191
7 24
7 30
7 35
7 51
7 57
7 67
7 84
7 89
7 90
7 99
7 103
7 113
7 124
7 138
7 148
7 153
7 165
7 176
8 29
8 45
8 54
8 69
8 70
8 73
8 74
8 77
8 87
8 89
8 91
8 95
8 113
8 127
8 128
8 148
8 168
8 170
8 176
8 181
8 191
9 12
9 21
9 25
9 33
9 66
9 71
9 84
9 100
9 109
9 118
9 133
9 135
9 141
9 198
10 15
10 24
10 26
10 39
10 42
10 44
10 52
10 63
10 78
10 97
10 105
10 148
10 160
10 168
10 190
10 193
11 23
11 58
11 61
11 66
11 80
11 88
11 101
11 109
11 112
11 113
11 119
11 127
11 134
11 143
11 144
11 146
11 148
11 150
11 175
11 179
11 189
11 199
12 18
12 30
12 32
12 40
12 41
12 54
12 55
12 61
12 62
12 64
12 67
12 68
12 69
12 72
12 80
12 89
12 90
12 91
12 116
12 121
12 132
12 157
12 158
12 164
12 192
12 195
13 22
13 38
13 42
13 44
13 54
13 72
13 88
13 95
13 102
13 116
13 135
13 148
13 149
13 154
13 160
13 171
13 195
14 16
14 21
14 47
14 51
14 66
14 69
14 74
14 93
14 97
14 106
14 122
14 124
14 125
14 131
14 138
14 169
14 178
14 186
14 194
15 16
15 19
15 23
15 24
15 27
15 30
15 48
15 66
15 78
15 105
15 114
15 132
15 133
15 187
15 190
15 192
16 27
16 29
16 56
16 87
16 90
16 117
16 132
16 156
16 177
16 181
16 184
16 185
16 192
17 28
17 33
17 50
17 54
17 57
17 69
17 71
17 76
17 77
17 90
17 100
17 101
17 128
17 137
17 166
17 167
17 168
17 181
17 192
18 25
18 34
18 37
18 48
18 56
18 59
18 62
18 63
18 69
18 72
18 88
18 90
18 97
18 103
18 106
18 109
18 110
18 111
18 114
18 148
18 153
18 161
18 166
18 170
18 172
18 179
18 188
18 199
19 21
19 39
19 44
19 49
19 56
19 64
19 79
19 85
19 89
19 92
19 95
19 100
19 114
19 121
19 124
19 126
19 128
19 130
19 143
19 157
19 161
19 168
19 183
19 198
20 21
20 27
20 35
20 58
20 59
20 67
20 77
20 85
20 89
20 90
20 93
20 101
20 102
20 111
20 117
20 130
20 132
20 144
20 152
20 158
20 171
20 173
20 184
21 36
21 68
21 74
21 100
21 113
21 115
21 130
21 141
21 161
21 165
21 172
21 186
21 188
21 197
22 25
22 34
22 50
22 54
22 55
22 61
22 67
22 70
22 77
22 127
22 155
22 163
22 168
22 169
22 174
22 177
23 44
23 53
23 61
23 83
23 89
23 93
23 94
23 99
23 102
23 110
23 116
23 153
23 155
23 159
23 160
23 161
23 184
24 34
24 40
24 55
24 87
24 94
24 97
24 146
24 156
24 163
24 184
24 197
25 28
25 31
25 39
25 40
25 42
25 45
25 59
25 70
25 71
25 72
25 85
25 96
25 100
25 119
25 122
25 125
25 127
25 138
25 140
25 146
25 148
25 156
25 171
25 174
25 180
26 35
26 46
26 47
26 52
26 75
26 110
26 122
26 130
26 131
26 141
26 163
26 164
26 172
26 177
26 191
27 28
27 41
27 45
27 68
27 102
27 105
27 112
27 136
27 159
27 169
27 170
27 172
27 190
27 193
28 30
28 33
28 43
28 54
28 69
28 93
28 99
28 102
28 119
28 126
28 127
28 136
28 182
28 184
28 186
28 196
29 30
29 53
29 89
29 97
29 101
29 109
29 117
29 119
29 125
29 127
29 136
29 140
29 143
29 148
29 158
29 168
29 196
29 199
30 32
30 35
30 38
30 39
30 43
30 47
30 66
30 70
30 72
30 73
30 74
30 76
30 104
30 106
30 107
30 122
30 131
30 134
30 136
30 143
30 145
30 161
30 182
30 195
31 46
31 56
31 57
31 59
31 73
31 80
31 85
31 112
31 117
31 122
31 136
31 149
31 156
31 163
31 168
31 170
31 172
31 173
31 174
31 175
31 187
31 199
32 36
32 45
32 46
32 71
32 77
32 85
32 103
32 106
32 129
32 132
32 139
32 145
32 153
32 161
32 171
32 183
32 188
33 68
33 97
33 102
33 105
33 112
33 113
33 133
33 135
33 148
33 151
33 152
33 181
33 191
33 194
34 44
34 60
34 80
34 89
34 92
34 96
34 106
34 108
34 109
34 125
34 127
34 129
34 133
34 139
34 151
34 176
34 178
34 183
34 193
34 197
34 198
34 199
35 38
35 56
35 70
35 106
35 126
35 133
35 135
35 141
35 154
35 164
35 185
35 189
35 196
36 43
36 48
36 100
36 104
36 129
36 131
36 133
36 136
36 147
36 153
36 177
36 184
36 186
36 187
37 41
37 42
37 46
37 52
37 58
37 59
37 72
37 99
37 113
37 136
37 141
37 160
37 188
37 193
38 51
38 55
38 65
38 82
38 86
38 130
38 148
38 155
38 174
38 184
38 188
39 48
39 55
39 56
39 77
39 78
39 85
39 100
39 109
39 128
39 134
39 135
39 140
39 152
39 154
39 157
39 163
39 175
40 49
40 52
40 81
40 85
40 107
40 119
40 123
40 131
40 159
40 167
40 173
40 180
40 187
40 191
40 194
41 43
41 44
41 53
41 67
41 75
41 100
41 111
41 122
41 131
41 133
41 148
41 150
41 152
41 161
41 198
42 51
42 53
42 75
42 77
42 79
42 91
42 92
42 97
42 99
42 103
42 105
42 110
42 111
42 117
42 118
42 124
42 136
42 149
42 152
42 168
42 192
43 60
43 73
43 118
43 121
43 123
43 127
43 128
43 130
43 133
43 167
43 183
43 186
43 187
43 193
43 198
44 45
44 46
44 72
44 88
44 94
44 102
44 111
44 122
44 123
44 126
44 136
44 139
44 141
44 147
44 148
44 156
44 158
44 169
44 174
44 177
44 192
44 193
45 47
45 48
45 72
45 81
45 88
45 102
45 117
45 124
45 129
45 145
45 151
45 156
45 157
45 176
45 185
45 191
45 199
46 59
46 72
46 100
46 103
46 106
46 131
46 138
46 155
46 159
46 175
46 182
46 195
47 67
47 85
47 96
47 107
47 115
47 126
47 129
47 153
47 171
48 77
48 89
48 91
48 94
48 98
48 101
48 114
48 116
48 121
48 125
48 135
48 149
48 161
48 168
48 175
48 193
48 196
49 63
49 78
49 83
49 85
49 90
49 92
49 103
49 127
49 130
49 135
49 150
49 167
49 172
49 179
49 199
50 64
50 82
50 87
50 93
50 98
50 105
50 107
50 125
50 126
50 127
50 133
50 146
50 149
50 176
50 188
50 190
51 63
51 83
51 97
51 114
51 131
51 135
51 144
51 150
51 152
51 165
51 167
51 176
51 179
51 180
51 192
51 193
51 199
52 63
52 67
52 74
52 88
52 91
52 96
52 133
52 138
52 159
52 161
52 169
52 176
53 54
53 73
53 94
53 98
53 110
53 116
53 122
53 146
53 157
53 183
54 62
54 69
54 80
54 87
54 89
54 94
54 98
54 100
54 115
54 124
54 131
54 135
54 137
54 150
54 155
54 169
54 181
54 191
54 193
54 198
55 56
55 66
55 74
55 83
55 84
55 93
55 121
55 123
55 128
55 131
55 159
55 178
55 193
56 66
56 70
56 92
56 95
56 114
56 115
56 117
56 118
56 120
56 133
56 135
57 61
57 63
57 68
57 73
57 76
57 84
57 87
57 94
57 106
57 110
57 129
57 132
57 141
57 142
57 152
57 160
57 179
57 187
57 188
58 70
58 76
58 85
58 91
58 96
58 101
58 114
58 116
58 166
58 171
58 178
58 180
59 63
59 69
59 72
59 81
59 90
59 131
59 159
60 66
60 91
60 92
60 93
60 103
60 116
60 126
60 166
60 171
60 173
60 182
60 183
60 186
60 199
61 82
61 87
61 91
61 109
61 113
61 115
61 121
61 125
61 126
61 130
61 137
61 144
61 158
61 188
62 94
62 104
62 125
62 134
62 144
62 178
62 188
63 74
63 75
63 86
63 92
63 97
63 104
63 118
63 121
63 126
63 127
63 140
63 141
63 158
63 160
63 166
63 168
63 174
63 178
63 184
64 73
64 83
64 90
64 122
64 127
64 130
64 155
64 191
65 75
65 80
65 81
65 85
65 89
65 99
65 103
65 108
65 111
65 118
65 124
65 133
65 145
65 158
65 166
65 178
65 179
65 199
66 76
66 77
66 107
66 115
66 116
66 122
66 126
66 146
66 159
66 161
66 166
66 170
66 183
67 71
67 78
67 83
67 102
67 135
67 155
67 161
67 165
67 166
67 169
67 173
67 180
67 194
67 197
68 69
68 95
68 96
68 104
68 106
68 134
68 136
68 145
68 153
68 158
68 159
68 169
68 177
68 186
69 84
69 107
69 128
69 129
69 159
69 162
69 170
69 172
70 71
70 77
70 87
70 90
70 101
70 108
70 109
70 122
70 132
70 154
70 166
70 184
71 77
71 78
71 93
71 112
71 143
71 156
71 162
71 166
71 168
71 175
71 179
72 74
72 79
72 87
72 99
72 106
72 136
72 173
72 190
72 198
73 77
73 88
73 103
73 108
73 116
73 120
73 131
73 132
73 135
73 138
73 161
73 169
73 177
74 75
74 89
74 110
74 130
74 132
74 135
74 147
74 151
74 154
74 160
74 165
74 187
74 199
75 76
75 80
75 83
75 86
75 100
75 101
75 109
75 162
75 188
75 189
76 80
76 84
76 86
76 87
76 102
76 128
76 148
76 158
76 159
76 190
76 194
76 195
77 79
77 81
77 100
77 110
77 116
77 124
77 127
77 129
77 139
77 154
77 162
77 195
78 82
78 89
78 114
78 120
78 123
78 135
78 155
78 172
78 183
78 184
78 189
78 191
79 85
79 133
79 137
79 150
79 165
79 171
80 98
80 100
80 124
80 133
80 137
80 142
80 158
80 161
80 164
80 176
81 89
81 95
81 106
81 115
81 118
81 124
81 129
81 159
81 181
81 182
81 185
82 92
82 100
82 110
82 134
82 144
82 151
82 152
82 156
82 180
82 184
82 189
83 84
83 98
83 101
83 102
83 112
83 114
83 119
83 133
83 151
83 153
83 165
83 175
83 179
83 182
83 188
84 106
84 113
84 114
84 129
84 135
84 150
84 157
84 161
84 170
84 174
85 96
85 117
85 119
85 171
85 182
85 186
85 190
85 197
85 199
86 87
86 98
86 118
86 120
86 123
86 124
86 129
86 135
86 138
86 157
86 161
86 165
86 183
86 186
86 198
87 96
87 100
87 107
87 128
87 130
87 134
87 145
87 162
87 178
87 194
88 93
88 119
88 122
88 130
88 131
88 135
88 147
88 162
88 171
88 182
88 190
88 194
89 99
89 111
89 123
89 127
89 135
89 139
89 170
89 180
89 181
89 196
90 101
90 131
90 132
90 142
90 147
90 157
90 169
90 171
90 185
91 108
91 114
91 121
91 132
91 133
91 143
91 151
91 157
91 159
91 178
91 182
91 197
91 198
92 94
92 99
92 100
92 110
92 121
92 122
92 144
92 148
92 157
92 160
92 167
92 168
93 112
93 135
93 140
93 163
93 167
93 169
93 183
93 190
93 198
94 98
94 99
94 102
94 110
94 138
94 140
94 161
94 184
94 189
95 97
95 119
95 139
95 140
95 143
95 148
95 155
95 162
95 169
95 172
95 173
95 180
96 111
96 113
96 117
96 132
96 155
96 161
96 164
96 194
97 99
97 108
97 118
97 121
97 145
97 147
97 154
97 167
97 177
97 180
97 181
97 184
97 193
98 100
98 108
98 110
98 117
98 125
98 130
98 136
98 152
98 160
98 163
98 172
98 175
98 192
98 199
99 102
99 104
99 107
99 118
99 127
99 132
99 137
99 157
99 160
99 166
99 169
99 175
99 193
99 198
100 108
100 114
100 119
100 124
100 151
100 154
100 160
100 164
100 174
100 176
100 184
100 195
100 199
101 108
101 118
101 127
101 128
101 140
101 156
101 163
101 168
101 169
101 173
101 187
101 198
102 105
102 108
102 128
102 149
102 154
102 172
102 176
103 110
103 113
103 142
103 173
103 184
103 186
103 198
103 199
104 109
104 131
104 145
104 148
104 152
104 159
104 162
104 163
104 165
104 168
104 172
104 186
104 188
105 114
105 129
105 132
105 139
105 176
105 185
105 187
106 109
106 119
106 140
106 156
106 158
106 160
106 166
106 189
106 190
106 192
107 110
107 117
107 118
107 121
107 128
107 141
107 143
107 154
107 189
108 117
108 128
108 135
108 141
108 145
108 193
109 115
109 119
109 135
109 139
109 152
109 161
109 163
109 187
109 188
109 193
110 120
110 123
110 125
110 143
110 159
110 165
110 171
110 179
110 193
111 115
111 122
111 126
111 154
111 164
111 168
111 176
111 177
111 186
111 191
111 192
112 121
112 124
112 137
112 139
112 142
112 172
112 181
112 192
113 117
113 118
113 127
113 129
113 144
113 172
113 195
114 126
114 148
114 177
114 183
114 199
115 132
115 138
115 140
115 162
115 177
115 189
116 129
116 138
116 139
116 155
116 156
116 164
116 178
116 179
116 180
116 189
117 118
117 120
117 122
117 123
117 142
117 149
117 182
117 188
117 196
118 134
118 135
118 145
118 149
118 156
118 162
118 171
118 175
118 177
118 179
118 189
118 193
119 127
119 134
119 135
119 153
119 155
119 180
119 188
120 124
120 125
120 137
120 138
120 139
120 148
120 157
120 171
120 184
120 197
121 122
121 148
121 157
121 174
121 188
121 196
122 134
122 140
122 146
123 127
123 143
123 148
123 150
123 151
123 155
123 158
123 162
123 164
123 165
123 175
123 178
123 193
123 195
124 126
124 133
124 140
124 141
124 145
124 154
124 159
124 176
124 177
124 179
124 188
124 198
125 134
125 146
125 152
125 155
125 164
125 174
125 182
125 183
125 196
126 130
126 135
126 146
126 149
126 156
126 167
126 169
126 180
126 186
126 191
127 145
127 152
127 161
127 162
127 163
127 166
127 184
127 187
127 190
127 192
127 196
128 135
128 138
128 166
128 172
128 188
129 131
129 146
129 152
129 166
129 184
129 193
129 195
130 145
130 148
130 153
130 160
130 167
130 172
130 181
130 182
130 183
130 185
131 158
131 182
132 139
132 149
132 161
132 178
132 182
132 185
132 196
132 198
133 157
133 181
133 183
133 186
133 190
133 197
134 135
134 151
134 174
134 175
135 144
135 153
135 160
135 161
135 190
136 147
136 171
136 176
136 185
137 167
137 169
137 185
137 186
137 189
137 191
137 192
137 196
137 198
138 153
138 158
138 159
138 163
138 181
138 198
139 143
139 156
139 173
139 175
139 193
140 174
140 177
141 145
141 146
141 152
141 162
141 176
141 183
141 189
142 146
142 157
142 168
142 195
143 148
143 149
143 158
143 159
143 160
143 173
143 177
143 185
144 151
144 154
144 159
144 163
144 173
144 175
144 179
144 194
145 148
145 160
145 163
145 174
145 179
145 193
145 197
146 150
146 195
147 153
147 155
147 156
147 157
147 162
147 163
147 181
147 188
148 156
148 157
148 164
148 167
148 172
148 174
148 175
148 181
148 184
148 187
148 194
148 196
149 168
149 176
149 178
150 152
150 154
150 162
150 172
150 175
150 179
150 181
150 194
151 162
151 166
151 167
151 175
152 156
152 160
152 186
153 176
153 184
153 190
153 199
154 170
154 182
154 189
154 190
155 173
155 174
155 176
155 179
155 182
155 184
155 191
155 197
156 164
156 169
156 173
156 185
156 195
156 199
157 192
157 196
158 160
158 183
158 191
158 195
159 166
159 174
159 177
159 178
159 188
159 194
159 196
159 197
160 161
160 168
160 171
160 172
160 177
160 180
161 188
162 173
162 183
162 186
162 189
163 199
164 167
164 180
164 196
164 197
165 176
166 167
166 168
166 182
166 185
167 169
167 183
167 186
167 188
167 190
168 182
169 171
169 180
169 184
169 199
170 171
170 183
170 184
170 187
170 193
171 173
171 181
171 186
171 195
171 199
172 175
172 187
173 177
174 182
175 199
176 178
177 191
179 191
179 192
179 194
179 195
180 198
181 182
181 185
181 187
181 188
181 192
181 199
183 190
184 186
184 198
185 198
190 195
193 197
193 198
194 195
