0 12
0 21
0 38
0 47
0 53
0 61
0 65
0 68
0 72
0 95
0 103
0 110
0 124
0 138
0 145
0 148
0 151
0 173
0 181
1 19
1 22
1 25
1 38
1 60
1 63
1 75
1 114
1 121
1 124
1 147
1 150
1 153
1 158
1 167
1 169
1 172
1 197
2 8
2 21
2 23
2 39
2 52
2 68
2 90
2 98
2 101
2 111
2 113
2 125
2 127
2 137
2 142
2 144
2 176
2 192
3 4
3 8
3 17
3 22
3 41
3 45
3 58
3 62
3 70
3 89
3 100
3 110
3 126
3 130
3 133
3 134
3 147
3 161
3 162
3 180
3 185
3 197
4 6
4 14
4 29
4 33
4 46
4 51
4 58
4 62
4 79
4 99
4 101
4 102
4 131
4 132
4 157
4 163
4 185
4 190
4 198
5 28
5 30
5 52
5 62
5 66
5 70
5 85
5 86
5 88
5 93
5 97
5 103
5 136
5 138
5 152
5 157
5 169
5 177
5 182
5 190
6 12
6 16
6 62
6 71
6 105
6 106
6 128
6 156
6 170
6 181
7 8
7 17
7 19
7 22
7 24
7 25
7 32
7 47
7 48
7 79
7 87
7 94
7 103
7 158
7 163
7 167
7 170
7 184
8 19
8 22
8 29
8 33
8 36
8 61
8 68
8 86
8 89
8 104
8 112
8 121
8 157
8 184
8 185
8 188
8 195
8 199
9 19
9 21
9 30
9 42
9 44
9 50
9 57
9 58
9 61
9 94
9 99
9 100
9 107
9 143
9 145
9 149
9 155
9 172
9 177
9 189
9 193
10 16
10 21
10 39
10 46
10 60
10 67
10 111
10 117
10 118
10 123
10 133
10 145
10 154
10 164
10 179
10 181
10 182
10 187
10 188
10 189
11 14
11 31
11 38
11 43
11 51
11 95
11 98
11 99
11 101
11 106
11 114
11 126
11 137
11 138
11 144
11 161
11 164
11 178
11 181
11 195
12 15
12 24
12 45
12 46
12 52
12 61
12 108
12 122
12 152
12 153
12 157
12 174
12 175
12 185
12 192
12 196
13 47
13 60
13 74
13 89
13 94
13 103
13 156
13 183
13 193
13 195
14 18
14 25
14 33
14 46
14 51
14 58
14 59
14 63
14 89
14 97
14 103
14 111
14 124
14 127
14 143
14 154
14 161
14 169
14 185
14 188
14 193
14 195
15 34
15 58
15 61
15 87
15 100
15 106
15 142
15 152
15 153
15 172
15 192
15 195
16 33
16 37
16 43
16 57
16 88
16 95
16 99
16 110
16 112
16 126
16 143
16 145
16 165
16 192
17 19
17 39
17 41
17 46
17 49
17 75
17 84
17 85
17 97
17 107
17 112
17 123
17 128
17 129
17 131
17 132
17 138
17 156
17 159
17 171
17 186
17 187
17 188
17 193
18 44
18 47
18 59
18 75
18 76
18 81
18 97
18 101
18 106
18 111
18 114
18 123
18 133
18 137
18 139
18 142
18 144
18 155
18 158
18 162
18 169
18 180
18 183
19 31
19 57
19 60
19 61
19 65
19 76
19 83
19 157
19 184
19 197
20 33
20 39
20 51
20 63
20 67
20 81
20 88
20 92
20 96
20 101
20 105
20 106
20 107
20 115
20 121
20 123
20 128
20 135
20 149
20 153
20 168
20 191
20 199
21 46
21 49
21 56
21 70
21 96
21 119
21 135
21 136
21 146
21 159
21 174
21 198
22 24
22 66
22 69
22 85
22 90
22 103
22 130
22 149
22 162
22 168
22 170
22 175
22 178
22 188
22 191
22 192
22 199
23 33
23 47
23 53
23 70
23 81
23 88
23 121
23 126
23 154
23 161
23 166
23 169
23 170
23 184
23 193
24 31
24 33
24 45
24 56
24 60
24 104
24 107
24 113
24 128
24 129
24 131
24 140
24 160
24 173
24 176
24 182
24 186
25 29
25 62
25 79
25 80
25 92
25 95
25 107
25 110
25 112
25 118
25 125
25 128
25 140
25 157
25 177
25 185
26 33
26 45
26 55
26 60
26 63
26 65
26 75
26 76
26 79
26 110
26 117
26 118
26 142
26 160
26 167
26 172
26 188
26 198
27 29
27 31
27 44
27 73
27 94
27 123
27 142
27 149
27 169
27 170
27 199
28 31
28 53
28 67
28 73
28 77
28 101
28 136
28 139
28 143
28 151
28 155
28 156
28 162
28 163
28 176
29 31
29 32
29 46
29 51
29 55
29 66
29 77
29 80
29 81
29 86
29 94
29 124
29 134
29 144
29 161
29 164
29 166
29 168
29 173
29 185
29 187
29 193
29 195
29 198
30 34
30 35
30 38
30 41
30 48
30 57
30 60
30 63
30 71
30 73
30 75
30 104
30 113
30 131
30 145
30 146
30 164
30 178
30 179
30 194
30 197
30 198
31 44
31 50
31 69
31 71
31 87
31 89
31 107
31 108
31 128
31 136
31 137
31 143
31 153
31 157
31 159
31 162
31 167
31 180
31 195
32 37
32 41
32 42
32 47
32 52
32 86
32 96
32 118
32 125
32 139
32 171
32 174
32 197
33 47
33 66
33 73
33 87
33 88
33 124
33 125
33 146
33 152
33 154
33 162
33 168
33 170
33 178
33 181
33 188
34 37
34 45
34 54
34 76
34 78
34 86
34 106
34 116
34 121
34 122
34 125
34 136
34 146
34 155
34 165
34 189
35 50
35 56
35 64
35 99
35 109
35 110
35 111
35 112
35 114
35 116
35 141
35 143
35 151
35 152
35 153
35 164
35 188
35 194
36 67
36 74
36 85
36 86
36 90
36 114
36 126
36 127
36 145
36 148
36 150
36 151
36 175
36 186
36 189
36 195
37 47
37 50
37 51
37 67
37 84
37 117
37 126
37 130
37 140
37 143
37 160
37 163
37 171
37 183
37 184
37 192
37 195
37 196
38 69
38 81
38 91
38 99
38 132
38 143
38 165
38 190
38 198
39 51
39 58
39 64
39 75
39 85
39 108
39 118
39 124
39 129
39 150
39 163
39 167
39 175
39 176
39 184
39 189
39 190
40 63
40 73
40 86
40 87
40 91
40 99
40 130
40 151
40 165
40 167
40 177
40 183
40 184
40 188
40 194
40 195
40 198
41 75
41 76
41 80
41 82
41 87
41 93
41 104
41 125
41 148
41 165
41 168
41 173
41 174
41 179
41 180
41 183
41 187
41 189
42 48
42 62
42 65
42 73
42 83
42 87
42 95
42 118
42 123
42 124
42 134
42 146
42 158
42 159
42 166
42 167
42 171
42 175
42 186
43 45
43 50
43 75
43 85
43 87
43 90
43 94
43 97
43 110
43 111
43 115
43 123
43 125
43 155
43 157
43 159
43 190
43 196
44 48
44 53
44 82
44 100
44 114
44 124
44 145
44 152
44 166
44 181
44 183
44 198
45 67
45 84
45 89
45 93
45 94
45 125
45 129
45 130
45 131
45 135
45 159
45 170
45 181
45 182
45 190
46 60
46 82
46 96
46 101
46 107
46 113
46 140
46 143
46 174
46 189
46 193
46 197
46 199
47 73
47 97
47 110
47 135
47 138
47 150
47 168
47 174
48 58
48 71
48 81
48 83
48 90
48 100
48 103
48 106
48 135
48 157
48 158
48 159
48 184
49 56
49 59
49 67
49 72
49 85
49 88
49 104
49 109
49 112
49 113
49 131
49 138
49 151
49 163
49 165
49 169
49 186
49 198
50 66
50 69
50 71
50 73
50 75
50 79
50 91
50 99
50 105
50 107
50 111
50 114
50 115
50 116
50 170
50 179
50 194
51 61
51 73
51 83
51 87
51 94
51 95
51 104
51 107
51 114
51 126
51 132
51 144
51 149
52 54
52 73
52 103
52 105
52 112
52 152
52 157
52 161
52 183
52 187
52 191
52 197
53 55
53 70
53 72
53 79
53 89
53 97
53 111
53 114
53 125
53 126
53 145
53 148
53 161
53 163
53 168
53 175
53 176
53 177
53 180
53 184
53 190
53 195
53 196
54 74
54 94
54 101
54 103
54 115
54 120
54 121
54 137
54 162
54 173
54 185
54 190
54 198
55 69
55 78
55 89
55 93
55 97
55 112
55 116
55 137
55 142
55 144
55 145
55 151
55 154
55 158
55 176
55 183
56 65
56 68
56 86
56 105
56 124
56 127
56 132
56 146
56 156
56 165
56 170
56 179
56 182
56 191
56 193
56 194
56 197
57 62
57 66
57 69
57 72
57 83
57 115
57 132
57 133
57 138
57 147
57 149
57 168
57 174
57 185
57 195
57 197
58 59
58 62
58 67
58 70
58 77
58 78
58 82
58 87
58 98
58 109
58 113
58 133
58 138
58 145
58 158
58 168
58 171
58 180
58 183
58 184
58 186
59 95
59 105
59 106
59 109
59 110
59 112
59 116
59 117
59 149
59 159
59 162
59 164
59 168
59 183
59 184
59 189
59 199
60 68
60 78
60 81
60 88
60 103
60 110
60 121
60 135
60 137
60 164
60 185
60 197
61 74
61 76
61 82
61 98
61 99
61 104
61 161
61 181
61 191
62 67
62 123
62 125
62 127
62 129
62 196
63 64
63 107
63 133
63 134
63 149
63 155
63 156
63 160
63 173
63 178
63 187
64 72
64 76
64 83
64 91
64 94
64 104
64 113
64 114
64 115
64 125
64 152
64 158
64 160
64 164
64 173
64 178
65 71
65 80
65 82
65 116
65 120
65 127
65 141
65 176
65 178
65 179
65 181
65 190
65 194
65 196
66 85
66 89
66 101
66 108
66 126
66 132
66 138
66 151
66 170
66 195
66 198
67 82
67 91
67 92
67 110
67 111
67 116
67 117
67 119
67 125
67 138
67 144
67 154
67 156
67 164
67 166
67 170
67 171
68 69
68 114
68 116
68 124
68 127
68 137
68 139
68 142
68 153
68 157
68 159
68 161
68 166
68 170
68 190
68 192
69 79
69 86
69 120
69 145
69 168
69 188
69 193
70 96
70 108
70 115
70 131
70 133
70 167
70 199
71 89
71 105
71 108
71 118
71 131
71 136
71 141
71 145
71 185
71 186
71 193
71 194
72 126
72 133
72 134
72 135
72 144
72 154
72 158
72 165
72 168
72 169
72 179
72 188
72 192
73 75
73 92
73 109
73 116
73 119
73 120
73 124
73 126
73 158
73 162
73 164
73 165
73 198
74 83
74 86
74 87
74 96
74 98
74 102
74 107
74 110
74 118
74 131
74 156
74 158
74 160
74 164
74 180
74 193
74 195
74 197
75 86
75 94
75 98
75 99
75 102
75 106
75 110
75 115
75 125
75 129
75 148
75 156
75 164
75 172
75 178
75 183
75 199
76 105
76 114
76 115
76 126
76 147
76 150
76 152
76 158
76 165
76 167
76 188
76 190
76 194
77 88
77 89
77 108
77 118
77 121
77 124
77 129
77 130
77 140
77 146
77 158
77 165
77 166
78 82
78 85
78 90
78 99
78 106
78 121
78 123
78 128
78 136
78 137
78 141
78 153
78 181
78 186
78 190
78 196
79 80
79 93
79 112
79 113
79 138
79 143
79 148
79 153
79 171
80 81
80 87
80 99
80 111
80 128
80 139
80 145
80 151
80 161
80 162
80 166
80 177
80 183
80 184
80 190
80 193
80 195
81 84
81 94
81 95
81 96
81 97
81 104
81 151
81 167
81 171
81 172
81 191
82 97
82 123
82 130
82 144
82 146
82 164
82 174
82 194
83 85
83 87
83 89
83 101
83 118
83 123
83 124
83 135
83 136
83 162
83 163
83 169
83 173
83 182
83 185
83 189
83 192
84 91
84 99
84 106
84 107
84 111
84 114
84 122
84 157
84 164
84 185
84 191
85 86
85 97
85 105
85 106
85 114
85 130
85 145
85 152
85 158
85 159
85 163
85 177
85 178
85 185
85 193
86 87
86 88
86 90
86 92
86 95
86 106
86 124
86 129
86 130
86 135
86 139
86 152
86 153
86 174
86 194
87 88
87 89
87 103
87 109
87 118
87 126
87 133
87 164
87 177
87 178
87 180
87 182
87 191
87 196
88 91
88 110
88 131
88 135
88 136
88 140
88 144
88 148
88 156
88 161
88 170
88 173
88 180
88 185
88 194
89 100
89 105
89 112
89 143
89 155
89 158
89 188
89 191
90 92
90 97
90 119
90 144
90 145
90 150
90 156
90 161
90 162
90 172
90 175
90 180
90 185
90 190
90 195
90 197
91 96
91 105
91 107
91 118
91 145
91 180
91 182
91 184
91 191
92 93
92 95
92 102
92 114
92 117
92 122
92 123
92 130
92 133
92 136
92 142
92 147
92 178
92 196
92 197
93 99
93 101
93 124
93 132
93 151
93 172
93 174
93 183
93 190
93 193
94 113
94 115
94 125
94 137
94 145
94 160
94 167
94 173
94 175
94 183
94 192
94 195
94 198
95 98
95 99
95 124
95 132
95 138
95 143
95 152
95 161
95 162
95 164
95 165
95 198
96 106
96 112
96 115
96 118
96 139
96 144
96 162
96 165
97 116
97 117
97 118
97 120
97 129
97 135
97 136
97 152
97 158
97 187
97 191
97 192
97 193
98 101
98 103
98 111
98 114
98 131
98 133
98 135
98 140
98 141
98 142
98 146
98 150
98 166
98 173
98 189
98 197
99 112
99 122
99 126
99 131
99 136
99 144
99 159
99 170
99 171
100 149
100 150
100 154
100 174
100 180
100 187
100 193
100 194
101 111
101 114
101 120
101 126
101 128
101 146
101 150
101 161
101 168
101 178
101 197
101 198
102 119
102 165
102 170
102 191
103 150
103 153
103 154
103 158
103 172
103 177
103 178
103 186
103 193
104 105
104 117
104 118
104 142
104 149
104 198
104 199
105 108
105 110
105 114
105 129
105 130
105 133
105 149
105 152
105 165
105 188
106 111
106 129
106 138
106 145
106 148
106 164
106 168
106 173
106 175
106 186
107 119
107 122
107 133
107 137
107 178
107 192
107 194
108 129
108 139
108 146
108 166
108 196
108 197
108 199
109 131
109 155
109 156
109 198
110 121
110 123
110 130
110 137
110 154
110 173
110 179
111 129
111 138
111 149
111 158
111 167
111 172
111 175
111 180
111 185
112 117
112 119
112 129
112 145
112 151
112 154
112 161
112 189
112 191
113 114
113 115
113 148
113 157
113 165
113 171
113 188
113 195
114 128
114 132
114 137
114 145
114 150
114 170
114 192
114 193
114 197
115 121
115 126
115 143
115 149
115 161
115 166
115 170
115 171
115 173
115 187
115 197
116 123
116 125
116 129
116 148
116 164
116 167
116 180
116 181
117 141
117 144
117 145
117 154
117 156
117 158
117 163
117 166
117 170
117 185
117 186
117 192
118 122
118 141
118 151
118 163
118 165
118 181
118 192
118 197
119 123
119 129
119 132
119 133
119 148
119 153
119 155
119 160
119 161
119 166
119 176
120 124
120 134
120 148
120 149
120 154
120 159
120 161
120 184
120 190
120 199
121 132
121 141
121 144
121 155
121 162
121 173
122 125
122 128
122 153
122 155
122 159
122 160
122 169
122 181
123 142
123 152
123 157
123 170
123 175
124 129
124 130
124 133
124 136
124 140
124 169
124 175
124 184
124 186
124 192
124 194
125 137
125 147
125 149
125 171
125 173
125 176
125 199
126 134
126 141
126 181
126 183
126 189
127 194
128 130
128 134
128 144
128 177
128 181
129 134
129 186
129 188
129 189
130 135
130 138
130 151
130 163
130 166
130 170
130 178
130 187
130 193
130 196
130 199
131 132
131 148
131 155
131 157
131 162
131 189
132 151
132 164
132 172
132 174
132 190
132 194
133 136
133 137
133 143
133 147
133 155
133 170
133 173
133 175
133 176
133 177
133 180
133 189
134 143
134 146
134 162
134 178
134 183
134 186
135 150
135 164
135 179
135 186
136 144
136 152
136 158
136 161
136 162
136 169
136 193
136 198
136 199
137 138
137 142
137 155
137 180
137 182
138 139
138 160
138 183
138 199
139 163
139 181
139 183
139 184
140 145
140 149
140 153
140 154
140 156
140 157
140 176
140 186
141 146
141 158
142 144
142 146
142 150
142 155
142 162
142 184
143 153
143 162
143 170
143 181
144 145
144 146
144 195
144 197
145 151
145 156
145 160
145 183
145 195
146 149
146 160
146 166
146 168
146 175
146 180
146 192
147 154
147 158
147 160
147 167
147 169
147 192
148 156
148 165
148 184
148 189
148 195
149 155
149 156
149 179
149 188
149 189
149 192
150 156
150 169
150 174
150 176
150 183
150 185
150 189
151 153
151 156
151 158
151 162
151 168
151 173
151 187
152 177
152 181
152 191
152 192
152 195
153 180
153 183
153 196
153 198
154 160
154 169
154 174
154 179
154 185
154 187
154 189
155 161
155 174
155 176
155 182
155 184
155 188
155 195
155 197
156 157
156 165
156 166
156 174
156 178
156 179
156 191
156 195
156 199
157 161
157 176
157 182
157 183
158 159
158 160
158 170
158 172
158 176
158 191
159 179
159 199
160 172
160 181
160 193
160 198
161 170
161 172
161 174
161 188
161 196
163 164
163 174
163 176
163 177
163 180
163 183
164 172
164 174
164 185
164 192
165 186
166 177
166 192
166 195
166 196
167 171
167 190
167 193
168 191
169 174
170 172
170 175
170 183
170 198
171 183
173 175
173 177
173 193
174 176
174 178
174 180
174 185
175 180
175 183
175 189
175 197
176 190
176 196
177 188
177 192
178 186
179 187
179 197
180 181
180 183
181 196
182 189
182 190
182 192
184 195
185 192
185 198
187 188
187 197
188 194
188 197
189 190
189 195
190 194
190 196
191 193
191 195
194 198
197 199
