0 7
0 8
0 9
0 18
0 26
0 33
0 34
0 46
0 49
0 60
0 78
0 100
0 119
0 127
0 146
0 150
0 157
0 164
0 173
0 185
0 196
1 6
1 8
1 23
1 24
1 29
1 30
1 35
1 43
1 48
1 53
1 72
1 81
1 89
1 91
1 98
1 104
1 106
1 107
1 109
1 110
1 111
1 118
1 124
1 125
1 143
1 146
1 150
1 153
1 156
1 160
1 163
1 164
1 171
1 172
1 173
1 175
1 179
1 182
1 192
2 5
2 6
2 28
2 30
2 37
2 44
2 46
2 69
2 83
2 86
2 106
2 111
2 113
2 130
2 135
2 140
2 147
2 148
2 153
2 157
2 163
2 168
2 182
2 183
2 184
2 185
2 190
2 194
2 198
3 7
3 15
3 22
3 56
3 57
3 68
3 75
3 79
3 84
3 87
3 88
3 102
3 118
3 124
3 125
3 142
3 145
3 152
3 155
3 164
3 167
3 168
3 171
3 173
3 178
3 183
4 16
4 17
4 23
4 24
4 27
4 29
4 31
4 32
4 35
4 46
4 47
4 60
4 68
4 71
4 76
4 77
4 81
4 84
4 100
4 108
4 110
4 113
4 118
4 119
4 123
4 131
4 133
4 134
4 138
4 139
4 148
4 160
4 161
4 180
4 185
4 190
5 13
5 16
5 25
5 26
5 37
5 41
5 42
5 43
5 46
5 49
5 57
5 67
5 93
5 94
5 104
5 105
5 113
5 114
5 124
5 138
5 141
5 142
5 145
5 146
5 152
5 153
5 156
5 163
5 169
5 173
5 181
5 183
5 189
5 190
6 9
6 11
6 16
6 17
6 18
6 26
6 33
6 57
6 66
6 74
6 77
6 94
6 101
6 105
6 125
6 126
6 128
6 132
6 134
6 141
6 142
6 152
6 156
6 161
6 163
6 166
6 169
6 173
6 184
7 8
7 14
7 15
7 19
7 23
7 28
7 47
7 65
7 77
7 79
7 82
7 83
7 86
7 91
7 98
7 100
7 104
7 131
7 132
7 133
7 136
7 144
7 145
7 153
7 161
7 164
7 167
7 169
7 170
7 174
7 190
7 192
8 11
8 21
8 22
8 31
8 36
8 45
8 47
8 57
8 74
8 76
8 85
8 86
8 88
8 92
8 101
8 117
8 121
8 124
8 138
8 140
8 156
8 163
8 173
8 176
8 184
8 189
9 18
9 33
9 34
9 35
9 38
9 39
9 41
9 53
9 54
9 58
9 68
9 69
9 82
9 90
9 93
9 97
9 114
9 117
9 120
9 129
9 134
9 135
9 136
9 138
9 149
9 155
9 164
9 165
9 167
9 180
9 182
9 187
9 194
10 17
10 32
10 35
10 40
10 69
10 70
10 75
10 76
10 90
10 91
10 99
10 102
10 106
10 116
10 117
10 125
10 127
10 133
10 143
10 144
10 149
10 150
10 153
10 156
10 164
10 175
10 176
10 178
10 190
10 191
10 192
10 197
11 13
11 20
11 35
11 41
11 42
11 54
11 64
11 68
11 90
11 113
11 114
11 118
11 119
11 122
11 127
11 142
11 151
11 169
11 182
11 197
12 19
12 31
12 36
12 37
12 48
12 51
12 59
12 62
12 69
12 79
12 90
12 96
12 101
12 111
12 116
12 124
12 137
12 149
12 150
12 151
12 169
12 174
12 176
12 183
12 189
12 193
12 196
12 197
12 199
13 14
13 32
13 46
13 50
13 58
13 62
13 67
13 74
13 76
13 85
13 86
13 92
13 95
13 97
13 101
13 112
13 116
13 119
13 127
13 143
13 144
13 151
13 166
13 178
13 179
13 187
13 195
14 20
14 23
14 30
14 35
14 52
14 74
14 80
14 83
14 89
14 101
14 110
14 117
14 119
14 122
14 130
14 138
14 139
14 152
14 158
14 165
14 170
14 171
14 180
14 181
14 185
14 189
14 193
14 198
15 17
15 18
15 19
15 21
15 28
15 43
15 51
15 58
15 59
15 76
15 78
15 109
15 114
15 118
15 122
15 126
15 127
15 131
15 135
15 143
15 158
15 159
15 171
15 176
15 181
15 183
15 187
15 194
15 195
15 199
16 17
16 22
16 27
16 43
16 51
16 64
16 68
16 69
16 75
16 91
16 96
16 104
16 115
16 129
16 138
16 142
16 154
16 155
16 157
16 164
16 166
16 170
16 181
16 186
16 192
16 193
16 196
17 18
17 20
17 24
17 28
17 31
17 42
17 48
17 53
17 56
17 68
17 72
17 75
17 82
17 84
17 90
17 100
17 107
17 117
17 122
17 123
17 152
17 158
17 167
17 174
17 181
17 182
17 183
17 187
17 188
17 192
17 193
17 199
18 23
18 28
18 33
18 35
18 47
18 52
18 58
18 64
18 70
18 80
18 95
18 96
18 97
18 100
18 106
18 115
18 116
18 117
18 120
18 126
18 131
18 141
18 142
18 143
18 146
18 152
18 155
18 166
18 167
18 169
18 177
18 181
18 184
18 186
18 194
19 22
19 37
19 54
19 65
19 73
19 86
19 90
19 93
19 95
19 97
19 98
19 105
19 112
19 113
19 114
19 129
19 141
19 144
19 152
19 165
19 169
19 171
19 173
19 183
19 187
19 193
20 25
20 39
20 45
20 55
20 68
20 78
20 83
20 84
20 92
20 94
20 98
20 101
20 105
20 107
20 114
20 115
20 120
20 123
20 130
20 131
20 133
20 136
20 138
20 139
20 141
20 150
20 168
20 172
20 178
20 179
20 184
20 186
21 22
21 40
21 43
21 50
21 66
21 97
21 102
21 114
21 119
21 126
21 151
21 161
21 162
21 170
21 172
21 174
21 175
21 187
21 192
21 196
22 24
22 33
22 35
22 39
22 47
22 64
22 70
22 71
22 85
22 86
22 88
22 91
22 94
22 100
22 101
22 107
22 109
22 119
22 124
22 127
22 131
22 140
22 146
22 150
22 157
22 161
22 168
22 171
22 180
22 197
23 33
23 39
23 42
23 47
23 59
23 61
23 69
23 80
23 83
23 84
23 107
23 109
23 110
23 114
23 122
23 132
23 133
23 144
23 145
23 148
23 149
23 159
23 183
23 188
23 193
23 195
23 198
24 29
24 40
24 45
24 47
24 57
24 58
24 62
24 68
24 88
24 100
24 112
24 129
24 143
24 147
24 153
24 159
24 174
24 181
24 183
24 185
24 187
24 191
24 199
25 34
25 40
25 48
25 49
25 51
25 54
25 59
25 66
25 68
25 70
25 76
25 82
25 83
25 84
25 85
25 88
25 114
25 117
25 122
25 124
25 135
25 136
25 145
25 146
25 147
25 155
25 172
25 173
25 181
25 182
25 192
25 198
26 27
26 31
26 35
26 44
26 51
26 60
26 70
26 72
26 76
26 78
26 85
26 86
26 87
26 100
26 104
26 109
26 115
26 136
26 145
26 146
26 166
26 171
26 173
26 181
26 183
26 191
26 192
26 198
26 199
27 29
27 50
27 62
27 73
27 76
27 81
27 103
27 111
27 116
27 127
27 136
27 149
27 150
27 151
27 159
27 164
27 165
27 166
27 183
27 185
27 187
27 194
28 48
28 56
28 61
28 79
28 81
28 82
28 84
28 86
28 91
28 95
28 97
28 120
28 126
28 131
28 132
28 133
28 134
28 138
28 153
28 164
28 165
28 169
28 171
28 175
28 182
28 187
28 192
29 52
29 56
29 58
29 64
29 68
29 78
29 83
29 94
29 97
29 131
29 132
29 141
29 179
29 182
29 189
29 190
29 192
30 37
30 45
30 61
30 71
30 73
30 75
30 78
30 85
30 90
30 92
30 94
30 98
30 109
30 112
30 128
30 132
30 140
30 143
30 151
30 152
30 159
30 164
30 173
30 191
31 34
31 42
31 49
31 56
31 68
31 70
31 77
31 82
31 84
31 87
31 89
31 90
31 94
31 104
31 108
31 119
31 132
31 138
31 139
31 145
31 148
31 151
31 158
31 162
31 168
31 173
31 179
31 188
32 34
32 36
32 47
32 52
32 57
32 62
32 63
32 67
32 74
32 75
32 76
32 82
32 84
32 113
32 115
32 126
32 127
32 128
32 135
32 138
32 145
32 146
32 148
32 152
32 153
32 155
32 158
32 173
32 174
32 176
32 182
32 184
32 198
33 35
33 41
33 45
33 47
33 51
33 56
33 63
33 65
33 70
33 80
33 84
33 89
33 93
33 102
33 104
33 149
33 151
33 157
33 159
33 174
33 187
33 191
33 195
34 39
34 47
34 53
34 55
34 58
34 60
34 67
34 70
34 78
34 82
34 89
34 93
34 95
34 96
34 112
34 117
34 129
34 133
34 135
34 158
34 164
34 168
34 169
34 172
34 177
34 190
34 193
34 194
34 196
34 197
35 36
35 37
35 38
35 43
35 48
35 69
35 70
35 72
35 80
35 97
35 136
35 151
35 152
35 157
35 160
35 169
35 170
35 172
35 182
35 183
35 184
35 185
35 194
35 195
36 38
36 45
36 47
36 68
36 90
36 92
36 95
36 96
36 97
36 103
36 105
36 112
36 116
36 122
36 127
36 130
36 138
36 140
36 144
36 150
36 152
36 159
36 167
36 180
37 69
37 76
37 79
37 95
37 109
37 118
37 120
37 123
37 137
37 139
37 140
37 147
37 164
37 165
37 177
37 180
37 186
37 190
37 193
37 195
38 40
38 43
38 47
38 52
38 54
38 59
38 60
38 70
38 84
38 92
38 100
38 109
38 117
38 120
38 156
38 165
38 171
38 180
38 182
38 190
38 194
38 198
38 199
39 41
39 42
39 45
39 57
39 67
39 70
39 77
39 84
39 97
39 105
39 106
39 109
39 117
39 120
39 127
39 132
39 133
39 135
39 143
39 149
39 156
39 157
39 159
39 165
39 169
39 171
39 173
39 178
39 183
39 191
39 195
40 43
40 45
40 49
40 52
40 53
40 64
40 70
40 75
40 83
40 86
40 87
40 94
40 109
40 110
40 111
40 122
40 124
40 126
40 135
40 143
40 146
40 149
40 171
40 189
41 43
41 49
41 63
41 74
41 82
41 93
41 94
41 105
41 109
41 112
41 116
41 117
41 127
41 130
41 131
41 142
41 158
41 161
41 163
41 199
42 48
42 49
42 50
42 70
42 90
42 97
42 99
42 102
42 112
42 136
42 150
42 159
42 166
42 172
42 173
42 180
42 184
42 185
42 189
42 190
42 191
43 66
43 78
43 80
43 91
43 105
43 108
43 114
43 125
43 131
43 132
43 138
43 139
43 148
43 150
43 153
43 160
43 161
43 167
43 170
43 186
43 192
44 51
44 75
44 90
44 92
44 95
44 98
44 106
44 107
44 108
44 113
44 114
44 117
44 125
44 131
44 144
44 145
44 151
44 154
44 160
44 166
44 180
44 181
44 183
44 187
44 190
44 192
45 62
45 66
45 68
45 78
45 85
45 92
45 105
45 114
45 119
45 130
45 134
45 135
45 145
45 150
45 156
45 159
45 166
45 178
45 179
45 185
45 189
45 190
46 49
46 50
46 74
46 75
46 86
46 87
46 104
46 118
46 125
46 129
46 134
46 135
46 149
46 163
46 175
46 179
46 183
46 184
46 185
47 69
47 72
47 84
47 86
47 87
47 101
47 102
47 104
47 105
47 117
47 121
47 127
47 134
47 149
47 154
47 155
47 156
47 163
47 164
47 179
47 187
47 193
48 53
48 60
48 65
48 67
48 76
48 77
48 84
48 87
48 88
48 90
48 92
48 93
48 96
48 112
48 113
48 119
48 125
48 131
48 132
48 137
48 146
48 147
48 148
48 153
48 154
48 164
48 165
48 168
48 170
48 177
48 185
48 186
48 189
49 62
49 65
49 76
49 82
49 88
49 90
49 93
49 96
49 101
49 105
49 107
49 113
49 118
49 119
49 121
49 124
49 125
49 131
49 160
49 166
49 175
49 177
49 181
49 184
49 186
49 193
49 194
50 61
50 62
50 71
50 75
50 91
50 97
50 107
50 108
50 109
50 113
50 116
50 129
50 135
50 149
50 156
50 161
50 165
50 176
50 178
50 181
50 197
51 60
51 71
51 72
51 77
51 79
51 81
51 82
51 92
51 94
51 97
51 102
51 105
51 113
51 128
51 131
51 133
51 136
51 165
51 180
51 190
51 191
51 193
52 76
52 78
52 110
52 133
52 137
52 144
52 145
52 146
52 150
52 157
52 159
52 179
53 61
53 62
53 64
53 75
53 91
53 92
53 106
53 125
53 127
53 128
53 129
53 139
53 141
53 152
53 160
53 162
53 164
53 168
53 183
54 59
54 61
54 63
54 75
54 94
54 102
54 117
54 131
54 136
54 143
54 147
54 150
54 154
54 158
54 160
54 161
54 167
54 168
54 179
54 188
54 196
54 198
55 56
55 64
55 69
55 90
55 91
55 93
55 102
55 112
55 113
55 119
55 123
55 126
55 132
55 135
55 144
55 148
55 161
55 177
55 180
55 188
55 189
55 198
56 57
56 60
56 67
56 74
56 79
56 85
56 86
56 92
56 98
56 119
56 121
56 134
56 137
56 138
56 139
56 143
56 145
56 165
56 172
56 175
56 178
56 180
56 187
56 196
56 198
57 63
57 68
57 72
57 74
57 87
57 92
57 95
57 98
57 103
57 104
57 112
57 114
57 118
57 119
57 128
57 134
57 150
57 160
57 162
57 167
57 172
57 190
57 195
57 199
58 59
58 60
58 72
58 77
58 80
58 85
58 91
58 93
58 96
58 99
58 102
58 124
58 128
58 132
58 145
58 147
58 148
58 152
58 162
58 166
58 171
58 177
58 183
58 184
58 189
58 195
59 62
59 71
59 98
59 112
59 117
59 118
59 141
59 142
59 145
59 148
59 150
59 151
59 153
59 168
59 169
59 173
59 193
59 198
60 63
60 68
60 69
60 73
60 84
60 95
60 99
60 104
60 108
60 112
60 122
60 125
60 126
60 140
60 143
60 155
60 175
60 190
60 194
60 196
60 199
61 63
61 75
61 76
61 80
61 91
61 94
61 107
61 118
61 119
61 130
61 132
61 136
61 137
61 143
61 145
61 149
61 177
61 194
62 63
62 65
62 72
62 87
62 107
62 111
62 121
62 135
62 150
62 161
62 162
62 176
62 193
62 194
63 66
63 67
63 69
63 73
63 84
63 85
63 105
63 106
63 108
63 115
63 122
63 124
63 144
63 150
63 157
63 168
63 173
63 190
63 192
63 198
63 199
64 80
64 84
64 125
64 130
64 134
64 136
64 142
64 143
64 148
64 150
64 152
64 165
64 175
64 179
64 182
64 190
64 193
65 72
65 74
65 82
65 88
65 95
65 100
65 110
65 111
65 129
65 131
65 132
65 140
65 142
65 144
65 148
65 149
65 154
65 159
65 162
65 173
65 177
65 189
65 199
66 67
66 69
66 73
66 89
66 93
66 98
66 103
66 112
66 118
66 120
66 124
66 126
66 130
66 134
66 136
66 145
66 152
66 156
66 160
66 162
66 169
66 176
66 185
66 189
66 196
67 73
67 75
67 76
67 104
67 108
67 120
67 137
67 139
67 140
67 142
67 147
67 149
67 153
67 154
67 165
67 167
67 168
67 171
67 178
67 186
67 196
67 197
68 70
68 75
68 81
68 85
68 96
68 99
68 110
68 111
68 118
68 121
68 123
68 141
68 145
68 162
68 180
68 186
69 71
69 83
69 96
69 103
69 104
69 112
69 124
69 151
69 169
69 170
69 176
69 178
69 197
70 71
70 77
70 91
70 109
70 111
70 121
70 122
70 138
70 146
70 147
70 161
70 163
70 169
70 174
71 76
71 77
71 83
71 85
71 99
71 113
71 114
71 116
71 128
71 148
71 150
71 154
71 159
71 165
71 172
71 173
71 175
71 179
71 180
71 181
71 190
71 194
71 199
72 82
72 93
72 100
72 102
72 103
72 111
72 116
72 117
72 123
72 132
72 133
72 142
72 143
72 145
72 147
72 152
72 182
72 189
72 194
73 84
73 96
73 100
73 101
73 105
73 119
73 120
73 127
73 130
73 131
73 132
73 138
73 139
73 144
73 147
73 149
73 150
73 166
73 173
73 186
73 190
73 199
74 86
74 91
74 92
74 96
74 97
74 99
74 107
74 111
74 116
74 124
74 141
74 143
74 146
74 151
74 155
74 162
74 167
74 173
74 179
74 182
74 185
74 196
75 77
75 88
75 95
75 98
75 116
75 122
75 129
75 134
75 151
75 156
75 161
75 176
75 181
75 183
75 189
75 193
76 82
76 84
76 90
76 110
76 111
76 123
76 127
76 147
76 149
76 157
76 170
76 171
76 173
76 175
76 178
76 179
76 192
76 197
77 108
77 130
77 132
77 135
77 141
77 146
77 150
77 154
77 156
77 157
77 163
77 167
77 182
77 183
77 184
77 186
77 187
77 193
78 85
78 92
78 138
78 141
78 146
78 157
78 160
78 165
78 172
78 179
78 181
78 183
78 188
78 189
79 84
79 86
79 88
79 89
79 91
79 98
79 102
79 108
79 116
79 130
79 137
79 138
79 154
79 155
79 156
79 157
79 159
79 169
79 170
79 171
79 178
79 182
79 185
79 188
79 191
80 91
80 93
80 102
80 109
80 112
80 114
80 126
80 146
80 152
80 157
80 161
80 162
80 164
80 172
81 95
81 106
81 138
81 151
81 175
81 176
81 182
81 192
81 197
82 84
82 85
82 95
82 98
82 129
82 132
82 136
82 146
82 153
82 160
82 164
82 173
82 178
82 180
82 186
82 190
82 198
83 87
83 97
83 98
83 115
83 123
83 130
83 136
83 149
83 152
83 167
83 179
83 180
83 189
83 195
84 85
84 94
84 95
84 100
84 102
84 103
84 109
84 121
84 123
84 133
84 135
84 138
84 142
84 151
84 152
84 171
84 173
84 179
84 181
84 182
84 188
85 86
85 101
85 110
85 130
85 133
85 135
85 138
85 147
85 156
85 160
85 161
85 169
85 178
85 185
85 189
85 196
86 88
86 104
86 109
86 134
86 138
86 150
86 152
86 156
86 157
86 173
86 180
86 186
86 198
87 101
87 107
87 123
87 134
87 135
87 138
87 170
87 178
87 187
87 191
87 197
88 90
88 93
88 99
88 106
88 113
88 135
88 153
88 158
88 162
88 163
88 185
88 187
89 98
89 106
89 113
89 117
89 120
89 122
89 141
89 142
89 149
89 151
89 154
89 155
89 162
89 170
89 171
89 175
89 186
89 191
90 113
90 122
90 126
90 132
90 142
90 144
90 152
90 177
90 184
90 187
90 196
91 93
91 94
91 98
91 107
91 117
91 118
91 123
91 129
91 134
91 137
91 140
91 144
91 152
91 166
91 172
91 174
91 176
91 180
91 181
91 184
91 186
91 190
92 95
92 99
92 120
92 131
92 135
92 140
92 141
92 155
92 168
92 181
92 194
92 198
93 94
93 99
93 105
93 107
93 111
93 115
93 123
93 125
93 126
93 131
93 139
93 155
93 157
93 164
93 174
93 183
93 198
94 95
94 101
94 103
94 120
94 131
94 133
94 138
94 139
94 142
94 150
94 151
94 159
94 163
94 164
94 169
94 171
94 179
94 182
94 185
94 191
94 195
95 102
95 122
95 135
95 137
95 139
95 148
95 163
95 169
95 171
95 172
95 176
95 178
95 190
96 97
96 129
96 141
96 148
96 160
96 162
96 167
96 168
96 171
96 183
96 197
97 102
97 118
97 120
97 129
97 133
97 137
97 149
97 151
97 170
97 176
97 179
97 182
97 192
97 194
97 199
98 100
98 102
98 128
98 144
98 147
98 155
98 163
98 164
98 183
98 189
98 191
98 197
98 198
99 115
99 118
99 120
99 133
99 135
99 136
99 143
99 156
99 163
99 191
99 192
100 101
100 105
100 106
100 111
100 116
100 123
100 126
100 146
100 149
100 156
100 161
100 164
100 166
100 169
100 172
100 173
100 175
100 182
100 183
100 190
101 106
101 111
101 124
101 127
101 131
101 136
101 137
101 141
101 147
101 148
101 151
101 152
101 159
101 180
101 184
102 110
102 121
102 123
102 126
102 129
102 131
102 144
102 145
102 148
102 153
102 156
102 163
102 166
102 171
102 172
102 177
102 185
102 188
102 191
102 192
102 194
103 113
103 137
103 144
103 165
103 183
103 184
103 191
103 194
104 105
104 111
104 112
104 115
104 122
104 124
104 132
104 178
104 179
104 198
105 113
105 119
105 122
105 130
105 132
105 133
105 137
105 140
105 146
105 147
105 150
105 154
105 169
105 170
105 171
105 181
105 183
105 185
105 189
105 196
105 198
106 116
106 123
106 124
106 128
106 131
106 133
106 136
106 140
106 145
106 146
106 153
106 158
106 161
106 162
106 172
106 184
106 197
106 199
107 114
107 116
107 124
107 125
107 126
107 128
107 132
107 138
107 140
107 141
107 143
107 153
107 158
107 161
107 167
107 170
107 172
107 175
107 186
107 187
107 191
108 110
108 116
108 117
108 125
108 128
108 132
108 142
108 147
108 149
108 152
108 153
108 155
108 156
108 165
108 172
108 174
108 179
108 192
108 194
108 196
109 113
109 122
109 135
109 146
109 150
109 153
109 162
109 168
109 170
109 175
109 176
109 178
109 183
109 184
109 185
109 186
109 194
109 198
110 119
110 120
110 128
110 132
110 134
110 135
110 138
110 176
110 179
110 180
110 191
110 193
110 197
110 198
111 113
111 127
111 138
111 143
111 151
111 164
111 166
111 172
111 184
111 194
111 197
111 198
112 115
112 117
112 119
112 126
112 127
112 128
112 134
112 139
112 140
112 149
112 155
112 166
112 169
112 171
112 182
112 189
113 115
113 121
113 122
113 124
113 129
113 131
113 139
113 155
113 161
113 163
113 170
113 172
114 138
114 153
114 154
114 162
114 167
114 170
114 171
114 173
114 188
114 197
115 119
115 147
115 155
115 158
115 166
115 172
115 177
115 187
115 190
116 121
116 130
116 142
116 145
116 149
116 158
116 159
116 161
116 171
116 184
117 129
117 133
117 138
117 142
117 156
117 157
117 163
117 172
117 175
117 176
117 187
118 123
118 133
118 136
118 138
118 144
118 145
118 158
118 173
118 176
118 186
118 187
119 121
119 129
119 131
119 134
119 148
119 151
119 160
119 167
119 173
119 175
120 121
120 153
120 165
120 167
120 171
120 177
120 184
120 199
121 125
121 141
121 146
121 149
121 151
121 155
121 156
121 163
121 166
121 169
121 190
121 191
121 195
122 123
122 125
122 126
122 133
122 138
122 139
122 149
122 153
122 158
122 164
122 171
122 179
122 181
122 197
123 125
123 129
123 130
123 139
123 152
123 167
123 170
123 176
123 180
123 183
123 198
124 139
124 142
124 146
124 147
124 152
124 155
124 159
124 160
124 165
124 179
124 188
124 190
124 192
124 196
125 133
125 137
125 144
125 154
125 155
125 156
125 177
125 183
125 188
125 197
126 129
126 139
126 142
126 146
126 161
126 168
126 169
126 173
126 188
127 129
127 131
127 133
127 135
127 139
127 152
127 156
127 168
127 175
127 178
127 187
127 188
127 193
127 195
128 129
128 130
128 136
128 141
128 150
128 156
128 163
128 164
128 175
128 180
128 184
128 191
129 132
129 134
129 142
129 153
129 156
129 157
129 165
129 169
129 173
129 175
129 176
129 178
129 183
129 184
129 185
129 196
129 198
130 134
130 135
130 139
130 144
130 146
130 148
130 172
130 174
130 199
131 134
131 145
131 147
131 151
131 160
131 166
131 169
131 170
131 177
131 194
131 197
132 149
132 154
132 158
132 163
132 187
132 189
132 190
133 135
133 138
133 143
133 152
133 153
133 159
133 164
133 168
133 174
133 177
133 178
133 193
133 195
134 136
134 139
134 147
134 150
134 153
134 177
134 178
134 199
135 154
135 161
135 170
135 184
135 185
135 189
136 143
136 144
136 145
136 157
136 161
136 162
136 164
136 165
136 173
136 175
136 190
137 147
137 148
137 155
137 158
137 175
138 140
138 148
138 154
138 158
138 160
138 174
138 179
138 187
138 193
138 194
138 196
139 146
139 151
139 152
139 160
139 169
139 183
139 187
140 141
140 153
140 159
140 161
140 173
140 177
140 178
140 182
140 188
140 189
141 142
141 150
141 159
141 163
141 164
141 171
141 196
142 147
142 150
142 153
142 162
142 170
142 171
142 172
142 174
142 182
143 146
143 151
143 154
143 157
143 166
143 168
143 169
143 171
143 173
143 185
143 191
143 192
144 151
144 157
144 158
144 162
144 170
144 173
144 183
144 194
144 198
145 147
145 149
145 161
145 165
145 167
145 173
145 185
145 192
145 193
145 197
145 198
146 149
146 159
146 163
146 177
146 182
146 184
146 192
146 194
146 197
147 149
147 150
147 154
147 172
147 176
147 179
147 180
147 184
147 185
147 188
147 190
147 193
147 194
147 195
148 163
148 167
148 168
148 169
148 184
148 192
148 196
148 199
149 151
149 152
149 154
149 157
149 164
149 173
149 175
149 187
149 188
149 196
149 199
150 152
150 167
150 175
150 180
150 181
150 184
150 194
151 157
151 163
151 169
151 172
151 199
152 155
152 159
152 167
152 177
152 178
153 157
153 171
153 180
153 183
154 158
154 163
154 165
154 195
154 197
154 198
155 157
155 158
155 159
155 162
155 168
155 176
155 184
155 187
155 189
155 191
156 160
156 162
156 175
156 176
156 192
156 196
156 197
157 159
157 162
157 168
157 173
157 178
157 181
157 196
157 197
158 167
158 177
158 182
158 193
158 195
159 161
159 165
159 170
159 173
159 191
159 195
160 181
160 183
160 193
161 163
161 164
161 167
161 177
161 192
162 166
162 176
162 182
162 188
162 191
162 194
163 170
163 185
163 193
164 169
164 198
165 166
165 178
165 186
165 194
166 172
166 177
166 178
166 184
166 192
167 184
167 192
167 194
168 170
168 175
168 178
168 179
168 180
168 182
168 195
169 174
169 177
169 178
169 179
169 180
169 185
169 197
170 187
170 191
171 178
171 179
171 183
171 186
171 193
172 173
172 179
172 180
172 181
172 184
172 188
173 176
173 181
173 191
173 194
174 176
174 178
174 192
174 198
175 178
175 182
175 188
175 194
176 180
176 181
176 189
176 197
177 185
177 193
177 196
178 189
178 193
178 194
179 185
179 193
180 193
180 197
180 199
181 185
181 189
182 188
182 191
182 198
183 195
183 197
184 196
184 197
185 189
185 199
186 198
187 189
187 196
188 193
188 195
189 194
190 191
191 193
192 197
194 195
194 196
194 198
