0 8
0 13
0 32
0 49
0 61
0 69
0 84
0 93
0 114
0 116
0 120
0 121
0 125
0 133
0 142
0 155
0 164
0 182
0 185
0 188
1 8
1 22
1 48
1 49
1 73
1 80
1 117
1 119
1 120
1 124
1 127
1 130
1 135
1 137
1 147
1 161
1 165
1 180
1 192
2 9
2 11
2 16
2 21
2 24
2 29
2 35
2 67
2 94
2 103
2 119
2 121
2 122
2 125
2 126
2 127
2 131
2 156
2 157
2 161
2 164
2 181
2 192
2 197
3 40
3 46
3 63
3 66
3 71
3 74
3 76
3 80
3 84
3 97
3 104
3 106
3 107
3 111
3 119
3 122
3 135
3 144
3 158
3 176
3 184
3 199
4 17
4 20
4 24
4 35
4 40
4 45
4 50
4 61
4 91
4 119
4 121
4 123
4 126
4 139
4 164
4 178
5 7
5 12
5 34
5 39
5 99
5 100
5 105
5 113
5 136
5 165
5 172
5 179
6 20
6 26
6 30
6 33
6 56
6 65
6 72
6 80
6 91
6 92
6 100
6 102
6 109
6 115
6 116
6 125
6 126
6 147
6 156
6 164
6 198
7 44
7 46
7 62
7 71
7 117
7 128
7 147
7 155
7 161
7 167
7 189
7 193
7 195
8 9
8 33
8 45
8 48
8 84
8 87
8 100
8 111
8 125
8 126
8 138
8 165
8 174
8 178
8 183
8 184
8 190
8 191
8 199
9 36
9 50
9 60
9 63
9 65
9 97
9 99
9 104
9 123
9 126
9 131
9 138
9 148
9 149
9 151
9 153
9 178
9 188
10 12
10 20
10 22
10 30
10 46
10 47
10 58
10 68
10 70
10 79
10 91
10 94
10 145
10 161
10 196
11 14
11 15
11 21
11 33
11 64
11 66
11 84
11 105
11 118
11 121
11 131
11 155
11 168
11 169
11 172
11 185
12 13
12 17
12 21
12 39
12 72
12 95
12 99
12 106
12 116
12 129
12 130
12 146
12 165
12 170
12 173
12 195
13 21
13 30
13 38
13 42
13 54
13 56
13 72
13 80
13 92
13 96
13 97
13 98
13 102
13 106
13 110
13 111
13 122
13 123
13 129
13 139
13 151
13 156
13 165
13 169
13 177
13 182
13 187
13 192
14 21
14 23
14 24
14 25
14 29
14 44
14 45
14 46
14 47
14 63
14 71
14 83
14 92
14 93
14 102
14 114
14 123
14 148
14 151
14 176
14 183
14 192
14 195
15 24
15 28
15 39
15 40
15 47
15 55
15 80
15 82
15 88
15 102
15 109
15 112
15 130
15 152
15 164
15 186
16 19
16 35
16 37
16 67
16 80
16 106
16 109
16 110
16 114
16 126
16 130
16 154
16 157
16 159
16 165
16 168
16 187
16 192
17 19
17 27
17 31
17 36
17 42
17 76
17 82
17 84
17 97
17 109
17 129
17 136
17 150
17 153
17 155
17 170
17 176
17 179
17 183
17 185
17 187
17 190
17 194
18 20
18 35
18 59
18 77
18 82
18 85
18 90
18 93
18 114
18 121
18 124
18 126
18 140
18 181
18 196
19 22
19 39
19 45
19 69
19 70
19 76
19 79
19 83
19 88
19 117
19 120
19 127
19 152
19 156
19 162
19 165
19 178
19 194
20 25
20 28
20 32
20 36
20 41
20 43
20 47
20 59
20 68
20 92
20 100
20 133
20 174
20 194
21 25
21 36
21 38
21 39
21 49
21 52
21 59
21 84
21 125
21 130
21 135
21 146
21 155
21 162
21 163
21 168
21 176
21 183
21 189
22 55
22 64
22 87
22 92
22 102
22 104
22 111
22 132
22 142
22 154
22 169
22 172
22 195
22 196
23 38
23 50
23 52
23 69
23 100
23 105
23 123
23 126
23 127
23 128
23 148
23 170
23 171
23 174
23 175
23 181
23 185
24 25
24 28
24 38
24 40
24 48
24 71
24 83
24 94
24 108
24 125
24 134
24 136
24 151
24 153
24 155
24 158
24 169
24 189
25 43
25 59
25 71
25 72
25 77
25 133
25 135
25 136
25 150
25 154
25 165
25 175
25 178
25 181
25 193
25 195
25 197
26 41
26 53
26 58
26 60
26 89
26 91
26 97
26 125
26 136
26 139
26 148
26 159
26 160
26 166
26 181
26 182
26 185
27 33
27 38
27 41
27 42
27 59
27 68
27 75
27 104
27 108
27 116
27 122
27 127
27 139
27 168
27 172
27 173
27 175
27 181
27 191
27 197
28 49
28 50
28 60
28 62
28 67
28 80
28 88
28 94
28 95
28 97
28 99
28 101
28 104
28 108
28 119
28 129
28 132
28 154
28 162
28 170
28 190
29 41
29 63
29 91
29 93
29 140
29 146
29 148
29 164
29 174
30 50
30 58
30 63
30 70
30 72
30 79
30 80
30 84
30 85
30 87
30 91
30 109
30 111
30 124
30 147
30 158
30 161
30 168
30 170
30 172
30 173
30 199
31 42
31 49
31 68
31 76
31 77
31 80
31 93
31 103
31 119
31 125
31 127
31 140
31 145
31 160
31 171
31 194
32 51
32 55
32 74
32 79
32 99
32 112
32 116
32 127
32 128
32 149
32 151
32 153
32 154
32 169
32 188
33 39
33 40
33 50
33 66
33 74
33 103
33 118
33 162
33 177
33 179
33 194
34 40
34 42
34 44
34 53
34 57
34 60
34 63
34 73
34 75
34 80
34 89
34 98
34 108
34 116
34 123
34 132
34 136
34 138
34 141
34 178
34 179
34 182
34 190
34 197
35 63
35 65
35 77
35 78
35 85
35 91
35 118
35 122
35 132
35 140
35 154
35 174
35 181
35 182
35 193
36 39
36 40
36 43
36 53
36 64
36 72
36 85
36 91
36 94
36 95
36 99
36 106
36 119
36 121
36 131
36 132
36 144
36 146
36 158
36 169
37 46
37 56
37 63
37 70
37 84
37 90
37 91
37 104
37 109
37 121
37 179
38 40
38 43
38 55
38 62
38 74
38 94
38 102
38 103
38 121
38 130
38 145
38 159
38 175
38 177
38 179
38 196
39 42
39 56
39 65
39 66
39 82
39 90
39 95
39 96
39 105
39 121
39 150
39 158
39 180
39 183
39 185
39 187
39 198
40 66
40 68
40 70
40 89
40 136
40 143
40 147
40 163
40 170
40 176
40 181
40 186
40 196
41 49
41 53
41 64
41 69
41 80
41 83
41 89
41 112
41 127
41 137
41 144
41 159
41 166
41 171
41 173
41 178
41 183
41 186
41 193
42 51
42 82
42 89
42 111
42 112
42 124
42 146
42 148
42 162
42 185
42 189
42 197
43 54
43 62
43 68
43 69
43 88
43 89
43 97
43 99
43 100
43 104
43 121
43 123
43 129
43 137
43 140
43 146
43 147
43 172
43 185
43 199
44 58
44 64
44 69
44 81
44 102
44 104
44 111
44 148
44 156
44 164
44 177
44 178
44 181
44 198
45 90
45 92
45 102
45 120
45 124
45 134
45 137
45 158
45 167
45 169
45 171
45 179
45 188
45 198
46 53
46 59
46 67
46 68
46 72
46 74
46 77
46 96
46 103
46 119
46 146
46 158
46 163
46 171
46 172
46 173
46 181
46 194
47 54
47 82
47 92
47 111
47 132
47 145
47 150
47 156
47 166
47 168
47 188
47 190
48 50
48 58
48 66
48 69
48 73
48 74
48 80
48 91
48 94
48 102
48 103
48 116
48 121
48 127
48 128
48 129
48 136
48 138
48 149
48 155
48 189
48 192
49 65
49 66
49 72
49 77
49 95
49 103
49 105
49 127
49 129
49 145
49 175
49 176
49 179
49 183
49 187
49 194
49 198
50 51
50 53
50 65
50 69
50 74
50 76
50 84
50 88
50 99
50 101
50 124
50 137
50 153
50 155
50 174
50 183
50 195
51 62
51 78
51 114
51 139
51 142
51 145
51 148
51 159
51 163
51 166
51 174
51 187
51 198
51 199
52 62
52 101
52 104
52 149
52 156
52 157
52 171
53 64
53 74
53 85
53 86
53 90
53 92
53 106
53 124
53 126
53 133
53 136
53 141
53 148
53 151
53 165
54 60
54 75
54 82
54 90
54 91
54 110
54 118
54 128
54 144
54 150
54 163
54 167
54 177
54 184
54 194
55 68
55 71
55 72
55 75
55 77
55 82
55 91
55 93
55 101
55 104
55 106
55 142
55 170
55 180
55 198
56 81
56 87
56 108
56 111
56 114
56 117
56 124
56 147
56 154
56 155
56 159
56 160
56 178
56 188
56 190
57 58
57 61
57 75
57 93
57 136
57 152
57 161
57 178
57 179
57 188
57 199
58 76
58 94
58 98
58 102
58 103
58 117
58 119
58 123
58 124
58 138
58 146
58 149
58 150
58 169
58 174
58 196
59 60
59 74
59 82
59 96
59 99
59 121
59 124
59 125
59 130
59 131
59 145
59 146
59 155
59 157
59 173
59 189
59 190
60 80
60 82
60 97
60 104
60 109
60 113
60 114
60 119
60 129
60 131
60 148
60 152
60 156
60 166
60 185
61 71
61 73
61 80
61 85
61 87
61 89
61 100
61 109
61 131
61 134
61 143
61 155
61 161
61 163
61 169
61 171
61 175
61 180
61 184
61 187
62 64
62 88
62 104
62 107
62 109
62 119
62 121
62 125
62 132
62 137
62 138
62 148
62 152
62 157
62 162
62 178
62 191
62 197
63 65
63 109
63 119
63 128
63 133
63 145
63 150
63 173
63 174
63 186
63 189
63 190
63 191
64 71
64 79
64 84
64 115
64 125
64 138
64 142
64 148
64 155
64 161
64 162
64 175
64 177
64 179
64 194
64 196
65 75
65 80
65 93
65 108
65 110
65 111
65 122
65 130
65 151
65 158
65 159
65 168
66 96
66 102
66 103
66 115
66 120
66 139
66 140
66 159
66 178
66 187
66 189
67 78
67 90
67 94
67 96
67 97
67 108
67 115
67 117
67 118
67 119
67 133
67 135
67 137
67 161
67 183
67 186
67 193
67 195
68 104
68 109
68 141
68 148
68 176
68 179
68 197
68 199
69 71
69 83
69 85
69 100
69 147
69 182
69 192
70 75
70 79
70 87
70 89
70 90
70 91
70 93
70 97
70 124
70 126
70 131
70 132
70 137
70 140
70 152
70 155
70 160
70 165
70 173
70 178
70 187
70 191
70 198
70 199
71 88
71 94
71 110
71 170
71 185
71 193
72 87
72 89
72 102
72 119
72 134
72 136
72 153
72 159
72 160
72 163
72 165
72 175
72 181
72 192
72 195
73 75
73 78
73 82
73 89
73 106
73 113
73 116
73 128
73 131
73 135
73 136
73 139
73 163
73 166
73 191
74 78
74 79
74 96
74 98
74 111
74 119
74 120
74 142
74 156
74 170
74 174
74 184
74 187
74 189
75 82
75 83
75 89
75 91
75 100
75 120
75 122
75 140
75 141
75 143
75 166
75 175
75 187
75 193
76 89
76 113
76 116
76 118
76 123
76 127
76 131
76 143
76 148
76 162
76 165
76 188
76 189
77 90
77 103
77 109
77 112
77 116
77 139
77 143
77 155
77 190
78 81
78 82
78 85
78 101
78 102
78 123
78 126
78 127
78 138
78 141
78 145
78 147
78 158
79 104
79 138
79 150
79 157
79 167
79 168
79 169
79 170
79 171
79 175
79 177
79 181
79 183
80 91
80 117
80 130
80 133
80 150
80 155
80 156
80 161
80 164
80 173
80 175
80 195
81 101
81 102
81 115
81 121
81 128
81 130
81 156
81 173
81 185
82 86
82 97
82 108
82 120
82 163
82 167
82 183
82 184
83 89
83 95
83 105
83 108
83 118
83 124
83 125
83 142
83 174
83 177
83 182
84 106
84 120
84 126
84 127
84 131
84 144
84 155
84 171
84 172
84 181
84 182
84 196
85 90
85 104
85 110
85 111
85 112
85 114
85 115
85 142
85 149
85 154
85 163
85 166
85 176
86 106
86 109
86 110
86 122
86 134
86 147
86 159
86 161
86 162
86 172
86 174
86 185
86 192
86 197
86 199
87 90
87 106
87 121
87 126
87 135
87 143
87 150
87 171
87 192
87 194
87 199
88 97
88 135
88 136
88 145
88 147
88 163
88 165
88 195
89 98
89 101
89 117
89 124
89 127
89 141
89 153
89 160
89 163
90 91
90 94
90 98
90 128
90 130
90 134
90 136
90 139
90 167
90 182
90 196
90 199
91 107
91 112
91 115
91 120
91 131
91 134
91 141
91 143
91 144
91 156
91 158
91 166
91 168
91 176
91 198
92 95
92 99
92 114
92 153
92 156
92 157
92 169
92 170
92 177
92 180
92 186
92 193
92 198
93 100
93 113
93 128
93 131
93 155
93 168
93 185
94 149
94 152
94 163
94 168
94 189
95 103
95 109
95 120
95 128
95 131
95 152
95 163
95 164
95 165
95 176
96 99
96 101
96 103
96 131
96 136
96 145
96 154
96 156
96 173
96 181
96 192
96 194
97 106
97 109
97 112
97 116
97 120
97 121
97 143
97 145
97 162
97 190
97 197
97 199
98 101
98 118
98 124
98 127
98 140
98 145
98 152
98 157
98 166
98 169
98 173
98 178
98 181
98 183
98 184
99 101
99 113
99 119
99 140
99 144
99 159
99 167
99 168
99 172
99 176
99 181
99 186
99 188
99 194
99 197
99 198
100 110
100 131
100 135
100 161
100 171
100 174
100 180
100 191
100 197
101 110
101 112
101 114
101 115
101 122
101 125
101 128
101 132
101 138
101 153
101 158
101 168
101 173
101 182
101 183
101 192
101 195
102 111
102 138
102 148
102 155
102 172
102 176
102 180
102 182
102 198
103 109
103 110
103 113
103 118
103 122
103 168
103 189
103 192
103 198
103 199
104 113
104 138
104 141
104 149
104 156
104 158
104 166
104 172
104 184
104 188
104 195
105 117
105 118
105 121
105 123
105 131
105 149
105 171
105 178
105 188
105 189
105 198
106 130
106 148
106 165
106 173
106 175
106 186
106 199
107 114
107 115
107 127
107 134
107 138
107 145
107 156
107 162
107 170
107 194
107 196
108 111
108 116
108 126
108 128
108 129
108 132
108 136
108 140
108 142
108 159
108 167
108 199
109 132
109 159
109 172
109 174
109 179
109 196
110 131
110 135
110 149
110 161
110 169
110 173
111 128
111 143
111 156
111 177
111 178
111 179
111 187
112 115
112 131
112 145
112 151
112 169
112 189
112 195
113 117
113 120
113 124
113 127
113 149
113 177
113 199
114 116
114 124
114 130
114 132
114 144
114 164
114 167
114 172
114 177
114 184
115 133
115 147
115 154
115 161
115 169
115 180
116 118
116 124
116 128
116 132
116 156
116 182
116 184
117 126
117 130
117 131
117 145
117 166
117 176
117 181
117 182
117 189
117 193
118 130
118 132
118 146
118 147
118 149
118 157
118 159
118 161
118 162
118 167
118 181
118 195
118 196
119 121
119 131
119 141
119 158
119 172
119 173
119 187
120 124
120 126
120 138
120 149
120 171
120 188
120 196
120 197
120 199
121 130
121 134
121 153
121 160
121 162
121 163
121 195
122 125
122 127
122 129
122 131
122 139
122 142
122 143
122 176
122 192
123 125
123 142
123 147
123 152
123 159
123 164
123 172
123 181
123 184
123 185
124 136
124 137
124 145
124 180
124 189
124 197
125 126
125 129
125 150
125 169
125 176
125 178
125 189
125 193
126 133
126 138
126 139
126 141
126 143
126 149
126 169
126 171
126 180
127 135
127 137
127 139
127 143
127 155
127 167
127 172
127 177
127 180
127 189
127 195
128 151
128 153
128 155
128 164
128 178
128 186
128 187
129 132
129 153
129 193
129 195
130 153
130 157
130 165
130 174
130 181
131 139
131 145
131 154
131 156
131 160
131 161
131 167
131 178
131 199
132 141
132 144
132 149
132 151
132 152
132 158
132 169
132 175
132 190
132 192
132 195
133 137
133 153
133 155
133 159
133 160
133 161
133 194
134 136
134 139
134 144
134 151
134 165
134 184
135 150
135 156
135 170
135 185
135 194
136 150
136 160
136 166
136 185
136 189
137 138
137 146
137 154
137 170
137 179
137 191
137 193
138 155
138 161
138 179
138 185
139 143
139 160
139 163
139 170
139 172
139 187
139 188
139 199
140 170
140 185
140 190
140 193
141 150
141 154
141 156
141 160
141 164
141 172
141 187
141 192
141 198
142 144
142 149
142 161
142 170
142 171
142 195
142 198
143 149
143 153
143 158
143 161
143 187
143 190
143 194
144 145
144 173
144 174
144 187
144 188
144 195
144 198
145 153
145 160
145 167
145 170
145 173
145 183
145 187
145 191
146 164
146 170
146 179
146 180
146 182
146 187
146 189
146 194
146 197
147 162
147 167
147 175
147 184
147 194
148 151
148 158
148 165
148 167
148 170
148 178
148 182
148 187
148 189
148 191
148 196
148 198
149 160
149 161
149 164
149 165
149 179
150 162
150 168
150 186
150 190
150 195
151 155
151 167
151 177
151 185
151 192
151 197
151 198
152 154
152 160
152 162
152 183
152 184
153 170
153 189
153 192
153 193
154 185
154 190
154 195
155 164
155 167
155 178
155 182
156 172
156 177
156 183
156 189
156 191
156 199
157 159
157 171
157 178
158 183
158 192
158 193
159 161
159 174
159 177
159 195
159 196
160 162
160 163
160 182
160 183
160 186
160 195
160 197
161 165
162 167
162 173
162 185
162 191
163 164
163 184
163 189
163 191
163 195
163 197
164 167
165 167
165 169
165 172
165 177
165 188
165 194
165 196
166 178
166 181
167 182
167 183
167 190
167 191
167 198
168 185
169 194
170 175
170 176
170 180
170 184
170 190
170 192
171 172
171 176
171 178
171 179
171 182
172 178
172 179
172 185
172 187
173 185
173 186
173 192
173 193
173 195
174 176
174 182
174 194
175 186
175 190
176 183
176 188
176 190
177 186
177 199
178 184
178 185
179 182
179 188
179 197
180 191
181 185
181 187
181 198
181 199
182 184
182 196
183 186
183 191
183 197
185 189
185 191
185 195
185 197
191 193
192 193
