0 3
0 10
0 29
0 33
0 36
0 47
0 53
0 54
0 57
0 62
0 67
0 72
0 77
0 86
0 111
0 114
0 120
0 124
0 129
0 131
0 151
0 159
0 169
0 180
0 183
0 184
0 193
1 9
1 15
1 22
1 47
1 70
1 77
1 80
1 84
1 88
1 98
1 115
1 132
1 146
1 147
1 170
1 176
1 185
1 186
1 192
1 198
1 199
2 5
2 12
2 15
2 20
2 25
2 40
2 42
2 53
2 61
2 63
2 74
2 78
2 101
2 110
2 148
2 157
2 158
2 166
2 168
2 169
2 199
3 9
3 23
3 28
3 29
3 30
3 47
3 63
3 69
3 76
3 81
3 83
3 110
3 111
3 135
3 141
3 152
3 167
3 186
3 188
3 191
3 195
4 15
4 19
4 25
4 26
4 46
4 56
4 59
4 85
4 106
4 133
4 137
4 143
4 145
4 175
4 179
4 182
5 11
5 22
5 28
5 31
5 37
5 41
5 48
5 75
5 76
5 80
5 87
5 104
5 118
5 120
5 130
5 136
5 137
5 141
5 175
5 183
5 186
5 191
6 19
6 20
6 26
6 33
6 40
6 70
6 73
6 82
6 87
6 92
6 111
6 122
6 130
6 142
6 161
6 168
6 180
7 25
7 47
7 81
7 89
7 104
7 114
7 122
7 129
7 155
7 159
7 160
7 173
7 179
7 183
8 11
8 21
8 25
8 40
8 50
8 53
8 77
8 80
8 81
8 89
8 94
8 98
8 104
8 108
8 125
8 134
8 138
8 143
8 146
8 157
8 160
8 167
8 178
8 196
9 19
9 33
9 36
9 40
9 45
9 69
9 70
9 74
9 75
9 80
9 85
9 120
9 124
9 126
9 127
9 128
9 154
9 155
9 167
9 168
9 173
9 186
9 199
10 20
10 21
10 54
10 63
10 68
10 70
10 100
10 101
10 106
10 110
10 124
10 125
10 126
10 127
10 137
10 144
10 188
10 197
10 199
11 18
11 21
11 22
11 32
11 33
11 40
11 52
11 57
11 65
11 70
11 87
11 88
11 101
11 106
11 111
11 113
11 114
11 138
11 145
11 160
11 173
11 175
11 180
11 188
11 190
11 196
12 16
12 22
12 27
12 34
12 57
12 59
12 70
12 72
12 100
12 109
12 110
12 119
12 123
12 134
12 137
12 140
12 143
12 149
12 160
12 165
12 180
12 195
13 18
13 29
13 30
13 49
13 61
13 72
13 74
13 79
13 88
13 89
13 93
13 95
13 104
13 105
13 106
13 107
13 115
13 197
14 32
14 36
14 39
14 49
14 63
14 65
14 84
14 89
14 96
14 112
14 128
14 137
14 144
14 160
14 192
14 193
15 23
15 25
15 31
15 36
15 44
15 61
15 67
15 68
15 73
15 122
15 124
15 132
15 159
15 160
15 162
15 164
15 167
15 169
15 183
16 30
16 36
16 65
16 87
16 102
16 103
16 115
16 118
16 125
16 126
16 131
16 140
16 149
16 151
16 177
16 178
16 196
17 27
17 37
17 40
17 41
17 44
17 45
17 64
17 89
17 94
17 102
17 107
17 115
17 129
17 139
17 154
17 156
17 160
17 174
17 176
17 180
17 195
18 29
18 53
18 54
18 74
18 79
18 102
18 109
18 114
18 115
18 117
18 133
18 135
18 140
18 142
18 144
18 168
18 175
18 195
18 197
19 30
19 33
19 37
19 48
19 50
19 61
19 62
19 93
19 99
19 110
19 134
19 142
19 168
19 174
19 175
19 198
20 25
20 40
20 62
20 72
20 75
20 80
20 81
20 85
20 114
20 119
20 121
20 122
20 132
20 139
20 141
20 153
20 159
20 169
20 193
21 30
21 36
21 64
21 67
21 103
21 125
21 128
21 150
21 154
21 167
21 169
21 173
21 174
21 184
21 186
22 25
22 27
22 49
22 53
22 56
22 90
22 112
22 124
22 125
22 131
22 140
22 141
22 148
22 162
22 198
23 31
23 83
23 91
23 129
23 186
23 192
24 35
24 58
24 60
24 80
24 92
24 95
24 103
24 111
24 117
24 125
24 138
24 143
24 163
25 26
25 39
25 58
25 59
25 61
25 68
25 75
25 76
25 77
25 83
25 91
25 105
25 108
25 115
25 130
25 133
25 153
25 155
25 159
25 167
25 189
26 63
26 66
26 82
26 93
26 98
26 106
26 116
26 124
26 130
26 145
26 180
26 186
27 43
27 48
27 67
27 79
27 96
27 102
27 104
27 111
27 132
27 142
27 143
27 154
27 157
27 194
28 46
28 53
28 78
28 83
28 104
28 112
28 117
28 190
28 193
29 41
29 52
29 61
29 76
29 81
29 84
29 86
29 90
29 101
29 106
29 115
29 132
29 136
29 137
29 148
29 153
29 169
29 189
30 35
30 36
30 46
30 47
30 57
30 73
30 78
30 96
30 106
30 110
30 111
30 114
30 115
30 121
30 122
30 134
30 137
30 141
30 143
30 153
30 170
30 173
30 183
30 185
31 41
31 75
31 76
31 93
31 148
31 157
31 180
31 195
32 45
32 47
32 66
32 95
32 104
32 109
32 115
32 124
32 132
32 144
32 149
32 178
32 193
32 195
32 199
33 39
33 40
33 42
33 50
33 52
33 55
33 64
33 67
33 73
33 78
33 82
33 86
33 87
33 109
33 112
33 131
33 141
33 149
33 157
33 158
33 161
33 176
33 191
33 193
34 35
34 50
34 57
34 58
34 73
34 102
34 123
34 148
34 150
34 152
34 155
34 173
34 177
34 179
34 180
34 181
34 182
34 186
35 41
35 52
35 58
35 59
35 62
35 78
35 82
35 83
35 89
35 100
35 109
35 111
35 126
35 129
35 137
35 146
35 171
35 178
36 46
36 52
36 68
36 69
36 82
36 88
36 90
36 91
36 96
36 104
36 113
36 114
36 119
36 130
36 134
36 137
36 138
36 146
36 157
36 180
36 182
36 188
36 197
37 48
37 71
37 116
37 121
37 147
37 169
37 175
37 178
37 180
37 190
38 39
38 49
38 55
38 59
38 60
38 68
38 74
38 138
38 153
38 159
38 177
38 189
39 70
39 78
39 79
39 90
39 96
39 106
39 111
39 137
39 152
39 155
39 171
39 193
39 199
40 49
40 63
40 67
40 75
40 76
40 77
40 78
40 89
40 95
40 98
40 109
40 112
40 126
40 139
40 154
40 155
40 170
40 174
40 175
40 177
40 183
40 193
41 63
41 69
41 105
41 138
41 168
41 173
41 182
41 194
42 44
42 55
42 57
42 75
42 87
42 90
42 96
42 119
42 122
42 133
42 146
42 147
42 150
42 161
42 167
42 173
42 177
42 178
42 189
42 196
42 197
42 198
43 53
43 57
43 58
43 59
43 62
43 78
43 96
43 98
43 102
43 103
43 104
43 106
43 115
43 120
43 127
43 128
43 139
43 182
44 63
44 68
44 74
44 77
44 79
44 83
44 93
44 98
44 104
44 114
44 116
44 130
44 143
44 148
44 149
44 153
44 158
44 159
44 166
44 172
44 175
44 184
44 187
44 194
45 47
45 52
45 71
45 78
45 87
45 100
45 101
45 106
45 120
45 130
45 155
45 165
45 172
45 180
45 181
46 52
46 68
46 72
46 73
46 93
46 97
46 111
46 112
46 118
46 140
46 169
46 174
46 184
46 186
47 57
47 67
47 68
47 82
47 87
47 93
47 115
47 125
47 127
47 128
47 159
47 170
47 181
47 182
47 185
48 65
48 66
48 67
48 77
48 84
48 88
48 91
48 109
48 113
48 116
48 120
48 129
48 130
48 136
48 139
48 143
48 156
48 177
48 193
49 86
49 88
49 91
49 112
49 119
49 124
49 145
49 150
49 169
49 173
49 176
49 181
49 189
49 197
50 61
50 80
50 97
50 101
50 102
50 103
50 105
50 107
50 109
50 124
50 197
51 74
51 77
51 100
51 101
51 106
51 107
51 116
51 122
51 140
51 141
51 160
51 161
51 165
51 167
51 168
51 187
52 54
52 63
52 72
52 76
52 90
52 100
52 108
52 113
52 121
52 122
52 139
52 151
52 152
52 160
52 161
52 168
53 68
53 77
53 79
53 103
53 115
53 116
53 122
53 124
53 134
53 137
53 146
53 147
53 163
53 167
53 185
53 192
53 195
53 198
54 61
54 72
54 79
54 84
54 91
54 108
54 111
54 121
54 131
54 150
54 152
54 168
54 173
54 175
54 180
54 184
54 187
54 188
55 59
55 68
55 87
55 124
55 136
55 162
55 170
55 171
55 179
55 185
55 195
56 71
56 83
56 110
56 124
56 143
56 146
56 159
56 161
56 167
56 176
57 87
57 90
57 114
57 148
57 174
57 186
57 195
58 63
58 94
58 106
58 114
58 117
58 123
58 128
58 131
58 136
58 175
58 177
58 186
59 61
59 75
59 86
59 119
59 123
59 124
59 137
59 145
59 146
59 153
59 173
59 192
59 193
59 195
60 83
60 99
60 111
60 125
60 142
60 152
60 156
60 165
60 173
60 184
60 199
61 65
61 74
61 88
61 99
61 105
61 126
61 140
61 156
61 168
61 177
61 193
61 198
62 63
62 70
62 72
62 74
62 89
62 90
62 103
62 136
62 137
62 138
62 144
62 164
62 191
62 195
63 68
63 71
63 72
63 84
63 85
63 86
63 89
63 93
63 101
63 106
63 110
63 111
63 131
63 137
63 140
63 150
63 173
63 182
64 73
64 79
64 80
64 101
64 104
64 131
64 140
64 154
64 158
64 166
64 167
64 185
65 69
65 93
65 111
65 112
65 116
65 137
65 155
65 173
65 180
65 192
65 194
66 74
66 81
66 93
66 94
66 107
66 129
66 150
66 152
66 169
66 198
67 85
67 98
67 103
67 126
67 128
67 135
67 147
67 167
67 169
67 177
67 179
67 180
67 199
68 82
68 88
68 95
68 96
68 103
68 105
68 109
68 112
68 113
68 122
68 152
68 160
68 164
68 170
68 184
68 193
68 196
69 82
69 94
69 101
69 102
69 118
69 150
69 173
69 177
69 184
69 199
70 72
70 100
70 108
70 129
70 131
70 138
70 163
70 179
70 190
71 78
71 124
71 129
71 133
71 135
71 153
71 160
71 161
71 164
71 182
71 188
71 189
72 80
72 99
72 110
72 120
72 123
72 130
72 145
72 151
72 157
72 161
72 170
72 185
72 195
72 197
72 199
73 98
73 104
73 130
73 133
74 110
74 115
74 117
74 124
74 126
74 135
74 143
74 173
74 175
74 176
74 185
74 190
74 195
74 197
75 77
75 89
75 107
75 110
75 111
75 125
75 133
75 137
75 150
75 157
75 166
75 167
75 174
75 185
75 192
75 194
75 199
76 78
76 79
76 84
76 96
76 114
76 133
76 137
76 167
76 169
76 195
77 78
77 93
77 94
77 95
77 107
77 110
77 124
77 126
77 127
77 128
77 147
77 159
77 160
77 162
77 169
77 180
77 181
77 185
78 92
78 106
78 125
78 157
78 168
78 175
78 179
78 180
78 184
78 190
78 195
79 83
79 85
79 89
79 97
79 113
79 115
79 116
79 127
79 128
79 133
79 136
79 139
79 146
79 167
79 169
79 178
79 182
80 106
80 108
80 138
80 145
80 148
80 152
80 161
80 163
80 175
80 183
81 83
81 89
81 139
81 140
81 147
81 150
81 152
81 155
81 159
81 161
81 174
81 190
81 193
81 199
82 88
82 103
82 153
82 164
82 170
82 181
82 198
83 84
83 93
83 94
83 116
83 118
83 120
83 125
83 138
83 145
83 152
83 164
83 174
84 89
84 114
84 120
84 135
84 158
84 164
84 166
84 169
84 170
84 171
84 183
85 99
85 109
85 114
85 122
85 140
85 141
85 163
85 171
85 180
86 90
86 94
86 98
86 113
86 120
86 154
86 156
86 161
86 167
86 174
86 178
86 182
87 88
87 92
87 98
87 121
87 123
87 126
87 128
87 132
87 140
87 158
87 161
87 162
87 190
87 199
88 106
88 122
88 123
88 134
88 140
88 154
88 157
88 158
88 166
88 170
88 187
89 111
89 112
89 129
89 130
89 149
89 155
89 168
89 190
90 94
90 97
90 124
90 145
90 152
90 166
90 172
90 178
90 185
90 192
90 194
91 107
91 128
91 134
91 158
91 164
91 169
91 173
91 175
91 176
92 94
92 101
92 105
92 108
92 127
92 133
92 135
92 154
92 165
92 181
92 183
92 195
93 98
93 100
93 132
93 146
93 160
93 165
93 167
93 175
93 178
93 185
93 193
93 195
94 95
94 120
94 163
94 168
94 172
95 96
95 97
95 102
95 108
95 122
95 154
95 163
96 122
96 124
96 128
96 138
96 159
96 169
96 185
96 190
97 107
97 117
97 167
97 170
97 177
97 189
97 195
98 102
98 114
98 128
98 146
98 149
98 151
98 194
98 198
99 119
99 123
99 130
99 131
99 135
99 141
99 151
99 162
99 166
99 169
99 170
99 177
99 179
99 188
99 192
99 194
99 195
99 196
100 109
100 132
100 134
100 141
100 144
100 162
100 163
100 195
101 111
101 116
101 119
101 127
101 136
101 140
101 148
101 158
101 163
101 180
101 185
101 191
101 194
101 196
102 111
102 117
102 132
102 144
102 165
102 171
102 174
102 184
102 185
102 199
103 105
103 106
103 114
103 115
103 122
103 125
103 153
103 174
103 176
104 123
104 125
104 139
104 148
104 150
104 155
104 175
104 181
104 187
104 188
104 192
105 123
105 124
105 125
105 135
105 145
105 146
105 165
105 178
105 185
105 191
105 192
106 115
106 118
106 119
106 120
106 128
106 136
106 137
106 142
106 143
106 144
106 164
106 174
106 179
106 180
106 199
107 120
107 137
107 138
107 143
107 146
107 148
107 156
107 171
107 174
107 175
107 185
107 186
108 113
108 116
108 125
108 127
108 158
108 178
108 181
108 187
108 192
108 195
108 196
109 113
109 132
109 134
109 137
109 147
109 152
109 155
109 169
109 176
109 190
109 193
110 111
110 113
110 127
110 132
110 138
110 139
110 156
110 167
110 171
110 177
110 184
110 185
111 116
111 117
111 119
111 131
111 144
111 167
111 176
111 179
111 183
111 188
111 193
112 118
112 136
112 143
112 150
112 153
112 169
112 181
112 182
112 190
112 192
112 199
113 120
113 135
113 145
113 147
113 161
113 166
113 174
113 182
113 183
114 121
114 122
114 125
114 146
114 150
114 153
114 166
114 174
114 184
114 196
115 132
115 140
115 142
115 150
115 158
115 166
115 176
115 188
115 192
115 194
116 122
116 124
116 131
116 142
116 145
116 154
116 156
116 168
116 174
116 191
117 120
117 131
117 135
117 141
117 151
117 158
117 168
117 172
117 176
117 195
117 197
117 198
118 119
118 137
118 138
118 140
118 179
118 189
118 195
119 137
119 139
119 142
119 146
119 155
119 162
119 168
119 176
119 186
120 126
120 137
120 141
120 153
120 157
120 158
120 167
120 176
120 181
121 125
121 130
121 132
121 146
121 152
121 153
121 164
121 166
121 169
121 170
121 172
121 173
121 179
121 194
122 135
122 136
122 145
122 169
122 176
122 177
123 133
123 139
123 154
123 166
123 198
124 133
124 143
124 148
124 164
124 174
124 193
124 197
124 198
125 131
125 138
125 146
125 148
125 158
125 171
125 174
125 183
125 193
125 198
125 199
126 130
126 136
126 138
126 187
127 141
127 155
127 160
127 177
127 178
127 185
127 187
127 198
128 135
128 145
128 151
128 161
128 163
128 187
128 192
128 197
128 199
129 144
129 156
129 161
129 174
129 180
129 181
129 182
129 183
129 198
130 134
130 141
130 152
130 155
130 172
130 176
130 181
130 188
131 140
131 141
131 142
131 144
131 146
131 158
131 162
131 174
132 135
132 145
132 156
132 170
132 175
132 185
132 191
133 142
133 190
134 153
134 158
134 168
134 189
135 137
135 151
135 169
135 190
135 194
136 156
136 181
136 182
137 156
137 168
137 171
137 175
137 196
138 152
138 157
138 161
138 166
138 183
138 190
138 195
138 199
139 164
139 175
139 182
139 191
139 193
140 151
140 156
140 159
140 161
140 170
140 197
141 153
141 158
141 181
141 190
142 148
142 153
142 160
142 173
142 181
143 144
143 148
143 151
143 153
143 163
143 166
143 170
143 188
143 196
143 198
144 155
144 179
144 194
145 152
145 154
145 155
145 162
145 165
145 174
145 184
145 195
145 196
145 199
146 151
146 153
146 168
146 174
146 182
146 185
147 161
147 162
147 164
147 176
147 180
147 185
147 186
147 193
147 194
147 195
148 150
148 161
148 197
148 198
148 199
149 161
149 183
149 199
150 154
150 163
150 167
150 172
151 153
151 156
151 171
151 175
151 197
152 166
152 174
152 175
152 177
152 182
152 198
153 156
153 159
153 177
153 185
153 190
154 169
154 186
154 192
155 167
155 173
155 175
155 185
155 195
156 163
156 177
156 183
157 169
157 171
157 177
159 165
159 171
159 194
160 165
160 180
160 181
160 187
160 188
161 170
161 171
161 181
161 186
162 179
162 191
163 168
163 176
163 185
163 191
163 194
164 171
164 178
164 181
164 188
164 192
165 170
165 179
165 188
165 191
165 199
166 167
166 175
166 181
166 186
167 174
167 184
167 190
168 170
168 198
169 170
169 191
170 175
171 173
171 174
171 175
171 178
171 182
171 198
172 175
172 186
173 174
173 183
173 188
173 189
175 178
175 187
175 191
175 198
176 177
176 198
176 199
177 188
177 193
178 180
178 196
178 198
179 190
180 199
181 189
182 191
182 192
184 185
184 187
185 189
185 198
187 190
187 197
187 199
188 193
188 194
188 198
190 193
190 195
190 199
191 194
191 196
191 197
191 198
197 199
