0 19
0 20
0 31
0 43
0 72
0 77
0 83
0 94
0 97
0 98
0 99
0 113
0 119
0 132
0 137
0 142
0 150
0 152
0 160
0 165
0 170
0 184
0 185
0 189
0 194
0 196
0 197
0 198
1 14
1 32
1 43
1 58
1 83
1 86
1 90
1 100
1 103
1 123
1 131
1 150
1 152
1 159
1 185
2 5
2 17
2 21
2 25
2 39
2 41
2 51
2 61
2 63
2 65
2 83
2 85
2 87
2 109
2 111
2 114
2 121
2 138
2 161
2 171
2 188
2 197
3 7
3 8
3 21
3 56
3 61
3 66
3 68
3 87
3 101
3 134
3 138
3 162
3 170
3 178
3 181
3 191
3 199
4 9
4 22
4 29
4 30
4 31
4 33
4 39
4 50
4 63
4 93
4 129
4 136
4 144
4 145
4 161
4 163
4 165
4 166
4 177
4 179
4 194
5 22
5 26
5 35
5 60
5 62
5 94
5 117
5 118
5 121
5 134
5 160
5 173
5 192
6 17
6 25
6 26
6 32
6 34
6 36
6 37
6 40
6 45
6 62
6 77
6 95
6 107
6 114
6 139
6 146
6 149
6 150
6 151
6 153
6 170
6 172
6 176
6 177
6 179
6 184
7 15
7 36
7 42
7 47
7 49
7 50
7 66
7 68
7 74
7 78
7 87
7 101
7 111
7 113
7 125
7 142
7 150
7 162
7 170
7 176
7 181
7 184
7 190
8 21
8 42
8 47
8 60
8 70
8 85
8 98
8 102
8 106
8 158
8 173
8 182
8 196
9 32
9 46
9 51
9 54
9 71
9 72
9 85
9 89
9 96
9 97
9 107
9 113
9 121
9 137
9 140
9 152
9 156
9 194
9 199
10 11
10 36
10 38
10 64
10 78
10 82
10 91
10 102
10 129
10 130
10 135
10 147
10 158
10 159
10 168
10 170
10 171
10 176
10 178
10 186
11 18
11 29
11 32
11 43
11 52
11 53
11 63
11 69
11 72
11 76
11 146
11 153
11 158
11 160
11 167
11 180
12 22
12 36
12 56
12 64
12 90
12 91
12 126
12 150
12 155
12 178
12 184
12 196
13 18
13 22
13 52
13 66
13 77
13 86
13 89
13 92
13 95
13 101
13 114
13 117
13 123
13 141
13 159
13 169
13 181
14 39
14 60
14 63
14 84
14 90
14 108
14 137
14 146
14 156
14 158
14 162
14 163
14 166
14 189
14 193
15 32
15 40
15 54
15 60
15 65
15 66
15 70
15 73
15 84
15 85
15 87
15 93
15 97
15 126
15 149
15 167
15 170
15 176
15 177
15 182
15 189
16 19
16 53
16 79
16 83
16 96
16 104
16 115
16 133
16 137
16 181
16 182
17 24
17 27
17 29
17 31
17 43
17 53
17 88
17 98
17 106
17 109
17 113
17 117
17 118
17 122
17 129
17 134
17 136
17 139
17 142
17 144
17 158
17 160
17 173
17 193
17 198
18 20
18 28
18 41
18 51
18 65
18 66
18 88
18 114
18 119
18 125
18 130
18 174
19 24
19 31
19 32
19 45
19 49
19 59
19 97
19 100
19 101
19 132
19 138
19 153
19 171
19 175
19 176
19 177
20 23
20 27
20 30
20 55
20 60
20 77
20 105
20 111
20 112
20 116
20 121
20 122
20 177
20 181
20 183
20 196
20 199
21 35
21 48
21 51
21 63
21 66
21 78
21 95
21 101
21 107
21 116
21 136
21 140
21 146
21 147
21 154
22 31
22 35
22 37
22 45
22 65
22 71
22 85
22 87
22 93
22 98
22 100
22 104
22 115
22 149
22 155
22 158
22 187
22 195
23 40
23 51
23 53
23 61
23 62
23 75
23 79
23 86
23 101
23 111
23 116
23 118
23 149
23 163
23 169
23 182
23 188
24 28
24 48
24 50
24 52
24 53
24 55
24 56
24 102
24 107
24 108
24 109
24 111
24 122
24 125
24 137
24 150
24 168
24 169
24 171
24 180
24 184
24 188
25 28
25 31
25 41
25 43
25 47
25 86
25 110
25 115
25 129
25 139
25 153
25 167
25 169
25 174
25 176
25 180
25 199
26 31
26 74
26 75
26 88
26 89
26 90
26 97
26 113
26 126
26 131
26 142
26 145
26 167
26 171
26 178
26 180
26 182
26 187
26 195
27 55
27 57
27 59
27 64
27 71
27 95
27 98
27 109
27 116
27 145
27 147
27 158
27 164
27 168
27 195
28 67
28 69
28 77
28 95
28 97
28 102
28 110
28 137
28 150
28 151
28 157
28 169
28 174
28 190
29 40
29 43
29 62
29 80
29 89
29 101
29 108
29 139
29 142
29 158
29 160
29 171
29 187
29 196
30 39
30 56
30 59
30 60
30 77
30 87
30 97
30 106
30 112
30 125
30 138
30 142
30 144
30 162
30 186
30 194
31 44
31 46
31 59
31 66
31 74
31 83
31 98
31 105
31 145
31 149
31 150
31 160
31 163
31 172
31 182
31 190
32 39
32 74
32 79
32 112
32 127
32 141
32 142
32 184
32 189
32 192
32 197
33 47
33 48
33 55
33 62
33 72
33 75
33 88
33 95
33 97
33 101
33 106
33 110
33 115
33 144
33 154
33 157
33 165
33 166
33 167
33 184
33 185
33 191
33 196
34 38
34 48
34 59
34 78
34 88
34 103
34 139
34 152
34 158
34 162
34 172
34 187
34 190
34 195
35 36
35 50
35 53
35 72
35 92
35 100
35 113
35 117
35 135
35 140
35 163
35 178
35 188
35 189
35 192
35 195
35 197
36 43
36 51
36 66
36 75
36 89
36 107
36 112
36 120
36 124
36 128
36 137
36 139
36 147
36 153
36 155
36 161
36 179
36 195
37 38
37 42
37 68
37 73
37 77
37 79
37 88
37 89
37 122
37 124
37 140
37 144
37 151
37 157
37 181
38 53
38 54
38 56
38 97
38 119
38 121
38 122
38 129
38 147
38 152
38 167
38 186
38 190
38 196
39 50
39 51
39 55
39 66
39 74
39 76
39 78
39 81
39 93
39 101
39 107
39 113
39 142
39 145
39 148
39 166
39 197
39 199
40 44
40 51
40 54
40 61
40 62
40 64
40 68
40 71
40 73
40 94
40 99
40 135
40 168
40 169
40 196
41 44
41 57
41 66
41 80
41 105
41 114
41 138
41 147
41 154
41 161
41 190
41 193
42 44
42 50
42 60
42 65
42 69
42 72
42 76
42 103
42 110
42 114
42 145
42 156
42 168
42 171
42 182
43 58
43 62
43 66
43 77
43 78
43 84
43 118
43 125
43 127
43 132
43 139
43 145
43 182
43 195
44 46
44 53
44 58
44 61
44 63
44 73
44 77
44 78
44 81
44 91
44 94
44 112
44 121
44 130
44 135
44 141
44 169
44 194
45 52
45 59
45 78
45 88
45 93
45 104
45 140
45 155
45 191
46 68
46 83
46 96
46 113
46 140
46 141
46 152
46 155
46 175
47 57
47 63
47 71
47 79
47 84
47 87
47 138
47 140
47 150
47 172
47 175
47 185
47 186
47 187
47 189
48 52
48 61
48 64
48 69
48 110
48 112
48 147
48 162
48 168
48 179
48 180
48 189
49 73
49 77
49 82
49 88
49 94
49 95
49 109
49 121
49 124
49 132
49 140
49 170
49 176
49 179
49 192
50 53
50 87
50 98
50 109
50 123
50 124
50 132
50 139
50 150
50 161
50 164
50 173
50 178
50 199
51 61
51 74
51 106
51 138
51 145
51 148
51 175
51 181
51 198
51 199
52 81
52 88
52 111
52 118
52 124
52 131
52 132
52 143
52 148
52 179
52 181
52 184
52 190
52 198
53 60
53 61
53 63
53 71
53 72
53 78
53 82
53 111
53 114
53 116
53 123
53 153
53 156
53 165
53 179
53 182
53 189
54 58
54 59
54 68
54 86
54 91
54 97
54 101
54 117
54 120
54 121
54 135
54 143
54 148
54 164
54 166
54 189
54 197
55 57
55 66
55 72
55 86
55 92
55 94
55 103
55 126
55 127
55 135
55 145
55 155
55 159
55 170
55 181
55 184
55 188
55 191
55 193
56 57
56 60
56 70
56 90
56 94
56 113
56 143
56 157
56 161
56 171
56 172
56 193
56 195
57 61
57 72
57 89
57 90
57 96
57 98
57 113
57 140
57 170
57 171
57 173
57 174
57 179
57 181
57 186
57 188
57 197
58 61
58 66
58 74
58 76
58 79
58 93
58 113
58 115
58 122
58 123
58 125
58 151
58 173
58 175
58 180
58 184
58 185
58 187
59 72
59 87
59 90
59 93
59 97
59 98
59 111
59 118
59 144
59 155
59 156
59 159
59 161
59 165
59 172
59 174
59 178
59 179
59 196
59 197
60 75
60 83
60 86
60 99
60 103
60 106
60 116
60 117
60 118
60 122
60 128
60 129
60 132
60 142
60 169
60 170
61 63
61 75
61 78
61 80
61 106
61 110
61 115
61 159
61 161
61 174
61 180
61 181
61 198
62 65
62 68
62 74
62 92
62 93
62 133
62 136
62 144
62 159
62 162
62 164
62 167
62 174
62 197
63 77
63 80
63 86
63 111
63 139
63 140
63 148
63 151
63 156
63 159
63 189
64 73
64 76
64 84
64 88
64 89
64 92
64 106
64 108
64 115
64 139
64 140
64 163
64 167
64 184
64 186
64 188
64 193
65 74
65 75
65 122
65 126
65 130
65 146
65 151
65 156
66 80
66 84
66 102
66 105
66 110
66 124
66 134
66 137
66 148
66 160
66 164
66 178
66 179
66 187
66 199
67 68
67 82
67 115
67 121
67 146
67 157
67 160
67 167
67 174
67 176
67 190
67 199
68 75
68 86
68 87
68 104
68 111
68 118
68 121
68 136
68 138
68 152
68 170
68 174
68 181
68 182
68 194
69 95
69 113
69 117
69 119
69 123
69 132
69 141
69 192
70 105
70 117
70 119
70 135
70 147
70 173
70 197
71 79
71 114
71 123
71 135
71 140
71 145
71 178
72 73
72 83
72 86
72 91
72 96
72 101
72 103
72 118
72 126
72 154
72 157
72 167
72 197
73 75
73 93
73 98
73 114
73 118
73 149
73 156
73 161
73 170
73 172
73 178
74 78
74 80
74 81
74 86
74 88
74 98
74 106
74 112
74 124
74 127
74 141
74 162
74 172
74 180
74 199
75 86
75 121
75 122
75 129
75 154
75 184
75 196
76 83
76 86
76 90
76 95
76 102
76 110
76 124
76 127
76 135
76 137
76 145
76 152
76 166
76 169
76 193
77 85
77 93
77 95
77 99
77 125
77 150
77 184
77 193
78 87
78 91
78 100
78 107
78 121
78 123
78 127
78 128
78 137
78 150
78 156
78 162
78 166
78 171
78 187
78 188
78 192
78 194
78 197
79 84
79 88
79 93
79 104
79 106
79 112
79 123
79 125
79 129
79 141
79 146
79 154
79 167
79 196
80 81
80 85
80 96
80 104
80 127
80 137
80 155
80 156
80 179
80 183
80 195
81 82
81 100
81 106
81 128
81 144
81 155
81 165
81 177
81 179
81 195
82 98
82 109
82 149
82 150
82 151
82 161
82 165
82 176
82 183
82 188
82 191
82 196
83 84
83 86
83 97
83 103
83 105
83 117
83 135
83 144
83 151
83 154
83 160
83 161
83 164
83 174
83 176
83 177
83 190
83 191
84 86
84 88
84 92
84 126
84 129
84 182
84 184
84 185
84 197
84 198
85 116
85 118
85 123
85 130
85 131
85 156
85 185
85 193
85 194
86 89
86 92
86 106
86 132
86 136
86 140
86 149
86 160
86 186
86 197
87 98
87 102
87 108
87 115
87 123
87 129
87 134
87 135
87 138
87 153
87 187
88 97
88 101
88 104
88 120
88 142
88 143
88 169
88 177
88 178
89 95
89 107
89 131
89 132
89 148
89 152
89 155
89 163
89 173
89 174
89 180
89 181
90 99
90 141
90 144
90 156
90 159
90 167
90 173
90 182
90 198
91 101
91 107
91 131
91 136
91 138
91 143
91 160
91 175
91 176
91 184
91 186
91 187
91 199
92 96
92 109
92 111
92 113
92 124
92 127
92 136
92 140
92 156
92 157
92 186
93 94
93 97
93 98
93 112
93 123
93 131
93 135
93 143
93 156
93 174
93 178
93 195
94 95
94 130
94 158
94 173
94 181
94 183
94 191
94 199
95 97
95 104
95 113
95 122
95 140
95 148
95 153
95 181
95 182
96 107
96 114
96 117
96 121
96 124
96 128
96 141
96 149
96 167
96 182
96 183
96 191
97 98
97 99
97 101
97 108
97 118
97 122
97 142
97 143
97 144
97 175
97 179
97 181
97 186
97 196
98 100
98 102
98 107
98 122
98 133
98 147
98 158
98 169
98 172
98 175
98 177
98 180
98 181
98 192
99 100
99 105
99 132
99 135
99 150
99 151
99 162
99 184
99 192
100 130
100 132
100 138
100 155
100 169
100 184
100 186
100 187
100 189
101 104
101 105
101 124
101 151
101 181
101 182
101 191
102 107
102 113
102 117
102 122
102 123
102 132
102 149
102 170
102 171
102 176
102 190
102 193
103 132
103 137
103 138
103 169
103 180
103 183
103 187
104 116
104 129
104 132
104 133
104 134
104 138
104 142
104 147
104 161
104 179
104 193
104 195
105 116
105 129
105 135
105 146
105 149
105 154
105 164
105 169
105 182
105 195
105 196
106 116
106 150
106 158
106 162
106 172
106 176
106 186
106 196
107 111
107 112
107 119
107 120
107 121
107 126
107 129
107 143
107 170
107 177
107 178
107 189
107 192
108 109
108 121
108 131
108 133
108 144
108 154
108 183
108 187
108 188
109 133
109 155
109 156
109 161
109 164
109 188
109 190
109 196
110 112
110 125
110 128
110 134
110 135
110 147
110 156
110 167
111 120
111 128
111 134
111 136
111 137
111 146
111 148
111 155
111 162
111 163
111 170
111 173
111 187
112 138
112 160
112 163
112 165
112 174
112 195
112 198
113 115
113 124
113 138
113 143
113 165
113 174
113 186
113 190
113 198
114 118
114 126
114 135
114 144
114 158
114 169
114 175
114 178
114 180
114 194
114 196
114 197
115 119
115 140
115 147
115 154
115 169
115 170
115 172
115 187
115 189
116 140
116 146
116 195
116 199
117 125
117 128
117 132
117 141
117 146
117 147
117 155
117 173
117 189
117 199
118 122
118 123
118 124
118 135
118 158
118 162
118 174
118 187
118 188
118 190
118 192
119 122
119 147
119 155
119 156
119 169
119 177
119 179
119 186
119 187
119 189
120 130
120 137
120 141
120 146
120 147
120 158
120 183
120 186
120 189
121 130
121 135
121 148
121 154
121 162
121 163
121 167
121 176
122 123
122 128
122 132
122 151
122 154
122 156
122 170
122 184
123 132
123 153
123 164
123 167
123 174
123 184
124 131
124 134
124 137
124 147
124 168
124 169
124 170
124 177
124 196
125 132
125 138
125 144
125 145
125 180
125 186
125 187
125 199
126 127
126 139
126 159
126 175
126 196
126 198
127 134
127 143
127 148
127 151
127 160
127 171
127 196
127 197
128 133
128 137
128 179
129 152
129 155
129 163
129 166
129 167
129 172
129 193
129 194
129 197
130 145
130 153
130 182
130 196
131 149
131 150
131 154
131 157
131 161
131 167
131 187
131 193
132 150
132 185
132 191
132 199
133 134
133 140
133 146
133 161
133 170
133 181
133 196
134 141
134 144
134 155
134 162
134 163
134 185
134 186
134 191
134 193
135 136
135 139
135 156
135 158
135 173
135 184
135 189
136 143
136 167
136 168
136 194
136 195
137 140
137 156
137 166
137 177
137 185
137 187
137 197
138 141
138 144
138 152
138 153
138 164
138 165
138 167
138 172
138 175
138 191
138 194
138 196
139 158
139 173
139 174
139 180
139 183
140 162
140 165
140 170
140 182
140 192
141 144
141 151
141 173
141 180
141 184
142 144
142 190
142 196
142 197
143 168
143 193
144 170
144 175
144 195
145 155
145 165
145 168
145 170
145 179
145 185
146 154
146 158
146 161
146 175
146 179
147 154
147 160
147 161
147 186
147 194
147 199
148 149
148 156
148 174
148 183
148 191
149 183
149 186
149 189
149 196
150 173
150 182
150 186
151 153
151 159
151 164
151 170
151 176
151 181
151 195
152 157
152 196
153 155
153 158
153 160
153 177
153 182
154 156
154 157
154 173
154 174
154 175
154 189
155 161
155 164
155 175
155 186
155 198
156 164
156 177
156 189
157 158
157 165
157 169
157 187
157 192
157 195
157 198
158 160
158 168
158 173
158 193
159 165
159 173
159 180
159 197
160 167
160 187
161 170
161 192
161 195
162 178
162 183
162 189
163 173
163 184
163 185
163 194
164 171
165 168
165 185
165 187
165 194
166 191
166 199
167 183
167 186
168 170
168 182
169 180
169 183
169 185
169 188
170 177
170 183
171 175
172 176
172 182
172 184
172 195
173 184
174 186
174 190
175 187
175 194
177 181
177 193
178 196
179 194
179 196
180 186
180 196
182 185
182 189
182 194
183 188
183 190
187 188
187 192
188 190
189 194
190 194
190 195
198 199
