0 7
0 10
0 11
0 16
0 24
0 34
0 53
0 55
0 70
0 97
0 105
0 122
0 168
0 173
0 179
0 186
0 195
1 5
1 74
1 77
1 81
1 92
1 98
1 112
1 129
1 134
1 143
1 159
1 160
1 163
1 164
1 175
2 23
2 31
2 62
2 76
2 79
2 82
2 96
2 108
2 111
2 115
2 141
2 144
2 171
2 175
2 184
2 188
2 190
2 194
3 6
3 28
3 38
3 70
3 74
3 79
3 87
3 95
3 113
3 122
3 140
3 143
3 152
3 160
3 162
3 187
4 9
4 30
4 38
4 43
4 60
4 66
4 81
4 109
4 126
4 129
4 131
4 135
4 147
4 155
4 160
4 174
4 185
4 195
4 196
4 198
5 6
5 22
5 27
5 33
5 34
5 52
5 59
5 64
5 69
5 88
5 93
5 121
5 127
5 129
5 148
5 154
5 162
5 163
5 184
5 190
6 25
6 35
6 44
6 46
6 49
6 56
6 69
6 85
6 94
6 95
6 98
6 111
6 123
6 130
6 132
6 139
6 142
6 153
6 156
6 176
6 180
6 183
6 192
7 43
7 44
7 57
7 59
7 65
7 75
7 95
7 103
7 110
7 115
7 132
7 145
7 164
7 175
7 180
7 190
7 194
8 15
8 20
8 21
8 23
8 28
8 39
8 40
8 46
8 48
8 53
8 78
8 94
8 99
8 114
8 115
8 133
8 172
8 175
8 177
9 15
9 27
9 34
9 45
9 49
9 50
9 80
9 82
9 105
9 117
9 137
9 186
9 189
10 24
10 26
10 35
10 42
10 43
10 44
10 54
10 61
10 80
10 83
10 92
10 108
10 113
10 125
10 140
10 153
10 190
11 14
11 30
11 45
11 63
11 66
11 76
11 82
11 91
11 102
11 108
11 131
11 132
11 135
11 145
11 147
11 148
11 154
11 170
11 188
11 192
11 195
12 26
12 30
12 43
12 45
12 61
12 62
12 63
12 66
12 67
12 69
12 73
12 77
12 84
12 140
12 145
12 147
12 160
12 163
12 169
12 183
12 188
12 199
13 17
13 33
13 42
13 82
13 103
13 107
13 124
13 131
13 138
13 141
13 165
13 170
13 177
13 192
13 195
14 22
14 23
14 25
14 27
14 31
14 36
14 40
14 57
14 77
14 87
14 102
14 107
14 124
14 127
14 135
14 138
14 173
14 175
14 179
14 186
14 187
15 19
15 28
15 33
15 34
15 39
15 53
15 56
15 80
15 84
15 86
15 89
15 91
15 94
15 105
15 111
15 117
15 141
15 187
16 37
16 49
16 51
16 75
16 81
16 107
16 121
16 127
16 150
16 151
16 155
16 181
16 185
16 188
16 198
17 53
17 59
17 62
17 64
17 82
17 85
17 94
17 95
17 105
17 109
17 128
17 146
17 174
17 179
17 190
18 31
18 40
18 50
18 52
18 54
18 58
18 69
18 112
18 122
18 126
18 133
18 143
18 146
18 154
18 157
18 161
18 177
18 178
18 194
18 196
18 197
19 46
19 52
19 55
19 67
19 70
19 89
19 95
19 107
19 109
19 113
19 151
19 165
19 170
19 173
19 179
19 195
19 197
20 28
20 39
20 52
20 61
20 71
20 73
20 85
20 90
20 93
20 98
20 121
20 123
20 129
20 135
20 149
20 150
20 186
20 196
20 197
21 58
21 66
21 86
21 100
21 105
21 135
21 149
21 154
21 166
21 172
21 179
21 196
22 28
22 29
22 36
22 38
22 53
22 62
22 65
22 71
22 86
22 93
22 126
22 132
22 146
22 147
22 160
22 175
23 35
23 39
23 42
23 61
23 67
23 75
23 78
23 83
23 90
23 100
23 104
23 125
23 131
23 133
23 171
23 172
23 178
23 185
23 193
23 199
24 36
24 37
24 52
24 55
24 56
24 60
24 85
24 86
24 92
24 95
24 98
24 100
24 105
24 109
24 112
24 113
24 148
24 158
24 167
24 182
24 187
25 27
25 29
25 32
25 42
25 50
25 57
25 61
25 66
25 78
25 85
25 131
25 133
25 149
25 170
25 172
25 176
25 184
25 187
25 191
26 30
26 32
26 36
26 59
26 62
26 63
26 65
26 76
26 90
26 99
26 110
26 118
26 125
26 144
26 164
26 178
26 184
26 186
26 193
26 198
27 37
27 42
27 51
27 55
27 56
27 63
27 68
27 86
27 112
27 119
27 135
27 141
27 162
27 168
27 173
27 176
28 31
28 62
28 77
28 82
28 117
28 128
28 160
28 171
28 183
28 187
29 34
29 77
29 85
29 95
29 104
29 106
29 122
29 145
29 149
29 165
29 171
29 190
29 191
29 198
30 47
30 81
30 83
30 99
30 128
30 137
30 145
30 146
30 174
30 175
30 181
30 190
30 193
30 195
31 41
31 49
31 55
31 73
31 81
31 94
31 121
31 126
31 135
31 152
31 156
31 157
31 159
31 174
31 177
31 180
31 181
31 184
31 193
31 196
31 198
32 39
32 41
32 51
32 60
32 61
32 65
32 87
32 93
32 106
32 130
32 131
32 142
32 152
32 174
32 181
32 193
32 196
33 34
33 63
33 73
33 83
33 87
33 98
33 103
33 109
33 122
33 124
33 128
33 138
33 151
33 166
33 197
34 47
34 49
34 67
34 70
34 81
34 82
34 83
34 92
34 113
34 121
34 122
34 132
34 149
34 156
34 157
34 161
34 176
34 185
34 191
35 46
35 52
35 75
35 78
35 81
35 84
35 93
35 119
35 131
35 142
35 148
35 149
35 151
35 170
35 172
35 181
35 186
36 38
36 61
36 79
36 94
36 100
36 103
36 117
36 122
36 127
36 130
36 138
36 143
36 161
36 163
36 169
36 183
37 42
37 56
37 66
37 86
37 89
37 93
37 94
37 102
37 105
37 110
37 129
37 134
37 142
37 150
37 152
37 156
37 175
37 185
38 61
38 78
38 84
38 87
38 96
38 143
38 156
38 158
38 170
38 179
38 180
38 182
38 188
38 189
38 196
38 198
39 47
39 57
39 61
39 67
39 70
39 77
39 92
39 101
39 102
39 108
39 119
39 131
39 157
39 171
39 172
39 181
39 183
40 42
40 65
40 87
40 100
40 114
40 125
40 134
40 138
40 151
40 163
40 168
40 176
40 179
40 183
41 68
41 77
41 81
41 89
41 95
41 105
41 111
41 120
41 130
41 137
41 166
42 51
42 56
42 66
42 95
42 98
42 100
42 106
42 113
42 115
42 116
42 145
42 155
42 161
42 182
42 194
43 57
43 58
43 75
43 80
43 88
43 95
43 112
43 123
43 125
43 134
43 161
43 166
43 175
43 181
43 186
43 189
43 199
44 46
44 70
44 83
44 87
44 90
44 92
44 100
44 107
44 121
44 126
44 127
44 164
44 192
44 194
44 198
45 58
45 59
45 76
45 83
45 87
45 89
45 101
45 103
45 135
45 162
45 180
46 48
46 55
46 81
46 84
46 90
46 100
46 104
46 116
46 117
46 121
46 124
46 129
46 137
46 146
46 160
46 173
46 185
47 58
47 80
47 86
47 111
47 123
47 125
47 128
47 134
47 137
47 146
47 149
47 173
47 190
47 192
47 193
47 197
48 51
48 60
48 61
48 72
48 80
48 103
48 118
48 121
48 131
48 133
48 145
48 148
48 153
48 168
48 187
48 191
49 63
49 85
49 86
49 87
49 106
49 127
49 133
49 148
49 153
49 160
49 165
49 176
49 185
49 191
49 193
49 197
49 199
50 67
50 86
50 88
50 97
50 134
50 152
50 159
50 175
50 177
50 180
50 188
50 195
50 196
50 199
51 54
51 55
51 61
51 75
51 83
51 91
51 94
51 95
51 103
51 109
51 112
51 125
51 132
51 141
51 147
51 156
51 186
52 70
52 76
52 83
52 93
52 103
52 113
52 130
52 132
52 145
52 171
52 174
52 191
52 196
52 197
53 55
53 63
53 72
53 78
53 88
53 89
53 103
53 141
53 173
53 176
53 192
54 58
54 68
54 81
54 92
54 109
54 116
54 124
54 133
54 156
54 167
54 172
54 176
54 187
55 76
55 92
55 97
55 102
55 108
55 119
55 132
55 163
55 170
55 175
55 178
55 194
56 67
56 107
56 112
56 130
56 131
56 136
56 143
56 153
56 165
56 170
56 173
56 184
56 190
57 64
57 70
57 99
57 103
57 116
57 124
57 130
57 137
57 147
57 151
57 169
57 180
57 184
57 187
57 197
58 81
58 112
58 122
58 143
58 147
58 175
58 186
58 189
59 78
59 84
59 87
59 99
59 107
59 131
59 142
59 149
59 156
59 164
59 167
59 169
59 172
59 174
59 183
60 61
60 63
60 64
60 68
60 98
60 103
60 110
60 117
60 118
60 119
60 120
60 123
60 130
60 135
60 137
60 154
60 158
60 163
61 67
61 77
61 78
61 105
61 117
61 124
61 125
61 128
61 140
61 151
61 153
61 154
61 196
62 64
62 65
62 66
62 142
62 152
62 153
62 159
62 166
62 182
62 187
62 196
63 74
63 88
63 103
63 115
63 120
63 128
63 154
63 173
63 190
64 76
64 84
64 96
64 102
64 113
64 126
64 133
64 136
64 154
64 157
64 164
64 170
64 178
64 180
64 191
65 66
65 71
65 75
65 80
65 93
65 94
65 101
65 118
65 128
65 133
65 147
65 148
65 155
65 170
65 179
66 70
66 75
66 82
66 84
66 122
66 123
66 125
66 146
66 150
66 159
66 164
66 170
66 174
66 176
66 179
66 183
66 193
67 96
67 123
67 127
67 129
67 137
67 146
67 151
67 158
67 164
67 177
67 179
68 79
68 102
68 124
68 128
68 134
68 137
68 150
68 156
68 168
68 175
68 184
68 191
68 194
69 77
69 82
69 98
69 104
69 114
69 120
69 124
69 126
69 133
69 136
69 138
69 155
69 160
69 176
69 197
70 97
70 129
70 163
70 172
70 185
71 83
71 86
71 88
71 97
71 103
71 105
71 115
71 119
71 123
71 124
71 128
71 154
71 170
71 174
71 181
71 190
71 198
72 82
72 111
72 112
72 122
72 123
72 144
72 154
72 168
72 173
72 175
72 190
72 191
73 77
73 78
73 82
73 87
73 88
73 95
73 96
73 104
73 119
73 121
73 127
73 132
73 135
73 139
73 155
73 160
73 170
73 180
73 192
73 199
74 76
74 94
74 97
74 98
74 110
74 116
74 119
74 125
74 128
74 143
74 170
74 180
75 86
75 89
75 99
75 101
75 106
75 120
75 132
75 199
76 78
76 82
76 120
76 122
76 145
76 146
76 164
76 165
76 166
76 172
77 122
77 136
77 153
77 168
77 174
77 178
77 179
77 185
77 186
78 98
78 116
78 128
78 143
78 144
78 161
78 165
78 171
78 174
78 185
78 190
79 82
79 87
79 101
79 106
79 107
79 122
79 161
79 168
79 172
79 178
79 187
79 190
79 193
80 90
80 93
80 95
80 105
80 126
80 132
80 145
80 150
80 159
80 165
80 170
80 182
80 197
80 199
81 82
81 89
81 93
81 97
81 121
81 131
81 135
81 157
81 164
81 170
81 175
81 180
81 188
81 189
81 190
82 85
82 86
82 93
82 106
82 120
82 132
82 133
82 144
82 145
82 160
82 174
82 175
82 192
83 86
83 103
83 105
83 116
83 118
83 127
83 139
83 161
83 163
83 175
83 184
84 108
84 128
84 129
84 137
84 154
84 162
84 168
84 170
84 173
84 187
84 188
84 196
85 97
85 107
85 113
85 114
85 126
85 138
85 144
85 151
85 181
86 87
86 91
86 93
86 97
86 121
86 137
86 159
86 163
86 165
87 94
87 95
87 96
87 101
87 103
87 105
87 109
87 145
87 148
87 172
87 178
88 102
88 103
88 109
88 114
88 116
88 149
88 183
88 188
88 190
88 192
88 198
89 97
89 112
89 131
89 157
89 171
89 178
89 180
89 194
89 196
90 102
90 111
90 130
90 165
90 183
90 187
90 192
91 97
91 103
91 121
91 123
91 129
91 139
91 147
91 150
91 153
91 159
91 162
91 164
91 179
91 197
92 104
92 109
92 118
92 123
92 142
92 147
92 155
92 163
92 165
92 188
93 98
93 113
93 123
93 129
93 133
93 136
93 157
93 162
93 163
93 175
93 178
93 196
94 99
94 109
94 132
94 151
94 154
94 158
94 170
94 187
94 195
95 102
95 114
95 120
95 125
95 143
95 146
95 158
95 169
95 177
95 178
95 187
95 199
96 106
96 107
96 110
96 111
96 119
96 131
96 152
96 153
96 163
96 172
96 183
96 187
96 194
96 196
96 199
97 119
97 125
97 132
97 142
97 154
97 155
97 156
97 171
97 184
97 187
97 191
97 193
97 199
98 104
98 107
98 125
98 130
98 134
98 135
98 137
98 151
98 161
98 166
98 178
98 188
99 107
99 118
99 123
99 136
99 139
99 140
99 143
99 149
99 160
99 163
99 164
99 166
99 184
99 195
100 110
100 129
100 131
100 139
100 142
100 153
100 174
100 175
100 178
100 191
101 106
101 114
101 116
101 120
101 127
101 141
101 142
101 143
101 163
101 168
101 169
101 175
101 176
101 181
101 188
101 192
101 193
102 109
102 116
102 124
102 128
102 130
102 131
102 162
102 171
102 187
103 110
103 111
103 127
103 128
103 150
103 198
103 199
104 105
104 111
104 150
104 159
104 171
104 178
104 181
105 118
105 134
105 141
105 147
105 149
105 153
105 159
105 164
105 175
105 194
105 198
106 114
106 117
106 118
106 122
106 133
106 142
106 143
106 146
106 148
106 157
106 171
106 172
106 181
106 186
107 134
107 149
107 150
107 152
107 153
107 178
107 180
107 183
107 186
107 187
107 193
107 198
108 119
108 120
108 121
108 125
108 131
108 132
108 135
108 138
108 148
108 154
108 161
108 172
108 198
109 124
109 134
109 136
109 143
109 152
109 155
109 165
109 166
109 167
109 177
109 180
109 187
109 190
109 197
110 112
110 115
110 178
110 180
111 115
111 118
111 129
111 144
111 150
111 168
111 178
111 180
112 114
112 130
112 150
112 157
112 161
112 195
113 116
113 118
113 131
113 135
113 142
113 150
113 156
113 162
113 169
113 174
113 184
113 185
114 120
114 121
114 138
114 147
114 157
114 160
114 180
114 181
115 131
115 135
115 166
115 169
115 175
115 181
115 186
115 195
116 121
116 123
116 124
116 126
116 141
116 167
116 174
116 185
116 187
117 119
117 120
117 121
117 125
117 133
117 135
117 139
117 143
117 156
117 162
117 174
117 183
117 185
117 189
117 191
118 135
118 136
118 141
118 147
118 156
118 158
118 170
118 174
118 184
118 185
119 123
119 155
119 168
119 183
119 190
120 123
120 129
120 149
120 167
120 178
120 179
120 181
120 194
121 132
121 135
121 137
121 140
121 146
121 154
121 162
121 163
121 172
121 174
122 129
122 149
122 152
122 163
122 181
122 186
122 189
122 190
123 133
123 138
123 140
123 148
123 152
123 156
123 158
123 168
123 181
123 185
123 197
124 134
124 159
124 169
124 170
124 179
124 181
124 185
124 190
125 128
125 131
125 138
125 147
125 154
125 170
125 173
125 176
125 184
125 185
125 186
126 174
126 196
127 138
127 141
127 142
127 160
127 162
127 170
127 175
128 130
128 135
128 155
128 166
128 175
129 145
129 146
129 152
129 155
129 167
129 177
130 155
130 162
130 176
130 182
130 189
131 139
131 151
131 152
131 162
131 167
132 144
132 152
132 179
132 189
132 192
133 138
133 158
133 182
134 155
134 156
134 179
134 183
135 144
135 148
135 160
135 167
136 157
136 161
136 166
136 182
136 185
136 190
137 139
137 145
137 155
137 159
137 181
137 182
138 162
138 187
139 141
139 148
139 150
139 162
139 176
139 197
140 153
140 157
140 178
140 181
140 190
140 195
141 142
141 146
141 151
141 154
141 157
141 158
141 165
141 167
141 179
141 182
142 149
142 154
142 167
143 173
143 179
143 183
143 184
144 158
144 163
144 168
145 148
145 173
145 178
145 185
146 150
146 164
146 166
146 170
146 171
146 189
146 193
146 194
147 148
147 162
147 187
147 191
147 192
147 198
147 199
148 152
148 155
148 156
148 158
148 160
148 161
148 165
148 175
148 192
148 194
149 162
149 171
149 176
149 191
150 164
150 175
150 181
150 186
150 193
150 195
150 197
150 199
151 177
151 196
151 198
152 154
152 162
152 168
152 176
152 180
152 185
152 197
152 198
153 180
153 193
154 155
154 165
154 187
155 158
155 159
155 164
155 167
155 196
155 197
156 161
156 169
156 189
156 198
157 166
157 167
157 183
157 192
157 194
157 197
157 199
158 161
158 186
159 160
159 166
159 176
159 181
159 182
159 188
159 194
159 196
160 173
160 196
161 170
161 188
161 193
162 170
162 192
162 193
163 183
163 188
163 191
164 166
164 173
164 177
164 178
165 169
165 172
165 175
165 183
166 187
166 193
167 175
167 182
167 193
167 194
168 171
168 185
168 199
169 175
169 185
170 182
170 184
170 199
171 178
172 184
172 186
173 176
173 185
174 189
174 191
175 190
176 181
176 189
177 181
177 183
178 185
178 186
178 197
179 190
179 195
179 197
180 183
180 189
182 195
185 193
185 195
186 190
186 196
187 194
188 194
189 190
189 191
191 192
191 195
193 195
