0 6
0 47
0 51
0 52
0 56
0 63
0 64
0 76
0 85
0 89
0 91
0 93
0 105
0 120
0 126
0 135
0 167
0 185
0 194
1 15
1 19
1 30
1 110
1 126
1 130
1 141
1 148
1 151
1 163
1 170
1 186
2 6
2 14
2 25
2 27
2 34
2 66
2 72
2 75
2 99
2 104
2 113
2 131
2 132
2 147
2 171
2 176
2 196
3 5
3 11
3 31
3 41
3 50
3 62
3 78
3 86
3 95
3 102
3 133
3 136
3 144
3 189
3 192
3 198
4 14
4 19
4 22
4 45
4 48
4 54
4 64
4 78
4 83
4 95
4 105
4 121
4 123
4 127
4 134
4 135
4 156
4 168
4 169
4 172
4 178
4 183
4 185
4 190
4 195
5 11
5 25
5 27
5 28
5 29
5 66
5 81
5 84
5 88
5 89
5 112
5 139
5 148
5 149
5 152
5 158
5 159
5 167
5 168
5 172
5 173
5 175
5 177
5 185
5 188
5 194
5 196
6 17
6 33
6 75
6 78
6 85
6 94
6 99
6 103
6 108
6 110
6 134
6 136
6 149
6 157
6 165
6 169
6 174
6 187
6 193
7 29
7 35
7 40
7 45
7 54
7 57
7 66
7 73
7 81
7 96
7 98
7 104
7 105
7 108
7 113
7 122
7 124
7 126
7 142
7 156
7 158
7 160
7 182
7 186
8 25
8 36
8 62
8 63
8 77
8 86
8 99
8 102
8 111
8 112
8 114
8 130
8 131
8 152
8 157
8 159
8 161
8 172
8 197
8 198
8 199
9 13
9 31
9 40
9 43
9 56
9 68
9 72
9 96
9 98
9 105
9 120
9 123
9 150
9 151
9 194
10 11
10 35
10 38
10 40
10 41
10 63
10 74
10 82
10 83
10 94
10 103
10 107
10 109
10 115
10 121
10 123
10 135
10 141
10 153
10 171
10 180
10 181
11 22
11 35
11 37
11 40
11 60
11 64
11 74
11 97
11 106
11 113
11 142
11 146
11 164
11 170
11 173
12 16
12 18
12 34
12 37
12 57
12 63
12 74
12 76
12 87
12 92
12 94
12 95
12 96
12 102
12 103
12 115
12 135
12 136
12 144
12 164
12 165
12 171
13 15
13 29
13 46
13 55
13 66
13 101
13 113
13 115
13 118
13 124
13 134
13 141
13 144
13 146
13 148
13 158
13 160
13 176
13 189
14 17
14 66
14 67
14 80
14 83
14 88
14 112
14 114
14 117
14 119
14 122
15 17
15 19
15 24
15 25
15 61
15 65
15 70
15 78
15 89
15 93
15 96
15 191
15 195
16 17
16 26
16 34
16 45
16 47
16 54
16 58
16 86
16 88
16 95
16 108
16 118
16 126
16 132
16 138
16 182
17 41
17 46
17 48
17 60
17 61
17 63
17 75
17 84
17 86
17 90
17 94
17 98
17 104
17 116
17 120
17 157
17 165
17 172
17 180
17 191
17 197
18 45
18 50
18 54
18 64
18 92
18 98
18 109
18 110
18 112
18 119
18 120
18 124
18 136
18 140
18 146
18 154
18 157
18 158
18 162
18 167
19 20
19 25
19 27
19 39
19 44
19 46
19 60
19 62
19 68
19 76
19 87
19 99
19 109
19 122
19 123
19 125
19 181
19 185
19 189
20 23
20 43
20 55
20 58
20 61
20 73
20 77
20 84
20 96
20 98
20 108
20 125
20 130
20 155
20 157
20 173
20 178
20 179
20 187
21 28
21 32
21 49
21 72
21 73
21 78
21 79
21 103
21 111
21 140
21 154
21 169
21 179
21 192
22 25
22 31
22 37
22 45
22 53
22 57
22 62
22 69
22 71
22 81
22 91
22 105
22 118
22 126
22 138
22 146
22 155
22 161
22 170
22 186
22 194
22 195
23 30
23 61
23 64
23 67
23 73
23 78
23 84
23 91
23 94
23 106
23 160
23 172
23 183
23 196
23 197
24 26
24 38
24 45
24 61
24 69
24 93
24 103
24 106
24 132
24 141
24 153
24 159
24 168
24 173
24 174
24 175
24 180
25 26
25 43
25 45
25 50
25 55
25 58
25 75
25 82
25 83
25 86
25 87
25 98
25 103
25 106
25 107
25 110
25 112
25 123
25 129
25 132
25 159
25 180
25 190
26 37
26 44
26 50
26 51
26 53
26 60
26 62
26 64
26 73
26 80
26 81
26 92
26 102
26 105
26 119
26 124
26 148
26 166
26 177
26 179
26 184
26 185
26 194
27 49
27 56
27 62
27 69
27 74
27 89
27 96
27 100
27 118
27 125
27 142
27 143
27 149
27 152
27 157
27 169
27 179
27 184
27 197
28 51
28 58
28 100
28 109
28 144
28 164
28 198
29 46
29 52
29 55
29 65
29 67
29 84
29 87
29 99
29 100
29 102
29 120
29 134
29 135
29 140
29 143
29 147
29 148
29 155
29 168
29 170
29 193
30 32
30 35
30 46
30 51
30 54
30 57
30 59
30 60
30 62
30 89
30 101
30 107
30 119
30 122
30 137
30 147
30 164
30 171
30 189
31 41
31 90
31 93
31 94
31 95
31 105
31 116
31 129
31 168
31 170
31 176
31 188
31 193
32 35
32 44
32 69
32 75
32 76
32 80
32 88
32 93
32 95
32 102
32 118
32 119
32 125
32 139
32 141
32 146
32 147
32 153
32 170
32 172
32 184
32 195
32 198
33 38
33 41
33 57
33 98
33 102
33 108
33 118
33 127
33 168
33 174
33 182
33 188
34 90
34 113
34 120
34 124
34 138
34 149
34 160
34 176
34 194
35 45
35 49
35 59
35 62
35 63
35 77
35 79
35 94
35 97
35 103
35 127
35 129
35 131
35 133
35 144
35 161
35 176
36 43
36 54
36 61
36 67
36 68
36 73
36 77
36 79
36 89
36 106
36 135
36 151
36 154
36 155
36 159
36 166
36 183
36 192
36 194
36 196
37 77
37 88
37 90
37 127
37 153
37 160
37 178
37 184
37 185
37 195
38 41
38 42
38 49
38 55
38 65
38 70
38 79
38 90
38 95
38 98
38 99
38 131
38 142
38 145
38 146
38 147
38 163
38 166
38 167
38 185
38 187
39 48
39 49
39 50
39 75
39 82
39 86
39 91
39 104
39 111
39 114
39 133
39 134
39 174
40 47
40 58
40 61
40 76
40 78
40 79
40 124
40 125
40 134
40 141
40 154
40 163
40 174
40 186
41 51
41 53
41 56
41 62
41 63
41 75
41 87
41 88
41 98
41 99
41 101
41 108
41 117
41 138
41 149
41 179
41 187
42 45
42 59
42 68
42 89
42 103
42 110
42 117
42 142
42 173
42 176
43 55
43 56
43 59
43 71
43 73
43 81
43 92
43 99
43 102
43 107
43 121
43 129
43 153
43 161
43 163
43 177
43 189
43 192
44 46
44 79
44 81
44 116
44 136
44 137
44 152
44 157
44 161
44 170
44 181
44 183
44 187
44 192
45 49
45 69
45 74
45 106
45 111
45 113
45 129
45 138
45 141
45 151
45 161
45 167
45 176
45 189
46 51
46 53
46 64
46 72
46 80
46 131
46 142
46 154
46 162
46 166
46 179
46 184
47 59
47 64
47 71
47 94
47 99
47 111
47 112
47 119
47 120
47 121
47 123
47 150
47 151
47 153
47 156
47 176
47 179
47 180
47 187
47 194
48 55
48 60
48 65
48 97
48 100
48 116
48 124
48 134
48 183
48 185
48 187
49 50
49 68
49 69
49 93
49 116
49 123
49 127
49 140
49 173
49 177
49 180
49 190
50 55
50 100
50 112
50 119
50 120
50 154
50 197
50 198
51 73
51 80
51 81
51 87
51 108
51 109
51 156
51 159
51 165
51 168
51 183
51 196
52 62
52 107
52 128
52 153
52 154
52 167
52 168
52 184
52 188
52 189
52 192
53 55
53 63
53 66
53 67
53 79
53 86
53 89
53 97
53 103
53 109
53 112
53 113
53 144
53 147
53 164
53 188
54 61
54 78
54 80
54 100
54 104
54 110
54 111
54 130
54 134
54 151
54 164
54 176
54 186
54 190
54 192
54 197
55 63
55 65
55 73
55 81
55 90
55 93
55 100
55 122
55 137
55 138
55 143
55 149
55 150
55 162
55 163
55 177
55 183
55 186
55 189
55 194
56 63
56 80
56 81
56 89
56 101
56 103
56 117
56 124
56 130
56 141
56 148
56 167
56 177
56 178
56 184
56 195
57 58
57 62
57 67
57 75
57 83
57 93
57 107
57 110
57 123
57 174
57 193
58 62
58 81
58 85
58 116
58 118
58 125
58 132
58 133
58 146
58 147
58 154
58 182
58 184
58 188
58 197
59 73
59 86
59 104
59 109
59 115
59 122
59 124
59 154
59 161
59 166
59 167
59 174
59 176
59 198
60 72
60 103
60 107
60 112
60 114
60 148
60 160
60 179
60 183
61 66
61 68
61 77
61 98
61 108
61 111
61 116
61 121
61 138
61 139
61 142
61 158
61 167
61 187
62 63
62 67
62 69
62 104
62 114
62 119
62 146
62 147
62 152
62 162
62 168
62 184
62 186
62 191
63 77
63 101
63 104
63 116
63 126
63 134
63 144
63 148
63 156
63 183
63 185
63 190
63 192
63 195
63 197
64 82
64 84
64 94
64 106
64 124
64 125
64 136
64 137
64 141
64 147
64 169
64 177
64 189
64 191
65 69
65 80
65 98
65 119
65 127
65 134
65 144
65 153
65 154
65 159
65 175
65 183
65 190
65 199
66 67
66 73
66 97
66 110
66 113
66 128
66 129
66 147
66 149
66 154
66 188
66 190
67 79
67 87
67 93
67 98
67 130
67 148
67 167
67 173
67 194
67 196
68 70
68 76
68 79
68 80
68 84
68 85
68 91
68 97
68 109
68 129
68 143
68 174
68 178
68 179
68 189
68 191
68 193
69 78
69 97
69 101
69 107
69 108
69 115
69 135
69 137
69 142
69 151
69 155
69 174
69 190
70 80
70 93
70 94
70 114
70 118
70 128
70 129
70 131
70 150
70 160
70 166
70 173
70 177
70 178
70 184
70 192
71 74
71 86
71 92
71 113
71 122
71 129
71 140
71 147
72 83
72 96
72 101
72 145
72 147
72 153
72 155
72 188
73 75
73 88
73 100
73 127
73 128
73 136
73 138
73 146
73 154
73 165
73 185
73 188
73 192
73 199
74 80
74 81
74 85
74 91
74 95
74 97
74 100
74 104
74 105
74 106
74 111
74 125
74 134
74 145
74 146
74 171
74 184
75 78
75 83
75 101
75 108
75 116
75 118
75 129
75 131
75 134
75 143
75 152
75 164
75 169
75 172
75 175
75 179
75 193
75 199
76 96
76 111
76 116
76 126
76 136
76 139
76 145
76 156
76 169
76 177
76 178
76 193
77 81
77 94
77 96
77 103
77 121
77 145
77 147
77 149
77 155
77 161
77 176
78 92
78 105
78 120
78 124
78 129
78 136
78 144
78 165
78 176
78 179
78 181
78 192
78 199
79 80
79 83
79 95
79 96
79 97
79 114
79 139
79 164
79 166
79 180
79 187
79 189
80 97
80 116
80 128
80 132
80 148
80 151
80 157
80 160
80 166
80 171
80 174
80 176
80 179
80 193
81 96
81 98
81 99
81 102
81 108
81 109
81 112
81 133
81 169
81 175
81 182
81 184
81 185
81 199
82 88
82 97
82 102
82 108
82 110
82 112
82 115
82 117
82 121
82 122
82 124
82 125
82 159
82 173
82 174
82 191
82 193
82 195
82 196
82 198
83 84
83 93
83 99
83 116
83 133
83 135
83 174
84 95
84 104
84 112
84 114
84 124
84 130
84 173
84 179
84 191
85 91
85 92
85 93
85 98
85 100
85 103
85 109
85 126
85 132
85 141
85 145
85 149
85 153
85 155
85 180
85 186
85 198
86 88
86 90
86 102
86 116
86 117
86 119
86 122
86 128
86 142
86 154
86 170
86 171
86 176
86 178
86 182
87 92
87 97
87 106
87 107
87 111
87 115
87 118
87 121
87 122
87 129
87 137
87 155
87 156
87 169
87 173
87 182
88 89
88 93
88 97
88 104
88 118
88 127
88 130
88 132
88 142
88 154
88 159
88 172
88 175
88 178
88 181
88 191
89 92
89 97
89 114
89 117
89 133
89 141
89 151
89 154
89 155
89 176
89 182
89 184
89 197
90 104
90 116
90 134
90 140
90 145
90 151
90 164
90 168
90 180
90 186
90 187
90 193
90 198
91 98
91 114
91 127
91 136
91 176
91 181
91 197
92 97
92 102
92 103
92 144
92 153
92 181
92 191
92 197
93 130
93 131
93 137
93 139
93 149
93 154
93 157
93 167
93 170
93 197
94 114
94 145
94 146
94 157
94 158
94 159
94 161
94 164
94 166
94 170
94 188
94 198
94 199
95 107
95 109
95 120
95 121
95 138
95 143
95 145
95 187
96 100
96 114
96 121
96 139
96 140
96 141
96 156
96 161
96 173
96 183
96 191
97 101
97 114
97 116
97 121
97 127
97 178
97 197
98 99
98 112
98 122
98 135
98 137
98 144
98 155
98 164
98 166
98 170
98 175
98 178
98 188
98 197
98 199
99 116
99 125
99 151
99 156
99 175
100 105
100 109
100 117
100 120
100 127
100 141
100 155
100 160
100 161
100 174
100 175
100 177
100 189
101 105
101 120
101 123
101 129
101 149
101 152
101 154
101 161
101 168
101 170
101 178
101 180
101 182
101 190
101 191
101 193
101 194
102 107
102 111
102 114
102 115
102 132
102 134
102 147
102 150
102 166
102 172
102 185
102 190
102 193
103 108
103 113
103 122
103 124
103 127
103 139
103 163
103 173
103 184
103 187
103 189
103 197
103 198
104 125
104 128
104 143
104 149
104 191
104 195
105 113
105 115
105 125
105 129
105 170
105 172
105 179
105 186
105 195
106 107
106 110
106 114
106 126
106 138
106 148
106 153
106 164
106 170
106 186
106 190
106 192
106 194
106 196
106 197
107 127
107 131
107 140
107 144
107 161
107 162
107 181
107 190
108 139
108 149
108 163
108 174
108 180
109 114
109 121
109 122
109 128
109 131
109 141
109 151
109 166
109 172
110 112
110 122
110 128
110 168
110 179
110 198
111 114
111 120
111 151
111 163
111 165
111 167
111 190
112 120
112 122
112 125
112 127
112 140
112 149
112 153
112 155
112 160
112 161
112 174
112 177
112 187
112 191
113 118
113 127
113 139
113 140
113 152
113 154
113 161
113 168
113 185
114 118
114 123
114 132
114 147
114 148
114 149
114 151
114 185
114 195
115 122
115 124
115 126
115 132
115 136
115 142
115 159
115 167
116 118
116 124
116 127
116 131
116 179
116 190
117 123
117 124
117 134
117 135
117 141
117 144
117 148
117 165
117 173
117 175
117 195
118 127
118 138
118 171
118 176
119 137
119 141
119 154
119 159
119 160
119 176
119 187
120 127
120 159
120 162
120 170
120 179
120 182
121 154
121 174
122 165
122 186
122 193
123 130
123 135
123 149
123 172
123 174
123 187
124 135
124 137
124 146
124 156
124 157
124 176
124 183
124 184
124 189
124 193
125 127
125 139
125 152
125 171
125 182
126 135
126 137
126 140
126 142
126 147
126 158
126 168
126 172
126 183
127 146
127 152
128 132
128 135
128 148
128 149
128 157
128 173
128 179
128 194
129 136
129 137
129 140
129 143
129 145
129 162
129 167
129 173
129 175
129 183
130 136
130 137
130 139
130 144
130 147
130 152
130 158
130 165
131 143
131 149
131 150
131 156
131 166
131 167
131 178
131 181
131 182
131 196
132 143
132 150
132 157
132 165
132 177
132 195
133 152
133 167
133 168
133 170
133 181
133 190
133 196
134 138
134 150
134 192
135 141
135 145
135 148
135 154
135 172
135 179
135 190
135 198
136 140
136 157
136 166
136 186
136 199
137 143
137 145
137 164
137 169
137 174
138 145
138 158
138 169
138 172
138 187
138 198
139 159
139 183
139 190
139 191
139 197
139 198
140 141
140 152
140 164
140 185
140 187
141 156
141 161
141 168
141 188
141 199
142 163
142 167
142 172
142 175
142 181
142 186
142 187
142 199
143 149
143 159
143 165
143 169
143 174
143 175
144 154
144 156
144 167
144 169
144 176
144 179
144 182
144 194
145 156
145 169
145 176
145 187
145 195
146 155
146 162
146 166
146 173
146 199
147 154
147 163
147 168
147 173
147 174
147 186
147 187
148 157
148 162
148 164
148 165
148 169
148 183
149 153
149 157
149 158
149 159
149 181
149 186
149 198
150 157
150 162
150 169
150 172
150 182
151 176
151 179
151 188
151 190
152 161
152 167
152 174
152 199
153 160
153 182
153 183
153 187
153 190
154 167
154 173
154 184
154 188
154 197
155 162
155 163
155 183
155 189
155 193
156 168
156 169
156 180
156 181
156 196
157 161
157 162
157 185
157 186
157 189
158 159
158 164
158 183
159 167
159 168
159 173
159 176
159 178
159 182
159 193
160 171
160 179
160 188
160 192
160 195
161 196
162 175
162 176
162 180
162 182
163 173
163 175
163 199
164 169
164 179
164 181
164 192
165 175
165 187
165 191
166 176
166 186
166 189
167 182
167 184
167 189
168 182
168 191
168 199
169 185
169 188
169 194
170 179
170 192
171 180
171 183
171 185
172 184
173 186
173 189
173 192
174 176
174 196
175 186
175 190
175 193
175 196
176 185
176 186
176 187
177 195
178 183
179 181
179 183
180 186
180 190
180 192
180 195
180 196
180 199
181 198
182 183
182 191
182 195
182 196
182 198
182 199
183 185
183 187
185 186
185 196
186 191
186 198
187 188
187 190
187 198
188 195
190 197
191 196
