0 1
0 6
0 12
0 26
0 33
0 36
0 40
0 53
0 71
0 80
0 89
0 93
0 98
0 102
0 105
0 108
0 111
0 116
0 129
0 143
0 151
0 155
0 158
0 167
0 175
0 176
0 177
0 189
1 3
1 8
1 15
1 28
1 31
1 34
1 42
1 43
1 47
1 55
1 78
1 87
1 91
1 103
1 117
1 123
1 128
1 137
1 143
1 158
1 159
1 167
1 176
1 191
1 197
1 199
2 14
2 15
2 20
2 23
2 33
2 46
2 60
2 104
2 119
2 126
2 134
2 141
2 148
2 151
2 153
2 174
2 185
3 4
3 6
3 13
3 19
3 25
3 29
3 33
3 48
3 56
3 64
3 68
3 73
3 76
3 83
3 88
3 92
3 130
3 142
3 150
3 158
3 159
3 163
3 166
3 171
3 176
3 185
3 190
3 197
4 15
4 55
4 62
4 70
4 71
4 80
4 82
4 85
4 99
4 112
4 117
4 124
4 127
4 132
4 139
4 152
4 171
4 175
4 196
4 199
5 19
5 31
5 46
5 47
5 50
5 83
5 91
5 109
5 121
5 140
5 142
5 159
5 168
5 175
5 189
6 17
6 30
6 48
6 66
6 73
6 76
6 78
6 92
6 94
6 98
6 102
6 132
6 137
6 138
6 151
6 163
6 196
6 198
7 20
7 32
7 40
7 41
7 43
7 44
7 48
7 67
7 80
7 98
7 122
7 130
7 131
7 144
7 152
7 156
7 160
7 165
7 181
7 185
7 196
8 17
8 39
8 50
8 54
8 65
8 69
8 79
8 103
8 105
8 113
8 120
8 126
8 140
8 143
8 158
8 170
8 177
8 192
8 199
9 28
9 29
9 31
9 38
9 53
9 65
9 76
9 77
9 81
9 87
9 89
9 97
9 100
9 104
9 114
9 139
9 140
9 162
9 166
9 173
9 181
9 185
10 11
10 16
10 26
10 38
10 42
10 57
10 63
10 79
10 142
10 144
10 157
10 169
10 179
10 183
10 193
11 22
11 33
11 52
11 53
11 64
11 72
11 74
11 76
11 102
11 110
11 132
11 139
11 172
11 190
11 192
11 199
12 14
12 22
12 33
12 34
12 39
12 41
12 50
12 55
12 56
12 83
12 85
12 86
12 90
12 92
12 105
12 113
12 120
12 140
12 146
12 158
12 162
12 166
12 171
12 187
13 22
13 30
13 33
13 41
13 47
13 49
13 55
13 63
13 84
13 88
13 89
13 97
13 111
13 114
13 115
13 123
13 128
13 135
13 139
13 183
13 188
13 198
14 23
14 30
14 33
14 46
14 51
14 84
14 87
14 92
14 94
14 101
14 120
14 149
14 151
14 180
14 198
15 18
15 21
15 54
15 71
15 79
15 82
15 96
15 108
15 113
15 114
15 126
15 128
15 148
15 153
15 155
15 159
15 160
16 55
16 60
16 73
16 97
16 108
16 111
16 121
16 124
16 164
16 166
16 176
16 179
16 182
16 185
16 198
17 29
17 44
17 56
17 70
17 76
17 81
17 99
17 112
17 119
17 139
17 147
17 160
17 164
17 172
17 181
17 190
18 24
18 25
18 32
18 45
18 48
18 50
18 58
18 62
18 78
18 84
18 90
18 93
18 103
18 105
18 106
18 140
18 152
18 165
18 167
18 176
18 187
18 190
19 22
19 24
19 58
19 77
19 94
19 103
19 113
19 125
19 128
19 145
19 174
19 180
20 26
20 28
20 30
20 44
20 63
20 72
20 82
20 112
20 126
20 135
20 148
20 149
20 159
20 169
20 172
20 176
20 180
20 189
21 37
21 46
21 50
21 53
21 60
21 73
21 75
21 88
21 93
21 126
21 133
21 148
21 152
21 157
21 163
21 192
22 27
22 41
22 54
22 63
22 66
22 70
22 96
22 119
22 124
22 131
22 158
22 161
22 179
22 196
23 32
23 56
23 62
23 71
23 77
23 93
23 108
23 115
23 119
23 121
23 139
23 162
23 167
23 169
23 197
24 25
24 26
24 29
24 35
24 38
24 40
24 87
24 112
24 119
24 123
24 131
24 157
25 34
25 36
25 42
25 52
25 58
25 61
25 67
25 75
25 82
25 96
25 97
25 123
25 129
25 137
25 139
25 147
25 154
25 183
25 199
26 46
26 52
26 78
26 103
26 104
26 105
26 113
26 115
26 125
26 143
26 150
26 161
26 175
27 30
27 45
27 58
27 66
27 69
27 78
27 97
27 98
27 104
27 108
27 114
27 118
27 125
27 128
27 135
27 138
27 144
27 147
27 154
27 155
27 169
27 174
27 189
28 30
28 38
28 50
28 60
28 61
28 67
28 71
28 77
28 78
28 80
28 109
28 112
28 132
28 160
28 162
28 165
28 170
28 182
28 194
28 195
29 30
29 37
29 40
29 48
29 62
29 64
29 79
29 82
29 96
29 97
29 99
29 104
29 105
29 109
29 123
29 128
29 134
29 151
29 154
29 160
29 191
29 194
30 37
30 49
30 51
30 52
30 55
30 61
30 79
30 92
30 101
30 110
30 111
30 122
30 143
30 168
30 196
31 32
31 43
31 51
31 53
31 63
31 76
31 101
31 106
31 120
31 125
31 131
31 133
31 141
31 173
31 174
31 197
32 47
32 48
32 50
32 54
32 72
32 84
32 105
32 117
32 162
32 175
32 196
33 38
33 51
33 57
33 61
33 66
33 69
33 76
33 79
33 99
33 100
33 109
33 113
33 123
33 127
33 132
33 139
33 140
33 148
33 164
33 177
33 179
34 35
34 38
34 48
34 52
34 59
34 61
34 63
34 72
34 74
34 103
34 108
34 133
34 154
34 161
34 162
34 172
34 182
34 186
34 187
35 42
35 51
35 58
35 66
35 78
35 79
35 87
35 93
35 98
35 116
35 117
35 118
35 130
35 136
35 151
35 154
35 157
35 166
35 169
35 172
35 189
35 190
36 40
36 44
36 58
36 71
36 88
36 92
36 105
36 110
36 121
36 138
36 173
36 176
36 189
37 45
37 63
37 82
37 94
37 97
37 104
37 109
37 114
37 121
37 124
37 129
37 131
37 140
37 148
37 150
37 152
37 173
38 51
38 69
38 118
38 135
38 147
38 165
38 173
38 186
38 190
39 44
39 101
39 127
39 129
39 135
39 158
39 169
39 177
40 60
40 63
40 67
40 73
40 92
40 104
40 110
40 116
40 117
40 147
40 158
40 171
40 175
40 177
40 186
41 42
41 72
41 100
41 118
41 121
41 124
41 133
41 149
41 157
41 163
41 167
41 186
41 187
41 197
42 47
42 48
42 69
42 72
42 80
42 85
42 90
42 101
42 103
42 105
42 107
42 113
42 115
42 117
42 148
42 154
42 159
42 166
42 187
42 195
43 69
43 73
43 83
43 95
43 106
43 108
43 114
43 119
43 126
43 129
43 133
43 139
43 142
43 143
43 145
43 150
43 154
43 193
44 50
44 78
44 95
44 96
44 107
44 121
44 129
44 135
44 139
44 144
44 146
44 150
44 151
44 161
44 162
44 164
44 171
44 172
44 174
44 191
45 49
45 59
45 61
45 65
45 86
45 90
45 95
45 96
45 124
45 131
45 152
45 156
45 157
45 164
45 166
45 198
46 66
46 79
46 85
46 86
46 94
46 95
46 96
46 105
46 113
46 120
46 128
46 132
46 144
46 156
46 162
46 179
46 187
46 188
47 55
47 60
47 74
47 92
47 103
47 112
47 115
47 125
47 128
47 139
47 167
47 181
48 53
48 74
48 75
48 100
48 116
48 128
48 139
48 146
48 148
48 151
48 177
48 184
49 51
49 68
49 74
49 75
49 78
49 106
49 116
49 125
49 140
49 151
49 152
49 155
49 178
49 193
50 63
50 80
50 99
50 100
50 108
50 136
50 155
50 164
50 191
50 192
51 54
51 59
51 63
51 71
51 72
51 81
51 96
51 107
51 125
51 129
51 137
51 140
51 145
51 147
51 156
51 168
51 184
51 187
52 70
52 74
52 87
52 88
52 97
52 106
52 107
52 119
52 130
52 137
52 141
52 148
52 163
52 165
52 174
52 180
52 192
52 193
52 198
53 75
53 76
53 83
53 89
53 108
53 112
53 121
53 135
53 157
53 159
53 173
53 189
54 58
54 79
54 83
54 84
54 91
54 95
54 123
54 132
54 140
54 142
54 150
54 164
54 175
54 184
55 77
55 89
55 95
55 99
55 106
55 111
55 112
55 126
55 147
55 150
55 174
55 197
56 69
56 80
56 92
56 102
56 104
56 113
56 118
56 120
56 141
56 143
56 147
56 159
56 171
56 181
56 190
56 191
57 64
57 70
57 72
57 74
57 84
57 88
57 93
57 116
57 119
57 123
57 137
57 141
57 149
57 167
57 173
57 177
58 78
58 89
58 93
58 111
58 125
58 151
58 162
58 163
58 171
58 172
58 176
58 183
58 185
59 101
59 103
59 124
59 150
59 177
59 185
59 187
60 73
60 78
60 82
60 95
60 100
60 127
60 128
60 138
60 142
60 149
60 164
60 169
60 171
60 181
60 192
61 68
61 80
61 87
61 116
61 119
61 121
61 142
61 151
61 154
61 163
61 164
61 180
61 188
61 192
61 195
62 75
62 82
62 87
62 103
62 120
62 122
62 127
62 138
62 139
62 141
62 148
62 154
62 181
62 183
62 185
62 186
62 196
63 79
63 86
63 98
63 103
63 107
63 116
63 120
63 137
63 140
63 179
63 195
63 199
64 86
64 91
64 92
64 95
64 106
64 108
64 114
64 118
64 128
64 148
64 149
64 154
64 158
64 164
64 168
64 169
64 181
64 199
65 72
65 78
65 97
65 98
65 103
65 118
65 119
65 134
65 144
65 155
65 160
65 161
65 162
65 165
65 197
66 68
66 78
66 80
66 85
66 91
66 96
66 114
66 116
66 119
66 122
66 150
66 154
66 167
66 181
66 184
66 190
66 194
66 199
67 89
67 119
67 127
67 141
67 147
67 150
67 172
68 87
68 88
68 96
68 113
68 115
68 120
68 132
68 133
68 144
68 160
68 162
68 171
68 178
68 190
68 195
69 72
69 74
69 86
69 105
69 109
69 115
69 117
69 134
69 147
69 152
69 156
69 193
70 85
70 88
70 94
70 118
70 128
70 137
70 143
70 149
70 156
70 162
70 166
70 172
70 175
70 188
71 98
71 99
71 119
71 127
71 144
71 146
71 151
71 158
71 161
71 165
71 182
71 194
71 198
72 97
72 102
72 125
72 129
72 139
72 141
72 152
72 181
72 184
73 75
73 76
73 78
73 79
73 118
73 130
73 132
73 141
73 150
73 164
73 169
73 181
73 184
74 85
74 88
74 94
74 97
74 116
74 132
74 143
74 151
75 78
75 85
75 92
75 121
75 122
75 123
75 148
75 172
75 199
76 107
76 115
76 117
76 119
76 127
76 130
76 134
76 135
76 155
76 158
76 165
76 166
76 175
76 177
76 182
77 86
77 87
77 121
77 123
77 128
77 138
77 143
77 154
77 159
77 171
78 89
78 90
78 93
78 104
78 106
78 110
78 117
78 124
78 131
78 141
78 169
78 172
79 96
79 100
79 103
79 112
79 126
79 127
79 133
79 147
79 153
79 171
79 181
79 187
79 191
79 193
79 194
80 86
80 88
80 96
80 106
80 117
80 122
80 142
80 147
80 168
80 183
80 188
80 194
81 87
81 106
81 113
81 133
81 136
81 137
81 150
81 155
81 162
81 168
81 169
81 172
81 180
81 184
81 191
81 193
82 93
82 95
82 104
82 109
82 121
82 138
82 168
82 170
82 185
82 189
82 190
82 196
83 91
83 110
83 138
83 142
83 143
83 151
83 155
83 156
83 163
83 173
83 184
83 185
83 197
84 93
84 95
84 102
84 105
84 120
84 124
84 126
84 146
84 150
84 166
84 167
84 176
84 184
84 185
84 188
84 196
84 198
84 199
85 93
85 116
85 121
85 129
85 153
85 172
86 100
86 103
86 109
86 119
86 124
86 132
86 139
86 148
86 158
86 167
86 171
86 176
86 191
87 88
87 92
87 97
87 98
87 100
87 102
87 106
87 109
87 117
87 123
87 129
87 135
87 136
87 139
87 141
87 150
87 152
87 154
87 157
87 159
87 161
87 165
87 171
87 173
87 190
87 192
87 196
87 198
88 111
88 134
88 158
88 177
88 182
88 187
88 192
88 197
89 101
89 115
89 131
89 134
89 143
89 145
89 155
89 165
89 181
89 185
89 190
90 107
90 131
90 142
90 146
90 149
90 175
90 182
90 184
91 97
91 117
91 118
91 125
91 127
91 131
91 147
91 167
91 176
91 179
92 120
92 131
92 138
92 145
92 146
92 157
92 161
92 163
92 178
92 179
92 190
93 106
93 121
93 125
93 134
93 154
93 169
93 183
94 103
94 109
94 127
94 152
95 102
95 114
95 118
95 119
95 120
95 126
95 127
95 133
95 137
95 140
95 144
95 145
95 153
95 160
95 161
95 177
95 183
96 98
96 101
96 113
96 124
96 136
96 146
96 161
96 172
97 99
97 111
97 114
97 121
97 129
97 131
97 137
97 139
97 196
98 122
98 130
98 149
98 154
98 167
98 189
99 102
99 103
99 106
99 112
99 121
99 139
99 157
99 170
99 173
99 178
99 188
99 193
100 103
100 105
100 126
100 131
100 147
100 156
100 162
100 163
100 193
101 104
101 123
101 142
101 163
101 166
101 169
101 176
101 180
101 181
101 192
101 194
102 112
102 131
102 138
102 140
102 146
102 166
102 170
102 173
102 195
103 116
103 132
103 134
103 154
103 158
103 175
103 180
104 151
104 152
104 164
104 171
104 178
104 179
104 190
104 194
105 109
105 149
105 170
106 110
106 115
106 118
106 135
106 138
106 143
106 145
106 149
106 160
106 161
106 172
106 194
106 199
107 110
107 113
107 120
107 122
107 127
107 131
107 137
107 139
107 146
107 150
107 157
107 181
107 188
107 189
107 194
107 199
108 131
108 135
108 152
108 183
108 185
108 191
108 197
109 118
109 160
109 163
109 164
109 173
109 189
109 197
110 141
110 153
110 160
110 168
110 187
110 195
111 112
111 114
111 117
111 138
111 164
111 166
111 172
111 183
111 186
111 187
111 199
112 118
112 154
112 158
112 162
112 169
112 172
112 187
112 190
112 196
113 130
113 137
113 152
113 165
113 184
113 194
114 120
114 129
114 144
114 145
114 146
114 147
114 149
114 158
114 159
114 162
114 164
114 175
114 187
114 192
114 193
114 199
115 118
115 124
115 127
115 143
115 154
115 162
115 164
115 175
115 183
115 185
115 194
115 197
116 118
116 123
116 138
116 150
116 160
116 165
116 189
116 191
116 196
116 198
117 120
117 124
117 129
117 144
117 149
117 151
117 182
117 183
117 189
117 194
117 198
118 138
118 143
118 156
118 166
118 172
118 188
118 193
119 134
119 157
119 161
119 182
119 188
120 129
120 132
120 174
120 175
120 177
120 192
120 196
121 127
121 140
121 186
122 141
122 144
122 145
122 180
122 181
122 185
122 191
123 161
123 181
123 182
123 192
123 197
123 199
124 141
124 143
124 159
124 170
124 188
125 154
125 159
125 163
125 166
125 172
125 174
125 176
125 190
125 193
126 132
126 137
126 152
126 176
126 181
126 186
126 188
126 189
127 131
127 134
127 137
127 140
127 141
127 153
127 154
127 169
127 177
127 188
127 193
128 145
128 169
128 176
128 179
128 186
128 194
129 141
129 153
129 158
129 163
129 186
129 194
130 133
130 136
130 166
130 173
131 143
131 147
131 158
131 167
131 169
131 190
132 135
132 142
132 151
132 157
132 172
132 173
132 188
132 190
132 193
132 197
133 135
133 138
133 139
133 141
133 156
133 165
133 172
133 181
133 184
133 195
134 140
134 153
134 188
134 191
135 136
135 138
135 143
135 147
135 151
135 152
135 163
135 165
135 173
135 177
135 190
135 192
135 195
135 198
136 141
136 166
136 171
136 175
136 192
136 195
137 145
137 163
137 169
137 170
137 176
137 183
138 148
138 151
138 168
138 172
138 175
138 177
138 189
138 197
139 142
139 155
139 161
139 163
139 177
139 183
140 141
140 155
140 156
140 158
140 176
140 180
140 193
141 160
141 172
141 188
141 192
141 194
142 164
142 165
142 168
142 176
142 181
142 182
143 153
143 155
143 157
143 167
143 172
143 187
144 149
144 166
144 171
144 173
144 174
145 146
145 194
145 198
146 189
146 193
147 149
147 154
147 156
148 149
148 151
148 160
148 189
148 195
149 151
149 176
149 177
149 197
150 153
150 160
150 171
150 188
150 193
151 160
151 190
152 156
152 161
152 162
152 166
152 171
152 172
152 197
153 159
153 173
153 177
153 194
154 167
155 157
155 160
155 173
155 174
156 178
157 165
157 169
157 184
157 185
157 189
157 194
157 195
158 194
159 172
159 173
159 178
159 180
159 188
159 199
160 165
160 167
160 176
160 181
160 193
160 198
161 163
161 166
162 164
162 172
162 179
162 189
162 199
163 192
163 193
163 197
164 166
164 184
164 191
164 198
165 184
166 176
166 179
166 189
167 170
167 172
167 179
167 198
168 180
168 181
168 184
168 185
168 193
168 197
169 177
169 182
169 199
170 181
170 185
171 175
171 188
171 195
172 180
172 186
172 188
172 195
172 196
172 197
173 188
174 186
174 199
176 180
176 191
177 182
177 198
179 182
179 188
179 194
179 196
180 192
181 195
181 199
182 193
185 186
185 189
185 195
185 197
189 194
190 194
190 197
191 193
191 196
195 196
195 197
