0 22
0 25
0 26
0 51
0 57
0 61
0 70
0 135
0 150
0 179
0 181
0 199
1 2
1 4
1 6
1 21
1 27
1 37
1 38
1 40
1 62
1 66
1 73
1 85
1 100
1 104
1 105
1 107
1 119
1 127
1 137
1 140
1 164
1 181
1 188
2 8
2 9
2 11
2 18
2 19
2 21
2 40
2 46
2 47
2 51
2 53
2 73
2 94
2 95
2 123
2 139
2 142
2 151
2 153
2 157
2 180
2 182
3 6
3 10
3 11
3 15
3 23
3 33
3 34
3 40
3 45
3 48
3 61
3 63
3 84
3 89
3 121
3 141
3 148
3 152
3 162
3 165
3 177
4 11
4 12
4 15
4 22
4 34
4 39
4 46
4 54
4 63
4 67
4 76
4 90
4 96
4 98
4 127
4 156
4 175
4 184
4 194
4 198
5 9
5 21
5 23
5 27
5 29
5 40
5 46
5 58
5 83
5 86
5 92
5 97
5 100
5 112
5 125
5 126
5 133
5 142
5 154
5 159
6 17
6 39
6 40
6 41
6 78
6 94
6 104
6 113
6 124
6 134
6 146
6 147
6 154
6 173
6 183
6 192
6 193
7 30
7 71
7 89
7 104
7 106
7 111
7 114
7 129
7 136
7 144
7 148
7 162
7 184
8 21
8 26
8 29
8 30
8 33
8 35
8 47
8 61
8 82
8 89
8 93
8 94
8 98
8 106
8 107
8 112
8 118
8 129
8 152
8 154
8 155
8 170
8 184
9 14
9 18
9 43
9 45
9 53
9 74
9 85
9 115
9 116
9 119
9 120
9 123
9 138
9 150
9 153
9 154
9 162
9 170
9 180
9 183
9 185
9 192
9 197
9 198
10 14
10 20
10 44
10 67
10 68
10 107
10 112
10 135
10 152
10 166
10 171
10 189
10 192
11 33
11 46
11 54
11 55
11 59
11 83
11 94
11 115
11 128
11 135
11 137
11 151
11 178
12 17
12 63
12 66
12 68
12 71
12 72
12 88
12 100
12 103
12 119
12 131
12 137
12 145
12 167
12 182
12 186
12 188
13 15
13 17
13 28
13 37
13 68
13 76
13 104
13 107
13 119
13 138
13 145
13 152
13 155
13 161
13 165
13 176
13 191
13 195
14 31
14 38
14 41
14 46
14 51
14 66
14 68
14 79
14 89
14 100
14 125
14 135
14 136
14 142
14 146
14 153
14 163
14 178
14 189
15 18
15 29
15 81
15 103
15 104
15 109
15 119
15 121
15 127
15 131
15 132
15 149
15 157
15 159
15 183
15 192
15 197
16 17
16 26
16 29
16 51
16 53
16 56
16 77
16 78
16 94
16 99
16 105
16 132
16 135
16 136
16 140
16 145
16 148
16 158
16 162
16 172
16 173
16 188
16 193
16 196
17 22
17 26
17 44
17 45
17 55
17 59
17 61
17 67
17 72
17 80
17 84
17 96
17 113
17 122
17 127
17 157
17 169
17 182
18 21
18 32
18 59
18 89
18 102
18 105
18 117
18 125
18 147
18 154
18 158
18 159
18 166
18 178
18 196
19 23
19 37
19 38
19 40
19 42
19 44
19 46
19 50
19 51
19 60
19 63
19 66
19 69
19 79
19 83
19 93
19 111
19 132
19 138
19 144
19 164
19 171
19 181
19 195
20 26
20 27
20 35
20 39
20 55
20 58
20 62
20 75
20 83
20 100
20 103
20 124
20 171
20 174
20 196
21 31
21 32
21 34
21 40
21 88
21 95
21 103
21 106
21 109
21 125
21 128
21 165
21 166
21 167
21 185
22 43
22 62
22 79
22 96
22 98
22 105
22 112
22 133
22 151
22 158
22 173
22 183
22 191
22 197
23 37
23 46
23 55
23 65
23 75
23 81
23 84
23 87
23 103
23 138
23 162
23 164
23 182
23 185
23 186
24 36
24 55
24 57
24 62
24 67
24 89
24 102
24 104
24 130
24 134
24 149
24 161
24 163
24 166
24 175
24 187
25 38
25 42
25 49
25 64
25 73
25 75
25 76
25 81
25 89
25 90
25 96
25 99
25 101
25 115
25 154
25 164
25 165
25 171
25 185
26 32
26 33
26 44
26 53
26 62
26 71
26 88
26 91
26 96
26 97
26 121
26 125
26 130
26 143
26 146
26 159
26 162
26 167
26 179
26 182
26 193
26 198
27 38
27 43
27 55
27 61
27 74
27 90
27 125
27 134
27 135
27 144
27 145
27 149
27 158
27 165
27 166
27 168
27 172
27 176
27 181
27 192
28 54
28 57
28 79
28 90
28 101
28 111
28 121
28 128
28 132
28 145
28 149
28 153
28 159
28 165
28 181
28 194
28 195
28 199
29 34
29 51
29 55
29 81
29 100
29 110
29 111
29 115
29 135
29 140
29 161
29 162
29 172
29 181
29 191
29 197
30 31
30 56
30 93
30 96
30 98
30 109
30 116
30 132
30 144
30 148
30 167
31 43
31 44
31 46
31 58
31 76
31 81
31 85
31 88
31 98
31 100
31 107
31 112
31 113
31 115
31 143
31 145
31 160
31 179
31 186
31 187
31 194
32 41
32 47
32 56
32 68
32 75
32 80
32 83
32 86
32 102
32 119
32 139
32 160
32 179
32 186
32 197
33 44
33 46
33 53
33 54
33 62
33 69
33 95
33 148
33 157
33 183
34 38
34 42
34 48
34 49
34 69
34 82
34 83
34 86
34 128
34 130
34 142
34 151
34 160
34 161
34 169
34 177
34 188
34 195
35 52
35 53
35 64
35 65
35 68
35 71
35 90
35 114
35 136
35 142
35 147
35 182
35 188
35 198
36 43
36 62
36 85
36 91
36 94
36 119
36 121
36 129
36 137
36 146
36 154
36 165
36 167
36 175
36 181
36 186
36 193
36 198
37 43
37 45
37 47
37 60
37 64
37 67
37 75
37 91
37 105
37 109
37 117
37 130
37 131
37 146
37 151
37 152
37 157
37 165
37 168
37 171
37 176
37 184
37 193
38 58
38 59
38 62
38 73
38 77
38 83
38 87
38 123
38 124
38 158
38 165
38 181
38 196
39 41
39 56
39 72
39 94
39 98
39 101
39 103
39 117
39 118
39 130
39 132
39 136
39 142
39 164
39 172
39 173
39 177
39 182
39 193
39 194
40 80
40 85
40 96
40 114
40 130
40 147
40 148
40 149
40 150
40 158
40 171
40 183
41 48
41 63
41 66
41 83
41 87
41 88
41 92
41 100
41 126
41 127
41 130
41 141
41 149
41 166
41 173
41 180
41 181
42 58
42 62
42 65
42 95
42 109
42 137
42 141
42 155
42 157
42 164
42 167
42 177
42 181
42 194
43 56
43 77
43 84
43 91
43 95
43 104
43 108
43 110
43 117
43 134
43 135
43 136
43 140
43 162
43 163
43 182
43 183
43 197
44 53
44 67
44 82
44 101
44 102
44 118
44 131
44 139
44 148
44 162
44 171
44 173
44 174
44 192
44 196
45 76
45 77
45 96
45 110
45 115
45 117
45 128
45 129
45 132
45 133
45 136
45 141
45 148
45 158
45 173
45 175
45 182
46 49
46 53
46 71
46 81
46 84
46 109
46 110
46 117
46 124
46 133
46 136
46 142
46 150
46 153
46 179
46 183
46 185
46 196
47 49
47 53
47 59
47 84
47 93
47 94
47 96
47 97
47 102
47 105
47 108
47 135
47 139
47 149
47 159
47 160
47 168
47 182
47 190
48 54
48 58
48 59
48 64
48 91
48 96
48 112
48 116
48 120
48 123
48 125
48 128
48 150
48 173
48 176
48 194
49 52
49 55
49 56
49 80
49 84
49 85
49 98
49 139
49 146
49 166
49 167
49 189
49 196
50 56
50 60
50 105
50 122
50 129
50 131
50 141
50 145
50 146
50 147
50 168
50 172
50 197
51 65
51 70
51 74
51 81
51 99
51 116
51 119
51 120
51 121
51 134
51 145
51 157
51 160
51 161
51 170
51 172
51 180
51 185
51 198
52 63
52 72
52 80
52 83
52 120
52 124
52 133
52 139
52 140
52 146
52 155
52 161
52 164
52 173
52 191
52 194
52 196
53 57
53 86
53 87
53 97
53 101
53 104
53 107
53 112
53 114
53 118
53 122
53 137
53 152
53 160
54 65
54 74
54 86
54 92
54 98
54 102
54 110
54 121
54 127
54 137
54 142
54 153
54 163
54 183
54 184
54 199
55 60
55 61
55 72
55 74
55 80
55 90
55 108
55 143
55 145
55 162
55 163
55 180
55 199
56 60
56 63
56 74
56 81
56 93
56 108
56 109
56 129
56 132
56 144
56 146
56 155
56 169
56 171
56 175
56 179
56 188
57 61
57 70
57 74
57 86
57 87
57 105
57 119
57 135
57 179
57 187
57 196
58 65
58 66
58 72
58 106
58 110
58 138
58 151
58 173
58 184
58 186
58 193
59 72
59 78
59 90
59 105
59 106
59 108
59 116
59 117
59 122
59 141
59 180
59 193
60 63
60 70
60 86
60 90
60 102
60 105
60 114
60 119
60 120
60 131
60 138
60 140
60 165
60 172
60 197
61 70
61 88
61 90
61 103
61 109
61 126
61 135
61 136
61 143
61 150
61 166
61 167
61 168
61 179
61 181
61 185
61 186
62 85
62 88
62 104
62 110
62 130
62 179
62 181
62 191
62 194
62 195
63 81
63 85
63 127
63 147
63 175
63 181
63 189
63 196
64 75
64 77
64 78
64 82
64 94
64 100
64 123
64 135
64 140
64 142
64 185
65 72
65 86
65 101
65 113
65 115
65 139
65 154
65 157
65 164
65 172
66 81
66 92
66 122
66 127
66 134
66 145
66 153
66 154
66 161
66 166
66 179
66 183
67 73
67 75
67 93
67 105
67 111
67 139
67 143
67 144
67 146
67 147
67 156
67 190
68 84
68 118
68 124
68 138
68 151
68 152
68 157
68 162
68 170
68 173
68 175
68 186
69 80
69 82
69 86
69 93
69 96
69 101
69 113
69 152
69 168
69 170
69 175
69 180
69 187
69 198
70 74
70 88
70 92
70 107
70 113
70 134
70 135
70 136
70 156
70 164
70 167
70 174
70 190
71 72
71 79
71 87
71 100
71 101
71 104
71 119
71 121
71 126
71 135
71 156
71 159
71 168
71 171
71 175
71 193
72 81
72 82
72 89
72 92
72 112
72 121
72 124
72 127
72 130
72 134
72 135
72 137
72 140
72 148
72 153
72 154
72 157
72 191
72 195
72 197
73 85
73 93
73 95
73 113
73 124
73 133
73 135
73 147
73 150
73 159
73 169
73 177
73 186
73 189
73 195
74 83
74 84
74 110
74 145
74 156
74 172
74 174
74 179
74 184
74 187
74 188
75 82
75 99
75 113
75 128
75 142
75 158
75 168
75 172
75 175
75 186
75 198
76 84
76 85
76 86
76 103
76 104
76 160
76 183
76 187
76 192
76 199
77 79
77 100
77 105
77 113
77 122
77 123
77 136
77 140
77 146
77 149
77 186
77 190
77 193
78 81
78 106
78 115
78 116
78 134
78 157
78 179
78 191
78 198
79 85
79 86
79 94
79 98
79 115
79 119
79 121
79 124
79 125
79 136
79 149
79 152
79 159
79 168
79 176
79 182
79 183
80 81
80 86
80 87
80 89
80 91
80 99
80 133
80 140
80 145
80 157
80 162
80 169
80 183
80 190
80 197
81 89
81 111
81 126
81 145
81 171
81 181
82 86
82 105
82 106
82 107
82 111
82 119
82 127
82 137
82 138
82 140
82 143
82 153
82 172
82 176
82 177
83 90
83 92
83 101
83 106
83 124
83 129
83 136
83 146
83 165
83 178
84 88
84 97
84 101
84 108
84 116
84 125
84 135
84 137
84 140
84 145
84 160
84 166
84 168
84 180
84 183
84 187
84 191
84 198
84 199
85 118
85 120
85 126
85 130
85 135
85 140
85 145
85 150
85 164
85 177
85 178
86 88
86 107
86 125
86 134
86 140
86 143
86 152
86 164
86 171
86 176
86 177
86 191
87 99
87 102
87 105
87 110
87 126
87 128
87 134
87 135
87 152
87 168
87 187
87 191
87 192
88 93
88 96
88 97
88 105
88 148
88 173
88 190
88 191
88 198
89 106
89 118
89 119
89 131
89 153
89 154
89 157
89 169
89 183
89 196
89 199
90 97
90 98
90 103
90 104
90 116
90 132
90 144
90 175
90 181
90 196
90 198
91 95
91 99
91 101
91 103
91 113
91 116
91 122
91 123
91 125
91 131
91 134
91 151
91 166
91 174
91 178
91 187
92 95
92 105
92 125
92 161
92 190
92 197
92 199
93 94
93 99
93 109
93 110
93 113
93 116
93 120
93 155
93 160
93 164
94 103
94 127
94 155
94 158
94 174
94 186
95 96
95 115
95 117
95 119
95 132
95 137
95 143
95 184
95 187
96 110
96 111
96 117
96 145
96 146
96 149
96 152
96 154
96 171
96 179
96 189
97 104
97 108
97 123
97 129
97 138
97 145
97 150
97 176
97 196
97 199
98 117
98 138
98 140
98 141
98 155
98 162
98 165
98 166
98 175
98 191
99 114
99 115
99 126
99 131
99 134
99 141
99 150
99 178
99 185
100 107
100 116
100 119
100 123
100 134
100 138
100 139
100 150
100 176
100 182
100 185
100 191
100 192
100 196
101 102
101 110
101 112
101 126
101 148
101 161
101 175
101 182
101 195
101 199
102 110
102 111
102 130
102 131
102 140
102 152
102 153
102 170
102 176
102 178
102 184
102 185
103 108
103 117
103 122
103 137
103 140
103 149
103 155
103 165
103 172
104 117
104 125
104 130
104 138
104 158
104 177
105 108
105 109
105 113
105 124
105 140
105 143
105 145
105 155
105 169
105 181
105 197
105 199
106 119
106 126
106 134
106 143
106 154
106 157
106 187
106 198
107 109
107 151
107 155
107 166
107 171
107 183
107 193
108 122
108 128
108 152
108 164
108 166
108 171
108 172
108 173
108 179
108 181
108 182
109 112
109 113
109 117
109 121
109 126
109 130
109 163
109 171
109 174
109 175
110 126
110 128
110 136
110 139
110 162
110 185
110 189
110 194
110 197
111 129
111 130
111 159
111 177
111 187
111 189
111 193
111 196
111 198
112 116
112 125
112 131
112 132
112 133
112 154
112 157
112 158
112 163
112 184
112 188
112 189
113 133
113 137
113 154
113 169
113 186
113 198
114 125
114 130
114 144
114 147
114 151
114 176
114 181
114 196
115 124
115 130
115 136
115 140
115 166
115 167
115 174
115 181
115 182
115 192
115 195
116 122
116 129
116 137
116 139
116 140
116 160
116 179
117 128
117 129
117 131
117 133
117 138
117 159
117 168
117 176
117 181
117 187
117 196
118 123
118 125
118 140
118 144
118 148
118 177
118 180
118 199
119 126
119 133
119 141
119 150
119 152
119 173
119 175
119 178
119 190
119 195
120 126
120 133
120 138
120 169
120 173
120 186
121 134
121 135
121 157
121 171
121 191
121 192
122 127
122 141
122 148
122 150
122 158
122 192
122 193
122 194
122 198
123 125
123 128
123 131
123 167
123 171
123 192
124 132
124 146
124 148
124 157
124 166
124 168
124 178
124 184
124 186
125 137
125 144
125 148
125 173
125 175
125 180
125 187
126 127
126 128
126 134
126 135
126 140
126 151
126 156
126 162
126 191
126 199
127 132
127 142
127 161
127 166
127 169
127 191
128 156
128 159
128 164
128 175
128 181
128 193
128 199
129 164
129 190
130 133
130 140
130 160
130 169
130 175
131 137
131 145
131 146
131 153
131 156
131 165
131 175
131 188
131 199
132 155
132 172
132 188
132 194
133 150
133 190
133 194
134 139
134 144
134 153
134 188
135 138
135 151
135 158
135 168
135 185
135 192
136 166
136 194
137 142
137 151
137 167
137 175
137 177
137 189
137 193
137 199
138 158
138 166
138 175
138 190
138 192
138 198
139 145
139 147
139 148
139 153
139 159
139 179
139 188
139 192
139 198
140 144
140 152
140 158
140 170
140 186
141 151
141 159
141 168
141 171
141 175
141 179
141 181
142 150
142 154
142 158
142 171
142 183
142 185
142 186
142 189
142 191
142 199
143 147
143 179
143 192
143 199
144 162
144 166
144 173
144 182
144 187
144 199
145 160
145 164
145 171
145 185
145 188
145 199
146 148
146 154
146 167
146 170
146 177
146 195
146 198
146 199
147 150
147 152
147 153
147 156
147 158
148 177
148 180
149 167
149 169
149 177
149 179
149 189
150 177
150 181
150 185
150 188
151 165
151 180
151 182
151 189
151 191
152 154
152 167
152 170
152 174
152 178
152 180
152 195
152 196
153 154
153 161
153 166
153 172
153 173
153 176
153 188
153 192
153 194
155 161
155 167
155 179
155 180
155 186
155 198
156 182
156 198
157 165
157 169
157 189
157 196
157 198
158 192
158 197
159 178
159 185
159 195
159 196
160 164
160 166
160 175
160 177
160 192
160 193
161 163
161 164
161 168
161 174
161 177
161 191
161 194
161 197
162 163
162 164
162 165
162 184
162 199
163 167
163 179
163 194
164 165
165 168
165 173
165 183
166 169
166 183
167 186
167 199
168 171
168 173
168 174
169 177
169 181
170 187
170 196
171 177
171 182
171 191
171 193
171 198
172 180
172 194
172 195
173 179
173 190
173 193
173 196
174 176
174 179
175 179
175 184
175 186
175 192
176 197
177 191
178 186
178 197
178 199
179 191
179 192
179 196
180 183
180 188
181 187
182 183
182 184
183 193
183 194
183 198
184 188
185 190
186 188
186 198
187 189
187 191
187 199
188 192
188 197
189 198
190 197
191 199
192 199
193 195
193 196
