0 3
0 17
0 19
0 30
0 45
0 46
0 49
0 53
0 59
0 62
0 71
0 88
0 95
0 129
0 172
0 194
1 3
1 5
1 8
1 46
1 47
1 93
1 128
1 146
1 149
1 155
1 174
1 191
2 3
2 30
2 39
2 44
2 45
2 52
2 53
2 63
2 64
2 71
2 85
2 89
2 90
2 94
2 100
2 112
2 115
2 121
2 128
2 139
2 142
2 146
2 169
2 174
2 175
2 187
3 10
3 21
3 42
3 52
3 54
3 55
3 62
3 63
3 73
3 81
3 82
3 104
3 110
3 115
3 118
3 124
3 128
3 131
3 142
3 146
3 148
3 165
3 178
3 186
4 12
4 34
4 43
4 44
4 45
4 62
4 69
4 73
4 77
4 78
4 93
4 94
4 111
4 123
4 126
4 129
4 135
4 140
4 152
4 157
4 173
4 176
4 185
4 186
4 187
4 196
4 199
5 9
5 17
5 52
5 70
5 73
5 75
5 78
5 107
5 113
5 121
5 130
5 141
5 144
5 148
5 150
5 160
5 163
5 193
5 196
6 23
6 60
6 69
6 70
6 85
6 96
6 110
6 122
6 126
6 144
6 171
7 33
7 55
7 57
7 70
7 76
7 79
7 86
7 106
7 115
7 124
7 133
7 136
7 141
7 147
7 154
7 157
7 191
8 20
8 24
8 35
8 40
8 48
8 66
8 83
8 88
8 90
8 106
8 126
8 138
8 144
8 146
8 153
8 160
8 166
8 184
9 14
9 25
9 32
9 37
9 38
9 42
9 44
9 57
9 65
9 73
9 77
9 84
9 85
9 86
9 93
9 100
9 101
9 136
9 162
9 174
9 197
10 22
10 29
10 31
10 34
10 49
10 64
10 70
10 74
10 82
10 83
10 92
10 97
10 106
10 107
10 109
10 115
10 136
10 141
10 142
10 148
10 163
10 172
10 185
10 192
10 198
11 24
11 32
11 36
11 46
11 53
11 61
11 67
11 72
11 87
11 94
11 104
11 140
11 152
11 154
11 177
11 189
11 192
11 195
12 23
12 31
12 33
12 38
12 69
12 75
12 83
12 86
12 87
12 102
12 129
12 133
12 134
12 142
12 170
12 177
12 185
12 187
13 22
13 30
13 31
13 42
13 49
13 55
13 57
13 63
13 67
13 103
13 114
13 127
13 133
13 146
13 149
13 175
13 180
13 197
14 15
14 19
14 41
14 54
14 80
14 88
14 94
14 113
14 117
14 119
14 123
14 148
14 159
14 171
14 189
15 46
15 71
15 82
15 89
15 105
15 120
15 137
15 147
15 149
15 172
15 186
16 27
16 37
16 41
16 60
16 61
16 65
16 75
16 80
16 83
16 97
16 106
16 112
16 117
16 129
16 150
16 164
16 166
16 179
16 182
16 183
17 29
17 31
17 48
17 56
17 59
17 67
17 68
17 80
17 84
17 117
17 123
17 126
17 133
17 137
17 147
17 153
17 166
17 167
17 173
17 193
17 195
18 27
18 32
18 34
18 43
18 54
18 58
18 61
18 79
18 83
18 95
18 101
18 129
18 145
18 163
18 165
18 167
18 168
18 194
19 24
19 57
19 59
19 63
19 76
19 85
19 91
19 102
19 112
19 115
19 121
19 128
19 129
19 137
19 157
19 167
19 168
19 176
19 178
19 183
19 184
19 194
19 196
20 26
20 41
20 48
20 67
20 70
20 74
20 83
20 90
20 97
20 116
20 124
20 137
20 146
21 28
21 30
21 31
21 43
21 44
21 54
21 58
21 61
21 63
21 75
21 79
21 90
21 91
21 114
21 123
21 125
21 132
21 140
21 146
21 165
21 198
22 44
22 59
22 127
22 136
22 137
22 144
22 145
22 165
22 166
22 177
22 188
23 39
23 56
23 70
23 101
23 111
23 140
23 159
23 165
23 198
24 36
24 45
24 46
24 48
24 61
24 65
24 81
24 86
24 91
24 96
24 112
24 115
24 119
24 123
24 126
24 127
24 134
24 151
24 160
24 171
24 193
25 36
25 49
25 64
25 102
25 111
25 133
25 135
25 139
25 154
25 156
25 157
25 181
25 182
25 190
25 194
25 197
26 34
26 42
26 47
26 55
26 60
26 88
26 117
26 122
26 126
26 135
26 165
26 169
26 170
26 181
27 30
27 41
27 59
27 65
27 67
27 69
27 70
27 91
27 98
27 130
27 135
27 174
27 183
27 190
27 194
28 33
28 36
28 44
28 62
28 75
28 76
28 85
28 90
28 98
28 100
28 102
28 130
28 134
28 141
28 162
28 179
28 189
29 59
29 68
29 73
29 92
29 94
29 97
29 111
29 120
29 139
29 143
29 149
29 156
29 169
29 171
29 176
29 184
29 185
29 186
29 188
30 49
30 59
30 68
30 73
30 76
30 84
30 87
30 101
30 102
30 109
30 113
30 125
30 130
30 131
30 133
30 140
30 142
30 163
30 176
30 178
30 186
30 196
31 32
31 33
31 38
31 43
31 64
31 92
31 99
31 103
31 104
31 120
31 125
31 128
31 136
31 151
31 166
31 196
32 47
32 51
32 70
32 84
32 86
32 105
32 112
32 119
32 136
32 137
32 144
32 163
32 170
32 171
32 172
32 184
32 185
32 188
33 40
33 44
33 51
33 55
33 61
33 84
33 92
33 104
33 113
33 123
33 140
33 154
33 169
33 170
33 176
33 184
33 195
34 44
34 50
34 61
34 76
34 88
34 120
34 123
34 142
34 153
34 164
34 175
34 181
34 182
34 190
34 196
35 59
35 62
35 63
35 64
35 71
35 85
35 92
35 96
35 114
35 121
35 137
35 161
35 163
35 187
35 197
36 54
36 55
36 56
36 76
36 101
36 109
36 110
36 113
36 119
36 140
36 196
36 197
37 54
37 57
37 77
37 101
37 104
37 113
37 119
37 123
37 125
37 127
37 131
37 143
37 147
37 151
37 154
37 160
37 163
38 46
38 48
38 54
38 55
38 86
38 100
38 105
38 120
38 139
38 164
38 171
38 172
38 179
39 79
39 99
39 107
39 122
39 128
39 147
39 152
39 159
39 171
39 173
39 178
39 193
39 198
40 62
40 65
40 66
40 77
40 80
40 82
40 91
40 96
40 105
40 113
40 116
40 118
40 143
40 151
40 172
40 179
40 180
40 198
41 49
41 56
41 63
41 66
41 67
41 95
41 96
41 98
41 103
41 110
41 186
42 46
42 72
42 78
42 104
42 107
42 134
42 146
42 154
42 164
42 189
43 50
43 67
43 70
43 71
43 83
43 88
43 93
43 102
43 112
43 122
43 133
43 134
43 143
43 162
43 166
43 180
43 192
43 197
44 45
44 58
44 69
44 81
44 86
44 88
44 107
44 110
44 119
44 125
44 129
44 146
44 152
44 153
44 157
44 163
44 179
44 183
44 186
44 192
45 46
45 57
45 63
45 72
45 84
45 88
45 92
45 135
45 137
45 143
45 156
45 167
45 181
46 65
46 68
46 82
46 89
46 93
46 95
46 104
46 113
46 135
46 145
46 146
46 157
46 162
46 172
47 56
47 68
47 103
47 104
47 117
47 126
47 128
47 133
47 143
47 148
47 157
47 186
47 190
47 195
48 54
48 57
48 66
48 69
48 77
48 84
48 87
48 92
48 94
48 110
48 129
48 142
48 144
48 148
48 166
48 176
48 177
48 187
48 191
48 194
49 50
49 55
49 58
49 72
49 73
49 77
49 78
49 90
49 111
49 117
49 149
49 168
49 174
49 187
49 188
50 69
50 76
50 77
50 101
50 111
50 137
50 159
50 174
50 176
51 58
51 63
51 68
51 84
51 87
51 96
51 97
51 107
51 129
51 139
51 140
51 158
51 165
51 169
51 176
51 185
52 54
52 56
52 91
52 114
52 119
52 124
52 135
52 146
52 172
52 176
52 186
52 197
53 58
53 59
53 74
53 101
53 115
53 118
53 130
53 139
53 141
53 149
53 160
53 162
53 174
53 186
54 58
54 60
54 68
54 89
54 92
54 96
54 106
54 123
54 124
54 144
54 156
54 159
54 163
54 179
54 186
55 62
55 77
55 84
55 94
55 95
55 110
55 112
55 115
55 117
55 147
55 151
55 176
55 188
56 81
56 90
56 96
56 114
56 134
56 155
56 159
56 160
56 163
56 174
56 185
56 187
56 198
57 72
57 76
57 93
57 94
57 105
57 106
57 109
57 112
57 116
57 128
57 136
57 140
57 150
57 163
58 79
58 85
58 99
58 128
58 146
58 172
58 186
58 191
58 199
59 63
59 77
59 79
59 91
59 103
59 110
59 112
59 117
59 162
59 165
59 175
60 66
60 75
60 95
60 103
60 106
60 107
60 112
60 124
60 129
60 132
60 150
60 155
60 167
60 179
61 64
61 67
61 69
61 70
61 71
61 96
61 105
61 111
61 113
61 128
61 133
61 137
61 146
61 157
61 165
61 189
61 193
62 100
62 114
62 131
62 132
62 149
62 187
62 189
62 198
63 93
63 97
63 98
63 102
63 103
63 124
63 131
63 144
63 151
63 160
63 162
63 164
63 175
63 199
64 65
64 68
64 69
64 72
64 93
64 105
64 121
64 125
64 126
64 145
64 147
64 157
64 166
64 188
65 71
65 75
65 76
65 102
65 103
65 106
65 107
65 113
65 140
65 144
65 164
65 168
65 192
65 193
65 197
65 199
66 67
66 73
66 74
66 85
66 86
66 89
66 95
66 128
66 131
66 140
66 141
66 143
66 147
66 150
66 158
66 159
66 160
66 164
66 165
66 166
66 185
67 104
67 113
67 116
67 126
67 135
67 145
67 152
67 167
67 180
67 181
67 195
67 199
68 80
68 103
68 137
68 174
68 188
68 194
69 110
69 117
69 141
69 144
69 163
69 165
69 175
69 181
69 184
69 198
69 199
70 73
70 90
70 95
70 107
70 111
70 125
70 130
70 131
70 137
70 139
70 144
70 167
70 196
71 74
71 76
71 79
71 96
71 109
71 128
71 132
71 139
71 149
71 152
71 164
71 167
71 188
72 73
72 74
72 80
72 85
72 92
72 100
72 102
72 111
72 112
72 164
72 176
73 86
73 101
73 106
73 107
73 120
73 122
73 137
73 150
73 165
73 167
73 181
74 79
74 89
74 101
74 103
74 104
74 110
74 117
74 121
74 125
74 130
74 145
74 150
74 163
74 168
74 184
74 188
74 199
75 78
75 109
75 111
75 118
75 136
75 144
75 170
75 177
75 182
75 187
75 196
76 87
76 95
76 101
76 104
76 109
76 117
76 118
76 133
76 143
76 151
76 153
76 167
76 168
76 172
76 181
76 190
76 197
76 199
77 87
77 89
77 93
77 118
77 133
77 145
77 150
77 162
77 182
77 192
77 193
77 194
78 80
78 82
78 92
78 96
78 102
78 115
78 117
78 150
78 167
79 81
79 97
79 98
79 99
79 100
79 114
79 135
79 147
79 152
79 165
79 168
79 196
80 100
80 131
80 139
80 150
80 159
80 185
81 84
81 93
81 95
81 102
81 107
81 110
81 115
81 129
81 130
81 142
81 150
81 171
81 177
81 180
81 186
81 187
81 189
81 195
82 91
82 95
82 120
82 136
82 143
82 151
82 153
82 161
82 163
82 168
82 184
83 86
83 87
83 92
83 93
83 94
83 102
83 112
83 114
83 130
83 141
83 142
83 149
83 152
83 156
83 159
83 162
83 199
84 89
84 95
84 98
84 131
84 143
84 150
84 161
84 162
84 178
84 182
84 183
84 188
85 88
85 109
85 112
85 114
85 115
85 128
85 148
85 153
85 157
85 164
85 176
85 193
86 100
86 105
86 116
86 126
86 136
86 141
86 192
86 198
87 91
87 92
87 99
87 102
87 107
87 123
87 141
87 155
87 169
87 175
87 178
87 181
88 92
88 109
88 121
88 140
88 161
88 163
88 164
89 100
89 106
89 115
89 121
89 123
89 132
89 155
89 189
89 197
90 111
90 130
90 131
90 134
90 139
90 148
90 161
90 193
91 108
91 118
91 130
91 143
91 145
91 149
91 155
91 156
91 159
91 166
91 184
91 187
91 196
92 100
92 104
92 134
92 138
92 143
92 152
92 154
92 164
92 170
93 96
93 143
93 153
93 157
93 166
93 181
94 118
94 133
94 141
94 156
94 157
94 179
94 189
94 194
95 103
95 121
95 126
95 143
95 149
95 152
95 162
95 186
95 190
95 195
96 105
96 109
96 115
96 128
96 140
96 168
96 171
96 186
96 197
97 100
97 129
97 135
97 137
97 141
97 160
97 173
97 179
97 183
97 184
97 186
98 133
98 141
98 151
98 153
98 160
98 167
98 171
98 174
98 182
98 185
99 104
99 139
99 143
99 147
99 162
99 165
99 167
99 174
99 189
99 191
100 107
100 115
100 153
100 155
100 176
100 180
100 186
100 189
100 191
100 193
100 198
101 123
101 127
101 129
101 141
101 151
101 153
101 158
101 175
101 185
101 186
102 113
102 127
102 128
102 145
102 153
102 158
102 164
102 174
102 188
102 189
102 193
102 195
103 146
103 187
103 190
103 192
104 110
104 112
104 127
104 129
104 141
104 149
104 150
104 156
104 157
104 175
104 182
104 199
105 115
105 116
105 123
105 126
105 128
105 134
105 139
105 147
105 161
105 164
105 176
105 180
106 110
106 118
106 134
106 146
106 175
106 180
106 195
107 132
107 134
107 137
107 141
107 145
107 160
107 171
107 176
107 195
108 117
108 122
108 127
108 129
108 132
108 139
108 170
108 171
108 176
108 183
108 185
108 188
108 191
109 122
109 132
109 134
109 138
109 155
109 157
109 167
109 186
110 112
110 134
110 135
110 198
111 122
111 144
111 164
111 185
111 191
111 192
112 145
112 150
112 153
112 160
112 163
112 169
112 189
112 191
112 193
112 196
112 198
113 123
113 133
113 144
113 171
113 178
113 184
113 187
114 116
114 120
114 127
114 136
114 139
114 145
114 147
114 159
114 180
114 182
114 183
114 184
114 186
115 122
115 150
115 153
115 164
115 170
115 176
115 179
115 189
116 121
116 128
116 137
116 145
116 150
116 158
116 161
116 162
116 171
116 177
116 180
116 190
116 196
116 199
117 120
117 124
117 146
117 160
117 178
117 186
118 168
118 173
118 175
118 178
118 181
118 196
118 198
118 199
119 125
119 126
119 130
119 145
119 152
119 154
119 166
119 172
119 177
120 136
120 142
120 147
120 183
121 128
121 140
121 144
121 153
121 163
121 165
121 170
121 191
121 194
121 199
122 143
122 151
122 155
122 174
122 185
122 188
122 191
122 198
123 131
123 137
123 147
123 168
123 176
123 190
123 191
123 195
123 196
123 198
124 136
124 152
124 154
124 178
124 180
125 142
125 163
125 166
125 169
125 170
125 177
125 197
126 132
126 134
126 137
126 151
126 163
126 174
126 180
126 191
127 140
127 144
127 149
127 156
127 158
127 159
127 176
127 193
128 137
128 147
128 150
128 151
128 162
128 169
128 185
128 190
128 198
129 138
129 144
129 147
129 168
129 170
130 149
130 150
130 169
130 173
130 178
131 164
131 166
131 171
132 150
132 159
132 163
132 166
132 167
132 194
133 164
133 170
133 188
133 194
134 136
134 141
134 144
134 145
134 162
134 174
134 176
134 177
134 179
134 192
134 193
135 138
135 154
135 164
135 176
135 184
135 190
135 192
135 196
136 137
136 148
136 156
136 159
136 162
136 180
136 186
137 140
137 150
137 158
137 159
137 166
137 170
137 183
137 187
138 150
138 151
138 153
138 158
138 161
138 167
138 168
138 173
138 188
138 189
138 196
139 154
139 160
139 165
139 180
139 181
139 192
139 197
140 153
140 154
140 156
140 158
140 162
140 168
140 170
140 190
140 199
141 149
141 164
141 167
141 172
141 199
142 153
142 161
142 175
143 144
143 150
143 162
143 182
143 191
144 148
144 154
144 157
144 158
144 168
144 172
144 177
144 184
144 186
144 188
144 191
144 192
145 161
145 165
145 179
146 147
146 157
146 160
146 161
146 162
146 170
146 177
146 188
146 190
147 153
147 156
147 157
147 192
147 196
148 158
148 173
148 183
148 189
149 156
149 172
149 174
149 181
149 193
150 152
150 157
150 163
150 165
150 168
150 171
150 177
150 197
151 161
151 163
151 164
151 174
151 175
151 184
151 190
152 165
152 167
153 159
153 179
153 193
153 199
154 166
154 173
154 182
154 192
154 194
155 174
155 177
155 180
155 196
156 161
156 166
156 172
156 182
156 193
157 165
157 173
157 178
158 164
158 168
158 174
158 181
159 160
159 164
159 167
159 174
160 168
160 172
160 184
161 173
161 174
161 182
161 192
161 194
162 179
162 187
162 195
163 164
163 169
163 170
163 174
163 189
164 173
164 185
165 171
165 178
165 192
166 167
166 170
166 173
166 177
166 183
167 193
168 190
168 191
168 195
168 197
168 198
169 186
169 188
170 182
170 184
170 185
170 195
171 180
171 182
171 193
173 190
173 191
173 197
174 184
174 190
174 191
174 194
174 199
175 183
175 189
177 178
180 186
180 191
180 192
180 195
182 184
182 185
185 188
186 189
187 193
188 189
191 192
191 199
194 196
194 198
198 199
