0 14
0 27
0 28
0 30
0 34
0 40
0 44
0 50
0 53
0 58
0 66
0 82
0 91
0 94
0 101
0 118
0 137
0 141
0 174
0 194
1 9
1 19
1 20
1 25
1 61
1 67
1 70
1 73
1 77
1 79
1 86
1 102
1 143
1 158
1 159
1 167
1 170
1 173
2 14
2 18
2 22
2 47
2 53
2 94
2 104
2 108
2 109
2 144
2 165
2 172
2 176
2 186
2 191
3 15
3 24
3 26
3 33
3 36
3 38
3 47
3 51
3 57
3 59
3 60
3 108
3 116
3 134
3 150
3 181
3 188
3 193
3 196
4 7
4 20
4 21
4 24
4 27
4 40
4 46
4 47
4 58
4 67
4 76
4 77
4 95
4 98
4 107
4 108
4 111
4 118
4 120
4 126
4 128
4 155
4 162
4 188
5 21
5 47
5 55
5 60
5 64
5 66
5 86
5 92
5 97
5 100
5 104
5 120
5 131
5 132
5 173
5 175
5 183
5 186
5 191
5 194
5 197
6 9
6 20
6 36
6 39
6 50
6 53
6 67
6 88
6 93
6 98
6 101
6 102
6 105
6 110
6 112
6 123
6 148
6 171
6 181
6 196
7 8
7 16
7 30
7 42
7 66
7 78
7 81
7 100
7 108
7 120
7 130
7 159
7 164
7 166
7 171
7 189
8 49
8 50
8 52
8 100
8 131
8 135
8 147
8 151
8 164
8 166
8 180
8 186
9 14
9 22
9 23
9 26
9 48
9 49
9 55
9 57
9 59
9 73
9 78
9 99
9 103
9 109
9 120
9 125
9 135
9 152
9 153
9 156
9 183
9 195
9 198
10 16
10 17
10 18
10 50
10 56
10 80
10 88
10 95
10 100
10 101
10 114
10 139
10 141
10 172
10 174
11 13
11 22
11 28
11 38
11 40
11 42
11 57
11 60
11 63
11 75
11 79
11 116
11 130
11 143
11 156
11 164
12 16
12 21
12 22
12 27
12 50
12 61
12 66
12 98
12 100
12 110
12 112
12 124
12 132
12 151
12 160
12 164
12 165
12 167
12 172
13 29
13 34
13 64
13 69
13 73
13 97
13 104
13 136
13 148
13 156
13 168
13 177
13 188
13 191
13 196
14 31
14 41
14 44
14 45
14 58
14 60
14 64
14 74
14 86
14 101
14 105
14 117
14 122
14 140
14 141
14 153
14 157
14 173
14 174
14 175
14 179
14 180
14 190
14 196
15 27
15 39
15 56
15 74
15 86
15 93
15 112
15 134
15 137
15 146
15 168
15 172
15 181
16 17
16 30
16 36
16 46
16 54
16 57
16 67
16 101
16 123
16 132
16 163
16 173
16 177
16 187
16 190
16 191
16 195
17 28
17 41
17 54
17 58
17 59
17 79
17 80
17 82
17 86
17 89
17 93
17 96
17 105
17 142
17 184
17 185
18 19
18 33
18 53
18 54
18 69
18 79
18 80
18 98
18 111
18 113
18 121
18 157
18 177
18 182
18 185
18 188
19 29
19 39
19 42
19 44
19 48
19 59
19 75
19 80
19 97
19 133
19 147
19 155
19 156
19 158
19 190
19 191
19 194
20 33
20 51
20 58
20 60
20 64
20 79
20 81
20 109
20 121
20 124
20 132
20 133
20 142
20 145
20 146
20 149
20 151
20 170
20 178
20 179
20 181
21 27
21 39
21 44
21 54
21 72
21 76
21 88
21 90
21 138
21 142
21 187
21 192
22 33
22 40
22 54
22 62
22 71
22 80
22 88
22 92
22 95
22 99
22 138
22 146
22 149
22 150
22 152
22 165
22 168
22 173
23 24
23 37
23 39
23 44
23 47
23 67
23 75
23 82
23 95
23 97
23 106
23 112
23 127
23 134
23 142
23 154
23 166
23 172
23 191
23 199
24 25
24 28
24 58
24 61
24 77
24 92
24 93
24 94
24 96
24 97
24 101
24 122
24 125
24 164
24 183
24 193
25 63
25 73
25 104
25 126
25 128
25 129
25 152
25 157
25 174
26 27
26 48
26 59
26 67
26 73
26 75
26 88
26 90
26 101
26 109
26 110
26 111
26 119
26 134
26 139
26 168
26 171
26 174
26 179
26 198
27 31
27 45
27 47
27 51
27 52
27 82
27 86
27 93
27 100
27 113
27 125
27 132
27 164
27 179
27 181
27 192
27 199
28 34
28 52
28 91
28 96
28 127
28 128
28 144
28 150
28 155
28 159
28 169
28 178
28 196
29 38
29 48
29 66
29 69
29 70
29 81
29 82
29 87
29 102
29 105
29 106
29 108
29 112
29 113
29 147
29 150
29 164
29 175
29 183
29 197
30 31
30 33
30 39
30 41
30 45
30 71
30 122
30 137
30 147
30 149
30 155
30 167
30 179
30 182
30 185
31 37
31 46
31 50
31 71
31 77
31 81
31 92
31 93
31 95
31 101
31 106
31 107
31 117
31 123
31 127
31 137
31 153
31 163
32 37
32 48
32 50
32 54
32 62
32 64
32 76
32 83
32 93
32 102
32 124
32 136
32 138
32 140
32 147
32 160
32 171
32 182
33 49
33 56
33 59
33 64
33 74
33 89
33 90
33 93
33 96
33 117
33 118
33 131
33 132
33 137
33 138
33 140
33 141
33 146
33 151
33 153
33 154
33 165
33 169
33 179
33 180
33 186
33 187
33 189
33 195
33 196
34 43
34 50
34 71
34 101
34 107
34 132
34 134
34 135
34 150
34 157
34 158
34 163
34 187
34 189
34 192
34 194
35 36
35 43
35 46
35 76
35 77
35 78
35 82
35 86
35 108
35 109
35 113
35 124
35 135
35 138
35 139
35 143
35 145
35 155
35 158
35 159
35 192
35 195
36 39
36 54
36 64
36 65
36 70
36 104
36 115
36 142
36 152
36 179
36 184
36 187
36 193
36 199
37 82
37 84
37 101
37 120
37 124
37 130
37 146
37 147
37 150
37 166
37 168
37 184
37 186
37 193
38 50
38 52
38 54
38 57
38 73
38 74
38 90
38 94
38 102
38 108
38 114
38 121
38 137
38 139
38 149
38 161
38 168
38 169
38 178
38 198
39 44
39 73
39 80
39 81
39 86
39 96
39 97
39 117
39 124
39 143
39 148
39 185
39 194
39 197
40 63
40 65
40 72
40 73
40 78
40 99
40 102
40 103
40 105
40 112
40 121
40 122
40 136
40 139
40 165
40 183
40 187
40 195
40 198
40 199
41 56
41 82
41 84
41 93
41 97
41 101
41 112
41 115
41 120
41 126
41 131
41 147
41 151
41 156
41 175
41 176
41 182
41 186
41 199
42 49
42 72
42 75
42 82
42 96
42 108
42 128
42 139
42 147
42 155
42 168
42 174
42 178
42 185
42 188
43 44
43 68
43 70
43 86
43 98
43 109
43 120
43 129
43 150
43 152
43 170
43 175
43 197
44 65
44 71
44 83
44 174
44 187
44 189
45 46
45 68
45 71
45 76
45 86
45 96
45 97
45 98
45 102
45 110
45 128
45 130
45 138
45 148
45 152
45 162
45 164
45 182
45 186
46 49
46 53
46 87
46 98
46 107
46 109
46 131
46 141
46 142
46 146
46 148
46 154
46 158
46 166
46 169
46 170
46 180
47 53
47 57
47 58
47 72
47 88
47 104
47 112
47 115
47 142
47 169
47 172
47 175
47 176
47 191
47 192
47 193
47 195
48 55
48 56
48 60
48 68
48 74
48 84
48 93
48 121
48 123
48 124
48 125
48 126
48 130
48 141
48 152
48 153
48 155
48 157
48 160
48 161
48 168
48 188
48 190
48 196
49 70
49 87
49 113
49 125
49 150
49 159
49 161
49 163
49 165
49 166
49 168
49 170
49 172
49 188
50 65
50 73
50 76
50 84
50 90
50 109
50 152
50 172
50 173
50 177
50 179
50 195
51 69
51 77
51 99
51 100
51 117
51 124
51 135
51 137
51 139
51 141
51 148
51 149
51 162
51 166
51 168
51 195
51 199
52 53
52 59
52 62
52 69
52 71
52 74
52 79
52 89
52 115
52 118
52 125
52 143
52 146
52 148
52 160
52 183
52 189
52 196
53 60
53 71
53 86
53 87
53 95
53 98
53 116
53 131
53 133
53 137
53 148
53 151
53 157
53 172
53 187
53 188
53 190
53 193
53 195
54 58
54 84
54 117
54 120
54 139
54 166
54 169
54 194
55 57
55 66
55 72
55 88
55 93
55 112
55 117
55 123
55 127
55 153
55 159
55 166
55 174
55 184
55 191
55 194
56 59
56 71
56 74
56 86
56 117
56 146
56 148
56 161
56 179
56 191
56 195
57 71
57 72
57 78
57 79
57 89
57 105
57 134
57 136
57 154
57 169
57 191
58 86
58 101
58 106
58 133
58 139
58 143
58 147
58 148
58 159
58 162
58 170
58 188
58 192
58 195
59 89
59 95
59 97
59 137
59 154
59 159
59 188
59 196
60 61
60 63
60 64
60 65
60 66
60 68
60 97
60 115
60 118
60 121
60 133
60 143
60 145
60 147
60 170
60 178
60 187
60 196
61 73
61 78
61 79
61 88
61 102
61 109
61 122
61 134
61 138
61 139
61 164
61 185
61 187
61 191
62 66
62 68
62 100
62 102
62 124
62 125
62 127
62 168
62 173
62 177
62 191
62 192
63 65
63 115
63 132
63 134
63 148
63 159
63 160
63 174
63 185
63 191
63 197
64 70
64 74
64 81
64 114
64 128
64 142
64 147
64 153
64 170
64 179
65 74
65 81
65 132
65 148
65 176
65 179
65 183
65 184
65 187
65 197
65 199
66 73
66 81
66 82
66 86
66 96
66 127
66 153
66 173
66 189
66 191
66 197
67 73
67 82
67 90
67 99
67 120
67 125
67 131
67 140
67 144
67 150
67 151
67 164
67 171
68 83
68 84
68 89
68 97
68 101
68 111
68 119
68 137
68 142
68 154
68 155
68 168
68 181
68 190
69 70
69 75
69 78
69 80
69 89
69 96
69 105
69 109
69 119
69 123
69 136
69 138
69 151
69 163
69 165
69 166
69 185
69 187
69 189
70 79
70 90
70 168
70 170
70 190
70 198
71 74
71 80
71 88
71 94
71 98
71 105
71 110
71 125
71 141
71 144
71 146
71 152
71 171
71 187
71 191
71 192
72 75
72 105
72 129
72 131
72 136
72 141
72 156
73 79
73 83
73 110
73 113
73 114
73 118
73 120
73 126
73 135
73 150
73 159
73 163
73 166
73 172
73 178
73 184
73 194
73 195
74 83
74 89
74 93
74 95
74 98
74 104
74 105
74 106
74 120
74 124
74 128
74 130
74 132
74 135
74 136
74 137
74 140
74 161
74 173
74 177
74 180
74 184
74 189
74 192
75 93
75 101
75 124
75 146
75 158
75 163
75 165
75 171
75 177
75 187
75 189
75 193
76 77
76 80
76 87
76 101
76 120
76 143
76 144
76 153
76 156
76 168
76 176
76 189
76 194
77 109
77 115
77 117
77 124
77 142
77 156
77 161
77 188
78 86
78 100
78 102
78 104
78 114
78 126
78 144
78 150
78 155
78 168
78 169
78 173
78 178
78 190
79 98
79 107
79 132
79 134
79 144
79 159
79 160
79 164
79 170
79 174
79 181
79 193
80 102
80 105
80 155
80 159
80 173
80 179
80 182
80 196
81 96
81 105
81 111
81 113
81 116
81 117
81 123
81 136
81 161
81 164
81 165
81 181
81 199
82 90
82 102
82 108
82 109
82 120
82 121
82 147
82 148
82 152
82 182
82 198
83 117
83 119
83 124
83 130
83 134
83 146
83 154
83 175
83 177
83 180
83 194
83 196
83 199
84 96
84 111
84 113
84 120
84 128
84 147
84 172
84 190
84 192
85 87
85 95
85 117
85 145
85 149
85 152
85 155
85 164
85 180
85 182
85 183
85 184
85 185
86 100
86 101
86 105
86 111
86 113
86 117
86 122
86 138
86 165
86 166
86 182
87 100
87 101
87 141
87 145
87 147
87 157
87 159
87 161
87 168
87 179
87 183
88 104
88 111
88 124
88 128
88 153
88 158
88 159
88 193
89 101
89 103
89 127
89 133
89 137
89 150
89 153
89 154
89 171
89 180
89 188
89 195
90 92
90 109
90 126
90 136
90 146
90 155
90 162
90 178
90 179
90 181
90 186
90 188
91 95
91 96
91 100
91 106
91 107
91 116
91 139
91 149
91 150
91 158
91 168
91 180
91 182
91 186
91 196
92 107
92 131
92 132
92 136
92 152
92 155
92 158
92 171
92 184
92 192
92 196
92 197
93 99
93 106
93 154
93 163
93 164
93 167
93 168
93 173
93 186
93 189
94 109
94 120
94 126
94 131
94 132
94 138
94 139
94 142
94 162
94 163
94 165
94 168
94 182
95 102
95 112
95 120
95 150
95 163
95 182
95 197
96 102
96 117
96 149
96 154
96 159
96 169
96 179
96 182
96 190
97 114
97 117
97 131
97 158
97 173
98 105
98 106
98 114
98 126
98 127
98 142
98 151
98 155
98 159
98 170
98 181
98 197
98 198
99 105
99 106
99 117
99 127
99 172
99 180
99 183
99 193
100 133
100 136
100 140
100 142
100 150
100 178
100 187
101 138
101 147
101 150
101 164
101 182
101 186
102 105
102 113
102 123
102 126
102 138
102 148
102 158
102 163
102 166
102 169
102 173
102 176
102 188
102 192
102 199
103 105
103 117
103 141
103 145
103 165
104 106
104 142
104 155
104 157
104 163
104 179
104 192
105 109
105 120
105 127
105 139
105 156
105 175
105 186
105 198
106 108
106 112
106 119
106 129
106 165
106 190
107 112
107 125
107 134
107 161
107 162
107 181
108 117
108 143
108 145
108 155
108 156
108 171
108 177
108 185
108 191
108 198
109 117
109 122
109 125
109 151
109 157
109 168
109 176
109 196
109 199
110 140
110 171
110 175
110 180
110 189
110 190
110 198
111 133
111 135
111 149
111 151
111 153
111 160
111 164
111 171
111 174
112 124
112 126
112 139
112 153
112 154
112 155
112 173
112 187
112 195
112 197
113 120
113 127
113 140
113 142
113 167
113 172
113 198
114 119
114 123
114 129
114 147
114 159
114 176
114 187
115 131
115 143
115 148
115 150
115 184
115 196
116 117
116 120
116 131
116 132
116 138
116 162
116 170
116 174
116 191
117 140
117 145
117 154
117 159
117 168
117 176
117 186
118 130
118 155
118 157
118 158
118 166
118 171
118 182
118 185
118 196
119 127
119 132
119 134
119 137
119 138
119 140
119 143
119 145
119 152
119 161
119 184
119 189
120 121
120 131
120 137
120 142
120 147
120 156
120 178
120 190
121 123
121 127
121 128
121 141
121 145
121 155
121 159
121 163
121 174
121 177
121 180
121 182
121 196
122 123
122 142
122 157
123 126
123 148
123 165
123 167
123 169
123 174
123 175
123 177
123 187
123 188
123 192
124 133
124 139
124 143
124 153
124 162
124 193
125 138
125 141
125 158
125 169
125 180
125 181
125 182
125 195
126 135
126 136
126 145
126 156
127 129
127 132
127 133
127 148
127 153
127 159
127 163
128 132
128 144
128 159
128 172
128 174
128 175
128 188
129 135
129 151
129 161
129 165
129 167
129 182
130 143
130 152
130 153
130 154
130 160
130 192
130 193
131 133
131 141
131 142
131 146
131 148
131 155
131 174
131 188
131 196
131 199
132 139
132 159
132 165
132 181
132 183
132 184
132 191
132 197
133 146
133 166
133 195
133 196
134 147
134 151
134 152
134 171
134 173
134 178
134 181
134 192
134 195
135 139
135 140
135 142
135 144
135 162
135 183
135 192
135 198
136 145
136 152
136 168
136 175
136 176
136 178
136 194
136 196
137 144
137 147
137 155
137 167
137 170
137 186
137 187
137 190
138 146
138 149
138 150
138 153
138 156
138 190
138 194
138 195
139 149
139 151
139 153
139 154
139 155
139 159
139 160
139 162
139 163
139 185
139 187
139 191
139 193
140 153
140 154
140 157
141 148
141 149
141 171
141 176
141 190
142 145
142 147
142 154
142 162
142 173
142 181
142 186
142 189
143 145
143 146
143 174
143 183
144 171
144 185
144 188
144 190
144 192
145 158
145 163
145 170
145 176
145 187
145 195
145 199
146 148
146 156
146 157
146 169
146 187
146 191
147 148
147 149
147 166
147 179
147 180
147 198
147 199
148 154
148 164
148 178
148 192
148 196
149 171
149 173
149 185
149 195
150 180
150 189
150 193
151 154
151 156
151 163
151 177
151 178
151 191
152 172
152 175
152 185
152 197
153 161
153 176
153 178
153 179
153 182
153 198
153 199
154 159
154 174
154 187
154 197
155 156
155 157
155 160
155 165
155 175
155 176
155 194
156 160
156 170
156 174
156 179
156 190
156 194
158 174
158 187
159 161
159 167
159 181
159 187
159 188
159 194
160 171
161 165
161 177
162 173
162 185
162 186
162 189
162 192
162 198
163 169
163 179
164 179
164 182
165 179
165 193
166 171
166 173
166 175
167 175
167 180
167 184
167 186
167 188
167 198
168 175
168 182
168 191
169 177
169 188
169 189
171 186
171 191
172 177
172 180
172 193
175 183
175 196
176 190
176 195
177 181
177 186
177 194
178 181
178 197
179 189
180 185
180 195
180 198
181 183
181 189
181 199
182 190
183 185
183 195
183 199
184 192
187 195
187 199
188 193
190 191
191 198
193 194
193 196
194 197
194 198
195 197
197 199
