0 2
0 6
0 31
0 46
0 60
0 72
0 77
0 80
0 81
0 88
0 96
0 100
0 103
0 133
0 135
0 136
0 143
0 148
0 149
0 152
0 154
0 155
0 160
0 162
0 163
0 170
0 171
0 188
0 189
0 193
0 199
1 9
1 11
1 14
1 22
1 44
1 60
1 61
1 76
1 77
1 82
1 92
1 94
1 97
1 102
1 107
1 117
1 121
1 122
1 129
1 131
1 139
1 150
1 167
1 181
1 183
1 198
2 22
2 30
2 32
2 38
2 50
2 57
2 59
2 61
2 69
2 75
2 93
2 123
2 125
2 127
2 132
2 141
2 144
2 153
2 156
2 158
2 166
2 175
2 181
2 196
3 6
3 8
3 17
3 62
3 64
3 65
3 67
3 70
3 80
3 95
3 98
3 99
3 100
3 112
3 117
3 119
3 125
3 152
3 156
3 178
3 179
3 180
4 20
4 22
4 32
4 43
4 54
4 59
4 61
4 64
4 68
4 69
4 72
4 73
4 75
4 93
4 98
4 104
4 111
4 117
4 120
4 143
4 146
4 154
4 156
4 162
4 171
4 176
4 180
4 185
4 188
4 194
5 18
5 27
5 33
5 39
5 47
5 51
5 52
5 56
5 64
5 66
5 68
5 78
5 80
5 88
5 92
5 97
5 98
5 107
5 114
5 126
5 130
5 133
5 136
5 137
5 144
5 147
5 155
5 163
5 166
5 167
5 173
5 175
6 14
6 22
6 41
6 45
6 47
6 48
6 50
6 52
6 53
6 60
6 66
6 69
6 80
6 87
6 93
6 97
6 109
6 111
6 117
6 119
6 120
6 124
6 128
6 134
6 160
6 162
6 165
6 168
6 176
6 178
6 189
6 196
7 9
7 10
7 11
7 12
7 13
7 15
7 21
7 25
7 29
7 35
7 40
7 47
7 50
7 51
7 57
7 65
7 70
7 72
7 77
7 79
7 82
7 111
7 112
7 147
7 158
7 172
7 174
7 185
7 186
8 9
8 17
8 18
8 19
8 25
8 28
8 32
8 34
8 44
8 45
8 57
8 60
8 67
8 69
8 70
8 71
8 74
8 78
8 80
8 83
8 88
8 103
8 122
8 123
8 124
8 138
8 139
8 151
8 153
8 157
8 163
8 165
8 173
8 174
8 177
8 188
8 191
8 197
8 198
9 12
9 25
9 29
9 36
9 37
9 40
9 45
9 48
9 50
9 55
9 70
9 75
9 83
9 85
9 93
9 94
9 95
9 100
9 114
9 116
9 140
9 156
9 157
9 162
9 164
9 166
9 170
9 175
9 182
9 186
9 187
10 15
10 27
10 31
10 41
10 42
10 46
10 52
10 61
10 62
10 65
10 78
10 90
10 93
10 100
10 101
10 104
10 106
10 108
10 109
10 121
10 132
10 133
10 134
10 136
10 144
10 147
10 158
10 173
10 177
10 178
10 182
10 183
10 185
10 186
10 189
11 17
11 25
11 32
11 37
11 41
11 45
11 48
11 52
11 53
11 64
11 89
11 94
11 102
11 108
11 114
11 127
11 139
11 146
11 149
11 151
11 153
11 154
11 157
11 163
11 167
11 169
11 184
11 188
11 191
12 25
12 30
12 32
12 34
12 41
12 59
12 73
12 74
12 78
12 79
12 82
12 96
12 97
12 107
12 108
12 110
12 112
12 113
12 121
12 122
12 128
12 136
12 141
12 149
12 150
12 156
12 158
12 164
13 17
13 22
13 30
13 36
13 40
13 45
13 50
13 68
13 70
13 76
13 87
13 90
13 97
13 103
13 105
13 108
13 117
13 122
13 127
13 155
13 160
13 174
13 177
13 178
13 193
13 197
14 22
14 29
14 44
14 45
14 54
14 70
14 75
14 80
14 81
14 87
14 96
14 97
14 101
14 104
14 106
14 111
14 115
14 117
14 122
14 132
14 134
14 137
14 138
14 139
14 151
14 162
14 163
14 168
14 175
14 183
14 192
14 194
15 16
15 17
15 22
15 33
15 34
15 38
15 43
15 48
15 49
15 58
15 72
15 75
15 82
15 84
15 85
15 86
15 88
15 110
15 114
15 121
15 128
15 132
15 140
15 170
15 174
15 177
15 180
15 185
15 186
15 198
16 25
16 39
16 42
16 59
16 60
16 71
16 74
16 79
16 92
16 101
16 103
16 104
16 117
16 119
16 131
16 135
16 141
16 154
16 175
16 182
16 192
17 23
17 27
17 29
17 37
17 40
17 41
17 42
17 51
17 54
17 56
17 65
17 67
17 68
17 73
17 75
17 76
17 87
17 97
17 107
17 116
17 119
17 121
17 124
17 125
17 137
17 142
17 156
17 165
17 177
17 183
17 188
18 26
18 30
18 37
18 41
18 56
18 75
18 100
18 104
18 106
18 109
18 123
18 139
18 149
18 166
18 176
18 177
18 190
18 198
19 21
19 25
19 27
19 30
19 35
19 39
19 41
19 46
19 48
19 51
19 68
19 80
19 81
19 86
19 104
19 108
19 116
19 117
19 125
19 137
19 138
19 154
19 161
19 162
19 168
19 175
19 177
20 22
20 25
20 41
20 52
20 56
20 67
20 70
20 72
20 82
20 83
20 84
20 90
20 93
20 98
20 119
20 125
20 136
20 151
20 154
20 156
20 158
20 166
20 179
20 185
20 192
20 193
21 22
21 31
21 33
21 36
21 42
21 48
21 63
21 71
21 76
21 93
21 94
21 100
21 104
21 105
21 107
21 108
21 111
21 119
21 129
21 146
21 148
21 150
21 151
21 154
21 155
21 156
21 160
21 187
21 189
21 193
21 197
22 27
22 41
22 58
22 68
22 69
22 73
22 95
22 103
22 113
22 114
22 115
22 118
22 123
22 127
22 132
22 137
22 140
22 143
22 156
22 161
22 162
22 165
22 172
22 180
22 198
23 31
23 35
23 38
23 47
23 49
23 58
23 67
23 68
23 71
23 76
23 87
23 95
23 97
23 105
23 107
23 118
23 121
23 128
23 129
23 138
23 143
23 145
23 153
23 158
23 159
23 167
23 173
23 174
23 197
24 42
24 43
24 47
24 50
24 51
24 65
24 77
24 90
24 91
24 93
24 118
24 126
24 131
24 137
24 141
24 146
24 148
24 152
24 157
24 163
24 171
24 187
24 195
25 47
25 53
25 54
25 59
25 63
25 64
25 68
25 71
25 75
25 85
25 100
25 102
25 106
25 110
25 117
25 123
25 124
25 138
25 141
25 153
25 158
25 168
25 174
25 175
25 179
25 189
25 196
26 30
26 34
26 36
26 39
26 44
26 46
26 67
26 69
26 74
26 77
26 78
26 80
26 83
26 87
26 91
26 103
26 129
26 134
26 147
26 149
26 160
26 162
26 165
26 170
26 173
26 176
26 185
26 197
26 198
27 33
27 41
27 42
27 53
27 54
27 56
27 73
27 75
27 78
27 83
27 84
27 86
27 96
27 107
27 115
27 119
27 120
27 130
27 133
27 136
27 139
27 143
27 146
27 172
27 179
27 191
27 198
28 50
28 67
28 71
28 76
28 82
28 84
28 86
28 104
28 106
28 112
28 113
28 124
28 128
28 138
28 140
28 148
28 156
28 171
28 185
28 186
28 192
28 193
28 197
29 32
29 37
29 41
29 50
29 52
29 53
29 58
29 61
29 65
29 69
29 75
29 77
29 94
29 106
29 109
29 111
29 115
29 130
29 148
29 184
29 187
29 190
30 40
30 52
30 56
30 69
30 81
30 82
30 90
30 100
30 111
30 116
30 122
30 127
30 135
30 136
30 137
30 138
30 141
30 172
30 185
31 32
31 35
31 39
31 43
31 46
31 57
31 60
31 61
31 62
31 74
31 94
31 103
31 108
31 109
31 114
31 117
31 125
31 130
31 131
31 132
31 143
31 158
31 163
31 168
31 172
31 177
31 178
31 186
31 198
32 35
32 39
32 42
32 44
32 64
32 67
32 69
32 72
32 125
32 130
32 132
32 135
32 146
32 150
32 152
32 157
32 165
32 174
32 184
32 194
33 34
33 37
33 46
33 48
33 58
33 59
33 73
33 80
33 82
33 99
33 111
33 125
33 138
33 139
33 145
33 147
33 167
33 168
33 175
33 189
34 35
34 38
34 42
34 65
34 73
34 85
34 91
34 114
34 120
34 122
34 123
34 132
34 134
34 142
34 156
34 159
34 161
34 171
34 180
34 185
34 189
34 192
34 193
34 195
34 197
35 41
35 42
35 46
35 49
35 63
35 70
35 100
35 110
35 116
35 121
35 137
35 141
35 151
35 160
35 165
35 168
35 186
35 188
35 193
35 195
35 196
35 199
36 47
36 55
36 58
36 66
36 69
36 70
36 75
36 79
36 81
36 82
36 85
36 95
36 104
36 124
36 126
36 133
36 137
36 145
36 150
36 168
36 170
36 173
36 175
36 176
36 184
36 186
36 193
37 45
37 55
37 83
37 100
37 104
37 105
37 137
37 146
37 151
37 154
37 174
37 182
37 185
37 188
37 190
37 197
38 42
38 44
38 57
38 71
38 80
38 82
38 83
38 88
38 95
38 96
38 100
38 112
38 114
38 115
38 119
38 123
38 132
38 136
38 139
38 146
38 154
38 161
38 176
38 177
38 186
39 45
39 54
39 57
39 68
39 74
39 76
39 85
39 88
39 91
39 100
39 104
39 105
39 109
39 112
39 115
39 120
39 135
39 147
39 148
39 166
39 167
39 173
39 175
39 180
39 182
39 189
39 192
39 194
39 198
40 41
40 47
40 48
40 53
40 54
40 55
40 61
40 71
40 74
40 78
40 79
40 80
40 81
40 84
40 93
40 101
40 104
40 111
40 114
40 115
40 120
40 144
40 146
40 159
40 162
40 164
40 165
40 170
40 173
40 175
40 181
40 194
40 199
41 49
41 80
41 83
41 88
41 93
41 96
41 98
41 99
41 104
41 116
41 120
41 130
41 136
41 140
41 144
41 145
41 150
41 152
41 161
41 169
41 170
41 175
41 176
41 177
41 180
41 184
41 185
41 193
41 199
42 45
42 53
42 55
42 56
42 76
42 85
42 91
42 93
42 110
42 123
42 124
42 128
42 144
42 147
42 165
42 174
42 178
43 45
43 50
43 57
43 63
43 66
43 67
43 84
43 85
43 87
43 92
43 120
43 128
43 130
43 131
43 137
43 144
43 149
43 162
43 163
43 164
43 172
43 181
43 186
43 188
43 198
44 48
44 50
44 55
44 62
44 63
44 65
44 69
44 78
44 88
44 89
44 91
44 107
44 113
44 165
44 166
44 174
44 175
44 176
44 183
44 199
45 57
45 72
45 96
45 98
45 113
45 129
45 132
45 135
45 138
45 149
45 164
45 175
45 187
46 54
46 57
46 58
46 67
46 70
46 71
46 76
46 77
46 89
46 95
46 115
46 119
46 124
46 130
46 133
46 137
46 141
46 142
46 144
46 159
46 162
46 170
46 173
46 175
46 182
46 193
46 198
47 49
47 61
47 62
47 64
47 73
47 81
47 88
47 89
47 91
47 95
47 101
47 112
47 115
47 118
47 134
47 152
47 155
47 156
47 171
47 174
47 175
47 177
47 185
47 189
47 192
48 50
48 66
48 80
48 83
48 86
48 87
48 96
48 102
48 103
48 109
48 116
48 123
48 136
48 141
48 143
48 150
48 152
48 164
48 175
48 183
48 188
48 193
48 194
49 53
49 65
49 68
49 87
49 88
49 96
49 111
49 122
49 131
49 135
49 143
49 146
49 149
49 156
49 159
49 167
49 171
49 179
49 189
49 199
50 52
50 54
50 61
50 64
50 68
50 84
50 100
50 112
50 119
50 122
50 125
50 132
50 133
50 159
50 161
50 166
50 167
50 169
50 175
50 193
50 195
51 52
51 61
51 72
51 74
51 75
51 78
51 79
51 80
51 81
51 84
51 87
51 97
51 100
51 103
51 122
51 123
51 124
51 125
51 132
51 137
51 139
51 158
51 159
51 161
51 167
51 170
51 176
51 182
51 183
51 194
52 56
52 58
52 67
52 69
52 72
52 74
52 76
52 79
52 84
52 88
52 105
52 107
52 110
52 112
52 115
52 142
52 144
52 157
52 161
52 162
52 175
52 183
52 189
52 195
52 196
53 63
53 75
53 85
53 87
53 92
53 93
53 96
53 97
53 99
53 105
53 132
53 139
53 148
53 150
53 155
53 167
53 168
53 176
53 177
53 178
53 179
53 185
53 187
53 193
53 194
53 195
54 61
54 66
54 72
54 76
54 79
54 80
54 82
54 107
54 116
54 122
54 127
54 131
54 133
54 134
54 137
54 139
54 141
54 145
54 155
54 157
54 158
54 160
54 167
54 179
54 180
54 182
54 188
54 190
54 191
54 193
54 196
55 57
55 59
55 69
55 74
55 81
55 92
55 113
55 123
55 127
55 131
55 151
55 154
55 158
55 161
55 167
55 173
55 181
55 191
55 194
55 198
55 199
56 61
56 79
56 81
56 86
56 92
56 94
56 104
56 112
56 114
56 117
56 124
56 126
56 128
56 129
56 141
56 148
56 176
56 183
56 188
56 191
57 67
57 73
57 91
57 93
57 105
57 109
57 118
57 124
57 130
57 131
57 133
57 141
57 142
57 143
57 151
57 160
57 164
57 166
57 168
57 170
57 171
57 182
57 193
58 66
58 87
58 88
58 89
58 91
58 104
58 105
58 107
58 117
58 121
58 122
58 132
58 136
58 157
58 173
58 184
58 197
59 60
59 72
59 74
59 76
59 81
59 103
59 104
59 109
59 119
59 123
59 126
59 130
59 139
59 140
59 144
59 149
59 150
59 153
59 156
59 157
59 171
59 176
59 177
59 181
59 184
59 190
59 194
59 196
60 61
60 68
60 69
60 83
60 95
60 97
60 99
60 117
60 121
60 125
60 136
60 143
60 146
60 148
60 156
60 169
60 170
61 62
61 65
61 73
61 75
61 88
61 93
61 96
61 99
61 104
61 105
61 109
61 110
61 121
61 133
61 135
61 139
61 152
61 178
61 179
61 180
61 182
61 186
61 191
61 195
61 199
62 68
62 70
62 72
62 84
62 93
62 96
62 102
62 116
62 120
62 130
62 134
62 135
62 140
62 141
62 143
62 144
62 154
62 161
62 170
62 174
62 175
62 177
62 187
63 68
63 78
63 81
63 93
63 99
63 102
63 106
63 118
63 125
63 134
63 154
63 168
63 172
63 199
64 67
64 92
64 96
64 99
64 102
64 109
64 110
64 119
64 133
64 135
64 137
64 139
64 145
64 151
64 155
64 156
64 162
64 164
64 172
64 174
64 182
64 186
64 198
64 199
65 69
65 87
65 88
65 89
65 91
65 95
65 99
65 113
65 117
65 121
65 143
65 146
65 147
65 149
65 150
65 161
65 165
65 174
65 188
65 193
65 199
66 78
66 81
66 86
66 93
66 98
66 107
66 111
66 123
66 138
66 139
66 141
66 152
66 166
66 167
66 176
66 180
66 181
66 197
67 68
67 78
67 85
67 86
67 103
67 113
67 132
67 133
67 137
67 153
67 154
67 161
67 168
67 171
67 176
67 181
67 186
68 72
68 74
68 95
68 98
68 106
68 110
68 117
68 119
68 126
68 128
68 137
68 139
68 148
68 153
68 155
68 156
68 157
68 163
68 166
68 181
68 189
68 191
68 194
68 199
69 70
69 86
69 91
69 106
69 107
69 143
69 149
69 157
69 163
69 176
69 180
69 181
69 182
69 183
69 190
69 193
69 195
70 82
70 84
70 90
70 97
70 99
70 112
70 135
70 137
70 167
70 175
70 180
70 184
70 190
70 197
71 77
71 79
71 82
71 91
71 107
71 109
71 111
71 112
71 116
71 121
71 123
71 134
71 144
71 158
71 164
71 176
71 182
71 184
72 78
72 83
72 90
72 100
72 122
72 133
72 137
72 138
72 139
72 141
72 154
72 164
72 186
72 192
72 193
72 194
72 196
73 82
73 83
73 93
73 97
73 106
73 110
73 115
73 116
73 129
73 139
73 146
73 147
73 160
73 161
73 163
73 167
73 179
73 187
73 191
73 194
74 84
74 95
74 115
74 126
74 129
74 142
74 156
74 177
74 186
74 189
74 190
74 192
74 196
75 98
75 100
75 105
75 114
75 126
75 129
75 133
75 135
75 139
75 143
75 147
75 165
75 168
75 177
75 180
75 188
75 189
76 82
76 116
76 128
76 133
76 135
76 140
76 156
76 159
76 183
76 193
76 199
77 81
77 88
77 97
77 104
77 105
77 112
77 124
77 125
77 161
77 173
77 182
77 192
77 193
77 199
78 80
78 81
78 82
78 98
78 99
78 104
78 115
78 119
78 121
78 134
78 142
78 148
78 150
78 162
78 167
78 169
78 178
78 179
78 183
79 81
79 84
79 89
79 101
79 104
79 111
79 125
79 133
79 138
79 139
79 148
79 151
79 157
79 163
79 167
79 179
79 181
80 89
80 92
80 95
80 107
80 116
80 119
80 125
80 126
80 137
80 140
80 141
80 149
80 153
80 156
80 159
80 168
80 173
80 174
80 176
80 183
80 193
80 197
80 198
81 83
81 105
81 114
81 118
81 120
81 123
81 140
81 145
81 147
81 148
81 150
81 154
81 155
81 158
81 161
81 172
81 175
81 177
81 191
82 83
82 93
82 95
82 98
82 112
82 141
82 142
82 153
82 154
82 157
82 160
82 161
82 169
82 177
82 182
83 89
83 105
83 115
83 120
83 135
83 148
83 157
83 166
83 180
83 189
83 190
83 198
84 86
84 87
84 91
84 96
84 97
84 98
84 100
84 101
84 104
84 105
84 115
84 127
84 128
84 129
84 131
84 137
84 145
84 149
84 154
84 159
84 187
85 90
85 96
85 111
85 116
85 125
85 129
85 144
85 150
85 152
85 174
85 178
85 180
85 184
85 196
86 95
86 110
86 112
86 114
86 121
86 123
86 141
86 145
86 150
86 155
86 177
86 179
86 187
86 191
87 88
87 94
87 99
87 101
87 105
87 125
87 139
87 145
87 146
87 151
87 152
87 155
87 156
87 173
87 180
87 188
87 191
88 91
88 92
88 111
88 121
88 122
88 134
88 145
88 147
88 148
88 167
88 173
88 181
88 184
88 187
88 190
89 95
89 103
89 105
89 108
89 110
89 122
89 131
89 141
89 148
89 149
89 157
89 175
89 198
89 199
90 91
90 94
90 100
90 103
90 106
90 109
90 119
90 121
90 136
90 146
90 149
90 151
90 153
90 154
90 155
90 158
90 163
90 165
90 168
90 174
90 175
90 178
90 189
90 192
90 193
91 94
91 101
91 102
91 112
91 114
91 117
91 124
91 127
91 128
91 144
91 151
91 157
91 159
91 176
91 178
91 181
91 185
92 98
92 101
92 106
92 126
92 132
92 143
92 153
92 159
92 173
92 176
92 177
92 190
92 198
93 98
93 102
93 104
93 109
93 122
93 130
93 139
93 145
93 149
93 151
93 153
93 155
93 156
93 163
93 166
93 170
93 182
93 185
93 186
93 190
94 104
94 105
94 114
94 119
94 152
94 154
94 158
94 165
94 169
94 188
94 189
94 191
94 194
94 198
95 101
95 102
95 106
95 107
95 109
95 128
95 129
95 130
95 134
95 135
95 154
95 164
95 167
95 168
95 171
95 172
95 182
95 189
95 190
95 193
95 194
96 97
96 99
96 114
96 117
96 119
96 123
96 133
96 156
96 158
96 166
96 169
96 171
96 174
96 175
96 176
96 179
96 180
96 184
96 197
96 198
97 98
97 107
97 116
97 117
97 119
97 120
97 126
97 134
97 145
97 149
97 170
97 177
97 180
97 191
97 192
98 100
98 104
98 105
98 106
98 109
98 126
98 146
98 155
98 157
98 171
98 172
98 175
98 177
99 113
99 114
99 129
99 133
99 135
99 149
99 154
99 162
99 181
99 188
99 198
99 199
100 103
100 105
100 108
100 110
100 124
100 136
100 145
100 150
100 157
100 170
100 179
100 181
100 183
100 185
100 189
100 195
100 198
101 108
101 111
101 118
101 145
101 161
101 165
101 169
101 173
101 178
101 179
101 182
101 189
101 196
102 104
102 117
102 131
102 134
102 140
102 141
102 143
102 151
102 153
102 160
102 168
102 169
102 184
102 187
102 192
102 193
103 113
103 115
103 116
103 123
103 142
103 153
103 179
103 185
103 190
103 195
104 109
104 113
104 115
104 116
104 125
104 139
104 140
104 158
104 173
104 175
104 176
104 178
104 181
104 196
105 106
105 111
105 125
105 126
105 134
105 146
105 147
105 151
105 153
105 174
105 175
105 179
105 196
106 119
106 126
106 132
106 139
106 147
106 150
106 162
106 172
106 174
106 181
106 188
106 194
107 124
107 128
107 134
107 137
107 145
107 151
107 158
107 162
107 166
107 169
107 171
107 172
107 182
107 185
107 186
107 187
108 117
108 122
108 128
108 137
108 142
108 143
108 147
108 158
108 160
108 178
108 183
108 189
108 192
109 115
109 122
109 124
109 132
109 135
109 147
109 151
109 157
109 162
109 163
109 165
109 168
109 170
109 174
109 187
109 196
109 197
109 198
110 113
110 117
110 122
110 129
110 130
110 135
110 143
110 146
110 147
110 152
110 153
110 157
110 165
110 169
110 176
110 191
110 193
111 121
111 124
111 126
111 132
111 134
111 136
111 155
111 162
111 167
111 170
111 174
111 186
111 191
112 113
112 117
112 130
112 174
112 177
112 183
112 198
113 121
113 126
113 147
113 150
113 153
113 158
113 162
113 169
113 178
113 183
113 193
114 121
114 132
114 133
114 134
114 139
114 143
114 150
114 154
114 162
114 174
114 175
114 178
115 117
115 125
115 126
115 131
115 139
115 151
115 159
115 174
115 187
115 190
115 195
116 121
116 152
116 167
116 172
116 175
116 189
116 197
117 126
117 128
117 139
117 147
117 148
117 156
117 157
117 159
117 160
117 178
117 198
118 123
118 124
118 127
118 128
118 138
118 148
118 152
118 155
118 156
118 169
118 170
118 178
118 195
118 196
118 198
119 125
119 145
119 151
119 157
119 168
119 173
119 176
119 189
119 196
119 199
120 126
120 136
120 146
120 148
120 151
120 158
120 167
120 171
120 175
120 178
120 192
120 193
121 136
121 138
121 154
121 158
121 179
121 182
121 199
122 134
122 135
122 137
122 140
122 149
122 154
122 156
122 164
122 174
122 184
122 190
122 194
123 149
123 152
123 153
123 162
123 163
123 168
123 177
123 183
123 185
123 193
124 132
124 141
124 144
124 149
124 157
124 179
124 181
124 189
124 195
125 126
125 127
125 135
125 144
125 158
125 179
125 180
125 186
125 187
125 188
126 127
126 136
126 137
126 144
126 150
126 164
126 175
126 198
127 134
127 136
127 138
127 144
127 145
127 153
127 157
127 175
127 176
127 177
127 182
127 199
128 159
128 161
128 166
128 180
128 188
128 191
128 195
129 131
129 137
129 141
129 145
129 146
129 151
129 152
129 155
129 171
129 176
129 178
129 184
129 186
129 190
129 194
129 197
130 132
130 134
130 137
130 149
130 151
130 156
130 157
130 158
130 162
130 165
130 167
130 179
130 189
130 193
130 199
131 134
131 135
131 137
131 151
131 152
131 156
131 158
131 162
131 163
131 169
131 180
131 190
131 197
132 137
132 138
132 142
132 150
132 151
132 154
132 164
132 171
132 175
132 179
132 182
132 183
132 186
132 188
132 189
132 196
133 144
133 146
133 159
133 171
133 177
133 183
133 189
134 164
134 166
134 168
134 179
134 181
134 182
134 197
135 142
135 164
135 165
135 179
135 181
135 188
135 194
135 195
135 196
136 137
136 143
136 149
136 151
136 153
136 170
136 176
136 182
136 183
136 190
137 140
137 167
137 169
137 177
137 187
137 195
137 199
138 139
138 159
138 163
138 167
138 180
138 181
138 183
138 188
139 140
139 142
139 146
139 151
139 154
139 155
139 156
139 161
139 179
139 192
139 194
140 144
140 148
140 163
140 167
140 177
140 180
140 185
141 150
141 173
141 176
141 190
142 144
142 167
142 169
142 196
143 153
143 154
143 159
143 172
143 179
143 186
143 191
143 194
144 158
144 160
144 161
144 168
144 174
144 176
144 190
144 193
144 195
145 156
145 157
145 160
145 169
145 175
145 177
145 183
145 196
145 198
146 150
146 152
146 153
146 180
146 187
146 189
147 150
147 154
147 157
147 171
147 197
147 198
148 167
148 172
148 174
148 197
149 153
149 166
149 171
149 176
149 181
149 189
149 198
149 199
150 158
150 165
150 181
150 185
151 155
151 157
151 159
151 184
151 186
151 194
151 195
151 196
152 156
152 171
152 172
152 177
152 182
152 189
152 197
152 198
153 154
153 175
153 181
153 183
153 187
153 196
154 155
154 165
154 174
154 175
154 183
154 184
154 191
154 193
154 197
155 168
155 170
155 178
155 186
155 188
155 196
156 166
156 170
156 172
156 173
156 182
156 184
156 190
156 192
157 161
157 195
157 196
158 160
158 163
158 173
158 181
158 189
159 170
159 171
159 180
159 186
159 193
160 166
160 178
160 180
160 181
160 185
160 190
160 195
160 196
161 164
161 170
161 171
161 178
161 196
162 172
162 179
162 180
162 181
163 168
163 172
163 179
164 168
164 169
164 181
164 192
164 194
164 199
165 174
165 180
165 194
166 169
166 199
167 171
167 176
167 180
167 182
167 189
167 195
168 173
168 177
168 179
168 184
168 189
169 178
169 189
169 192
169 193
169 197
170 176
170 195
170 196
170 197
170 199
171 180
171 198
172 190
172 191
173 178
173 185
173 187
173 190
174 182
174 187
174 189
174 191
174 193
175 188
175 190
175 193
175 194
175 197
176 177
176 183
176 184
176 186
177 181
178 182
178 185
178 192
179 182
179 184
179 189
179 194
179 195
180 185
180 188
180 189
180 197
180 198
181 182
181 185
181 186
181 193
182 183
182 188
182 193
182 199
183 190
184 185
184 189
185 187
185 189
185 196
186 197
188 194
189 190
189 195
192 196
194 195
194 196
194 198
194 199
198 199
