0 24
0 25
0 61
0 65
0 80
0 92
0 96
0 107
0 119
0 120
0 139
0 142
0 145
0 147
0 149
0 150
0 155
0 168
0 169
0 173
0 190
1 4
1 12
1 20
1 25
1 28
1 33
1 53
1 66
1 73
1 78
1 88
1 92
1 93
1 95
1 103
1 114
1 115
1 117
1 120
1 129
1 146
1 156
1 158
1 179
1 183
2 8
2 11
2 12
2 25
2 40
2 56
2 63
2 72
2 84
2 92
2 111
2 116
2 120
2 125
2 133
2 155
2 159
2 174
3 22
3 26
3 82
3 93
3 97
3 98
3 101
3 123
3 126
3 138
3 140
3 158
3 159
3 169
3 176
3 183
4 11
4 17
4 18
4 22
4 24
4 42
4 52
4 53
4 87
4 89
4 112
4 124
4 152
4 160
4 171
4 174
4 175
4 176
4 187
5 9
5 10
5 24
5 57
5 66
5 81
5 82
5 86
5 96
5 118
5 144
5 168
5 173
5 175
6 14
6 38
6 40
6 41
6 55
6 67
6 74
6 78
6 88
6 89
6 107
6 124
6 143
6 144
6 148
6 154
6 155
6 156
6 157
6 162
6 164
6 182
6 193
7 8
7 14
7 19
7 34
7 35
7 63
7 67
7 71
7 85
7 99
7 113
7 119
7 120
7 131
7 160
7 161
7 169
7 176
7 179
7 185
7 199
8 18
8 26
8 45
8 51
8 82
8 85
8 117
8 136
8 138
8 140
8 149
8 152
8 171
8 172
8 179
8 188
8 190
8 199
9 20
9 23
9 26
9 60
9 61
9 62
9 70
9 74
9 77
9 80
9 112
9 128
9 167
9 176
9 187
9 193
10 24
10 26
10 27
10 30
10 32
10 57
10 71
10 77
10 99
10 103
10 115
10 119
10 139
10 147
10 157
10 167
10 176
10 185
10 199
11 17
11 22
11 27
11 78
11 79
11 87
11 91
11 103
11 118
11 139
11 142
11 149
11 151
11 155
11 156
11 180
11 181
11 191
12 29
12 43
12 48
12 50
12 54
12 62
12 65
12 74
12 82
12 94
12 95
12 114
12 151
12 154
12 156
12 176
12 177
12 178
12 186
12 191
12 196
13 17
13 19
13 34
13 40
13 44
13 54
13 56
13 60
13 65
13 68
13 76
13 83
13 102
13 103
13 116
13 117
13 122
13 146
13 159
13 172
13 190
14 17
14 19
14 23
14 43
14 66
14 70
14 74
14 76
14 115
14 116
14 119
14 140
14 161
15 20
15 25
15 28
15 32
15 38
15 46
15 52
15 55
15 66
15 69
15 75
15 90
15 98
15 108
15 146
15 147
15 151
15 155
15 168
15 180
15 192
16 22
16 26
16 50
16 72
16 79
16 80
16 82
16 95
16 96
16 107
16 163
16 167
16 168
16 198
17 26
17 33
17 47
17 50
17 52
17 61
17 76
17 84
17 91
17 92
17 99
17 101
17 104
17 150
17 153
17 158
17 160
17 171
17 174
17 175
17 178
17 180
17 183
17 184
17 191
17 196
18 24
18 27
18 41
18 48
18 52
18 53
18 60
18 81
18 84
18 96
18 111
18 133
18 135
18 147
18 148
18 149
18 154
18 169
18 172
18 173
18 183
18 190
19 20
19 21
19 30
19 34
19 35
19 38
19 49
19 64
19 84
19 87
19 99
19 107
19 114
19 116
19 117
19 139
19 149
19 150
19 174
19 182
19 187
20 25
20 32
20 69
20 83
20 87
20 110
20 117
20 120
20 129
20 130
20 131
20 149
20 153
20 165
20 179
20 199
21 28
21 29
21 31
21 32
21 41
21 49
21 53
21 60
21 64
21 69
21 75
21 97
21 104
21 107
21 120
21 141
21 170
21 186
21 195
22 33
22 71
22 84
22 98
22 114
22 120
22 155
22 176
22 199
23 28
23 37
23 38
23 44
23 57
23 79
23 82
23 118
23 130
23 134
23 136
23 144
23 147
23 158
23 159
23 162
23 178
23 187
23 191
23 192
23 193
24 29
24 30
24 40
24 41
24 42
24 69
24 102
24 128
24 130
24 197
25 28
25 29
25 57
25 59
25 76
25 105
25 110
25 120
25 127
25 136
25 145
25 150
25 155
25 162
25 172
25 191
26 41
26 53
26 65
26 72
26 83
26 88
26 103
26 124
26 127
26 136
26 137
26 139
26 150
26 151
26 159
26 162
26 163
26 180
26 193
27 28
27 30
27 33
27 44
27 84
27 89
27 94
27 97
27 126
27 128
27 138
27 144
27 146
27 156
27 160
27 163
27 165
27 167
27 173
27 174
27 183
27 184
27 185
27 187
27 194
27 198
28 29
28 34
28 39
28 50
28 81
28 89
28 106
28 116
28 117
28 127
28 130
28 138
28 152
28 158
28 190
28 199
29 36
29 40
29 42
29 43
29 48
29 53
29 66
29 72
29 86
29 90
29 93
29 96
29 99
29 134
29 145
29 147
29 152
29 166
29 174
29 176
29 182
29 183
29 188
29 197
30 41
30 45
30 46
30 55
30 77
30 83
30 92
30 101
30 104
30 118
30 123
30 129
30 140
30 143
30 161
30 169
30 183
30 185
30 189
30 198
31 32
31 40
31 44
31 46
31 52
31 53
31 90
31 101
31 132
31 135
31 138
31 155
31 156
31 174
31 181
31 193
31 195
32 35
32 40
32 46
32 49
32 66
32 70
32 74
32 94
32 106
32 108
32 112
32 113
32 131
32 145
32 152
32 160
32 171
32 177
32 179
32 194
33 38
33 42
33 53
33 70
33 74
33 80
33 87
33 93
33 96
33 97
33 100
33 107
33 119
33 124
33 127
33 130
33 147
33 166
33 181
33 182
33 183
33 191
34 37
34 40
34 47
34 49
34 53
34 54
34 67
34 72
34 77
34 96
34 108
34 121
34 143
34 145
34 155
34 158
34 161
34 174
34 179
34 180
35 46
35 52
35 57
35 70
35 95
35 98
35 102
35 124
35 140
35 153
35 159
35 164
35 175
35 188
35 191
35 197
36 38
36 43
36 54
36 58
36 62
36 65
36 79
36 115
36 116
36 142
36 146
36 160
36 164
36 178
36 193
37 40
37 53
37 54
37 55
37 59
37 80
37 92
37 93
37 95
37 96
37 100
37 126
37 134
37 139
37 160
37 162
37 173
37 179
37 184
37 195
38 39
38 44
38 56
38 57
38 74
38 84
38 94
38 102
38 109
38 120
38 121
38 122
38 128
38 129
38 161
38 167
38 175
38 180
38 182
38 189
38 194
38 197
38 198
38 199
39 52
39 65
39 76
39 90
39 91
39 95
39 106
39 129
39 130
39 144
39 151
39 152
39 153
39 154
39 166
39 169
39 174
39 175
39 181
39 187
40 57
40 78
40 91
40 97
40 124
40 129
40 132
40 145
40 151
40 168
40 170
40 172
40 175
40 179
40 196
41 58
41 60
41 61
41 67
41 79
41 83
41 99
41 107
41 118
41 127
41 129
41 132
41 144
41 154
41 161
41 192
41 195
42 49
42 56
42 69
42 77
42 103
42 109
42 123
42 127
42 167
42 168
42 172
42 177
42 178
42 181
42 185
42 189
42 192
43 49
43 59
43 64
43 73
43 78
43 90
43 94
43 97
43 99
43 101
43 132
43 138
43 145
43 154
43 158
43 176
43 178
43 180
43 183
43 195
44 57
44 93
44 124
44 130
44 132
44 133
45 57
45 64
45 70
45 81
45 89
45 97
45 104
45 112
45 124
45 126
45 152
45 164
45 168
45 169
45 176
45 192
46 48
46 50
46 65
46 70
46 80
46 90
46 99
46 115
46 137
46 142
46 168
46 173
46 176
46 193
47 65
47 73
47 83
47 84
47 87
47 91
47 95
47 112
47 116
47 117
47 141
47 154
47 170
47 171
47 173
47 175
47 178
47 191
47 194
47 196
48 50
48 67
48 81
48 83
48 87
48 92
48 129
48 132
48 134
48 135
48 174
48 183
49 72
49 85
49 103
49 112
49 116
49 122
49 127
49 129
49 134
49 159
49 172
49 174
49 182
49 193
49 196
50 63
50 84
50 89
50 90
50 93
50 107
50 113
50 116
50 128
50 143
50 157
51 65
51 80
51 85
51 89
51 96
51 101
51 119
51 123
51 135
51 137
51 151
51 164
51 186
52 79
52 83
52 95
52 96
52 99
52 104
52 117
52 122
52 125
52 143
52 144
52 152
52 153
52 162
52 169
52 170
52 195
53 56
53 83
53 93
53 103
53 131
53 136
53 141
53 146
53 147
53 148
53 154
53 161
53 164
53 165
53 171
53 188
54 56
54 69
54 80
54 108
54 117
54 126
54 128
54 137
54 145
54 146
54 152
54 161
54 162
54 163
54 166
54 175
54 176
55 59
55 72
55 74
55 85
55 88
55 98
55 100
55 114
55 126
55 128
55 163
55 170
55 178
55 194
56 69
56 73
56 92
56 95
56 98
56 102
56 111
56 116
56 121
56 143
56 176
56 197
57 71
57 80
57 104
57 108
57 124
57 126
57 143
57 153
57 154
57 155
57 173
57 189
57 193
58 75
58 103
58 106
59 63
59 68
59 72
59 80
59 91
59 109
59 118
59 122
59 124
59 142
59 150
59 155
59 158
59 161
59 171
59 176
59 178
59 183
59 190
60 72
60 77
60 92
60 95
60 100
60 102
60 105
60 116
60 123
60 124
60 142
60 153
60 160
60 163
61 63
61 96
61 98
61 99
61 102
61 115
61 132
61 135
61 143
61 165
61 166
61 175
61 188
62 90
62 98
62 116
62 181
63 83
63 95
63 115
63 145
63 158
63 162
63 167
63 178
63 181
63 192
64 88
64 96
64 101
64 125
64 135
64 153
64 157
64 161
64 164
64 167
64 177
64 187
65 71
65 97
65 99
65 122
65 124
65 126
65 128
65 135
65 147
65 157
65 158
65 164
65 178
65 182
65 184
65 191
66 82
66 92
66 98
66 101
66 102
66 109
66 110
66 124
66 138
66 159
66 171
66 172
66 177
66 182
66 192
67 70
67 79
67 80
67 89
67 91
67 98
67 99
67 101
67 108
67 111
67 113
67 122
67 135
67 138
67 140
67 156
67 172
67 180
68 71
68 91
68 96
68 97
68 119
68 122
68 134
68 146
68 153
68 158
68 176
68 178
68 187
68 191
69 81
69 88
69 104
69 108
69 124
69 148
69 149
69 155
69 158
69 165
69 174
70 95
70 106
70 107
70 122
70 124
70 126
70 127
70 128
70 149
70 164
70 181
70 187
71 92
71 138
71 139
71 141
71 142
71 157
71 159
71 160
71 166
71 169
71 171
71 190
71 192
72 82
72 86
72 109
72 121
72 123
72 124
72 131
72 140
72 157
72 159
72 161
72 165
72 176
72 179
72 196
73 77
73 110
73 118
73 145
73 158
73 159
73 166
73 168
73 184
74 86
74 95
74 116
74 139
74 175
74 179
74 182
74 185
75 85
75 95
75 103
75 130
75 132
75 144
75 171
75 176
75 181
75 187
76 144
76 147
76 153
76 161
76 181
76 182
76 191
76 198
77 89
77 99
77 105
77 126
77 131
77 137
77 153
77 167
77 172
77 178
77 187
77 192
78 88
78 96
78 98
78 104
78 107
78 111
78 125
78 131
78 138
78 139
78 145
78 161
78 162
78 168
78 171
78 173
79 84
79 90
79 104
79 108
79 111
79 116
79 125
79 138
79 155
79 166
79 170
79 172
79 179
79 196
79 199
80 83
80 89
80 96
80 106
80 177
81 83
81 92
81 121
81 124
81 137
81 138
81 141
81 143
81 148
81 169
81 193
82 87
82 104
82 125
82 127
82 135
82 151
82 152
82 156
82 175
82 176
82 182
82 188
83 84
83 88
83 89
83 91
83 111
83 117
83 119
83 132
83 145
83 146
83 157
83 158
83 166
83 173
83 185
84 89
84 97
84 113
84 115
84 139
84 143
84 198
85 93
85 97
85 107
85 111
85 114
85 130
85 137
85 140
85 142
85 145
85 146
85 161
85 163
85 173
85 174
85 183
85 197
86 89
86 98
86 111
86 121
86 122
86 133
86 166
86 171
86 173
86 188
87 95
87 97
87 118
87 121
87 132
87 141
87 143
87 152
87 172
87 175
87 178
87 186
87 195
88 100
88 135
88 138
88 144
88 150
88 152
88 164
88 170
88 176
88 179
88 185
89 131
89 165
89 171
89 180
90 104
90 114
90 121
90 129
90 130
90 139
90 156
90 166
90 174
90 177
91 112
91 120
91 133
91 142
91 171
91 191
91 195
92 152
92 159
92 161
92 162
92 164
92 170
92 192
92 198
93 98
93 101
93 102
93 107
93 132
93 144
93 164
93 176
93 177
93 179
93 186
93 191
93 195
93 198
94 105
94 150
94 174
94 189
95 106
95 127
95 141
95 155
95 163
95 166
95 167
96 127
96 139
96 177
96 179
96 184
96 187
96 192
96 197
97 106
97 116
97 117
97 154
97 158
97 159
97 161
97 177
97 185
97 196
98 101
98 102
98 110
98 117
98 127
98 133
98 147
98 153
98 169
98 176
98 196
98 197
99 116
99 123
99 138
99 144
99 164
99 167
99 178
99 196
100 108
100 119
100 125
100 149
100 161
100 163
100 164
100 169
101 105
101 118
101 119
101 132
101 134
101 151
101 158
101 164
101 169
102 109
102 135
102 142
102 167
102 168
102 183
102 191
103 109
103 111
103 139
103 149
103 164
103 171
103 175
103 182
103 187
103 188
104 111
104 117
104 137
104 143
104 150
104 177
104 179
104 184
104 194
105 109
105 112
105 152
105 160
105 163
105 167
105 195
106 119
106 127
106 136
106 167
106 187
107 143
107 176
107 189
108 155
108 157
108 167
108 177
108 182
108 184
108 186
108 198
109 111
109 112
109 119
109 128
109 141
109 143
109 146
109 158
109 168
109 174
109 181
109 186
109 191
110 116
110 138
110 152
110 170
110 193
111 113
111 124
111 127
111 129
111 133
111 141
111 154
111 163
111 171
111 185
112 113
112 122
112 133
112 134
112 135
112 137
112 177
112 198
113 121
113 122
113 135
113 137
113 146
113 157
113 162
113 165
113 175
113 180
114 133
114 134
114 138
114 150
114 156
114 162
114 185
114 192
114 197
115 124
115 126
115 129
115 130
115 140
115 144
115 147
115 183
116 120
116 121
116 125
116 131
116 136
116 155
116 160
116 175
117 128
117 139
117 143
117 155
117 158
117 164
117 179
117 192
118 121
118 123
118 131
118 145
118 162
118 168
118 171
118 173
118 183
118 198
118 199
119 138
119 162
119 164
119 168
119 193
119 195
119 197
120 129
120 143
120 197
121 123
121 139
121 141
121 153
121 171
121 176
121 182
121 195
122 123
122 127
122 130
122 139
122 142
122 143
122 144
122 147
122 149
122 151
122 159
122 160
122 166
122 167
122 171
122 179
122 180
122 182
122 186
122 194
123 135
123 136
123 138
123 139
123 145
123 148
123 152
123 154
123 169
123 185
123 192
124 129
124 140
124 152
124 156
124 178
124 180
124 185
125 126
125 150
125 155
125 157
125 159
125 164
125 170
125 174
125 176
125 184
125 189
125 192
125 193
126 129
126 131
126 149
126 156
126 161
126 188
127 139
127 142
127 146
127 165
127 196
128 134
128 142
128 145
128 148
128 156
128 161
128 164
128 177
128 179
128 181
129 131
129 146
129 157
129 158
129 163
129 169
129 181
129 184
130 143
130 150
130 164
131 138
131 139
131 144
131 163
131 165
131 173
131 176
131 181
131 184
132 146
132 147
132 149
132 150
132 155
132 163
132 173
132 176
132 186
132 187
133 137
133 141
133 169
133 172
133 179
133 185
133 188
133 190
133 199
134 135
134 140
134 167
134 194
134 196
135 166
135 175
135 183
135 187
136 140
136 145
136 148
136 182
136 184
137 140
137 187
137 199
138 140
138 155
138 167
138 172
138 179
138 197
139 146
139 153
139 159
139 196
139 197
140 146
140 151
140 152
140 178
141 152
141 153
141 162
141 175
141 176
141 196
142 167
142 171
142 174
142 178
142 183
143 155
143 167
143 175
143 195
144 155
144 173
144 183
144 195
145 158
145 192
146 153
146 168
146 170
146 171
147 152
147 154
147 158
147 164
147 185
148 160
148 162
148 173
149 152
149 154
149 183
149 196
150 157
150 182
150 187
150 199
151 161
151 178
152 155
152 156
152 159
152 168
152 199
153 154
153 161
153 172
153 178
153 181
153 187
153 191
153 199
154 175
154 184
154 186
154 195
155 163
155 174
155 176
155 184
155 193
156 159
156 163
156 178
156 189
156 190
157 163
158 161
158 164
158 175
158 189
159 165
159 180
159 188
159 197
160 170
160 171
160 182
160 191
160 192
160 197
161 179
161 180
161 183
161 184
161 193
162 172
163 164
163 187
163 188
163 196
163 198
164 171
164 193
164 198
165 192
166 167
166 174
166 184
166 196
167 180
167 183
167 194
167 198
168 171
168 173
168 180
168 186
168 190
168 194
169 170
169 173
169 184
169 199
170 175
170 187
170 198
171 174
171 181
172 176
172 194
173 177
173 192
174 196
175 177
175 181
175 184
175 198
176 179
176 185
176 187
177 192
177 195
177 197
178 179
178 193
178 196
178 197
178 198
179 182
179 194
179 196
179 199
180 183
180 185
181 186
181 196
182 188
182 189
182 193
183 184
183 193
184 185
184 197
184 198
185 192
185 196
185 198
187 188
187 189
187 197
188 190
188 197
189 191
191 193
191 194
191 195
191 196
191 197
196 198
197 199
