0 15
0 38
0 43
0 52
0 77
0 81
0 91
0 93
0 98
0 99
0 105
0 135
0 142
0 163
0 173
0 181
0 186
0 189
1 2
1 8
1 9
1 16
1 17
1 25
1 46
1 67
1 96
1 110
1 116
1 125
1 126
1 143
1 144
1 181
2 17
2 32
2 38
2 44
2 45
2 47
2 51
2 53
2 70
2 71
2 76
2 80
2 87
2 89
2 101
2 116
2 122
2 127
2 136
2 138
2 141
2 145
2 150
2 162
2 165
2 167
2 170
2 187
2 192
2 193
2 196
2 198
3 15
3 19
3 24
3 26
3 32
3 36
3 55
3 59
3 61
3 67
3 105
3 107
3 112
3 130
3 162
3 163
3 187
4 5
4 9
4 20
4 30
4 31
4 33
4 42
4 45
4 75
4 87
4 112
4 114
4 120
4 132
4 134
4 162
4 194
4 195
5 6
5 19
5 39
5 43
5 46
5 69
5 81
5 87
5 96
5 105
5 112
5 121
5 124
5 128
5 155
5 163
5 168
5 181
5 183
5 193
6 17
6 23
6 26
6 27
6 40
6 60
6 63
6 70
6 88
6 90
6 91
6 110
6 115
6 127
6 129
6 132
6 140
6 153
6 164
6 166
6 193
7 10
7 19
7 33
7 34
7 40
7 69
7 70
7 84
7 85
7 89
7 92
7 111
7 126
7 140
7 145
7 148
7 152
7 172
7 191
8 14
8 24
8 74
8 81
8 82
8 87
8 100
8 108
8 112
8 113
8 122
8 160
8 178
8 182
8 185
8 195
9 19
9 27
9 51
9 69
9 74
9 76
9 80
9 92
9 93
9 94
9 113
9 115
9 120
9 141
9 142
9 162
9 164
9 170
9 171
9 177
9 186
9 195
10 14
10 24
10 78
10 94
10 98
10 120
10 128
10 137
10 154
10 161
10 170
10 174
10 190
10 195
10 198
11 16
11 21
11 50
11 77
11 89
11 114
11 117
11 125
11 152
11 165
11 170
11 174
11 197
11 198
12 39
12 46
12 71
12 77
12 80
12 91
12 94
12 138
12 161
12 162
12 169
12 187
12 190
12 191
12 192
13 15
13 20
13 34
13 53
13 54
13 62
13 67
13 72
13 73
13 83
13 86
13 94
13 97
13 100
13 103
13 104
13 105
13 128
13 139
13 141
13 173
13 174
13 185
13 188
13 192
13 193
14 24
14 27
14 28
14 44
14 51
14 75
14 81
14 90
14 100
14 106
14 114
14 145
14 151
14 157
14 160
15 17
15 28
15 34
15 58
15 67
15 93
15 99
15 101
15 139
15 156
15 193
15 195
16 19
16 27
16 36
16 37
16 42
16 43
16 49
16 54
16 58
16 88
16 103
16 107
16 108
16 131
16 133
16 136
16 144
16 149
16 187
16 194
16 195
17 22
17 33
17 52
17 67
17 76
17 78
17 79
17 85
17 91
17 94
17 96
17 97
17 107
17 123
17 127
17 134
17 140
17 148
17 167
17 168
17 173
17 177
17 189
17 195
18 33
18 62
18 63
18 66
18 75
18 80
18 82
18 85
18 88
18 89
18 97
18 98
18 99
18 137
18 140
18 165
18 197
19 22
19 53
19 54
19 71
19 86
19 101
19 112
19 116
19 142
19 147
19 156
19 163
19 164
19 199
20 37
20 38
20 39
20 77
20 86
20 100
20 106
20 115
20 130
20 137
20 164
20 165
21 32
21 38
21 42
21 50
21 52
21 63
21 66
21 73
21 74
21 83
21 116
21 118
21 141
21 143
21 144
21 152
21 157
21 166
21 172
21 177
21 181
21 187
21 189
22 30
22 32
22 57
22 71
22 72
22 92
22 97
22 98
22 109
22 115
22 130
22 136
22 145
22 155
22 158
22 177
22 179
22 181
22 189
23 24
23 27
23 36
23 49
23 75
23 80
23 90
23 106
23 110
23 114
23 124
23 130
23 148
23 180
23 184
24 36
24 39
24 43
24 44
24 51
24 78
24 90
24 93
24 96
24 99
24 118
24 119
24 136
24 172
24 188
24 196
25 37
25 41
25 42
25 63
25 82
25 101
25 102
25 104
25 107
25 158
25 163
25 184
25 191
25 196
26 30
26 42
26 58
26 63
26 71
26 78
26 106
26 121
26 122
26 124
26 130
26 141
26 144
26 149
26 153
26 164
26 171
26 178
26 189
26 199
27 40
27 72
27 75
27 77
27 79
27 81
27 101
27 102
27 108
27 124
27 135
27 140
27 146
27 151
27 162
27 184
27 191
28 31
28 37
28 40
28 41
28 56
28 59
28 69
28 80
28 81
28 106
28 118
28 125
28 140
28 151
28 155
28 162
28 181
28 182
28 183
29 36
29 46
29 55
29 58
29 63
29 90
29 109
29 125
29 138
29 141
29 157
29 163
29 170
29 171
30 39
30 46
30 49
30 68
30 70
30 73
30 77
30 89
30 91
30 96
30 106
30 110
30 117
30 142
30 156
30 182
30 185
30 191
31 32
31 37
31 56
31 61
31 64
31 91
31 94
31 101
31 103
31 116
31 117
31 121
31 131
31 136
31 142
31 166
31 170
31 172
31 178
31 195
32 46
32 82
32 98
32 99
32 103
32 111
32 125
32 129
32 136
32 171
32 174
32 179
32 182
32 188
32 196
32 197
33 36
33 37
33 48
33 64
33 75
33 108
33 116
33 118
33 148
33 163
33 164
33 189
33 192
33 197
34 37
34 69
34 74
34 77
34 91
34 102
34 110
34 116
34 136
34 144
34 164
34 169
34 172
34 184
35 42
35 60
35 89
35 90
35 94
35 100
35 109
35 110
35 127
35 128
35 132
35 138
35 146
35 156
35 194
35 196
36 38
36 66
36 67
36 69
36 78
36 91
36 95
36 118
36 138
36 154
36 160
36 166
36 171
36 174
36 178
37 47
37 51
37 65
37 87
37 91
37 104
37 106
37 112
37 130
37 145
37 156
37 159
37 160
37 177
37 181
37 190
37 191
37 198
38 46
38 67
38 70
38 74
38 75
38 78
38 82
38 93
38 118
38 124
38 140
38 149
38 151
38 152
38 155
38 178
38 187
38 189
39 77
39 94
39 100
39 102
39 108
39 110
39 115
39 126
39 129
39 142
39 161
39 162
39 187
39 189
40 62
40 68
40 69
40 72
40 73
40 76
40 79
40 93
40 97
40 101
40 125
40 134
40 137
40 139
40 162
40 163
40 165
40 170
40 189
40 190
41 49
41 54
41 61
41 66
41 101
41 102
41 119
41 161
41 164
41 196
42 48
42 56
42 59
42 62
42 80
42 113
42 130
42 164
42 166
42 192
43 47
43 50
43 52
43 60
43 61
43 76
43 100
43 108
43 115
43 124
43 133
43 139
43 145
43 158
43 168
43 177
43 188
43 195
44 63
44 67
44 70
44 98
44 107
44 124
44 148
44 162
44 184
44 186
45 46
45 49
45 57
45 69
45 70
45 77
45 85
45 90
45 91
45 100
45 102
45 122
45 127
45 133
45 161
45 169
45 182
45 192
46 48
46 61
46 89
46 93
46 94
46 106
46 126
46 134
46 157
46 167
46 193
47 52
47 53
47 57
47 59
47 62
47 72
47 85
47 86
47 92
47 98
47 133
47 144
47 147
47 148
47 159
47 163
47 169
47 184
47 196
48 71
48 116
48 118
48 122
48 123
48 133
48 137
48 139
48 150
48 151
48 155
48 175
48 176
48 180
49 65
49 70
49 72
49 74
49 88
49 98
49 103
49 104
49 105
49 109
49 111
49 114
49 115
49 123
49 125
49 147
49 151
49 155
49 163
49 169
49 191
49 196
50 53
50 62
50 80
50 84
50 94
50 104
50 105
50 130
50 135
50 137
50 158
50 161
50 178
50 183
50 193
51 61
51 66
51 83
51 87
51 104
51 108
51 140
51 164
51 172
51 185
52 57
52 85
52 86
52 93
52 95
52 151
52 156
52 161
52 181
52 186
52 191
52 193
53 68
53 71
53 76
53 77
53 84
53 86
53 90
53 100
53 105
53 106
53 108
53 130
53 137
53 165
53 166
53 171
53 177
53 180
53 190
53 195
54 76
54 85
54 93
54 137
54 140
54 141
54 164
54 171
54 191
54 193
55 66
55 70
55 77
55 88
55 102
55 103
55 108
55 111
55 124
55 137
55 140
55 152
55 153
55 156
55 165
55 179
55 181
55 189
55 193
56 58
56 59
56 87
56 94
56 108
56 109
56 110
56 111
56 122
56 123
56 125
56 140
56 156
56 164
56 168
57 65
57 78
57 87
57 90
57 101
57 123
57 138
57 157
57 158
57 161
57 166
57 169
57 171
57 181
57 188
58 100
58 127
58 147
58 170
59 63
59 94
59 98
59 104
59 152
59 161
59 167
59 179
59 185
59 190
60 65
60 85
60 101
60 105
60 106
60 114
60 141
60 165
60 167
60 174
60 178
60 192
61 62
61 65
61 76
61 85
61 89
61 106
61 112
61 136
61 145
61 147
61 157
61 160
62 73
62 104
62 120
62 121
62 168
62 170
62 178
62 180
62 181
63 64
63 67
63 89
63 94
63 97
63 113
63 118
63 125
63 129
63 134
63 141
63 148
63 162
63 173
63 188
64 97
64 116
64 123
64 137
64 139
64 149
64 159
64 162
64 165
64 167
64 176
65 97
65 120
65 128
65 134
65 145
65 149
65 158
65 175
65 179
65 186
66 69
66 72
66 75
66 77
66 79
66 80
66 102
66 104
66 106
66 112
66 115
66 123
66 124
66 134
66 138
66 146
66 152
66 175
66 181
66 190
67 73
67 76
67 83
67 87
67 90
67 93
67 98
67 111
67 166
67 191
68 77
68 79
68 88
68 95
68 97
68 98
68 114
68 117
68 127
68 129
68 135
68 136
68 142
68 151
68 156
68 164
69 70
69 74
69 80
69 81
69 90
69 94
69 124
69 133
69 149
69 154
69 155
69 156
69 157
69 165
69 166
69 181
69 194
69 199
70 75
70 76
70 77
70 83
70 84
70 91
70 101
70 116
70 162
70 179
70 183
70 193
71 85
71 91
71 98
71 101
71 138
71 143
71 144
71 149
71 150
71 154
71 155
71 164
71 166
71 167
71 170
71 179
71 184
71 193
71 199
72 75
72 85
72 87
72 94
72 104
72 111
72 128
72 142
72 148
72 179
72 181
72 197
73 76
73 86
73 88
73 102
73 108
73 113
73 115
73 119
73 134
73 162
73 170
73 190
73 192
74 77
74 80
74 88
74 90
74 113
74 117
74 127
74 150
74 166
74 167
74 176
74 179
74 187
75 87
75 104
75 111
75 113
75 129
75 141
75 147
75 154
75 170
75 185
75 189
75 191
75 197
76 80
76 83
76 86
76 110
76 118
76 119
76 124
76 128
76 131
76 138
76 141
76 149
76 153
76 164
76 166
76 169
76 191
77 79
77 81
77 82
77 95
77 96
77 104
77 110
77 149
77 152
77 174
77 175
77 177
77 185
77 191
77 193
78 82
78 91
78 108
78 114
78 117
78 123
78 134
78 158
78 164
78 174
78 187
78 199
79 123
79 127
79 129
79 142
79 154
79 172
79 174
79 180
79 187
80 118
80 127
80 146
80 147
80 150
80 156
80 157
80 162
80 168
80 175
80 189
80 190
81 84
81 98
81 100
81 107
81 123
81 135
81 136
81 144
81 155
81 157
81 181
81 190
81 193
81 197
82 95
82 97
82 107
82 115
82 117
82 122
82 151
82 153
82 155
82 167
82 184
82 187
82 196
82 198
83 102
83 110
83 114
83 124
83 127
83 130
83 133
83 138
83 142
83 153
83 155
83 168
83 175
83 177
83 179
83 189
84 104
84 121
84 144
84 180
84 187
84 192
85 89
85 91
85 111
85 118
85 121
85 127
85 132
85 155
85 194
85 196
86 96
86 99
86 117
86 162
86 176
87 92
87 99
87 111
87 113
87 114
87 116
87 117
87 128
87 130
87 161
87 179
88 95
88 119
88 125
88 127
88 135
88 175
88 179
88 192
89 122
89 146
89 150
89 154
89 155
89 159
89 163
90 91
90 115
90 136
90 137
90 138
90 149
90 150
90 165
90 175
90 181
91 93
91 98
91 100
91 111
91 113
91 114
91 144
91 146
91 179
91 184
91 193
92 100
92 130
92 132
92 139
92 143
92 146
92 148
92 160
92 169
92 172
92 193
92 196
93 105
93 108
93 113
93 114
93 131
93 142
93 165
93 178
93 180
93 193
93 195
94 98
94 101
94 104
94 106
94 108
94 112
94 114
94 118
94 135
94 163
94 178
94 181
94 187
94 197
95 99
95 107
95 111
95 116
95 145
95 181
95 190
95 198
96 115
96 116
96 118
96 120
96 121
96 127
96 128
96 166
96 172
96 175
96 181
96 192
97 100
97 104
97 113
97 118
97 135
97 148
97 165
97 169
97 180
97 199
98 109
98 112
98 145
98 162
98 167
98 169
98 170
98 177
98 178
98 181
99 110
99 118
99 119
99 124
99 142
99 149
99 157
99 177
99 178
99 182
99 183
100 106
100 110
100 119
100 126
100 137
100 148
100 159
100 161
100 171
100 172
100 197
101 102
101 113
101 118
101 120
101 148
101 151
101 160
101 172
101 175
101 176
101 191
101 195
102 109
102 113
102 119
102 128
102 131
102 156
102 164
102 173
102 180
102 185
102 199
103 119
103 122
103 131
103 134
103 150
103 151
103 168
103 169
103 171
103 176
103 178
103 181
103 182
103 197
104 107
104 118
104 136
104 139
104 141
104 152
104 158
104 168
104 173
104 179
104 182
105 142
105 145
105 150
105 152
105 157
105 172
105 184
106 107
106 134
106 150
106 164
106 167
106 173
106 175
106 176
107 109
107 121
107 122
107 123
107 127
107 135
107 138
107 139
107 140
107 181
107 189
108 117
108 144
108 158
108 161
108 180
109 137
109 145
109 164
109 169
109 197
110 124
110 125
110 184
110 186
111 115
111 126
111 129
111 164
111 176
111 182
111 185
112 113
112 117
112 122
112 132
112 144
112 165
112 184
113 133
113 140
113 162
113 168
113 172
113 174
113 177
113 183
114 148
114 155
114 166
114 174
114 176
114 188
115 128
115 130
115 132
115 154
115 175
115 179
115 180
115 181
115 182
115 188
115 198
116 120
116 125
116 145
116 148
116 149
116 158
116 168
116 177
116 190
117 132
117 134
117 159
117 167
117 186
117 189
117 195
117 197
118 132
118 159
118 164
118 168
118 173
118 178
118 179
118 187
118 188
118 193
119 138
119 143
119 155
119 163
119 165
119 169
119 185
119 192
120 121
120 135
120 144
120 151
120 155
120 156
120 163
120 169
120 175
120 177
120 181
120 185
120 199
121 128
121 131
121 138
121 150
121 159
122 124
122 137
122 138
122 157
122 159
122 161
122 169
122 174
122 178
122 180
122 181
122 191
122 199
123 131
123 138
123 161
123 180
123 183
123 188
123 194
124 126
124 128
124 129
124 130
124 141
124 146
124 168
124 169
124 173
124 181
124 186
124 199
125 128
125 130
125 157
125 159
125 161
125 167
125 172
125 181
125 185
125 186
125 187
125 188
125 193
125 198
125 199
126 133
126 144
126 151
126 176
126 177
126 181
126 185
126 189
126 191
127 136
127 148
127 157
127 166
128 156
128 162
128 186
128 192
128 199
129 136
129 139
129 145
129 166
129 173
129 185
129 189
129 191
130 131
130 134
130 158
130 159
130 166
130 171
130 179
130 190
130 194
131 135
131 138
131 154
131 156
131 172
131 175
131 186
132 151
132 155
132 163
132 169
132 172
132 180
132 185
133 134
133 137
133 143
133 174
133 190
134 142
134 151
134 152
134 155
134 173
134 176
134 190
135 153
135 154
135 159
135 163
135 182
135 189
135 193
135 196
136 155
136 183
136 193
136 194
136 195
136 199
137 180
137 187
137 197
138 155
138 180
138 182
139 163
139 165
139 166
139 174
139 175
139 191
139 197
140 145
140 160
140 166
140 174
140 194
140 199
141 142
141 150
141 152
141 163
141 170
141 186
142 156
142 161
142 184
142 188
142 189
142 190
142 196
143 147
143 151
143 164
143 168
143 198
144 156
144 162
144 179
144 186
144 190
144 195
144 198
145 150
145 164
145 179
145 191
145 196
146 163
146 172
146 173
146 179
146 183
146 194
147 148
147 162
147 168
147 170
147 179
147 199
148 158
148 164
148 167
148 183
149 163
149 171
149 186
149 193
149 198
150 156
150 164
150 172
150 180
150 181
150 182
150 185
150 196
151 156
151 166
151 182
152 189
152 190
152 192
152 194
152 199
153 167
153 188
153 197
154 183
154 187
154 196
155 161
155 190
156 176
156 188
156 194
157 161
157 162
157 164
157 165
157 182
157 185
158 159
158 183
158 195
159 182
160 167
160 179
160 186
161 184
161 185
161 188
162 168
162 174
162 180
162 182
162 194
163 169
163 175
163 183
163 192
164 168
165 171
165 191
166 182
166 192
166 197
167 172
167 175
167 183
167 184
168 186
169 177
169 195
169 196
170 175
170 178
171 183
171 198
172 176
172 177
172 195
173 182
173 196
174 177
174 180
174 182
174 194
175 196
176 178
176 180
176 183
176 186
176 194
177 197
178 182
178 187
178 196
179 180
179 184
180 196
181 193
181 195
181 196
182 187
184 186
184 194
184 196
185 187
185 198
186 195
186 198
187 189
187 193
187 194
187 195
187 199
188 190
188 195
190 191
190 192
191 194
195 196
