0 11
0 13
0 20
0 34
0 54
0 85
0 86
0 93
0 107
0 114
0 115
0 158
0 169
0 171
0 183
0 190
0 191
1 4
1 6
1 24
1 28
1 36
1 44
1 57
1 60
1 62
1 63
1 66
1 79
1 83
1 84
1 92
1 97
1 98
1 112
1 113
1 127
1 133
1 135
1 138
1 140
1 141
1 153
1 162
1 169
1 176
1 184
2 3
2 6
2 7
2 21
2 22
2 44
2 50
2 57
2 58
2 60
2 72
2 103
2 121
2 123
2 124
2 149
2 150
2 187
2 198
3 15
3 18
3 42
3 55
3 58
3 74
3 75
3 102
3 115
3 122
3 135
3 146
3 152
3 158
3 183
4 5
4 16
4 18
4 24
4 26
4 29
4 48
4 55
4 64
4 111
4 121
4 132
4 138
4 143
4 146
4 161
4 174
4 182
4 198
5 22
5 23
5 33
5 36
5 41
5 49
5 51
5 52
5 74
5 109
5 127
5 137
5 166
5 175
5 184
5 188
6 12
6 20
6 30
6 46
6 49
6 52
6 62
6 70
6 75
6 77
6 83
6 121
6 123
6 126
6 132
6 142
6 151
6 158
6 160
6 170
6 180
6 189
7 10
7 18
7 26
7 42
7 48
7 76
7 80
7 101
7 108
7 125
7 127
7 138
7 146
7 162
7 175
7 180
7 189
7 197
8 14
8 23
8 39
8 42
8 49
8 59
8 66
8 80
8 87
8 93
8 104
8 109
8 153
8 156
8 163
8 172
8 173
8 174
8 181
8 194
9 10
9 13
9 15
9 18
9 29
9 52
9 56
9 60
9 76
9 105
9 123
9 132
9 134
9 138
9 150
9 162
9 166
9 176
9 178
9 186
9 188
9 190
10 21
10 23
10 34
10 55
10 77
10 80
10 84
10 87
10 94
10 110
10 113
10 118
10 120
10 129
10 131
10 137
10 138
10 147
10 154
10 186
10 194
11 16
11 22
11 23
11 26
11 52
11 63
11 70
11 71
11 77
11 93
11 96
11 100
11 103
11 109
11 112
11 114
11 115
11 117
11 136
11 146
11 156
11 162
11 178
12 27
12 29
12 34
12 38
12 49
12 51
12 60
12 66
12 74
12 84
12 98
12 105
12 106
12 134
12 137
12 141
12 149
12 152
12 154
12 161
12 162
12 179
12 180
13 32
13 40
13 53
13 65
13 73
13 93
13 102
13 109
13 135
13 142
13 146
13 148
13 157
13 172
13 176
13 184
14 17
14 18
14 23
14 31
14 39
14 54
14 60
14 66
14 68
14 72
14 74
14 86
14 92
14 105
14 113
14 117
14 128
14 135
14 157
14 174
14 183
14 185
14 190
14 193
15 34
15 42
15 56
15 71
15 77
15 87
15 111
15 132
15 147
15 151
15 152
15 163
15 166
15 168
15 169
15 170
15 185
15 187
15 189
15 190
15 195
16 21
16 63
16 78
16 105
16 110
16 117
16 131
16 145
16 149
16 154
16 159
16 166
16 171
16 175
16 179
16 192
17 69
17 84
17 90
17 124
17 146
17 152
17 157
17 165
17 170
17 188
17 191
17 199
18 29
18 33
18 42
18 46
18 68
18 71
18 72
18 74
18 75
18 78
18 81
18 84
18 86
18 95
18 109
18 131
18 149
18 153
18 158
18 159
18 166
18 171
18 181
18 186
18 190
19 48
19 72
19 73
19 75
19 77
19 96
19 113
19 114
19 119
19 125
19 158
19 170
19 184
19 190
19 199
20 26
20 27
20 40
20 46
20 47
20 61
20 67
20 74
20 75
20 86
20 88
20 104
20 112
20 126
20 136
20 140
20 143
20 155
20 177
21 43
21 49
21 57
21 65
21 76
21 79
21 97
21 98
21 102
21 113
21 144
21 146
21 150
21 153
21 190
21 193
21 199
22 45
22 54
22 62
22 71
22 76
22 81
22 85
22 105
22 114
22 127
22 138
22 139
22 155
22 161
23 26
23 27
23 31
23 38
23 39
23 47
23 70
23 71
23 82
23 83
23 89
23 100
23 102
23 104
23 105
23 107
23 123
23 129
23 139
23 143
23 147
23 157
23 159
23 189
24 35
24 45
24 46
24 49
24 64
24 68
24 97
24 109
24 112
24 127
24 138
24 143
24 178
24 179
24 183
25 29
25 38
25 51
25 79
25 86
25 92
25 109
25 112
25 116
25 124
25 125
25 134
25 136
25 138
25 159
25 161
25 172
25 185
25 192
26 35
26 67
26 85
26 86
26 92
26 98
26 109
26 111
26 128
26 134
26 135
26 139
26 153
26 156
26 175
26 183
26 196
27 40
27 41
27 44
27 46
27 49
27 71
27 73
27 81
27 89
27 98
27 101
27 106
27 112
27 122
27 127
27 141
27 161
27 168
27 176
27 184
27 191
27 199
28 29
28 30
28 31
28 41
28 78
28 80
28 95
28 104
28 105
28 107
28 121
28 129
28 130
28 169
28 180
28 185
28 187
28 190
28 194
28 199
29 32
29 36
29 39
29 42
29 70
29 96
29 111
29 137
29 157
29 160
29 162
29 177
29 188
29 191
29 196
30 34
30 46
30 51
30 61
30 66
30 72
30 73
30 83
30 131
30 134
30 166
30 168
30 177
30 181
30 190
30 195
30 199
31 34
31 44
31 46
31 52
31 65
31 76
31 84
31 123
31 128
31 129
31 135
31 141
31 164
31 175
31 177
31 190
31 191
31 197
32 41
32 52
32 55
32 86
32 93
32 96
32 110
32 117
32 118
32 133
32 134
32 138
32 153
32 157
32 167
32 171
32 175
33 37
33 41
33 43
33 58
33 81
33 86
33 93
33 103
33 115
33 117
33 121
33 123
33 145
33 147
33 153
33 156
34 45
34 81
34 86
34 97
34 102
34 126
34 135
34 142
34 143
34 149
34 193
35 44
35 54
35 63
35 70
35 72
35 73
35 81
35 83
35 84
35 94
35 111
35 114
35 125
35 134
35 139
35 148
35 151
35 161
35 176
35 189
35 195
35 196
36 37
36 41
36 49
36 53
36 56
36 60
36 61
36 70
36 72
36 74
36 94
36 98
36 105
36 112
36 114
36 119
36 128
36 137
36 164
36 192
37 41
37 75
37 92
37 112
37 116
37 140
37 147
37 148
37 151
37 157
37 180
37 181
37 199
38 40
38 60
38 80
38 86
38 89
38 97
38 98
38 112
38 160
38 167
38 184
38 195
39 43
39 49
39 63
39 101
39 126
39 130
39 135
39 139
39 186
39 189
39 190
39 199
40 45
40 46
40 49
40 56
40 61
40 74
40 78
40 119
40 123
40 139
40 140
40 144
40 150
40 152
40 168
40 189
40 197
41 51
41 56
41 59
41 61
41 64
41 75
41 80
41 83
41 87
41 101
41 125
41 126
41 128
41 137
41 138
41 154
41 156
41 174
41 194
41 198
42 46
42 47
42 69
42 75
42 107
42 111
42 114
42 131
42 139
42 157
42 184
42 190
43 63
43 64
43 80
43 97
43 114
43 135
43 152
43 159
43 167
43 172
43 184
43 198
44 45
44 52
44 99
44 132
44 135
44 162
44 168
44 171
44 179
44 183
44 185
44 189
45 52
45 61
45 64
45 65
45 67
45 72
45 74
45 80
45 88
45 97
45 110
45 128
45 130
45 133
45 146
45 152
45 184
45 187
45 194
45 198
45 199
46 56
46 69
46 75
46 83
46 97
46 98
46 103
46 137
46 158
46 161
46 165
46 169
46 175
46 183
46 184
46 192
47 52
47 53
47 62
47 68
47 69
47 85
47 89
47 97
47 98
47 101
47 111
47 114
47 115
47 117
47 121
47 129
47 137
47 141
47 145
47 160
47 171
47 176
47 177
47 180
47 184
48 76
48 78
48 98
48 106
48 119
48 123
48 132
48 148
48 151
48 155
48 164
48 165
48 172
48 184
48 189
48 196
48 198
49 51
49 54
49 59
49 69
49 98
49 105
49 106
49 111
49 118
49 133
49 172
49 186
49 187
49 198
50 74
50 75
50 80
50 81
50 121
50 138
50 141
50 146
50 176
50 184
50 197
51 54
51 63
51 75
51 81
51 85
51 95
51 102
51 119
51 122
51 128
51 131
51 137
51 142
51 143
51 148
51 170
51 173
51 175
51 181
51 187
52 54
52 58
52 64
52 68
52 73
52 77
52 105
52 115
52 124
52 128
52 136
52 148
52 163
52 166
52 194
53 57
53 60
53 62
53 64
53 68
53 86
53 110
53 112
53 117
53 127
53 156
53 177
53 186
53 191
53 198
54 55
54 72
54 82
54 105
54 120
54 172
54 174
55 57
55 72
55 84
55 113
55 116
55 123
55 131
55 140
55 156
55 160
55 165
55 166
56 62
56 63
56 68
56 69
56 78
56 84
56 86
56 90
56 97
56 148
56 153
56 155
56 162
56 190
56 194
56 196
57 61
57 69
57 94
57 103
57 104
57 105
57 114
57 118
57 128
57 134
57 139
57 147
57 149
57 168
57 174
57 176
58 59
58 60
58 80
58 83
58 86
58 103
58 105
58 135
58 137
58 138
58 168
58 171
58 175
58 186
58 188
59 80
59 92
59 102
59 104
59 109
59 123
59 137
59 145
59 161
59 176
59 184
59 197
59 199
60 71
60 74
60 76
60 77
60 93
60 101
60 107
60 124
60 155
60 183
60 187
60 190
60 195
61 66
61 73
61 77
61 84
61 85
61 100
61 111
61 130
61 133
61 135
61 141
61 159
61 171
61 192
61 195
61 199
62 67
62 71
62 72
62 75
62 76
62 77
62 102
62 109
62 120
62 158
62 171
62 189
62 192
63 71
63 74
63 82
63 92
63 109
63 127
63 136
63 137
63 144
63 155
63 178
63 180
63 185
63 193
63 198
64 71
64 78
64 89
64 96
64 101
64 113
64 117
64 145
64 157
64 195
65 72
65 74
65 110
65 124
65 130
65 141
65 143
65 153
65 162
65 178
65 183
66 67
66 77
66 81
66 92
66 102
66 103
66 109
66 121
66 129
66 142
66 145
66 164
66 191
66 196
67 68
67 69
67 76
67 85
67 91
67 99
67 116
67 124
67 127
67 142
67 155
67 158
67 164
67 166
67 173
67 176
67 187
67 193
68 70
68 77
68 103
68 104
68 105
68 109
68 110
68 147
68 155
68 172
68 186
68 194
68 196
69 72
69 76
69 106
69 112
69 116
69 120
69 128
69 191
70 75
70 81
70 82
70 96
70 101
70 102
70 107
70 109
70 114
70 118
70 138
70 144
71 79
71 105
71 120
71 123
71 124
71 129
71 137
71 139
71 146
71 163
71 165
71 167
71 172
71 174
71 177
71 189
72 75
72 132
72 146
72 155
72 163
72 182
73 76
73 78
73 85
73 86
73 97
73 118
73 122
73 126
73 133
73 142
73 149
73 169
73 171
73 173
73 174
73 176
73 178
73 185
73 187
74 89
74 91
74 117
74 132
74 139
74 159
74 161
74 185
75 80
75 91
75 120
75 134
75 138
75 147
75 152
75 196
76 77
76 95
76 101
76 106
76 109
76 117
76 125
76 133
76 142
76 148
76 158
76 178
77 83
77 96
77 99
77 104
77 137
77 145
77 152
77 155
77 167
77 168
77 176
77 177
77 182
77 184
77 194
77 196
77 197
77 198
78 110
78 114
78 134
78 139
78 158
78 161
78 165
78 174
78 180
78 183
78 192
78 194
79 99
79 104
79 110
79 140
79 145
79 150
79 154
79 155
79 156
79 157
79 165
79 175
79 178
79 188
79 197
80 85
80 92
80 105
80 119
80 136
80 148
80 156
80 166
81 82
81 96
81 100
81 109
81 137
81 138
81 145
81 160
81 165
81 173
81 176
81 192
81 194
82 83
82 100
82 104
82 105
82 108
82 118
82 126
82 130
82 136
82 143
82 148
82 151
82 155
82 160
82 168
82 187
83 86
83 94
83 96
83 103
83 109
83 111
83 121
83 143
83 146
83 149
83 151
83 165
83 170
83 185
83 193
83 196
84 137
84 143
84 146
84 195
84 197
84 198
85 89
85 99
85 121
85 126
85 128
85 135
85 142
85 150
85 153
85 154
85 157
85 159
85 185
85 190
85 192
85 199
86 90
86 103
86 113
86 117
86 141
86 156
86 180
86 181
86 193
86 199
87 96
87 98
87 102
87 136
87 150
87 160
87 166
87 169
87 170
87 172
87 175
87 177
87 188
88 94
88 97
88 98
88 108
88 117
88 127
88 128
88 149
88 151
88 168
88 187
88 193
88 197
89 91
89 116
89 136
89 139
89 141
89 154
89 172
89 185
89 196
90 91
90 99
90 107
90 109
90 110
90 116
90 124
90 134
90 137
90 139
90 146
90 148
90 153
90 155
90 176
90 199
91 95
91 105
91 109
91 111
91 118
91 147
91 151
91 154
91 159
91 174
91 194
92 103
92 108
92 110
92 111
92 112
92 115
92 124
92 135
92 139
92 158
92 166
92 169
92 171
92 176
92 180
92 188
92 198
93 94
93 105
93 106
93 129
93 133
93 138
93 154
93 164
93 177
93 181
93 197
94 103
94 105
94 107
94 110
94 111
94 118
94 121
94 123
94 144
94 146
94 148
94 151
94 160
94 169
95 103
95 125
95 132
95 135
95 140
95 148
95 149
95 161
95 165
95 166
95 177
96 98
96 119
96 120
96 141
96 162
96 164
96 169
96 172
96 181
96 189
96 193
96 199
97 110
97 116
97 120
97 125
97 141
97 145
97 149
97 153
97 154
97 162
97 164
97 167
98 100
98 108
98 135
98 141
98 169
99 114
99 118
99 119
99 122
99 128
99 130
99 137
99 148
99 171
99 174
99 178
99 189
99 192
100 104
100 106
100 113
100 138
100 151
100 155
100 158
100 163
100 172
100 196
101 110
101 137
101 138
101 176
101 185
102 112
102 113
102 118
102 120
102 139
102 148
102 189
102 194
103 140
103 142
103 144
103 164
103 166
103 167
103 183
103 186
103 197
104 116
104 125
104 131
104 132
104 138
104 157
104 159
104 165
104 187
104 189
104 192
104 194
105 106
105 110
105 143
105 144
105 152
105 162
105 193
106 110
106 122
106 143
106 160
106 166
106 172
106 179
106 180
106 182
106 189
106 190
107 116
107 128
107 143
107 174
107 193
108 120
108 121
108 129
108 133
108 139
108 153
108 160
108 170
108 176
108 181
108 199
109 120
109 125
109 130
109 196
110 126
110 173
110 180
110 184
110 190
110 194
111 133
111 172
111 178
111 179
111 184
112 123
112 127
112 145
112 186
113 118
113 149
113 151
113 163
113 178
113 192
114 118
114 121
114 122
114 123
114 131
114 138
114 140
114 141
114 149
114 159
114 174
114 176
114 181
114 197
115 118
115 122
115 149
115 157
115 158
115 161
115 169
115 171
115 188
115 191
116 135
116 150
116 164
116 180
116 192
117 126
117 139
117 164
117 171
117 179
117 180
118 176
118 191
119 122
119 133
119 134
119 135
119 139
119 164
119 172
119 175
119 177
119 179
119 185
120 126
120 137
120 148
120 149
120 151
120 161
120 163
120 175
120 192
121 127
121 149
121 152
121 159
121 180
122 129
122 139
122 142
122 153
122 154
122 158
122 175
122 178
122 192
122 193
122 194
122 198
123 128
123 129
123 130
123 133
123 136
123 137
123 189
124 137
124 140
124 148
124 153
124 179
124 180
124 181
124 182
124 184
124 187
124 196
124 199
125 134
125 136
125 137
125 144
125 163
125 164
125 170
125 189
125 193
125 199
126 133
126 162
126 164
126 165
126 177
126 182
126 185
126 186
126 189
127 151
127 152
127 161
127 165
127 169
127 178
127 185
128 161
128 173
128 174
128 181
129 155
129 160
129 163
129 171
129 179
129 180
129 181
129 183
129 186
129 192
130 152
130 159
130 168
130 173
130 186
130 189
130 199
131 142
131 151
131 158
131 174
131 191
131 194
131 197
132 150
132 163
133 143
133 147
133 150
133 156
133 161
133 184
133 192
133 196
134 138
134 151
134 164
134 170
134 178
134 180
134 182
134 184
135 146
135 158
135 166
135 167
135 173
135 199
136 152
136 153
136 162
136 172
136 197
137 150
137 153
137 167
137 185
138 142
138 149
138 174
138 188
138 194
138 195
139 142
139 147
139 159
139 163
139 170
139 190
139 192
140 152
140 153
140 154
140 189
141 146
141 149
141 160
141 168
141 173
141 177
141 179
141 186
141 188
142 160
142 163
142 165
142 172
142 173
142 175
142 187
142 197
143 145
143 149
143 153
143 172
143 197
144 169
144 193
144 198
145 152
145 164
145 173
145 174
145 176
145 189
145 190
145 191
146 148
146 155
146 161
146 173
146 174
146 180
146 197
147 148
147 149
147 159
147 172
147 187
148 160
148 164
148 171
148 183
148 190
148 193
149 164
149 167
149 169
149 170
149 176
150 165
150 187
150 195
150 197
151 152
151 157
151 199
152 154
152 181
152 189
152 195
152 196
152 199
154 157
154 165
154 191
154 194
154 198
155 172
155 193
156 158
156 160
156 166
156 167
156 172
156 190
156 197
157 198
158 180
158 187
158 195
159 164
159 168
159 191
161 176
161 178
161 183
161 195
161 198
162 178
162 184
162 194
163 172
163 173
163 175
163 176
164 177
164 199
165 169
165 171
165 176
165 179
165 185
165 190
165 196
166 169
166 174
166 184
166 194
166 196
167 174
167 190
167 198
168 172
168 175
168 182
168 191
168 192
169 175
169 179
169 186
169 195
170 178
170 179
170 183
170 189
170 190
170 196
171 183
171 184
171 199
172 173
172 175
172 180
172 198
173 177
173 183
173 188
173 197
174 192
175 185
175 186
175 195
176 179
176 192
177 183
177 188
177 199
178 188
179 180
179 181
179 184
179 198
180 185
180 191
180 197
181 184
183 186
184 196
185 191
186 192
188 197
190 194
191 198
192 195
194 195
