0 2
0 15
0 63
0 66
0 77
0 87
0 88
0 97
0 112
0 118
0 140
0 143
0 145
0 152
0 166
0 182
0 191
0 193
1 10
1 16
1 20
1 33
1 46
1 48
1 52
1 112
1 116
1 126
1 136
1 139
1 156
1 169
1 170
1 171
1 195
1 199
2 8
2 11
2 27
2 43
2 50
2 53
2 54
2 63
2 69
2 91
2 104
2 109
2 134
2 135
2 143
2 158
2 163
2 169
2 170
2 189
2 190
3 6
3 41
3 42
3 44
3 59
3 71
3 99
3 103
3 111
3 121
3 123
3 138
3 150
3 154
3 156
3 158
3 170
3 171
3 176
3 181
3 196
3 199
4 11
4 14
4 15
4 19
4 30
4 54
4 65
4 69
4 71
4 83
4 104
4 105
4 111
4 121
4 134
4 136
4 138
4 141
4 145
4 155
4 173
4 182
4 198
4 199
5 7
5 9
5 17
5 31
5 36
5 57
5 83
5 90
5 92
5 108
5 148
5 149
5 171
5 172
5 173
5 175
5 192
6 9
6 10
6 13
6 43
6 51
6 103
6 105
6 119
6 143
6 150
6 161
6 163
6 173
6 183
6 199
7 13
7 17
7 19
7 51
7 80
7 104
7 108
7 114
7 120
7 122
7 153
7 155
7 179
7 184
7 190
8 18
8 26
8 34
8 39
8 42
8 45
8 54
8 56
8 64
8 68
8 100
8 106
8 111
8 114
8 116
8 118
8 121
8 126
8 127
8 133
8 134
8 139
8 145
8 151
8 176
8 177
8 184
8 191
8 196
9 14
9 28
9 36
9 49
9 50
9 58
9 68
9 73
9 76
9 83
9 99
9 107
9 113
9 120
9 132
9 133
9 136
9 144
9 159
9 160
9 194
9 195
10 20
10 22
10 45
10 52
10 57
10 63
10 67
10 79
10 80
10 90
10 103
10 108
10 111
10 114
10 115
10 118
10 174
10 175
10 181
10 182
11 14
11 41
11 45
11 47
11 61
11 63
11 74
11 78
11 90
11 95
11 101
11 137
11 156
11 160
11 168
11 169
12 14
12 34
12 48
12 54
12 69
12 74
12 89
12 110
12 115
12 131
12 132
12 141
12 142
12 151
12 160
12 161
12 171
12 183
12 190
13 23
13 35
13 55
13 68
13 73
13 74
13 78
13 105
13 110
13 112
13 116
13 118
13 150
13 158
13 162
13 175
13 187
13 192
13 198
14 36
14 39
14 56
14 58
14 80
14 106
14 108
14 129
14 174
14 187
14 191
14 195
15 24
15 50
15 54
15 56
15 57
15 61
15 66
15 68
15 87
15 103
15 110
15 118
15 119
15 128
15 135
15 136
15 147
15 148
15 156
15 163
15 165
15 166
15 168
15 185
16 21
16 37
16 50
16 64
16 82
16 109
16 112
16 118
16 119
16 141
16 146
16 163
16 166
16 179
16 184
16 191
17 23
17 34
17 42
17 57
17 59
17 62
17 74
17 76
17 85
17 93
17 96
17 117
17 123
17 154
17 159
17 167
17 175
17 178
17 191
17 194
18 20
18 33
18 40
18 61
18 77
18 81
18 97
18 98
18 116
18 126
18 132
18 143
18 153
18 168
18 181
18 183
18 184
18 192
19 24
19 32
19 42
19 43
19 45
19 47
19 71
19 73
19 81
19 86
19 107
19 108
19 118
19 124
19 128
19 130
19 131
19 136
19 147
19 159
19 162
19 163
19 164
19 169
19 173
19 178
19 198
20 29
20 30
20 38
20 43
20 47
20 56
20 86
20 87
20 92
20 104
20 105
20 125
20 140
20 147
20 172
21 51
21 58
21 68
21 69
21 99
21 124
21 137
21 155
21 156
21 174
21 184
22 28
22 45
22 53
22 54
22 66
22 85
22 122
22 127
22 137
22 139
22 142
22 145
22 157
22 158
22 170
22 178
22 185
22 193
22 197
23 32
23 40
23 44
23 45
23 46
23 63
23 85
23 91
23 93
23 127
23 131
23 179
23 186
23 189
23 195
23 196
23 197
24 31
24 40
24 44
24 65
24 79
24 97
24 107
24 108
24 120
24 128
24 132
24 152
24 162
24 178
24 189
25 44
25 50
25 59
25 65
25 70
25 76
25 77
25 82
25 92
25 98
25 100
25 119
25 129
25 138
25 148
25 150
25 151
25 167
25 178
25 182
25 197
25 199
26 35
26 49
26 65
26 69
26 77
26 89
26 100
26 114
26 116
26 140
26 146
26 160
26 161
27 34
27 57
27 67
27 83
27 147
27 157
27 172
27 182
27 193
27 195
27 196
28 33
28 35
28 37
28 38
28 40
28 50
28 68
28 78
28 79
28 95
28 100
28 111
28 119
28 120
28 121
28 130
28 144
28 173
28 179
28 180
28 192
28 195
28 196
28 197
29 37
29 42
29 55
29 63
29 71
29 74
29 117
29 120
29 140
29 141
29 152
29 157
29 175
29 197
30 47
30 49
30 54
30 56
30 58
30 65
30 69
30 75
30 76
30 88
30 94
30 110
30 120
30 126
30 132
30 143
30 150
30 163
30 173
30 187
31 48
31 63
31 69
31 70
31 71
31 73
31 102
31 103
31 112
31 117
31 118
31 126
31 140
31 157
31 175
31 190
32 72
32 75
32 78
32 101
32 118
32 119
32 124
32 125
32 133
32 142
32 163
32 183
32 184
33 35
33 46
33 48
33 53
33 57
33 63
33 76
33 79
33 101
33 105
33 125
33 127
33 142
33 144
33 147
33 153
33 162
33 168
33 173
33 193
34 35
34 45
34 73
34 75
34 79
34 80
34 87
34 90
34 103
34 105
34 118
34 126
34 134
34 136
34 139
34 150
34 157
34 180
34 191
35 41
35 44
35 45
35 50
35 61
35 64
35 65
35 94
35 105
35 107
35 108
35 122
35 133
35 135
35 145
35 155
35 161
35 164
36 40
36 49
36 51
36 54
36 66
36 70
36 74
36 78
36 85
36 89
36 92
36 96
36 97
36 130
36 150
36 156
36 158
36 182
36 187
37 48
37 51
37 52
37 53
37 86
37 97
37 101
37 104
37 108
37 110
37 117
37 118
37 123
37 124
37 129
37 133
37 137
37 151
37 152
37 156
37 159
37 162
37 169
37 171
37 177
37 181
37 183
37 186
37 192
37 193
38 66
38 67
38 82
38 88
38 110
38 111
38 112
38 118
38 131
38 140
38 142
38 143
38 144
38 150
38 190
39 54
39 58
39 59
39 66
39 73
39 75
39 76
39 78
39 81
39 93
39 94
39 97
39 98
39 99
39 104
39 148
39 160
39 165
39 185
39 187
39 192
39 197
39 198
40 42
40 53
40 60
40 71
40 76
40 81
40 97
40 101
40 102
40 118
40 129
40 136
40 144
40 147
40 150
40 153
40 159
40 166
40 190
40 199
41 47
41 48
41 57
41 64
41 70
41 75
41 78
41 81
41 110
41 124
41 139
41 141
41 142
41 144
41 153
41 172
41 174
41 175
42 49
42 51
42 54
42 56
42 71
42 77
42 89
42 106
42 123
42 159
42 168
42 169
42 174
42 194
42 195
42 197
43 58
43 70
43 80
43 102
43 105
43 106
43 116
43 136
43 144
43 146
43 155
43 161
43 164
43 171
43 175
43 178
43 189
44 50
44 52
44 53
44 55
44 58
44 60
44 64
44 67
44 73
44 75
44 99
44 104
44 122
44 143
44 149
44 164
44 167
44 168
44 169
44 171
44 187
45 53
45 56
45 66
45 70
45 73
45 80
45 81
45 83
45 89
45 107
45 117
45 119
45 141
45 143
45 155
45 158
45 160
45 167
45 180
45 190
46 64
46 65
46 78
46 80
46 98
46 99
46 107
46 112
46 126
46 139
46 141
46 144
46 169
46 191
46 197
47 61
47 62
47 66
47 77
47 79
47 99
47 107
47 116
47 123
47 125
47 140
47 170
47 173
47 183
47 189
48 54
48 59
48 61
48 72
48 84
48 93
48 109
48 113
48 116
48 118
48 130
48 132
48 160
48 173
48 177
48 178
48 181
48 182
48 189
48 190
49 56
49 57
49 64
49 69
49 102
49 107
49 144
49 146
49 157
49 159
49 169
50 57
50 61
50 73
50 90
50 112
50 131
50 184
50 192
51 60
51 61
51 65
51 68
51 73
51 80
51 93
51 96
51 103
51 117
51 120
51 124
51 129
51 134
51 138
51 143
51 179
51 190
52 57
52 101
52 102
52 108
52 115
52 121
52 186
52 189
52 199
53 73
53 102
53 115
53 117
53 123
53 142
53 148
53 153
53 154
53 159
53 172
53 175
53 193
54 82
54 94
54 103
54 104
54 105
54 124
54 127
54 153
54 178
54 196
55 64
55 70
55 140
55 142
55 143
55 144
55 152
55 160
55 164
55 175
55 176
55 193
56 61
56 102
56 137
56 145
56 149
56 166
56 178
56 181
56 182
56 183
56 186
56 190
57 62
57 82
57 92
57 94
57 98
57 101
57 104
57 109
57 110
57 111
57 117
57 128
57 144
57 176
58 59
58 75
58 87
58 90
58 102
58 133
58 154
58 161
58 166
58 178
58 185
58 192
58 194
59 61
59 65
59 67
59 86
59 91
59 108
59 112
59 120
59 130
59 136
59 138
59 145
59 158
59 185
59 187
60 77
60 78
60 89
60 90
60 101
60 116
60 125
60 133
61 81
61 83
61 95
61 96
61 109
61 118
61 137
61 144
61 145
61 164
61 175
61 188
61 189
62 79
62 85
62 95
62 102
62 105
62 119
62 124
62 146
62 175
62 178
62 182
62 188
62 199
63 70
63 84
63 96
63 104
63 112
63 124
63 134
63 137
63 146
63 181
63 185
63 191
64 70
64 76
64 80
64 84
64 90
64 92
64 96
64 98
64 103
64 107
64 110
64 116
64 122
64 126
64 127
64 142
64 151
64 161
64 171
64 182
64 186
65 147
65 150
65 157
65 163
65 165
65 177
65 184
65 188
66 77
66 87
66 95
66 123
66 138
66 145
66 157
66 159
66 181
66 192
66 197
67 86
67 108
67 114
67 120
67 131
67 139
67 148
67 151
67 160
67 176
67 183
67 189
68 73
68 80
68 88
68 105
68 107
68 113
68 127
68 130
68 136
68 139
68 144
68 147
68 150
68 156
68 173
68 180
68 186
68 187
68 197
68 199
69 88
69 94
69 110
69 115
69 122
69 128
69 146
69 178
69 183
69 189
69 197
69 198
70 86
70 89
70 98
70 99
70 102
70 103
70 109
70 110
70 115
70 121
70 125
70 126
70 156
70 165
70 174
70 186
70 198
71 74
71 105
71 110
71 127
71 128
71 137
71 159
71 176
71 190
71 196
71 199
72 86
72 87
72 88
72 104
72 108
72 129
72 133
72 156
72 177
72 187
72 191
73 77
73 84
73 89
73 90
73 121
73 129
73 143
73 148
73 149
73 151
73 164
73 192
74 79
74 91
74 92
74 120
74 129
74 136
74 144
74 146
74 157
74 160
74 166
74 171
74 180
74 187
74 190
74 196
75 76
75 81
75 92
75 98
75 113
75 127
75 149
75 150
75 157
75 186
75 189
76 99
76 116
76 124
76 129
76 142
76 155
76 162
76 173
76 178
76 197
77 88
77 92
77 101
77 132
77 145
77 150
77 151
77 160
77 195
77 197
78 84
78 90
78 92
78 97
78 99
78 102
78 126
78 130
78 131
78 160
78 174
78 175
78 176
78 182
78 198
79 88
79 89
79 96
79 98
79 107
79 112
79 117
79 123
79 124
79 133
79 136
79 148
79 158
79 172
79 173
79 188
79 191
79 195
80 107
80 108
80 113
80 127
80 145
80 149
80 151
80 157
80 164
80 181
80 194
81 86
81 89
81 94
81 103
81 122
81 123
81 127
81 130
81 147
81 150
81 154
81 184
81 199
82 84
82 89
82 108
82 110
82 127
82 132
82 139
82 142
82 144
82 149
82 160
83 105
83 120
83 145
83 156
83 167
83 170
83 177
83 179
84 87
84 102
84 104
84 108
84 109
84 115
84 116
84 136
84 154
84 155
84 160
84 163
84 167
84 168
84 173
84 185
84 186
84 188
84 191
84 198
84 199
85 106
85 107
85 113
85 123
85 132
85 135
85 190
86 93
86 94
86 124
86 125
86 152
86 158
86 168
86 180
87 109
87 128
87 143
87 145
87 165
87 167
87 174
87 175
87 180
88 104
88 140
88 155
88 160
88 184
88 191
88 193
88 197
89 104
89 130
89 151
89 157
89 161
89 177
89 179
89 183
89 191
89 193
89 197
90 97
90 100
90 107
90 109
90 151
90 154
90 173
90 183
91 100
91 101
91 112
91 119
91 140
91 141
91 145
91 152
91 154
91 177
91 179
91 193
92 94
92 100
92 112
92 136
92 137
92 139
92 144
92 177
93 113
93 131
93 136
94 96
94 102
94 108
94 116
94 128
94 145
94 148
94 151
94 165
94 171
94 181
94 183
94 187
95 104
95 107
95 117
95 124
95 149
95 162
95 174
95 182
95 183
95 189
95 192
95 195
96 98
96 110
96 115
96 119
96 120
96 123
96 133
96 134
96 142
96 144
96 150
96 158
96 197
96 199
97 116
97 124
97 136
97 150
97 163
97 177
97 179
97 180
97 186
97 198
98 102
98 119
98 122
98 136
98 142
98 148
98 182
98 183
99 142
99 151
99 158
100 113
100 121
100 129
100 134
100 145
100 168
100 183
100 189
100 196
101 113
101 122
101 135
101 165
101 169
101 181
101 192
102 103
102 118
102 134
102 145
102 151
102 152
102 153
102 180
102 187
102 192
102 194
103 106
103 109
103 112
103 139
103 156
103 163
103 167
103 179
103 192
103 196
104 108
104 109
104 111
104 118
104 129
104 130
104 143
104 156
104 158
104 164
104 180
104 188
105 113
105 117
105 120
105 121
105 124
105 135
105 143
105 186
105 199
106 114
106 115
106 122
106 138
106 140
106 144
106 173
106 188
107 117
107 124
107 132
107 135
107 148
107 151
107 152
107 161
107 167
107 175
107 178
107 183
107 196
108 112
108 115
108 123
108 124
108 139
108 145
108 146
108 163
108 167
108 180
108 197
109 110
109 111
109 121
109 128
109 139
109 146
109 148
109 155
109 160
109 182
109 186
109 187
109 189
109 195
109 197
110 120
110 125
110 133
110 144
110 150
110 171
110 176
110 177
111 112
111 113
111 127
111 135
111 144
111 172
111 199
112 125
112 127
112 132
112 143
112 182
112 185
112 191
113 123
113 128
113 129
113 149
113 163
113 171
113 174
113 193
113 197
114 116
114 129
114 153
114 154
114 181
115 125
115 128
115 132
115 141
115 143
115 160
115 169
115 184
115 198
116 119
116 140
116 165
116 172
116 186
117 125
117 143
117 149
117 156
117 161
117 163
117 188
118 119
118 135
118 150
118 157
118 178
118 182
118 187
118 188
119 122
119 131
119 151
119 160
119 168
119 171
119 175
119 187
119 198
120 135
120 137
120 139
120 140
120 155
120 164
120 176
120 178
120 181
120 187
120 191
120 199
121 123
121 140
121 142
121 154
121 178
121 186
121 189
121 192
122 125
122 129
122 148
122 152
122 175
122 189
122 192
123 130
123 131
123 136
123 142
123 144
123 145
123 152
123 164
123 167
123 175
123 177
123 184
123 185
123 186
123 190
123 192
124 142
124 146
124 171
124 175
124 178
124 181
124 182
124 187
124 191
124 192
124 193
125 127
125 173
125 193
125 199
126 131
126 134
126 135
126 142
126 147
126 159
126 191
127 139
127 151
127 164
127 166
127 174
127 187
127 194
128 145
128 149
128 173
129 132
129 135
129 140
129 147
129 156
129 171
129 183
129 189
129 195
130 141
130 146
130 149
130 156
130 161
130 170
130 175
130 188
130 189
130 198
131 153
131 163
131 195
132 146
132 150
132 170
132 173
133 136
133 143
133 154
133 163
134 143
134 154
134 165
134 182
134 192
134 195
134 197
135 139
135 161
135 162
135 182
135 192
136 140
136 146
136 149
136 156
136 163
136 164
136 169
136 173
136 182
136 190
136 191
136 197
137 143
137 162
137 163
137 168
137 171
137 172
137 180
137 181
137 182
137 183
137 191
137 197
138 160
138 173
138 180
139 144
139 157
139 162
139 176
139 185
139 189
139 191
140 147
140 171
140 178
140 181
140 191
140 193
140 198
141 161
141 168
141 175
141 186
141 193
141 195
142 158
142 160
142 164
143 167
143 180
143 182
143 183
143 195
144 160
144 161
144 169
144 183
144 190
145 152
145 162
145 163
145 165
145 169
145 178
145 185
145 189
145 195
145 196
146 151
146 163
146 172
146 174
146 188
147 148
147 153
147 154
147 155
147 157
147 161
147 162
147 175
147 176
147 179
147 181
147 185
148 160
148 165
148 167
148 177
148 179
148 184
148 185
149 169
149 170
149 177
149 185
150 151
150 159
150 162
150 172
150 174
150 178
150 183
150 194
150 196
151 152
151 163
151 198
152 156
152 167
152 174
152 182
152 184
152 193
153 187
154 199
155 157
155 165
155 167
155 186
155 187
155 189
155 190
155 195
156 164
156 180
156 196
157 162
157 169
157 171
157 185
157 188
157 191
157 198
158 188
159 163
159 189
159 191
160 162
160 167
160 169
160 175
160 189
161 190
162 184
162 187
162 188
162 194
163 168
163 176
163 189
163 195
163 197
164 175
164 177
164 179
164 187
164 192
166 172
166 179
167 169
167 176
167 190
168 169
168 173
168 174
168 177
169 170
169 173
169 177
169 182
169 190
169 194
169 198
169 199
170 171
170 178
170 183
171 173
171 177
171 188
172 176
172 182
172 197
173 179
173 191
173 194
174 180
174 181
174 189
174 191
174 197
175 181
175 199
176 190
176 192
176 193
176 196
177 183
177 185
177 188
177 197
178 179
179 199
180 184
181 195
181 196
181 198
182 188
182 196
183 193
184 187
184 196
184 198
185 188
185 198
186 191
188 195
190 193
190 197
193 196
194 196
196 198
196 199
