72 80
143 4
103 5
40 17
66 14
81 186
169 3
3 5
92 16
4 12
128 199
65 17
80 107
107 2
98 5
62 85
116 141
123 12
39 113
72 1
50 175
104 7
23 7
41 117
128 5
181 17
4 18
141 1
50 3
189 14
60 134
15 19
2 11
116 131
129 5
47 107
6 14
163 11
70 150
20 12
105 16
3 12
54 61
29 147
110 114
192 11
24 0
71 72
96 17
40 9
111 8
75 10
65 12
43 147
51 13
168 5
178 6
38 16
97 109
125 16
27 18
132 159
105 3
114 4
23 183
122 125
175 12
88 14
84 124
87 14
30 3
151 160
161 5
42 1
26 16
20 8
183 15
140 19
190 4
92 14
157 11
80 0
152 154
125 19
71 74
80 1
152 10
31 3
75 16
2 7
106 19
123 17
36 168
70 4
72 198
117 166
48 15
10 18
2 12
69 172
191 7
184 12
120 18
91 7
179 11
90 159
27 157
148 19
68 7
34 2
173 186
110 12
101 19
61 78
195 14
186 19
157 14
170 12
164 5
43 46
36 195
106 6
33 4
158 13
40 178
125 7
130 0
87 7
154 15
175 10
125 12
144 12
57 1
170 186
111 151
115 15
59 96
26 18
28 15
137 176
63 6
97 7
136 181
66 0
137 9
56 102
184 8
191 4
175 187
31 19
80 4
130 11
133 165
176 190
112 162
61 8
145 1
132 16
40 57
86 7
152 17
123 18
155 14
23 105
89 176
138 193
92 10
181 8
173 11
194 13
71 5
101 16
144 14
124 132
54 92
180 3
77 0
20 144
87 15
106 4
176 9
118 13
47 2
64 5
22 1
115 0
66 181
187 13
148 18
2 10
29 0
29 199
140 149
141 3
62 180
37 5
106 188
114 12
191 2
140 152
78 15
195 11
82 16
88 3
155 19
39 138
76 15
88 10
149 16
32 196
170 6
183 17
186 8
5 18
76 18
104 1
75 125
37 187
182 1
155 12
98 151
163 5
156 13
54 72
27 91
165 187
134 5
84 8
42 185
0 3
90 91
168 10
50 112
31 112
96 16
34 15
183 18
143 198
104 183
21 16
102 2
73 4
41 142
119 0
23 12
81 93
55 161
45 4
84 11
86 16
21 6
166 0
185 189
12 14
128 188
98 101
37 15
42 100
138 4
89 9
92 150
83 116
21 2
3 19
125 4
25 128
75 86
173 16
25 104
142 19
51 158
30 5
154 12
193 14
50 103
124 0
115 3
74 126
52 15
86 198
2 4
110 8
86 13
102 18
31 67
146 3
163 13
46 157
175 18
82 18
48 11
197 3
53 7
41 13
38 13
101 15
99 3
74 2
146 12
170 7
30 41
1 15
6 8
108 181
176 15
104 17
87 126
179 18
189 13
87 172
62 100
198 17
147 5
111 11
106 0
107 197
85 4
172 10
131 7
108 185
12 19
104 3
4 7
46 3
21 118
56 104
76 170
99 19
98 155
128 194
22 97
3 11
140 15
172 14
73 8
28 140
166 3
39 64
49 6
0 14
173 19
51 0
82 136
183 5
96 197
67 114
124 9
44 5
25 16
22 123
33 111
188 16
99 18
106 8
143 8
182 6
148 11
20 72
109 15
181 197
80 178
92 11
152 9
104 12
63 8
12 13
65 14
195 6
126 7
198 4
190 6
42 7
105 19
24 4
108 6
89 4
73 3
154 9
97 131
134 14
73 98
68 2
131 170
196 3
53 18
28 151
164 4
74 99
36 4
92 9
51 167
42 77
43 12
36 11
177 12
127 9
181 11
142 14
40 78
21 150
197 16
68 19
174 13
70 15
11 18
150 12
54 12
59 70
25 17
35 18
37 8
35 7
180 14
109 11
52 12
133 8
71 195
57 14
131 8
169 185
78 196
32 133
123 3
8 13
47 54
14 16
80 9
138 18
73 16
79 2
13 18
199 5
68 5
113 6
88 99
50 6
111 12
148 4
25 1
162 3
23 107
148 7
39 11
112 7
70 147
73 178
197 14
24 146
149 14
24 14
122 17
148 12
45 165
54 175
120 16
60 9
90 194
150 179
133 18
168 169
95 16
106 11
123 15
94 129
77 188
58 4
47 81
96 1
35 14
114 177
46 120
64 10
8 15
44 186
65 182
51 171
20 4
1 4
165 6
49 13
57 91
34 8
21 174
72 119
63 4
42 2
7 14
62 13
82 17
56 174
41 196
165 5
138 12
11 17
98 116
87 19
182 0
112 3
159 2
189 0
110 4
32 14
161 19
97 13
102 172
152 156
62 92
87 11
34 152
137 191
150 8
139 16
39 45
56 12
188 12
109 0
158 0
110 14
190 17
59 1
77 103
23 81
89 1
195 9
121 16
126 3
109 150
152 189
86 3
179 7
10 13
139 0
45 68
92 106
184 0
156 12
31 13
199 1
74 1
47 12
74 3
96 109
8 11
20 15
5 19
67 167
51 140
78 154
149 198
195 0
140 17
68 1
75 158
120 6
115 11
4 19
196 2
76 89
114 14
157 13
67 75
45 7
97 6
92 12
80 19
48 16
1 7
70 187
69 11
72 188
35 6
137 16
175 11
69 15
60 11
86 5
108 19
37 9
64 8
41 1
46 7
92 143
67 1
46 11
58 129
26 193
20 91
58 6
187 6
155 1
133 4
0 13
51 193
57 6
20 57
28 5
199 0
108 13
132 10
97 182
25 3
185 10
53 126
67 0
61 16
5 15
4 5
54 5
121 182
7 9
62 2
105 6
168 12
46 15
193 198
124 13
130 163
172 8
45 164
39 19
154 18
64 175
176 8
42 110
42 145
49 12
60 139
149 11
128 3
154 10
71 177
168 13
144 2
187 16
160 181
4 8
54 2
78 10
118 14
125 3
94 8
110 3
61 17
183 9
142 12
168 1
99 17
110 11
40 5
101 2
159 11
118 129
21 126
127 154
69 7
2 18
99 14
172 7
60 115
79 7
52 9
89 5
169 173
183 19
81 107
39 17
178 9
98 180
4 11
55 148
78 176
100 10
154 17
142 0
23 18
112 0
44 66
174 19
2 17
56 191
51 166
0 9
30 50
87 99
157 17
80 13
141 11
178 14
158 7
152 18
151 183
44 163
45 61
60 14
100 7
111 177
127 19
141 9
108 168
154 14
38 19
152 0
51 4
178 3
64 1
29 57
135 2
5 13
66 67
164 16
94 104
83 122
59 101
188 5
92 192
20 160
153 1
124 183
59 12
38 4
7 11
58 198
6 15
111 18
139 10
143 5
109 158
116 4
157 12
116 8
3 8
87 2
5 11
86 152
15 16
95 164
62 99
36 46
191 3
103 3
2 8
90 6
29 11
179 0
143 7
105 10
42 105
162 7
158 197
73 0
140 13
88 16
143 18
82 140
32 5
106 10
44 15
124 4
99 0
138 1
92 18
196 16
49 1
119 6
53 193
58 157
65 144
112 10
66 8
83 176
66 13
53 11
149 15
166 8
193 13
185 13
92 6
37 11
175 177
161 17
49 90
181 7
179 180
84 155
65 5
42 11
84 10
117 0
54 96
162 1
62 167
106 16
99 141
188 15
110 141
147 13
23 86
56 0
126 11
97 18
149 5
189 9
77 11
127 150
16 18
11 15
32 185
72 5
79 163
106 1
31 18
30 134
162 13
148 3
77 15
154 162
4 17
50 12
50 18
38 145
173 6
46 6
106 7
65 3
171 13
107 3
40 107
119 16
3 16
35 3
95 3
122 12
138 3
39 1
30 154
72 185
60 15
169 1
189 15
140 3
107 17
25 19
26 10
68 139
134 7
121 3
43 75
104 156
67 16
197 1
36 12
138 5
0 19
98 124
63 113
29 198
80 3
40 19
2 6
82 182
63 14
91 2
185 193
174 192
91 93
54 55
43 50
36 19
45 90
9 14
104 18
60 133
139 198
180 12
72 4
7 16
146 18
159 9
4 14
49 3
8 10
158 4
79 111
162 18
94 17
20 19
1 9
1 10
41 42
31 48
25 2
54 83
141 177
25 172
92 4
151 161
98 8
129 15
145 163
128 172
118 15
10 19
147 185
77 6
148 13
139 18
156 18
79 187
7 19
127 3
191 6
20 42
185 18
74 6
154 4
62 4
75 91
90 3
45 9
41 16
96 15
31 108
199 19
78 193
97 14
35 4
117 18
117 8
199 6
58 90
143 167
111 9
45 5
21 47
177 197
153 179
77 17
72 0
41 73
114 1
180 17
134 1
56 169
149 19
28 133
56 11
34 197
8 17
78 13
54 59
94 6
90 114
159 4
176 0
124 17
5 12
178 7
134 18
160 13
8 14
169 174
182 15
79 192
84 93
29 16
187 11
95 9
109 16
182 12
195 10
75 19
31 1
153 11
109 155
34 190
130 10
124 178
163 19
35 182
148 6
171 187
50 13
46 1
146 15
105 13
79 4
108 11
66 10
64 78
85 10
107 11
43 9
87 12
93 5
78 5
125 1
69 18
50 74
98 18
188 19
156 10
69 100
9 17
184 15
25 9
153 15
81 14
175 15
70 194
140 4
123 8
167 17
38 8
192 18
185 0
35 109
131 1
179 4
121 190
102 7
140 18
148 16
0 8
21 42
44 11
146 16
54 19
130 12
178 1
166 10
118 12
134 144
97 3
92 184
8 12
24 5
49 9
59 187
68 16
79 193
65 13
26 100
9 16
30 184
71 187
84 16
156 183
121 10
169 9
138 176
179 12
129 8
55 79
34 17
90 5
128 13
93 19
101 130
2 19
88 1
115 6
195 18
84 9
175 19
15 17
52 178
95 8
14 18
71 134
52 87
151 0
45 6
63 3
150 16
38 2
56 196
4 10
136 186
197 0
179 8
88 2
33 121
199 11
160 14
152 1
42 108
109 4
47 10
121 15
120 140
64 158
49 15
107 155
82 15
112 18
153 12
76 16
69 12
152 165
93 106
169 12
140 6
71 188
115 157
60 180
51 17
144 182
177 18
66 1
96 13
3 14
109 19
1 5
92 5
92 134
186 9
64 7
194 7
170 9
156 1
186 195
189 7
30 0
64 18
33 5
46 135
6 19
10 14
40 0
81 101
25 153
0 18
167 13
133 2
77 1
168 15
159 12
107 10
133 15
103 137
132 7
2 3
115 188
146 4
126 183
111 127
60 191
24 198
20 10
120 138
189 196
1 13
47 111
3 6
167 16
53 13
20 2
192 5
50 89
25 18
111 121
65 8
78 149
138 153
161 9
70 2
79 18
50 52
99 15
98 3
197 19
33 71
26 2
76 97
51 160
102 13
38 80
112 2
185 12
159 10
65 169
136 191
161 8
0 16
50 10
163 9
89 17
45 13
87 1
72 17
136 19
56 15
0 11
54 10
173 4
97 0
78 0
160 1
162 10
156 17
162 5
158 2
144 11
5 17
71 197
1 17
58 85
63 76
71 157
1 8
32 10
91 18
35 162
144 19
59 8
151 4
185 19
151 7
55 2
135 9
145 147
124 180
84 12
98 4
21 10
127 11
142 185
49 18
11 13
35 0
186 2
4 16
91 123
142 10
81 132
132 17
76 8
174 16
170 1
26 156
34 53
169 13
27 17
83 93
50 111
84 125
59 90
36 6
180 1
24 47
167 14
79 166
131 163
43 10
64 12
7 8
162 165
84 3
52 17
39 4
65 192
147 18
172 187
61 12
89 12
52 0
90 7
174 9
82 7
58 184
186 18
88 18
12 16
144 0
94 154
36 3
129 9
40 4
28 80
72 15
169 7
76 11
140 1
129 194
58 137
24 18
77 144
6 16
37 75
31 111
109 14
57 3
133 1
158 9
77 2
86 187
21 156
86 17
51 14
168 19
78 172
117 157
0 10
178 17
141 8
103 2
20 53
125 127
102 8
27 3
122 164
97 161
157 3
66 127
3 7
191 14
37 1
64 17
60 2
191 0
135 8
85 17
167 18
40 16
164 14
147 12
120 7
32 88
13 16
30 121
193 19
56 90
118 10
17 18
1 12
122 5
168 4
30 12
158 16
96 5
108 16
82 4
38 50
131 16
83 17
43 175
48 125
44 2
147 15
80 8
10 12
102 147
64 11
29 46
75 15
0 1
34 16
193 10
78 151
137 7
183 7
114 120
150 17
50 8
56 6
48 189
130 3
23 19
56 164
43 4
135 171
162 19
69 5
21 56
102 0
193 1
71 1
91 198
128 8
31 8
69 13
32 80
45 8
94 13
61 0
11 14
70 191
106 9
31 190
28 6
136 2
71 12
49 187
198 0
31 148
107 5
179 193
152 7
26 12
150 183
162 8
106 13
94 0
123 5
39 41
149 9
159 162
33 7
88 6
166 15
33 133
67 6
110 120
119 13
171 5
111 6
145 148
68 199
48 3
84 19
77 16
75 199
133 0
41 6
65 181
59 10
62 16
47 7
152 19
1 19
108 17
100 143
41 9
103 1
79 19
78 146
55 6
66 11
91 1
0 12
170 17
152 3
145 5
186 0
146 8
20 76
173 9
34 143
123 166
100 11
71 17
30 18
133 10
103 6
64 14
52 7
167 15
32 6
165 12
114 9
118 8
54 121
173 5
133 19
31 4
27 5
181 4
108 10
140 12
147 2
147 182
152 11
141 19
145 165
26 105
75 18
33 19
91 15
69 173
102 15
166 7
85 6
41 138
48 9
184 6
184 4
51 97
75 127
130 5
98 172
161 0
103 164
177 17
138 184
130 2
83 12
164 0
128 12
127 6
44 52
3 13
41 63
74 17
199 14
143 1
42 19
12 18
112 19
75 198
71 186
30 177
35 124
110 9
20 16
89 10
189 18
27 165
159 8
160 0
193 16
90 18
23 9
51 11
132 9
122 19
57 18
165 9
166 9
177 13
118 17
100 1
115 170
176 19
36 159
143 15
199 2
136 12
177 9
182 195
92 107
32 4
176 2
31 141
52 120
100 6
50 9
160 6
44 176
148 2
37 0
39 169
137 0
128 15
21 93
24 2
78 99
197 8
95 11
192 14
95 124
44 3
79 11
123 125
70 18
21 98
78 171
138 10
118 4
68 3
89 110
60 163
108 186
36 9
95 5
130 15
46 14
176 13
59 133
127 0
5 16
147 181
52 11
139 12
54 9
154 180
177 10
114 168
155 18
149 1
51 82
102 1
191 18
26 176
155 15
149 17
69 4
97 114
117 6
71 16
43 173
36 102
138 9
69 2
109 197
26 7
63 10
1 3
151 16
156 158
120 5
58 2
134 6
166 4
43 11
142 154
150 13
47 14
73 172
28 11
76 0
128 19
124 15
179 10
83 9
134 13
120 14
136 3
60 0
161 16
22 9
36 2
77 13
48 18
34 11
103 12
64 6
81 97
150 177
5 10
71 18
55 197
127 157
194 6
78 136
196 19
111 119
93 115
10 15
1 11
166 6
189 199
58 7
189 5
57 74
85 178
76 117
110 16
144 156
190 11
194 12
131 14
126 5
31 197
152 14
74 76
83 173
47 17
161 12
68 187
141 7
58 155
141 13
54 198
147 14
155 6
148 1
65 4
116 15
36 16
100 12
42 12
93 161
35 133
156 19
25 190
146 7
68 86
161 14
88 19
121 17
9 13
80 6
134 155
84 156
114 197
52 123
198 6
37 13
39 62
7 18
136 143
0 6
44 1
41 4
28 61
36 197
174 4
76 17
88 11
98 19
21 8
194 16
38 178
57 0
176 12
144 1
46 16
66 175
46 18
99 10
63 84
177 1
61 5
151 2
49 124
116 0
83 5
40 13
125 13
55 8
23 13
36 114
54 145
172 2
121 123
51 2
81 11
164 18
1 6
29 2
14 15
131 18
130 14
104 16
41 11
145 194
27 77
160 10
195 4
194 2
183 0
64 0
135 18
180 15
193 17
41 68
69 142
111 4
88 159
67 82
113 18
37 117
178 10
169 17
6 18
153 4
81 118
72 14
106 112
57 13
74 13
106 169
169 19
174 8
120 0
50 126
53 0
116 12
1 14
146 147
94 195
86 199
58 11
62 199
53 9
176 6
97 19
35 92
119 19
51 12
125 10
112 12
0 2
122 14
45 180
52 193
95 6
175 13
54 6
98 9
172 3
23 11
26 14
192 8
99 6
163 18
25 65
59 132
40 164
27 8
85 5
60 121
146 1
183 14
72 19
41 134
163 6
100 192
106 163
129 1
127 198
94 142
151 10
28 173
112 123
61 144
134 19
59 5
29 91
143 12
49 14
149 3
104 144
44 16
111 15
144 10
1 2
175 0
94 124
28 77
146 0
195 7
198 15
22 23
82 13
151 9
40 130
23 17
52 80
29 14
32 79
21 17
39 3
86 15
179 5
168 8
31 180
174 7
29 6
170 4
55 13
110 15
145 9
170 2
167 19
8 18
40 133
158 14
90 9
70 19
100 9
77 14
81 16
134 12
147 17
113 2
20 135
86 1
22 13
125 0
39 15
58 183
199 15
3 17
36 10
85 18
148 178
133 164
23 0
196 1
32 177
163 187
23 6
26 126
68 15
136 196
181 9
32 98
7 15
117 5
126 6
123 2
167 4
59 103
37 12
155 5
46 64
46 70
190 9
25 170
155 8
33 10
87 3
85 8
172 6
77 12
179 14
63 112
66 18
125 6
121 12
71 7
150 2
180 2
193 15
20 18
84 7
100 181
26 5
50 7
153 196
46 17
177 181
71 77
67 12
128 11
109 2
110 10
43 189
91 19
56 183
196 12
90 4
94 4
29 9
54 167
26 13
126 176
79 101
166 13
48 10
84 14
95 19
150 6
88 112
98 119
38 12
193 5
40 18
126 8
156 15
95 12
96 132
151 17
64 19
33 196
167 12
165 4
64 4
27 11
53 119
56 3
49 0
168 18
75 7
145 15
173 1
72 8
8 16
130 7
76 174
22 18
103 14
142 13
12 17
34 94
27 4
23 3
104 0
75 8
10 17
160 8
71 9
24 3
52 136
25 4
39 40
112 4
6 10
199 4
58 3
1 18
190 13
81 7
54 14
107 9
186 4
105 12
105 188
164 1
30 9
91 5
154 175
123 14
181 14
191 16
4 15
84 17
91 10
66 132
178 12
88 8
197 4
65 0
117 11
174 6
159 183
183 1
130 143
33 3
190 5
104 14
45 128
25 152
62 90
166 189
165 10
105 1
144 9
5 6
113 5
94 18
95 166
78 198
69 166
137 2
125 9
28 141
87 4
9 10
117 10
39 16
175 193
28 17
174 191
40 11
36 41
43 3
146 13
5 9
111 168
150 18
42 16
80 128
141 4
116 133
151 174
87 89
199 12
40 100
2 5
139 6
11 16
28 114
61 3
114 10
29 12
35 195
60 93
87 166
71 98
3 18
177 14
57 187
160 18
45 15
161 1
13 19
84 2
9 11
21 0
62 10
185 17
140 11
168 9
47 5
62 1
90 11
117 146
114 7
103 193
181 2
6 7
94 9
170 3
132 172
69 177
117 169
29 10
133 180
56 17
191 11
154 11
169 6
66 6
28 199
46 9
159 7
25 14
172 19
127 195
113 1
169 16
115 7
135 16
197 10
117 17
121 1
176 4
37 145
43 140
25 10
77 129
72 6
34 12
181 1
117 19
128 169
73 7
177 8
109 17
168 3
109 6
90 12
2 15
81 3
122 133
160 179
71 10
4 13
113 4
150 3
83 0
89 13
145 8
81 5
44 13
142 17
42 13
123 182
31 152
112 11
129 2
48 4
116 6
125 184
163 4
108 189
24 189
199 18
87 13
27 110
128 4
94 7
23 1
94 15
27 1
69 3
49 2
56 9
52 14
10 11
133 9
82 175
23 10
45 12
8 19
197 5
95 18
115 18
16 17
25 116
33 18
42 184
145 18
143 2
81 196
182 196
115 147
96 8
182 8
121 5
196 13
50 19
105 18
148 159
60 177
22 16
31 79
36 183
5 8
100 19
192 15
40 112
22 5
96 12
9 19
55 16
86 0
105 4
53 16
164 6
98 14
2 14
27 67
150 9
102 9
106 12
20 11
135 5
55 4
171 176
171 6
194 3
65 9
61 14
0 5
3 10
156 16
72 197
21 82
132 5
59 73
55 144
44 7
124 143
102 10
151 12
167 1
171 8
102 187
7 13
112 14
189 6
186 3
143 16
125 17
8 9
22 10
71 2
74 184
164 12
109 1
149 0
48 172
75 11
31 16
78 14
83 140
73 17
103 160
147 6
95 14
32 104
97 15
13 15
39 2
58 8
29 62
70 80
60 1
58 5
99 188
146 19
76 142
81 2
131 165
133 13
103 4
74 8
163 0
98 12
126 1
145 0
41 8
159 1
102 11
127 13
77 18
26 1
109 181
179 198
134 160
134 2
180 13
74 143
145 19
28 3
48 112
6 9
52 19
81 6
123 180
109 176
159 3
142 7
82 0
96 192
50 153
83 11
140 197
71 15
54 106
177 5
47 114
144 15
115 2
30 7
193 18
158 19
67 19
186 7
110 6
35 5
92 194
47 3
178 8
31 17
123 19
23 165
62 5
64 2
102 149
49 10
141 168
32 13
2 13
52 4
39 158
52 3
86 125
102 169
175 17
108 130
180 188
76 119
20 101
47 142
0 17
25 12
64 93
165 14
122 10
21 101
147 10
46 12
90 111
64 9
76 3
94 172
170 19
87 0
40 1
96 145
93 7
196 5
62 3
80 2
173 10
0 7
63 2
118 3
82 8
134 11
59 7
2 9
6 12
105 8
139 19
68 11
101 11
189 1
130 4
28 36
13 14
23 14
164 2
131 13
81 9
126 4
176 3
10 16
115 189
132 6
44 165
159 172
145 2
73 127
152 4
129 145
183 2
0 4
105 0
6 17
178 0
131 184
71 0
79 8
41 97
32 9
53 171
82 5
194 17
117 3
151 11
175 16
164 181
29 40
154 3
43 19
3 9
149 186
108 115
28 55
2 16
21 13
56 5
116 10
127 15
129 11
89 2
154 1
62 0
69 1
43 79
149 10
53 17
193 0
75 14
22 42
40 146
108 3
137 18
129 4
56 112
63 11
189 11
37 2
98 13
138 11
55 3
180 11
53 5
52 163
61 11
27 175
71 75
124 155
165 8
102 6
142 16
41 50
172 1
192 17
5 14
161 7
83 8
41 17
110 138
36 0
13 17
31 115
5 7
125 18
70 5
30 197
193 11
80 18
12 15
139 4
113 161
79 6
111 1
155 2
43 15
100 15
190 8
84 5
85 12
81 163
95 2
51 8
160 12
38 176
11 12
65 10
101 17
107 19
14 19
118 9
189 19
29 13
52 83
136 4
7 10
18 19
42 17
138 173
6 13
192 2
6 11
153 14
25 13
119 3
79 12
86 6
39 116
155 165
46 79
196 7
43 17
67 9
185 6
135 7
34 1
28 12
77 10
99 4
59 14
172 12
195 19
155 9
92 2
168 2
22 101
59 17
128 1
48 119
17 19
146 177
65 6
137 11
99 7
89 181
181 18
188 10
170 14
7 12
58 180
77 185
103 7
39 18
61 9
178 2
65 107
101 14
73 161
80 16
28 13
191 5
156 0
58 13
58 17
57 100
186 13
11 19
165 0
82 19
121 6
67 18
152 2
126 2
146 156
49 17
106 132
44 101
27 2
110 0
108 14
96 184
45 80
102 17
39 178
96 9
21 4
61 145
151 18
61 1
182 19
65 15
55 9
30 193
116 7
129 13
31 165
9 15
45 144
160 15
148 0
112 133
180 10
132 171
89 126
109 13
188 3
107 123
46 166
110 18
68 164
198 14
175 2
149 185
59 2
150 0
50 179
87 10
55 17
85 166
69 150
53 61
125 5
185 4
24 9
59 113
46 19
130 13
59 16
104 15
182 4
137 3
61 4
86 19
96 19
40 2
7 17
103 17
134 135
138 17
195 3
31 9
129 177
197 11
127 2
119 7
9 12
46 4
78 19
44 183
108 160
45 126
57 126
181 0
138 7
39 7
66 5
187 3
168 11
20 5
180 18
112 153
147 192
103 173
136 6
47 95
169 5
44 10
16 19
24 79
121 7
60 18
44 8
91 9
162 16
118 11
96 0
148 10
34 19
21 9
30 8
121 136
157 16
160 167
187 8
158 12
107 1
61 18
157 2
71 8
89 0
65 66
79 125
177 188
67 13
133 12
99 169
164 13
1 16
27 179
36 13
165 3
120 134
54 166
61 15
168 171
70 103
62 15
77 19
114 8
129 10
4 6
144 175
157 15
88 109
57 19
144 17
87 18
51 16
89 113
102 177
21 180
