85 2
66 124
0 16
69 17
123 2
44 1
176 10
149 15
24 16
37 9
8 11
14 16
161 194
27 1
170 2
75 12
42 144
146 14
53 143
62 104
142 11
50 15
51 6
2 9
191 6
25 1
40 62
39 7
26 2
62 197
22 13
96 5
124 13
152 17
105 5
94 16
199 16
168 1
30 19
98 13
60 187
95 117
196 16
177 13
195 3
75 4
165 7
59 4
46 1
177 10
100 19
119 17
120 16
42 15
119 18
123 14
34 19
140 146
125 9
165 6
85 8
90 2
52 4
3 16
50 5
34 182
92 2
195 2
33 17
48 14
47 1
51 10
4 12
100 2
138 187
106 111
103 149
90 12
109 11
52 13
102 177
78 10
80 98
111 4
53 2
37 16
186 14
99 15
91 163
191 9
118 16
110 17
170 177
125 19
120 139
99 176
95 99
192 2
101 18
47 12
115 191
134 11
119 19
83 3
131 17
20 39
3 17
46 67
96 15
25 7
0 10
67 0
79 4
71 167
123 4
84 158
167 18
118 10
84 9
91 99
194 10
86 129
111 157
72 13
51 99
10 11
56 196
30 4
145 19
94 2
29 16
188 18
80 6
117 5
12 15
163 17
140 18
91 18
134 148
158 192
37 6
80 3
1 19
7 15
150 187
58 2
155 12
164 11
79 101
129 16
52 2
112 19
166 2
49 7
192 1
52 57
198 19
52 7
46 11
133 8
70 18
61 181
4 6
52 73
112 113
67 2
106 13
86 5
153 14
75 13
100 5
187 12
167 11
114 11
3 13
28 17
29 12
27 180
1 18
29 71
58 186
32 2
169 19
34 104
56 2
78 15
138 13
77 18
22 134
96 19
144 14
76 107
191 18
116 12
39 149
34 12
24 182
23 1
180 18
171 0
139 15
54 18
1 10
191 19
45 115
56 103
58 15
117 3
3 7
96 0
98 15
61 128
104 11
120 11
84 98
66 5
84 147
195 1
183 7
145 9
98 10
71 148
23 190
60 106
30 175
27 189
43 88
26 0
120 10
140 169
116 11
116 170
69 19
140 0
29 5
36 8
52 12
137 4
69 120
108 4
153 16
167 1
29 14
24 170
58 8
197 19
44 9
113 7
154 6
95 160
57 140
48 0
61 4
161 16
168 2
23 98
110 18
166 9
50 9
128 171
78 2
183 1
190 8
63 193
52 109
26 44
159 15
193 13
37 73
47 5
127 19
57 3
75 6
54 5
185 3
40 57
127 8
35 17
53 4
141 8
191 15
27 2
192 13
104 8
110 191
70 198
73 119
48 96
132 14
118 0
75 2
100 18
100 14
66 16
174 180
100 10
1 4
162 8
1 3
107 4
88 0
124 196
42 9
86 148
34 13
182 17
57 97
121 9
187 7
45 9
92 133
141 17
129 14
55 179
187 16
193 15
168 191
9 16
52 6
29 19
60 65
188 4
145 176
190 0
2 8
120 128
123 19
113 11
173 5
57 8
45 126
9 19
44 96
73 5
106 17
54 10
103 10
5 16
72 153
84 120
22 23
119 182
40 154
101 136
164 3
59 14
75 118
146 8
38 14
166 18
32 174
63 7
49 55
52 17
143 16
197 0
94 197
164 4
1 12
107 17
188 5
52 60
162 164
99 14
146 12
109 1
80 137
64 161
72 3
27 14
112 18
26 18
165 11
84 17
170 199
77 16
148 3
108 16
89 136
174 2
58 193
174 17
118 3
44 120
80 13
98 191
158 9
169 189
196 2
156 9
5 19
144 9
71 84
85 122
1 14
58 126
93 17
75 9
55 13
25 2
88 93
121 0
161 181
127 149
89 16
68 16
36 126
4 15
112 3
35 3
118 8
71 15
178 16
46 62
84 7
154 5
89 143
80 15
146 3
117 154
149 18
168 7
189 10
42 19
171 6
99 16
188 9
183 15
34 199
36 0
58 67
60 8
20 101
46 2
95 5
96 133
36 18
38 80
44 11
52 0
178 13
85 4
198 13
80 143
38 19
12 17
63 0
151 16
176 4
145 18
138 183
119 6
147 195
187 0
42 0
111 161
58 17
79 12
118 132
52 140
33 11
159 184
9 15
99 161
180 4
89 0
126 138
6 15
99 7
82 7
133 3
50 17
173 11
73 4
139 7
115 10
115 17
70 14
85 16
144 160
58 1
123 18
22 14
13 18
69 15
16 19
178 185
2 10
191 2
3 12
55 98
61 10
136 154
175 8
194 9
109 10
30 129
78 13
146 18
29 145
55 129
114 16
194 14
22 19
75 98
111 18
137 8
161 0
197 10
153 1
139 184
127 9
86 9
77 88
192 14
96 14
176 9
182 5
156 4
132 4
145 13
83 2
61 172
159 7
69 109
191 5
61 5
150 14
89 18
20 11
129 12
22 57
40 6
86 182
126 10
107 169
87 179
32 131
199 12
57 149
41 124
64 1
110 15
141 174
187 4
71 3
139 3
59 187
4 11
8 12
77 0
178 7
198 0
8 10
56 88
183 194
141 188
31 4
88 6
2 5
24 13
173 18
177 4
90 162
172 1
127 11
133 19
6 19
55 165
61 136
83 153
80 108
127 14
31 38
41 2
34 48
135 2
115 9
78 11
152 3
106 161
125 13
72 9
39 124
60 114
104 2
46 5
57 13
175 0
73 15
53 188
179 4
47 13
142 6
132 5
39 8
160 10
33 18
190 2
174 7
92 1
164 16
57 126
21 10
112 159
122 7
98 160
146 13
124 1
67 19
184 4
43 173
97 11
150 11
58 121
42 162
22 61
157 178
23 3
5 11
123 10
78 3
150 19
164 173
23 7
180 14
155 4
41 197
27 4
1 13
78 154
52 18
147 19
45 3
63 16
121 1
74 117
146 148
88 2
178 0
47 7
182 2
16 17
116 19
6 16
167 176
71 121
58 0
104 6
26 15
133 5
50 181
127 17
1 9
79 14
50 2
147 13
34 60
102 9
170 10
123 3
20 12
138 5
94 5
69 0
120 141
57 0
58 132
0 3
21 121
85 182
150 17
0 8
29 143
163 12
48 135
160 8
75 1
122 6
195 15
27 18
47 8
187 5
21 114
6 13
169 15
166 1
123 11
186 13
129 4
77 93
174 14
141 2
62 100
46 134
18 19
40 185
71 160
28 180
178 182
20 16
23 138
171 10
157 175
42 8
172 13
3 4
190 17
110 128
135 0
198 5
34 14
71 81
167 12
76 11
102 154
9 17
2 11
117 9
117 182
30 163
56 8
117 8
68 193
165 9
32 19
145 16
75 103
114 12
168 12
168 5
98 7
35 4
149 12
70 8
110 123
70 15
94 103
140 13
199 14
99 154
120 135
161 1
91 100
177 7
95 19
136 197
13 14
164 5
70 3
83 136
178 9
142 14
3 6
4 19
70 7
94 3
186 0
101 1
161 4
22 3
71 18
170 6
68 9
85 10
78 7
104 1
77 10
124 2
22 18
23 161
32 5
106 9
47 17
115 157
75 18
22 79
50 130
115 0
49 91
59 153
98 151
163 18
30 8
137 7
156 18
129 19
178 12
108 12
50 14
21 70
24 11
130 6
140 17
100 12
102 116
60 178
29 181
52 14
45 116
147 6
1 7
152 13
89 155
144 19
127 1
49 106
114 5
122 12
15 19
120 17
167 4
167 17
115 180
195 12
66 6
76 99
34 8
143 17
99 4
183 11
27 53
21 12
110 165
181 19
5 12
158 0
33 128
169 3
88 105
9 12
153 164
25 28
98 19
128 13
124 16
89 165
47 93
11 18
139 8
32 16
34 189
51 18
36 130
147 17
58 19
53 18
24 104
96 13
58 14
56 4
114 9
177 6
45 57
161 12
160 187
54 17
194 5
172 6
7 16
70 120
150 15
9 10
161 18
139 160
37 87
28 15
50 53
155 19
59 188
44 156
53 15
198 8
22 121
178 2
1 17
169 186
133 10
10 15
24 47
132 1
138 17
108 17
5 7
125 153
79 162
37 11
124 4
199 3
76 120
44 10
30 15
49 14
62 10
0 6
21 123
65 77
0 15
65 148
96 4
154 16
6 9
73 0
110 16
85 155
193 9
62 152
137 1
53 3
46 19
56 3
184 18
184 12
81 14
142 10
90 14
49 4
40 135
158 15
140 7
167 13
134 2
118 160
59 2
83 0
88 111
123 130
125 3
139 159
138 19
106 11
37 132
42 7
71 185
97 198
22 59
124 0
122 15
181 1
20 167
153 0
74 140
73 19
179 1
127 166
57 139
101 0
6 10
57 136
199 15
163 1
92 183
136 3
126 174
142 4
176 12
159 1
161 19
92 0
79 5
48 13
190 19
162 163
126 7
122 180
21 11
145 3
130 154
54 9
51 151
89 114
169 4
76 10
199 1
86 14
7 8
47 19
188 11
67 97
190 16
24 32
179 187
183 2
90 191
69 12
20 8
191 13
90 9
183 9
40 10
170 15
40 14
49 11
56 10
8 17
160 9
75 16
181 2
0 11
90 11
123 6
89 124
151 19
176 6
180 10
130 19
88 118
139 4
95 7
88 182
41 7
125 17
96 10
101 4
91 108
160 3
44 173
10 12
49 57
94 8
132 179
32 55
122 9
104 16
65 1
4 10
135 175
161 14
59 83
71 1
12 13
171 198
83 4
127 10
113 5
56 1
88 8
128 9
73 135
125 138
86 10
75 171
20 174
146 19
39 172
161 10
60 15
160 177
154 12
37 106
150 2
0 7
74 5
90 4
144 7
154 10
144 17
111 134
32 140
59 1
25 94
93 19
54 172
162 3
121 132
7 12
197 6
110 9
47 9
67 124
187 2
26 102
180 2
154 3
79 2
62 148
3 14
72 16
50 153
44 90
119 10
76 105
50 113
190 13
0 2
98 8
169 5
27 152
102 181
49 15
195 5
72 170
57 12
115 198
168 4
6 14
197 14
69 149
6 8
49 12
187 1
6 18
52 101
194 17
188 8
109 19
20 6
2 15
103 3
138 18
16 18
121 14
43 0
54 0
138 11
55 5
178 5
24 10
190 10
157 9
162 18
101 11
43 115
56 7
54 177
54 122
165 10
14 17
40 115
105 18
3 5
61 0
79 10
135 4
178 6
12 19
193 18
47 66
21 15
182 6
121 12
98 106
27 9
35 73
185 19
22 76
151 4
114 1
36 10
111 14
43 5
120 12
156 14
177 1
41 6
162 19
81 5
21 24
42 61
92 4
148 18
29 18
112 4
64 5
123 16
34 54
21 4
37 55
115 152
122 5
2 18
97 176
106 16
37 124
147 1
45 72
51 14
37 7
191 10
196 11
77 9
101 3
24 3
132 11
86 17
169 2
42 166
80 118
131 180
131 7
81 7
1 8
115 15
73 6
122 18
49 84
67 1
192 15
65 2
60 2
69 131
195 17
27 3
70 6
86 15
30 5
119 172
178 11
82 19
197 16
93 12
175 18
142 17
157 12
51 83
97 6
57 187
144 182
55 15
23 69
176 15
71 2
64 179
36 132
37 197
91 14
22 12
115 5
137 145
61 89
41 12
159 11
63 12
36 9
67 181
83 16
164 9
141 1
40 186
96 102
170 3
27 123
84 5
22 9
121 142
84 12
43 18
46 17
92 16
113 17
33 188
189 13
59 0
31 0
66 101
148 185
103 15
154 19
102 133
182 13
29 3
167 19
31 14
21 194
24 8
2 19
176 181
113 144
63 87
126 171
171 9
102 187
42 3
142 19
159 5
32 169
96 11
44 5
101 7
197 5
188 3
144 15
23 30
61 17
193 1
120 181
139 6
52 1
6 11
149 183
11 16
55 19
144 16
146 7
136 19
124 14
165 3
93 11
169 17
33 9
35 13
41 19
20 10
96 6
145 197
102 13
94 169
173 187
109 156
13 16
64 189
78 134
91 123
86 160
105 19
152 14
114 18
88 123
5 15
135 14
175 16
95 172
98 3
39 69
173 13
66 142
190 7
64 17
158 164
182 1
154 188
46 145
168 8
167 8
58 160
43 100
73 113
54 99
121 123
139 16
24 12
57 10
56 85
63 144
41 10
186 2
89 9
193 10
141 182
51 15
37 108
4 13
9 11
42 168
137 180
9 18
74 7
182 16
169 192
23 37
141 19
75 133
113 14
87 9
26 16
183 13
122 3
148 2
89 152
97 1
36 11
138 16
28 18
198 11
124 19
84 1
98 11
77 14
128 6
39 17
55 12
12 18
134 7
149 17
99 1
97 8
20 88
105 11
108 129
140 3
26 9
87 15
29 8
24 4
138 7
169 197
82 9
52 19
183 6
150 13
45 12
116 2
25 12
101 16
5 13
170 17
192 0
196 13
87 189
199 10
72 5
23 131
37 3
174 11
73 3
115 175
121 4
101 10
73 11
96 12
185 11
58 4
99 187
92 12
54 150
98 162
24 1
62 79
198 12
7 13
39 84
87 7
30 65
169 184
187 3
48 19
35 1
90 8
78 195
151 17
184 16
158 13
160 1
121 2
44 97
89 14
129 18
85 12
131 9
154 18
68 4
51 7
54 68
64 14
88 158
97 13
151 18
48 3
96 16
190 3
11 17
115 18
10 17
164 1
84 194
186 15
130 11
152 7
153 156
0 1
84 117
61 9
51 74
69 1
23 2
69 7
106 140
20 13
107 9
48 11
36 99
29 17
61 79
39 142
158 19
67 145
35 6
77 2
3 8
105 0
54 4
11 13
23 182
124 9
166 191
128 16
48 16
46 78
22 157
34 4
154 164
108 15
23 14
7 14
0 5
74 1
152 6
161 7
193 5
31 195
183 4
36 144
4 17
62 14
60 0
171 190
109 16
80 5
76 13
34 6
24 140
175 10
134 9
28 0
10 18
1 2
120 159
166 11
27 144
131 136
126 15
109 13
126 11
182 18
9 13
161 6
45 59
51 117
69 117
144 12
168 16
45 198
132 19
45 64
100 183
9 14
121 6
41 8
145 6
24 0
119 179
4 16
70 157
8 9
0 9
135 8
97 3
157 5
159 17
198 7
85 154
159 13
2 12
83 10
74 4
178 1
51 98
134 186
32 125
144 2
141 165
122 11
184 5
64 0
129 9
109 3
180 9
45 93
26 5
54 149
73 9
108 18
40 71
83 19
140 197
60 95
43 19
122 152
196 15
97 17
69 16
57 172
140 5
78 111
100 6
190 18
23 62
33 102
157 13
23 91
163 19
65 15
147 3
186 17
162 178
103 9
99 104
87 12
58 103
150 3
170 5
38 75
66 100
139 10
121 169
52 8
159 4
7 9
110 176
54 3
0 13
41 142
72 112
121 147
63 185
133 2
106 3
8 16
65 13
51 67
115 142
141 3
61 2
88 164
99 195
147 16
128 7
45 18
31 6
188 16
186 16
158 11
100 7
73 103
126 127
134 12
147 197
121 5
143 160
96 1
45 114
45 13
83 6
141 5
93 8
169 9
110 8
173 10
74 16
39 13
38 165
116 7
138 2
184 3
25 8
59 8
92 10
112 193
195 8
61 16
58 131
111 19
33 15
118 7
30 120
115 1
89 97
150 16
40 118
184 187
31 9
175 4
53 5
173 1
36 16
107 145
175 6
63 156
188 15
116 15
86 147
124 10
57 174
76 5
131 18
133 12
90 17
179 16
148 6
95 9
105 7
67 9
155 18
66 1
113 142
149 2
13 19
82 4
105 6
6 12
181 13
140 12
88 14
105 15
110 3
93 1
26 77
39 108
173 12
57 115
11 15
50 18
186 3
32 70
136 15
95 0
92 14
89 8
193 11
25 4
45 161
186 1
107 195
63 84
95 1
106 15
128 15
123 1
151 14
62 84
82 0
66 17
180 8
34 102
60 9
94 7
102 10
92 172
161 11
1 6
199 2
175 192
94 15
153 9
129 174
62 13
117 152
49 195
125 18
63 10
92 111
171 16
106 2
34 157
63 128
132 6
4 18
117 19
83 9
60 3
56 113
180 15
103 4
138 159
3 11
50 19
113 1
59 18
39 9
130 7
126 18
98 190
129 8
14 18
195 13
48 152
54 154
157 181
155 9
68 5
118 4
146 5
44 13
84 0
0 12
179 13
1 5
65 66
52 11
115 3
116 13
46 199
81 3
113 4
103 155
20 2
2 7
26 149
47 182
186 4
23 8
99 151
71 7
152 159
164 186
74 15
104 176
137 18
108 163
158 7
197 11
38 3
65 10
42 14
37 80
44 14
10 13
156 16
33 3
70 82
174 15
149 6
164 172
117 6
40 8
105 3
106 5
120 4
134 4
44 3
68 153
50 65
194 3
108 14
178 10
155 5
177 183
83 1
35 10
60 83
111 166
88 13
66 7
83 134
96 149
82 15
165 180
74 11
65 0
143 19
74 188
28 8
72 177
107 165
148 179
79 8
26 19
22 101
12 16
82 18
132 2
40 84
91 13
184 19
89 5
66 11
87 5
92 5
13 15
81 12
35 7
197 1
179 7
76 3
164 2
50 99
33 8
73 16
69 13
157 14
81 138
4 8
59 160
126 13
27 8
146 4
90 6
173 17
155 17
57 7
185 186
109 0
87 167
137 13
77 12
47 102
32 173
70 10
74 6
20 17
151 168
123 0
186 19
133 11
146 161
115 11
70 1
5 18
37 2
137 16
51 16
7 18
98 12
180 3
25 3
23 12
85 7
109 193
132 18
113 9
46 72
21 0
113 154
93 18
96 2
32 94
0 18
29 1
109 7
33 5
94 1
100 4
99 0
145 8
148 10
57 4
74 2
36 12
118 15
112 7
62 11
8 19
38 6
185 18
55 58
94 6
127 15
183 19
199 9
34 18
55 123
114 174
25 117
78 19
75 11
174 6
88 184
92 18
159 12
129 6
45 1
2 16
89 6
118 9
48 6
40 18
80 4
121 8
119 132
100 9
31 17
148 17
163 6
132 12
154 13
0 19
177 16
54 15
5 14
66 165
27 11
183 189
68 10
40 153
154 169
24 2
49 0
77 17
199 17
10 14
113 124
197 2
126 16
126 129
46 16
47 122
144 5
31 8
161 13
138 15
10 16
167 0
176 2
110 172
187 13
130 2
53 12
55 69
137 160
182 7
119 15
131 182
41 145
153 160
196 4
130 16
73 17
98 16
94 19
35 5
98 152
71 157
93 165
158 170
132 172
69 4
47 191
39 173
191 16
115 7
0 14
23 19
153 2
76 12
166 197
77 189
198 18
25 101
76 108
38 178
104 194
81 0
80 18
131 8
105 10
47 2
24 124
84 3
20 9
65 5
15 16
67 10
82 102
174 4
180 16
20 139
28 11
119 4
167 16
97 119
31 172
173 0
103 7
21 9
87 13
32 8
144 6
136 2
21 126
109 12
40 190
121 3
198 14
171 19
8 15
122 199
106 12
24 9
178 14
44 6
100 3
44 16
113 13
76 7
31 19
182 10
84 18
94 13
169 10
168 13
73 14
7 19
39 12
85 15
99 10
134 8
95 144
91 7
34 2
34 9
54 8
151 6
55 6
77 151
109 6
52 9
72 18
27 95
39 3
93 136
172 0
48 79
143 5
58 194
111 179
130 17
25 127
142 13
155 15
158 167
49 189
175 1
93 0
102 164
181 3
41 80
107 6
192 16
84 6
61 8
34 0
23 5
185 6
171 12
91 5
142 2
180 11
57 15
86 136
89 13
132 7
58 16
191 3
71 180
189 7
54 12
116 5
140 8
79 15
185 8
31 1
36 168
4 14
47 186
105 9
142 12
197 3
164 195
66 120
7 17
28 12
145 11
24 6
133 9
185 16
45 99
44 17
48 12
183 3
199 13
162 4
192 12
61 115
56 9
29 6
124 7
136 155
172 5
81 10
135 6
46 14
176 17
95 155
59 13
86 1
70 187
151 5
87 151
148 0
148 15
72 136
61 188
41 9
66 9
172 188
71 165
129 15
148 12
77 90
31 83
152 11
118 13
71 16
52 139
81 1
163 7
59 3
128 19
80 16
163 4
166 3
37 17
68 144
96 18
68 199
55 104
149 4
113 19
43 2
49 66
174 19
147 14
150 5
49 110
22 181
60 4
51 0
105 13
107 8
83 7
68 109
125 0
172 11
25 61
162 7
61 190
156 13
183 199
75 19
103 19
164 12
64 89
151 152
196 3
42 13
32 111
108 125
62 195
17 18
63 5
53 193
79 3
28 43
51 53
96 141
27 16
45 14
106 7
6 17
128 14
39 2
21 104
46 169
82 130
71 4
57 9
49 10
32 10
4 9
65 17
54 57
63 9
58 86
32 12
135 5
36 14
110 118
143 144
125 11
109 14
117 2
179 2
171 3
103 16
171 17
85 18
124 192
81 4
20 4
5 10
74 13
119 2
5 9
77 8
24 15
47 164
29 43
86 172
169 0
44 15
30 97
35 132
87 16
27 5
74 103
188 13
142 8
75 15
56 18
143 183
94 12
53 6
62 121
196 9
103 2
77 19
112 5
71 17
122 188
165 4
111 169
21 14
14 15
153 175
78 0
165 18
121 154
139 14
183 0
193 4
55 1
139 5
156 19
22 99
133 142
134 184
71 90
38 12
29 10
85 161
145 7
91 0
42 4
8 18
165 171
136 18
8 13
3 10
123 13
85 179
33 61
78 1
191 17
198 15
179 6
140 14
100 158
87 6
135 11
128 8
5 17
3 15
139 9
176 18
140 184
170 16
144 4
39 16
8 14
98 6
2 14
38 17
171 14
162 0
83 17
137 3
149 8
156 1
62 7
138 10
11 12
101 148
73 2
179 11
141 16
126 188
117 15
59 133
191 11
82 3
171 5
175 3
49 13
78 8
128 151
38 137
99 11
123 191
194 2
29 13
74 110
63 72
143 15
67 7
102 2
56 87
90 13
184 14
61 11
82 2
189 5
151 15
44 4
153 10
26 11
42 173
196 0
172 17
48 118
102 17
90 0
162 6
185 0
185 5
15 17
196 8
4 5
117 129
15 18
94 18
47 60
85 95
68 3
168 10
166 14
92 97
58 11
47 18
58 9
139 18
72 139
147 188
158 16
77 5
45 11
119 12
26 4
182 9
105 125
181 0
94 4
25 87
55 117
1 16
84 19
31 15
184 9
44 0
30 0
32 7
43 3
90 123
179 17
72 8
36 174
94 166
76 187
70 163
53 14
120 15
54 192
60 19
134 15
186 10
110 173
162 169
130 13
39 90
180 5
96 172
195 6
87 4
30 110
117 18
127 6
170 12
59 15
2 3
76 0
94 199
26 10
101 17
134 17
136 0
132 17
21 32
2 6
1 15
169 11
11 14
165 16
83 15
24 189
175 9
57 5
65 12
158 5
84 159
135 183
28 139
49 6
76 14
99 6
133 18
154 157
93 9
21 8
77 13
72 12
69 180
88 131
196 1
39 190
133 17
115 182
23 173
58 5
124 155
107 115
52 78
44 144
88 1
47 15
36 82
63 8
132 0
169 6
108 3
155 6
188 19
36 69
155 0
44 107
82 170
43 4
22 1
38 7
79 132
33 177
131 4
63 68
162 179
132 13
119 9
88 187
14 19
168 3
118 2
30 16
71 6
49 130
75 14
102 18
103 6
86 12
13 17
76 117
195 16
137 199
84 171
76 8
40 13
91 3
132 16
170 13
66 0
65 80
137 9
56 161
165 2
118 12
162 198
128 144
10 19
118 17
46 56
64 68
85 17
106 18
199 7
44 122
85 143
159 19
82 139
115 14
21 19
12 14
102 149
178 8
7 11
22 69
183 12
191 8
61 194
170 19
87 17
92 3
153 6
110 185
28 19
33 1
156 179
63 161
187 8
112 13
64 125
23 4
88 5
51 2
93 14
71 158
78 174
122 17
49 126
5 8
144 3
55 102
171 13
130 12
160 17
147 156
134 13
23 16
57 63
20 143
177 12
168 17
35 63
52 99
117 1
136 16
61 157
72 99
119 0
94 11
81 118
65 128
28 14
148 4
76 15
36 37
72 14
59 173
120 1
45 76
195 14
28 162
145 12
143 8
3 19
54 6
80 2
177 14
22 8
25 163
156 183
17 19
23 9
102 0
29 117
73 10
67 18
57 83
139 1
65 159
86 2
148 9
159 2
87 19
41 17
59 119
67 89
59 123
98 4
25 6
3 9
65 19
109 172
51 112
68 166
175 12
25 131
7 10
131 5
193 6
169 13
97 5
47 91
152 16
182 197
165 14
89 17
41 0
190 6
44 12
192 18
108 144
32 1
27 117
21 92
68 12
83 129
92 131
36 77
83 120
165 15
42 10
95 6
117 12
171 4
107 171
39 15
145 193
113 188
147 8
156 10
32 13
38 13
29 35
126 19
0 17
166 7
