67 123
95 120
79 12
3 6
152 1
116 171
67 4
60 143
91 4
177 187
161 9
162 17
70 4
170 13
26 18
87 173
49 12
105 164
85 10
174 177
110 168
88 182
92 12
157 161
40 172
88 18
187 11
32 33
54 154
63 191
67 3
94 170
170 171
183 188
165 7
140 13
62 17
111 174
78 147
94 174
129 7
52 185
152 162
88 16
80 7
121 128
47 19
108 154
69 78
32 105
78 141
74 19
132 12
27 140
27 13
1 18
189 9
153 185
59 95
120 148
166 13
75 18
68 182
197 14
124 6
42 2
68 145
145 198
52 10
96 18
100 121
53 133
35 165
106 133
138 162
95 187
51 7
11 15
32 34
142 15
148 179
42 193
195 11
157 19
62 109
23 12
72 187
73 140
70 19
129 190
167 183
121 17
96 98
105 1
122 166
37 153
44 92
157 8
78 113
61 169
107 17
198 1
57 171
46 149
188 2
97 15
155 10
69 138
159 165
126 191
138 177
152 190
116 8
136 12
69 9
123 1
31 80
192 16
87 117
44 75
145 3
84 138
144 170
31 118
157 1
198 6
167 190
42 185
76 11
21 120
186 15
118 186
121 16
117 165
84 7
131 178
90 98
96 4
2 18
20 11
106 176
67 6
194 10
75 161
183 11
15 16
184 11
64 187
20 183
76 164
28 5
75 9
170 10
134 19
77 160
73 156
104 146
103 3
112 140
75 19
22 77
141 6
149 2
27 6
21 12
73 14
34 70
102 3
85 169
163 16
185 10
110 123
137 177
38 2
82 6
55 178
68 0
132 10
149 168
46 129
72 161
87 12
25 2
58 2
108 137
61 115
199 14
44 3
33 146
71 82
79 110
146 177
30 83
84 100
114 14
120 199
149 193
86 165
50 8
25 192
184 7
137 2
28 14
80 145
187 14
156 177
184 3
37 10
54 71
150 0
74 124
142 160
72 98
28 56
98 144
187 189
146 161
0 14
39 15
20 9
53 136
25 141
135 10
58 141
58 151
84 151
183 12
36 193
148 10
131 11
7 8
33 12
6 13
85 178
177 10
87 192
49 175
68 7
92 138
47 12
21 8
103 160
39 76
56 167
128 151
63 10
157 17
117 13
110 18
145 19
85 130
21 19
20 14
52 94
29 33
91 127
75 121
126 196
112 5
178 19
102 115
68 8
59 4
28 127
117 180
61 159
24 15
199 16
50 126
2 3
121 135
136 151
33 159
139 2
164 168
22 3
42 115
184 5
150 2
165 15
56 189
66 17
117 179
23 114
185 13
26 153
127 157
166 6
24 48
185 14
196 4
70 191
155 4
31 42
77 18
154 15
100 175
187 1
175 12
35 187
115 12
33 119
71 17
23 15
83 3
129 9
58 164
110 178
188 190
48 18
151 199
189 4
122 16
13 15
39 14
25 89
3 14
76 129
46 117
43 4
135 147
142 170
27 19
101 5
88 178
98 176
180 6
1 16
44 19
41 3
94 13
38 67
142 9
31 97
117 135
69 73
92 9
164 183
55 104
103 107
46 152
135 9
120 18
80 121
56 144
127 5
130 14
31 41
152 178
100 6
43 101
134 3
77 12
123 17
78 195
34 124
42 89
129 5
173 180
171 18
169 196
151 179
47 66
147 11
118 170
36 55
129 6
8 10
111 128
157 6
46 168
99 15
7 9
117 2
180 10
171 179
143 10
147 186
98 122
72 78
5 12
69 189
0 11
71 4
114 139
44 146
176 6
96 163
128 8
140 192
73 129
78 0
131 14
56 12
24 11
150 1
66 73
52 136
7 11
188 7
47 7
154 17
63 160
110 144
39 63
106 12
142 17
33 11
95 6
49 11
45 58
84 156
79 0
40 8
22 194
50 178
51 94
10 17
114 15
113 12
50 106
107 12
100 194
188 18
62 151
41 51
133 4
11 16
28 83
64 91
73 8
61 5
86 4
91 110
22 109
64 86
135 5
76 134
151 9
22 175
31 116
195 199
1 11
157 196
81 121
65 15
93 3
32 178
189 194
89 93
160 10
148 19
146 16
166 198
11 19
135 171
75 116
59 143
96 3
179 11
146 8
58 74
93 13
175 8
91 109
165 197
40 94
135 18
122 184
54 181
89 142
92 135
146 1
41 94
170 4
113 18
106 137
26 101
25 151
66 117
31 186
68 16
115 8
89 19
13 17
66 16
60 18
138 139
33 72
96 8
78 9
189 5
38 158
158 10
104 137
180 183
126 163
0 16
64 0
157 183
76 6
171 17
95 19
34 142
52 86
158 13
63 16
110 173
91 18
124 162
31 5
87 155
47 77
25 73
167 14
88 8
147 2
0 13
69 139
183 8
9 14
99 16
40 195
25 113
198 18
7 15
88 13
106 114
48 14
132 180
174 16
46 123
158 191
45 138
173 5
96 132
102 17
78 188
23 199
147 9
162 8
158 174
91 13
137 17
119 9
118 11
88 130
56 1
162 194
102 177
175 2
162 3
52 5
21 192
183 6
6 17
40 6
155 18
130 164
52 12
111 11
0 8
133 13
173 199
90 153
30 115
95 18
2 13
94 3
138 156
162 5
174 175
32 2
32 72
123 19
117 164
165 176
75 188
126 1
29 58
190 197
89 106
152 186
139 141
49 128
112 13
30 92
51 158
87 4
30 188
124 150
81 16
117 134
48 13
84 10
23 10
107 144
85 164
34 84
11 13
94 8
136 0
55 142
44 125
83 198
38 13
78 185
24 124
31 161
118 141
26 5
136 19
105 7
112 146
26 10
36 5
102 12
27 41
33 1
156 3
115 179
198 13
1 7
27 51
95 3
189 6
165 10
40 3
125 19
124 155
39 12
37 81
41 0
157 5
37 173
85 6
59 13
93 10
31 2
32 55
86 87
116 145
103 118
89 7
158 15
69 16
140 146
21 108
32 8
53 7
138 153
71 122
20 60
181 12
110 151
100 4
111 6
68 72
85 119
41 139
183 10
38 163
177 4
3 5
162 10
98 16
33 0
172 176
45 114
35 161
59 87
75 196
67 97
96 2
103 9
32 1
26 9
31 196
44 111
89 9
112 19
124 136
163 15
38 188
25 49
111 15
85 9
127 1
182 14
31 37
61 15
71 133
43 71
143 170
91 115
35 132
41 55
56 10
0 7
142 175
76 15
146 166
2 7
139 19
27 16
9 19
137 9
142 3
105 110
52 1
135 1
89 10
158 12
190 18
80 14
70 125
20 151
29 7
88 1
43 52
144 156
116 167
168 14
149 9
62 8
56 166
158 11
51 19
144 15
22 154
193 3
37 5
183 1
22 5
0 9
9 15
94 12
44 11
45 91
101 17
162 7
148 193
105 124
154 7
102 193
9 10
160 4
95 135
169 5
90 145
68 188
41 116
2 11
114 172
8 12
136 17
71 14
60 1
57 196
97 199
109 182
129 17
151 10
92 6
96 182
94 5
17 19
28 18
153 12
44 101
160 9
58 193
163 11
90 14
161 12
20 177
85 7
22 0
77 141
78 11
121 13
105 150
84 158
24 12
70 14
34 18
157 16
40 113
2 17
51 6
104 169
151 11
180 8
51 161
28 172
100 3
68 14
166 3
111 125
129 15
140 5
181 11
136 1
82 2
113 158
98 147
182 13
20 87
122 2
78 158
30 158
118 17
154 2
170 17
140 174
168 8
143 4
81 132
4 17
155 157
11 12
39 78
5 14
22 19
32 122
175 177
118 15
34 78
158 170
118 2
106 13
182 191
72 142
54 17
111 139
173 16
36 19
129 12
104 155
34 149
70 7
179 18
46 59
50 83
120 186
21 43
54 168
7 17
71 13
102 135
37 132
45 111
193 4
73 155
72 124
86 14
115 160
60 137
155 161
10 18
80 124
96 12
194 18
193 2
24 183
54 12
107 121
96 192
157 14
102 2
109 11
183 199
29 168
150 11
53 170
129 132
112 4
68 139
54 189
33 84
105 125
41 19
57 98
33 9
6 16
41 17
67 0
46 7
48 125
106 141
67 92
177 17
57 108
81 4
96 153
96 15
171 13
147 5
121 0
92 151
118 18
196 13
119 2
12 15
155 1
145 0
99 0
40 137
30 17
74 114
117 14
80 19
43 15
72 173
65 87
158 0
68 12
31 15
145 17
85 17
96 5
56 177
70 72
197 19
180 188
180 17
104 122
93 8
2 8
195 13
113 16
181 4
167 181
122 150
102 197
6 9
112 6
151 191
177 8
35 15
26 13
67 130
84 189
84 15
138 11
190 9
25 12
156 1
192 3
153 19
74 117
87 157
162 18
95 7
154 172
76 188
9 11
131 17
107 5
63 150
32 64
96 112
175 1
3 8
85 0
44 2
165 5
174 195
43 1
114 141
146 178
48 17
22 2
44 17
30 10
28 156
118 6
35 168
55 132
47 91
118 145
160 177
26 81
71 5
91 118
181 3
30 110
186 7
130 17
181 15
37 6
139 6
50 7
53 0
124 129
31 173
12 19
17 18
168 9
65 11
51 198
22 18
24 19
110 5
139 168
42 178
159 9
2 16
45 16
6 11
32 15
105 121
26 15
106 0
80 164
119 170
128 14
63 135
44 140
32 133
75 3
160 0
199 17
33 140
60 160
136 16
59 66
61 13
70 128
76 10
77 192
196 18
32 9
80 89
90 133
130 2
26 170
187 5
62 75
109 8
100 5
153 1
69 10
64 13
193 9
115 14
81 187
57 66
89 134
152 9
96 179
74 15
164 13
22 10
20 16
92 172
97 11
27 7
47 3
55 135
21 149
45 113
29 15
46 154
47 49
74 87
160 191
54 13
83 157
84 174
73 192
164 19
133 19
25 44
92 112
49 84
94 162
44 185
122 10
45 12
134 166
61 113
33 153
5 19
82 192
130 141
96 141
99 7
92 99
199 9
149 14
62 13
137 5
95 102
137 150
86 162
184 14
53 82
122 7
23 62
108 8
95 140
154 9
163 17
75 10
139 144
146 192
166 189
61 10
42 17
143 5
42 67
127 13
20 80
180 15
140 18
65 125
2 12
151 7
117 5
164 14
32 166
105 16
106 19
35 106
97 109
63 7
90 1
131 13
168 6
158 8
91 15
54 100
34 61
29 117
165 16
43 163
146 18
57 104
16 17
29 80
23 5
119 7
91 0
183 16
97 10
160 8
54 111
157 158
86 2
30 11
49 8
92 17
0 18
93 96
161 13
92 18
61 196
24 168
51 194
58 100
47 158
119 8
50 171
34 17
98 4
98 9
115 17
103 194
128 1
26 16
3 4
78 4
57 92
145 12
32 60
70 152
21 69
30 14
56 156
30 171
30 66
76 1
58 8
134 2
125 5
105 10
55 75
54 125
82 11
130 11
67 17
20 7
123 193
132 1
152 12
42 111
0 10
189 0
148 6
69 13
1 3
36 13
75 2
168 11
191 194
92 193
154 0
167 2
141 3
35 6
143 0
170 5
100 110
79 1
124 18
23 14
132 0
31 6
70 9
195 8
71 134
148 194
21 18
71 12
83 19
140 187
92 13
91 97
136 147
33 2
196 7
26 82
74 153
27 14
188 1
66 5
50 158
24 152
47 8
46 2
65 3
146 10
150 4
195 18
63 14
160 19
40 7
1 19
175 6
175 11
67 185
61 80
164 0
106 11
32 83
118 13
5 7
26 135
58 1
87 0
44 196
93 183
83 5
153 8
13 19
120 154
53 1
61 148
40 10
25 33
71 97
120 145
197 5
71 0
20 73
164 10
104 0
44 171
86 19
131 18
142 12
31 174
65 148
50 139
108 155
50 15
58 86
89 155
89 147
77 121
58 126
187 8
118 199
48 118
58 110
88 0
88 188
28 143
34 6
55 198
191 10
140 15
100 131
59 69
154 16
33 107
104 163
43 8
38 17
178 18
154 1
140 191
131 170
84 5
118 14
198 5
44 179
110 9
34 1
176 7
32 158
29 187
28 6
156 192
150 12
135 156
118 9
43 127
58 72
143 8
166 12
155 189
59 12
153 7
159 15
54 136
196 3
167 18
197 18
81 143
79 163
58 9
140 144
31 14
81 142
199 15
75 98
37 51
30 18
63 12
100 13
136 168
170 6
33 132
79 6
90 185
125 195
48 193
65 10
129 143
83 119
128 185
114 19
175 14
60 6
40 12
23 113
72 16
38 0
78 15
49 165
57 15
59 122
126 138
53 12
56 136
172 2
142 191
70 16
59 17
90 117
64 17
55 96
158 190
160 5
10 12
80 169
82 85
112 14
60 8
143 157
45 56
119 182
29 72
39 9
52 74
64 131
118 196
167 185
27 119
53 17
127 15
104 145
136 6
101 131
63 5
59 111
57 12
165 171
100 12
29 18
51 127
32 4
186 14
84 8
60 10
179 19
83 197
130 166
169 178
36 14
116 118
66 193
92 0
58 149
1 4
5 8
28 176
43 13
46 56
81 12
124 5
36 1
183 5
104 141
34 4
179 191
185 19
56 9
140 172
46 16
61 151
56 157
161 199
40 18
95 182
47 166
103 15
182 17
83 153
34 40
25 7
108 12
150 180
119 178
185 7
67 78
162 16
103 16
39 44
25 19
34 77
56 60
25 8
48 16
184 1
45 163
79 151
97 105
112 15
95 5
58 160
47 93
111 119
126 168
53 152
131 132
21 27
63 2
28 16
173 8
153 181
172 1
24 132
94 18
41 172
13 14
82 8
73 120
159 19
91 17
104 175
41 177
68 6
24 1
26 171
39 64
164 195
102 162
199 1
29 132
120 9
20 114
0 1
45 143
48 0
59 94
20 71
160 167
79 155
184 198
3 12
47 67
49 85
188 5
43 3
130 145
118 1
3 18
79 111
26 30
73 6
58 14
116 5
104 184
45 141
82 19
82 9
91 177
113 170
50 18
75 172
116 154
29 75
149 184
52 15
185 18
171 194
1 9
121 157
144 16
120 194
142 6
128 13
30 159
114 5
117 123
27 67
69 7
109 13
43 165
38 18
88 6
132 4
12 13
118 12
57 131
25 35
179 15
45 184
79 16
162 176
82 14
101 10
70 163
100 103
93 158
88 19
134 7
145 6
47 15
53 117
34 182
8 9
111 171
110 10
104 139
159 16
52 111
101 194
39 125
110 146
32 129
100 19
132 135
156 14
104 2
123 187
193 17
32 17
98 10
123 195
189 18
79 99
134 15
3 19
60 139
65 177
197 11
41 136
20 6
14 17
110 181
63 142
175 15
81 18
98 0
156 6
68 93
139 15
0 2
110 142
10 16
46 13
94 125
185 8
131 163
1 8
53 75
190 194
52 11
101 9
3 10
111 9
60 150
63 92
79 114
54 19
7 10
163 18
189 1
123 4
66 177
23 7
181 0
104 8
38 93
52 8
85 142
4 12
46 17
75 125
49 7
98 11
131 3
91 12
54 64
89 104
62 158
84 9
124 145
131 5
43 183
22 17
85 158
106 151
74 98
137 12
134 9
141 158
88 136
103 19
49 1
146 13
160 15
92 2
188 11
21 56
124 187
65 78
194 6
84 17
152 2
1 14
100 116
0 12
177 6
159 171
63 17
70 73
66 2
128 192
132 192
21 115
63 136
29 10
169 191
23 138
42 167
105 9
118 156
24 54
42 16
162 4
57 16
32 94
9 17
86 132
59 64
137 10
102 0
103 126
79 166
21 10
166 197
169 176
97 19
135 2
103 17
125 7
20 4
46 146
147 192
124 167
150 153
132 159
191 3
56 7
26 163
35 16
41 56
186 10
53 187
33 39
85 135
148 5
41 176
95 12
42 18
174 8
34 15
7 14
39 8
67 16
63 101
141 148
194 3
80 184
59 144
51 86
67 109
44 186
111 114
7 13
151 181
102 186
173 0
79 190
34 161
148 8
93 140
32 70
40 104
83 1
60 3
88 197
7 16
58 135
131 161
39 186
44 188
82 12
90 19
56 183
198 7
185 17
115 15
9 16
22 37
42 184
34 139
89 8
163 186
76 9
73 176
102 139
90 182
36 16
181 17
84 4
41 13
57 113
64 145
85 11
159 14
27 18
143 12
56 109
130 7
57 9
198 10
98 197
114 16
46 128
69 109
43 12
196 9
199 12
65 195
119 13
115 155
164 2
58 81
143 9
62 4
143 194
148 11
85 123
63 88
83 195
42 63
159 163
127 164
53 180
89 2
175 13
9 13
52 84
27 198
114 194
43 14
196 16
53 164
55 13
73 194
107 11
188 6
21 58
126 4
50 125
42 155
30 193
117 17
163 10
195 5
3 9
121 127
116 170
199 2
73 185
87 16
83 90
9 12
69 6
141 9
64 124
133 11
59 6
4 7
55 18
23 80
120 0
155 5
68 2
89 168
28 148
123 181
108 1
108 181
63 121
126 194
56 130
117 173
42 5
70 11
46 68
61 147
70 129
95 193
86 13
8 14
108 9
189 15
67 14
175 4
153 4
107 191
84 13
152 17
131 166
95 15
93 165
137 190
99 162
45 132
77 6
82 146
198 0
49 0
100 122
35 90
145 5
101 196
36 147
14 15
57 4
176 195
109 193
38 196
145 13
32 131
79 119
5 11
93 199
155 13
73 18
27 17
184 19
124 14
74 1
93 5
46 53
190 14
49 5
5 9
128 4
105 171
14 18
142 188
77 152
192 0
20 158
28 142
32 5
139 11
40 44
77 146
51 184
84 112
81 8
102 187
104 144
149 17
44 107
28 65
56 17
197 1
89 1
165 180
148 13
172 173
170 16
147 4
138 19
120 17
40 193
101 181
106 2
102 141
138 6
58 139
181 10
16 18
198 8
74 142
33 18
85 140
66 111
156 12
116 17
41 12
195 1
102 9
199 5
71 1
44 59
83 17
20 17
159 177
144 7
28 49
83 199
185 187
124 189
34 74
131 162
66 101
76 140
77 169
116 13
56 147
186 17
97 18
113 144
52 9
124 16
64 105
135 3
108 156
66 170
119 159
90 0
139 190
23 157
38 157
73 5
12 16
48 7
11 18
23 198
169 9
102 196
60 66
75 14
60 138
113 142
87 10
143 2
177 9
166 10
55 81
70 134
155 6
42 11
52 62
67 114
85 14
121 190
65 85
62 0
104 149
157 13
75 124
69 4
1 2
76 12
145 16
31 10
100 11
193 8
88 163
113 19
46 97
61 142
62 121
126 5
119 19
196 11
36 9
186 18
156 7
181 8
52 92
61 4
66 192
43 84
149 180
105 5
56 0
126 8
45 49
114 2
151 16
74 159
120 15
52 4
84 127
165 4
85 19
27 8
55 187
54 175
107 6
21 124
40 51
186 5
39 74
59 172
50 91
2 10
77 119
36 173
179 8
153 0
132 5
127 19
155 12
35 47
190 3
70 184
144 8
48 3
162 1
150 6
169 180
170 173
176 2
61 14
103 143
59 7
145 4
69 179
21 88
160 168
81 6
86 5
67 84
133 9
57 14
151 4
154 12
114 18
167 10
136 2
50 199
35 3
82 10
116 2
170 15
100 0
153 179
24 177
35 0
86 130
137 166
83 6
127 145
34 67
85 195
52 148
63 143
57 83
62 87
61 155
59 2
93 162
55 88
69 163
149 6
146 15
55 144
143 187
47 124
21 6
102 167
45 103
116 0
86 99
79 171
54 10
118 19
92 188
103 109
195 9
26 43
156 4
62 1
142 1
6 10
142 154
74 76
111 13
166 175
54 93
29 1
107 10
64 74
135 151
97 8
124 7
75 173
61 3
60 128
173 3
82 170
99 11
30 140
37 79
85 2
45 14
101 162
44 158
105 131
132 9
121 144
67 15
54 18
141 195
66 123
81 5
28 139
32 0
122 14
86 105
83 101
3 15
180 11
190 11
80 136
178 5
103 1
46 188
43 62
154 181
26 150
163 0
156 0
45 2
72 107
21 26
36 164
73 105
29 60
122 19
80 0
64 10
100 15
199 11
43 187
191 18
140 182
111 18
12 18
68 13
14 16
154 10
113 119
61 11
37 2
66 133
172 8
51 107
74 121
40 83
198 14
48 86
27 141
50 52
40 86
195 10
156 174
115 152
67 108
86 16
54 141
24 5
99 118
82 5
139 184
47 197
2 9
55 4
63 13
60 17
33 190
22 121
114 136
72 96
78 2
65 2
85 1
149 15
97 114
97 6
94 187
56 11
33 88
182 193
99 18
54 6
192 4
171 7
161 3
124 4
115 174
47 13
14 19
168 178
150 5
47 10
61 171
146 150
104 18
114 187
106 8
94 146
49 139
83 189
71 187
25 87
112 9
150 19
109 125
22 161
22 9
128 9
103 167
65 130
24 6
106 119
3 17
73 13
38 6
149 18
50 184
102 110
169 10
136 11
63 91
95 123
79 101
120 147
44 103
29 122
76 172
55 80
44 136
180 16
45 83
156 8
89 94
33 13
105 15
67 12
54 11
62 14
77 8
49 164
1 13
186 1
133 172
97 164
101 197
51 3
50 13
90 10
45 172
95 10
39 3
164 4
36 70
93 143
71 180
8 15
168 7
118 3
23 93
84 118
139 167
104 14
77 102
43 6
77 135
121 8
108 151
91 182
4 13
168 16
44 157
23 149
38 9
127 166
96 144
199 0
117 153
95 174
172 16
125 17
108 198
44 61
128 18
93 6
120 135
132 3
97 152
40 124
153 174
139 162
64 172
166 14
66 154
21 7
115 142
72 123
44 187
94 152
181 191
81 110
190 8
30 53
116 153
56 140
138 7
30 7
138 10
21 9
29 30
87 17
42 161
87 179
53 195
45 15
54 15
45 10
6 12
111 189
84 106
156 10
50 142
25 0
37 131
126 137
76 0
97 124
64 2
194 13
151 13
99 2
106 7
103 12
53 4
166 19
126 9
115 133
139 159
60 11
76 146
73 198
101 1
45 183
112 3
120 193
62 100
163 168
131 160
43 82
92 5
147 18
21 169
33 70
113 14
125 145
170 19
55 90
145 11
21 39
88 9
37 138
2 5
147 1
91 5
89 3
187 16
36 126
75 114
21 164
90 15
107 7
116 121
121 15
32 198
147 12
159 12
83 149
41 189
110 15
92 137
119 179
188 15
127 149
10 11
170 9
114 3
101 172
2 15
36 108
172 18
71 172
82 111
6 18
61 168
136 9
95 4
35 150
152 16
129 146
185 2
56 125
44 9
165 13
96 121
37 185
72 19
182 183
20 8
87 6
75 11
38 128
159 17
162 11
182 5
21 179
95 98
77 118
124 179
0 19
94 95
28 13
51 109
148 1
62 101
77 14
91 9
31 119
75 1
23 136
153 15
166 7
133 135
149 11
52 174
45 108
118 160
153 18
62 122
47 76
31 168
22 164
199 10
105 17
188 0
56 120
4 9
154 199
60 184
185 5
51 81
127 138
124 9
87 115
97 5
33 6
139 198
59 82
59 135
42 10
165 6
26 167
57 170
38 7
2 4
109 3
141 15
168 2
90 150
49 15
172 186
138 0
134 177
23 71
66 174
38 12
40 92
198 2
81 128
50 140
108 143
32 165
30 13
173 181
118 0
168 192
130 4
177 2
143 176
111 185
80 159
109 17
36 49
125 135
82 139
71 72
65 19
159 7
196 12
89 5
168 13
122 139
24 82
79 172
71 160
128 6
15 17
166 0
189 8
21 150
54 122
72 11
142 11
183 13
71 15
61 85
74 16
81 150
175 18
91 199
40 136
45 145
99 12
21 17
174 0
24 73
26 103
35 19
75 96
148 0
165 19
125 11
168 5
132 155
122 144
89 11
68 4
25 6
103 5
97 9
161 181
20 5
8 13
94 11
36 180
48 12
89 0
64 14
31 0
37 161
164 17
68 178
152 4
178 6
68 173
167 172
125 4
109 14
96 14
28 199
23 131
40 13
112 1
35 9
75 5
48 188
59 1
69 1
11 14
34 3
64 153
51 17
33 17
168 1
25 28
44 168
53 134
4 18
77 182
106 194
35 1
141 187
160 187
64 188
30 105
20 2
154 8
182 8
192 8
50 17
80 186
23 33
48 110
130 15
151 154
188 19
10 15
129 2
68 108
25 149
49 3
117 175
103 159
110 1
55 154
87 1
35 195
24 10
110 14
88 153
168 0
87 183
51 11
46 110
119 5
4 5
101 4
134 4
44 15
36 50
97 184
172 13
78 3
37 118
72 9
87 105
42 190
94 190
196 2
59 9
70 1
99 102
97 121
111 5
76 18
164 18
90 13
80 154
34 9
98 2
83 175
146 148
174 5
141 7
102 1
42 12
155 11
43 16
41 8
45 0
191 4
35 69
57 17
102 5
63 113
88 140
192 7
79 2
149 150
141 19
179 0
75 129
83 116
55 103
174 19
84 133
76 106
124 17
39 190
190 16
135 7
26 173
21 117
42 19
48 115
130 158
84 176
176 10
182 11
151 15
36 196
98 157
25 117
138 12
139 18
123 0
136 193
37 64
182 12
77 1
86 173
71 135
70 17
54 2
39 191
177 0
132 199
61 164
110 139
77 179
65 105
188 10
182 10
64 117
59 178
123 15
153 191
4 14
36 3
86 7
30 192
174 17
78 143
71 19
10 13
8 18
51 126
63 8
12 14
51 2
34 152
130 0
31 181
3 11
90 3
172 9
75 104
97 146
44 162
66 159
59 184
112 147
37 83
82 154
30 4
121 180
88 184
56 121
126 0
67 158
143 193
148 18
72 178
3 13
145 18
29 125
170 199
26 154
34 104
33 3
189 12
98 163
111 190
134 17
53 120
191 8
122 4
167 17
142 7
72 10
70 185
163 1
50 0
39 100
35 13
86 0
83 124
52 0
133 176
40 154
82 150
24 179
76 13
49 141
163 187
113 8
42 3
102 11
96 178
161 17
109 171
139 3
133 14
130 138
171 16
48 89
34 5
129 19
83 150
28 147
110 137
100 125
110 177
42 121
139 16
35 8
196 8
108 139
20 18
39 16
127 14
187 188
179 17
82 164
48 126
103 10
121 7
31 19
115 3
92 8
90 96
124 0
63 80
177 14
109 166
102 171
87 99
67 18
131 1
168 4
148 12
131 147
177 196
186 19
116 18
96 138
72 2
135 154
100 108
96 134
158 183
199 18
58 16
121 1
51 62
181 7
126 185
72 15
140 169
64 7
86 195
147 170
35 118
73 178
57 185
162 169
146 14
108 16
173 10
116 143
111 141
118 173
2 19
4 6
61 1
81 91
66 10
27 9
85 181
178 1
93 12
63 15
83 16
75 134
61 8
54 145
26 129
195 0
46 12
89 131
149 7
164 12
117 154
49 179
93 117
31 179
167 3
78 7
142 195
76 182
84 185
87 3
95 17
172 12
126 15
123 5
180 19
170 8
96 133
89 194
74 166
53 19
80 183
106 4
132 11
176 9
160 7
55 11
37 127
95 16
148 189
171 12
42 1
34 60
80 16
115 157
159 4
29 131
149 0
123 198
78 8
168 183
46 61
4 11
176 15
25 136
108 134
183 15
155 196
41 9
47 160
45 147
110 13
192 6
76 4
130 9
106 191
187 12
33 15
16 19
161 6
8 19
156 11
79 19
129 0
47 178
94 198
80 104
103 127
55 6
50 3
81 194
44 169
115 185
189 10
20 138
118 16
158 9
26 183
111 0
129 147
173 189
30 15
140 14
64 12
112 17
47 98
69 128
96 111
165 1
166 190
54 9
88 120
45 9
26 62
34 194
43 2
28 19
0 17
131 12
13 18
124 186
160 16
132 2
54 7
47 11
72 80
132 19
142 13
8 17
96 137
64 115
56 5
140 180
165 181
82 4
165 191
162 9
2 6
51 10
124 13
39 0
99 126
1 12
40 4
120 13
22 1
141 5
150 192
29 107
181 195
169 11
129 136
77 10
98 15
126 2
68 73
31 12
53 62
176 1
4 15
91 10
63 0
101 7
75 89
8 16
83 4
26 102
124 173
32 12
78 169
114 8
52 184
86 111
34 58
110 113
74 7
131 183
88 158
54 102
25 129
18 19
78 1
37 76
69 92
1 6
157 165
109 7
144 2
59 177
1 15
117 183
71 130
88 14
80 18
127 6
160 18
191 2
114 11
84 148
50 109
167 12
30 186
162 6
137 6
116 10
155 186
96 0
101 14
86 15
113 7
25 84
53 71
21 3
62 7
23 135
146 182
32 106
57 109
33 160
42 49
179 14
147 3
41 165
57 106
56 4
23 128
65 178
25 66
36 15
5 18
0 6
121 18
43 11
41 140
180 3
66 114
154 3
24 139
50 55
167 192
160 13
65 150
115 6
106 152
181 199
190 10
82 13
141 2
59 19
70 13
156 9
31 163
45 76
94 116
145 1
23 185
50 4
3 7
0 4
44 13
106 18
56 88
95 2
98 116
171 11
76 19
46 63
42 140
33 138
124 153
166 182
65 6
163 6
151 160
153 11
54 8
125 6
126 6
146 189
107 2
66 8
162 171
26 49
1 10
90 155
118 8
84 161
120 155
122 145
75 17
123 8
23 47
121 166
73 153
99 3
71 7
147 6
90 107
129 18
80 6
1 17
47 4
110 138
113 169
43 17
24 8
52 197
21 135
64 1
20 182
61 95
90 187
40 9
94 130
197 17
96 1
24 186
26 7
5 17
131 174
45 13
93 194
31 132
138 194
97 7
188 17
116 160
36 8
188 196
75 0
63 130
105 159
51 5
104 16
166 9
68 5
109 133
127 186
114 12
185 194
109 10
107 122
150 7
182 3
106 184
84 6
199 19
111 159
34 101
97 119
127 11
55 118
152 7
64 9
34 113
25 191
41 6
153 2
64 128
92 10
169 12
191 7
132 198
41 10
95 167
157 0
193 0
163 13
100 124
109 1
79 10
39 5
55 8
108 7
147 17
69 130
125 183
187 190
126 160
75 6
121 168
88 131
141 14
185 1
92 95
28 157
27 4
76 125
73 134
54 1
30 9
178 2
167 191
145 8
23 19
55 152
40 55
3 16
60 15
133 17
80 101
87 15
84 107
103 179
85 15
29 8
110 11
15 19
68 15
35 136
139 8
33 179
66 172
142 2
115 2
188 12
134 16
40 16
177 15
53 171
158 6
9 18
33 14
38 39
15 18
80 98
52 140
45 7
24 3
36 62
55 110
27 56
102 190
164 9
6 15
5 15
58 143
173 6
78 12
78 121
78 90
97 13
63 147
24 106
107 132
132 188
170 1
178 12
40 68
117 124
90 144
36 138
134 192
35 4
178 9
150 17
46 15
22 6
72 132
6 19
106 10
95 8
112 145
174 18
114 164
100 188
192 17
46 62
196 0
197 16
189 13
0 15
40 93
198 16
79 8
123 11
36 181
75 109
191 5
62 190
159 11
146 193
83 128
97 141
166 18
10 14
108 2
69 122
142 16
