75 80
98 2
56 161
169 187
23 146
114 165
45 19
191 5
105 155
23 170
50 14
111 3
22 12
127 135
110 10
56 14
187 0
10 18
157 18
165 185
45 116
37 78
131 10
52 107
79 99
45 77
116 197
176 6
42 197
136 154
1 10
64 100
8 11
31 84
49 17
85 4
96 13
26 0
196 10
39 87
72 15
120 5
43 9
115 7
177 12
83 97
73 98
95 187
1 5
86 10
72 97
86 124
140 14
26 183
130 176
152 7
192 5
68 11
81 120
70 12
122 19
143 7
32 86
36 89
149 173
79 14
130 151
4 18
79 125
24 134
54 139
94 164
77 172
169 8
146 11
44 15
66 180
46 159
127 2
180 191
34 47
63 0
53 188
152 0
184 198
42 4
37 18
27 13
130 173
109 141
72 110
30 12
137 2
30 55
31 17
156 9
4 13
36 123
74 13
90 118
25 31
195 10
38 56
93 193
95 105
97 14
45 140
103 143
168 7
67 193
175 6
98 11
36 148
65 174
101 11
28 60
24 1
118 4
36 90
15 18
38 72
30 87
169 5
156 11
140 1
89 167
1 14
86 152
189 12
88 197
99 1
154 12
125 165
90 113
148 5
131 148
76 5
74 10
146 18
48 19
37 130
80 14
22 144
99 7
176 11
38 158
26 98
61 5
180 11
158 15
43 187
156 0
192 8
191 8
118 9
77 9
110 172
97 171
53 185
119 191
167 12
20 0
25 3
4 12
108 148
82 145
80 142
3 15
178 17
136 182
138 12
105 148
106 119
154 13
141 9
94 199
34 138
45 1
164 182
148 16
33 53
57 145
99 192
29 17
52 1
23 11
64 125
38 101
172 15
79 0
122 16
68 102
178 14
40 4
189 18
62 17
37 131
86 195
30 58
48 6
101 5
55 19
63 9
58 82
156 166
63 65
88 14
1 8
42 102
160 8
115 186
21 189
192 18
168 13
24 14
9 12
58 111
36 7
41 152
24 167
76 168
182 198
134 162
155 18
94 7
51 4
26 187
60 88
42 63
74 8
42 141
28 176
148 3
70 4
76 93
70 187
178 7
49 68
165 193
160 19
25 15
53 9
127 5
117 13
115 176
198 4
117 11
160 13
43 92
109 18
23 17
21 12
36 82
123 143
34 10
35 5
23 85
44 110
23 150
5 19
49 194
156 3
125 2
138 5
48 3
72 3
126 7
139 6
129 3
34 11
159 168
20 38
121 15
88 13
112 195
81 125
28 19
59 16
30 150
170 0
54 150
23 125
123 198
35 8
102 170
165 19
67 11
88 169
0 6
112 15
188 15
34 12
52 9
27 5
181 187
192 10
24 51
104 166
116 172
41 120
129 134
176 198
160 175
44 176
154 177
127 17
67 19
187 17
193 2
94 18
46 93
178 16
29 101
66 4
20 101
86 9
158 4
85 152
114 138
23 2
39 78
142 12
64 10
74 3
65 11
175 15
31 16
30 13
53 5
25 12
128 167
122 0
68 144
28 116
4 16
23 152
185 11
38 11
75 3
60 6
157 5
167 7
89 170
191 11
185 9
95 146
165 5
63 129
123 180
43 160
50 119
93 124
135 136
45 135
47 177
146 1
61 147
164 194
3 9
115 151
45 53
52 15
100 3
118 197
73 15
59 5
116 0
148 10
185 195
151 11
29 174
31 172
21 176
41 90
45 99
29 137
32 127
61 18
87 196
61 6
71 148
107 4
90 153
51 92
30 158
191 4
167 16
60 171
8 17
54 127
36 141
149 7
162 2
117 128
139 198
37 85
149 161
194 17
58 97
134 181
148 179
36 11
84 198
108 128
44 5
41 48
58 188
105 154
47 19
129 190
115 10
62 9
89 7
47 4
33 194
60 97
103 1
103 177
9 16
63 196
34 52
69 106
40 15
110 141
98 194
187 7
55 11
98 13
91 8
154 4
104 0
83 3
35 6
29 179
57 108
104 126
89 195
32 142
158 5
90 187
81 161
74 114
89 179
144 171
130 148
62 189
125 19
7 14
21 82
38 89
61 150
27 0
73 185
144 193
94 113
65 157
190 19
143 9
57 9
42 47
199 3
180 17
32 14
187 3
147 8
52 137
128 152
131 17
175 10
52 110
49 96
35 120
72 114
134 185
28 2
44 11
92 18
94 19
99 13
33 144
20 191
96 15
136 6
35 17
71 18
185 16
94 161
22 6
35 2
35 198
46 151
105 0
31 105
83 182
57 11
23 46
104 171
23 141
190 11
31 5
59 149
114 9
95 189
114 14
82 85
48 91
16 18
99 2
160 15
88 19
39 184
126 9
63 168
139 7
63 110
69 124
35 195
68 134
51 183
180 3
117 142
42 146
141 178
88 1
146 196
185 190
158 168
144 15
72 111
129 14
94 104
106 116
57 19
39 124
42 132
36 3
144 190
48 10
169 19
83 99
73 4
154 19
161 0
40 10
43 105
26 167
47 11
26 106
197 11
67 14
168 178
117 5
130 8
68 149
103 5
113 12
162 16
0 14
165 171
123 12
137 7
72 18
101 175
178 1
22 172
42 66
98 125
183 195
142 165
94 109
30 156
183 198
2 11
7 10
15 17
147 167
86 135
137 148
56 16
39 13
102 120
42 13
42 134
64 169
189 9
62 89
150 14
141 19
100 180
169 12
105 13
25 156
64 126
31 6
35 134
76 102
191 194
164 14
134 19
101 189
61 66
26 68
1 6
165 190
54 182
47 17
99 102
82 19
7 17
172 182
135 0
101 2
24 5
58 12
42 171
163 13
118 182
96 16
120 194
47 61
180 2
10 17
150 177
119 137
42 52
140 9
28 59
140 13
80 3
137 16
140 16
39 3
45 66
88 141
1 15
25 76
47 13
88 116
95 11
89 19
101 185
61 2
37 1
4 7
138 16
20 68
91 14
51 102
34 162
21 17
127 8
150 5
65 168
153 174
0 19
40 134
130 17
101 157
30 1
149 13
58 16
163 1
50 0
198 11
34 2
103 134
21 122
107 108
108 2
100 187
91 163
109 127
29 177
114 118
132 10
104 185
30 135
44 8
37 67
114 132
172 13
127 140
195 11
136 18
149 1
56 9
120 157
85 157
145 156
64 18
104 175
36 2
27 15
126 5
129 146
32 131
38 13
91 4
83 130
41 16
112 163
110 192
73 176
28 71
166 192
144 169
96 186
121 16
118 154
49 129
112 187
127 3
3 10
9 17
39 199
85 18
198 14
168 2
132 9
199 5
54 8
93 159
154 191
21 6
164 9
160 191
70 146
7 9
55 192
104 15
61 68
62 19
65 8
81 100
90 141
146 13
162 9
29 54
86 126
133 194
64 96
195 3
28 134
22 38
155 185
197 5
115 187
75 78
158 192
130 6
195 17
0 1
60 114
59 83
70 6
86 0
75 19
98 7
181 9
122 7
52 12
35 60
138 11
47 139
72 11
194 19
49 149
32 17
29 8
21 8
181 16
6 14
166 13
3 7
34 9
56 69
33 0
102 155
174 15
45 7
158 2
144 185
34 3
182 9
93 16
82 141
181 0
79 94
67 10
65 95
0 4
94 13
32 2
187 15
32 5
110 117
93 182
160 4
113 7
188 189
97 13
166 4
39 156
26 53
81 176
93 191
175 7
124 10
121 14
151 177
74 102
104 141
24 18
32 34
62 4
94 15
50 118
91 152
91 190
113 2
98 110
61 130
49 14
70 19
96 10
69 102
34 148
102 5
59 174
26 6
20 66
83 124
51 12
136 10
80 11
73 161
51 176
61 172
43 117
110 15
100 163
95 12
21 37
108 149
118 13
140 8
2 4
1 13
30 116
195 8
73 8
76 6
135 165
142 15
53 93
28 15
51 120
115 16
100 151
5 14
129 177
52 116
36 176
30 168
116 173
108 14
101 16
68 19
35 169
110 170
28 45
61 111
0 18
4 11
49 137
112 13
28 16
66 7
47 78
41 6
123 16
142 197
67 8
160 5
177 8
106 131
68 141
156 18
133 3
154 5
68 17
52 169
173 11
63 187
62 5
43 71
149 0
103 195
158 197
22 1
86 4
91 7
142 143
49 191
98 16
35 113
122 1
85 198
147 19
24 113
52 158
28 174
113 161
95 114
131 11
35 92
101 8
190 12
35 114
105 14
29 149
161 6
54 64
103 6
83 154
61 0
66 130
75 173
122 18
20 5
75 186
141 8
58 172
144 151
25 71
86 8
5 11
60 8
91 3
156 19
81 3
85 5
58 112
92 155
67 151
61 191
88 0
141 187
46 70
100 137
5 13
12 13
26 99
78 18
41 123
170 13
60 100
41 56
71 12
0 12
143 17
143 14
20 18
24 3
108 5
51 10
3 16
55 76
57 156
163 17
93 5
138 145
114 15
99 120
30 0
101 19
99 12
130 137
21 85
38 169
100 166
122 181
71 110
117 182
90 7
127 19
45 54
148 13
50 9
70 173
106 130
132 151
120 126
125 16
171 19
87 10
73 2
112 137
0 15
43 154
100 17
24 10
45 104
153 11
95 19
32 120
139 197
51 135
183 8
43 186
169 173
74 99
71 7
8 12
168 182
37 47
20 6
97 1
30 176
18 19
5 18
190 0
1 17
188 199
130 183
127 168
119 1
186 12
52 72
41 4
97 177
95 5
152 6
123 9
80 195
36 178
77 166
73 134
185 12
79 12
11 16
152 2
3 12
112 18
109 163
43 51
42 145
31 15
69 3
34 120
90 18
111 147
113 10
68 4
55 12
136 7
88 17
51 16
63 117
76 2
94 9
43 172
7 15
20 10
97 149
73 7
193 198
30 181
37 117
93 151
49 3
135 177
190 10
91 105
155 194
42 164
60 79
26 129
50 121
60 186
116 17
143 18
50 16
118 0
81 13
116 12
107 8
67 9
179 186
119 14
138 13
0 3
46 19
125 131
172 10
104 7
100 10
11 18
76 167
79 18
105 130
79 17
76 172
109 115
29 59
38 191
40 18
56 7
33 119
2 19
67 135
21 165
11 17
117 6
76 164
149 192
115 155
34 18
94 16
141 1
50 5
83 5
58 199
143 160
7 11
56 112
68 148
122 3
0 16
57 102
155 173
95 15
105 7
111 180
48 118
91 139
156 14
96 109
140 15
99 11
20 137
73 123
26 59
71 16
85 14
188 4
64 0
157 4
73 165
25 194
102 134
70 158
179 14
84 2
4 10
173 199
69 162
93 1
4 5
52 0
28 4
4 8
95 1
51 11
121 132
42 3
67 6
193 0
76 19
141 2
109 0
102 168
93 6
108 16
48 18
199 10
130 140
55 142
159 0
52 180
0 2
120 143
63 107
109 10
31 3
73 163
144 4
7 13
143 1
72 16
76 13
30 174
85 181
58 178
43 170
44 124
45 13
119 17
27 19
80 109
180 12
139 19
52 7
141 6
149 14
51 103
107 166
170 12
50 15
91 165
63 5
88 158
142 18
63 162
105 4
157 198
168 3
47 150
37 187
93 11
36 8
103 188
176 0
24 33
78 86
73 16
67 137
72 119
84 190
121 122
170 19
56 93
125 190
89 18
131 15
83 176
98 104
183 14
23 16
98 190
95 7
128 197
71 101
79 9
53 8
175 1
193 14
30 19
94 11
113 190
40 177
11 15
71 141
68 90
29 16
91 121
40 5
197 199
84 10
189 199
107 13
118 143
134 8
17 18
31 191
50 10
76 135
60 10
188 8
110 131
136 0
30 78
96 1
28 11
105 10
167 4
21 1
99 128
130 132
27 4
48 16
175 19
4 14
14 15
76 9
103 186
70 165
82 94
198 5
111 188
111 144
43 158
31 193
195 12
1 3
26 199
130 4
103 0
170 1
23 1
116 163
133 10
76 83
162 1
76 175
23 114
49 139
83 140
43 184
138 1
44 56
63 164
190 1
74 104
96 4
58 140
145 6
125 12
83 152
163 18
124 145
93 10
71 146
106 107
121 197
67 12
72 130
28 102
24 83
80 12
81 97
72 143
33 15
126 152
146 5
49 188
23 55
28 114
43 13
28 13
11 12
27 91
111 182
137 11
172 12
141 194
62 3
58 98
115 9
160 18
54 110
21 11
79 186
192 16
45 11
29 0
128 8
183 2
77 116
166 19
20 132
1 4
25 14
25 2
39 120
186 16
111 7
81 92
41 137
36 37
61 94
136 1
137 10
69 12
76 126
149 183
47 107
129 142
159 5
119 162
96 168
24 4
84 161
54 17
95 183
76 10
190 18
156 8
52 132
184 14
71 9
72 192
91 172
147 158
92 2
127 191
28 5
182 17
126 2
76 3
28 50
68 109
59 1
62 177
153 190
199 0
138 143
53 198
44 148
132 0
143 177
138 193
37 138
108 197
179 3
114 168
111 4
138 0
23 39
38 5
155 195
75 8
58 175
59 109
132 195
130 7
20 180
104 14
100 174
52 178
31 38
112 14
189 16
186 5
186 0
160 9
159 172
114 182
29 178
83 199
85 122
89 6
27 168
127 1
166 167
123 6
72 166
157 17
109 5
74 120
131 182
38 110
179 0
49 8
70 16
110 5
40 102
41 167
38 19
27 18
37 19
124 3
105 112
144 12
95 111
106 118
44 10
46 175
196 9
28 143
100 193
157 14
68 12
38 162
149 195
129 2
119 131
24 97
171 1
87 158
119 18
45 76
126 131
37 3
92 189
1 18
86 7
159 198
103 3
28 10
63 98
100 4
137 141
192 12
48 132
69 158
125 187
35 135
65 98
65 7
147 6
155 179
166 18
141 3
37 106
48 160
68 162
138 2
129 150
140 171
170 9
102 0
75 16
31 10
123 3
127 131
89 12
118 8
25 67
67 18
144 166
67 81
178 4
73 145
121 7
148 9
133 5
98 162
25 128
41 82
97 15
76 196
38 60
169 11
149 166
105 16
7 8
132 194
24 95
93 8
31 131
57 119
35 13
168 176
30 8
98 18
41 12
41 80
71 180
168 9
132 8
26 13
23 157
44 127
38 106
51 13
84 3
31 8
23 14
90 12
189 3
122 8
27 83
36 54
47 9
132 4
181 182
136 138
74 12
78 3
52 164
74 118
97 2
20 14
114 1
93 0
89 134
146 168
56 62
51 158
175 12
84 6
78 12
121 8
50 4
40 11
107 161
5 8
73 13
125 148
74 9
194 4
167 3
198 10
117 153
36 10
36 110
181 1
99 114
157 16
137 177
69 120
109 11
190 192
107 9
51 18
33 97
106 128
63 178
168 0
74 19
61 17
44 1
50 19
128 148
159 14
144 5
110 178
57 174
47 114
117 166
194 2
46 190
24 28
34 14
50 94
132 3
58 149
167 8
59 90
123 132
171 181
47 10
194 1
112 185
23 49
133 1
157 19
101 191
78 183
50 184
150 9
25 102
125 15
23 88
150 166
108 12
104 111
10 16
11 14
134 9
78 116
30 34
118 3
78 84
93 4
43 12
34 119
2 15
74 16
119 6
153 5
60 182
6 12
24 199
35 49
40 64
17 19
110 151
132 138
190 15
76 8
71 188
31 12
78 135
35 77
20 16
49 7
178 9
133 11
38 64
20 4
37 10
28 0
104 125
161 166
143 4
131 132
36 129
92 19
80 5
147 4
83 7
25 89
72 148
45 5
63 4
76 4
39 16
22 28
190 8
171 14
24 26
157 2
64 5
67 7
35 0
41 45
172 8
73 182
190 16
56 10
149 16
142 150
62 199
139 8
84 149
73 155
51 188
178 189
30 127
100 140
148 151
139 17
3 18
132 19
144 14
64 182
27 56
80 135
168 192
104 193
29 2
144 180
138 161
22 76
106 121
31 54
4 19
36 58
64 4
50 8
190 17
48 140
181 12
13 16
95 112
152 160
86 139
43 199
157 182
23 36
44 182
47 180
0 7
74 186
89 0
160 11
154 155
40 3
100 121
193 19
121 12
72 142
81 145
2 5
104 16
109 157
62 102
102 13
83 12
126 198
65 116
78 17
28 6
128 153
3 4
25 73
187 11
194 5
26 83
66 102
131 0
37 4
65 12
133 162
112 144
131 13
23 0
39 2
95 13
156 5
69 10
36 86
135 18
185 4
150 2
53 132
129 10
37 181
84 89
176 18
39 136
151 6
58 14
64 172
71 171
106 0
82 2
56 12
20 67
83 17
64 171
134 144
193 17
25 18
197 8
115 11
100 2
129 165
22 14
136 2
81 7
99 0
30 6
26 159
58 13
144 177
42 11
138 173
75 10
20 9
178 185
92 10
148 12
48 11
52 102
52 104
69 195
3 19
110 19
118 16
22 79
33 46
80 184
37 193
151 3
169 10
80 176
51 90
83 146
48 130
30 97
97 152
74 146
176 14
48 15
48 4
100 181
84 110
34 95
135 11
20 70
1 7
87 192
191 16
124 192
115 132
170 182
111 6
111 130
40 14
0 10
106 12
120 0
136 11
54 193
61 175
15 19
49 5
121 3
26 78
82 158
70 71
116 140
68 116
24 87
86 105
102 194
46 178
58 126
88 6
77 171
134 196
57 158
54 176
89 3
78 164
30 4
79 2
95 139
65 18
101 10
74 145
84 19
139 187
49 10
91 10
24 178
74 6
12 16
64 17
26 123
180 183
9 15
133 9
178 3
82 9
178 6
77 142
166 2
85 2
2 10
174 4
58 18
127 11
66 15
188 9
91 95
25 40
42 16
67 104
35 112
39 163
198 12
150 15
163 8
54 10
48 1
71 6
169 171
165 6
141 10
156 4
149 8
66 2
45 16
162 14
10 12
155 10
33 5
1 12
101 184
89 177
34 0
82 152
48 76
56 127
75 138
159 17
47 7
86 165
75 135
116 7
182 12
69 88
71 8
23 174
34 51
121 9
92 13
129 195
119 178
134 149
30 37
63 184
38 146
89 102
87 3
94 8
13 18
97 175
53 10
96 112
181 14
115 153
153 165
105 199
30 73
128 16
89 8
34 1
63 108
110 135
158 13
44 16
127 12
41 5
195 2
120 125
79 10
86 125
47 198
56 13
189 14
131 7
7 18
161 18
170 176
82 126
64 7
106 10
20 62
114 163
90 9
80 91
35 74
97 185
185 10
35 179
21 149
58 60
83 109
5 10
105 157
78 19
84 4
126 159
39 151
51 19
150 8
84 134
185 2
74 0
164 165
147 3
172 19
118 137
53 18
54 147
176 7
121 6
177 191
67 173
68 118
68 196
62 11
152 159
68 152
9 10
24 13
29 34
26 165
82 16
62 1
41 142
168 19
42 133
148 7
109 2
197 3
8 10
169 1
154 7
36 4
58 162
114 10
157 15
56 19
36 109
42 152
32 83
183 189
24 90
103 7
155 183
33 164
23 18
38 52
68 94
133 2
108 3
90 0
55 143
22 2
179 8
159 6
34 158
77 79
43 69
83 143
64 13
27 145
52 3
24 137
60 120
138 6
141 7
29 169
28 1
155 12
86 155
185 192
20 131
146 3
2 17
80 107
37 51
90 19
21 15
107 120
125 1
28 17
138 8
100 15
169 9
150 11
153 193
83 193
158 16
72 9
159 9
12 19
24 89
149 2
120 3
89 192
67 70
63 102
116 14
95 9
110 1
39 72
102 123
129 15
42 17
136 164
63 70
90 1
30 145
113 183
28 160
46 2
135 195
70 17
64 2
15 16
66 12
78 14
28 8
119 154
149 9
182 18
101 172
113 16
177 9
169 18
148 6
2 8
22 118
79 83
126 12
37 96
25 81
14 19
60 142
148 0
64 19
38 50
63 6
139 167
26 163
23 9
153 12
51 68
124 14
46 6
199 14
191 2
140 6
140 179
31 79
85 128
31 14
65 129
32 193
111 10
79 170
123 190
137 9
107 17
116 5
87 151
54 13
36 43
9 11
35 139
183 19
196 11
20 15
158 176
86 3
6 17
44 165
139 140
23 54
142 17
1 19
178 12
42 5
137 173
69 1
47 3
161 1
94 155
111 127
79 5
20 124
69 146
22 18
158 9
40 8
83 156
120 13
113 160
185 7
41 1
5 6
141 14
56 18
70 115
66 3
117 9
115 171
68 16
175 3
2 3
37 11
115 134
2 14
124 168
187 6
72 176
150 197
38 8
35 18
26 19
71 128
131 174
126 161
63 104
70 0
16 17
170 180
101 182
142 177
91 191
54 12
63 3
163 5
43 6
43 2
121 4
81 160
35 7
41 7
179 17
176 185
62 145
166 168
29 19
25 54
83 16
117 15
48 152
5 7
107 15
36 5
137 1
80 6
32 150
60 14
32 13
99 3
168 171
55 62
197 18
42 1
62 15
193 4
29 7
185 3
21 163
50 83
25 195
157 166
139 13
120 1
173 19
121 10
126 191
177 13
25 8
199 8
100 113
47 0
125 14
79 182
146 15
62 94
98 171
166 16
178 11
24 0
40 112
70 72
147 189
32 3
116 158
2 13
124 6
161 3
41 141
167 13
146 192
6 7
37 58
35 10
43 5
199 19
53 107
109 14
110 168
20 112
23 106
34 82
82 113
56 124
113 3
55 18
102 1
71 75
65 67
101 104
86 178
116 178
61 3
102 6
64 11
98 8
161 5
183 16
92 169
133 0
89 11
97 122
184 3
42 69
8 9
189 15
64 6
26 108
75 93
119 19
41 60
80 196
102 167
45 123
42 8
148 174
20 96
113 189
50 73
178 10
79 11
99 104
143 19
89 101
151 14
147 193
107 183
37 196
162 3
73 102
35 15
188 12
26 8
196 7
39 4
155 175
65 123
114 126
53 108
40 151
144 150
102 175
146 2
5 17
94 2
24 19
44 19
146 164
124 13
28 87
121 195
87 183
94 179
114 6
80 0
69 0
34 5
4 9
131 196
78 89
98 10
3 6
180 8
48 9
54 108
189 2
114 146
130 190
57 136
28 18
81 130
85 186
37 192
109 160
125 11
196 17
46 18
156 10
52 17
153 1
102 124
170 3
53 64
41 14
38 40
76 131
33 192
125 186
43 111
137 145
139 3
111 1
86 132
111 195
23 90
37 5
50 3
187 16
67 2
161 7
81 10
135 3
192 17
39 161
180 4
9 13
34 193
174 6
65 100
137 18
155 2
68 1
127 0
57 14
179 6
51 141
145 9
68 159
168 14
99 196
175 2
153 9
139 185
22 85
140 11
88 194
102 178
23 104
142 11
79 19
110 127
163 19
76 16
36 170
160 2
81 151
128 0
71 149
36 92
165 182
100 19
60 7
33 6
97 9
165 174
101 14
183 3
142 4
65 1
152 14
102 19
10 15
39 145
46 141
123 145
96 7
149 180
57 4
51 153
47 162
118 185
126 13
26 3
184 191
198 1
39 79
186 190
157 197
175 18
127 9
67 17
176 3
58 96
139 153
199 7
22 4
104 10
22 192
109 196
46 108
141 168
40 170
4 15
106 176
82 0
22 149
50 6
58 8
27 95
145 10
71 132
136 5
2 7
140 7
69 14
49 128
135 1
27 135
48 12
96 164
52 5
151 2
90 190
40 1
77 98
86 153
61 9
100 0
75 17
48 179
39 147
78 9
35 1
198 18
116 19
44 13
77 91
52 117
67 179
6 10
145 15
10 19
3 11
148 4
60 5
187 1
143 153
171 13
32 137
177 5
95 184
48 157
34 42
145 0
41 187
39 137
197 1
148 8
26 133
195 16
152 1
49 16
125 133
104 17
40 13
60 124
39 14
51 107
63 109
69 92
110 198
58 2
196 4
35 16
124 183
173 194
33 3
121 127
50 190
38 131
40 150
68 126
48 78
139 154
72 151
36 75
45 8
26 66
81 4
53 83
83 165
90 145
57 123
107 195
169 178
135 6
29 91
74 76
70 1
73 91
60 86
25 94
86 16
53 126
58 5
6 11
179 18
28 52
20 28
162 8
59 161
73 18
167 179
124 18
102 2
37 8
125 7
43 8
106 3
70 14
191 0
123 7
134 7
163 199
136 12
76 139
71 79
25 6
77 5
122 13
59 12
190 7
123 4
151 1
66 17
8 13
41 129
40 76
23 181
89 194
53 199
164 8
101 128
117 16
96 172
39 104
82 12
53 178
35 100
84 197
77 19
74 191
8 16
189 1
20 60
164 170
12 17
77 15
63 165
92 7
35 110
81 15
139 162
150 10
110 0
30 130
7 19
40 69
90 13
157 177
46 189
24 121
134 11
101 13
61 136
189 4
38 86
73 110
79 1
156 6
126 14
164 1
114 171
161 15
38 70
192 195
23 78
112 179
103 171
133 172
162 7
0 8
182 6
98 122
42 93
112 184
118 135
159 4
43 75
55 3
45 14
93 173
111 5
80 125
72 17
138 4
180 7
87 96
41 110
196 18
155 199
92 175
36 104
131 142
127 6
22 151
81 85
106 171
134 2
23 160
159 12
72 12
129 148
41 19
166 181
91 109
23 121
22 19
25 26
64 106
124 16
120 146
49 133
108 138
47 158
3 13
20 156
139 4
140 162
66 1
143 16
128 13
196 1
77 120
59 167
160 16
82 102
20 127
178 0
29 3
161 191
33 69
84 9
6 16
168 18
108 156
69 178
22 50
8 15
154 183
146 16
154 1
68 193
36 55
26 79
88 16
120 7
111 13
65 17
80 155
67 0
78 184
197 16
41 154
198 17
116 15
49 9
145 14
103 163
170 199
25 116
50 68
187 14
61 7
175 5
27 9
171 0
48 162
64 80
172 194
38 111
26 105
24 12
34 97
75 147
6 13
186 11
22 13
92 96
72 0
83 149
12 15
14 16
89 145
40 74
41 190
123 131
60 19
23 147
112 16
180 6
93 94
31 150
68 158
93 105
130 3
22 45
80 9
177 17
49 116
132 165
46 130
175 189
70 91
38 165
125 155
51 189
111 15
127 4
110 9
112 113
35 101
25 4
85 104
118 17
83 0
82 6
20 166
96 99
44 7
29 168
5 9
130 197
71 193
137 4
1 16
49 182
197 15
85 149
108 189
46 92
23 182
186 9
34 172
34 179
153 17
81 11
115 125
45 9
49 85
26 130
46 11
177 7
143 189
123 10
165 170
109 17
41 2
73 170
31 7
54 107
121 0
145 11
147 176
45 64
174 13
161 19
36 40
59 164
114 12
47 8
2 6
196 13
39 185
139 9
32 45
89 99
128 199
128 177
96 129
129 12
39 182
63 10
32 197
135 2
27 74
95 17
76 86
143 8
121 153
143 0
48 5
144 9
58 136
159 193
75 7
97 111
146 183
72 155
29 9
69 99
56 199
127 15
0 13
48 97
186 10
33 18
74 108
37 7
26 46
169 16
165 4
100 11
41 73
68 76
59 3
56 133
134 165
27 130
167 10
13 14
108 13
56 17
31 62
46 4
6 8
88 184
91 108
38 10
172 9
33 10
30 51
184 7
128 188
46 69
75 5
2 9
47 108
3 17
21 7
74 175
98 4
40 65
104 18
38 16
45 127
5 12
42 90
69 5
143 10
26 152
13 17
125 9
117 129
81 139
85 6
78 105
46 16
44 0
86 11
86 92
122 124
80 163
111 16
65 9
73 167
165 12
32 143
101 7
56 84
52 56
169 17
105 132
73 74
22 78
100 130
85 10
11 19
130 13
57 80
29 14
37 137
129 141
54 142
123 194
173 8
133 168
133 180
31 118
21 3
176 2
82 18
29 4
121 193
83 2
87 17
131 5
198 7
39 90
55 158
90 2
89 93
114 117
176 184
160 12
133 12
35 3
189 6
146 175
61 125
23 93
66 11
81 18
152 176
24 135
106 14
39 15
126 130
137 3
170 8
130 16
133 17
75 121
104 6
32 198
22 63
97 5
24 25
66 83
36 136
150 7
86 156
60 69
80 10
88 7
128 11
178 2
147 17
62 178
159 11
137 12
165 16
33 13
64 180
25 55
84 13
99 15
85 89
21 5
71 134
44 180
60 15
38 85
73 12
154 0
92 94
102 7
118 156
124 170
23 45
43 114
36 52
59 153
136 158
37 75
99 8
24 122
66 104
20 22
84 140
74 11
149 177
8 19
41 143
73 0
156 170
83 9
26 15
59 181
20 61
109 19
7 16
182 193
141 13
69 161
151 10
188 5
123 199
133 18
20 13
22 136
1 9
72 2
31 99
104 5
92 14
111 17
5 15
124 131
106 193
0 11
72 8
58 190
29 171
53 104
188 16
66 109
53 6
3 5
40 168
51 7
96 191
70 181
193 6
59 93
26 177
46 1
155 0
50 108
175 17
47 148
108 117
85 88
117 139
174 189
44 111
193 7
114 161
46 112
116 11
49 18
188 3
70 179
106 19
116 13
1 2
111 0
65 108
103 121
46 9
119 2
23 7
65 188
36 16
58 94
40 105
109 135
191 15
10 11
145 2
36 12
100 138
98 156
109 8
147 15
35 153
132 11
79 133
38 93
68 6
121 11
33 1
83 107
177 4
64 74
36 72
25 7
97 10
120 10
171 9
70 105
59 120
28 47
56 3
2 18
73 10
59 156
89 15
68 18
51 15
57 70
87 138
108 7
39 191
42 7
55 160
110 128
155 14
73 122
62 0
50 93
195 18
128 2
90 17
44 183
145 8
125 174
49 0
57 98
6 15
35 187
70 126
38 0
71 191
81 177
60 177
131 8
150 0
43 18
36 195
46 180
66 177
26 14
197 7
134 17
159 160
50 177
2 12
182 11
32 0
118 19
87 184
21 68
160 17
29 123
80 147
139 179
191 1
106 17
62 6
136 4
33 85
32 153
145 13
78 95
28 98
62 175
58 7
24 67
132 169
191 6
114 2
129 16
95 173
27 10
59 11
68 175
57 144
88 18
59 117
90 176
32 7
67 84
142 14
138 10
95 3
138 181
147 155
10 13
128 5
172 3
32 15
119 4
72 199
78 193
48 197
115 5
56 1
76 127
158 10
34 126
173 6
184 18
30 15
42 151
22 15
111 141
164 169
64 14
101 12
74 190
164 10
53 129
169 0
54 119
91 158
58 77
77 17
129 13
151 12
115 1
0 5
163 11
46 155
134 173
85 194
157 8
58 156
23 4
103 19
39 52
117 136
47 155
8 18
80 149
80 112
136 192
79 153
46 8
97 188
14 18
87 6
74 4
46 12
152 12
140 18
31 19
40 166
54 16
26 94
20 63
188 1
46 144
170 193
164 195
129 17
47 130
178 198
3 14
83 10
6 9
34 15
168 190
93 2
48 158
131 166
135 17
89 1
143 2
55 99
68 8
36 53
42 61
113 17
59 18
138 19
79 173
162 183
161 12
143 183
13 15
79 107
60 70
114 193
144 196
119 173
76 17
32 18
85 143
91 0
56 57
102 11
133 146
30 169
109 174
182 16
78 150
153 185
83 151
23 27
186 15
114 8
134 178
173 3
49 115
43 0
129 19
128 9
199 18
78 148
108 151
110 18
6 18
83 1
33 57
186 18
11 13
58 15
191 9
109 152
159 8
161 14
102 16
60 61
91 145
21 13
60 17
23 76
108 18
91 17
33 78
36 15
161 183
52 16
152 18
34 96
36 101
192 1
20 184
71 17
52 2
42 75
130 5
95 2
95 174
88 3
167 9
154 14
78 114
103 120
46 106
81 17
124 9
62 2
