145 161
58 2
176 16
178 3
88 12
43 74
128 11
75 109
113 188
83 162
69 130
161 173
86 193
67 83
171 9
42 45
162 4
130 16
29 105
94 106
29 199
95 194
43 184
94 5
177 186
55 108
61 116
73 88
125 137
186 9
13 15
184 14
22 10
79 81
144 6
53 105
155 14
59 107
55 180
23 2
82 11
78 123
73 90
47 14
96 195
158 7
40 114
84 168
173 15
60 85
43 7
16 18
10 13
81 126
129 147
139 157
52 5
93 143
82 14
72 106
135 1
166 12
33 80
169 15
56 155
191 9
36 44
172 0
124 17
172 6
78 107
187 7
37 18
60 16
21 180
131 2
74 82
41 79
89 91
52 2
131 9
45 46
50 63
57 8
84 18
195 13
26 3
139 184
69 151
48 0
59 7
94 17
63 110
111 148
139 197
194 8
195 6
128 7
91 17
164 10
167 169
74 107
31 181
8 16
198 3
57 1
180 1
193 9
157 199
194 18
22 88
31 5
4 11
128 2
118 125
72 10
4 14
120 128
45 15
110 11
134 160
81 100
27 15
25 10
13 16
33 139
126 19
27 12
12 19
75 79
69 19
79 185
36 1
63 13
175 13
166 167
51 8
150 19
61 9
91 141
44 18
73 164
133 194
26 1
194 12
89 2
105 15
57 184
189 16
81 1
55 9
88 124
69 196
147 18
5 17
61 96
5 11
58 165
194 7
31 189
29 164
69 9
166 3
50 118
33 14
59 138
94 0
29 75
78 149
118 6
52 81
82 146
136 11
116 120
122 152
40 76
96 177
103 2
36 122
100 133
43 16
154 168
83 1
143 0
53 61
135 12
128 19
76 6
36 196
72 157
163 12
194 15
122 191
67 4
84 16
32 170
145 3
163 2
14 19
150 6
43 2
49 179
24 18
91 1
139 13
30 5
198 19
52 110
46 12
44 88
72 169
34 119
76 85
163 17
56 18
119 153
50 6
44 89
85 123
17 19
68 123
100 190
0 19
29 63
26 61
93 15
195 12
131 5
163 9
105 145
106 116
8 13
7 9
72 190
132 6
37 11
57 88
100 7
24 52
106 6
75 1
116 184
39 118
162 1
91 9
199 13
126 161
125 130
142 10
105 6
64 0
88 15
132 149
184 5
23 167
53 69
20 59
12 13
71 2
188 3
26 132
76 7
28 101
71 138
62 192
70 95
20 32
173 18
0 13
173 189
104 10
120 160
59 106
83 2
111 150
48 15
21 194
190 12
106 190
23 138
15 17
47 76
77 126
123 6
29 19
94 19
182 1
25 145
84 199
36 142
43 97
157 3
169 0
108 146
51 125
179 1
81 16
151 189
61 170
49 18
74 117
136 144
76 4
101 2
115 3
79 12
143 7
61 105
68 82
177 12
27 41
166 8
85 4
32 119
47 106
56 8
103 19
102 138
27 14
160 196
166 10
107 136
45 128
24 113
0 1
167 6
57 180
55 134
24 1
98 13
85 97
183 7
186 13
176 14
49 0
100 17
38 14
78 104
165 196
6 19
176 10
166 5
149 6
131 11
147 2
127 135
28 3
64 131
93 109
47 16
107 140
78 86
38 0
54 92
129 9
170 17
12 17
50 1
197 12
176 12
32 93
7 17
44 69
70 13
143 8
64 136
160 1
83 13
58 81
75 140
144 14
40 0
102 5
151 2
49 180
58 5
21 19
41 83
23 8
126 5
86 145
135 8
52 6
99 197
108 176
15 16
58 154
155 10
125 6
105 141
97 13
80 102
122 5
67 142
99 17
31 14
114 196
122 15
44 117
161 19
100 104
69 115
57 136
177 6
2 5
179 4
83 130
126 194
138 11
66 1
145 10
20 43
182 19
40 163
4 9
21 15
116 192
47 49
65 17
138 140
62 160
140 196
162 166
116 146
169 186
51 94
175 6
102 9
172 7
79 13
63 4
79 174
96 153
60 140
40 179
23 72
100 5
23 168
56 170
60 15
44 92
88 16
144 182
127 187
21 55
9 16
58 86
171 186
24 63
137 12
57 99
79 90
59 116
110 161
102 1
183 18
81 4
124 1
77 120
129 17
21 25
67 13
198 2
104 14
190 16
141 166
84 101
164 14
139 159
45 9
110 5
71 129
41 143
116 156
25 7
165 182
25 53
179 12
98 16
175 3
35 0
196 7
95 139
147 156
38 142
75 152
52 177
36 140
119 1
106 110
188 1
83 151
24 93
162 18
145 2
59 19
29 128
20 45
47 7
190 5
165 12
152 19
24 117
98 11
11 14
75 137
177 5
106 134
88 128
86 104
154 15
156 5
141 12
80 5
117 18
177 2
140 0
115 187
147 190
97 12
105 9
175 18
25 157
98 145
28 33
57 112
48 156
98 131
142 166
119 7
161 1
169 13
92 198
16 19
162 0
181 8
56 13
28 146
25 13
92 3
2 13
193 18
124 128
51 159
98 121
121 10
159 182
161 8
42 135
62 114
102 19
44 189
84 5
41 120
107 192
52 19
86 18
171 7
30 18
32 58
32 141
69 6
99 161
121 12
153 188
0 4
41 42
103 8
82 1
80 166
181 4
45 140
157 0
2 19
161 172
133 10
28 188
56 177
66 158
9 15
50 160
28 4
69 87
128 188
180 15
154 188
110 134
140 164
67 163
79 8
86 14
87 8
57 151
94 6
51 6
51 153
43 18
39 12
155 176
69 92
179 191
59 189
102 10
63 150
99 12
174 18
50 138
176 0
148 16
61 122
140 10
87 188
128 14
166 187
158 1
48 13
132 11
29 4
153 182
21 12
94 181
109 157
32 11
157 1
194 16
125 128
88 145
154 19
167 18
41 99
112 15
7 18
124 4
148 7
55 157
84 112
63 16
132 139
136 0
35 190
151 13
96 0
26 16
192 13
58 13
39 10
112 124
198 15
153 11
160 4
51 12
55 11
167 198
69 99
1 17
32 78
41 16
158 167
58 18
138 15
88 10
64 1
58 11
168 179
145 162
143 16
92 128
57 124
153 12
120 168
114 7
31 60
136 7
113 9
98 17
109 142
105 119
60 155
119 181
139 150
173 14
101 162
28 160
92 169
189 4
171 0
156 10
53 185
47 12
111 143
118 192
115 173
159 197
94 122
25 77
3 16
22 41
13 14
172 11
166 15
83 127
69 168
52 7
133 19
118 149
93 0
48 192
184 191
74 164
123 10
33 125
56 112
119 17
88 182
8 12
82 12
155 5
90 2
57 4
88 172
96 103
127 3
134 7
74 11
30 38
61 65
150 7
94 133
40 138
81 11
33 176
187 10
95 118
62 11
139 12
54 128
71 9
51 113
3 4
122 146
78 19
54 177
138 16
65 1
14 15
32 9
64 134
58 84
55 5
86 6
29 30
33 65
91 137
77 11
148 190
157 17
146 8
61 11
26 9
82 125
36 175
163 14
6 13
176 13
34 13
55 118
53 90
137 4
155 170
50 70
85 96
79 176
102 126
91 140
135 4
57 155
76 144
106 112
84 7
5 13
152 184
119 3
58 197
32 143
25 119
21 42
95 13
183 16
179 6
51 2
185 3
38 186
45 189
37 3
13 19
55 61
3 7
53 128
6 12
28 77
2 12
75 176
103 146
34 183
34 123
96 148
114 130
66 156
70 15
107 131
69 111
139 161
163 0
37 195
56 2
182 18
2 11
158 12
71 4
106 4
143 4
1 2
181 185
112 143
63 146
89 142
23 41
180 16
199 6
1 11
193 19
104 13
117 1
68 1
63 175
121 11
57 93
55 4
116 153
199 3
25 17
122 186
43 58
4 5
134 183
27 110
34 0
161 4
28 126
103 1
193 4
174 14
112 199
31 16
72 196
97 18
87 3
50 190
94 3
118 4
179 0
159 7
105 112
32 45
197 3
108 19
46 8
73 100
112 9
69 190
11 15
52 116
83 5
38 106
185 1
20 193
55 8
84 93
133 15
149 4
198 4
88 18
65 73
46 142
56 5
115 157
152 7
32 176
141 153
23 139
61 10
47 81
86 15
69 18
147 14
93 150
90 14
67 82
66 4
34 169
192 1
126 193
160 16
165 197
53 8
34 11
1 19
157 12
88 11
123 148
140 161
104 18
36 74
41 11
22 150
188 15
45 121
160 8
95 19
85 99
122 177
11 19
35 43
21 72
46 9
4 17
108 132
185 5
47 62
166 173
82 153
137 3
39 50
78 150
42 66
191 13
105 2
20 99
113 199
86 8
54 19
116 134
139 0
28 69
107 173
161 198
105 131
22 151
74 0
112 0
113 154
169 188
28 0
57 98
76 10
43 12
149 167
28 8
20 14
43 8
161 188
164 175
5 9
37 129
135 14
25 187
125 142
100 139
133 11
148 174
22 16
51 186
27 64
100 151
127 7
50 141
23 19
112 10
126 171
61 76
125 18
145 4
159 10
139 19
152 163
115 175
196 9
23 142
145 189
135 171
40 16
146 19
130 7
32 10
27 34
20 97
68 10
127 18
45 19
47 159
60 9
116 16
24 172
4 10
93 14
131 8
34 53
86 11
30 0
62 1
37 14
27 186
171 2
37 73
98 116
88 19
141 190
127 16
152 12
191 5
70 120
50 152
37 157
48 138
0 15
29 3
122 12
106 9
7 8
123 194
161 170
35 113
31 56
117 158
84 115
196 19
59 18
32 33
74 132
101 197
26 27
39 108
66 172
31 122
164 17
115 195
113 13
194 1
22 2
89 7
190 11
196 10
74 151
79 0
191 17
26 149
185 13
169 9
41 184
138 3
26 71
23 11
68 15
126 179
49 9
151 0
178 181
168 10
155 18
80 170
34 3
27 63
52 98
62 0
127 13
63 2
71 166
187 16
30 6
184 6
50 127
20 1
80 17
70 162
120 12
1 7
43 48
199 5
122 195
129 3
139 14
95 164
100 157
128 18
116 6
71 16
76 171
35 2
44 3
59 137
84 10
109 176
44 19
153 154
164 11
91 16
32 163
44 121
44 180
42 52
34 8
181 1
111 17
70 6
77 18
121 130
114 8
44 13
148 4
50 19
76 138
144 197
141 187
48 5
46 148
162 185
90 108
158 171
76 8
143 12
52 17
63 164
122 157
116 15
81 5
33 52
68 172
42 6
48 132
51 100
56 16
83 9
78 172
59 99
124 5
3 13
52 144
48 10
80 108
56 14
61 162
94 136
26 12
85 15
151 174
135 11
34 9
9 12
173 186
126 14
89 148
173 19
128 145
187 8
60 67
42 129
122 142
36 155
151 171
41 197
99 176
128 4
38 13
98 159
90 4
75 5
74 3
183 13
117 7
84 100
86 89
105 146
56 122
195 197
37 158
182 15
8 18
134 169
75 103
51 0
67 189
94 134
32 197
52 171
130 132
66 2
40 17
20 4
26 164
63 65
5 15
31 15
36 12
34 185
148 1
119 139
64 139
45 6
150 15
64 117
97 16
128 162
106 7
1 6
111 13
189 10
22 14
164 16
8 10
7 10
107 17
115 122
167 179
58 145
150 16
163 177
59 117
129 4
152 3
51 188
91 190
111 185
63 105
7 19
32 14
191 15
74 9
90 130
94 154
86 185
83 163
26 100
51 4
53 10
31 155
59 193
96 4
48 49
145 187
1 5
34 72
61 112
35 189
164 15
126 4
86 112
27 151
138 10
41 194
158 18
101 151
3 11
102 15
73 9
179 14
52 12
134 13
105 167
183 11
40 92
67 139
29 59
187 17
133 1
66 7
132 133
33 16
35 188
131 197
147 194
73 107
86 127
99 1
103 7
26 140
74 4
61 121
166 6
87 187
73 195
154 193
154 0
145 169
152 10
185 8
39 5
98 5
174 15
187 4
113 119
102 163
166 169
183 8
83 4
20 15
70 4
107 16
48 167
92 5
25 164
85 194
148 185
80 184
1 8
82 19
72 3
186 196
175 16
145 5
171 19
77 78
69 189
43 52
178 2
12 18
102 7
56 180
48 6
83 18
186 11
169 19
28 13
49 12
89 94
50 5
91 2
72 137
42 14
108 190
20 12
57 13
131 4
143 167
74 1
28 1
45 123
50 198
189 3
79 6
138 17
161 12
23 83
157 197
72 109
149 0
38 111
91 4
136 16
101 14
20 0
67 153
177 3
189 196
48 8
24 88
6 16
2 16
8 9
5 8
9 14
27 13
115 9
44 14
163 15
57 94
146 13
50 57
9 17
64 128
87 156
156 189
57 67
3 14
2 17
25 110
22 126
55 197
194 9
124 12
82 3
129 187
135 136
60 12
48 14
24 171
26 73
80 141
118 186
151 6
45 17
26 4
114 155
35 132
110 9
117 157
134 184
59 171
25 195
81 13
26 82
127 2
86 12
34 187
98 103
128 12
145 18
33 89
29 148
121 13
148 176
146 156
80 0
64 170
86 118
100 1
195 0
139 153
62 16
53 9
51 152
72 16
75 132
160 173
6 15
37 190
28 108
130 199
77 99
77 1
165 184
106 160
142 171
130 6
20 76
54 195
132 10
60 96
27 150
163 182
186 1
90 133
62 198
46 19
130 10
92 178
67 0
48 150
71 100
63 149
49 101
20 73
142 173
141 174
149 1
149 16
185 9
78 132
101 125
25 27
181 13
175 180
53 183
72 17
141 13
141 4
98 160
85 196
188 18
80 10
150 3
82 5
99 141
85 3
49 103
142 4
199 14
192 5
84 181
83 100
92 15
193 17
36 7
11 13
159 11
81 9
41 6
164 9
4 15
20 150
170 0
80 183
113 140
83 116
96 9
131 135
70 190
41 9
182 9
85 2
63 12
59 84
55 2
190 10
84 9
150 181
171 195
2 3
81 14
66 3
170 181
104 145
179 10
23 141
110 3
82 144
4 6
150 170
123 7
128 13
143 3
143 1
37 0
32 7
34 107
4 7
151 190
27 8
33 189
111 19
35 62
189 192
20 30
180 18
196 1
197 10
171 174
46 94
37 171
63 127
143 14
151 7
108 3
170 14
181 5
69 121
137 1
173 12
43 71
161 11
69 141
173 11
1 16
191 7
197 9
193 0
166 19
59 119
21 138
51 129
128 15
101 13
5 16
137 195
22 11
79 197
143 156
57 181
172 174
125 16
117 137
85 13
141 169
66 14
50 4
50 181
142 191
31 18
120 5
129 5
10 15
38 5
83 175
87 120
164 2
93 3
40 18
24 4
78 185
44 87
145 19
191 8
123 9
128 0
158 19
25 158
95 3
80 15
27 17
100 9
45 99
23 105
75 117
199 1
156 9
94 118
30 17
140 7
35 160
72 8
49 8
101 195
122 17
25 162
118 168
152 177
161 6
9 19
50 98
129 2
78 6
151 18
31 191
178 1
120 189
37 132
47 180
75 90
165 4
171 17
70 132
161 2
61 163
24 125
157 11
81 15
173 6
69 128
113 132
50 13
149 15
191 0
6 14
28 15
71 17
164 1
66 126
58 137
52 0
157 8
57 3
62 85
180 10
82 171
110 179
89 12
36 80
33 114
109 183
90 12
59 123
61 124
71 14
26 123
3 9
105 13
50 86
74 5
65 72
199 7
118 121
57 0
38 97
35 112
0 9
196 3
179 5
168 14
131 17
65 10
65 152
103 162
33 163
72 101
34 14
129 11
187 11
27 72
141 10
118 16
109 4
61 86
35 7
10 18
59 92
90 173
70 1
137 17
51 7
129 0
108 5
92 99
94 139
107 4
110 1
140 13
92 142
45 51
56 6
110 113
181 17
20 5
145 17
78 121
34 16
42 69
24 168
110 17
110 125
123 18
25 14
45 12
199 15
157 16
180 183
58 62
13 17
178 7
0 3
61 17
59 169
57 7
32 80
92 7
131 195
162 17
159 5
25 190
72 171
42 15
83 17
24 71
149 5
89 3
32 35
133 14
5 12
198 17
71 148
36 189
187 19
115 126
92 11
58 69
33 100
167 0
109 7
73 189
111 9
55 137
185 18
66 5
158 11
38 9
63 5
44 190
190 1
182 3
20 2
31 199
135 172
75 4
89 14
29 169
90 128
90 140
136 3
139 6
68 195
89 16
72 103
24 12
99 8
70 188
142 175
148 0
26 151
120 0
97 2
145 13
28 96
77 14
161 162
41 102
199 16
113 2
52 143
114 10
97 4
47 172
133 18
62 124
48 68
51 170
135 183
135 154
188 13
134 147
28 140
187 5
147 12
79 147
156 12
50 61
89 128
193 1
114 1
50 106
134 18
78 186
128 9
128 176
36 67
154 11
94 15
57 95
76 134
71 6
113 162
38 7
112 19
189 11
55 135
117 173
85 133
148 13
20 6
67 6
172 8
109 156
30 95
12 14
46 83
117 15
0 18
14 16
53 54
175 12
49 56
118 12
67 73
30 85
137 172
72 168
39 14
33 3
107 11
175 11
43 148
155 192
24 173
23 117
84 185
73 96
67 18
7 13
100 102
60 135
132 16
52 166
124 126
125 4
180 14
154 175
39 53
184 15
67 5
81 6
142 19
50 65
25 66
137 153
82 176
53 4
168 12
166 0
25 4
123 0
175 9
70 12
22 183
61 141
157 4
125 163
90 7
148 10
167 4
25 1
69 172
87 1
20 17
56 19
37 10
1 13
156 172
114 172
63 165
75 13
70 3
76 147
107 197
162 12
23 55
112 4
163 8
139 7
147 155
103 184
26 40
189 0
55 148
189 8
185 11
56 111
71 142
67 8
111 15
120 150
151 176
123 11
100 182
85 115
138 6
56 189
23 0
114 9
40 123
112 13
109 8
22 19
104 185
51 13
49 1
94 140
101 147
85 19
161 176
113 1
37 181
174 1
125 9
117 146
151 198
27 9
32 97
89 106
94 125
59 192
33 161
24 94
96 11
133 17
175 19
85 178
96 13
46 18
31 1
21 117
23 40
40 4
2 14
64 169
87 19
42 163
82 18
91 6
94 13
130 4
32 117
34 10
63 159
130 180
34 163
27 3
139 18
45 134
79 2
79 195
132 19
182 6
156 158
41 89
172 190
6 8
184 9
97 181
27 191
33 123
155 3
22 45
169 10
60 65
23 38
61 4
0 10
44 155
61 77
163 191
160 3
84 12
109 198
26 5
85 8
197 17
24 48
121 2
65 151
72 5
80 158
95 14
2 18
24 161
152 15
90 109
74 138
30 13
73 11
102 153
7 16
32 171
99 9
27 127
44 5
190 7
3 18
149 10
52 109
7 14
21 103
46 17
73 117
45 58
192 10
36 54
24 74
84 133
85 120
89 15
141 184
180 181
72 191
36 51
75 95
48 162
10 16
64 15
17 18
52 145
146 15
136 12
191 14
94 97
31 7
199 9
110 18
32 198
105 106
168 16
136 18
60 6
71 130
97 1
68 12
42 17
74 182
42 177
58 80
33 153
131 183
97 165
52 18
36 19
133 6
45 89
115 178
89 190
62 94
100 11
52 4
193 5
3 12
89 112
34 102
59 155
40 13
169 12
188 4
96 5
174 9
98 2
168 180
48 75
45 179
3 19
96 168
73 18
157 167
171 180
27 58
76 173
172 18
21 70
162 163
76 15
22 117
188 9
27 152
9 10
26 197
8 14
79 3
104 4
43 178
152 1
1 9
84 11
46 16
46 3
119 12
63 7
174 17
69 1
132 187
111 124
55 18
5 10
98 127
44 7
94 102
173 17
180 197
108 1
47 5
109 1
71 8
154 14
27 180
165 18
72 0
88 152
127 138
39 3
185 10
0 8
29 6
10 19
41 19
77 83
105 14
130 193
127 5
96 12
70 16
130 137
169 189
30 98
83 142
115 12
113 130
66 195
86 181
136 138
23 99
123 147
46 111
170 171
143 155
70 151
74 80
198 0
116 10
75 12
32 49
61 103
63 14
179 194
76 14
82 7
45 50
78 8
68 16
178 16
26 172
172 17
184 7
143 6
46 166
108 0
193 12
45 188
69 154
50 18
39 11
78 146
10 17
134 0
42 3
0 2
115 192
113 117
27 44
50 79
32 5
92 147
7 11
39 136
80 18
70 9
62 12
129 1
109 5
39 17
139 4
25 28
33 99
61 0
53 6
35 1
66 11
107 165
31 57
176 15
70 11
56 75
96 16
112 123
198 9
76 12
3 6
188 7
128 165
152 2
62 170
66 180
50 15
149 18
35 15
136 196
127 198
64 175
135 16
166 189
45 172
93 116
116 19
80 138
161 3
166 13
33 190
51 11
132 5
182 190
106 10
129 13
93 138
113 195
45 2
54 1
103 188
29 13
118 182
193 10
99 119
3 8
106 189
16 17
82 9
144 3
66 72
64 176
50 103
5 18
35 196
103 10
122 145
24 137
77 194
79 134
77 8
72 1
52 66
104 172
128 136
44 175
2 15
170 3
188 0
104 162
32 103
38 104
6 7
142 16
35 17
145 8
26 119
120 19
30 8
69 15
61 6
71 74
118 177
13 18
68 71
55 173
49 87
97 177
168 15
84 116
186 19
192 6
27 197
107 109
52 59
104 8
169 18
137 15
23 32
70 116
66 139
24 3
140 9
193 13
125 151
62 138
144 7
23 4
124 9
160 9
97 166
23 5
47 19
76 5
148 9
75 189
52 15
101 18
187 6
73 17
103 16
76 99
38 60
11 18
76 121
144 148
72 19
158 10
117 10
63 70
33 187
117 16
109 147
98 12
171 15
160 176
1 18
161 15
24 199
10 11
4 18
185 197
40 51
138 1
46 191
49 196
154 16
39 8
145 183
179 8
113 12
21 171
89 0
77 173
100 166
116 5
94 158
168 17
62 4
98 193
36 93
38 44
87 105
139 174
147 168
67 70
107 3
111 186
143 150
123 12
73 130
64 118
5 19
159 4
195 16
72 4
66 103
29 48
47 52
132 1
94 14
109 17
80 85
147 10
116 3
97 3
111 0
145 14
45 125
130 13
53 188
154 1
111 4
127 173
136 177
111 137
116 188
34 70
29 15
23 190
188 5
94 189
58 16
31 8
93 129
32 155
26 0
28 74
42 86
90 11
126 15
195 198
87 97
89 6
41 48
82 13
32 8
99 155
60 8
84 96
152 0
137 11
154 192
126 2
10 12
119 14
53 114
60 167
106 197
38 17
180 2
101 129
86 189
47 176
192 17
85 9
33 95
34 6
47 6
37 65
118 161
56 66
118 7
153 5
60 19
153 0
141 1
43 182
62 123
39 6
189 1
185 198
59 140
65 15
93 156
27 66
78 159
78 13
25 19
84 136
32 73
174 3
98 8
38 15
32 79
117 120
150 196
61 101
49 82
67 160
87 2
50 120
65 183
3 15
79 100
54 68
61 190
73 10
21 81
144 10
27 153
32 60
73 157
155 15
27 7
40 199
32 3
18 19
144 17
128 17
63 143
47 152
24 32
45 182
156 16
62 98
25 9
166 9
182 4
25 135
97 8
43 47
112 149
136 2
186 16
86 107
27 0
166 14
69 7
36 159
50 14
51 15
186 4
68 169
89 5
107 143
89 9
7 15
116 12
30 16
68 3
111 12
29 0
188 16
117 6
95 130
146 165
0 6
152 17
133 182
132 193
54 77
61 74
87 121
93 12
130 162
59 3
109 143
114 2
130 134
104 0
93 7
143 193
50 166
8 11
70 10
185 16
189 18
23 98
46 108
63 177
23 35
98 3
44 2
168 7
137 185
58 7
160 167
46 6
89 104
140 193
34 15
45 116
25 8
79 175
125 11
24 45
47 110
102 174
79 18
70 107
26 168
89 19
103 172
6 9
64 66
134 10
62 76
100 149
81 95
41 7
120 194
129 146
133 3
113 6
111 5
96 157
95 173
190 15
54 95
123 5
76 180
30 144
117 17
76 158
27 51
46 10
33 81
138 2
78 3
1 12
20 39
148 177
95 163
121 180
123 15
89 188
138 7
171 3
136 10
113 7
102 121
151 17
93 164
2 7
29 90
51 199
34 177
170 191
65 9
195 11
170 12
21 62
101 180
22 18
80 8
65 150
96 131
88 9
159 13
25 161
172 3
41 118
120 8
91 10
115 0
129 16
67 10
35 77
115 172
67 144
26 139
65 0
142 150
106 0
30 3
70 194
84 17
46 131
84 8
146 9
24 62
182 8
164 183
125 188
118 173
121 181
44 4
117 150
24 150
40 3
34 80
40 152
21 172
80 13
30 162
22 4
40 117
85 110
85 12
21 119
107 133
93 11
64 149
5 7
28 2
44 46
42 102
116 179
69 12
106 13
55 133
62 134
79 141
117 193
138 9
71 11
134 189
36 154
26 38
172 4
84 144
147 15
51 182
76 153
112 159
65 19
129 14
47 99
56 11
109 19
150 18
113 183
11 17
163 197
165 172
109 10
135 148
127 153
92 12
32 15
66 16
35 18
66 84
65 130
147 16
41 107
65 173
140 6
72 188
104 19
20 27
29 10
187 190
84 117
26 96
4 12
109 15
128 197
109 119
112 180
44 111
177 13
73 6
77 135
61 63
144 18
57 126
130 175
158 8
39 94
37 153
41 14
35 42
66 8
50 156
130 196
57 133
121 7
66 13
42 84
61 134
49 11
22 8
117 8
49 89
134 11
36 8
0 12
20 9
166 197
32 126
85 10
49 182
48 119
62 81
171 196
1 14
75 190
65 14
25 16
81 194
26 6
160 19
4 16
37 119
24 139
70 128
68 162
67 192
48 164
51 183
70 109
97 15
75 19
93 124
176 3
48 94
67 165
178 8
128 198
0 17
78 16
87 14
159 19
61 171
169 17
0 14
64 143
162 9
169 3
62 101
44 11
61 19
52 196
28 163
124 182
166 16
123 130
57 150
72 176
134 5
1 15
36 4
14 18
63 180
51 19
104 16
37 12
123 3
120 6
125 14
169 194
98 15
135 5
109 16
33 121
22 125
199 0
128 10
88 92
58 15
47 145
161 174
165 13
112 18
122 16
144 13
169 8
116 11
0 16
68 17
119 13
66 151
152 13
184 10
159 168
36 18
77 177
31 153
76 86
196 2
87 161
169 6
80 7
115 14
28 109
58 10
60 166
34 166
151 3
30 77
26 118
82 178
5 6
98 154
123 1
73 12
75 15
78 168
132 14
44 102
39 172
53 2
64 16
158 3
89 133
83 12
126 11
85 105
157 10
146 12
104 180
78 11
131 18
89 1
156 7
90 8
99 16
29 17
68 2
127 14
122 11
41 84
106 14
73 0
26 170
28 181
89 8
50 2
64 194
150 2
51 160
134 2
124 18
2 6
33 5
56 153
94 4
34 18
31 85
154 18
68 14
147 154
29 5
156 4
147 5
154 5
114 14
164 7
123 184
50 142
113 124
69 198
163 1
88 6
138 171
35 150
78 166
65 137
94 172
47 163
88 5
108 18
36 41
174 8
89 166
75 6
147 3
89 159
121 14
164 19
4 8
28 158
109 12
79 17
130 145
80 9
95 198
150 13
104 11
79 187
23 82
123 4
26 2
97 9
81 182
25 104
118 2
22 105
31 19
91 148
44 16
52 11
25 2
139 191
168 19
28 6
167 19
82 113
47 98
177 7
125 178
199 17
20 11
177 10
72 6
84 14
44 68
164 6
53 86
120 169
145 7
140 8
98 18
143 144
185 6
160 186
21 4
111 125
77 3
115 11
84 170
36 3
131 174
79 137
2 9
138 192
168 0
93 4
120 14
192 0
68 9
50 191
27 190
76 186
87 112
116 145
30 60
176 8
142 159
64 193
0 5
125 136
71 104
137 154
189 13
170 5
157 15
79 10
68 178
126 10
1 4
34 19
84 180
97 122
168 186
42 70
98 134
115 139
161 17
128 153
102 3
162 14
47 17
43 127
169 14
88 171
50 16
117 122
77 114
142 3
105 194
106 136
177 8
189 7
32 57
108 10
127 11
117 155
63 18
117 11
119 187
21 60
41 2
84 2
59 67
28 172
12 16
21 168
52 9
66 111
54 10
43 147
49 184
115 147
51 67
154 163
186 5
93 18
127 19
68 160
126 182
51 119
103 0
44 130
174 5
53 163
47 10
160 12
30 1
27 19
183 12
96 186
66 12
34 89
151 183
64 126
186 197
72 11
139 9
24 14
31 67
65 7
76 190
188 12
121 197
75 154
159 15
130 146
24 90
172 9
162 177
114 175
27 170
53 18
87 90
99 0
24 97
56 12
148 15
100 120
73 149
22 6
21 13
38 198
115 16
119 18
76 19
29 14
191 194
34 175
69 11
145 0
30 36
102 13
54 184
56 57
21 148
190 0
127 197
102 154
15 18
25 12
35 13
15 19
106 148
127 15
102 146
197 0
60 143
53 182
45 141
154 10
72 158
93 128
112 147
42 12
87 16
113 133
91 196
114 11
73 13
4 13
57 182
157 5
78 17
42 7
119 157
152 8
168 2
153 18
0 7
198 14
71 80
80 4
94 18
6 18
111 116
94 171
130 12
132 194
37 81
53 161
138 4
140 147
63 109
179 11
148 17
43 129
145 181
91 18
107 191
108 125
46 63
61 158
71 96
22 57
104 5
29 112
70 161
44 51
40 8
37 6
83 7
69 8
164 8
30 7
195 17
44 104
89 141
41 137
89 4
77 0
124 152
167 10
108 16
181 14
48 11
154 182
68 8
49 54
193 11
104 106
56 17
186 0
41 10
95 159
57 191
23 192
48 7
188 19
158 16
66 15
131 193
60 3
192 16
30 124
127 6
48 128
91 165
14 17
119 120
122 10
72 80
132 7
114 120
12 15
35 197
69 4
33 9
48 124
164 166
120 126
42 61
152 9
79 125
34 156
21 7
89 191
64 18
95 172
105 8
186 3
198 6
196 12
82 17
112 7
99 115
185 0
45 193
45 174
174 194
134 12
109 0
181 3
49 136
89 123
36 14
87 114
65 18
187 1
106 2
50 158
57 19
27 10
150 9
93 6
38 126
197 2
38 11
75 181
100 18
112 2
46 13
139 2
35 93
162 16
61 153
112 188
122 1
130 9
198 16
121 8
85 154
73 167
143 181
2 4
172 5
69 106
185 4
190 4
20 66
26 13
133 191
60 7
119 176
41 111
110 12
22 58
71 178
183 17
61 18
161 14
96 99
109 179
82 96
74 152
98 6
78 100
53 85
33 4
139 176
149 17
96 122
153 4
86 2
100 19
22 159
2 10
40 98
57 167
150 152
135 0
47 9
190 8
21 97
35 76
173 16
36 106
39 0
82 103
24 34
