140 192
56 16
124 129
190 19
167 9
13 18
115 9
42 158
8 11
85 122
104 11
120 132
126 1
65 3
38 4
37 199
197 0
74 9
90 11
40 12
60 0
152 169
125 1
55 119
33 193
36 155
104 188
184 6
87 92
89 198
40 199
90 9
82 7
36 139
191 6
82 141
117 0
28 122
0 12
93 9
193 2
54 150
60 113
127 183
121 1
194 14
194 19
114 16
77 2
124 141
161 9
107 18
128 143
49 18
46 193
80 11
53 73
102 161
92 179
61 3
53 158
40 5
134 3
180 199
111 148
42 190
113 18
183 10
113 171
161 5
108 12
176 18
55 77
101 171
76 1
127 10
169 12
29 144
39 139
141 199
76 15
75 171
62 152
117 15
150 2
21 117
114 181
1 19
25 179
52 2
40 198
48 51
197 6
137 13
30 9
87 4
73 145
111 149
43 188
24 138
0 18
30 162
83 138
96 13
184 12
153 12
135 14
93 8
79 18
29 55
4 12
90 134
96 5
82 184
109 2
180 4
73 135
101 130
88 197
119 11
159 12
146 17
95 151
8 10
109 1
193 6
72 93
124 12
81 107
163 177
89 139
87 141
56 80
148 10
31 14
64 189
135 1
88 102
71 163
185 19
61 163
125 14
81 4
115 172
34 10
180 1
50 163
144 7
106 10
183 2
131 198
114 17
90 3
69 6
72 5
171 0
52 63
164 16
185 12
59 71
100 12
46 170
32 75
94 1
148 155
92 148
154 192
24 195
29 63
163 10
126 173
180 19
71 9
5 11
119 176
175 15
59 181
150 19
56 5
34 133
168 179
53 16
45 101
2 15
44 103
179 15
58 9
98 139
26 175
140 16
51 108
194 195
54 63
4 19
166 194
64 120
70 124
61 8
65 102
163 12
63 194
10 19
97 7
159 7
47 171
100 145
155 195
189 2
103 2
124 17
23 7
32 179
181 2
157 5
70 142
74 105
130 1
22 174
32 64
77 180
42 11
87 90
158 184
144 12
195 18
49 17
145 17
164 19
100 158
37 42
180 189
143 182
131 2
178 5
57 80
108 8
50 152
75 14
167 6
79 11
89 0
132 149
46 80
158 1
4 18
64 102
108 127
94 6
100 3
60 90
109 185
46 147
81 159
182 189
83 6
151 13
105 4
69 12
153 18
180 10
53 197
140 181
82 194
91 114
45 1
21 11
60 146
85 8
137 8
42 14
42 195
3 6
92 117
187 15
71 122
146 171
32 126
35 7
69 10
85 177
41 15
49 186
79 3
25 45
186 5
93 117
135 7
143 144
125 19
171 198
132 6
102 0
77 142
35 110
31 6
63 148
34 151
58 15
74 7
66 168
131 16
111 130
74 121
73 11
107 3
31 159
70 12
73 8
108 198
100 118
24 154
150 153
117 4
34 193
103 3
126 174
30 11
188 15
78 8
93 19
76 14
45 0
43 87
121 165
55 8
36 144
24 80
95 12
147 19
21 135
92 11
26 121
39 106
98 175
56 164
29 107
0 2
110 140
162 18
51 150
60 132
47 67
77 3
112 12
135 172
189 8
31 138
146 18
123 15
24 45
33 18
110 7
79 199
87 169
62 4
143 4
33 79
25 123
117 19
109 15
100 6
30 31
110 3
93 12
46 55
64 11
66 9
93 2
26 94
102 157
23 12
141 180
87 5
181 11
20 179
106 0
80 18
20 180
46 70
76 168
49 6
57 101
3 12
25 184
80 89
118 182
66 17
62 187
53 3
100 178
61 93
152 16
26 113
62 10
62 84
167 1
51 196
51 190
181 14
47 91
130 15
48 171
154 13
78 170
27 190
100 177
176 19
75 155
69 5
117 165
111 173
180 11
88 10
177 13
53 15
173 178
76 176
23 16
47 157
67 193
95 113
158 2
141 18
95 149
14 18
91 4
51 145
153 4
86 18
78 94
157 167
30 106
39 79
171 16
169 6
51 195
27 120
153 9
51 16
166 180
161 19
44 8
115 185
64 8
79 12
5 18
89 159
185 8
27 46
33 5
50 164
58 73
32 10
176 192
106 13
6 10
105 0
52 18
7 12
175 199
17 19
70 79
80 17
184 13
101 191
95 174
36 18
47 142
39 112
175 19
116 11
110 4
107 168
140 5
54 108
177 2
163 3
164 173
38 136
33 183
159 16
111 12
168 10
91 94
48 69
90 150
14 15
161 166
91 11
11 13
109 19
97 163
41 117
152 181
24 142
34 156
122 167
33 83
23 81
20 82
22 1
133 6
33 61
107 14
43 151
151 0
53 192
135 169
41 107
42 111
159 10
117 142
123 193
120 131
121 18
95 14
94 8
82 18
91 18
145 159
164 3
156 2
30 137
152 13
92 116
148 9
40 13
8 13
8 19
133 190
33 36
157 174
88 7
26 15
8 12
72 18
190 4
43 96
75 146
160 191
140 14
92 176
131 9
95 165
82 15
136 15
69 14
161 10
165 7
97 12
44 85
164 11
45 102
184 8
7 15
124 18
129 150
145 167
98 10
10 17
33 2
110 115
169 5
134 5
27 58
166 16
55 6
179 1
191 9
77 8
48 129
108 9
28 149
68 199
30 2
31 87
56 109
64 10
147 10
60 138
29 103
146 13
29 153
23 92
100 14
176 10
91 144
143 13
37 141
25 161
136 10
146 11
78 176
21 169
32 102
42 185
194 1
141 144
102 3
178 19
110 12
83 3
189 0
194 8
88 130
63 0
71 157
97 102
82 122
149 14
84 177
146 9
70 5
70 144
160 2
56 10
52 175
45 14
57 11
83 88
166 10
134 0
98 121
188 7
39 155
108 18
129 12
83 89
43 104
89 100
91 15
59 74
41 150
111 152
121 130
194 10
137 139
35 77
105 108
61 103
93 13
52 15
132 3
69 129
190 15
170 179
161 17
39 40
3 5
11 18
171 179
116 139
38 130
31 56
3 11
128 199
21 2
120 6
63 5
158 14
27 7
156 171
157 6
24 140
65 133
42 13
73 184
59 2
38 3
45 120
72 184
49 154
31 7
168 185
136 175
68 75
86 150
50 70
109 12
80 123
28 9
53 151
186 4
189 7
132 14
52 198
47 54
157 178
86 166
24 73
172 187
157 187
95 136
74 112
115 3
189 14
21 14
34 13
26 106
196 17
137 1
139 0
91 5
115 5
94 3
74 4
73 131
48 14
143 173
36 69
50 167
171 5
85 13
195 11
62 17
0 9
39 1
109 186
52 0
168 3
177 196
158 175
91 7
49 121
106 175
66 7
31 19
109 18
122 166
186 14
170 12
69 8
45 121
22 16
133 8
101 13
108 16
115 177
86 96
174 175
41 187
137 170
9 16
118 160
117 166
127 2
93 10
72 88
130 187
92 4
29 195
176 14
157 8
171 172
48 143
136 17
118 12
85 153
59 7
132 167
69 109
145 2
157 177
37 165
123 6
163 18
21 6
176 2
63 85
60 6
112 124
95 114
171 9
43 84
9 10
29 11
158 16
75 131
154 160
145 12
116 181
31 2
161 1
6 18
42 95
20 87
46 3
40 159
72 3
32 192
49 169
174 19
68 174
33 0
56 123
130 142
158 6
154 196
61 5
127 11
172 2
42 5
166 179
137 174
159 182
149 3
83 0
45 193
172 4
34 137
62 191
77 157
4 13
24 12
34 135
179 14
35 194
43 50
96 130
50 11
174 9
138 140
79 106
154 11
114 13
193 19
96 2
1 4
81 195
34 39
31 4
102 141
25 160
48 4
42 117
65 177
182 0
37 1
28 116
187 191
40 98
122 0
112 192
176 190
101 9
58 19
76 194
123 10
56 197
77 0
29 14
8 16
81 10
117 3
43 133
44 89
29 184
150 9
184 5
133 1
24 1
74 95
184 4
163 5
91 0
154 184
70 11
60 75
82 186
157 10
69 0
20 14
35 144
105 145
21 9
23 138
109 155
82 13
12 17
58 176
21 156
0 8
73 14
20 159
106 143
55 130
174 186
27 118
171 199
78 15
53 7
57 14
199 7
27 30
128 10
160 174
101 5
61 192
95 146
67 99
103 0
114 184
102 7
64 16
171 186
137 16
144 172
124 167
96 161
99 131
32 6
49 197
56 87
158 3
38 9
91 8
3 13
29 96
53 122
51 77
188 16
130 169
43 185
74 155
130 3
78 79
58 18
65 186
113 149
91 12
33 181
102 6
76 10
65 120
26 8
87 185
88 19
39 16
2 14
105 6
192 12
27 79
81 15
63 189
64 70
36 5
23 151
79 91
33 134
27 158
79 166
80 2
39 56
78 171
47 79
21 182
51 54
32 71
82 115
30 1
195 4
16 18
25 1
49 0
164 168
42 10
184 185
144 199
0 16
60 10
13 16
59 155
56 184
7 11
101 7
198 0
24 3
78 17
5 8
29 137
107 4
62 3
65 7
69 154
135 182
54 96
175 18
58 89
130 14
128 3
23 60
182 18
29 18
159 18
197 8
177 17
21 176
105 181
161 6
107 183
192 197
22 4
96 178
128 8
22 53
152 2
32 123
164 191
38 191
29 12
79 4
185 13
40 7
90 187
31 108
51 10
97 107
65 9
66 12
72 109
66 126
146 8
60 19
31 123
62 15
184 2
123 147
125 188
134 4
12 16
68 119
33 147
65 125
177 188
35 63
155 175
60 106
104 170
166 3
68 14
130 16
61 14
44 94
109 173
111 5
143 9
183 199
96 17
122 180
130 186
0 6
60 16
151 163
76 90
158 7
21 109
40 163
79 10
21 28
2 17
32 42
183 14
108 173
106 16
33 47
53 6
129 6
185 199
72 6
111 134
115 124
62 190
10 11
117 1
165 9
69 70
44 12
98 17
29 113
71 0
116 119
54 112
76 119
69 192
73 17
62 9
63 16
82 6
51 96
82 4
75 177
122 11
49 163
77 126
55 4
73 89
11 17
96 7
190 14
77 185
130 147
126 0
42 19
49 10
86 12
39 131
37 10
133 179
21 136
63 3
143 197
31 96
107 17
186 16
60 120
44 122
44 13
103 160
31 116
115 16
95 194
70 4
59 11
21 89
12 14
21 18
126 16
37 171
11 15
46 5
138 197
67 10
32 11
24 29
103 9
94 13
23 0
139 5
18 19
59 98
40 115
173 12
39 104
127 16
139 165
15 18
121 3
175 8
67 14
116 135
176 7
116 186
64 18
20 92
144 6
84 3
9 14
91 142
42 6
199 15
71 171
28 110
46 131
191 4
29 65
27 74
135 155
153 189
122 129
70 100
67 6
20 13
3 18
173 196
97 8
126 13
131 184
66 149
170 19
104 148
123 129
84 172
120 12
49 14
87 129
47 92
39 14
121 12
190 2
160 14
90 118
46 84
179 10
169 2
108 144
76 113
69 15
147 157
90 13
196 4
125 165
42 53
112 16
138 18
144 9
151 152
80 165
127 9
46 16
31 142
64 95
145 194
4 7
127 15
16 19
185 2
140 142
187 1
56 17
148 13
61 98
101 17
5 6
92 18
111 14
73 99
43 8
45 4
188 8
45 95
152 194
82 125
14 17
55 66
96 153
70 149
0 5
131 6
187 5
45 190
33 13
95 7
160 1
197 15
51 14
81 165
67 89
53 172
62 135
95 177
28 1
118 148
164 2
121 6
169 1
118 1
91 17
87 19
159 17
27 9
2 9
24 164
5 10
172 15
24 100
164 9
83 189
46 108
66 14
102 155
93 105
62 11
78 16
129 131
79 141
20 16
129 184
25 195
79 80
21 121
181 18
57 19
54 14
32 153
118 149
133 3
24 159
162 13
34 3
91 137
7 16
94 7
54 4
127 196
50 0
37 135
37 137
181 13
197 3
56 6
67 159
145 10
65 16
30 5
114 4
140 4
101 8
40 14
78 95
75 17
63 13
158 199
48 140
65 6
92 16
107 191
57 71
103 7
46 14
199 3
90 105
32 50
158 11
61 107
174 16
101 179
80 148
106 15
52 78
23 181
70 130
155 170
119 131
119 2
39 198
116 177
66 87
102 1
52 6
175 7
20 99
99 2
162 167
139 16
77 162
26 150
128 18
80 19
145 0
23 136
119 18
107 129
28 17
7 14
97 140
163 188
60 9
110 10
186 9
104 110
40 195
26 92
43 64
115 11
24 144
157 7
27 123
137 4
151 10
108 121
25 141
44 134
180 9
94 11
130 5
15 17
29 3
69 78
168 1
154 5
105 135
55 1
42 12
103 15
52 85
59 8
46 117
22 59
135 16
176 182
135 197
62 94
73 128
100 112
73 126
35 174
177 7
157 11
120 4
91 6
154 19
184 18
103 5
102 153
88 91
185 17
33 4
107 5
60 185
77 12
37 16
3 9
54 131
86 6
10 12
23 4
141 15
134 136
35 151
65 2
146 12
23 161
152 0
56 121
66 199
70 17
88 137
23 98
26 172
177 6
74 171
83 124
164 4
98 7
194 2
20 143
185 10
32 127
62 130
79 9
197 5
2 10
166 190
174 1
176 13
120 155
147 161
25 16
163 16
109 154
73 2
142 170
68 86
123 186
193 18
167 2
38 106
51 13
105 188
28 164
137 154
35 193
23 104
41 147
113 19
32 182
79 17
56 75
49 13
113 15
27 49
182 9
83 193
147 14
30 86
121 2
49 141
54 180
88 13
68 117
165 13
196 2
59 19
56 65
172 8
126 19
48 193
143 7
83 2
174 15
20 35
42 173
177 9
4 14
145 6
26 165
23 137
67 3
71 12
50 148
188 3
73 16
190 7
6 17
98 3
116 15
138 9
128 15
42 18
83 4
96 133
38 73
38 11
5 19
81 8
35 5
36 14
60 17
174 197
198 7
80 163
48 19
80 132
116 10
142 144
110 13
71 6
48 199
64 195
59 70
48 184
94 12
70 18
148 7
123 134
64 6
81 99
186 19
99 19
127 5
83 166
68 19
44 10
0 4
99 149
97 4
33 16
22 105
100 156
198 8
160 163
90 117
121 19
77 177
74 128
60 101
89 166
37 90
61 1
120 8
141 0
56 68
36 19
87 17
46 65
88 15
133 172
100 8
94 139
134 13
192 196
119 139
102 103
91 181
138 8
175 1
78 98
131 146
70 160
43 89
32 63
22 60
8 17
140 3
26 13
107 166
34 83
25 9
80 16
36 184
129 152
62 126
4 15
118 180
99 7
78 12
54 172
83 97
46 190
85 189
112 180
163 4
60 162
115 1
139 17
99 123
85 100
36 9
134 159
84 108
53 90
76 5
58 8
66 8
89 9
170 1
7 9
36 136
90 5
186 11
77 18
147 150
56 11
85 0
74 181
22 109
25 56
63 15
78 114
21 177
88 178
108 19
90 112
26 11
156 192
47 93
93 7
30 175
117 193
96 101
26 19
53 179
80 198
80 87
93 0
24 176
183 6
50 199
186 15
63 187
5 9
115 0
174 12
45 11
120 180
25 76
41 52
110 139
2 12
53 145
175 5
120 18
78 195
119 122
171 175
24 8
34 8
37 5
59 177
10 14
136 152
156 7
62 0
99 14
70 140
36 106
0 14
171 19
165 193
153 164
33 19
63 11
82 11
90 185
143 16
72 2
180 5
131 18
22 115
167 0
156 4
55 135
82 91
54 184
59 91
41 72
128 166
99 153
82 8
166 191
36 15
54 133
186 1
63 141
125 3
121 8
185 6
156 19
142 0
166 11
24 17
192 15
92 19
92 15
72 16
149 0
48 105
3 4
152 3
37 8
86 183
65 71
148 15
22 43
135 18
102 189
112 136
35 84
37 72
127 128
99 154
142 199
116 150
34 77
128 2
185 7
195 14
72 19
91 160
114 174
116 145
140 18
23 13
149 5
121 182
117 8
136 182
144 146
72 13
57 17
42 188
149 19
65 85
9 12
74 148
20 184
29 1
56 19
44 106
94 124
120 174
89 152
59 15
142 150
46 8
39 11
80 134
161 14
143 179
114 132
27 186
145 18
73 15
149 4
41 61
75 165
38 49
185 5
167 3
157 15
114 155
41 10
191 3
114 175
36 141
95 101
12 15
143 18
160 11
108 119
5 17
38 144
92 5
189 1
66 1
44 11
64 17
122 174
69 157
139 1
129 13
195 8
40 95
114 151
26 126
40 123
39 72
61 88
25 18
74 153
100 129
85 164
88 131
118 157
39 161
73 180
27 19
98 1
1 15
56 0
177 16
75 77
155 176
77 112
26 32
108 110
70 190
95 5
133 13
67 150
98 146
12 19
47 152
126 129
149 10
73 192
113 192
132 8
26 51
29 37
154 18
132 2
110 176
93 192
188 1
135 183
98 102
181 3
64 114
64 82
91 9
20 42
49 7
146 7
196 199
39 5
62 149
98 16
149 11
173 15
12 18
105 197
88 159
105 128
27 29
51 3
71 17
76 145
174 176
89 111
152 184
92 12
5 14
159 188
150 11
130 13
89 137
67 15
34 159
145 163
47 0
191 17
41 0
128 11
64 113
36 121
193 199
85 3
32 165
129 189
107 12
94 188
122 138
125 157
121 15
24 85
77 153
60 72
9 19
96 173
117 127
48 106
38 1
59 118
59 4
24 183
123 16
118 166
22 78
55 7
33 14
82 114
124 7
108 1
41 104
47 11
103 16
43 19
178 197
41 9
128 14
59 144
87 174
56 198
123 2
167 199
100 198
127 198
25 29
122 18
139 8
1 3
85 197
106 183
69 3
70 0
94 118
104 156
58 103
52 95
124 5
118 192
123 187
69 189
48 110
114 122
41 12
127 12
69 173
119 12
35 56
1 18
128 5
119 13
112 13
114 161
106 9
77 4
26 1
109 5
32 2
115 134
125 15
103 175
62 133
27 16
24 96
36 12
88 120
151 6
51 143
114 14
154 169
122 177
153 7
26 79
41 16
66 16
35 120
73 5
66 11
73 4
141 5
121 125
118 6
35 12
1 13
28 13
56 148
162 4
41 172
164 10
98 112
104 133
99 181
169 4
27 3
121 10
62 113
59 13
140 166
36 46
77 15
98 4
69 87
178 195
62 134
35 123
133 4
124 160
98 14
153 8
86 11
44 57
173 0
88 153
33 34
123 11
6 7
94 159
26 108
52 149
186 12
20 25
107 118
56 64
173 13
101 14
42 107
80 12
79 5
158 198
120 124
22 141
163 1
131 4
32 171
51 2
93 15
25 77
148 11
97 0
61 187
58 12
141 2
34 4
59 128
176 11
183 4
91 128
186 0
91 2
76 116
45 6
29 178
67 128
39 17
82 16
34 111
73 19
64 7
49 54
76 103
114 18
105 160
164 13
144 19
75 129
126 182
87 2
79 2
63 96
85 190
5 15
173 5
176 191
58 183
83 13
152 5
26 138
148 153
69 90
169 9
134 11
9 13
49 2
78 6
53 157
123 168
6 13
97 171
112 190
36 1
47 133
169 185
68 8
34 180
72 154
80 3
70 14
14 16
48 94
95 18
30 71
23 19
109 9
154 182
154 9
118 194
47 138
110 114
48 9
91 150
34 18
72 180
196 16
90 169
42 84
141 194
76 181
1 17
100 2
195 0
196 14
131 199
166 0
25 8
102 104
192 3
181 19
100 132
151 9
111 172
41 14
45 106
76 186
33 56
149 16
122 7
104 1
129 199
66 180
84 6
76 18
68 160
98 15
162 1
29 66
134 183
53 141
45 10
93 18
128 135
150 18
21 181
113 13
65 14
85 139
112 9
46 168
113 8
78 0
23 11
31 17
59 189
43 180
89 6
85 14
28 86
132 12
84 156
42 2
3 19
56 4
182 6
182 3
42 9
184 17
192 13
77 148
144 14
131 17
111 138
66 181
38 151
139 194
78 84
21 1
82 10
97 179
81 12
43 116
156 189
161 11
122 16
25 78
23 163
26 10
55 13
73 183
150 8
54 16
188 194
104 165
136 0
46 184
61 183
59 16
69 179
86 185
36 89
21 10
53 168
81 2
23 116
45 16
20 86
55 3
10 18
21 86
93 96
103 6
1 11
177 19
32 1
23 83
43 181
136 6
9 11
60 160
177 18
172 16
1 7
198 3
66 193
67 131
171 13
50 3
80 5
113 172
31 13
191 16
53 153
91 113
56 8
167 8
182 11
83 17
52 17
59 102
135 15
118 150
119 14
144 184
165 19
122 126
104 115
86 132
180 12
6 11
81 0
71 182
34 11
53 55
88 3
22 10
182 15
176 198
124 6
54 126
38 55
162 6
44 16
1 5
133 189
47 14
81 112
31 67
68 5
165 6
62 182
119 165
66 19
63 146
57 155
110 2
47 184
138 4
85 105
193 8
21 75
69 19
97 143
87 145
85 175
188 14
115 19
102 152
160 19
115 15
43 18
3 16
114 11
89 17
190 9
156 183
84 8
32 67
31 0
48 74
196 0
155 1
21 36
9 18
143 3
183 1
42 137
50 1
153 178
100 7
148 8
132 143
46 12
128 155
100 121
76 172
67 174
67 7
29 197
36 112
75 159
94 99
94 198
28 128
71 181
45 154
138 17
137 10
132 10
42 17
89 92
45 17
182 1
77 179
23 162
69 2
74 6
31 76
111 176
129 9
69 4
29 141
170 15
180 197
58 13
102 10
104 128
32 8
186 188
25 4
173 16
37 49
27 17
22 51
35 86
109 4
199 8
25 154
157 14
47 197
133 138
36 16
127 4
98 154
50 13
106 156
175 14
84 16
137 12
164 5
138 176
41 7
61 104
6 15
39 13
164 8
37 13
6 8
3 8
10 13
74 0
142 4
28 12
68 141
1 14
163 14
90 6
20 65
156 160
28 173
66 192
52 13
112 7
53 0
36 99
101 169
160 5
133 15
28 7
27 28
89 175
21 148
126 147
96 1
159 14
17 18
70 72
109 177
159 194
22 126
89 15
126 127
137 3
70 19
95 17
192 11
0 11
2 7
166 175
157 2
112 14
92 197
135 5
151 198
171 15
53 84
184 7
60 85
26 111
127 186
55 90
12 13
87 15
60 172
107 196
191 7
172 10
156 0
50 105
85 90
91 112
49 16
38 107
144 176
168 11
70 103
111 9
112 18
162 12
102 19
50 138
23 17
23 6
83 141
0 10
123 190
136 8
40 87
52 98
145 4
68 144
156 16
1 12
138 145
37 181
66 162
196 6
66 10
39 154
74 12
20 15
47 174
73 13
168 19
115 12
95 3
51 68
61 89
108 190
25 95
48 18
132 1
161 171
139 149
142 191
119 188
90 1
1 8
76 16
32 18
121 160
102 194
72 1
27 1
28 5
131 178
2 4
116 4
87 105
55 16
84 5
131 139
155 4
22 17
34 47
82 106
74 8
112 5
42 70
0 7
181 5
33 15
69 94
191 2
57 4
52 19
35 10
141 10
20 48
189 13
77 138
72 79
30 15
0 1
56 136
44 194
162 17
0 3
52 75
41 50
160 17
113 14
67 121
65 121
86 0
184 16
139 176
5 12
33 8
88 162
57 150
27 114
77 108
119 162
141 185
151 3
29 149
192 18
60 161
32 172
156 18
115 146
92 114
190 18
61 115
151 15
85 124
40 138
149 9
132 171
167 14
5 16
135 191
61 79
122 17
35 138
119 1
13 19
170 13
194 11
22 30
121 9
125 16
30 163
92 138
22 55
47 4
20 182
50 92
36 4
33 150
111 16
15 19
24 103
171 8
113 120
26 17
170 17
25 177
72 192
45 71
74 18
143 0
68 167
186 17
142 14
135 0
187 2
55 79
20 18
166 13
26 68
29 0
107 2
109 6
20 5
88 18
40 160
115 13
92 192
22 125
89 130
67 5
75 12
120 187
78 181
4 17
97 10
70 120
41 124
107 0
54 64
42 8
128 16
66 98
70 94
198 5
178 14
30 161
169 7
21 194
75 161
170 194
50 88
154 1
143 161
36 157
109 11
38 18
13 15
92 2
103 8
129 197
199 6
38 59
109 132
81 6
49 74
87 119
48 1
33 94
73 10
82 96
192 4
129 148
49 9
0 17
138 12
140 7
59 151
113 199
6 12
69 130
62 109
42 49
74 17
58 11
84 199
74 118
42 62
26 154
85 168
76 0
28 0
68 196
127 8
39 108
6 16
20 177
135 2
86 108
128 13
186 195
66 128
134 168
59 173
41 100
126 12
22 13
42 182
30 12
21 94
41 4
193 3
59 95
29 83
62 196
34 124
81 102
188 6
190 12
174 0
154 193
184 1
77 155
34 1
65 72
71 8
167 19
91 117
54 98
112 187
132 196
77 78
33 95
139 184
115 6
143 170
121 150
38 122
107 6
37 7
62 86
48 122
118 14
35 65
65 13
50 125
163 8
144 10
144 193
110 16
8 9
117 16
40 104
24 16
180 16
31 1
93 172
84 15
111 18
98 5
32 47
91 123
51 95
117 173
70 9
26 27
124 11
69 138
26 89
9 15
120 5
64 19
162 9
25 19
103 10
117 6
71 19
27 125
130 4
89 4
80 81
47 52
83 160
150 191
152 6
89 5
190 10
84 14
158 194
89 8
102 130
69 77
149 7
161 13
193 11
110 8
194 5
146 15
139 12
86 1
90 4
95 169
154 172
114 3
49 173
57 114
69 135
20 1
114 2
39 15
40 156
137 161
104 119
78 9
111 119
131 188
161 7
38 10
96 179
75 15
48 12
118 191
116 5
38 186
22 14
40 168
122 142
44 104
24 152
169 17
98 123
98 13
99 13
176 0
45 7
22 194
95 9
162 15
153 6
26 78
101 0
138 162
64 159
2 19
114 143
141 159
176 193
169 10
80 182
0 19
172 12
43 81
170 5
84 133
22 112
26 195
24 0
106 5
48 7
152 17
16 17
132 133
28 42
105 9
60 109
141 11
101 4
146 2
126 178
1 9
7 17
103 1
33 114
20 84
91 191
43 47
56 106
100 11
114 6
170 11
40 114
65 178
99 177
106 4
188 10
85 180
95 4
37 18
74 172
120 184
154 168
63 14
28 6
84 189
60 104
20 103
164 17
179 18
173 7
47 10
84 19
159 4
51 53
23 18
75 86
186 13
94 2
118 119
9 17
177 183
122 13
120 15
59 61
131 134
23 10
118 9
133 7
54 89
33 120
184 9
177 15
64 1
123 180
55 143
30 18
101 145
25 32
45 19
87 159
87 9
127 134
79 89
77 14
60 13
118 164
105 126
76 19
42 57
54 0
90 153
42 129
22 85
63 17
145 196
185 11
56 63
24 13
48 189
48 2
160 13
146 178
118 167
176 12
74 183
55 196
70 6
135 148
46 7
24 40
20 6
62 186
131 1
0 13
31 120
164 7
89 1
142 3
160 10
31 16
75 19
134 180
179 8
167 18
163 176
183 11
187 12
126 7
68 6
94 19
59 108
129 140
119 121
87 190
98 172
75 13
77 13
193 10
66 15
52 54
129 4
68 9
28 187
195 15
123 17
100 103
32 137
33 1
25 12
87 152
33 7
76 9
99 3
101 142
4 16
2 11
39 179
31 161
178 8
154 17
130 148
119 10
47 3
22 7
116 7
141 19
133 161
50 7
129 19
126 18
56 13
90 0
73 155
105 186
68 148
49 85
15 16
45 159
34 16
34 12
190 11
148 5
134 1
126 11
29 4
54 2
26 143
47 6
64 86
159 180
175 195
191 13
116 157
40 149
25 3
189 4
26 183
45 138
92 140
2 3
29 50
29 92
22 189
3 17
58 177
57 6
20 0
165 16
102 11
79 19
96 182
6 19
55 19
29 73
46 17
131 191
122 4
181 9
177 5
30 0
45 132
89 165
61 2
49 97
77 176
159 3
24 7
27 141
137 169
111 125
104 121
192 5
99 18
4 11
165 4
24 128
83 18
77 170
62 144
70 15
120 134
183 7
25 199
30 6
189 6
30 63
3 7
62 199
55 11
137 15
47 8
23 5
62 16
39 163
100 17
198 14
103 177
152 14
86 192
121 189
58 194
116 17
32 112
74 177
40 1
97 15
66 145
38 91
44 135
27 161
137 141
38 119
78 5
86 186
125 177
103 192
66 191
44 175
67 12
76 7
73 110
40 118
139 9
62 19
161 2
14 19
4 8
140 10
95 16
37 40
60 118
164 14
67 16
117 141
4 9
57 5
100 15
32 0
128 4
173 4
115 2
181 1
46 13
172 3
145 179
67 146
32 166
20 19
185 198
68 4
0 15
136 1
65 17
120 13
152 182
26 110
43 150
157 189
100 193
39 58
4 5
33 9
40 10
25 72
164 15
32 41
102 13
105 10
42 3
88 198
165 10
78 13
164 0
39 148
55 12
89 19
39 55
70 115
32 4
64 110
137 17
187 7
92 144
118 18
53 14
30 159
109 157
35 181
54 71
151 158
165 15
190 5
191 14
74 182
108 166
71 18
108 129
29 134
64 9
49 111
198 4
26 16
51 0
67 143
63 90
114 15
71 72
99 6
116 1
130 150
24 47
51 5
69 176
60 91
39 64
7 13
177 1
75 8
36 125
74 164
46 19
33 126
119 5
124 192
10 15
80 110
74 84
62 2
62 124
52 8
83 7
175 11
86 131
11 12
40 112
82 185
112 182
85 19
20 195
172 5
147 186
113 188
99 0
56 162
130 18
61 149
1 2
26 0
28 49
101 187
171 191
2 18
79 8
172 14
128 7
132 4
105 15
90 16
176 8
178 1
62 123
188 2
58 1
98 6
49 1
97 5
137 183
118 190
168 15
132 0
155 5
11 14
87 88
166 15
82 86
79 128
35 1
94 121
39 45
172 0
60 169
40 135
22 18
76 192
74 2
20 53
37 19
193 12
137 6
50 196
115 10
113 11
55 145
126 4
7 10
145 3
138 146
67 90
93 173
194 197
151 187
32 17
153 196
103 115
83 14
145 189
121 11
109 7
156 17
119 0
90 2
1 6
38 120
116 156
44 4
144 154
97 130
82 182
167 182
67 80
125 142
57 8
81 114
90 175
64 13
77 1
184 14
184 0
92 0
136 9
167 11
94 176
45 79
112 15
73 98
2 16
60 134
20 91
50 147
32 97
57 0
163 13
103 14
31 3
91 148
71 149
44 197
69 17
160 6
31 8
147 18
52 14
43 17
73 167
176 178
27 175
49 101
48 75
8 14
31 194
96 15
129 190
59 104
42 179
134 162
44 81
123 130
39 53
45 199
109 14
20 27
66 4
156 1
97 6
141 174
174 193
110 124
189 17
83 179
34 167
89 167
36 7
26 197
127 142
130 7
170 6
88 12
131 172
155 15
142 17
121 4
113 9
2 13
100 138
