90 8
101 124
139 188
83 0
25 106
76 100
76 171
65 17
50 15
57 15
144 12
173 10
151 167
84 8
167 4
67 105
7 18
67 12
97 187
51 110
142 18
46 87
128 18
29 8
35 0
29 43
69 9
116 9
10 17
150 18
164 9
153 15
189 19
148 18
65 142
152 162
60 155
42 15
89 104
97 168
144 184
32 81
87 170
43 114
88 180
144 187
52 159
177 3
24 31
152 19
104 9
125 11
139 1
44 17
129 3
51 143
38 18
36 8
47 66
29 30
104 110
5 13
124 19
171 3
25 147
73 82
87 186
188 1
184 11
147 160
169 3
55 157
13 15
94 142
178 9
8 13
23 0
101 187
105 14
33 103
162 193
74 76
164 176
42 138
89 183
32 191
68 75
56 18
102 10
69 17
80 178
122 172
47 50
187 7
24 1
83 158
96 147
66 75
157 11
41 11
33 198
157 19
28 193
113 182
162 167
23 82
143 16
21 181
143 176
115 13
114 172
107 18
59 6
28 167
72 124
54 14
168 9
144 3
82 190
184 17
62 190
109 6
141 13
24 19
18 19
192 0
51 178
1 7
181 192
57 11
17 19
127 1
140 13
71 7
152 1
114 155
147 5
68 150
58 131
88 15
17 18
95 4
77 148
99 5
91 187
97 7
138 4
85 134
57 61
39 60
51 91
53 88
171 7
40 120
178 7
118 124
170 5
66 115
192 13
179 1
56 117
75 5
131 170
133 17
28 3
54 97
41 123
130 10
158 190
2 19
157 190
49 16
97 154
0 2
104 2
48 155
95 12
120 1
146 3
120 128
126 15
134 191
46 13
100 12
5 15
28 81
123 13
34 198
0 6
69 19
22 54
77 138
89 6
75 1
72 19
60 16
47 142
156 17
161 19
104 18
94 16
46 12
132 177
35 150
167 178
132 19
48 111
10 14
94 146
6 19
67 78
139 187
88 8
86 131
93 143
41 16
31 5
65 88
176 16
76 180
65 190
36 182
43 16
74 163
101 178
115 198
33 88
158 14
60 120
93 7
161 13
41 72
109 111
132 11
115 14
77 156
53 7
187 16
179 192
185 3
122 10
92 13
134 135
67 137
88 147
2 15
147 18
43 4
20 17
161 9
26 169
9 15
24 154
93 129
30 196
42 122
139 8
50 78
9 13
58 130
1 15
36 3
77 154
175 16
192 9
81 83
36 101
134 165
138 153
199 11
165 11
50 6
91 152
43 75
1 2
59 197
125 12
98 153
147 149
20 82
80 14
6 12
171 10
123 171
85 147
115 6
20 3
76 11
28 7
78 167
132 9
89 198
74 158
40 92
0 18
32 7
74 102
99 14
44 15
47 114
38 5
122 7
8 19
93 6
31 49
95 114
59 150
42 188
198 6
82 16
4 12
63 157
53 2
192 14
33 135
30 188
58 172
24 85
76 13
98 16
173 18
57 89
197 6
69 87
35 12
21 50
59 18
154 185
28 183
98 1
121 11
3 18
125 10
39 115
87 13
37 136
142 7
150 196
57 3
114 196
138 155
76 14
165 0
29 5
79 9
167 19
25 6
32 12
192 1
172 5
43 15
111 9
132 10
25 178
56 1
70 136
43 195
123 142
31 63
194 13
194 6
139 2
23 130
65 171
38 19
172 7
131 144
53 118
83 9
181 14
92 194
41 182
72 16
64 184
63 128
199 0
94 148
165 19
111 129
36 48
84 107
147 13
181 18
70 17
102 171
146 166
88 155
116 4
44 67
15 18
92 10
157 14
106 6
110 160
82 100
95 15
39 91
66 9
88 9
123 3
36 5
68 5
131 6
149 152
52 161
114 198
79 3
56 115
90 14
83 157
91 161
153 172
38 61
71 192
27 5
136 144
53 12
150 6
78 158
189 6
71 170
63 120
79 153
37 63
133 1
138 7
70 6
21 30
108 17
57 95
190 192
140 149
84 1
188 15
162 3
58 111
50 10
73 0
7 9
162 18
129 14
85 164
176 0
113 118
12 13
99 116
188 9
97 166
47 6
97 122
44 2
8 11
34 82
92 132
164 13
23 3
60 144
130 0
159 12
46 63
50 8
71 19
34 110
30 111
79 139
35 57
117 140
58 180
40 8
37 184
89 14
86 96
9 18
28 33
83 197
49 4
50 3
127 153
186 0
111 140
74 161
161 12
42 14
106 129
20 2
28 12
30 108
130 152
174 1
171 0
22 142
6 15
70 154
167 12
134 11
77 137
54 129
37 62
103 9
11 13
124 17
78 108
148 15
0 3
191 7
70 95
60 3
90 1
131 143
159 14
149 7
49 17
51 2
25 35
108 16
191 8
140 155
198 3
101 111
63 11
151 184
61 113
2 3
186 17
133 7
141 2
33 157
93 12
48 1
111 4
63 177
105 9
160 3
110 190
148 11
23 165
160 17
87 9
74 11
84 156
74 112
152 0
150 16
91 10
137 13
74 3
119 12
26 117
118 176
164 1
161 16
27 195
55 179
21 2
79 11
53 11
43 19
92 196
89 193
96 117
148 4
86 178
130 134
59 0
44 84
69 122
110 4
143 6
102 110
190 2
98 0
24 92
107 2
45 180
113 15
78 125
40 6
52 141
86 120
169 174
51 194
36 126
21 5
0 13
121 17
65 168
154 1
62 181
144 152
90 12
126 2
95 98
92 18
137 1
149 186
50 154
72 7
23 191
119 163
106 183
65 137
42 19
161 2
55 63
119 5
160 171
1 9
46 8
125 5
124 6
39 4
139 11
181 189
108 18
89 19
83 196
93 198
113 119
65 4
135 12
150 17
120 0
90 146
57 100
67 115
107 121
117 14
66 11
135 157
117 157
36 105
94 198
5 19
129 183
104 136
20 100
92 147
76 115
27 19
58 13
54 64
79 160
45 60
51 96
26 18
147 17
77 16
84 15
25 3
71 1
63 17
51 13
184 198
175 11
15 19
21 96
40 85
128 11
121 194
42 149
28 62
73 14
60 118
0 11
27 72
107 14
51 16
101 180
106 146
163 185
66 173
34 163
31 177
41 4
62 185
77 10
61 16
37 16
66 16
75 9
93 128
133 3
178 19
56 98
68 101
23 28
29 98
66 0
187 18
91 1
2 7
95 5
38 63
11 19
185 15
179 4
97 137
85 119
193 10
124 132
35 44
44 56
96 160
26 49
133 138
37 179
134 16
170 1
49 188
43 167
38 8
80 16
114 18
112 5
75 120
62 142
79 177
5 12
163 12
68 12
123 173
119 128
144 150
56 180
49 11
145 186
81 146
166 1
50 52
20 58
127 197
166 182
73 1
69 14
51 0
79 172
85 174
133 187
177 185
90 181
141 8
94 167
138 190
24 4
92 104
123 8
87 111
49 9
31 9
153 193
23 19
140 2
183 4
82 168
43 81
131 133
49 169
110 6
133 145
21 192
37 4
28 153
62 2
174 17
146 8
61 103
172 17
108 4
186 8
35 181
169 7
101 137
104 19
81 7
56 118
151 12
66 71
77 14
145 10
168 12
164 17
196 16
62 1
140 160
39 133
182 19
41 137
50 16
106 198
91 117
84 102
23 138
29 7
3 10
78 156
59 110
74 148
190 14
95 123
50 68
128 167
145 19
107 198
47 118
103 126
174 11
130 189
143 18
97 186
100 10
62 14
107 194
177 18
87 88
75 19
185 12
1 5
93 96
79 18
40 146
130 196
126 17
51 193
21 165
107 189
143 166
131 11
32 120
193 12
64 0
158 0
29 15
25 152
58 67
41 5
49 183
39 163
191 15
45 68
24 14
72 76
136 14
140 189
25 173
43 197
44 61
66 107
120 13
160 7
102 9
122 123
136 7
94 10
97 4
92 19
148 17
121 4
33 64
188 7
43 82
178 195
108 187
132 16
129 19
107 179
172 6
187 188
29 166
66 8
169 185
100 13
37 11
47 88
2 9
114 13
100 116
0 17
33 98
69 11
2 16
104 8
109 3
157 3
89 111
38 62
41 168
11 15
137 14
61 174
3 6
115 178
163 9
55 75
182 188
24 119
40 19
120 4
33 184
70 19
89 163
157 1
126 16
137 3
81 82
150 12
145 12
162 5
49 12
53 3
51 3
115 183
22 86
98 156
30 124
27 0
103 4
117 4
86 158
82 103
149 13
158 2
64 162
72 196
35 167
72 154
179 10
165 5
116 148
77 174
58 191
117 18
178 186
53 161
146 16
132 3
78 18
156 14
71 159
57 1
131 167
105 196
26 5
107 0
183 14
14 16
76 1
33 15
25 79
158 16
181 2
96 164
182 1
37 121
6 10
3 17
89 130
34 56
161 6
183 5
64 185
99 135
120 165
25 13
47 196
30 162
61 18
70 71
89 3
28 107
32 0
85 16
16 17
57 12
29 12
3 19
160 11
71 9
47 165
103 7
125 161
143 7
103 124
140 175
36 198
110 151
112 3
47 8
4 16
79 102
89 146
42 3
128 129
88 19
81 199
61 175
191 192
182 9
46 16
29 38
141 142
48 0
21 125
88 110
46 64
49 119
84 144
31 137
89 140
188 2
113 14
4 5
45 1
12 14
7 12
30 11
62 138
35 13
76 89
36 44
160 178
30 186
60 149
135 16
26 8
193 9
153 13
40 15
29 35
56 5
90 0
197 16
181 10
9 14
41 154
175 3
78 194
50 112
84 97
37 82
171 189
103 178
78 114
20 5
84 184
22 12
20 148
80 121
94 13
185 9
68 195
57 150
54 102
194 10
165 17
185 0
90 19
165 1
41 49
182 12
45 145
107 170
164 169
81 155
44 113
10 11
33 158
25 19
54 16
35 78
112 185
145 171
107 137
24 122
61 183
48 195
80 12
60 0
135 167
184 9
34 185
185 14
126 138
124 138
38 167
137 12
10 16
121 12
129 13
13 18
67 120
85 112
173 193
74 171
105 121
60 142
140 173
38 118
64 153
67 5
154 188
5 17
51 4
99 9
196 11
116 5
126 18
34 13
105 7
59 188
117 163
123 16
43 52
104 129
92 121
49 98
81 18
183 193
44 110
35 9
90 185
66 4
113 4
168 199
136 18
175 8
68 175
95 197
150 0
111 6
107 175
143 145
30 58
139 10
109 1
141 154
154 8
83 10
25 7
43 125
125 140
197 11
27 89
27 85
47 84
52 128
89 11
62 115
148 173
21 85
67 162
114 6
133 16
20 15
1 19
115 123
55 147
55 14
98 13
94 141
32 1
58 142
94 8
92 164
61 11
94 131
35 103
67 199
26 67
160 10
84 194
54 7
51 122
175 13
26 4
68 11
135 10
26 124
116 157
174 18
90 16
191 17
22 192
168 177
74 1
63 161
71 179
22 5
36 4
160 15
144 193
38 99
74 14
86 94
0 5
120 131
91 105
70 0
36 150
1 13
138 177
12 17
94 135
43 160
87 4
95 17
131 0
20 132
114 174
91 14
161 3
152 8
69 7
65 0
86 12
97 9
10 15
135 145
28 142
82 105
93 0
156 0
95 16
105 11
178 4
165 10
141 185
14 15
69 2
175 18
46 180
134 9
78 103
20 80
117 166
3 5
59 17
67 18
189 11
32 91
134 178
88 114
131 1
152 13
95 9
31 36
67 19
110 10
1 10
62 11
24 15
100 8
112 191
150 188
45 195
67 167
21 6
154 18
137 2
42 172
99 147
86 17
24 111
137 188
47 15
83 150
77 159
117 19
62 132
123 141
22 10
67 6
89 10
115 3
38 184
20 105
94 2
39 17
8 9
3 14
5 10
76 191
60 10
133 14
46 17
122 11
54 17
177 8
61 10
90 190
33 124
169 4
26 0
62 133
6 9
35 8
44 74
148 14
59 3
175 19
101 14
28 138
31 18
189 0
90 94
113 0
135 11
107 15
178 11
69 1
82 0
92 199
68 119
40 133
160 164
79 175
198 4
60 7
22 37
92 111
103 191
46 54
135 6
104 111
128 6
179 18
44 111
87 6
131 138
78 105
55 195
186 7
3 13
33 52
58 10
109 129
104 6
54 113
40 3
2 10
26 10
23 97
126 19
94 14
100 145
54 127
138 179
177 5
39 47
48 55
61 133
164 14
32 172
64 12
69 170
199 15
191 2
112 16
37 3
138 15
127 9
164 10
176 9
21 113
37 1
29 17
67 90
37 12
71 91
47 17
144 182
35 131
47 1
132 7
26 59
79 14
149 12
63 166
66 92
187 5
82 19
169 1
63 8
145 3
106 10
102 4
147 9
143 186
103 183
61 189
130 185
68 124
30 86
172 0
88 133
74 184
33 72
34 4
154 16
4 13
62 10
91 7
42 18
91 103
40 189
108 165
6 14
48 3
135 181
39 10
63 0
86 11
40 188
30 174
29 124
131 16
66 13
156 1
0 7
153 160
118 16
75 8
88 163
134 7
163 166
123 12
94 3
108 159
46 134
148 187
162 183
67 192
44 103
50 17
133 198
197 4
86 187
129 144
179 6
85 162
4 14
21 153
140 16
23 13
72 164
113 173
47 11
127 17
85 161
106 16
153 14
186 18
104 150
144 17
21 198
81 114
8 14
128 159
137 185
44 66
138 170
49 10
146 5
108 157
156 18
55 70
55 111
87 138
28 86
86 87
188 19
66 14
111 12
171 11
97 179
186 10
60 148
187 199
77 161
192 193
70 175
199 10
158 18
42 114
108 145
29 47
70 16
38 199
89 152
185 18
118 11
124 1
181 8
156 6
112 19
159 8
62 6
187 192
195 2
28 149
29 116
162 170
29 36
104 10
156 11
151 8
49 191
70 123
107 6
0 12
117 0
167 1
128 9
116 10
30 7
135 3
171 4
91 17
148 16
139 189
65 16
162 13
96 168
35 7
52 158
92 4
126 197
63 104
129 156
121 13
156 181
187 11
33 136
73 135
30 6
28 82
96 7
125 150
178 12
23 70
116 132
41 15
48 76
22 148
80 141
152 15
28 10
58 3
33 112
53 185
27 30
97 172
37 17
99 16
76 104
27 32
53 112
35 112
20 52
190 17
138 8
5 14
112 2
73 15
96 3
30 13
0 9
120 7
44 189
39 11
180 8
4 15
174 7
150 10
166 12
78 82
176 12
42 118
130 9
43 0
70 82
189 193
118 194
2 5
3 9
118 14
56 123
101 13
23 15
119 137
48 11
44 91
135 4
43 90
31 14
104 11
4 10
86 2
172 193
153 8
73 85
124 128
157 17
107 3
81 170
93 5
169 186
77 17
114 8
35 14
176 8
67 152
41 127
64 1
46 72
31 105
24 16
140 10
23 81
49 7
139 17
50 51
40 141
69 136
56 167
28 93
128 148
175 4
29 74
85 87
122 138
142 145
60 192
197 2
20 154
25 4
99 11
72 110
77 181
71 74
44 6
32 19
38 55
70 172
187 191
45 2
118 17
27 101
70 91
26 34
45 5
103 141
32 141
82 7
29 9
41 152
116 14
73 163
44 176
149 17
30 52
67 122
48 54
111 157
22 158
179 183
168 3
30 173
2 11
123 10
133 15
131 17
91 4
56 87
76 0
56 105
92 3
120 137
139 195
92 159
135 2
134 12
39 1
33 101
29 10
52 18
142 2
102 173
183 1
25 191
49 117
7 8
88 16
108 1
58 182
182 2
62 98
176 13
169 8
62 71
193 18
103 173
58 17
49 164
119 172
33 194
9 16
195 16
165 173
173 5
21 171
48 146
190 10
62 17
193 19
21 8
56 3
155 185
102 12
24 99
109 14
54 130
34 99
167 2
169 17
98 139
91 122
113 13
33 108
68 4
100 194
72 8
155 171
59 107
129 9
32 125
141 6
122 196
107 146
175 183
187 15
80 131
1 11
9 12
79 2
129 15
84 171
26 11
121 0
33 170
106 12
43 194
28 15
198 10
184 195
65 175
181 193
60 122
60 183
24 164
95 178
145 4
193 11
185 187
87 184
112 17
123 124
130 148
23 86
20 18
44 197
155 14
198 15
34 14
197 18
39 92
93 11
81 8
192 6
108 162
145 1
53 115
27 48
37 2
60 1
42 124
28 70
41 102
89 175
24 17
46 116
49 18
171 182
88 14
92 122
46 189
34 138
81 16
92 0
21 9
105 1
20 182
194 3
136 186
8 12
20 195
5 16
187 3
23 12
166 11
63 181
111 17
136 16
63 10
93 199
119 13
1 17
123 2
81 6
24 59
83 170
71 18
68 187
24 76
29 128
193 196
63 108
33 5
29 196
21 102
146 14
21 145
50 85
24 102
106 142
101 0
30 16
154 164
77 12
82 10
94 153
9 10
106 182
169 18
137 145
73 13
31 19
132 1
156 9
109 121
84 137
45 7
75 170
40 182
86 9
145 0
97 17
7 11
99 122
116 16
122 13
175 2
121 158
170 12
122 184
99 2
124 18
192 4
134 3
85 188
79 98
198 5
173 2
167 11
147 171
48 8
128 130
73 139
74 189
112 141
28 2
24 46
56 122
141 7
23 188
26 116
119 9
115 159
117 177
184 10
111 19
74 124
45 14
81 96
47 7
168 0
155 18
104 5
166 180
111 175
149 8
23 103
45 12
191 5
51 129
40 178
29 57
54 13
66 157
29 14
22 96
34 77
183 7
150 14
38 9
140 17
154 13
36 179
102 182
67 171
31 3
179 7
47 19
38 156
78 13
4 19
68 88
73 16
77 175
111 16
87 16
165 176
67 133
76 149
82 154
35 42
54 180
56 94
1 18
185 4
157 183
90 147
54 5
159 7
141 176
29 77
94 190
64 7
163 6
102 180
97 195
63 152
152 3
70 198
34 105
108 13
105 18
3 7
150 11
103 14
59 194
171 14
115 2
177 14
96 178
61 8
136 0
57 16
44 1
181 13
133 169
29 3
84 16
65 5
145 6
155 178
65 106
41 175
20 72
164 184
32 77
55 2
55 12
138 19
52 185
149 174
106 195
13 14
91 130
165 3
29 40
144 10
165 183
30 44
127 136
79 1
135 146
22 48
30 87
32 14
93 190
132 173
151 1
145 13
60 96
21 173
91 3
39 5
89 1
180 11
127 7
90 123
86 196
46 139
90 6
102 176
109 10
197 10
36 6
81 86
111 15
122 2
142 8
78 146
166 16
183 15
12 19
73 2
42 180
149 18
131 8
160 0
189 7
50 18
76 9
140 197
117 179
20 193
171 198
125 163
40 187
58 169
88 193
168 11
29 68
40 5
132 5
67 3
152 197
40 67
126 8
22 17
102 162
159 15
26 9
136 199
83 19
6 18
138 189
5 9
72 18
145 17
68 143
93 142
39 181
112 167
91 15
82 173
13 16
156 4
161 17
183 6
142 160
157 170
39 108
61 78
132 184
70 15
96 192
72 106
77 129
26 151
27 177
15 16
148 19
84 14
38 59
35 15
87 115
26 157
85 102
193 14
55 6
25 2
162 2
172 19
83 1
26 6
155 183
73 142
173 15
50 158
57 127
61 15
150 13
109 197
84 19
134 185
70 199
165 6
67 182
42 0
45 183
22 7
72 105
187 17
109 18
59 14
82 112
87 10
69 12
186 14
37 14
82 177
55 125
38 121
30 12
128 16
41 164
116 12
147 167
39 14
58 84
101 184
38 40
68 13
117 1
60 15
81 118
39 103
173 16
79 149
189 190
165 14
70 174
101 191
95 3
177 10
197 9
173 17
99 13
66 12
125 196
169 193
35 1
58 82
130 18
150 2
24 8
99 8
0 14
35 139
60 67
177 7
100 15
190 3
49 116
149 1
130 159
76 108
135 7
139 176
74 10
170 190
28 173
155 19
58 4
95 187
20 178
81 142
58 12
146 176
38 88
163 164
103 3
44 7
4 18
99 159
160 1
30 117
89 119
70 7
68 148
130 165
80 11
193 3
110 3
87 112
60 166
29 1
120 18
52 7
30 102
74 4
71 96
152 195
105 13
26 191
63 13
77 18
106 5
120 124
33 11
127 2
35 4
190 4
96 188
30 68
88 154
150 4
49 63
131 152
76 121
140 187
187 4
40 7
73 3
37 172
27 90
75 15
157 6
37 109
78 12
146 11
123 156
136 185
132 178
84 18
116 155
2 13
166 6
151 7
99 184
75 7
167 7
20 11
26 19
55 86
167 0
27 16
6 8
48 128
56 8
58 193
103 10
36 157
76 148
56 4
30 81
102 3
97 10
115 0
78 11
166 14
9 19
44 70
125 17
120 14
25 68
7 14
42 6
113 169
21 12
72 96
30 14
128 158
87 19
143 2
55 68
117 130
126 185
20 159
68 10
108 8
28 112
42 193
106 139
194 9
108 7
46 117
196 10
114 160
143 4
185 11
54 154
185 8
11 18
119 174
11 16
128 3
22 197
43 11
42 44
32 75
196 7
67 68
87 3
162 173
165 178
53 17
132 0
149 9
45 0
14 17
185 5
84 99
133 154
56 151
101 16
20 151
123 18
47 14
99 10
24 58
75 132
62 8
60 117
134 5
151 185
20 19
164 7
50 113
0 8
74 177
25 182
26 43
62 15
153 159
20 30
29 6
190 6
52 11
54 69
47 190
167 10
124 15
21 140
159 0
6 13
27 65
173 3
34 1
97 156
118 125
110 17
80 1
196 9
59 199
106 1
64 90
22 15
177 0
47 13
1 8
178 17
71 11
28 1
4 8
67 8
142 6
93 171
72 129
10 13
145 164
13 17
82 150
111 18
46 167
160 2
157 8
187 0
112 10
108 140
30 18
59 98
171 5
145 2
108 3
77 0
69 166
81 11
81 10
101 160
7 19
22 52
96 169
27 17
111 186
71 198
106 2
20 98
10 12
48 165
198 18
48 7
82 2
146 9
171 19
71 2
99 177
150 174
5 8
25 10
70 132
85 11
24 142
182 14
33 176
114 165
107 113
110 8
72 1
10 19
75 11
94 127
110 125
86 112
154 10
39 18
150 3
118 184
123 0
67 92
111 130
79 82
104 13
133 9
121 165
192 16
28 17
85 126
57 19
195 11
29 0
95 127
42 164
25 16
53 145
178 192
183 3
137 155
121 157
22 187
26 38
102 5
98 5
67 134
189 14
192 17
139 19
61 132
74 173
39 16
82 192
112 119
142 5
85 180
117 10
56 9
120 169
124 181
59 19
27 9
190 18
79 16
135 15
140 11
160 4
41 68
24 40
150 193
32 78
47 115
112 133
2 6
101 157
29 180
49 178
159 11
45 10
35 76
39 19
59 127
140 171
77 155
110 13
100 153
75 76
181 0
119 0
111 137
67 186
36 134
42 8
68 188
43 124
45 114
52 179
61 4
22 95
34 7
34 5
66 18
173 13
71 109
52 96
62 16
111 11
182 5
106 15
157 9
90 137
55 17
150 187
78 155
152 159
88 4
164 194
89 17
52 84
85 1
102 7
103 145
78 17
82 11
70 1
75 6
82 89
50 11
44 11
43 95
122 188
34 0
55 176
25 14
73 6
41 173
0 16
20 48
171 8
26 114
166 19
37 114
198 12
131 178
35 39
31 104
127 5
41 121
20 16
36 13
48 124
160 195
182 13
39 58
111 3
171 18
155 12
71 158
116 179
50 162
52 152
161 8
71 107
80 19
27 18
66 136
148 3
92 143
147 14
106 110
167 176
47 110
38 13
27 11
21 1
70 92
66 77
77 125
81 104
21 95
87 169
84 12
51 127
126 11
156 187
55 9
22 6
146 7
43 14
106 7
86 19
49 0
52 3
59 179
94 12
55 3
128 178
58 112
22 8
59 172
3 16
38 0
78 172
21 112
186 1
137 17
117 182
25 104
168 169
92 110
114 151
175 12
183 195
38 1
174 19
108 5
65 13
107 10
58 6
7 10
72 181
100 16
37 13
25 118
89 159
107 135
35 159
103 2
129 2
5 18
137 15
37 15
169 5
127 143
20 50
140 4
61 123
165 13
25 131
186 19
58 62
86 119
117 126
1 3
29 182
29 186
129 189
15 17
60 14
45 13
35 166
44 50
135 0
173 0
98 126
148 2
83 8
87 7
177 1
64 8
57 147
0 10
68 193
72 177
91 12
41 119
119 15
32 62
33 147
90 5
81 2
22 0
133 148
114 137
68 17
169 2
133 18
133 6
113 163
179 19
120 192
133 143
181 16
59 70
40 17
93 3
151 191
74 91
32 166
98 15
21 156
169 19
40 16
41 18
190 198
183 17
113 7
71 119
124 170
93 1
53 146
182 4
37 148
80 113
147 6
129 0
81 19
88 129
45 106
195 10
78 1
164 3
91 171
41 45
118 3
140 0
83 189
79 4
118 1
98 128
29 67
142 9
142 162
111 195
103 175
165 194
44 8
105 122
21 68
89 16
121 6
165 4
95 10
20 149
14 19
98 3
172 1
184 1
71 186
24 87
21 10
32 80
71 124
100 165
60 71
97 129
195 19
11 17
25 67
55 120
11 14
73 164
75 85
92 7
112 9
137 0
93 134
100 7
143 0
133 12
72 12
149 15
128 12
137 11
55 153
61 190
144 19
159 19
98 195
183 188
170 9
88 98
55 1
9 11
127 177
2 8
34 71
144 7
51 65
60 4
57 7
77 173
104 193
42 185
46 6
199 4
31 165
37 43
66 152
42 120
164 170
153 4
38 12
66 131
149 0
113 10
82 12
5 6
59 11
53 4
97 126
150 185
187 1
48 151
122 12
23 183
180 1
78 14
62 161
199 9
51 62
86 167
76 16
158 1
172 4
45 192
144 1
65 148
145 5
102 13
75 3
194 15
175 1
22 178
115 15
175 191
106 19
136 137
31 176
86 0
76 177
32 98
35 19
61 125
103 128
149 3
120 151
163 190
52 1
107 8
191 6
48 126
109 152
58 8
87 11
167 6
39 71
84 165
98 4
34 15
193 6
21 133
124 196
96 173
13 19
29 46
78 0
76 184
146 17
116 127
52 175
77 19
163 183
158 17
74 197
188 14
142 155
62 99
171 191
152 11
191 14
46 59
30 0
121 5
160 18
117 137
195 6
138 187
52 106
24 195
112 120
93 197
147 7
154 6
50 165
8 10
4 6
8 18
44 141
149 16
88 156
116 171
116 0
185 7
115 12
182 196
120 132
92 179
154 175
181 19
107 168
131 14
1 6
87 97
160 13
22 137
127 190
23 11
113 8
27 63
186 12
104 15
63 112
105 140
185 2
38 2
26 98
97 128
12 15
61 0
123 189
114 9
162 12
36 119
155 16
122 18
69 5
54 8
95 11
132 8
53 188
6 16
154 11
143 14
90 192
147 193
140 166
184 16
56 110
157 16
174 179
156 160
106 149
16 19
24 11
86 132
118 7
68 113
91 0
180 7
96 107
47 0
74 180
84 92
129 185
127 141
97 115
3 12
10 18
64 10
196 15
112 13
160 6
107 5
168 19
110 126
26 138
62 84
54 12
46 0
69 109
98 12
71 3
95 18
2 17
21 24
76 83
121 190
157 2
25 12
101 143
70 12
130 183
41 3
61 81
64 4
180 16
45 51
22 29
149 171
162 14
25 108
59 101
96 1
167 183
102 106
48 19
94 17
104 0
165 2
62 19
24 110
146 13
89 166
28 19
153 12
82 151
74 131
68 1
53 108
198 11
87 121
77 170
184 12
130 17
78 2
59 149
160 19
83 110
166 8
56 162
73 96
125 18
89 116
195 18
146 10
76 7
21 18
34 184
115 116
47 9
67 173
52 107
2 18
112 172
28 8
21 152
34 53
2 14
156 199
182 10
109 13
29 11
138 11
137 8
109 2
39 3
73 145
86 129
127 144
128 5
31 7
67 117
88 161
69 15
42 168
27 133
141 184
94 147
185 17
85 125
57 18
47 4
29 123
32 3
172 3
138 12
75 109
79 8
52 78
127 18
60 9
197 12
182 189
122 139
67 168
43 18
186 5
33 182
33 17
25 128
88 172
4 17
112 6
12 16
30 2
62 148
46 9
78 179
115 196
116 168
68 15
179 191
111 14
101 4
136 175
59 82
152 7
42 4
188 3
53 8
101 15
27 13
196 3
119 14
121 185
104 4
56 68
128 1
76 165
29 155
156 15
46 197
63 9
176 4
64 122
96 102
26 2
24 86
168 4
110 9
74 144
152 2
176 10
34 176
54 194
101 108
6 17
24 6
159 9
98 8
83 6
128 15
93 10
41 13
115 182
117 8
137 156
71 138
82 166
167 3
14 18
86 127
79 107
44 14
83 115
177 12
162 6
49 1
47 81
169 199
86 172
89 90
122 14
149 176
85 8
26 132
26 40
48 98
22 105
38 17
53 96
33 165
25 105
20 9
107 120
23 178
42 7
31 10
51 7
8 16
89 108
180 4
66 6
174 15
104 160
61 167
30 34
99 133
164 5
51 188
173 14
123 7
131 9
162 17
131 2
185 1
43 3
70 8
49 170
103 12
25 8
111 149
181 3
73 9
107 181
84 0
182 192
36 114
158 6
184 0
104 165
139 174
102 0
78 191
23 4
33 12
194 12
74 85
44 125
55 97
27 151
183 11
149 161
70 102
85 2
29 192
97 184
74 6
150 5
43 71
26 95
26 85
40 50
104 14
191 9
29 51
125 199
161 169
54 2
144 8
79 122
36 7
89 171
143 197
87 15
147 179
45 9
26 16
34 154
172 8
91 19
63 14
72 15
89 176
26 168
125 1
24 168
133 5
55 5
95 108
81 90
132 18
30 153
50 196
155 0
26 86
102 163
43 187
117 187
162 184
99 1
195 12
87 8
189 9
45 108
22 3
0 19
65 151
42 123
155 13
90 151
48 18
114 171
85 178
4 9
174 13
50 14
134 0
69 172
75 139
148 158
132 13
52 92
86 166
73 183
35 77
79 15
121 14
103 19
33 120
172 12
165 171
20 8
198 19
39 100
120 152
114 2
112 8
73 122
30 15
7 13
68 3
141 10
7 16
30 170
1 12
23 131
70 80
43 147
38 4
105 150
83 7
124 139
109 112
102 14
168 7
114 197
144 172
154 179
105 16
90 10
116 7
39 6
23 146
102 109
110 18
21 123
38 6
70 18
134 136
180 13
152 18
24 44
135 19
136 13
176 17
119 6
26 1
141 3
111 155
87 12
39 69
58 7
182 8
6 11
92 141
76 152
68 2
22 170
108 149
26 39
148 6
56 182
53 55
140 3
112 15
185 10
180 2
89 197
0 1
102 160
23 181
31 184
33 85
130 191
118 174
71 17
3 4
116 178
95 149
74 126
40 176
97 19
59 183
27 12
30 129
30 8
100 14
165 191
53 14
161 0
183 0
180 0
163 18
170 15
155 5
71 4
52 8
102 16
6 7
54 120
24 9
72 148
62 107
77 189
61 158
29 118
92 11
130 5
45 177
99 155
113 197
55 185
63 2
183 8
117 3
46 5
20 120
88 17
121 16
36 1
168 6
2 4
125 4
164 15
104 138
68 161
63 146
27 38
131 10
149 177
62 12
121 180
46 150
169 9
131 161
