149 11
44 134
115 8
177 9
1 11
97 15
78 107
97 135
111 174
60 121
89 180
56 192
138 5
123 198
161 0
64 119
120 4
153 18
190 7
159 160
36 53
73 5
150 11
109 3
151 160
148 5
62 18
23 185
124 190
102 139
78 5
59 184
57 14
175 7
77 90
57 106
43 143
172 0
138 9
20 81
53 124
32 174
60 180
189 12
140 2
27 11
67 179
98 119
42 164
166 189
77 12
177 195
160 8
61 11
173 182
46 14
68 11
175 15
90 145
149 17
57 58
54 148
0 10
162 17
93 15
90 109
167 176
30 105
113 6
134 19
26 45
60 15
126 15
76 7
29 135
56 120
171 197
184 16
172 5
135 152
71 199
42 159
198 15
79 149
97 17
150 191
153 162
82 179
84 15
85 12
185 8
4 8
47 153
56 71
69 14
153 176
93 2
21 137
21 162
53 166
10 15
140 10
43 164
96 6
97 16
87 188
63 19
45 5
95 136
120 15
169 10
40 41
33 0
44 62
175 8
78 13
64 128
133 153
104 135
29 152
66 169
136 13
105 164
83 130
55 13
142 15
68 18
49 128
101 157
46 0
97 14
97 10
132 10
120 19
44 6
41 7
159 12
0 13
106 119
118 12
64 13
130 16
13 18
73 8
58 198
37 13
188 5
28 79
69 135
131 12
78 12
31 5
9 13
46 93
65 192
34 63
159 189
146 13
86 16
33 39
23 138
137 6
193 14
136 5
138 19
153 171
105 127
41 107
133 10
36 181
68 86
84 85
37 127
182 19
101 5
152 165
43 190
169 1
54 167
124 174
27 109
54 11
117 5
115 191
159 6
172 15
59 18
169 4
163 185
121 16
62 199
163 186
61 1
86 127
79 6
152 164
8 14
35 178
125 151
111 155
135 18
107 10
78 100
11 16
171 16
124 168
125 134
171 11
13 17
5 9
77 102
34 38
157 193
185 9
41 0
131 156
165 2
58 176
52 17
11 13
50 6
21 1
151 183
125 3
90 178
27 0
109 177
20 4
88 175
85 142
199 14
61 152
104 0
135 178
148 7
114 1
183 11
116 2
140 5
90 16
46 56
6 9
30 150
139 3
167 14
157 192
115 163
180 185
92 182
27 196
121 128
58 11
29 18
185 187
170 14
74 165
87 6
50 184
95 4
43 70
117 16
123 168
102 1
127 152
14 18
12 17
79 91
31 67
25 70
85 125
49 130
125 16
127 13
186 10
51 66
64 93
50 195
145 7
22 27
93 3
156 4
29 195
68 125
40 67
50 7
45 173
99 157
53 86
44 2
76 123
105 126
178 10
147 12
57 184
121 187
163 12
106 7
137 149
58 130
184 7
143 18
27 16
140 11
119 10
54 1
116 137
106 0
108 168
112 9
71 10
176 13
148 19
35 140
73 187
89 193
16 17
32 2
88 5
93 151
60 17
39 1
26 8
32 0
136 17
56 191
62 1
30 121
153 154
121 141
145 10
190 1
88 15
187 13
37 199
93 174
35 86
38 7
87 9
52 134
62 90
77 18
38 63
31 36
32 6
161 11
39 167
49 19
51 148
172 13
29 13
175 187
60 166
21 139
143 166
114 140
32 10
20 12
95 6
75 191
98 18
81 0
60 0
21 74
131 4
94 126
72 0
122 129
132 1
64 182
58 14
115 19
76 93
142 11
133 187
115 6
64 15
117 167
158 184
148 195
37 67
198 9
40 146
114 137
172 9
164 14
178 9
4 6
180 0
111 15
59 179
40 60
130 17
64 3
71 1
108 162
149 8
107 187
126 184
76 15
123 1
39 8
64 114
68 10
40 8
79 1
80 8
42 177
72 9
139 8
146 4
169 13
134 3
98 5
36 165
84 2
55 9
172 191
101 17
32 173
115 16
121 1
162 183
147 18
163 1
100 11
70 119
87 13
181 188
3 13
27 134
61 135
49 190
172 14
134 15
152 17
126 134
117 180
168 171
46 105
33 74
155 4
2 6
77 89
197 10
131 6
188 19
56 0
126 175
114 150
90 6
138 150
47 111
140 8
98 195
126 19
56 110
7 16
92 134
183 192
71 164
88 104
40 64
27 5
183 17
23 50
49 154
145 147
49 171
100 10
113 18
68 8
145 6
7 10
114 158
164 169
62 83
192 11
123 14
131 142
2 3
141 161
94 112
197 9
37 166
176 0
132 11
54 2
126 5
32 162
102 199
26 11
36 12
3 15
133 1
79 106
186 3
32 62
84 184
76 4
73 3
154 182
196 13
38 174
7 11
54 99
103 127
83 88
178 16
36 73
124 149
97 13
123 184
142 4
189 18
30 19
61 65
174 9
40 42
173 16
75 102
166 9
32 19
74 81
64 12
67 5
40 45
46 134
92 160
70 2
98 117
41 90
87 19
97 147
158 15
148 197
170 5
32 124
115 199
119 138
53 56
143 158
132 133
137 13
36 7
73 119
109 13
78 9
68 131
74 166
86 9
144 1
108 169
112 159
47 54
53 152
123 2
33 101
127 4
59 15
92 186
37 18
57 142
29 4
52 14
67 97
39 102
23 14
154 16
102 131
55 110
7 17
144 8
53 9
45 100
72 169
74 10
43 86
127 153
65 73
38 136
66 193
146 195
90 187
132 0
56 150
92 4
21 53
185 16
29 182
58 182
197 6
5 8
158 16
24 9
117 147
67 152
53 8
127 17
56 6
38 108
117 154
96 12
169 6
70 85
143 8
0 19
88 153
23 12
43 131
199 5
137 193
67 10
33 2
85 149
36 94
74 19
100 184
42 9
136 199
142 162
123 5
37 162
145 18
128 1
194 5
99 103
181 12
47 19
63 18
21 126
124 170
77 108
54 57
179 7
51 13
149 12
1 4
48 164
50 151
74 2
39 6
91 142
71 158
96 127
187 4
64 2
194 11
43 175
119 12
28 9
60 8
126 155
63 13
185 5
89 168
85 17
158 187
101 133
184 6
23 135
42 183
2 7
171 19
22 17
58 161
145 11
113 186
48 18
11 18
22 7
68 90
72 6
137 3
20 135
149 10
171 178
9 12
34 2
74 18
8 18
109 156
135 5
7 8
67 1
121 18
83 107
152 5
137 194
63 103
184 3
105 115
86 12
87 3
179 16
105 148
128 159
100 162
65 7
137 163
179 5
8 10
48 16
112 183
25 2
162 6
51 96
83 19
170 6
34 66
148 13
196 11
144 12
35 0
43 105
130 0
131 0
92 104
44 3
88 183
147 160
49 194
149 158
36 186
77 3
6 10
180 183
112 136
51 133
49 180
64 115
107 138
178 19
49 4
27 150
125 10
45 92
140 12
33 18
69 10
2 5
120 16
81 84
3 5
81 18
154 161
121 4
149 0
92 142
110 8
111 148
46 70
143 198
49 159
27 34
180 8
169 188
60 71
129 136
198 13
190 12
85 166
149 192
80 134
16 18
113 172
96 166
27 174
82 114
133 144
159 18
182 11
172 7
170 196
45 151
168 7
60 73
103 158
55 114
187 18
50 168
39 13
40 77
82 7
162 7
27 168
35 110
150 12
145 8
171 10
45 121
29 142
139 13
145 3
169 8
121 169
156 16
45 14
110 131
68 123
77 17
71 11
9 15
126 4
189 19
134 9
83 147
47 161
136 156
176 189
44 5
183 3
23 6
98 19
128 3
55 11
189 4
35 9
49 87
24 56
17 18
156 11
41 167
2 14
152 8
93 9
194 8
114 4
108 19
126 3
150 15
100 131
127 150
72 11
27 12
175 4
22 5
66 7
80 150
123 147
48 145
84 10
21 179
58 5
22 158
45 116
115 150
130 188
80 111
82 145
4 17
133 16
83 1
168 12
24 10
40 126
46 10
80 18
195 16
106 1
61 4
196 6
40 127
90 141
39 99
123 15
128 164
175 192
82 6
53 196
129 19
139 5
20 16
87 17
60 117
101 126
80 9
130 146
51 116
150 13
83 165
162 14
76 5
26 7
31 78
61 178
159 3
73 4
99 131
131 13
5 13
189 192
133 19
42 13
49 18
25 43
47 110
79 141
29 8
49 91
30 135
188 13
125 2
18 19
107 142
64 66
71 95
75 101
66 8
102 10
127 167
48 128
107 126
96 13
193 8
127 10
69 3
7 19
45 168
136 170
101 2
99 137
43 142
33 179
88 18
176 5
144 7
117 19
75 16
64 82
115 157
35 53
77 96
183 12
65 175
163 15
47 147
90 10
48 9
130 7
158 12
120 14
63 83
45 12
3 12
49 97
22 186
70 178
69 12
47 119
169 12
185 6
59 1
162 11
25 48
184 10
2 18
156 179
172 195
74 6
2 4
177 193
107 17
105 174
160 10
116 11
85 173
80 104
46 2
137 7
68 3
64 95
117 135
45 19
15 16
111 6
163 10
190 3
157 9
171 6
26 98
57 8
128 2
164 8
89 6
34 10
75 94
151 14
129 167
21 185
63 16
135 15
131 1
173 2
86 176
32 3
152 19
183 8
67 16
54 19
51 3
44 12
60 87
62 148
21 100
99 1
168 9
67 92
59 157
72 160
130 2
23 27
1 10
139 151
34 109
99 109
0 14
162 12
43 110
70 147
25 85
168 6
50 13
152 6
105 171
177 1
124 175
80 6
27 15
20 195
162 3
10 12
129 15
79 197
149 165
176 6
78 192
21 9
132 6
64 100
93 0
91 5
176 190
155 169
71 7
140 4
38 182
164 10
169 17
1 15
150 4
110 163
58 114
66 18
145 19
128 149
9 19
111 4
147 17
94 169
161 10
102 105
54 179
152 16
35 11
63 173
48 118
64 176
147 179
141 6
172 174
25 15
20 15
87 1
151 187
136 197
41 141
112 11
53 142
130 15
113 13
115 13
11 17
126 189
179 2
95 15
78 160
28 55
62 194
163 4
139 7
76 116
118 18
54 125
80 5
23 5
137 5
37 72
168 193
34 18
158 9
127 199
155 18
63 11
159 4
81 14
39 10
117 15
39 62
3 17
132 189
94 3
165 15
107 178
91 178
149 160
59 97
91 8
23 176
127 18
43 1
48 149
82 193
22 132
45 144
110 141
89 15
0 18
147 7
66 10
4 19
25 28
197 2
9 14
31 2
74 109
90 13
26 179
199 8
38 6
1 9
115 15
74 135
27 126
139 144
5 16
28 135
56 7
97 195
50 148
0 7
37 56
110 5
27 111
33 4
75 138
180 17
53 65
42 197
36 0
43 13
128 14
148 3
81 82
31 147
95 10
11 19
104 7
121 17
137 161
100 12
196 0
164 2
137 4
130 174
137 184
128 196
164 4
44 177
137 174
46 120
137 8
21 135
116 12
53 118
94 100
95 106
10 11
79 9
89 111
66 0
14 17
72 18
140 182
171 196
134 11
130 9
23 133
80 16
36 75
175 6
49 115
78 112
90 186
61 162
105 14
146 179
51 101
1 17
111 158
111 157
141 4
41 116
87 14
39 197
36 77
62 19
124 171
189 13
58 196
88 141
93 135
145 177
84 118
43 141
31 92
69 9
93 184
158 8
115 12
137 154
10 16
40 88
193 1
183 13
187 10
128 150
26 19
92 5
109 14
47 4
158 5
175 9
56 65
3 8
59 198
105 4
7 18
25 100
50 152
128 0
20 168
43 12
60 12
39 114
8 17
72 19
62 97
141 179
95 3
195 4
39 12
123 192
35 38
142 10
22 53
166 11
42 133
56 63
64 178
91 198
31 127
128 171
42 163
128 8
147 8
64 180
22 4
96 2
1 12
147 4
99 7
42 4
87 135
77 80
117 10
140 1
0 4
95 5
40 58
118 6
37 130
101 16
84 187
25 45
158 19
97 143
84 92
22 98
71 113
161 172
73 13
153 17
69 171
76 3
34 127
171 7
123 154
189 1
7 14
8 16
5 17
46 148
150 16
104 14
53 74
130 18
160 13
38 46
45 87
91 13
69 4
129 181
134 6
45 110
24 75
26 130
169 186
170 4
151 199
42 48
90 18
198 199
21 10
114 165
180 9
57 96
53 179
67 71
74 14
134 12
164 3
54 144
88 199
42 153
169 7
69 17
126 9
47 89
114 13
149 187
38 198
83 96
110 17
40 10
85 139
55 122
70 175
109 121
175 2
73 139
42 92
28 1
77 92
144 161
94 103
105 16
190 8
37 128
197 18
26 3
33 8
184 1
148 185
21 52
181 11
54 72
118 121
11 12
21 0
55 116
151 10
69 90
160 195
97 137
83 152
68 4
27 41
141 1
127 129
44 169
30 2
61 16
53 120
191 4
85 176
86 2
26 17
112 197
170 9
165 6
15 19
72 196
28 45
62 17
24 188
183 195
91 132
44 108
111 10
30 39
81 132
77 7
23 121
80 1
131 14
34 8
168 10
66 140
148 170
81 2
85 135
27 13
35 1
20 68
28 36
5 18
23 69
96 176
41 151
2 15
99 15
141 15
44 19
199 17
116 173
61 102
38 146
152 157
147 2
79 89
104 189
53 14
37 51
46 9
134 168
51 11
34 14
179 4
26 47
103 2
31 90
198 3
78 146
21 15
52 66
179 17
165 13
46 6
115 177
68 144
169 11
69 107
63 141
5 6
44 76
38 10
25 188
189 17
135 9
198 0
39 7
105 0
55 96
165 174
114 185
73 161
162 171
142 16
40 66
147 168
77 16
167 12
161 189
119 4
189 195
143 5
25 167
164 7
157 2
167 1
55 4
45 4
139 188
136 15
26 59
99 120
86 105
30 15
90 2
79 129
62 108
129 173
111 9
82 160
179 0
111 186
139 18
7 9
24 161
186 6
106 134
61 148
24 179
39 183
185 1
100 197
59 153
51 177
182 10
154 18
64 88
122 152
70 136
136 10
62 136
44 98
23 197
174 11
36 133
145 5
28 5
42 160
63 154
124 152
135 199
105 169
147 174
80 157
178 0
28 101
183 2
101 14
76 18
51 6
58 147
147 170
108 142
49 73
132 170
181 2
113 155
44 168
3 14
41 58
117 3
81 4
199 0
109 7
99 4
156 191
161 174
63 10
133 11
16 19
61 78
48 15
178 11
66 123
2 13
89 90
112 12
41 3
151 6
31 132
80 184
15 18
4 10
156 12
75 115
99 128
63 131
51 164
145 178
52 96
154 169
179 9
9 17
73 11
108 18
107 4
142 8
142 2
120 13
52 19
45 198
50 161
177 5
187 0
199 19
130 160
177 15
183 1
93 1
124 13
106 18
31 160
151 12
69 165
146 17
83 140
42 7
85 11
73 97
75 17
132 16
111 187
89 0
78 182
51 14
119 154
186 2
64 194
194 7
180 12
132 137
51 193
39 181
135 0
64 158
92 183
93 7
52 72
87 99
135 8
12 15
60 94
58 119
57 97
4 11
145 1
119 181
107 0
87 130
29 176
142 194
3 19
96 147
139 155
110 0
192 7
60 194
31 62
21 2
119 140
110 172
97 4
34 65
124 131
151 4
62 4
154 0
29 137
151 0
173 15
6 8
88 91
80 4
107 198
81 13
78 130
46 83
29 132
86 194
126 14
86 4
55 99
57 88
139 1
108 7
20 185
182 16
139 0
175 1
180 6
50 65
169 2
165 14
107 159
116 160
28 110
166 3
117 13
24 94
29 35
195 10
192 19
91 192
34 174
181 197
157 7
162 18
56 132
39 79
27 19
60 4
71 13
137 169
161 13
0 12
126 1
38 59
61 6
175 3
83 179
46 3
33 6
125 0
93 10
65 10
1 8
185 11
41 17
33 71
129 17
67 98
26 16
30 7
90 170
25 34
159 166
107 15
9 11
105 2
67 3
61 197
186 14
190 9
12 13
123 131
2 9
89 9
54 5
132 18
103 1
144 15
99 13
5 11
45 3
154 162
112 4
75 15
34 137
70 180
166 169
6 18
43 107
41 9
183 5
65 67
126 146
57 60
110 2
76 185
91 14
71 14
53 138
118 175
123 171
35 7
182 8
161 18
36 57
10 14
102 14
161 17
38 64
117 18
112 172
44 1
168 178
82 16
96 115
90 150
95 13
59 10
148 11
30 50
34 1
166 18
190 5
2 10
49 165
68 112
140 14
47 121
47 18
38 15
96 152
46 5
90 113
38 0
161 14
69 187
10 17
172 194
1 16
159 7
162 166
31 1
196 7
57 121
78 164
23 140
126 199
196 4
88 10
40 43
28 16
54 127
39 182
163 190
145 189
133 18
34 105
2 12
157 0
91 15
89 176
141 5
37 140
9 10
140 157
113 165
197 0
26 18
104 110
154 191
104 127
110 10
52 163
195 19
127 193
97 174
195 6
165 11
5 7
108 135
47 176
97 157
152 7
137 11
116 174
160 1
53 10
119 190
55 14
32 56
98 114
92 126
109 9
91 17
82 169
110 18
121 7
1 2
41 57
76 16
148 0
20 33
27 94
198 18
104 10
37 5
94 147
40 134
89 119
49 8
183 4
43 173
111 171
89 196
114 167
166 19
25 150
58 59
64 189
158 186
77 1
102 2
22 199
13 19
73 82
32 182
145 194
66 78
30 82
193 5
109 135
186 1
144 4
90 127
158 18
88 17
48 185
158 10
70 3
40 149
167 199
17 19
107 173
120 3
31 14
176 180
51 195
136 163
75 7
70 19
110 153
57 4
39 72
168 19
58 2
196 197
78 188
51 178
39 101
29 57
177 8
140 19
90 17
196 17
54 14
127 9
31 110
195 2
170 15
79 170
111 18
124 18
123 174
64 5
66 109
29 76
119 19
114 166
55 17
21 70
150 169
197 16
156 188
31 136
104 18
111 135
173 0
194 13
106 125
114 19
26 9
58 17
4 5
40 140
159 8
121 14
82 187
65 118
33 134
75 6
88 168
41 15
60 19
112 145
70 167
53 13
38 1
23 126
110 130
33 59
92 155
79 116
90 117
181 17
179 13
54 15
148 180
77 9
70 135
108 128
197 13
71 12
58 0
194 17
161 194
20 104
92 11
132 12
48 3
112 14
66 3
181 6
29 9
97 144
65 119
110 160
159 10
70 16
89 7
24 39
80 0
66 5
6 7
177 12
166 10
47 94
102 141
40 2
79 118
126 170
6 15
40 117
102 13
46 159
33 15
27 77
111 8
106 13
20 124
57 12
83 11
147 162
44 50
53 199
184 8
96 16
128 170
160 18
124 199
46 8
30 93
189 10
130 183
80 149
57 3
42 11
62 64
77 149
167 19
141 14
26 133
85 118
73 19
101 10
36 18
166 17
70 11
157 19
95 18
78 177
178 14
61 114
129 185
8 15
25 10
48 19
72 149
149 185
45 7
54 124
25 29
153 0
67 13
197 3
52 108
86 178
165 9
181 0
48 55
162 19
33 49
107 191
156 6
33 5
12 18
47 1
171 13
75 18
31 151
60 18
186 15
120 123
9 16
94 186
136 3
151 18
84 182
88 135
85 5
30 0
160 7
174 15
58 8
134 2
76 11
130 8
52 62
167 15
155 10
98 100
88 137
43 73
41 168
199 9
22 19
141 18
41 16
99 16
30 18
39 50
81 6
107 14
69 0
144 198
32 16
24 14
144 17
51 67
30 138
101 197
86 14
20 18
8 9
150 181
104 3
28 154
124 182
33 177
157 3
31 15
128 19
104 121
152 1
151 2
128 16
34 121
103 6
41 174
161 9
72 15
35 134
4 18
114 11
103 14
108 177
126 11
39 14
13 14
34 146
105 5
45 54
8 11
39 16
38 17
66 9
56 2
183 187
135 13
98 169
55 131
46 66
43 3
87 126
138 152
120 6
67 117
116 127
115 9
163 3
124 173
137 0
172 179
92 166
39 46
40 11
49 0
183 16
105 11
0 2
60 13
125 174
71 9
67 12
161 4
105 193
141 13
35 16
198 8
111 130
143 164
55 3
161 176
191 1
123 165
138 2
116 10
52 142
90 7
121 0
185 7
23 184
115 18
23 42
105 125
196 12
87 97
84 90
132 14
65 129
182 2
116 119
47 14
66 100
63 191
180 1
107 153
68 15
71 186
33 81
40 14
49 188
85 144
103 143
27 7
123 12
89 161
38 191
61 104
100 7
112 190
26 175
25 185
116 9
150 3
138 3
115 116
96 151
32 17
82 1
59 143
71 154
180 13
102 149
38 13
34 180
39 19
120 7
93 8
35 78
196 5
162 2
109 184
126 132
46 4
24 2
107 123
42 93
95 138
177 14
7 13
12 16
151 3
40 13
27 115
106 149
4 12
114 163
123 137
53 91
178 6
143 7
63 3
184 5
54 4
28 97
95 19
53 180
116 148
148 12
87 183
192 5
154 12
78 3
20 22
90 149
130 156
122 188
23 52
168 14
31 71
48 10
198 14
92 8
149 4
155 191
120 142
57 5
159 184
79 19
146 10
26 180
161 8
24 26
70 137
100 190
26 178
133 163
27 2
97 193
38 179
187 11
176 7
14 19
90 191
135 197
111 16
52 60
81 163
149 13
68 100
52 168
197 11
86 151
81 146
148 18
64 6
82 100
82 8
192 16
169 0
0 1
39 148
13 16
67 150
22 71
181 3
148 196
14 16
50 79
105 160
32 44
177 7
35 14
80 17
140 165
118 19
107 6
172 3
146 158
155 5
83 12
79 152
27 90
51 10
11 14
2 16
89 4
100 169
81 19
127 0
124 0
165 3
24 73
70 176
25 7
133 6
72 97
120 18
3 9
72 8
42 2
117 6
167 178
137 173
96 140
73 89
161 177
23 4
66 75
32 106
32 113
162 1
94 4
104 198
43 155
24 4
195 8
119 177
92 7
100 15
51 173
62 72
176 12
58 87
27 33
183 189
127 16
43 6
92 1
39 69
3 11
180 193
33 78
71 181
31 198
59 16
193 13
62 184
49 12
72 156
127 5
21 16
123 126
0 17
159 19
82 0
43 51
7 15
76 10
124 17
62 143
140 9
45 11
158 1
84 7
110 135
186 8
60 193
53 184
34 60
30 11
56 10
46 11
159 194
121 149
150 17
92 18
139 15
88 1
128 172
29 123
115 11
92 111
113 115
88 0
109 12
153 12
25 99
148 1
44 64
61 128
150 186
44 17
118 11
117 121
34 195
28 138
47 15
60 192
94 11
107 171
10 13
155 2
140 152
20 154
48 6
147 14
173 8
152 15
28 193
45 194
63 12
29 14
169 16
3 4
65 12
95 8
69 133
152 180
88 132
139 16
102 160
146 5
66 170
101 8
178 1
129 18
69 2
128 153
25 181
115 14
59 9
161 7
48 194
24 174
170 12
53 11
45 9
129 1
55 7
87 189
150 162
172 2
59 12
166 168
44 0
3 10
54 149
43 161
114 5
118 14
68 182
119 0
71 2
143 2
176 8
131 7
88 96
133 12
43 177
38 141
29 1
87 133
125 4
136 14
44 102
30 191
160 17
175 17
161 1
27 36
24 47
110 180
5 15
186 13
195 5
120 9
32 48
92 199
45 183
159 13
141 182
35 104
131 198
30 13
33 125
120 128
185 0
78 17
25 5
21 3
174 0
174 6
73 165
86 114
31 18
85 14
50 180
32 101
58 103
54 56
33 189
116 123
167 0
91 9
47 123
155 8
158 17
41 196
107 156
28 72
173 14
51 89
92 98
154 13
51 85
42 15
43 7
1 7
76 105
35 155
158 4
63 188
165 8
61 117
174 3
180 16
62 110
156 184
22 184
144 11
90 156
84 19
26 114
122 3
59 14
133 180
32 13
94 109
30 175
84 155
98 190
35 3
26 146
105 128
106 15
151 181
85 4
1 14
155 0
127 178
73 1
113 0
6 17
137 178
94 15
191 12
42 95
128 177
53 153
112 177
77 151
185 12
49 185
44 163
165 4
42 109
31 137
184 9
102 4
124 10
141 7
90 154
67 14
2 11
82 11
192 1
73 152
176 2
197 8
99 2
75 147
47 171
42 3
144 5
84 5
95 17
40 17
120 131
31 19
70 138
165 183
34 0
149 1
138 16
135 3
73 190
35 199
136 7
100 14
36 68
181 1
36 123
39 51
93 163
128 12
103 11
82 113
53 64
27 180
56 182
42 0
11 15
25 84
36 180
120 168
42 111
45 134
103 141
189 5
52 4
89 189
82 156
92 3
148 169
34 16
78 4
196 10
13 15
44 131
99 6
62 14
46 152
76 6
65 66
122 10
28 107
92 173
66 146
122 131
116 13
64 190
71 3
30 60
64 4
100 133
104 113
93 149
111 181
83 9
139 11
97 128
110 6
39 0
72 153
91 150
37 10
71 146
163 16
62 68
148 160
135 10
122 12
33 159
66 94
165 167
24 138
145 17
4 15
99 129
87 10
34 192
53 131
22 148
107 109
160 176
94 5
95 199
157 13
72 86
97 132
59 72
79 3
94 172
118 15
69 106
31 154
75 145
193 17
150 0
153 172
3 7
50 146
182 18
57 16
31 107
85 6
149 159
28 7
99 105
96 17
157 196
89 122
106 12
107 8
61 17
116 19
163 166
61 166
166 5
137 14
106 180
46 69
25 140
41 147
89 185
135 19
135 163
40 48
100 121
42 62
63 5
35 18
123 125
106 136
188 6
60 137
100 199
20 21
100 13
138 6
146 19
134 18
190 18
52 11
59 167
147 3
114 9
79 174
59 182
50 85
101 183
108 14
147 159
26 174
61 179
68 171
101 148
51 88
185 4
6 11
177 2
86 182
49 13
78 173
93 13
57 103
52 132
86 3
101 15
124 189
94 129
188 17
31 7
168 13
8 13
83 161
38 66
104 132
55 66
22 113
64 97
37 59
80 93
31 9
133 195
67 17
162 9
30 133
95 11
105 191
57 19
121 2
58 152
165 5
77 5
168 191
196 14
127 141
25 16
33 10
33 17
131 8
37 9
91 145
95 108
133 165
70 172
175 11
21 153
92 6
47 5
43 4
84 158
108 194
64 11
31 69
188 8
75 156
27 148
118 196
28 17
154 183
76 19
28 18
153 16
139 6
41 2
175 19
112 3
75 1
49 2
145 9
24 5
103 5
144 14
166 8
104 13
68 92
193 6
37 126
109 15
99 119
62 69
67 2
118 177
76 85
22 60
22 155
32 47
128 7
66 189
72 2
147 155
41 150
85 102
138 18
139 156
105 147
157 6
176 3
136 2
157 8
50 2
21 6
33 99
123 6
99 3
22 34
59 7
140 15
111 12
186 16
36 168
149 167
68 175
32 193
143 13
72 76
172 16
166 181
176 17
24 3
25 66
172 8
154 197
85 159
53 12
62 128
65 160
170 175
191 3
106 5
108 173
109 175
39 41
41 194
71 174
2 19
112 198
79 8
39 81
106 120
134 196
66 72
114 143
83 16
122 18
57 10
48 192
77 114
88 126
65 171
20 14
41 128
177 4
101 138
136 11
39 155
84 159
0 3
76 126
120 148
26 77
100 8
96 3
64 177
112 122
125 9
55 124
65 114
57 189
27 9
154 163
87 119
94 134
55 0
28 131
152 14
6 14
181 13
24 68
194 2
146 175
93 132
122 19
80 180
161 183
6 12
188 1
108 151
22 9
128 11
76 2
79 147
40 4
133 14
92 95
65 19
0 15
9 18
62 141
42 185
92 2
35 5
28 169
82 184
184 17
80 131
24 147
154 9
133 17
115 7
40 19
122 140
188 7
91 11
27 73
22 1
30 3
133 173
127 175
65 8
31 123
32 1
189 9
34 120
41 125
117 17
190 6
149 195
30 12
50 9
40 161
156 171
146 0
71 8
63 184
59 8
58 190
195 9
63 71
181 8
196 18
114 156
5 14
74 15
123 181
110 13
150 187
35 65
178 13
29 0
88 98
63 133
113 19
74 186
98 9
5 12
68 164
29 71
114 3
54 3
73 99
95 12
95 166
151 193
129 191
139 19
36 188
4 16
102 6
107 116
81 158
34 166
83 4
69 111
89 16
35 125
187 8
131 189
4 13
128 17
98 194
31 0
91 18
113 148
84 11
130 13
20 190
150 159
124 128
35 4
59 136
23 178
64 9
55 82
113 181
38 3
165 18
77 137
116 196
185 3
20 7
43 5
26 15
152 190
36 17
70 0
45 71
131 184
80 172
88 11
62 197
30 40
70 128
70 6
59 94
29 180
106 133
197 12
35 15
37 142
20 2
59 196
179 15
57 180
110 164
20 5
42 14
66 14
71 179
156 17
193 12
110 16
131 155
74 5
196 8
157 180
93 17
78 7
78 14
131 15
79 123
61 111
34 4
49 5
127 162
151 195
80 193
64 146
6 19
51 98
103 162
61 133
53 106
135 193
121 3
90 1
83 182
25 8
49 7
50 117
29 77
172 18
103 17
65 190
0 5
34 87
125 8
15 17
161 188
4 14
114 192
121 13
46 16
37 133
141 19
39 190
99 17
46 176
75 11
91 114
162 8
94 171
74 156
79 5
44 184
120 135
35 150
96 0
62 98
169 18
91 10
124 167
42 10
123 124
91 4
54 7
99 179
89 14
69 110
187 189
94 138
106 10
87 18
132 193
71 133
105 10
69 124
161 12
113 2
116 3
3 6
120 150
38 102
57 94
71 149
60 191
70 72
139 163
41 119
69 78
65 16
103 184
128 194
78 105
98 109
51 176
96 5
140 17
112 129
149 2
95 185
171 0
114 16
56 168
39 121
34 13
38 148
3 16
71 189
1 6
108 192
35 52
184 12
38 39
173 5
120 10
132 7
105 9
107 119
154 8
99 151
112 6
24 17
41 191
25 168
45 2
40 15
48 197
48 17
114 175
165 1
46 186
141 9
33 7
66 113
21 14
24 1
24 116
117 191
107 199
2 17
101 119
92 17
58 165
149 3
179 190
20 177
112 13
71 162
172 190
76 176
27 47
132 191
41 198
156 14
75 10
86 172
83 8
135 140
174 176
104 169
82 3
33 178
52 10
175 18
163 165
90 19
118 150
52 82
91 155
124 11
169 19
143 3
108 2
86 7
45 112
78 162
47 100
135 195
49 9
45 187
26 0
93 147
98 10
178 8
26 57
32 7
38 188
32 4
51 2
82 177
82 90
37 6
94 10
46 132
25 154
38 137
195 7
43 195
78 109
93 108
48 96
25 134
111 14
65 143
43 58
27 125
55 188
124 14
31 32
62 2
78 10
93 177
133 156
109 189
