165 7
161 17
22 151
188 16
41 176
129 133
82 155
178 19
123 13
110 122
32 13
71 88
84 5
119 158
47 70
106 17
108 122
5 14
163 11
156 15
0 17
160 3
46 2
105 5
134 190
199 11
59 134
151 167
119 11
58 4
49 103
128 164
49 8
155 5
71 18
116 3
56 6
92 167
175 12
63 98
144 149
139 6
140 156
0 4
58 6
31 18
99 144
29 139
13 16
85 124
4 8
158 14
195 19
125 11
181 6
45 197
196 19
164 182
30 62
38 109
175 14
173 175
49 1
189 19
50 13
79 1
6 15
58 7
52 144
60 7
93 3
79 112
129 16
88 130
28 35
78 4
130 145
127 175
189 7
35 3
129 11
157 176
25 109
61 133
171 10
103 133
166 5
75 172
110 11
104 196
80 192
4 7
63 143
89 196
181 191
125 173
143 8
153 175
23 83
83 195
60 165
33 170
36 94
197 0
125 167
71 4
2 5
60 66
104 177
91 144
121 165
40 192
30 16
121 196
42 7
140 142
128 153
66 192
79 178
58 120
93 4
56 13
101 184
178 183
36 85
181 19
60 11
155 10
31 195
37 132
159 17
126 0
83 12
112 3
145 158
124 181
109 188
89 18
65 155
79 15
124 172
102 144
7 14
147 11
116 1
170 5
84 17
105 123
126 10
26 3
154 167
73 89
25 50
50 65
154 15
80 8
38 74
6 17
86 17
40 8
131 153
24 3
12 19
197 8
114 7
62 83
107 153
24 82
146 186
34 13
14 18
12 15
115 150
119 150
21 11
61 19
122 19
167 3
23 70
70 5
27 94
26 198
173 18
59 167
156 174
3 15
36 75
107 113
66 143
81 3
26 15
77 87
6 8
53 10
83 15
188 11
39 16
88 145
78 106
76 161
48 80
62 135
95 149
165 11
24 37
52 7
73 140
166 183
32 6
105 16
27 182
194 0
71 95
147 15
48 8
110 155
158 13
47 147
32 144
75 108
48 97
169 9
63 3
52 149
26 141
1 8
183 7
199 4
95 5
130 10
31 11
171 7
33 117
126 17
74 189
62 134
22 198
2 13
4 10
90 177
166 8
21 101
157 2
187 3
1 19
28 10
64 17
124 3
102 0
86 129
21 58
162 1
144 6
59 93
137 4
58 5
168 3
86 122
80 139
55 195
78 188
28 1
166 198
73 79
42 109
90 99
91 121
86 190
0 9
123 18
58 14
41 2
78 12
54 7
186 5
10 16
62 72
161 11
35 12
83 6
36 55
196 18
45 96
51 163
176 0
45 18
56 70
36 104
148 1
33 163
151 7
29 114
20 199
54 152
27 174
46 68
137 11
119 8
104 7
170 2
9 11
26 12
32 146
45 118
35 7
31 180
47 63
127 170
153 4
86 149
27 1
164 5
151 15
174 175
78 13
41 55
157 7
121 11
62 170
123 166
56 1
131 199
81 180
84 16
32 170
30 196
24 57
89 12
121 10
145 2
97 192
194 14
78 116
28 5
37 135
172 7
24 54
26 0
143 180
63 96
47 131
35 15
180 13
49 16
60 142
47 0
80 182
143 11
136 166
88 116
160 190
24 70
22 96
27 19
91 153
140 12
112 13
43 141
38 147
108 16
115 171
173 17
125 159
187 18
188 4
160 12
75 146
128 17
54 11
107 145
135 11
111 19
67 150
168 4
162 16
122 4
1 7
52 151
141 15
162 189
104 175
115 8
28 157
63 105
75 10
23 101
102 9
56 7
154 8
128 9
90 145
141 1
83 127
27 2
81 189
179 181
29 0
33 35
90 16
25 188
63 194
83 7
64 19
146 11
15 16
64 99
25 19
104 19
109 196
100 2
161 19
135 6
0 15
198 1
129 5
71 152
36 175
92 0
22 6
48 177
96 0
132 7
178 197
129 6
95 140
56 90
198 9
58 3
147 17
104 155
140 13
24 15
50 52
176 9
105 6
28 73
70 93
190 4
97 8
115 189
32 193
126 181
98 100
83 17
78 84
22 140
21 0
68 98
180 8
44 128
67 6
26 30
14 17
137 15
24 196
72 187
26 197
28 58
78 15
143 18
91 198
105 3
143 14
31 154
127 187
65 11
94 110
166 15
2 18
142 147
152 180
130 15
64 67
93 12
85 6
169 19
44 10
46 7
69 12
91 192
87 18
53 176
138 3
80 15
135 9
72 89
100 8
151 168
45 10
86 108
17 18
136 12
154 9
64 160
61 9
160 11
159 194
65 107
3 11
104 194
58 0
135 164
7 10
135 3
131 12
65 10
111 136
24 0
82 176
28 19
88 129
124 19
175 1
68 175
116 195
81 4
144 14
136 15
126 135
88 1
68 2
47 4
135 192
34 7
159 198
101 11
62 185
57 61
122 10
45 150
133 152
126 183
54 175
49 183
34 73
157 177
127 138
102 187
39 152
8 10
116 162
66 102
37 109
22 148
123 11
77 116
91 158
26 46
121 179
21 2
171 17
90 121
68 146
93 127
179 5
18 19
91 170
87 17
79 150
53 76
55 10
56 172
90 165
73 162
194 2
69 3
100 4
133 186
33 16
46 64
88 13
150 181
66 141
134 12
61 176
41 134
81 197
47 145
51 100
30 106
141 173
51 115
38 6
133 10
97 169
33 51
69 15
16 17
0 11
63 141
94 102
195 1
177 16
42 43
191 10
54 15
70 125
55 177
49 136
85 4
71 125
132 182
56 65
183 14
159 6
64 194
69 88
72 155
81 161
26 191
84 175
84 171
80 194
142 197
60 84
24 12
90 0
193 196
68 89
3 18
57 7
135 18
55 2
158 193
58 74
64 178
92 148
126 162
145 174
170 12
44 16
138 187
103 137
81 19
123 167
164 175
148 12
106 193
69 133
83 173
98 155
37 104
120 9
115 143
61 175
66 16
70 17
30 93
161 13
199 16
70 167
194 4
184 7
121 158
135 13
94 4
37 63
75 4
5 8
130 14
77 100
184 13
42 153
21 124
29 11
140 0
109 145
153 186
52 173
40 52
122 156
113 193
131 189
36 135
71 77
53 119
87 3
127 173
24 65
158 16
162 5
78 17
89 8
81 117
77 1
125 4
130 8
187 16
33 38
113 2
157 9
57 166
77 169
167 2
36 150
68 70
32 10
23 1
52 18
34 2
24 165
48 58
32 2
103 2
22 177
72 178
191 7
108 13
66 3
70 124
154 164
29 16
61 104
110 3
61 8
41 6
49 64
140 19
1 16
99 5
38 7
26 44
46 148
76 13
47 107
24 84
102 13
117 7
117 149
38 71
70 15
47 17
101 158
88 131
76 151
101 8
41 199
40 12
111 133
52 6
2 9
42 6
56 0
70 147
140 2
117 14
73 197
113 158
37 19
121 14
174 4
38 11
62 177
97 18
125 158
84 8
103 122
31 130
121 15
30 0
193 0
24 72
25 5
109 4
30 197
126 193
47 178
72 119
76 199
31 100
53 123
169 189
156 0
43 181
90 19
94 5
111 147
130 134
119 171
62 93
144 185
108 157
166 4
139 2
22 4
177 185
34 56
61 2
38 126
33 36
144 162
106 7
59 19
36 9
134 181
120 175
168 7
114 190
139 18
105 12
146 199
167 190
105 146
180 15
94 126
79 88
97 7
90 168
58 9
30 41
64 5
57 13
52 111
128 16
55 13
20 14
20 4
5 6
41 182
130 160
34 159
54 188
159 8
84 6
34 147
25 110
7 15
31 62
31 175
30 78
42 53
148 8
79 158
171 179
113 16
66 11
98 176
92 13
58 96
23 71
191 4
103 9
76 19
81 14
79 122
170 15
167 9
31 14
105 190
181 198
112 6
143 15
104 143
98 195
153 174
148 2
77 189
31 70
63 135
56 156
120 0
163 18
33 5
49 19
42 98
51 78
49 5
58 18
29 159
53 174
55 160
32 73
169 179
26 152
64 1
79 5
5 9
118 0
117 4
83 2
74 146
31 167
86 132
102 199
26 83
29 13
70 10
157 14
157 11
12 14
173 7
52 17
176 182
5 7
76 15
28 15
70 7
45 13
123 14
164 9
8 17
116 131
61 111
119 134
186 18
140 1
82 5
159 179
60 19
4 13
134 151
144 13
74 0
142 9
37 46
64 3
34 178
24 1
130 16
99 8
92 19
4 14
43 65
163 15
37 53
153 6
68 83
121 176
137 18
64 75
114 6
10 17
51 7
46 66
163 14
40 60
119 4
4 19
182 184
4 17
51 139
88 134
190 18
60 188
192 1
182 6
198 8
22 56
56 8
37 3
108 197
50 181
164 4
20 12
159 12
62 2
98 12
57 141
144 10
51 104
129 130
149 150
52 107
108 170
54 132
46 19
113 4
52 159
25 2
5 10
67 120
116 122
26 67
124 167
124 11
137 167
101 177
120 15
1 4
50 14
172 14
11 12
113 178
62 173
69 86
40 6
129 15
47 79
107 134
96 100
25 151
4 11
145 6
90 93
117 133
45 12
99 15
89 95
22 195
129 183
151 3
41 159
82 2
38 199
5 13
11 18
179 2
170 13
0 12
57 170
128 170
182 18
2 14
78 9
194 1
34 16
40 97
52 191
82 90
46 13
76 171
163 8
170 181
48 2
53 2
173 8
185 195
79 9
152 17
118 143
108 11
175 2
110 16
115 177
32 186
165 15
31 88
60 152
87 140
116 183
66 14
8 14
141 7
94 173
26 167
126 1
12 16
179 16
111 174
152 0
51 9
54 16
37 174
152 198
41 8
47 120
62 146
39 1
57 17
114 138
4 12
51 123
101 16
126 159
154 189
26 101
36 76
107 195
37 186
131 10
80 96
76 2
1 18
34 101
102 129
38 90
88 157
61 168
37 153
42 133
77 199
50 19
119 13
91 11
110 158
25 15
86 5
54 1
192 19
158 180
54 0
49 122
40 134
191 6
80 165
126 14
181 199
138 12
60 10
80 149
26 38
48 136
36 3
72 6
33 11
83 93
56 192
171 14
115 128
47 8
99 110
59 96
30 4
100 0
82 10
164 192
45 14
37 71
167 10
35 188
153 9
77 143
128 174
93 18
84 121
187 8
59 137
128 11
20 39
112 169
93 173
99 16
3 5
88 15
29 47
74 3
96 196
84 188
177 3
65 117
66 191
71 173
172 0
135 196
102 17
192 5
36 5
131 146
193 11
60 130
191 15
40 130
66 9
30 82
191 0
30 5
54 3
75 134
37 165
141 195
87 132
178 12
134 11
183 17
70 1
38 195
37 163
131 5
58 159
176 11
97 15
105 7
42 8
54 190
168 1
38 12
67 88
54 135
21 82
6 13
23 30
136 9
91 115
147 6
33 19
67 18
110 8
10 14
117 3
77 196
62 141
173 16
183 16
159 177
146 171
181 0
179 18
71 174
102 10
61 7
131 185
178 0
82 100
168 196
93 145
86 8
68 166
47 126
39 119
44 171
170 4
28 114
90 10
99 185
70 77
64 78
84 163
88 128
146 196
118 156
193 18
43 160
116 194
46 144
70 169
33 62
192 2
32 14
154 5
106 194
100 174
22 18
52 189
20 157
80 16
189 3
52 2
25 197
192 3
136 1
46 174
13 14
196 9
145 16
147 5
59 195
94 8
61 13
22 118
113 180
145 177
23 132
6 7
49 114
97 17
132 1
120 19
154 13
93 10
9 16
91 124
80 18
8 9
155 16
42 170
133 8
97 142
158 188
110 17
20 98
68 0
158 11
100 110
152 3
122 8
158 183
113 9
171 2
112 7
123 134
77 147
45 74
91 4
152 159
40 3
135 7
48 153
160 165
3 7
123 6
99 19
104 137
179 11
68 16
124 13
165 1
61 136
129 150
33 125
39 118
66 104
75 173
24 39
23 6
167 7
69 90
138 1
157 182
168 18
190 12
70 14
121 166
84 196
89 19
26 60
28 141
31 71
71 110
29 151
81 16
42 184
53 133
185 190
107 2
20 33
26 149
82 117
46 83
64 12
171 4
129 19
95 136
35 43
101 156
156 172
92 7
41 106
189 18
38 65
98 9
11 19
127 16
34 0
90 150
158 18
35 114
46 123
78 133
188 13
129 13
157 10
94 169
42 180
132 3
121 151
85 192
27 189
37 6
115 136
46 159
56 96
172 4
147 183
101 182
129 191
112 15
144 5
168 170
58 106
6 19
25 182
182 16
112 10
23 193
90 2
133 17
51 18
76 177
1 12
53 152
61 17
117 129
114 17
96 8
155 191
21 105
113 13
51 110
95 4
84 4
48 18
179 10
170 18
60 161
91 113
117 1
27 3
57 60
44 12
101 13
162 192
137 1
88 156
90 11
72 109
34 12
107 189
23 141
103 11
38 181
169 18
76 188
80 181
58 92
2 8
52 109
151 4
104 18
144 2
47 10
53 56
51 57
108 115
41 1
39 4
45 160
76 12
97 11
138 15
183 1
112 19
83 112
45 80
2 15
66 7
41 9
50 164
133 16
143 12
67 14
154 159
150 10
59 133
65 81
1 6
71 130
78 180
26 19
56 11
92 15
180 191
53 0
56 146
32 140
199 10
66 5
151 0
72 3
83 137
79 16
138 194
85 3
64 199
33 82
98 110
84 9
11 16
163 17
174 8
177 4
120 17
193 17
20 190
40 135
36 17
117 184
140 4
189 8
33 59
37 100
42 13
196 8
197 6
148 182
58 8
159 14
27 181
145 181
144 4
149 166
154 12
195 17
189 16
83 149
110 15
40 49
7 18
119 7
101 14
36 15
114 15
35 156
78 186
48 13
189 9
170 180
166 12
88 190
85 11
68 137
32 5
22 5
27 78
33 12
62 6
81 109
5 17
21 7
165 175
73 153
185 19
79 181
173 10
62 0
56 2
70 92
188 192
35 126
80 138
59 3
132 194
136 3
110 12
105 192
193 4
77 127
46 118
28 11
4 16
80 117
70 132
180 3
117 12
22 32
22 129
90 12
12 17
103 146
35 11
174 2
104 123
48 84
49 116
34 165
75 136
119 175
32 85
91 148
56 131
46 11
177 17
0 2
37 183
64 66
62 15
128 6
177 12
150 168
22 38
90 107
86 4
46 5
93 126
113 153
156 19
103 174
123 9
66 4
60 67
57 14
56 195
98 4
97 108
53 194
68 17
97 168
125 147
5 19
21 10
190 8
49 133
46 18
28 4
43 135
98 122
88 8
123 163
117 16
145 4
77 8
34 35
88 180
161 186
103 160
86 121
196 6
45 9
91 14
0 18
28 14
21 117
97 13
88 6
69 187
21 128
144 17
53 5
92 177
31 172
50 106
27 67
152 7
27 11
116 180
93 2
197 10
25 12
63 10
39 126
34 87
62 167
28 168
48 6
133 11
162 10
148 156
142 14
43 19
80 10
165 176
174 10
152 4
67 146
91 10
115 16
69 10
47 67
158 192
30 36
59 67
67 121
40 98
76 4
154 11
53 6
90 163
61 69
122 176
176 19
191 19
97 101
68 12
45 0
87 6
85 175
186 2
157 1
55 9
64 9
36 1
57 12
184 17
61 100
8 18
129 8
91 152
64 72
170 11
93 140
87 96
20 165
6 9
90 15
107 18
32 196
13 19
46 14
84 15
40 17
155 184
81 12
133 138
68 108
31 109
98 163
174 13
120 16
96 5
151 18
140 9
20 73
143 19
5 12
165 13
113 1
94 12
4 18
150 9
109 6
136 171
145 7
24 162
129 148
72 5
86 116
147 175
84 158
88 2
70 155
0 14
66 157
152 2
99 9
24 96
133 7
45 91
53 4
88 161
66 85
178 9
133 4
117 191
39 11
7 8
124 10
131 6
116 139
138 19
73 102
50 198
105 137
80 97
105 138
121 175
25 3
178 8
144 0
158 0
52 75
182 4
119 2
41 60
139 175
186 17
166 2
61 164
138 173
46 8
36 47
171 16
198 4
40 9
152 187
29 125
92 16
21 159
126 7
62 115
156 3
150 152
58 164
90 130
188 12
118 1
35 86
4 9
20 139
65 169
62 196
42 4
49 17
123 153
61 141
103 14
167 6
8 12
142 17
3 8
16 19
39 120
75 110
73 13
31 7
42 175
82 118
65 6
170 17
68 147
93 17
161 10
171 173
190 3
92 181
41 145
83 181
183 12
162 12
71 99
97 123
34 88
161 15
155 7
2 4
63 17
65 19
164 19
55 145
186 12
93 14
27 9
189 14
146 13
83 165
69 197
38 1
54 187
99 196
193 19
108 138
74 181
53 11
155 198
94 96
51 86
53 188
58 76
179 195
134 13
71 8
166 7
176 13
30 1
162 180
149 180
103 4
48 19
55 18
141 13
14 16
20 162
72 142
67 9
87 7
141 179
91 131
134 8
61 15
76 150
0 6
22 94
186 9
133 18
26 106
123 191
154 2
38 58
192 13
158 6
49 60
67 108
39 18
64 16
163 186
150 17
26 17
50 18
93 169
171 1
68 19
55 14
86 158
152 166
92 1
125 151
137 0
175 6
90 158
83 14
45 155
56 132
25 100
75 156
114 18
21 138
85 104
50 145
59 125
30 80
136 14
22 150
127 14
49 72
1 11
71 185
94 130
188 18
185 17
147 194
181 9
120 10
100 163
100 19
24 28
35 175
75 178
13 18
44 82
166 13
63 4
110 4
182 193
33 198
38 140
6 14
179 9
27 54
103 141
178 10
30 131
156 164
95 138
114 16
162 163
67 179
122 140
111 13
67 164
69 134
30 8
96 98
44 199
86 93
71 82
78 8
50 154
51 17
44 125
61 18
37 180
131 0
82 108
9 12
56 103
29 3
103 193
118 7
40 94
108 17
43 119
149 3
94 17
33 65
101 7
123 16
111 17
53 72
66 10
192 0
91 149
89 178
69 139
72 14
114 14
153 12
80 0
86 131
102 16
66 6
80 164
10 11
104 14
40 156
62 151
42 172
199 14
67 1
30 19
148 0
52 196
198 2
172 5
48 7
51 131
153 191
107 168
118 163
101 10
130 194
156 158
7 9
151 176
196 10
184 18
88 11
158 1
57 15
195 2
98 10
109 191
184 198
115 17
165 184
133 179
169 13
27 138
162 0
33 15
66 179
53 15
101 19
28 31
87 196
118 12
38 180
54 90
76 14
144 12
4 6
110 169
126 18
52 9
178 1
61 99
98 141
32 1
106 149
125 181
127 148
104 156
174 14
27 104
123 190
186 188
102 15
148 16
66 70
58 114
58 19
59 186
65 157
61 148
154 17
107 130
132 14
22 171
183 6
65 122
24 199
100 111
94 7
186 13
5 16
70 150
69 1
13 15
199 17
60 18
52 71
65 8
120 124
113 10
93 16
25 88
104 133
37 108
108 132
72 146
54 8
104 8
7 19
190 10
195 0
197 19
57 110
117 0
143 16
133 3
37 148
100 12
36 69
69 6
195 9
38 96
150 18
59 2
80 171
119 16
85 172
45 153
183 19
51 177
163 180
70 3
61 3
155 4
109 19
139 10
114 157
129 4
115 133
20 26
37 2
77 2
31 115
39 9
125 134
119 142
72 8
84 181
107 16
50 113
134 142
136 178
100 159
132 18
72 7
164 186
119 189
103 19
185 14
120 1
74 77
23 73
102 181
171 13
20 186
135 174
63 6
27 172
66 185
36 185
126 188
23 11
84 187
199 1
73 112
137 183
32 62
119 193
51 1
123 133
45 152
95 177
133 176
71 0
136 177
116 164
73 9
112 127
69 193
71 186
115 0
1 17
9 10
52 12
60 9
140 177
63 190
66 135
26 75
132 19
187 13
64 14
40 161
138 197
146 194
8 11
198 16
9 15
23 10
196 12
48 178
82 137
10 15
71 13
65 3
118 9
119 18
106 4
108 9
147 197
121 5
61 170
32 49
146 15
44 109
67 195
99 17
9 14
48 5
79 199
3 13
55 172
63 15
166 0
55 169
64 144
89 15
122 195
77 119
93 5
73 17
103 159
89 3
25 43
63 2
72 4
2 12
108 1
79 7
116 121
167 12
147 187
44 7
60 194
30 120
177 178
33 136
0 16
39 7
95 101
118 14
39 179
77 113
174 0
85 19
27 0
40 14
83 10
182 0
177 19
113 11
45 117
165 5
108 126
87 1
60 14
197 11
26 49
172 18
7 11
65 66
168 12
169 2
187 15
102 19
91 97
50 146
156 17
172 187
105 18
14 19
61 185
76 18
183 193
153 16
45 17
91 163
71 178
15 18
74 177
0 1
45 7
178 14
182 185
50 151
98 3
111 2
113 163
61 120
34 9
118 18
106 5
125 18
138 6
186 1
190 9
157 5
77 187
147 3
53 13
94 144
153 168
28 179
117 169
61 155
70 12
81 116
154 10
167 182
59 170
48 62
32 102
44 11
148 4
85 198
2 17
96 165
83 16
41 10
62 107
127 8
108 117
39 54
60 17
182 13
198 14
57 3
27 8
109 158
107 7
176 181
130 132
46 3
95 159
153 198
106 19
50 169
31 19
71 170
98 111
109 17
172 6
115 3
174 16
115 13
111 10
90 166
152 14
49 9
77 17
41 61
80 191
115 18
99 162
114 8
114 123
32 11
137 10
86 117
122 12
36 143
33 46
26 10
80 145
169 7
61 190
154 194
69 146
130 169
47 9
83 0
114 198
26 138
51 130
185 9
83 5
176 8
170 19
98 5
58 111
175 5
60 2
89 4
94 95
44 108
71 17
178 17
150 165
88 122
131 3
101 116
141 16
139 143
184 15
71 116
72 127
115 117
153 18
109 144
86 126
33 91
41 3
196 16
21 100
125 12
73 12
56 5
116 146
136 10
139 184
68 93
135 156
20 113
157 167
68 178
131 2
111 16
145 175
91 191
26 94
181 5
113 18
97 155
135 193
49 161
135 2
44 192
97 193
22 53
50 171
40 177
58 79
44 4
37 1
28 71
81 8
74 191
155 18
83 91
93 128
22 79
183 0
131 152
85 9
22 2
47 66
147 7
123 19
43 188
159 199
105 196
39 45
79 142
66 151
59 16
31 132
105 174
180 14
91 146
165 178
20 9
77 18
165 3
34 74
168 11
43 175
73 5
110 14
27 121
21 59
66 81
170 3
178 13
151 172
88 7
50 55
33 17
121 1
25 18
72 118
27 191
149 162
154 14
13 17
184 199
79 99
137 8
1 10
169 187
33 13
34 11
134 5
113 131
20 112
36 13
169 6
51 151
74 199
84 122
199 15
133 12
198 18
113 119
65 188
22 167
153 11
87 10
43 13
89 6
147 171
62 9
55 119
101 1
38 137
78 16
50 165
186 8
72 190
65 163
169 192
157 18
60 198
96 164
38 16
172 13
93 0
99 145
104 16
145 3
66 17
52 113
37 155
137 144
113 125
110 160
66 2
94 168
72 76
122 5
41 131
140 153
38 87
89 5
64 163
40 50
61 187
41 110
27 92
77 186
113 5
177 9
120 178
64 130
139 13
34 106
35 54
37 8
75 6
149 4
29 39
136 4
41 160
56 3
87 115
25 146
98 157
184 14
150 191
55 5
40 44
73 19
88 169
79 172
22 123
75 15
41 157
47 6
146 4
182 7
120 12
39 68
26 72
20 86
55 92
96 138
165 14
90 178
27 7
125 10
28 155
41 18
64 7
104 199
141 176
101 175
168 187
46 187
65 85
73 15
141 10
50 114
67 172
2 7
87 193
61 142
132 160
37 15
105 198
165 17
77 107
157 13
73 160
101 109
98 1
116 130
159 3
184 10
148 5
57 182
131 133
25 0
51 8
78 14
96 10
30 117
50 175
39 19
182 189
50 189
75 3
28 163
45 1
30 102
65 14
71 2
181 7
57 103
108 146
111 175
47 7
118 138
21 6
74 6
198 11
50 9
69 127
156 2
81 196
23 148
174 11
82 19
28 37
34 8
43 90
129 159
52 105
184 0
136 142
146 187
125 126
157 180
140 144
179 6
25 116
77 195
137 147
193 13
23 17
52 56
111 14
161 176
44 18
138 17
58 16
58 171
50 2
174 12
3 12
143 181
45 88
20 57
45 69
56 171
7 17
73 125
40 184
59 17
41 5
6 11
7 13
86 11
165 2
146 170
59 162
133 196
75 93
29 178
49 13
99 128
63 1
66 195
198 10
25 64
196 13
114 11
40 80
10 18
89 171
99 6
154 170
196 14
68 11
117 6
152 5
36 57
5 11
113 6
68 13
58 143
180 9
34 54
51 77
138 169
3 16
63 13
11 17
142 10
72 15
134 4
132 196
51 11
120 7
110 13
178 16
38 163
156 178
195 4
1 13
120 135
153 14
159 10
164 197
161 194
29 18
106 191
74 1
179 15
31 164
109 146
4 5
33 6
29 171
68 4
68 14
72 96
169 171
147 8
89 189
1 15
38 4
21 18
65 15
116 141
123 8
63 160
23 47
111 190
68 135
156 171
21 88
21 17
139 187
30 66
123 157
26 110
169 5
0 5
126 176
68 73
22 82
175 13
151 191
74 130
110 1
17 19
72 135
65 7
31 198
82 89
156 5
82 138
57 5
86 148
142 18
20 8
129 153
71 118
28 81
101 149
149 191
140 193
126 12
126 9
146 5
193 3
82 132
132 12
52 11
43 1
190 13
50 62
56 183
49 0
44 123
61 14
4 15
40 159
49 98
59 184
105 166
138 5
85 1
143 9
125 180
137 14
75 9
29 10
36 153
34 10
158 4
61 125
72 177
53 168
78 120
96 4
47 5
69 13
84 157
149 11
137 5
35 179
51 99
58 102
159 7
186 190
117 118
156 6
194 195
87 12
21 9
26 114
34 70
87 155
157 0
23 34
62 197
123 150
100 144
162 9
51 10
24 5
129 7
32 92
142 8
60 92
104 105
187 7
103 125
38 165
27 168
35 128
100 13
54 10
75 96
137 174
59 9
107 4
114 3
185 188
65 9
49 3
137 163
47 158
146 6
37 41
130 4
154 161
160 163
21 71
60 192
154 198
28 175
61 4
100 6
45 99
36 97
83 88
23 100
73 155
136 184
107 3
117 5
110 9
152 175
21 12
116 12
27 5
83 171
65 171
145 1
149 15
62 11
92 133
74 167
88 12
185 2
105 141
67 3
164 16
37 176
60 1
45 174
85 105
38 19
141 158
64 116
6 10
128 191
0 7
146 14
37 152
167 17
129 2
99 127
159 197
43 53
22 160
103 1
168 6
93 109
67 100
83 146
198 5
137 194
157 178
89 16
30 159
16 18
74 9
65 160
9 18
133 2
58 161
181 18
131 19
50 68
38 192
127 2
187 11
170 10
61 152
109 7
34 123
71 3
106 11
41 69
82 120
164 14
193 1
177 5
151 183
193 9
49 93
68 1
47 108
80 11
57 18
175 195
192 12
33 93
198 0
6 18
23 40
138 154
189 5
192 10
164 181
70 18
23 61
89 17
29 2
45 19
172 1
160 196
48 1
45 3
50 17
89 0
22 8
61 6
68 10
75 13
66 134
45 93
146 149
56 17
102 14
177 15
55 121
110 161
20 118
77 15
196 5
116 13
21 92
137 171
94 129
109 11
85 18
143 161
194 12
151 194
158 177
43 17
12 13
57 153
161 0
3 17
73 83
21 14
28 70
35 159
20 63
49 2
106 115
166 188
70 170
158 184
71 166
85 13
80 7
65 17
118 3
36 11
156 9
89 183
62 87
43 191
87 184
132 168
159 19
82 183
86 13
199 0
115 147
157 189
91 187
158 9
131 134
60 5
99 14
82 18
24 159
165 172
44 70
84 177
8 15
163 7
95 112
187 19
92 194
103 173
56 181
125 154
143 157
3 10
34 97
96 198
62 14
135 15
196 1
39 96
82 151
39 87
1 14
99 3
124 18
32 17
91 9
61 96
53 146
143 1
109 12
20 133
103 7
49 145
26 176
11 15
72 145
97 125
15 17
175 3
84 86
90 4
50 195
166 10
27 139
1 2
129 12
2 6
3 19
3 14
84 106
146 19
150 198
33 79
63 16
95 195
31 63
57 184
163 10
51 167
81 138
58 146
105 163
65 186
41 121
59 66
107 171
52 100
91 16
30 18
173 188
22 122
43 3
50 88
24 17
107 162
60 167
38 2
25 38
111 138
132 2
46 179
8 19
166 170
161 193
195 10
195 15
99 109
62 174
170 0
82 105
43 7
184 9
127 182
81 195
108 5
26 113
96 3
165 4
91 5
70 4
148 6
179 194
59 142
21 15
78 5
72 125
195 13
74 115
185 198
50 5
92 199
141 198
1 5
167 5
97 124
30 17
84 3
95 15
139 172
43 4
90 1
109 3
146 8
28 158
130 17
168 17
171 18
21 114
159 2
177 14
100 123
102 135
21 146
160 16
61 179
45 107
150 160
119 1
39 117
82 4
33 10
9 13
178 188
75 164
81 170
47 163
40 142
76 0
48 88
23 31
68 100
136 19
44 131
0 8
143 13
171 0
49 15
67 19
32 132
23 186
175 0
67 13
87 9
28 76
24 150
28 172
82 13
149 7
134 15
86 0
177 0
68 85
36 144
96 109
125 142
104 198
39 100
95 2
185 8
100 189
196 7
129 132
176 17
47 2
66 18
122 152
39 130
180 4
26 169
154 171
135 180
57 149
14 15
92 136
5 15
187 6
93 8
115 6
110 194
23 53
62 104
58 10
95 6
129 166
30 10
71 6
164 7
23 5
20 50
60 172
169 0
59 194
89 152
8 16
108 18
23 60
69 0
9 19
75 1
76 142
63 97
52 94
121 133
108 4
69 7
111 186
72 18
72 114
119 10
21 154
186 198
80 94
127 189
12 18
112 14
62 17
59 13
102 7
26 56
94 183
81 10
178 18
49 110
74 196
175 4
62 5
193 5
103 6
62 142
24 67
138 7
38 75
111 5
95 98
86 9
57 127
195 14
65 132
45 2
40 148
54 17
113 3
158 5
176 198
54 154
32 117
68 18
108 6
162 3
43 105
46 101
0 3
166 197
83 175
138 18
31 66
104 192
117 2
42 182
47 14
108 185
147 14
11 14
57 193
105 9
126 8
41 84
151 16
77 3
72 168
142 174
146 0
37 18
70 137
58 88
86 176
71 7
38 9
114 199
42 118
116 5
120 18
72 116
139 16
6 12
125 19
43 16
32 96
102 170
60 162
187 5
190 14
73 182
85 168
54 155
106 169
108 199
177 11
154 0
106 9
90 13
135 189
147 190
101 136
56 80
127 4
77 160
169 12
29 177
142 2
57 177
98 15
2 10
185 1
