57 199
123 14
22 125
20 135
105 7
57 61
40 52
86 4
128 16
76 9
29 132
24 141
70 176
106 7
66 173
129 14
174 6
86 9
53 126
56 121
128 19
104 120
194 17
144 0
2 14
135 184
144 198
31 16
175 12
15 16
165 7
113 5
186 11
113 168
178 3
92 151
61 132
148 14
94 163
161 3
62 15
130 10
97 118
119 156
63 14
11 14
108 184
174 12
132 176
99 3
111 2
57 103
78 112
85 144
47 6
164 7
75 11
32 9
106 160
89 9
97 4
10 13
99 1
23 163
82 107
63 138
44 185
44 62
143 0
174 9
31 12
36 133
54 120
88 10
25 80
0 18
78 167
77 79
88 105
150 15
5 11
62 160
165 0
95 16
25 155
60 141
166 1
156 199
183 8
139 5
161 18
61 157
189 11
162 3
73 83
198 12
61 9
161 178
21 183
42 1
34 138
26 105
65 174
130 12
126 172
197 16
99 18
161 4
67 5
173 18
18 19
73 120
144 14
70 198
163 2
57 101
50 105
128 14
61 5
155 18
80 107
175 10
180 12
66 81
84 7
171 1
116 172
134 144
28 32
150 2
135 16
41 186
112 10
42 102
113 143
179 195
165 3
61 82
119 167
123 16
189 12
100 5
65 16
169 170
79 9
0 6
29 188
29 4
155 17
184 185
37 114
45 191
73 102
43 18
190 13
51 185
150 167
124 0
134 8
39 19
98 0
42 5
139 18
25 58
127 12
22 134
28 187
195 14
156 1
73 1
91 14
123 198
38 92
112 5
3 10
80 3
152 11
112 139
102 11
53 63
16 19
104 147
5 19
148 176
135 0
134 2
25 56
164 1
99 105
53 3
132 19
108 128
61 66
83 141
151 2
118 19
76 148
125 6
96 134
104 19
85 199
88 1
104 190
44 107
99 107
62 113
58 72
99 176
178 7
158 2
153 195
58 0
20 14
186 199
7 19
148 19
198 19
125 166
146 161
109 169
90 15
109 149
119 177
76 1
89 192
192 198
156 168
186 10
96 187
54 11
67 182
5 14
32 176
95 161
52 73
51 126
39 86
116 156
124 2
136 8
46 168
135 4
35 39
81 126
39 93
133 0
138 2
123 4
38 170
190 4
76 189
33 190
83 190
0 17
33 39
20 182
62 19
66 84
31 196
108 7
198 18
70 4
24 2
12 19
36 196
84 186
74 2
83 148
149 14
140 144
187 1
78 192
13 17
64 113
98 7
96 12
168 0
78 116
29 79
91 10
168 171
150 17
48 10
103 3
102 4
141 179
51 160
124 19
120 13
163 15
141 189
56 113
124 8
105 136
39 13
189 8
155 179
30 4
75 100
8 18
74 150
33 103
75 1
94 108
42 108
67 97
123 2
148 5
47 151
71 4
34 177
144 12
157 5
26 64
81 18
171 12
78 169
4 16
96 194
55 13
77 84
189 4
69 81
28 53
51 162
86 91
184 195
199 1
149 6
92 7
2 13
99 172
13 18
53 105
152 167
67 17
58 158
50 114
85 123
8 19
107 183
33 17
31 75
132 137
64 17
24 15
22 7
33 0
163 14
157 184
138 191
28 9
12 16
69 90
46 12
52 180
74 88
49 154
21 143
64 10
38 185
81 176
55 195
48 5
130 131
75 141
126 17
191 3
106 4
4 5
195 18
70 15
32 5
50 4
114 142
69 0
150 7
77 108
109 8
48 94
188 15
199 13
99 119
177 188
179 8
118 18
56 197
34 13
118 176
35 81
72 15
76 101
142 0
170 13
37 6
166 167
69 12
53 59
101 0
0 5
24 70
74 121
197 14
176 18
72 129
86 161
86 7
158 8
75 179
104 6
150 14
160 17
121 191
65 6
61 15
31 2
153 6
142 158
28 17
23 80
108 18
40 10
99 5
36 124
32 45
88 19
157 18
86 18
83 105
50 184
21 13
195 17
112 17
67 114
27 0
115 121
72 135
199 3
15 17
172 1
100 123
41 10
2 3
106 197
56 10
77 15
97 9
28 19
127 9
57 172
130 19
125 128
132 4
172 174
103 17
109 181
147 13
68 13
124 1
177 4
169 11
0 13
96 17
149 175
89 169
26 166
91 190
161 1
87 126
117 17
128 187
26 57
63 76
70 7
48 82
61 65
71 154
184 0
25 47
35 13
188 19
103 4
162 12
71 190
119 140
79 3
61 17
77 160
194 3
65 183
165 18
71 95
183 7
94 155
44 10
87 105
184 12
32 157
5 9
191 9
80 108
22 117
72 19
92 15
100 19
145 15
56 86
32 74
108 161
187 14
48 13
4 11
73 139
132 198
22 74
123 154
98 14
6 15
41 15
85 185
109 7
168 3
79 155
28 14
70 179
177 19
117 13
78 152
95 196
81 14
33 160
60 0
3 18
136 141
154 188
149 198
44 16
89 13
66 15
170 1
59 141
2 5
178 16
95 0
172 7
173 14
83 131
120 156
37 102
152 14
111 18
38 85
139 180
65 184
32 152
132 18
33 5
38 148
29 2
191 7
106 175
70 6
149 155
60 18
122 138
134 18
40 102
86 137
104 8
58 185
107 5
6 11
153 1
157 3
28 70
20 3
53 0
110 185
49 54
25 96
149 158
34 48
40 79
66 161
63 16
101 109
101 13
77 127
42 187
76 14
55 10
2 10
127 10
7 8
38 14
168 180
59 18
154 11
67 144
141 142
166 4
75 94
107 11
121 173
115 16
192 9
30 14
43 17
35 177
109 148
109 10
133 198
165 17
7 9
176 189
158 173
68 160
32 199
44 119
84 3
189 17
119 4
128 152
114 10
69 104
75 12
184 14
23 0
147 5
151 157
61 190
77 145
60 97
191 12
62 2
168 14
43 84
66 14
109 14
133 195
113 3
124 136
135 5
113 17
90 14
47 54
45 16
23 3
173 2
38 41
61 199
181 2
126 18
24 4
70 10
70 5
46 53
40 103
23 16
95 106
180 2
28 91
37 83
56 184
55 19
56 101
145 194
171 8
42 11
20 104
21 144
187 199
107 16
97 191
130 14
193 18
60 195
86 113
146 6
167 17
36 143
178 11
132 12
115 129
59 3
60 162
169 3
95 9
54 86
75 14
196 10
73 144
46 17
136 194
106 12
26 109
95 145
32 185
79 7
177 2
34 5
47 148
53 5
155 168
162 197
130 4
126 174
55 64
140 1
179 1
89 94
134 199
38 153
88 158
151 166
21 33
124 189
8 10
157 6
87 16
48 120
103 144
3 6
41 190
72 5
105 6
62 194
152 2
58 11
151 177
29 72
115 143
31 113
170 8
120 162
55 167
26 199
82 114
55 8
47 19
79 11
138 181
51 65
110 16
58 5
37 62
179 17
74 152
32 12
94 12
70 118
165 2
35 19
117 187
119 6
30 128
60 110
48 166
90 5
136 4
159 0
49 0
56 72
63 196
103 164
136 15
191 11
105 197
85 91
1 7
38 175
137 1
161 170
21 2
95 185
171 4
72 153
177 10
159 199
145 17
147 8
102 175
196 11
68 8
71 15
59 19
131 163
84 14
37 173
101 198
77 81
20 1
166 5
134 4
197 5
22 112
102 142
117 194
20 10
55 188
110 154
33 13
65 112
83 173
27 17
82 0
23 181
32 57
78 15
53 163
75 167
34 122
47 1
117 191
83 106
37 110
67 2
26 155
40 15
94 11
77 147
167 13
171 13
27 53
59 66
102 154
146 11
8 14
58 4
28 158
163 9
116 11
161 5
67 69
144 8
45 67
67 13
27 151
106 126
166 10
87 0
108 4
182 5
81 8
32 2
68 12
182 13
163 1
139 159
26 43
77 167
7 14
84 177
147 1
27 149
108 0
110 5
24 157
111 181
26 114
162 8
10 11
144 187
66 180
171 173
102 117
84 17
69 94
78 85
143 177
86 16
25 4
130 11
40 133
26 140
59 165
120 170
127 5
93 199
94 19
65 182
147 9
137 198
116 0
152 161
51 18
41 83
14 19
128 180
67 100
57 2
63 191
47 58
130 158
100 17
177 180
30 184
27 51
196 4
130 194
119 192
126 14
94 171
121 12
146 7
55 86
91 7
125 133
93 170
2 8
192 2
41 189
52 138
35 197
185 1
88 5
115 2
95 156
4 19
171 2
194 16
99 165
70 13
24 123
65 191
88 177
36 17
72 4
141 196
55 98
28 147
105 156
142 12
25 137
53 10
156 8
39 92
117 168
92 185
66 1
67 163
33 3
113 117
61 92
31 174
80 197
180 6
189 193
129 19
178 0
49 163
57 14
30 77
123 9
97 122
121 138
100 9
101 6
195 0
72 6
87 117
29 81
29 3
28 148
106 135
49 81
151 18
36 9
60 76
8 15
131 172
44 14
155 186
3 9
157 1
51 14
11 16
100 11
86 199
134 137
119 3
151 4
106 167
155 9
31 120
94 122
93 11
85 18
143 17
69 16
64 199
67 92
160 8
25 9
166 199
135 2
35 152
37 46
198 5
55 61
151 184
193 197
99 129
129 6
31 135
48 172
153 177
190 6
128 157
148 15
113 183
48 129
63 159
44 0
159 15
30 155
124 197
42 116
139 182
22 43
91 166
31 198
59 2
67 7
72 120
62 13
50 142
50 99
139 194
73 86
75 193
142 165
167 197
160 19
57 176
188 190
27 18
17 18
164 2
78 18
91 3
134 168
88 12
136 174
144 171
64 8
109 126
105 10
105 17
79 168
149 190
46 69
179 14
141 16
27 76
94 120
24 17
78 175
26 31
176 9
85 127
74 107
60 156
28 11
123 11
120 4
193 13
102 162
111 13
60 153
70 96
47 78
22 19
46 6
102 173
53 137
9 18
45 112
88 194
160 194
87 199
100 135
182 10
172 8
23 87
85 0
78 19
27 65
37 1
177 8
103 1
187 0
21 43
59 191
48 130
68 157
37 12
16 18
128 11
72 182
116 10
58 156
63 133
37 50
36 106
58 169
111 175
95 127
1 15
154 18
39 12
44 137
152 193
58 73
38 5
42 7
67 83
148 1
69 89
22 91
1 5
142 14
108 17
43 2
1 18
44 157
190 19
180 193
161 6
121 1
182 187
41 115
121 194
77 166
125 145
38 53
47 106
3 16
26 0
25 14
175 15
34 3
164 4
75 91
54 123
174 2
84 5
118 132
85 148
192 12
3 7
101 108
42 12
186 12
115 3
166 6
139 197
90 98
71 80
162 5
127 140
102 9
78 172
42 191
37 148
87 12
34 0
104 16
155 185
80 131
89 133
122 11
5 18
13 15
139 4
57 107
59 187
143 2
163 19
187 6
107 113
5 7
72 166
21 9
0 16
115 162
114 3
188 16
55 65
85 173
45 4
33 107
77 121
105 155
128 169
111 12
176 194
94 198
125 1
176 178
117 3
59 108
88 15
130 15
105 187
99 158
67 94
98 17
101 197
32 34
191 13
0 9
79 145
97 15
70 168
168 2
24 158
162 180
196 8
44 46
69 160
58 196
193 6
107 164
46 126
180 3
137 155
170 17
134 184
73 171
97 1
105 178
164 6
79 6
171 9
102 122
56 0
73 5
50 181
153 187
104 12
29 193
126 13
64 5
197 1
63 143
110 11
146 5
29 67
150 16
58 160
169 185
62 7
67 127
10 12
151 8
150 9
60 7
23 4
125 5
189 14
112 16
27 141
151 11
43 13
5 13
78 137
160 16
108 12
81 15
71 9
35 77
40 3
127 15
21 129
99 13
62 1
68 151
40 83
67 1
37 7
70 78
184 13
163 181
25 154
125 170
29 131
41 48
58 197
173 178
39 194
40 6
140 2
57 80
31 54
49 157
166 170
65 1
128 184
31 15
35 46
65 187
1 17
63 152
156 14
67 75
110 14
126 196
143 12
91 13
187 15
163 7
60 93
73 195
78 163
46 8
43 114
92 159
20 82
92 17
40 82
55 139
147 154
49 11
145 0
187 12
40 185
185 186
187 3
57 186
27 3
70 144
120 10
38 134
68 112
94 1
44 76
146 176
67 116
47 15
29 170
141 149
24 130
138 9
118 5
194 9
11 17
154 19
120 171
57 11
132 15
167 19
40 194
56 66
193 196
61 73
97 7
145 179
57 136
138 161
154 12
48 174
40 59
126 15
178 15
155 7
140 196
72 16
31 115
28 63
165 1
132 2
100 3
118 1
54 173
175 4
141 10
9 14
150 175
57 10
54 126
140 8
179 193
59 12
82 17
152 170
72 9
166 15
65 116
126 1
157 19
4 7
179 10
199 17
102 125
78 130
192 19
103 114
30 34
31 3
158 9
155 8
156 178
48 187
51 52
86 112
81 9
24 63
131 5
61 3
44 8
43 93
70 2
12 14
30 2
116 148
114 135
161 11
66 12
70 123
112 15
122 6
24 8
36 199
62 18
32 179
24 138
162 19
22 173
0 4
55 2
45 166
160 14
43 70
129 197
144 157
70 9
156 7
34 46
165 179
137 149
78 199
146 172
128 194
101 121
161 0
48 135
42 157
139 10
106 8
192 8
80 6
160 179
152 8
78 12
127 2
151 189
189 19
1 16
111 4
131 133
52 95
109 19
131 3
22 10
169 17
44 180
160 15
8 13
148 17
43 77
40 141
36 98
51 3
127 170
104 181
178 14
120 151
43 72
125 183
120 17
111 15
97 3
139 17
99 140
50 84
137 10
85 193
194 14
189 5
24 18
195 7
20 12
79 147
68 133
58 90
106 132
56 11
135 19
147 7
135 161
198 0
59 163
117 190
28 140
44 126
61 198
88 157
43 170
12 17
34 10
61 13
80 111
7 12
116 190
22 180
124 17
128 6
93 162
125 8
138 156
101 102
3 13
126 133
36 75
85 7
117 147
100 107
72 143
6 13
56 4
96 14
0 19
37 0
67 193
112 19
20 155
6 17
93 13
64 68
123 0
86 182
35 2
160 0
97 187
130 16
58 8
21 131
75 124
126 146
113 136
125 19
90 7
20 19
71 0
3 4
72 169
182 9
61 110
85 117
62 5
100 13
89 144
96 7
180 192
177 17
87 145
126 12
17 19
37 191
76 96
52 134
178 189
178 10
160 173
57 109
21 142
26 12
94 191
44 183
68 97
122 157
96 13
56 175
89 2
99 101
148 166
133 139
57 127
29 112
41 17
35 155
162 16
120 140
136 154
108 14
67 150
122 7
49 12
65 4
57 167
128 2
100 6
170 0
152 10
14 16
32 16
42 18
103 140
95 7
21 10
50 87
40 164
23 72
28 179
70 19
66 91
66 122
87 10
55 119
123 18
82 13
56 148
55 15
102 141
176 5
24 16
21 25
166 194
71 143
155 16
72 17
133 2
29 124
44 12
45 124
165 12
107 3
5 16
144 181
59 95
32 7
123 12
148 153
42 6
82 14
25 15
136 13
188 8
27 93
146 14
34 133
179 9
96 0
37 11
183 3
108 6
181 189
113 149
86 174
94 0
94 128
52 11
124 18
39 98
63 8
93 6
20 118
52 56
92 9
82 16
49 69
98 147
153 170
49 15
43 3
137 11
132 177
139 0
115 124
140 197
43 52
156 158
36 16
143 178
9 15
127 7
91 147
66 121
27 124
4 17
168 4
63 173
38 0
107 134
175 11
41 2
97 104
107 142
120 3
31 39
66 95
94 3
53 119
44 1
45 11
109 0
155 14
187 5
130 145
11 12
170 18
70 101
51 19
33 41
91 162
32 133
58 150
31 17
116 14
63 19
67 124
44 3
90 107
26 179
61 19
140 150
11 18
27 106
162 163
112 18
147 18
120 16
155 166
156 18
69 7
92 2
151 0
186 3
49 147
194 13
74 3
38 63
35 162
138 18
65 9
3 8
38 115
117 5
62 70
146 196
36 5
157 176
16 17
79 139
116 166
121 197
43 11
84 171
165 186
100 117
35 67
48 51
74 7
106 181
88 89
0 3
29 12
25 152
57 125
44 77
112 143
6 8
50 82
31 62
65 14
44 6
26 59
57 9
35 129
39 176
73 14
59 16
35 125
171 3
30 146
98 144
36 169
172 2
20 25
103 0
175 9
196 9
79 157
185 9
125 0
199 5
183 14
131 10
127 11
33 12
27 16
171 185
68 15
135 7
104 14
154 159
95 181
169 18
187 4
123 180
56 198
180 8
77 7
52 78
84 13
80 2
106 123
172 188
156 13
48 184
30 10
130 175
47 7
73 192
132 11
46 139
144 154
51 6
138 139
31 158
53 7
118 193
50 7
73 77
189 1
140 179
119 16
46 117
86 19
22 152
164 168
79 127
156 3
85 143
21 55
49 5
78 111
67 84
37 142
127 198
68 146
93 145
99 4
108 9
60 12
51 16
58 16
103 198
131 154
79 19
111 3
35 37
176 11
50 149
82 100
23 8
69 5
87 19
70 195
64 134
176 185
114 182
27 98
177 0
27 103
85 1
89 153
107 139
49 14
30 170
122 5
194 4
86 13
128 18
95 96
129 145
199 19
92 161
160 170
159 12
62 0
54 16
87 96
148 8
58 124
34 2
61 0
57 1
109 5
31 108
23 194
84 1
141 14
29 11
107 17
45 79
131 190
41 184
83 2
6 9
48 6
179 2
52 116
50 107
100 109
157 16
90 18
188 3
120 15
73 145
174 196
85 19
189 199
48 134
37 171
113 12
70 180
46 15
43 120
63 17
66 2
189 18
39 94
2 18
1 4
30 102
124 9
54 131
1 9
91 93
161 13
32 143
54 6
117 126
7 15
160 4
29 18
49 167
43 1
30 5
84 11
89 185
31 19
58 100
123 8
37 198
44 167
55 17
2 12
102 140
56 16
100 178
46 9
58 198
21 84
127 4
161 14
31 127
94 10
93 1
77 93
36 44
76 7
164 9
198 11
67 110
15 19
93 3
149 187
139 19
66 159
146 2
54 191
192 10
9 16
174 1
115 170
20 51
89 108
170 11
131 7
122 2
51 128
85 128
119 7
163 176
35 68
114 1
178 19
37 18
25 12
34 42
129 4
75 92
101 133
35 196
124 198
137 166
110 164
152 176
82 18
81 175
111 118
46 57
187 192
47 16
38 6
104 145
66 154
148 195
31 99
7 11
44 160
61 134
103 18
44 131
194 196
88 17
21 175
115 12
8 12
31 142
39 2
178 12
142 7
52 166
27 11
67 125
31 6
101 5
136 188
56 142
165 19
137 161
120 130
36 2
79 124
113 114
27 71
140 145
189 198
160 10
32 137
27 1
27 10
109 17
45 101
27 105
47 10
26 65
91 196
69 196
126 144
194 6
118 9
83 158
193 3
22 107
72 133
58 121
141 18
94 113
147 0
91 8
127 19
154 197
82 144
162 1
70 177
172 5
85 17
162 193
27 61
3 19
73 105
158 15
76 19
4 8
87 129
88 186
28 1
81 12
60 6
27 19
66 6
42 150
155 13
109 4
50 77
104 0
106 141
122 178
182 0
59 131
9 11
164 10
50 6
75 98
77 90
189 0
60 15
93 16
68 5
199 0
50 134
140 191
27 41
84 124
77 17
159 19
163 11
159 185
21 184
41 149
83 155
50 75
108 168
144 11
4 14
25 13
106 13
198 13
44 88
34 4
20 0
194 1
145 193
81 3
173 3
20 17
100 168
131 168
71 189
1 10
55 166
107 166
48 7
65 10
187 11
46 18
54 156
118 0
39 158
165 16
143 11
99 144
59 87
27 4
173 0
149 15
23 37
40 0
182 8
98 8
129 176
172 6
157 4
21 3
27 170
55 154
62 119
103 196
73 95
36 92
197 13
24 111
93 133
168 16
31 63
79 118
192 1
55 18
197 15
96 11
167 10
73 92
10 18
159 192
64 0
76 179
14 17
135 168
131 136
139 6
156 6
31 103
40 8
76 12
132 194
79 17
47 164
199 4
30 183
67 88
100 8
199 12
140 15
145 14
37 52
103 19
28 129
35 9
12 15
27 95
139 8
141 13
46 47
113 18
121 153
133 5
73 12
41 18
33 161
72 197
98 134
29 19
76 10
66 164
198 6
43 8
94 9
141 7
146 1
43 106
118 157
77 184
66 149
81 6
29 39
36 183
76 13
121 196
177 18
101 17
123 162
157 17
27 80
63 67
89 12
89 0
63 1
76 177
115 144
159 7
101 115
59 103
36 18
84 121
40 100
37 105
34 1
116 171
151 3
28 151
120 12
129 186
109 142
65 124
140 173
149 3
133 1
73 10
124 5
180 9
94 148
93 139
50 172
126 155
64 70
199 2
1 14
40 149
194 7
0 12
21 7
34 154
175 197
73 3
26 110
33 94
80 118
37 19
166 173
166 0
57 189
7 18
60 105
60 140
86 188
41 47
40 63
75 2
49 171
94 15
192 14
182 1
3 15
117 9
27 118
176 3
114 8
183 19
68 108
60 188
144 13
175 16
182 2
129 17
77 19
123 139
67 148
24 19
88 7
50 167
195 4
32 145
2 6
40 174
54 3
170 5
181 7
178 4
63 161
5 15
28 89
144 4
29 103
2 15
100 2
114 6
163 164
93 14
87 15
107 137
58 99
79 2
56 12
67 126
8 11
49 3
47 2
27 91
99 7
89 178
27 72
33 11
74 162
160 18
149 11
85 94
180 198
103 107
20 177
32 196
99 8
128 12
189 15
186 15
118 13
186 17
106 15
5 17
39 41
63 9
9 10
119 146
0 10
189 10
191 1
153 11
133 10
56 5
154 14
48 81
152 16
110 3
127 179
23 14
30 107
59 61
184 7
191 16
176 10
195 5
31 197
64 130
124 190
92 11
71 12
38 90
27 88
73 159
49 176
27 78
180 14
195 6
99 10
76 195
185 16
83 94
46 7
79 4
137 139
151 176
26 156
129 7
84 98
14 15
114 5
165 6
55 187
23 68
33 77
155 12
53 54
177 182
142 5
165 196
127 3
137 146
136 179
105 0
2 4
116 1
101 106
40 97
123 199
144 192
43 88
23 79
128 7
71 183
180 196
162 10
20 7
104 7
199 11
99 17
48 9
31 13
70 107
139 11
73 9
30 178
114 9
86 169
30 125
2 7
55 117
39 7
85 3
22 133
53 153
2 19
35 74
22 127
32 36
111 14
68 7
87 11
120 18
149 5
122 3
181 190
182 12
58 14
105 184
45 3
116 5
29 14
64 144
29 167
44 129
92 4
77 4
61 136
68 4
116 17
53 152
76 108
166 189
89 90
62 128
47 9
88 3
83 162
46 80
51 69
50 9
134 19
45 61
170 12
169 196
187 13
23 11
100 131
128 131
71 11
165 176
98 19
181 17
120 6
36 19
2 17
103 8
136 195
87 135
11 15
49 68
94 2
46 4
186 195
124 15
9 12
183 13
118 16
58 144
192 5
31 81
32 6
139 189
151 196
48 4
172 4
56 118
134 176
33 189
112 1
78 7
72 198
144 5
69 11
99 173
118 6
77 137
97 12
96 169
128 17
1 19
76 111
80 160
67 128
49 7
69 197
148 177
68 119
140 148
81 0
83 189
94 161
181 5
58 2
158 18
133 16
171 6
64 149
107 174
110 17
185 15
41 6
80 174
124 160
46 11
127 18
122 166
119 9
168 5
155 11
68 187
142 1
179 18
44 2
80 0
72 12
35 4
121 185
63 90
77 2
188 0
143 16
60 3
84 18
131 197
186 1
3 11
155 10
0 14
96 129
61 2
77 123
154 6
167 193
46 115
31 156
182 4
181 15
95 6
80 10
30 73
67 3
47 107
94 7
57 104
25 100
95 14
64 112
92 102
40 16
161 189
26 183
134 170
149 10
43 196
80 113
95 4
89 143
157 9
27 111
85 181
87 8
27 6
62 77
136 189
5 8
53 56
26 4
5 6
45 130
125 148
28 141
47 12
8 17
65 154
181 10
191 6
64 7
57 7
42 59
82 10
107 1
93 137
159 180
126 0
25 19
139 185
15 18
66 118
42 139
38 9
111 131
72 102
198 15
36 11
77 156
62 182
26 13
62 10
35 170
59 84
114 170
23 41
27 179
10 16
110 130
167 4
52 10
63 132
136 19
119 198
94 14
98 168
184 2
36 74
82 152
123 13
24 118
90 12
132 182
0 7
71 16
29 13
80 18
40 14
101 188
98 12
110 133
129 0
76 178
56 139
101 19
86 194
29 181
138 15
57 86
178 18
119 184
80 15
74 16
64 181
106 3
30 172
178 5
116 13
110 161
21 15
145 175
79 112
120 135
72 158
32 17
149 12
121 122
153 12
88 4
29 138
47 86
31 114
48 8
42 14
9 13
171 181
84 4
76 3
29 8
117 195
123 134
144 170
98 15
85 182
117 8
100 14
129 188
111 0
50 132
151 181
73 18
141 9
69 135
142 13
71 121
102 121
163 184
6 18
72 181
21 136
147 11
145 6
139 1
134 17
102 172
131 6
103 2
180 1
60 8
158 16
60 112
36 119
6 14
155 0
174 17
79 0
110 10
64 101
82 12
159 14
107 114
22 192
190 0
91 168
115 17
117 149
144 18
142 186
146 9
22 65
115 145
21 19
39 4
37 135
40 18
40 72
50 196
39 15
112 4
65 193
54 118
114 156
68 116
45 106
37 49
152 169
133 180
192 17
52 17
31 151
84 123
12 13
134 7
32 11
78 1
80 14
39 120
8 16
52 145
145 8
176 8
48 2
67 183
192 6
54 14
136 180
88 108
140 3
121 7
34 84
3 5
56 99
111 142
116 187
28 12
92 14
60 184
164 180
88 161
168 7
76 95
21 93
160 9
85 142
138 4
106 129
52 89
71 156
196 17
25 39
27 8
100 169
147 179
25 194
119 5
52 164
168 197
141 15
41 191
185 19
46 97
107 7
87 194
30 42
157 15
148 157
75 163
170 171
70 146
188 7
37 131
136 18
95 17
49 197
140 18
74 159
92 193
23 125
137 4
150 8
119 11
138 10
52 158
135 14
104 9
48 196
20 198
32 88
77 173
173 12
105 143
102 184
63 2
174 19
93 172
41 0
82 112
46 197
22 5
56 181
71 91
39 14
59 5
55 4
59 10
128 141
163 5
37 3
194 12
137 2
1 12
155 171
72 161
120 14
150 169
67 122
131 15
77 168
110 0
79 14
96 157
51 101
91 19
117 16
70 189
55 82
52 6
169 4
82 91
109 158
116 3
52 197
197 0
49 175
196 16
172 12
115 167
81 96
97 107
102 161
97 18
68 167
165 4
81 7
173 8
64 119
54 56
29 58
87 3
152 6
61 8
119 17
69 2
168 8
1 6
146 162
83 11
136 197
136 14
48 86
7 17
61 83
181 19
95 10
80 136
55 102
25 11
96 6
132 7
7 10
87 131
67 152
100 113
36 12
51 117
84 87
88 153
23 17
158 170
154 3
125 14
156 17
48 16
93 5
113 16
139 15
102 18
74 5
183 12
23 35
86 2
109 146
113 171
64 140
162 0
31 163
30 162
36 135
144 148
121 3
98 11
78 196
34 16
97 116
44 113
78 2
88 8
188 1
54 153
187 18
184 11
127 8
111 185
185 3
49 10
113 13
4 9
135 141
28 97
53 4
24 50
36 180
28 13
92 190
175 2
51 140
180 11
23 2
87 128
104 15
12 18
39 160
100 10
103 168
46 136
105 1
157 161
97 2
121 2
109 1
87 9
1 2
66 0
104 4
24 45
53 88
78 5
66 5
144 9
139 2
160 7
101 123
63 3
75 16
97 0
141 8
165 167
26 149
55 151
139 187
22 16
160 11
62 197
197 6
83 0
108 1
169 5
59 9
158 6
77 83
50 122
65 177
56 19
38 15
86 141
94 162
61 117
161 7
54 1
73 8
103 135
73 184
115 158
72 90
115 160
97 19
70 106
172 0
141 155
132 17
52 1
70 120
28 182
34 11
54 18
174 186
57 89
126 191
57 124
191 196
78 101
49 16
55 0
54 19
49 170
81 16
23 83
128 1
100 15
136 191
6 19
64 95
84 170
135 15
41 145
75 7
39 17
119 13
80 13
119 150
93 4
118 162
34 130
68 10
30 9
41 99
119 153
32 19
43 79
22 68
73 198
65 96
142 8
105 12
10 19
103 6
70 194
91 104
80 149
93 116
135 154
7 13
173 198
79 83
54 130
91 98
117 162
4 13
27 107
138 144
192 13
144 173
91 126
92 175
79 13
83 165
92 188
144 145
152 5
108 8
51 74
43 15
84 189
62 199
146 193
164 13
79 169
47 127
72 1
156 198
158 188
24 110
24 48
99 160
135 1
50 193
45 59
113 0
69 118
195 10
42 8
26 18
39 9
95 199
109 186
113 195
151 156
150 5
91 5
110 13
36 1
88 192
66 160
113 4
130 1
171 18
188 197
102 15
35 8
63 74
173 17
23 88
63 13
95 3
129 16
92 160
71 83
75 8
93 15
166 3
86 17
166 2
116 127
48 3
69 151
29 9
47 128
32 1
86 3
92 3
25 61
6 7
50 17
127 13
148 9
131 13
167 5
65 5
42 87
81 149
124 16
145 9
118 136
48 138
101 167
62 101
57 3
53 176
115 18
143 3
2 9
108 109
22 13
36 10
25 158
74 116
65 7
43 63
86 154
55 178
34 191
116 16
34 92
107 165
27 83
26 14
45 72
184 193
96 133
178 2
112 8
137 13
86 10
60 13
0 15
109 167
122 17
50 65
115 0
88 2
34 99
168 1
119 18
31 143
45 90
157 175
6 12
127 1
65 160
179 0
45 192
116 119
39 5
133 160
142 16
93 191
72 8
1 11
33 14
149 154
4 12
114 18
39 169
39 11
81 19
61 12
22 14
195 9
112 144
103 182
31 9
199 7
103 9
114 14
27 12
4 18
36 120
55 126
99 9
138 12
35 79
134 157
95 8
49 6
43 146
117 151
107 133
188 13
74 83
168 10
30 1
91 6
159 18
27 110
46 10
100 190
9 17
24 66
48 11
0 1
49 152
137 7
57 184
65 110
158 198
96 4
46 86
148 13
45 2
131 176
150 199
7 16
93 177
175 7
20 78
131 2
26 103
137 195
1 8
52 111
60 1
154 4
24 9
36 147
33 165
46 174
110 8
149 19
133 6
124 6
94 139
88 110
73 4
33 4
21 149
126 16
97 196
133 169
174 3
152 19
5 12
76 157
69 3
100 18
2 11
75 18
175 5
26 84
76 105
147 16
95 18
49 125
44 18
102 2
25 145
13 14
38 2
69 4
107 159
60 178
173 5
22 0
147 14
94 126
50 170
138 159
44 4
11 13
75 82
190 2
132 5
34 17
20 134
34 8
94 6
199 10
53 193
49 168
41 3
174 16
188 18
96 19
35 10
40 191
151 10
102 104
43 100
139 7
117 137
129 134
37 13
110 177
40 169
182 19
68 6
24 13
105 158
156 177
3 17
106 17
120 11
43 118
113 1
123 1
38 11
27 168
25 34
172 19
56 155
50 182
183 1
164 15
193 17
178 6
