198 16
39 81
189 2
97 161
151 179
150 198
55 175
35 197
127 10
124 129
45 69
187 3
126 19
185 9
37 7
63 1
26 1
197 16
22 1
44 110
122 17
58 6
190 18
143 167
101 181
79 147
46 15
175 189
115 139
91 12
77 149
178 17
114 0
47 19
151 5
56 84
133 15
102 2
135 139
23 71
199 12
88 184
100 10
26 6
53 1
163 186
101 143
145 8
113 131
135 1
88 18
73 183
136 158
59 121
40 59
113 19
184 7
52 100
29 144
56 7
81 106
138 13
193 15
65 163
68 12
181 10
20 9
157 6
119 9
192 11
95 111
100 15
5 16
53 131
149 6
71 5
89 15
105 1
35 111
62 2
24 8
82 162
30 56
180 18
73 112
37 14
31 10
119 8
115 6
39 43
170 6
192 14
40 117
189 17
149 191
33 79
41 115
62 107
59 7
50 6
7 8
44 3
156 177
199 15
135 9
188 4
125 0
4 8
32 137
128 173
103 146
38 169
133 13
70 5
110 128
49 19
43 184
189 18
135 7
121 126
43 153
29 5
30 181
126 2
121 131
124 3
81 17
45 0
82 106
72 103
27 16
47 0
199 17
128 15
142 18
147 17
54 10
187 17
55 111
121 5
132 11
118 4
159 4
110 6
87 8
5 17
64 0
125 17
56 195
91 168
112 8
175 0
65 0
74 17
184 6
163 12
93 6
112 169
194 4
32 92
135 8
83 3
43 156
92 152
103 143
148 154
156 18
44 9
44 6
144 14
129 13
73 10
177 0
194 10
1 3
15 17
65 5
3 18
70 7
167 19
116 182
22 146
172 14
88 7
125 15
190 15
143 15
27 4
197 8
179 8
47 194
77 16
35 9
61 97
157 15
184 191
24 36
182 16
117 4
130 10
32 7
78 16
37 61
45 5
156 13
129 134
105 18
121 160
47 158
121 6
121 122
35 4
179 19
128 14
40 64
62 88
127 0
72 152
29 7
73 6
134 10
123 175
188 195
0 19
76 15
192 19
165 181
104 18
180 19
151 176
54 148
101 182
83 13
197 11
25 65
20 35
170 1
69 3
55 17
45 6
172 12
60 3
107 11
72 14
146 190
43 10
51 5
112 172
182 197
75 19
161 186
25 126
96 6
82 124
102 10
4 13
80 4
196 9
108 0
54 15
186 11
6 7
157 14
22 8
23 112
103 16
36 15
142 184
92 3
178 6
105 4
191 13
152 155
139 168
117 16
93 1
63 9
86 10
32 3
136 14
129 183
43 139
61 1
131 15
74 10
164 3
83 18
55 5
115 19
21 52
22 7
121 14
72 9
160 2
11 12
7 18
126 14
24 13
64 84
57 2
110 156
26 14
44 18
167 5
113 12
109 16
153 11
172 2
0 5
47 12
23 45
66 5
69 18
90 5
33 60
199 9
3 7
31 13
31 7
69 162
28 121
4 19
48 13
81 15
32 5
177 14
53 9
162 19
76 117
144 10
35 19
185 8
173 10
35 128
115 141
83 17
39 192
45 19
177 3
109 7
30 9
74 114
53 4
89 4
169 3
188 0
55 197
155 15
169 17
112 156
163 19
84 164
56 87
2 4
53 105
24 12
189 6
15 19
29 167
132 7
21 16
53 13
131 149
156 165
51 1
56 144
182 9
88 2
173 5
146 150
5 9
65 18
168 180
48 15
32 16
123 4
24 165
132 1
66 1
188 18
150 4
119 4
148 19
30 4
183 2
36 19
29 12
52 2
8 13
167 3
9 12
149 2
58 122
187 10
33 112
113 161
25 18
32 121
147 1
62 14
99 160
124 8
39 16
0 8
181 13
13 19
176 16
79 16
39 165
134 6
70 6
8 17
52 13
47 59
159 188
25 42
55 0
139 14
93 180
37 13
156 14
76 16
47 13
191 8
20 6
193 5
70 9
184 190
77 18
149 16
87 16
52 11
53 17
58 197
111 15
170 19
167 181
14 19
52 7
161 7
116 18
140 184
2 18
72 87
116 181
34 92
101 12
182 13
33 13
141 150
23 96
111 9
33 85
77 6
45 182
153 2
82 15
0 7
80 17
48 131
24 137
77 117
7 19
113 11
188 5
126 16
39 11
54 7
101 156
104 15
176 6
37 194
120 13
66 16
101 7
120 186
62 199
49 8
111 10
69 5
99 8
149 15
195 13
74 19
118 125
79 10
87 154
193 18
155 2
110 13
23 84
27 64
130 197
150 16
75 2
166 184
31 78
71 9
118 162
4 11
119 165
37 155
34 19
9 10
88 14
91 11
78 92
50 5
57 93
34 172
23 13
119 1
46 70
77 15
25 11
59 60
148 178
74 16
23 60
97 111
149 13
193 8
101 147
185 15
163 15
146 15
169 15
37 5
60 9
150 0
0 16
130 13
111 0
115 0
137 16
191 7
141 3
74 15
41 18
37 19
62 3
84 16
185 7
145 12
155 3
179 5
73 11
21 6
107 168
15 18
41 3
89 102
175 185
91 0
179 6
88 19
86 13
0 12
59 160
6 12
164 5
164 19
56 13
85 11
34 6
123 159
23 199
48 90
92 0
89 10
21 19
112 129
38 19
86 15
102 19
169 5
132 189
147 187
35 14
42 19
183 191
85 98
112 9
171 13
188 194
114 145
120 5
127 18
69 109
99 7
58 59
143 3
22 190
159 16
9 16
183 5
98 156
3 9
104 2
150 11
76 8
71 92
154 19
62 13
112 19
166 17
91 195
154 18
114 16
111 4
146 8
83 9
147 10
136 17
118 160
44 0
194 12
103 151
174 196
24 5
54 177
55 160
141 192
47 147
97 16
118 15
36 16
94 193
169 18
39 5
169 19
151 0
56 6
12 16
68 173
20 154
9 11
58 3
60 1
61 8
90 97
93 167
124 15
156 2
134 181
20 80
109 151
184 1
114 18
35 188
131 10
157 195
142 15
23 11
137 11
28 7
184 2
116 11
114 193
23 5
90 16
97 12
0 18
98 111
186 5
165 14
109 18
121 4
158 187
106 8
43 4
149 3
55 159
65 12
141 16
158 19
141 8
85 150
88 8
25 8
108 13
78 13
117 5
191 195
127 9
109 158
111 162
132 0
27 72
141 7
36 1
102 8
187 14
75 4
111 112
52 173
116 3
7 13
51 191
188 1
121 7
49 113
22 15
136 15
51 17
135 16
30 40
20 1
152 3
55 2
33 15
10 17
14 18
65 104
102 18
127 7
145 148
131 8
129 172
27 13
8 16
146 6
152 18
153 183
42 47
131 7
159 14
43 99
113 16
152 17
39 108
158 18
9 17
165 17
66 14
168 3
187 15
0 17
94 135
10 15
118 7
147 197
114 8
161 164
136 11
85 8
45 139
41 197
104 12
2 6
47 52
28 6
8 11
139 11
184 5
22 10
100 11
124 14
32 116
134 14
118 163
43 173
135 14
196 10
153 188
31 5
75 11
82 16
154 0
180 11
60 14
92 169
68 79
184 10
7 10
105 12
67 2
132 12
79 87
40 3
158 13
93 138
54 89
135 5
0 14
168 17
129 5
147 19
33 5
72 5
52 8
8 19
20 91
50 134
22 142
33 77
6 16
171 15
53 155
179 14
68 15
126 167
27 125
158 17
72 17
130 5
195 16
30 96
13 16
134 3
47 17
162 9
159 8
87 18
126 10
45 119
29 18
124 173
33 62
71 18
189 11
135 168
171 12
133 12
29 155
166 15
143 13
150 15
123 0
59 100
118 2
102 129
96 3
136 147
193 0
157 17
115 16
72 3
193 12
24 9
64 149
94 15
79 112
125 7
146 2
111 7
128 3
82 152
79 13
99 114
168 7
99 9
76 159
1 17
34 66
160 173
54 157
180 9
58 175
171 5
195 198
69 11
114 12
143 19
80 8
7 16
42 49
112 178
65 133
14 15
100 14
183 185
116 16
57 3
108 147
41 172
148 1
94 13
32 144
63 108
146 10
37 0
156 163
94 6
81 12
46 17
94 177
155 8
95 7
174 13
71 140
42 5
59 15
155 5
165 194
191 18
88 0
109 3
24 90
98 8
12 14
103 2
138 17
39 19
27 18
83 121
120 19
195 14
156 198
22 52
71 6
40 1
27 36
100 7
148 5
39 98
41 9
87 182
194 6
47 55
7 11
106 15
178 12
64 141
82 6
76 10
70 129
141 142
110 12
38 0
72 0
91 103
5 10
68 6
165 5
30 165
80 13
184 14
153 14
160 8
28 130
143 9
25 0
48 10
52 9
52 128
179 4
126 11
134 16
64 15
30 129
123 18
177 4
147 18
60 6
148 15
108 183
188 14
87 7
89 169
118 128
188 12
77 181
126 8
29 121
84 147
54 19
188 19
184 9
76 14
50 166
34 15
178 3
165 19
22 6
78 17
158 7
90 7
177 19
99 188
172 9
65 108
45 7
102 130
188 13
87 2
58 137
98 4
83 155
194 17
135 2
118 171
130 4
161 3
5 18
9 14
101 165
135 155
116 14
91 16
154 9
67 9
175 9
41 16
135 151
21 61
61 199
90 18
32 117
4 16
36 7
46 140
189 196
21 50
115 17
83 19
27 73
33 17
185 14
116 12
119 171
53 92
31 2
37 85
102 143
115 9
110 17
63 124
129 12
21 131
151 14
36 115
85 105
88 5
170 17
46 165
123 17
76 18
74 107
109 14
1 2
63 83
123 133
8 9
44 120
27 114
32 184
49 10
75 5
124 131
24 16
190 16
174 2
90 144
25 17
181 195
22 19
85 3
142 7
103 12
75 8
182 14
109 13
170 9
40 17
105 0
96 13
104 1
92 95
196 6
152 11
193 1
24 4
175 10
106 109
65 6
3 10
168 5
155 17
40 4
12 15
153 3
40 8
181 18
95 145
2 19
105 16
40 0
147 3
34 8
144 8
184 19
26 110
79 4
47 18
16 19
134 18
190 19
168 2
61 15
60 17
123 16
185 3
161 2
23 7
47 145
59 2
42 136
121 8
26 2
61 90
33 142
79 11
84 10
11 15
46 13
26 16
174 1
82 7
144 17
159 7
10 18
48 80
195 12
29 119
176 10
145 4
69 1
50 143
51 19
89 16
88 170
163 4
106 5
89 171
92 191
64 160
122 16
36 8
115 18
56 15
96 108
147 4
144 12
117 182
35 10
86 136
12 13
47 2
158 170
50 16
106 1
18 19
158 2
33 45
170 2
7 15
75 197
125 12
149 0
131 138
29 90
1 7
130 6
22 17
103 11
162 8
41 0
167 16
112 10
0 6
87 174
85 18
123 3
96 196
182 4
156 16
131 14
143 6
46 16
86 133
92 195
72 2
149 157
57 0
32 186
28 5
136 141
162 12
97 5
107 7
161 9
30 13
68 19
179 12
130 18
62 196
8 10
178 5
57 9
53 90
160 3
190 13
65 126
10 13
157 9
32 140
199 7
91 14
62 5
157 16
30 137
4 9
155 18
148 16
120 1
95 3
105 142
162 1
177 10
124 5
193 4
178 8
72 155
21 191
94 1
71 79
95 127
164 12
160 19
106 11
86 12
169 6
84 160
48 140
105 15
73 13
187 6
57 5
192 0
92 136
154 180
55 68
21 0
1 13
6 13
5 14
167 18
87 3
22 0
40 52
21 173
91 4
130 16
92 16
129 3
134 7
38 5
87 6
147 14
2 10
33 124
34 9
96 10
68 96
150 19
116 5
56 106
114 187
73 2
118 138
188 6
113 2
199 0
29 47
158 15
69 94
48 0
129 0
77 8
186 12
59 3
74 3
35 5
142 10
94 17
159 19
192 18
93 17
170 5
90 8
138 16
23 0
132 169
53 8
0 3
169 14
196 13
27 2
63 10
131 190
154 10
35 11
156 0
80 119
114 192
191 10
100 4
99 111
108 9
139 0
31 153
29 130
61 94
148 7
124 7
69 7
57 17
177 11
93 12
100 9
11 13
157 12
108 14
68 11
163 8
32 11
157 13
29 1
96 163
199 13
27 8
83 16
130 170
151 1
168 18
145 5
76 5
83 15
55 189
44 92
122 19
0 13
1 4
183 19
66 3
187 9
110 163
80 19
196 18
115 15
142 8
99 169
29 3
156 19
62 100
38 94
194 14
50 69
11 14
68 124
94 155
34 192
25 39
150 12
90 194
134 9
128 6
44 70
168 15
167 14
57 186
152 199
161 175
78 19
79 19
172 18
177 6
192 5
137 12
190 7
47 176
189 15
0 1
100 181
102 4
91 5
20 125
150 3
105 8
43 8
49 138
184 3
146 18
70 117
36 185
162 11
0 10
81 13
56 10
65 7
43 78
178 16
41 15
167 11
24 6
75 111
22 40
136 0
45 16
187 7
198 11
30 3
151 158
20 46
115 5
142 6
9 13
38 9
101 16
80 188
175 6
38 187
74 113
51 143
36 133
6 19
95 18
60 80
122 14
78 126
126 5
10 12
96 8
123 196
54 165
90 12
139 12
118 12
33 7
80 16
104 11
165 3
195 1
173 9
30 51
113 125
32 17
82 17
37 18
187 5
190 10
91 17
3 5
99 191
132 10
126 178
62 92
101 11
104 0
171 11
25 13
97 7
169 1
116 187
66 98
75 186
106 14
67 150
1 14
155 0
8 15
61 14
5 8
67 165
152 7
82 84
54 9
110 8
143 11
3 6
106 17
82 4
40 198
114 9
22 69
21 124
161 11
153 17
155 178
174 8
59 8
108 3
138 19
47 14
183 7
51 15
65 8
150 9
138 15
166 10
143 149
26 10
2 11
171 14
57 14
193 13
55 12
183 4
153 179
86 97
17 19
80 86
109 179
130 11
191 0
145 0
195 2
130 19
62 10
147 8
194 19
101 14
71 150
23 161
191 15
10 16
193 11
49 143
6 14
143 8
164 11
118 130
48 12
94 196
72 10
183 13
146 13
68 171
73 191
137 154
107 150
44 1
147 13
121 0
75 14
84 5
48 14
106 161
187 19
2 12
190 3
176 15
33 0
34 16
24 66
161 5
33 100
29 186
57 94
154 8
57 71
25 5
182 5
194 1
114 15
76 11
78 0
184 17
30 97
43 180
130 8
26 131
38 156
95 9
137 182
103 15
47 99
1 8
71 15
189 14
190 2
109 10
101 9
182 11
30 7
180 6
177 2
44 10
31 187
15 16
61 128
63 8
57 90
5 12
149 18
63 88
32 36
147 173
124 13
151 13
112 16
29 195
48 82
171 16
66 15
122 168
194 11
77 100
52 16
57 12
35 144
114 184
131 11
42 6
61 19
3 14
2 5
142 2
38 47
86 5
42 16
21 5
123 140
30 86
137 0
74 120
32 77
38 181
44 174
22 9
166 4
64 16
165 9
163 7
167 173
58 99
120 11
185 17
164 9
70 17
168 19
195 19
42 9
0 4
94 121
32 4
119 17
34 121
117 10
151 17
197 13
189 0
124 12
30 103
191 4
4 7
45 3
154 17
109 4
111 17
113 14
97 4
68 8
186 192
36 93
106 193
40 15
167 4
163 11
165 18
58 7
156 3
20 82
43 52
57 76
187 16
123 148
121 135
70 100
136 4
34 17
8 18
71 153
97 3
53 138
66 4
128 18
28 18
137 17
142 12
184 8
35 0
111 18
78 130
126 4
29 9
1 9
142 14
113 18
66 192
149 17
161 19
40 9
57 169
196 0
93 0
174 7
140 10
143 17
47 169
41 5
182 12
32 0
13 17
22 16
95 12
176 9
58 5
35 71
49 103
100 13
153 8
180 0
37 2
173 12
182 0
95 1
130 151
141 11
162 6
146 17
67 3
73 124
86 195
179 10
75 173
12 17
125 16
103 18
133 14
28 17
120 2
41 47
187 0
139 15
55 101
41 1
163 2
87 115
120 8
156 168
126 6
109 0
2 16
185 19
79 2
43 0
61 2
69 19
151 8
52 174
65 103
58 0
105 14
160 0
76 183
123 14
77 141
36 2
80 1
153 7
21 15
146 3
49 3
27 121
114 1
181 8
89 5
8 14
99 163
30 190
179 7
42 13
190 0
3 8
135 11
34 0
196 5
173 17
121 19
49 9
49 13
68 1
0 11
96 0
98 3
68 4
85 5
170 0
116 8
61 13
148 12
6 9
50 2
99 6
24 19
136 9
53 0
65 13
27 10
180 16
59 189
185 0
93 145
25 3
155 19
31 8
186 16
102 0
110 5
165 10
69 84
79 122
127 5
144 9
133 17
111 8
78 81
119 12
145 16
136 19
86 9
162 182
92 19
3 15
59 81
189 7
85 1
136 1
130 0
45 110
90 13
109 124
94 16
66 176
146 11
139 182
100 12
97 181
142 13
89 192
103 7
67 169
113 178
65 141
45 11
60 12
118 18
2 9
61 117
139 19
197 0
94 19
191 14
112 17
175 11
133 11
188 2
190 14
176 17
69 15
83 198
62 16
158 11
136 179
77 13
110 10
90 4
97 14
111 19
120 18
65 164
151 16
47 11
69 75
120 156
170 13
177 191
140 144
62 4
26 8
5 11
60 71
174 18
3 12
149 185
131 19
75 6
74 199
50 0
87 1
61 100
56 9
64 9
162 17
146 5
30 158
84 167
198 12
6 11
131 16
134 157
25 2
75 0
119 19
40 16
1 11
94 119
152 5
107 18
117 6
6 18
99 4
4 6
70 12
75 17
101 8
65 110
34 181
147 7
156 11
93 15
6 10
162 13
189 19
28 3
4 12
45 2
1 10
50 83
51 12
34 7
30 183
176 19
58 10
56 4
129 17
130 178
13 15
144 3
39 62
39 15
159 191
158 1
17 18
105 3
36 5
94 9
24 2
60 195
37 92
78 6
118 17
20 58
1 5
108 15
180 10
2 14
5 19
62 19
176 18
35 109
134 5
51 124
107 178
42 1
100 6
197 10
116 139
134 189
107 167
141 17
64 79
186 0
2 13
146 147
88 6
2 15
101 126
117 17
157 10
128 136
65 4
120 178
107 115
135 179
128 16
133 5
52 19
174 15
123 11
168 10
140 6
81 16
86 16
97 19
116 7
144 15
143 16
81 97
167 0
54 191
2 17
170 16
26 152
64 158
95 2
189 16
60 8
122 5
174 14
81 3
127 161
95 115
153 199
88 16
84 15
69 8
159 0
139 4
31 17
88 12
152 174
172 16
53 195
196 17
167 183
73 0
39 133
188 15
107 175
30 74
152 4
73 4
101 177
94 124
106 112
36 14
98 2
97 17
180 4
133 16
81 164
104 19
52 17
88 129
105 10
141 9
38 163
176 4
33 87
172 8
67 19
71 7
99 3
122 15
55 9
51 16
76 1
179 9
187 4
69 167
37 11
27 40
105 17
66 7
90 124
187 18
169 8
37 12
187 195
131 3
80 18
89 12
84 19
123 6
1 6
33 72
94 10
116 1
99 10
2 8
38 3
111 16
35 18
149 19
120 4
167 10
40 10
50 17
198 10
58 114
73 19
101 18
21 120
172 4
96 11
101 10
87 19
165 4
174 11
73 149
73 185
77 112
31 3
137 4
136 16
80 15
158 5
139 16
80 12
184 13
171 176
54 150
91 92
53 116
91 13
44 48
82 12
14 17
67 179
134 135
191 19
27 17
124 178
63 103
183 6
104 3
93 19
13 18
46 119
149 7
107 10
181 3
180 8
90 195
164 8
132 8
72 185
172 11
84 2
79 167
87 13
123 19
193 10
29 14
162 10
3 13
30 144
90 163
29 13
96 181
62 11
39 18
142 19
119 2
122 12
66 114
65 19
33 178
76 4
60 7
84 88
117 12
127 2
181 5
31 118
58 138
132 19
69 0
162 7
72 16
120 6
43 13
181 12
63 98
29 164
52 10
20 10
191 198
53 16
44 5
136 6
63 132
13 14
178 0
135 3
123 10
133 4
194 3
152 9
64 7
77 126
101 189
67 11
81 6
33 1
26 15
140 3
43 17
63 19
137 5
99 157
98 17
1 19
119 11
43 6
110 0
198 17
11 18
140 17
50 11
73 16
21 11
147 6
173 178
177 7
100 8
47 109
44 143
136 169
114 13
164 165
23 3
61 6
122 10
171 7
102 17
49 1
191 2
114 134
191 3
62 142
176 8
84 191
184 16
59 14
155 10
172 0
145 19
153 6
20 17
149 170
91 8
93 105
31 12
116 2
175 5
89 3
24 1
57 128
100 170
28 146
185 194
109 185
187 191
101 176
116 17
121 9
111 3
128 12
54 0
124 17
21 137
78 153
29 168
2 3
127 12
53 11
99 14
173 13
85 15
21 90
93 14
61 112
166 8
156 9
93 16
47 1
186 19
109 2
127 175
61 93
113 169
135 4
147 168
53 15
189 5
7 9
93 191
162 3
78 80
151 192
141 19
189 10
55 7
121 16
71 164
158 9
107 17
30 15
149 11
170 7
149 14
160 12
147 155
35 17
3 19
191 194
11 19
115 10
97 11
175 181
34 5
64 3
66 9
178 13
74 12
4 17
20 13
56 5
135 6
105 7
21 4
66 172
74 4
22 76
40 111
73 77
29 8
152 2
59 0
198 1
1 18
76 0
125 188
59 19
166 198
83 174
156 6
195 9
94 148
170 11
30 12
196 19
161 162
32 13
174 3
23 64
33 97
76 163
186 17
177 1
193 17
3 4
70 1
44 149
112 13
175 17
20 12
114 163
76 97
186 10
126 0
28 81
4 5
104 161
126 144
178 193
148 3
34 4
2 7
95 126
73 15
191 1
118 170
26 19
23 17
33 16
164 15
35 3
8 12
115 186
38 1
161 178
121 11
79 146
133 19
42 12
31 6
157 7
67 1
126 7
69 158
71 199
83 4
1 16
183 12
90 196
186 188
35 135
5 7
25 15
48 7
21 3
124 142
9 15
63 15
101 4
157 197
58 8
190 11
3 16
21 14
132 3
50 150
71 12
99 5
38 17
6 15
46 18
20 97
89 8
50 152
145 6
175 7
66 10
40 14
146 161
109 5
196 2
143 14
124 1
94 114
128 13
108 18
127 15
21 7
110 4
173 3
135 142
142 178
175 18
150 8
0 2
92 18
168 193
154 11
21 2
58 18
106 18
64 11
161 8
40 7
21 104
42 4
65 139
96 17
105 13
32 10
81 8
169 13
197 3
6 8
59 194
92 17
166 3
95 6
135 177
84 195
55 14
173 16
159 10
118 9
97 8
199 14
128 11
112 119
132 16
155 186
35 8
66 18
23 76
82 3
114 4
114 156
140 2
50 4
120 9
184 11
116 6
83 14
47 5
189 3
26 7
22 104
141 157
56 1
64 17
136 7
137 1
132 17
127 11
20 11
20 16
110 143
166 2
184 15
69 118
125 11
22 42
47 3
47 135
70 118
32 130
76 130
57 10
121 2
52 3
106 12
137 10
16 18
29 10
106 10
194 9
109 119
54 8
192 3
58 9
192 17
85 10
59 94
36 92
92 104
40 68
65 17
20 104
25 1
68 0
131 175
118 11
86 3
175 12
58 67
58 180
186 18
154 1
40 12
64 10
137 165
54 71
59 10
111 2
23 15
81 185
132 148
55 18
100 2
78 1
161 14
36 67
118 13
190 17
24 171
76 115
93 9
35 59
126 9
146 16
148 14
121 13
37 10
86 145
91 93
148 17
112 12
67 10
123 173
40 11
149 10
190 5
160 15
96 12
12 19
104 8
113 4
66 160
28 80
10 11
20 196
140 4
37 149
94 2
69 17
179 13
176 3
185 2
50 85
61 0
120 14
196 16
22 18
59 17
128 9
49 15
36 0
163 6
91 2
197 18
125 5
89 18
64 182
98 5
31 1
117 7
110 14
121 17
151 2
120 15
140 8
97 13
84 12
139 164
84 11
58 151
39 1
164 6
114 11
38 7
179 11
48 3
192 15
25 181
98 16
72 108
173 14
108 117
123 8
105 144
120 163
107 120
59 11
60 2
171 2
102 11
38 11
31 101
35 66
7 17
177 17
34 77
22 13
166 199
178 2
50 13
60 18
185 6
11 16
42 199
85 9
92 124
54 16
66 8
7 14
50 132
64 12
51 10
23 51
44 8
80 2
159 17
196 3
11 17
30 98
16 17
83 11
79 144
30 11
95 15
128 8
0 15
159 18
134 8
184 4
76 93
81 4
74 13
60 192
172 15
9 19
4 18
198 19
135 188
85 167
153 18
172 7
27 74
35 170
3 11
25 149
55 73
68 14
147 2
189 9
38 12
125 9
147 12
73 103
0 9
128 194
80 104
167 8
24 142
33 199
54 176
75 132
22 128
187 1
126 3
131 18
98 177
67 8
103 5
5 6
116 9
84 3
151 152
33 14
171 17
133 10
37 131
106 154
34 14
28 16
71 10
121 18
194 0
130 2
79 5
68 3
69 199
64 14
4 15
101 1
157 11
112 7
51 181
127 8
64 129
5 15
51 119
1 12
164 4
1 15
110 7
102 7
98 9
104 16
55 13
123 157
179 0
72 1
175 4
182 17
20 138
196 15
25 116
148 18
62 113
157 174
134 4
172 13
