190 5
27 122
34 187
64 18
46 159
105 10
132 194
30 58
70 178
38 180
149 11
161 176
160 8
103 160
64 120
110 142
63 65
37 143
140 141
95 107
144 148
76 16
109 114
69 74
146 175
54 128
67 111
125 166
126 133
127 4
44 178
179 2
118 155
97 6
46 4
105 1
95 9
42 0
35 1
115 12
46 185
154 157
126 16
43 112
162 3
104 10
7 18
0 1
86 100
50 13
49 106
166 9
8 14
112 18
156 4
173 9
78 0
82 16
47 19
168 196
68 81
186 5
35 175
38 125
85 13
87 7
171 17
172 12
74 170
70 189
96 10
67 92
32 80
110 144
32 15
186 3
87 156
45 67
26 130
81 85
176 5
93 172
57 64
166 10
42 7
114 10
124 142
157 14
114 136
88 0
7 15
24 8
90 101
5 6
86 0
22 192
90 191
110 162
25 187
67 140
49 0
59 71
75 190
90 153
0 12
178 3
128 166
99 130
38 135
71 12
67 85
94 153
85 88
16 19
152 161
139 15
23 19
66 125
188 0
21 71
189 17
63 2
93 5
34 119
120 2
41 143
38 145
133 18
87 186
67 2
71 91
92 187
140 16
41 188
82 8
14 16
174 196
28 82
196 16
72 147
40 53
24 116
108 141
4 7
39 87
39 44
92 8
34 112
103 185
84 3
48 3
104 2
196 19
128 165
35 8
52 93
34 174
62 70
49 82
192 0
92 124
129 149
65 4
89 156
187 9
72 8
54 173
34 71
122 151
107 18
159 4
0 10
121 196
122 15
22 100
157 18
40 137
64 1
106 146
187 4
124 158
115 126
136 8
66 116
66 14
99 150
83 8
42 122
146 10
66 1
105 160
0 7
80 3
79 6
137 1
26 30
59 16
82 4
67 6
32 100
173 15
5 19
72 6
21 51
59 96
44 98
106 14
42 144
46 105
103 12
40 17
87 10
160 4
158 4
86 108
156 161
62 68
169 9
133 147
178 17
25 15
84 117
72 17
112 194
65 15
8 15
136 169
47 196
155 15
42 184
66 139
124 14
7 13
28 146
131 12
79 148
145 13
110 5
2 11
61 17
189 0
28 143
38 44
80 9
112 195
154 15
51 162
172 177
100 143
3 13
81 107
170 198
90 108
188 4
111 170
104 1
193 18
74 13
97 167
97 99
184 14
3 5
31 146
54 18
161 172
183 195
0 19
148 13
3 12
62 19
72 153
142 10
24 36
199 15
125 3
80 0
142 1
109 127
146 11
102 196
98 8
48 176
137 175
27 187
38 121
162 10
39 14
178 10
32 7
100 104
104 110
36 126
27 6
38 15
51 52
57 17
139 199
64 67
176 3
51 198
58 16
110 0
154 5
27 12
69 19
183 7
156 11
26 121
110 191
51 68
112 188
109 18
87 14
115 165
9 19
77 131
117 197
57 171
144 9
71 1
47 1
29 102
153 3
4 14
34 67
50 134
82 163
54 2
122 16
139 144
58 87
70 14
159 170
136 166
48 82
82 12
94 4
22 97
116 168
73 88
171 191
25 89
175 4
28 18
37 10
131 6
77 14
78 171
62 14
58 1
146 151
158 16
151 10
177 1
72 160
114 156
156 3
192 6
81 178
106 10
40 9
45 91
85 111
164 4
141 9
135 12
25 31
0 5
115 179
134 1
105 17
45 76
13 18
156 13
177 188
59 147
89 135
7 9
127 8
166 6
163 13
86 6
97 147
180 187
169 18
181 196
99 17
113 14
27 19
56 8
95 178
115 11
87 5
68 110
141 18
170 186
23 0
52 122
46 165
110 14
23 177
24 7
36 109
108 2
174 6
27 189
57 189
14 19
106 164
50 63
53 185
8 9
95 2
156 169
117 16
162 19
55 19
92 135
34 11
144 15
155 16
68 71
151 4
51 5
89 18
106 138
47 127
41 86
49 3
142 171
108 12
175 192
81 7
58 155
127 18
161 185
53 70
54 59
2 17
88 9
101 119
90 18
20 65
190 191
180 188
170 6
96 139
114 16
148 177
89 147
42 136
51 69
83 133
102 12
30 0
61 155
148 1
87 176
103 9
73 128
47 133
58 11
38 19
134 17
162 9
6 14
165 14
124 126
177 9
69 123
101 4
23 60
83 3
90 2
188 12
28 98
75 135
98 179
61 72
128 18
50 88
106 125
141 1
141 192
11 14
40 128
167 174
190 8
186 19
24 19
188 13
94 1
60 11
58 97
42 188
89 149
117 0
101 183
39 157
115 145
195 17
102 11
82 10
149 152
30 159
70 17
84 86
118 172
151 9
3 18
109 113
29 156
24 37
162 5
190 197
109 139
38 143
71 102
115 121
169 195
190 7
94 115
55 133
172 0
97 19
11 13
80 181
77 181
131 18
132 9
134 137
187 7
86 187
33 47
43 71
182 5
127 178
111 4
178 6
183 13
149 163
25 80
159 9
176 192
41 68
27 87
167 188
115 17
91 8
114 0
58 104
74 15
140 146
135 147
151 3
44 7
44 0
160 6
68 9
173 16
78 1
16 17
41 123
93 6
57 0
24 172
112 113
98 156
39 169
73 3
134 2
64 69
171 11
41 11
142 157
89 8
145 169
107 0
83 7
186 8
4 5
190 18
146 15
98 1
76 122
55 109
74 3
3 15
142 16
86 1
114 162
139 193
55 5
70 5
88 18
100 183
44 2
22 197
3 9
167 15
109 144
66 106
114 183
135 192
100 122
71 84
147 2
68 140
199 17
10 19
57 9
139 3
63 14
21 13
54 8
59 103
132 151
137 185
64 15
79 2
29 13
27 85
126 165
163 173
124 175
92 19
38 7
28 44
74 11
124 7
104 15
38 105
87 12
63 174
175 15
115 147
22 11
116 196
54 185
46 116
11 18
110 189
163 2
107 195
192 12
123 8
20 80
75 6
103 107
125 14
23 113
171 15
100 7
81 4
12 14
33 12
52 116
84 6
186 199
83 199
143 177
100 8
134 156
90 5
49 8
30 110
105 182
131 177
191 19
146 164
199 19
73 94
32 164
163 19
21 178
13 19
44 61
129 179
60 15
187 16
39 122
120 17
1 10
83 11
55 3
132 139
37 46
86 95
108 1
145 17
175 176
6 9
44 4
88 14
101 108
68 99
113 177
157 184
173 6
94 161
63 77
120 11
107 167
59 3
115 4
161 17
99 13
24 182
189 10
1 13
133 0
75 1
87 15
45 131
13 14
105 151
97 138
66 9
72 185
189 15
31 4
59 9
25 0
134 12
43 198
90 125
168 7
171 1
118 19
184 9
7 17
62 82
57 19
62 12
70 136
20 81
179 16
45 5
3 4
102 133
69 10
74 109
63 15
59 67
38 138
156 191
124 167
124 2
117 14
155 17
162 0
119 145
70 10
67 117
154 0
5 17
97 188
51 14
55 196
116 1
180 4
87 19
122 152
27 108
41 5
101 160
65 120
137 15
164 172
34 168
58 19
55 10
69 73
102 8
47 67
172 15
79 10
137 7
60 194
170 0
33 162
26 2
196 17
65 18
68 83
179 195
136 168
75 112
194 16
51 77
119 5
56 13
132 2
148 3
159 19
129 11
27 4
58 17
134 9
128 192
147 7
76 169
167 170
108 148
42 14
131 133
44 6
185 5
87 17
96 171
1 2
82 97
128 12
117 12
4 16
35 143
104 14
144 146
28 137
53 88
69 15
58 161
13 15
45 114
60 2
81 11
66 8
61 96
5 10
126 155
138 14
15 17
138 4
109 19
27 73
120 142
20 11
31 18
39 12
186 16
173 192
143 188
58 127
65 164
32 4
102 6
133 157
32 171
103 175
57 16
102 16
9 17
68 15
148 9
44 9
6 17
157 167
168 2
190 9
9 15
182 6
82 189
183 11
44 13
95 4
32 10
84 192
134 7
80 194
152 183
74 1
97 161
30 148
33 8
31 97
106 120
178 18
34 101
138 176
90 162
55 74
107 170
142 4
68 173
166 1
6 13
92 12
26 140
155 1
192 8
39 133
54 83
40 10
52 5
106 2
46 14
193 5
57 15
122 149
44 15
80 12
6 16
164 3
112 174
41 78
142 165
72 11
187 13
180 17
31 6
79 146
77 93
179 19
35 183
47 122
55 92
58 61
37 162
27 45
93 0
30 164
24 2
175 18
35 16
100 123
74 179
79 100
130 11
53 11
80 5
95 18
86 124
133 4
153 9
74 9
22 80
166 197
22 47
5 8
24 6
80 91
31 61
4 12
55 85
112 178
172 3
20 66
77 5
41 42
95 170
54 75
64 141
186 13
139 7
117 196
134 19
96 114
135 19
35 40
41 144
119 129
169 7
9 13
22 18
142 194
65 19
48 11
96 121
24 194
185 11
1 16
36 59
43 8
20 46
157 12
101 15
157 162
199 9
188 1
121 11
134 198
31 90
74 107
87 174
64 183
186 198
63 103
48 19
37 154
103 109
199 16
91 16
30 80
38 2
68 182
101 161
55 6
169 174
29 19
113 183
96 154
190 6
47 197
29 71
126 0
55 89
88 6
87 173
110 11
107 115
160 5
181 6
45 12
107 144
101 17
83 127
103 17
142 2
90 11
129 7
33 183
33 145
65 186
46 136
101 2
79 129
166 17
29 2
29 107
63 186
66 12
159 0
45 17
26 1
57 80
132 177
164 189
161 10
86 4
64 147
54 4
33 15
60 104
186 7
78 18
195 7
56 9
85 16
74 92
180 8
117 4
81 139
108 155
60 83
59 4
193 3
97 8
73 115
101 143
78 175
52 115
109 160
138 171
137 12
83 1
24 16
35 108
33 13
168 6
41 59
63 91
125 152
70 8
117 131
139 0
114 4
48 186
51 129
0 3
20 119
149 15
127 181
97 14
164 175
43 132
35 75
171 6
39 135
45 0
48 167
89 102
21 152
22 159
118 6
40 11
152 192
75 18
22 171
117 18
22 147
82 199
83 139
124 170
112 191
58 116
26 35
42 151
84 168
98 194
62 75
39 184
35 146
36 3
65 172
52 8
39 15
36 79
31 8
27 11
5 9
48 149
133 13
93 194
194 7
90 93
60 147
61 6
157 13
157 4
57 106
141 184
54 98
45 70
121 12
173 193
60 91
78 105
159 15
68 3
43 70
155 4
141 190
89 134
64 73
22 19
6 10
147 15
37 134
66 17
7 11
109 110
187 12
115 129
112 6
104 144
43 6
112 8
180 19
72 102
87 129
154 19
125 7
101 18
164 8
65 7
55 112
22 10
14 18
87 2
151 161
60 178
100 155
184 19
29 114
2 14
56 6
43 3
106 153
155 13
122 156
25 53
29 79
142 19
2 9
195 0
0 6
59 17
80 172
105 170
126 1
101 128
196 12
130 16
168 10
159 1
28 159
117 150
82 11
166 190
131 5
22 14
51 137
129 5
172 13
145 9
178 12
108 11
190 19
81 2
75 191
185 197
116 189
156 1
194 11
121 13
52 15
141 197
116 148
35 157
140 160
194 12
49 79
31 124
56 195
25 137
95 187
21 171
190 4
96 103
181 195
29 61
73 4
111 127
18 19
132 1
117 6
161 186
123 140
45 81
76 19
49 116
150 167
136 17
40 4
80 143
97 158
105 14
104 4
21 12
73 16
26 8
73 5
84 7
71 19
141 196
167 168
190 14
2 4
155 12
99 19
128 136
60 17
118 134
34 12
165 7
28 148
72 73
57 58
52 141
67 147
122 146
117 169
32 176
164 180
116 12
24 96
75 77
29 127
4 9
20 145
67 5
163 195
118 150
65 81
166 13
58 158
183 6
24 135
8 10
73 19
195 9
87 6
38 1
90 8
95 8
55 1
196 18
2 18
15 18
31 113
85 176
26 126
0 2
14 17
111 10
75 137
89 157
145 187
83 6
79 12
122 0
98 12
40 108
77 19
75 14
161 18
141 193
31 14
52 16
125 168
137 181
42 16
92 3
43 19
20 150
44 90
50 6
115 199
158 19
28 193
110 145
97 155
22 71
55 107
102 19
195 3
0 4
146 158
179 8
85 4
1 8
73 11
54 125
170 8
141 2
38 58
159 179
68 100
44 55
130 5
96 6
74 124
102 169
72 10
140 195
65 128
154 177
42 1
69 197
24 0
26 15
108 171
74 165
130 164
29 164
186 18
104 111
81 127
102 136
118 166
71 13
27 15
113 187
129 16
64 185
104 161
84 17
34 130
195 19
58 117
27 107
140 159
54 163
99 169
100 138
144 171
136 16
50 197
111 14
108 8
146 179
52 149
94 141
123 14
170 177
38 185
83 160
125 6
159 16
151 19
121 4
71 126
191 7
130 169
63 179
173 176
43 2
54 94
150 5
28 91
74 80
155 3
156 164
50 16
76 18
88 143
0 14
87 118
89 193
110 10
34 1
9 14
170 12
115 124
38 10
47 0
47 182
173 12
153 19
20 128
51 76
44 191
31 167
88 108
44 89
178 11
76 1
30 190
20 104
62 2
122 143
110 185
185 2
134 150
36 180
0 11
0 18
137 170
28 42
44 157
33 0
32 38
139 8
21 77
110 3
33 43
66 190
84 100
127 3
88 119
76 17
36 107
117 183
187 18
114 186
149 168
161 11
46 169
148 168
48 105
182 18
45 4
84 137
114 127
155 188
51 7
67 70
61 1
39 18
48 16
189 12
55 14
53 155
25 123
96 15
106 114
66 129
97 5
136 7
11 12
155 0
24 73
63 141
69 4
196 15
162 15
4 19
28 45
130 17
185 12
1 4
134 183
98 113
20 149
90 10
98 176
35 3
172 176
77 183
56 65
50 8
199 1
71 175
71 111
151 178
98 4
193 16
46 73
141 0
156 19
51 113
22 55
157 166
149 7
165 11
122 9
63 11
100 170
53 143
191 0
115 15
73 9
39 141
155 2
175 177
13 17
28 80
136 180
70 164
132 5
51 62
58 107
98 174
128 8
184 17
103 3
111 1
47 7
104 167
69 0
158 1
7 19
22 59
173 4
77 13
193 8
0 16
60 7
27 65
171 9
117 2
69 2
23 8
37 155
74 120
95 10
166 19
78 80
104 3
178 15
47 109
70 155
170 9
45 6
54 10
93 126
68 144
98 197
117 9
79 156
123 135
158 6
23 123
23 128
113 12
162 13
128 7
155 19
31 118
145 11
155 185
54 99
90 1
100 193
189 13
41 8
146 191
41 80
128 137
197 2
163 11
33 54
134 164
170 185
62 3
86 89
29 144
42 121
68 109
90 120
158 171
137 165
181 187
125 172
130 14
56 181
23 134
130 166
50 1
53 135
143 4
54 129
29 38
103 11
120 1
168 169
36 196
47 149
117 5
35 6
128 9
137 3
88 141
162 184
29 12
108 16
56 57
61 97
120 12
139 17
35 14
183 14
73 194
25 4
12 16
127 175
54 57
59 139
158 17
40 155
129 19
61 91
173 14
52 14
37 118
22 110
49 110
84 15
94 185
57 10
99 135
50 140
138 173
85 1
37 16
30 13
42 157
60 111
167 7
161 196
38 4
81 189
11 16
50 11
58 81
98 0
181 7
174 0
44 140
139 189
22 8
64 170
159 3
42 58
113 194
60 19
95 15
144 168
22 25
115 3
60 117
29 1
40 82
60 132
40 3
26 9
113 129
163 12
150 1
40 156
170 3
73 1
36 108
37 0
37 117
191 18
127 1
34 9
161 6
88 8
109 14
170 183
85 124
34 93
27 5
96 129
76 100
134 13
35 17
120 16
153 155
191 192
60 103
173 17
25 13
30 154
33 139
46 81
86 87
115 168
81 14
44 184
157 6
130 10
183 196
0 8
143 173
177 6
77 118
22 4
12 19
28 86
190 2
28 9
124 9
121 9
66 16
187 17
69 11
40 168
21 6
44 174
85 87
93 13
24 35
47 135
140 13
1 15
47 126
95 154
37 51
37 72
90 196
110 6
24 97
125 164
85 105
44 78
40 7
191 6
148 6
50 120
24 79
166 5
63 165
10 17
71 10
87 9
23 138
93 101
123 1
63 162
47 108
92 121
124 198
108 183
27 55
127 161
29 161
56 5
38 43
159 10
70 101
132 143
120 154
154 11
62 13
152 160
90 6
151 0
92 9
198 13
149 8
52 73
76 108
52 17
121 17
65 0
43 75
39 10
46 126
28 5
62 122
5 7
21 132
112 1
171 7
53 3
184 16
146 8
75 17
151 12
100 160
154 8
46 0
45 10
175 5
90 158
156 18
140 199
21 176
69 175
42 5
28 199
143 10
63 5
154 1
83 19
180 2
35 185
27 13
115 19
141 183
93 99
125 16
74 79
69 17
161 13
79 7
66 2
27 109
27 136
43 122
2 8
194 17
65 76
31 187
118 4
115 125
138 7
166 11
140 162
97 13
96 181
76 183
121 180
106 8
150 192
84 185
147 149
148 2
15 16
62 159
55 125
40 134
47 115
51 54
72 123
20 17
81 155
1 14
191 2
126 131
153 191
129 1
194 198
61 2
113 9
117 17
159 180
91 13
103 149
132 10
27 102
5 11
154 161
195 8
9 11
58 72
39 8
54 17
106 15
114 121
156 10
117 15
168 183
2 15
5 12
107 7
116 140
125 12
30 179
57 168
44 73
117 8
53 65
25 11
31 143
27 106
88 183
167 11
35 132
64 105
26 88
45 153
108 124
164 186
85 185
25 16
45 188
177 2
56 15
109 120
55 11
78 127
79 159
101 16
155 10
22 17
38 6
22 2
167 16
174 16
138 145
144 159
34 131
159 162
90 98
91 95
4 15
113 146
62 104
17 19
65 127
130 191
35 181
2 5
181 192
172 10
62 158
124 19
40 6
39 164
102 10
49 66
144 11
34 6
118 141
168 171
143 3
90 15
102 183
116 10
61 144
98 133
122 173
85 5
65 130
3 17
111 173
28 99
124 13
64 8
60 141
38 11
1 18
46 115
140 3
102 3
24 55
82 13
123 159
70 142
48 159
38 191
60 107
100 10
129 184
52 3
52 92
99 161
59 81
99 138
68 1
69 3
104 13
114 12
77 3
39 19
135 6
81 110
102 109
101 14
46 6
37 1
168 9
86 5
36 64
153 7
115 7
31 89
161 8
78 184
123 164
131 10
110 153
69 6
121 191
152 170
131 3
178 2
63 109
76 171
121 7
136 4
30 144
52 183
52 157
168 4
9 16
81 128
107 118
88 180
91 7
23 45
101 3
119 19
145 194
136 146
22 199
197 199
105 7
114 168
192 7
116 7
56 90
137 18
199 10
35 94
138 2
134 168
106 131
80 105
27 10
73 187
67 148
23 153
163 185
53 172
22 7
73 126
141 17
94 13
102 185
61 18
32 109
49 4
28 194
77 116
59 172
144 16
188 194
53 69
8 17
55 124
111 169
32 18
72 88
166 18
83 110
128 6
152 2
89 190
153 11
74 117
112 179
31 196
107 10
54 16
81 90
77 115
106 9
51 19
98 17
48 18
21 112
132 7
124 151
26 111
93 17
51 188
31 58
179 1
49 148
48 12
168 14
139 174
167 195
43 18
28 105
24 178
56 0
61 173
101 9
185 4
93 94
154 12
45 124
131 141
24 164
2 16
40 95
56 14
175 11
118 15
38 104
11 17
180 181
61 120
28 186
72 95
60 101
114 145
125 183
164 16
127 17
64 151
89 7
14 15
179 17
138 8
119 2
86 150
98 139
142 9
94 166
104 121
76 7
159 7
108 13
33 14
168 178
160 15
28 13
102 164
80 157
26 11
49 11
81 18
103 127
7 8
172 14
113 11
114 15
42 65
115 5
172 5
45 1
20 38
65 6
152 172
84 0
162 2
157 7
34 137
50 107
65 11
148 18
75 140
102 5
35 51
96 155
152 18
48 75
35 12
24 66
69 171
163 4
105 9
113 2
76 164
121 0
1 7
185 6
9 18
4 13
107 12
82 171
89 167
98 162
36 10
8 11
113 13
46 12
110 117
49 123
84 11
79 17
106 3
32 11
169 0
72 4
198 15
65 5
180 15
41 0
115 14
63 3
7 12
186 0
2 12
65 194
44 10
80 16
130 179
108 4
143 2
53 147
67 11
148 199
119 4
173 3
113 148
80 151
103 112
168 170
92 126
21 140
172 182
62 5
42 4
135 11
92 2
73 18
11 15
132 15
136 156
88 139
176 198
157 11
97 0
32 178
43 14
197 8
165 1
167 10
1 6
116 19
121 2
169 13
32 134
173 19
127 167
100 115
24 109
136 0
69 9
24 152
107 161
111 114
113 10
119 162
153 5
80 117
46 19
55 9
90 0
27 8
138 9
23 10
34 111
39 155
158 3
54 5
182 15
40 13
80 190
103 164
48 1
94 9
166 8
149 2
26 0
44 104
108 193
69 149
101 197
60 14
170 19
69 100
96 1
33 78
54 12
66 7
46 120
106 16
57 7
0 15
198 7
94 15
104 19
138 13
144 3
42 18
80 127
58 140
8 19
97 197
169 5
120 156
131 184
115 154
43 159
46 64
130 185
140 18
0 17
5 18
47 71
105 152
4 6
137 151
37 2
102 4
133 19
96 115
97 9
92 119
119 141
38 139
98 104
103 7
127 189
52 6
48 191
28 30
165 194
28 10
57 181
142 190
194 13
24 11
35 174
8 18
39 124
97 137
30 157
91 107
174 183
23 6
111 186
135 1
49 169
108 6
104 12
42 13
49 12
91 149
49 76
151 15
25 42
53 100
26 175
75 8
50 192
33 125
59 19
33 87
103 18
122 18
103 191
168 3
67 7
92 175
66 4
89 2
152 17
151 17
85 0
119 168
22 193
86 17
49 157
87 196
168 1
140 198
119 16
166 0
73 163
186 194
110 179
88 92
80 2
113 0
61 8
1 19
112 17
186 11
83 0
44 147
98 5
103 189
137 4
63 108
108 14
78 2
129 3
87 124
90 150
72 7
83 103
74 178
124 8
36 15
125 4
80 187
106 12
74 147
27 186
43 7
89 6
36 6
87 133
26 192
87 18
75 155
23 52
114 5
100 16
120 166
48 80
114 159
31 5
127 183
64 112
74 189
28 39
46 3
21 74
63 124
130 160
169 8
5 15
89 172
75 136
28 74
100 19
149 6
53 17
24 3
131 134
187 19
164 14
157 168
73 106
197 18
72 2
32 139
146 169
183 193
78 13
44 45
104 114
25 73
98 18
126 186
116 4
121 145
96 106
177 15
67 3
174 9
118 14
104 134
74 17
59 193
150 190
74 114
28 48
145 12
1 12
166 2
139 166
170 14
179 11
94 130
6 12
31 2
78 9
44 189
90 131
139 145
94 101
65 1
170 17
133 5
155 14
109 148
68 12
195 10
32 87
111 13
62 72
32 120
27 155
10 18
120 15
24 18
62 102
50 4
26 69
141 155
124 176
163 189
30 76
72 0
70 71
196 10
99 4
129 165
180 6
179 9
45 84
149 14
94 144
86 158
34 0
81 197
84 19
3 11
165 17
103 13
1 17
155 8
160 172
114 14
7 10
60 127
90 164
35 9
178 197
74 18
124 156
57 3
3 10
80 8
71 6
139 191
142 14
4 18
40 12
35 7
48 139
20 146
126 10
114 189
158 5
197 5
111 130
176 11
49 112
159 13
39 176
38 126
133 6
37 121
67 19
124 169
70 127
25 150
72 77
134 6
158 7
195 12
191 4
188 11
86 15
100 188
86 125
152 1
68 10
94 0
110 4
72 16
43 170
74 82
70 106
142 160
25 94
32 110
99 146
116 198
169 4
172 190
69 91
82 191
148 178
56 17
109 154
123 6
23 194
91 129
75 157
158 10
131 145
181 8
121 135
146 16
2 7
61 7
124 193
80 17
37 18
89 115
116 13
118 11
103 5
83 5
177 0
42 17
149 9
109 4
20 121
142 0
163 3
138 157
183 19
132 3
42 110
107 154
67 1
100 9
188 18
87 172
149 0
160 14
32 141
160 162
34 193
142 179
121 186
58 152
11 19
97 176
153 189
9 12
49 10
192 195
37 82
33 67
38 13
99 179
20 16
47 6
36 17
10 14
51 177
162 16
51 0
132 19
144 2
188 2
37 71
178 19
175 17
104 11
38 51
63 10
72 1
62 157
55 7
58 12
96 2
12 15
53 156
169 184
143 19
113 120
132 12
25 6
164 5
74 4
52 162
67 88
99 7
141 3
157 15
152 14
22 26
103 152
33 6
39 73
131 7
192 18
29 3
30 163
113 153
97 179
77 7
70 16
20 3
112 15
199 8
38 115
118 130
22 174
32 102
79 166
145 149
53 167
92 144
113 16
128 10
181 10
50 74
62 16
74 7
100 141
29 44
32 99
184 12
152 154
55 96
20 2
88 111
36 11
149 18
41 48
145 1
82 198
83 176
33 48
53 6
151 5
170 4
180 5
90 190
56 12
140 15
34 136
95 110
56 68
12 13
71 148
79 109
40 150
109 13
21 0
196 0
6 8
61 92
143 14
128 15
2 19
118 12
179 3
69 139
165 5
109 11
67 13
33 171
122 11
151 7
62 127
7 14
95 96
141 4
180 1
20 9
50 70
1 3
153 194
3 6
143 11
45 11
77 11
75 130
89 165
65 9
159 17
156 7
75 170
197 6
78 10
60 167
156 178
65 16
185 19
143 6
132 182
111 2
148 4
110 12
105 19
69 82
95 1
140 193
67 15
101 12
6 15
103 165
116 15
41 1
77 2
127 7
170 10
121 14
158 164
196 11
71 125
97 146
80 7
189 19
69 160
161 3
8 12
120 130
86 162
38 128
23 3
58 13
187 8
94 103
105 162
90 17
179 18
10 11
122 7
87 178
21 19
157 2
67 174
67 69
35 11
118 119
75 165
25 8
161 178
83 180
3 19
24 128
35 10
192 16
30 195
124 10
62 177
48 117
119 3
30 199
87 177
75 105
77 143
71 165
22 9
118 132
95 147
45 104
25 1
41 96
71 5
128 4
78 17
46 127
82 7
89 0
127 14
109 111
176 7
84 1
20 87
53 1
51 73
29 154
117 3
122 1
88 131
189 14
113 169
168 174
146 162
55 4
6 11
128 14
113 193
24 5
172 8
106 151
28 2
16 18
116 142
106 159
177 19
189 18
31 184
66 194
89 3
198 5
145 173
164 1
79 94
37 157
119 6
173 0
39 13
55 80
150 6
162 178
63 76
71 171
136 1
97 139
73 7
20 88
76 2
0 13
28 12
50 100
62 15
78 4
159 160
31 92
165 4
117 164
64 7
147 172
37 8
38 56
62 156
174 1
28 3
28 19
52 80
1 11
150 10
194 8
117 175
60 125
167 6
140 5
83 126
88 182
125 141
27 0
31 77
71 142
32 5
97 1
32 146
51 133
72 79
154 13
57 13
28 65
41 155
163 1
144 13
41 139
90 127
176 19
35 2
151 155
46 2
26 146
130 184
72 132
119 127
21 17
119 11
133 3
56 116
44 94
167 14
118 198
44 142
91 9
160 3
142 17
87 193
50 68
100 126
132 18
23 181
26 141
163 17
105 179
83 14
122 10
29 15
136 152
193 10
149 12
198 9
85 9
23 9
8 16
150 193
71 76
49 14
72 142
171 8
112 14
142 11
148 19
27 105
21 187
191 1
43 10
107 2
128 1
93 106
196 3
57 2
45 180
85 7
25 153
99 16
39 5
30 104
195 15
106 111
168 11
37 124
138 168
58 121
158 9
133 169
53 159
53 166
31 108
73 140
94 123
184 13
174 7
73 2
112 7
110 151
54 1
4 10
5 14
58 7
90 102
147 157
127 192
86 12
51 11
64 123
52 172
43 143
197 4
33 96
137 13
57 156
29 0
102 13
63 19
22 101
46 10
67 112
98 3
21 5
7 16
90 16
177 195
94 135
178 16
39 185
71 151
81 8
67 105
3 16
66 183
174 14
10 13
66 3
137 14
98 187
197 19
158 8
75 4
136 15
137 143
49 5
136 12
108 177
58 173
126 164
54 103
54 193
50 160
12 17
51 10
68 13
115 187
64 6
41 118
3 14
30 15
4 17
85 155
193 0
173 7
185 10
171 14
41 7
79 19
72 136
195 16
82 167
121 150
64 2
6 18
179 188
143 199
27 111
12 18
62 105
152 10
175 6
123 5
37 3
46 171
101 5
35 103
139 167
78 5
47 62
103 8
186 15
10 15
23 80
93 1
67 166
87 114
140 12
116 160
92 4
138 155
39 195
82 121
74 195
151 8
157 0
62 77
63 17
10 16
133 160
54 127
113 137
82 15
72 183
44 48
170 195
26 106
95 158
68 192
172 2
127 13
130 7
50 180
96 12
105 6
28 153
45 53
156 14
83 2
194 6
189 198
27 14
132 14
81 12
124 12
35 105
159 163
70 4
54 88
73 114
21 4
159 5
144 18
4 11
68 194
146 149
53 0
191 5
46 11
112 133
70 18
3 7
69 92
83 9
62 17
170 176
144 4
94 16
108 154
78 8
24 147
146 159
55 2
175 7
66 168
48 13
68 5
109 142
69 14
114 170
86 11
45 77
22 1
117 152
31 138
92 11
148 11
56 86
170 192
129 8
90 185
87 140
0 9
153 4
146 9
143 16
41 93
113 19
61 123
52 19
5 13
51 86
174 5
21 148
167 2
75 0
85 11
82 188
50 128
87 13
121 18
37 102
35 69
194 2
157 16
30 112
122 177
94 159
73 169
150 7
90 13
30 3
32 12
187 196
44 99
129 13
58 143
42 55
149 4
98 171
110 114
92 7
84 10
81 6
42 19
20 12
145 6
21 7
66 185
37 130
64 4
131 9
40 42
65 197
82 9
34 66
123 10
38 17
139 13
42 78
97 4
118 176
165 183
65 2
45 15
105 173
48 102
2 13
26 139
66 18
36 94
47 134
39 127
53 116
60 173
91 14
124 17
54 60
41 196
176 18
36 83
62 175
163 184
90 14
31 67
95 166
47 175
76 79
97 111
138 141
41 137
41 154
44 1
20 198
123 143
150 11
174 17
89 166
87 131
63 166
44 190
2 3
62 101
126 18
79 14
124 125
76 123
73 131
74 16
97 12
59 128
43 188
66 182
54 114
73 145
121 5
150 0
124 11
121 195
3 8
70 182
44 150
125 19
164 12
98 166
97 169
70 108
65 82
27 2
62 132
22 194
160 187
121 6
189 6
128 140
36 120
79 160
31 137
90 159
198 19
189 11
89 99
99 0
