144 13
51 11
186 13
61 9
133 3
126 18
81 0
185 17
30 103
45 15
81 159
122 5
32 174
88 7
98 7
27 16
26 159
109 162
42 199
175 3
97 176
6 9
32 157
101 164
86 169
86 18
60 83
123 8
101 107
67 14
42 192
55 75
71 16
63 65
22 7
119 16
151 191
129 190
71 2
117 19
152 158
189 197
149 190
80 4
60 14
32 178
177 11
74 187
17 18
65 9
149 9
110 0
99 16
106 14
44 177
162 11
182 13
60 149
33 0
173 13
181 191
181 4
138 16
38 149
135 3
98 0
178 1
195 3
104 4
81 181
100 16
40 105
75 107
4 17
171 11
181 2
106 17
98 131
46 0
27 53
10 13
180 2
142 149
110 151
35 6
46 15
197 4
152 176
62 8
63 1
152 16
176 5
166 182
167 2
39 86
151 2
106 181
37 3
5 15
91 124
74 112
86 12
23 53
33 115
57 4
3 13
94 6
199 13
28 88
24 18
167 12
189 5
158 160
185 4
109 11
110 18
68 176
79 13
139 15
26 96
103 9
116 127
50 179
100 7
0 14
100 197
48 0
33 143
110 184
27 138
44 17
85 5
93 9
92 96
84 12
130 7
105 156
86 19
109 174
147 18
153 192
110 10
33 6
143 13
76 162
113 165
73 190
62 18
106 139
52 140
74 9
10 14
41 1
80 186
115 15
102 107
110 181
49 128
199 17
178 13
160 8
63 141
157 0
20 165
175 14
40 169
84 18
155 163
74 2
87 99
41 15
134 189
65 71
70 13
57 74
191 6
20 11
129 8
166 199
60 66
111 19
6 16
185 8
88 177
194 199
157 184
103 2
20 105
102 11
179 0
121 6
99 195
36 6
52 162
144 9
55 61
134 18
185 2
68 199
2 5
48 75
74 103
21 113
109 18
104 166
58 66
85 146
154 6
21 177
65 115
68 161
171 177
133 8
173 1
88 109
127 0
38 12
51 95
115 148
152 18
164 169
95 158
117 5
75 133
66 12
127 18
1 13
182 7
172 16
102 170
31 12
83 102
72 178
118 19
185 7
39 123
75 10
99 133
127 136
80 115
88 2
58 0
112 1
45 12
112 131
75 93
3 15
81 131
75 144
170 0
31 6
140 17
125 19
31 125
49 0
190 14
142 11
26 179
10 12
102 2
48 6
83 8
171 17
184 14
41 10
41 91
170 1
82 14
85 3
111 15
42 170
187 8
141 0
20 35
117 14
132 167
56 14
40 192
90 8
31 2
52 185
158 167
146 15
154 4
25 118
155 17
137 14
71 18
116 119
67 125
129 161
141 177
124 5
35 139
174 194
25 192
75 150
145 17
72 87
192 15
150 14
45 67
20 51
124 9
161 0
51 172
146 5
50 6
111 18
88 4
48 63
117 13
92 6
73 177
2 14
26 19
147 17
99 0
99 156
58 8
153 13
69 3
49 102
52 100
128 174
47 14
48 52
134 5
25 117
97 4
37 170
96 150
172 5
0 17
121 140
88 133
91 17
143 1
76 197
32 182
173 194
70 4
40 13
68 72
20 14
72 79
91 178
156 8
48 144
32 150
57 1
66 70
132 141
9 10
21 11
82 143
131 160
36 142
13 14
68 14
169 18
88 128
71 19
125 182
120 139
51 128
188 193
84 109
47 145
130 138
108 176
45 77
173 4
31 96
77 1
62 187
31 34
119 10
20 88
23 119
75 165
108 121
48 17
20 58
111 122
58 16
29 4
154 3
101 131
117 0
37 72
61 4
22 176
96 8
131 11
116 18
125 9
23 16
95 4
102 147
121 4
114 2
159 0
96 193
107 14
92 14
121 159
26 12
169 5
85 136
22 151
39 175
173 11
180 189
21 4
43 65
75 15
129 168
177 13
132 145
57 70
62 90
80 123
122 165
24 44
184 12
46 187
39 14
46 179
127 190
160 181
37 160
81 8
31 41
21 154
194 16
117 1
49 78
68 18
26 13
0 7
50 83
59 132
47 61
154 13
155 159
119 19
47 4
140 18
181 18
98 193
35 16
79 15
93 13
147 2
97 162
131 7
113 183
90 93
67 108
8 14
55 157
128 6
36 182
121 139
199 0
89 19
93 126
115 18
84 150
86 10
103 168
102 5
22 161
199 15
99 178
74 165
4 18
134 17
49 100
68 12
82 0
81 16
106 13
119 6
193 0
102 171
21 119
94 170
61 191
148 12
74 148
69 102
87 10
60 124
38 60
148 5
149 192
51 18
164 4
163 19
45 62
120 5
98 152
61 79
144 17
118 133
165 198
159 17
112 7
22 52
116 146
87 157
112 16
135 12
149 165
163 198
106 6
50 84
199 1
29 2
102 153
83 5
37 1
162 175
43 115
50 89
98 187
26 6
37 95
142 9
42 10
87 11
47 12
116 17
161 3
172 0
20 125
39 138
162 12
64 183
128 141
1 4
171 12
119 120
71 103
27 3
146 13
187 18
67 110
158 10
83 0
107 116
122 154
143 15
35 43
112 125
63 9
163 0
116 15
84 11
23 72
61 6
180 19
78 16
139 196
129 144
39 40
93 15
162 165
101 19
122 155
142 158
148 15
138 15
146 4
136 142
84 143
52 144
133 174
181 0
27 142
9 18
160 7
22 134
197 16
66 9
79 159
108 189
181 182
49 58
121 19
125 6
50 164
44 93
181 12
61 192
29 5
150 9
41 46
2 16
85 184
75 2
34 98
120 18
77 155
24 157
160 183
112 8
82 16
128 137
152 13
51 140
144 12
144 167
39 87
185 15
53 1
23 10
92 163
33 2
51 9
156 161
126 149
55 171
34 116
49 152
141 4
25 166
26 4
111 197
49 13
74 143
34 53
54 110
27 52
47 15
139 8
144 14
104 111
22 4
77 6
145 12
33 47
190 17
124 147
52 95
57 8
137 12
94 148
144 10
87 1
57 63
43 55
53 18
36 51
156 14
113 13
101 158
74 6
32 2
100 111
34 9
58 165
116 199
101 10
54 5
162 14
180 16
80 7
143 8
32 43
40 44
142 1
72 13
81 198
173 15
177 15
9 13
73 127
12 18
163 9
198 7
35 97
178 2
130 18
75 13
174 7
77 119
118 17
4 12
176 9
49 108
114 195
69 9
91 150
136 12
21 37
32 92
63 145
192 193
135 9
54 69
65 12
33 186
45 165
139 4
157 177
91 144
136 141
12 15
101 178
50 173
54 94
149 10
184 2
3 5
89 177
86 14
72 120
138 13
29 130
48 182
94 7
59 9
127 148
122 4
2 15
127 19
131 170
125 8
198 10
131 15
49 194
159 191
70 96
31 198
121 9
75 7
164 3
53 84
107 194
72 2
81 11
129 146
152 193
10 16
85 11
55 140
133 177
196 1
135 149
21 12
80 146
146 184
31 90
91 118
189 198
146 9
75 123
82 12
109 138
174 6
156 11
129 3
142 17
138 196
23 50
50 8
194 9
75 4
42 9
85 8
199 7
176 190
120 0
80 16
113 151
40 173
142 181
102 135
50 15
55 112
119 144
162 17
81 19
2 7
174 199
180 9
101 122
62 63
101 15
27 12
103 199
23 12
55 6
65 19
82 195
46 16
60 188
40 167
56 136
73 121
34 10
184 15
132 18
81 2
158 11
75 182
102 8
90 10
48 11
60 78
43 186
136 3
34 18
83 140
4 6
132 15
199 3
128 15
169 9
60 1
191 9
153 10
41 189
31 51
36 0
6 11
114 174
172 7
14 18
127 17
119 128
94 115
98 10
22 80
25 142
194 0
64 87
30 173
48 74
106 16
67 172
26 8
21 191
28 159
31 18
151 12
58 100
126 12
111 11
172 6
84 89
63 17
148 3
129 188
57 12
159 13
156 13
67 136
187 3
66 16
180 1
144 175
154 8
109 4
157 187
118 13
116 4
54 7
63 2
125 14
31 64
102 0
58 132
96 162
113 4
33 18
47 55
101 192
67 173
21 180
36 45
69 7
113 173
105 3
183 2
90 110
97 134
43 2
98 123
96 7
114 192
77 0
72 1
178 190
120 4
128 7
195 199
180 3
114 19
49 144
50 52
40 181
91 15
104 136
125 180
164 165
50 16
48 139
156 5
47 5
197 19
54 141
20 175
68 4
27 172
22 147
0 3
101 2
69 95
165 1
51 148
143 2
60 17
82 94
49 86
89 116
29 199
27 11
134 7
156 0
157 14
51 193
28 87
83 182
29 161
59 195
159 11
158 17
181 10
170 14
32 175
132 168
71 98
11 13
92 15
62 69
23 0
29 30
144 8
65 3
47 182
41 105
129 162
158 9
65 13
41 19
193 19
48 70
69 6
11 17
139 5
144 15
24 199
50 127
31 101
95 9
26 5
154 17
144 6
42 97
27 4
182 18
161 5
3 12
178 18
24 187
73 144
78 164
181 184
70 12
100 153
165 3
46 10
0 13
110 12
54 89
122 17
116 16
23 14
92 195
31 137
149 18
28 0
54 87
15 16
48 57
104 2
50 86
106 148
160 0
180 4
177 187
21 22
81 13
143 158
172 11
75 110
60 11
61 0
70 175
4 11
149 199
146 162
154 18
140 12
150 173
1 19
196 18
72 16
18 19
34 191
30 41
103 124
14 19
69 2
94 195
160 2
148 14
30 184
68 181
32 194
183 16
108 163
148 157
133 7
174 5
103 139
30 141
22 76
72 3
51 72
22 10
53 172
44 155
126 7
106 2
58 173
8 19
20 28
72 0
129 7
73 138
73 188
9 17
99 145
182 2
42 146
145 187
68 6
26 199
47 190
99 106
48 106
86 17
160 9
197 12
17 19
61 114
24 99
37 197
54 123
67 167
87 159
38 19
156 3
113 8
115 147
90 1
148 171
158 170
120 166
82 135
170 18
6 7
128 156
145 180
96 181
142 169
96 195
75 6
91 1
103 14
41 106
16 19
117 15
86 129
97 129
77 126
95 108
68 78
29 42
21 6
48 184
15 18
42 18
87 188
169 193
70 112
173 0
43 1
24 48
175 185
124 2
173 197
24 19
47 126
78 135
146 12
152 166
124 0
48 128
87 17
25 8
168 188
101 0
104 194
113 16
36 16
196 12
107 6
46 146
51 151
100 170
50 134
55 141
72 183
31 14
74 102
31 69
191 15
132 12
76 2
141 190
9 19
78 14
92 181
24 26
155 157
94 156
191 0
96 103
128 10
157 163
29 194
149 157
85 138
50 92
44 6
171 10
30 172
57 13
31 135
93 14
34 6
30 1
48 8
22 159
79 87
78 148
25 54
68 85
4 15
112 120
188 19
69 199
102 131
30 33
128 1
164 7
168 1
114 191
30 196
104 133
39 4
75 17
30 36
115 160
101 3
95 114
147 7
57 140
118 119
67 146
69 90
63 6
106 7
23 1
119 164
119 146
42 17
168 10
176 8
22 18
117 129
104 150
39 131
106 19
39 18
145 19
20 13
94 171
86 110
45 156
82 119
121 11
135 10
90 5
167 7
78 15
25 12
67 75
49 199
38 11
22 196
62 199
29 114
74 14
61 14
30 43
80 9
6 18
193 10
108 10
117 16
40 133
138 8
129 152
178 11
45 13
41 7
78 9
150 187
77 94
31 4
192 11
3 10
82 4
101 9
191 2
140 1
1 7
184 8
52 19
115 5
148 11
24 78
53 15
77 15
110 11
139 174
96 143
156 12
22 19
47 195
110 128
133 175
43 19
83 187
98 15
20 89
55 153
72 93
54 9
77 190
174 198
27 33
2 13
170 196
115 163
112 5
39 152
25 17
91 8
74 13
24 13
97 13
72 196
26 115
94 160
100 195
129 5
156 17
159 174
26 11
56 154
162 186
62 193
150 19
165 10
21 14
35 109
56 2
148 2
59 149
120 11
73 124
32 3
96 128
61 76
57 2
42 5
47 10
34 0
97 12
20 178
74 104
129 177
114 14
78 188
98 106
187 2
158 14
53 12
121 15
12 14
135 17
20 191
21 19
129 141
38 8
169 2
24 129
158 7
163 8
67 68
93 125
96 168
63 86
63 18
37 173
69 16
58 5
59 17
75 122
4 13
30 152
196 6
9 11
55 14
60 160
63 161
76 96
50 4
102 12
112 121
152 1
105 128
1 15
164 11
0 5
147 10
47 6
103 1
148 10
103 16
48 159
82 102
28 76
43 9
133 167
101 129
6 10
6 12
77 4
171 8
21 193
79 5
178 7
58 148
171 181
25 62
118 177
100 163
149 8
37 68
136 14
179 17
34 1
57 11
150 189
80 85
121 166
76 1
22 9
33 168
98 13
1 8
134 14
90 0
108 199
5 14
69 10
44 172
92 19
87 15
126 194
79 132
21 122
63 125
1 18
58 4
30 190
40 148
55 2
42 0
53 106
42 13
191 18
154 174
80 176
153 7
30 119
127 134
85 18
148 160
151 152
28 12
81 7
31 1
25 7
159 4
73 4
89 2
7 13
74 19
177 4
24 58
158 189
60 73
125 183
162 7
27 34
90 108
28 15
61 123
77 138
80 19
35 17
105 9
89 18
50 166
111 16
52 138
167 15
42 4
7 12
41 47
57 94
167 197
148 4
126 10
63 80
116 154
126 175
106 15
104 10
51 155
39 197
143 18
157 1
160 12
144 160
127 5
51 12
133 4
91 5
163 178
61 11
35 78
92 2
117 145
105 167
33 90
95 179
66 10
186 9
61 82
197 7
27 49
69 88
12 13
164 9
150 13
63 149
24 143
123 2
170 189
110 5
102 18
111 7
98 3
22 47
87 6
72 19
43 187
110 4
63 90
91 175
99 129
191 13
84 152
40 132
85 10
102 145
168 6
175 13
113 162
122 15
63 148
30 18
73 166
178 12
109 178
28 36
78 98
133 192
0 8
81 103
193 14
123 182
63 3
180 7
26 3
96 179
32 69
179 16
132 199
189 0
44 7
32 10
51 74
81 138
95 12
65 1
111 17
69 0
101 16
103 142
88 119
171 0
38 6
38 130
29 16
76 0
53 139
175 12
37 167
79 187
37 100
105 10
51 57
91 11
129 197
81 161
28 79
38 16
178 5
38 78
119 18
70 154
95 8
55 18
39 45
163 6
198 0
27 129
63 181
28 59
34 101
42 113
121 0
112 165
112 6
198 17
159 170
152 169
106 5
21 95
172 12
193 5
11 16
109 6
52 114
185 11
143 4
107 174
55 12
41 85
65 175
65 5
83 158
76 11
37 5
134 145
70 15
72 17
30 17
49 6
3 16
120 3
33 150
61 15
95 143
107 165
50 87
35 3
30 14
91 3
165 183
27 128
25 152
72 139
27 173
147 4
68 177
109 158
102 16
184 4
113 172
127 181
150 4
194 17
80 191
22 90
100 12
179 1
94 109
133 196
43 104
36 197
198 12
75 128
0 18
64 0
149 0
88 3
166 174
107 188
62 116
70 186
145 8
140 5
150 1
1 3
155 7
160 162
152 8
58 186
65 148
64 184
69 12
63 5
29 105
78 134
194 5
31 8
152 183
46 110
55 101
44 77
70 147
77 12
72 7
77 8
49 12
12 16
54 196
127 7
195 1
30 143
197 6
43 173
185 9
78 8
194 2
58 157
183 11
133 5
48 53
21 101
59 4
1 11
36 10
166 18
157 2
101 5
133 153
164 18
65 14
155 0
63 142
51 183
20 40
0 4
69 119
88 149
154 16
172 198
70 166
52 76
37 9
177 3
85 19
107 191
170 12
84 145
103 145
94 144
24 5
100 8
64 11
113 3
66 5
95 138
76 85
21 16
113 186
54 133
177 10
37 18
104 145
42 16
193 7
180 10
73 17
112 17
160 3
134 1
196 14
46 154
58 125
90 194
26 18
9 15
47 124
122 180
85 174
130 10
61 177
136 5
47 88
157 198
58 9
51 70
162 3
181 6
66 17
101 156
120 138
28 112
78 4
35 175
135 14
71 172
69 134
21 47
130 17
28 177
62 6
86 1
170 181
104 175
23 2
77 125
50 7
40 12
100 4
130 9
51 107
79 1
123 174
93 8
85 0
66 71
24 198
9 14
118 154
123 4
53 14
158 198
46 19
70 3
117 18
26 160
165 12
45 71
8 17
65 10
136 193
102 128
138 7
43 97
45 6
27 122
36 107
101 1
32 103
46 111
82 164
119 157
157 15
1 10
25 5
4 8
184 0
70 181
196 16
55 168
189 11
78 1
164 196
98 9
88 157
53 80
115 0
22 63
44 68
38 198
135 15
41 17
138 5
61 8
129 17
90 127
78 81
140 13
152 6
31 177
38 172
121 149
82 19
68 110
166 193
98 183
15 17
37 124
183 192
26 109
166 14
41 98
174 16
10 17
151 5
69 129
136 138
54 178
131 152
49 4
87 181
82 10
144 7
57 149
119 8
56 6
61 13
69 111
0 6
105 186
93 12
97 154
161 8
54 115
99 7
49 66
60 69
1 16
157 12
74 8
153 170
54 154
10 11
157 7
130 15
181 11
69 18
2 9
30 5
136 13
62 129
24 14
116 159
103 11
63 8
11 14
68 126
55 193
114 10
90 9
123 126
156 163
165 7
26 152
36 62
108 150
32 46
97 149
41 5
66 7
46 99
41 18
94 8
8 10
40 141
85 12
97 120
157 180
47 161
50 57
125 155
193 4
68 19
166 6
191 7
127 14
102 173
167 0
64 15
104 137
12 17
177 192
33 34
171 6
79 9
56 68
80 159
192 1
53 9
58 99
41 174
124 138
23 156
135 8
124 149
56 18
105 16
23 164
96 3
126 177
88 18
152 4
35 112
84 184
42 102
46 9
42 111
50 199
66 199
82 9
57 144
181 14
73 111
57 109
175 8
76 194
154 19
158 3
90 140
131 14
4 14
94 96
107 146
137 195
26 140
86 7
56 15
141 7
142 6
2 12
80 17
107 12
95 11
92 125
64 13
88 138
77 9
174 196
170 19
51 19
51 179
74 115
25 35
176 189
136 4
182 190
95 199
66 165
178 191
87 138
177 19
105 158
4 10
20 7
40 15
117 146
196 2
157 17
40 117
58 3
51 13
121 167
32 73
112 14
160 5
63 14
94 194
102 176
49 3
80 84
44 188
121 10
3 17
74 197
104 0
33 9
47 1
125 16
105 146
37 150
92 177
191 17
156 165
26 164
44 8
97 122
45 106
126 5
188 16
6 14
44 19
105 120
144 11
74 173
115 138
53 6
165 8
62 97
68 163
132 4
63 114
85 14
49 83
133 162
1 17
70 180
22 61
10 19
142 8
85 159
170 172
47 119
83 142
51 167
43 125
124 3
51 184
112 199
93 11
28 124
103 182
130 196
131 182
141 3
170 3
109 112
68 121
175 7
81 110
100 150
77 78
62 67
68 2
42 8
181 8
52 127
41 173
22 16
85 141
183 14
140 192
54 60
42 52
84 1
69 13
30 95
123 0
99 179
47 8
48 2
190 9
38 10
147 150
109 15
79 89
99 119
0 16
190 5
54 16
87 114
120 14
2 19
166 13
178 6
53 13
35 15
20 10
119 1
121 124
152 2
165 19
128 186
115 186
1 14
62 139
0 19
183 17
100 3
55 16
88 113
57 83
125 145
65 161
161 196
79 2
111 119
161 1
135 140
59 106
154 15
182 4
58 156
141 6
81 155
31 63
140 8
161 19
20 154
52 11
123 14
91 10
177 197
160 199
20 43
36 50
40 160
53 169
118 149
179 11
42 59
157 18
118 129
31 136
161 11
132 0
60 143
104 128
83 14
4 19
29 8
65 11
135 169
102 104
62 15
37 192
87 16
128 9
41 16
133 191
93 194
114 9
38 39
7 8
79 153
105 178
49 17
176 3
126 174
43 174
140 4
118 132
32 60
70 163
124 19
128 19
117 9
26 94
90 4
31 62
101 135
124 18
169 6
185 16
121 16
39 16
81 5
137 7
196 0
37 181
188 4
1 2
8 9
139 17
179 10
31 106
72 122
120 2
133 9
98 8
1 12
25 4
128 11
30 136
154 10
66 85
106 1
47 185
98 2
84 6
91 146
99 5
22 13
180 18
7 17
167 14
108 11
169 16
138 1
174 12
32 13
78 86
134 3
43 130
127 4
166 177
99 17
153 16
70 115
61 112
43 8
3 7
112 146
48 14
150 3
124 12
2 8
28 145
109 5
75 142
122 177
99 12
165 9
89 139
142 4
69 165
9 16
85 89
130 150
190 6
109 19
25 84
23 127
50 3
156 4
44 133
151 13
44 158
41 57
5 12
121 194
126 17
36 193
94 153
84 9
40 182
86 123
56 19
151 18
50 143
55 66
159 16
38 162
37 2
149 195
189 2
134 16
23 11
46 176
119 13
158 199
107 9
44 63
189 12
61 17
50 18
92 93
122 11
48 3
45 134
130 19
178 192
57 104
109 117
139 198
121 14
32 6
13 15
107 10
36 57
115 11
21 174
108 8
5 17
125 10
65 177
118 18
162 16
72 15
166 179
11 15
89 166
46 135
38 187
95 192
151 170
183 186
135 138
140 3
91 141
169 8
76 91
61 10
70 174
85 198
106 182
5 19
27 15
108 14
129 6
92 16
135 167
138 11
54 97
98 197
101 193
160 193
174 188
36 2
149 1
5 8
172 179
45 102
67 134
141 151
42 179
27 67
7 10
183 7
68 153
79 156
79 192
78 7
28 19
36 48
23 126
102 190
90 11
84 8
134 143
152 10
27 14
157 6
53 156
40 5
170 13
23 18
127 11
152 12
162 8
157 5
45 18
59 13
129 169
79 10
151 10
122 16
106 168
85 6
139 16
73 19
48 10
112 2
113 2
65 79
83 3
153 2
192 17
110 2
153 169
129 13
135 13
120 19
165 0
0 10
32 1
107 5
20 17
47 18
14 16
88 17
141 1
42 153
100 199
167 196
141 18
36 4
77 14
154 0
101 18
178 0
82 166
76 180
57 0
63 109
159 3
114 168
63 139
147 166
177 16
86 142
80 11
188 10
153 0
52 170
159 19
52 81
25 114
169 3
24 31
145 5
90 180
88 104
43 193
78 114
114 7
115 16
144 5
49 18
115 181
176 12
52 153
151 155
122 123
126 134
191 4
168 3
46 1
193 1
150 10
89 5
45 180
37 128
116 197
75 161
107 118
47 168
130 4
137 11
193 11
34 81
182 19
105 17
115 119
74 162
96 130
43 18
28 9
166 8
8 18
64 14
6 19
30 6
96 140
54 121
142 19
111 162
100 152
194 7
45 85
196 11
98 17
96 0
60 182
46 199
59 167
29 53
41 127
139 140
95 137
177 2
30 74
82 18
72 116
193 6
37 190
79 7
146 11
133 193
95 6
5 16
37 163
148 1
179 18
110 6
6 17
30 59
61 105
31 19
144 170
53 195
116 129
139 10
25 61
183 12
64 80
195 7
172 10
52 8
161 198
133 14
150 8
128 150
61 2
55 111
60 5
79 16
32 5
147 12
140 15
35 87
70 1
146 189
153 4
38 9
148 18
26 38
36 11
188 6
138 166
180 194
197 2
45 80
36 178
90 161
99 187
7 18
111 180
64 2
57 3
175 17
103 104
130 149
183 10
141 9
92 196
13 16
169 4
99 3
76 7
145 14
197 10
187 7
52 12
61 147
21 61
60 9
191 14
32 12
61 7
32 14
164 5
51 117
103 8
46 6
117 162
44 11
71 141
55 144
83 1
36 3
21 158
40 177
21 53
144 146
76 78
132 11
86 3
159 15
76 19
35 186
66 13
64 106
122 19
115 145
119 177
77 101
153 5
108 137
84 173
182 17
130 14
28 168
41 113
54 150
164 14
163 16
49 167
90 13
43 96
51 0
196 13
28 14
97 17
97 117
86 196
141 17
172 188
129 2
36 8
84 195
28 2
28 37
99 184
119 17
107 139
56 162
105 125
122 137
87 8
40 10
30 98
26 17
23 46
129 187
124 8
104 3
39 107
22 67
89 145
11 12
14 17
98 6
102 120
50 125
102 15
152 190
48 7
84 17
194 1
13 17
111 12
163 12
49 15
46 8
25 13
8 13
5 18
1 5
32 9
95 177
112 12
69 15
1 9
89 163
175 0
143 19
150 15
99 154
90 3
11 18
33 7
142 157
21 170
47 7
86 175
81 17
65 150
126 153
84 98
198 1
93 1
36 39
172 19
24 12
133 18
51 54
21 0
119 0
39 10
60 3
144 4
163 10
53 90
69 198
62 141
47 183
106 198
88 151
87 4
103 126
40 147
29 157
44 48
40 134
45 0
35 136
50 122
94 128
173 6
28 3
125 167
110 149
66 76
169 11
97 14
156 177
146 6
102 164
24 115
70 11
109 2
5 13
116 1
71 12
163 3
108 175
52 155
33 123
30 19
164 8
56 190
77 16
53 8
139 167
183 8
65 18
163 7
40 113
53 0
77 116
184 16
52 56
22 51
92 115
134 183
50 10
138 175
149 17
4 16
94 183
36 44
113 164
107 182
148 6
106 113
43 178
115 9
25 31
105 144
16 18
99 6
105 7
123 9
119 152
77 159
134 169
122 144
113 10
128 3
125 15
69 194
199 6
30 2
165 17
60 191
24 139
137 0
164 16
38 7
83 101
7 19
74 185
36 18
67 186
65 17
185 5
93 5
116 7
107 8
58 1
121 18
118 199
28 98
130 3
85 13
114 161
36 12
74 118
105 15
126 147
154 160
33 117
56 156
48 15
82 7
149 7
106 136
198 6
81 178
98 4
85 124
44 58
36 111
182 192
39 72
194 3
109 130
67 80
109 17
180 14
51 142
125 5
142 185
133 173
67 13
78 168
91 18
26 0
164 12
137 145
113 120
60 146
152 19
40 9
62 85
38 18
166 16
141 8
156 185
166 197
100 119
86 190
91 139
20 148
42 15
189 7
39 193
40 61
65 7
53 67
168 11
172 174
168 4
24 158
92 164
123 11
167 13
4 5
112 155
28 141
35 75
196 8
93 123
32 35
143 3
151 168
89 93
94 177
25 42
195 4
186 19
49 113
143 169
53 17
82 160
28 82
79 196
24 184
64 178
175 9
67 15
132 5
15 19
57 160
30 67
5 9
94 181
177 9
117 164
149 19
132 162
54 6
160 19
32 19
26 10
36 9
97 186
189 18
33 17
82 188
153 15
131 9
113 9
34 155
120 191
78 18
130 166
182 194
125 11
176 17
184 5
66 137
7 14
99 2
94 18
34 7
31 134
131 189
43 15
131 5
199 5
56 8
172 185
104 9
124 7
131 12
197 0
31 66
26 135
188 13
94 168
92 153
105 13
149 171
133 2
95 196
81 90
148 8
123 13
72 92
73 10
30 11
20 4
166 10
88 105
10 18
33 145
44 1
141 10
112 19
26 9
80 1
85 148
151 185
39 84
86 2
168 194
42 108
129 174
112 13
57 167
29 181
80 114
195 19
139 13
37 17
24 6
125 7
0 15
7 9
94 152
46 14
133 13
69 14
159 171
192 2
85 15
44 137
136 0
193 3
76 135
106 145
106 4
88 14
87 136
162 173
48 127
129 0
55 10
73 192
92 117
108 129
170 183
166 19
198 2
2 6
151 11
34 19
57 89
150 0
84 127
103 105
147 189
70 19
88 6
134 163
99 157
13 18
47 11
124 143
110 17
20 159
61 3
59 191
81 196
179 8
105 2
129 1
127 12
109 13
31 146
7 11
3 11
175 6
174 190
37 78
110 170
94 13
111 6
74 11
155 12
31 9
32 98
193 8
39 52
140 7
37 19
92 1
146 17
41 9
113 5
26 192
27 181
59 193
38 1
47 9
33 165
57 7
34 198
28 43
2 17
132 9
88 183
189 9
47 131
90 2
186 6
49 5
67 100
87 165
127 10
80 197
92 99
101 176
156 16
131 19
3 6
120 9
87 141
20 185
96 16
21 9
40 165
70 136
83 135
81 15
32 17
46 5
81 12
50 146
65 185
50 132
1 6
153 191
6 13
130 2
56 100
95 17
44 14
23 199
162 15
111 131
164 13
46 3
135 16
94 11
45 19
45 79
42 188
62 0
103 195
7 16
81 164
40 3
20 65
31 166
176 10
151 17
188 1
56 9
80 174
47 3
42 107
46 172
103 197
3 9
159 8
84 119
115 7
62 5
86 104
104 15
4 7
118 4
123 5
61 187
131 3
23 5
87 12
92 146
50 158
48 16
134 19
110 145
23 168
157 9
118 168
106 149
101 12
44 199
157 4
35 10
51 113
92 17
112 134
104 13
108 13
27 85
157 192
77 95
183 9
67 8
149 15
145 18
110 195
72 180
92 8
36 15
34 120
153 12
164 174
99 10
147 9
35 37
69 19
97 197
28 167
49 60
67 12
90 18
94 5
155 5
112 11
168 5
59 125
115 143
127 1
87 122
151 162
27 10
132 8
75 162
99 1
121 178
116 176
85 191
39 3
184 11
77 105
53 59
173 8
100 2
52 179
123 197
85 197
111 4
39 12
0 12
140 198
153 193
38 2
140 14
151 197
137 18
136 182
128 8
79 134
171 13
30 9
53 3
139 149
172 14
190 19
72 14
21 7
71 14
119 175
22 101
46 74
95 169
44 166
88 199
38 174
96 13
29 170
71 191
73 119
11 19
90 198
46 56
58 102
111 13
32 42
172 13
102 138
74 150
48 181
50 13
84 14
45 155
41 81
119 191
120 158
79 144
5 10
111 185
64 171
58 123
134 9
97 160
111 195
80 104
138 10
113 197
53 148
94 164
80 3
108 17
108 16
141 160
36 81
113 141
51 10
106 12
122 10
22 2
36 7
33 195
48 19
199 12
6 15
40 7
48 77
112 9
73 12
5 7
60 2
80 169
97 15
0 9
56 134
36 161
189 192
40 17
83 155
2 18
175 4
122 167
146 19
109 172
189 14
156 7
64 4
86 114
117 182
97 128
191 19
58 118
121 13
97 139
109 170
119 4
33 83
21 40
25 3
62 189
76 133
114 18
93 0
74 12
86 193
32 7
165 16
121 158
104 170
88 179
23 39
42 14
123 6
89 103
45 7
63 10
128 18
199 8
50 144
192 7
22 160
44 198
137 159
53 4
24 11
114 12
152 154
118 167
152 194
178 15
174 1
64 119
170 16
68 8
158 15
53 189
27 140
59 184
100 18
56 12
43 3
58 12
34 2
122 0
51 6
111 132
72 153
41 4
151 9
156 196
156 1
169 181
65 77
45 14
58 121
91 19
8 11
127 183
37 16
186 187
31 79
3 18
158 0
58 189
90 15
47 60
121 138
22 15
32 193
95 107
198 5
124 10
97 172
75 153
130 13
36 164
154 191
150 17
30 44
115 19
