20 93
35 194
22 44
66 106
117 6
66 10
91 132
192 1
59 6
1 9
123 7
96 0
198 2
143 10
194 7
185 5
104 10
38 4
113 166
131 8
101 113
107 5
24 18
73 1
80 12
173 5
5 7
147 191
153 4
117 137
113 8
36 12
100 1
12 14
84 183
35 142
47 12
23 109
103 7
41 156
179 10
127 8
159 16
145 193
22 14
173 19
64 13
21 147
96 4
142 6
77 10
171 4
125 15
29 1
131 1
173 190
74 85
105 3
186 8
36 152
29 18
6 10
183 11
30 124
86 8
25 3
53 18
58 176
111 182
196 7
76 148
127 6
29 193
128 2
164 175
35 0
117 19
30 2
123 4
104 139
170 16
39 7
56 89
182 18
31 12
38 60
157 17
161 18
87 188
100 164
176 12
123 154
42 16
27 188
90 16
69 5
77 134
163 19
112 13
88 18
194 3
87 18
78 9
159 7
187 8
96 15
97 14
45 184
135 9
7 10
63 78
181 6
22 54
60 143
7 9
4 13
164 10
89 108
127 17
118 198
61 191
155 3
65 88
125 11
197 5
41 10
56 83
118 120
74 0
11 15
50 60
30 3
159 3
157 13
155 16
167 15
167 1
53 13
189 199
138 7
86 150
186 14
89 6
153 13
133 14
121 6
96 2
111 5
187 3
28 81
29 4
42 18
34 12
39 15
167 3
134 172
37 3
176 16
53 2
84 135
194 18
165 13
75 8
4 18
121 162
49 19
30 13
77 102
95 3
156 19
171 12
157 18
191 194
172 5
26 14
156 11
48 12
78 81
196 18
161 19
152 189
191 0
55 1
132 140
9 12
20 16
111 19
84 2
168 17
60 113
117 15
81 6
59 158
54 12
65 3
48 198
121 0
30 185
111 118
70 89
178 8
33 104
2 13
45 15
143 2
154 175
92 7
50 19
69 7
41 169
123 3
152 16
177 16
114 139
73 14
41 19
69 16
158 5
94 4
135 7
158 7
171 15
48 15
161 15
75 126
89 7
56 117
130 16
100 11
196 12
118 19
29 95
99 14
32 73
135 188
197 19
193 5
38 2
179 181
20 124
162 2
47 127
84 141
81 85
20 2
32 12
174 16
194 15
54 68
65 16
49 11
80 191
136 5
82 5
164 17
131 143
162 0
42 198
99 1
100 172
53 11
197 0
146 15
51 140
32 112
93 3
109 133
28 89
130 19
151 16
140 178
58 0
78 14
53 66
97 190
183 17
138 1
133 16
38 180
21 6
134 150
52 8
33 129
97 7
114 6
104 8
144 5
70 194
183 6
70 12
172 175
28 18
120 9
99 4
161 7
154 19
149 17
176 0
20 63
190 1
87 16
158 6
21 5
39 13
189 9
82 8
121 9
46 19
99 164
199 3
82 19
33 13
15 17
133 15
166 9
58 2
186 9
198 1
55 119
176 7
58 76
155 14
125 4
140 198
1 11
66 3
89 149
63 8
165 176
64 14
13 17
192 2
164 15
30 189
188 189
109 3
160 192
140 19
51 0
45 12
135 16
44 140
21 157
0 13
182 6
124 19
21 19
84 85
40 154
62 3
37 198
77 132
53 10
76 19
42 14
38 102
20 57
99 16
65 122
124 8
163 199
10 16
173 16
168 0
24 6
75 7
135 147
111 14
79 99
69 120
150 152
11 14
132 0
102 0
143 155
103 0
180 12
180 15
192 8
2 3
32 9
138 186
81 94
66 0
27 12
139 3
55 8
173 2
194 13
28 116
30 8
46 123
6 15
84 125
120 138
123 2
139 6
109 114
55 6
38 52
59 121
132 12
39 181
32 19
184 10
56 0
141 13
30 4
24 110
193 11
86 13
167 17
137 178
86 6
95 18
25 13
147 15
118 164
157 7
2 17
105 178
151 9
38 128
168 11
81 5
51 115
134 3
79 118
158 13
113 12
33 102
47 6
82 177
105 18
15 18
23 60
133 17
72 93
71 2
44 79
155 198
50 16
160 7
80 146
35 167
99 5
79 17
94 5
195 7
46 188
159 169
129 5
25 2
138 188
25 112
101 14
174 9
32 50
138 2
27 176
138 18
115 19
36 17
40 19
33 3
151 5
86 160
6 8
135 0
195 18
63 19
107 16
105 13
20 7
73 145
84 12
72 19
39 156
2 16
109 7
131 19
92 179
181 3
31 145
13 16
32 5
177 14
145 14
0 6
94 6
192 0
20 5
92 160
109 143
7 16
169 1
37 16
126 9
45 5
22 59
56 194
26 4
82 83
170 13
174 6
12 17
81 96
150 15
65 115
41 48
187 17
85 4
133 170
163 17
125 12
34 9
101 17
22 86
30 0
100 16
58 12
61 153
133 1
160 181
97 11
80 8
180 14
75 6
38 103
84 0
104 11
72 14
75 197
29 8
188 192
100 5
61 139
120 14
66 11
113 4
148 184
189 8
61 7
45 186
194 8
62 8
113 0
121 141
103 18
158 16
26 179
143 16
193 7
84 7
24 1
171 5
140 1
57 9
165 6
42 128
41 4
152 195
62 18
151 0
166 13
76 5
190 7
128 0
164 0
81 13
178 7
80 15
52 12
128 177
107 12
61 2
38 66
27 114
62 111
91 0
118 17
31 115
77 5
179 16
150 6
28 168
104 18
72 178
148 11
119 13
134 5
119 0
22 181
159 5
46 2
79 96
194 14
187 10
78 126
106 2
73 16
84 127
125 164
97 155
133 167
10 18
124 11
76 11
163 8
155 15
28 55
90 1
97 2
104 1
65 12
108 4
182 17
158 195
103 161
22 157
4 16
85 151
130 158
199 9
100 6
74 118
39 10
55 11
143 0
129 16
147 1
59 10
146 13
105 189
81 11
91 170
9 14
30 187
198 15
25 17
185 13
186 7
91 10
73 8
28 1
165 15
7 19
110 2
164 19
37 164
154 14
169 6
88 182
126 3
60 67
112 7
82 3
7 14
6 19
25 199
45 141
16 18
63 12
93 108
190 15
27 51
183 0
115 8
43 157
169 14
111 0
123 18
153 155
174 4
29 12
168 6
185 17
95 117
151 18
105 17
58 13
35 18
48 14
6 11
30 74
99 159
153 12
40 166
116 128
137 8
119 18
77 11
55 181
85 15
128 152
102 113
107 1
6 12
184 16
146 16
71 12
183 7
108 11
167 2
164 172
27 3
35 8
29 155
141 0
38 10
163 170
143 3
105 134
0 8
55 139
79 108
96 194
30 50
55 14
120 195
24 74
24 156
49 177
111 4
119 4
52 19
37 161
132 13
164 5
63 2
71 139
88 7
60 5
101 18
172 6
99 0
32 2
158 0
184 9
139 2
193 3
53 76
117 136
196 14
149 162
194 19
42 17
112 1
127 19
3 8
75 184
120 180
116 195
195 19
71 15
77 153
180 5
153 7
116 18
87 0
71 5
92 4
91 120
56 16
148 8
38 194
104 6
68 5
50 184
54 2
57 5
129 15
77 115
124 1
159 189
193 4
141 9
22 166
110 17
64 189
177 15
147 0
28 17
134 176
190 0
104 16
22 77
80 19
36 153
136 18
155 9
137 9
166 5
74 133
157 158
127 2
25 68
98 8
186 12
194 9
141 14
15 19
54 18
31 170
86 129
65 70
185 18
64 2
72 6
33 6
181 16
98 11
27 2
55 3
31 139
168 1
108 16
198 17
107 132
93 0
41 3
26 5
181 5
104 169
58 7
78 6
28 7
94 13
20 4
129 14
47 7
43 1
153 19
35 16
31 10
22 17
21 16
150 7
112 17
20 6
0 12
184 18
84 155
179 11
185 14
39 16
31 104
26 48
178 19
162 19
189 13
115 156
69 3
88 10
178 2
27 13
199 13
141 7
191 1
37 8
162 1
179 13
16 17
179 1
88 14
40 100
113 19
102 18
24 2
42 164
147 6
108 9
49 1
125 155
72 16
98 153
57 128
152 4
117 180
7 12
111 7
74 112
33 15
45 18
1 13
143 188
90 151
93 109
34 7
141 1
40 56
180 13
6 13
153 165
56 12
77 19
168 9
176 1
165 14
35 177
76 179
190 17
147 19
68 0
52 5
145 2
25 14
173 15
172 2
155 18
145 6
53 3
43 176
6 9
127 16
0 10
112 14
138 8
73 131
194 4
46 3
131 14
191 8
136 14
35 5
160 10
5 15
86 18
71 14
27 5
39 18
25 80
115 9
40 116
161 3
52 110
2 18
27 19
182 7
152 3
51 10
4 6
109 176
61 15
129 7
32 4
66 19
47 1
2 10
102 9
112 10
33 19
199 11
76 9
136 163
53 14
190 8
85 199
1 16
110 186
97 154
112 120
44 4
149 13
177 3
175 19
29 14
79 13
30 150
179 0
125 10
83 12
24 129
50 65
82 2
31 6
154 9
11 17
33 64
13 14
75 5
44 17
76 2
175 2
38 71
86 191
31 18
111 116
52 14
91 147
61 4
176 184
138 11
68 14
94 175
172 14
8 11
71 10
36 49
91 146
2 9
28 42
190 13
116 3
110 0
36 15
77 9
93 143
113 10
39 6
143 151
87 9
164 12
81 18
83 8
67 83
23 86
152 13
114 1
156 1
49 76
134 2
70 73
106 122
79 9
191 19
44 9
184 4
141 149
80 5
126 2
177 4
95 165
59 79
105 167
144 0
76 79
94 17
78 131
174 17
42 66
141 15
24 19
88 13
45 2
11 18
167 10
92 15
51 6
51 69
92 1
24 14
78 16
5 18
71 13
42 7
42 69
135 5
60 15
23 85
150 2
76 171
146 154
6 16
66 168
84 8
92 173
24 11
179 15
25 116
52 18
155 5
38 17
36 11
164 7
138 178
58 11
22 118
112 18
100 157
82 1
39 5
47 79
98 6
94 14
100 3
195 3
79 197
132 10
44 11
136 7
182 12
78 162
197 10
189 18
26 10
146 9
57 12
4 7
117 4
122 173
88 164
24 15
76 186
73 19
42 8
44 100
117 0
122 137
56 2
184 0
169 0
37 15
101 198
193 12
169 192
129 1
33 180
132 149
8 15
157 12
22 5
130 8
92 18
46 0
71 132
87 10
132 3
134 140
120 129
117 11
148 0
113 121
197 9
111 8
32 102
89 114
167 197
27 136
97 5
112 0
107 151
157 197
71 176
65 18
45 125
156 2
3 13
81 2
131 4
22 139
73 9
84 120
101 5
119 6
140 18
5 17
135 1
185 9
157 8
149 15
30 12
30 98
129 156
191 6
85 106
104 2
121 164
96 133
75 4
32 57
44 72
125 17
173 4
83 19
38 41
33 18
74 144
127 10
23 90
68 179
89 137
187 16
199 2
29 5
180 4
29 127
163 3
24 12
24 90
129 4
45 116
99 122
161 11
106 13
80 163
85 1
43 46
96 108
93 100
119 3
32 8
69 19
104 13
50 6
91 1
196 6
135 15
127 9
140 187
146 11
123 19
49 4
42 194
10 17
97 9
44 15
146 18
142 15
130 7
30 1
192 6
163 14
88 1
131 190
89 119
144 1
90 109
194 10
159 11
44 14
185 8
141 16
47 126
78 103
56 7
61 62
92 12
118 176
69 4
127 152
103 118
198 5
27 14
134 181
139 170
29 130
66 1
131 17
25 0
188 17
137 1
48 50
65 145
131 11
91 5
33 96
86 17
196 19
66 155
76 18
8 16
109 14
48 3
150 155
178 179
90 8
147 196
100 178
2 15
165 17
130 131
60 13
62 93
166 19
199 18
24 13
8 10
137 19
6 7
59 3
14 18
23 14
32 6
52 194
78 119
26 1
44 12
146 8
134 139
50 18
181 2
55 15
71 18
142 157
79 5
60 17
159 6
142 16
41 8
31 178
124 13
95 11
144 4
27 7
94 11
171 18
71 4
41 0
93 16
50 2
159 9
94 12
137 143
186 18
189 4
146 14
73 86
195 5
67 183
169 2
46 11
98 5
34 0
26 116
68 147
52 184
38 11
44 7
172 7
65 8
186 11
41 79
91 161
73 15
149 177
184 2
174 18
97 8
190 11
4 5
42 0
12 13
116 142
97 3
49 168
8 14
126 19
147 18
21 168
122 18
69 8
5 13
39 57
116 145
190 3
137 12
181 15
60 69
56 166
57 7
197 13
182 19
134 15
167 19
170 5
187 18
112 19
33 161
34 36
68 4
163 15
64 18
165 10
168 10
67 75
67 11
177 1
153 196
24 142
79 6
104 178
50 150
198 7
8 17
129 11
106 6
118 1
85 2
128 136
156 12
52 7
165 3
177 13
58 5
54 115
131 10
69 18
14 17
36 88
148 193
27 121
199 0
37 9
4 8
85 18
76 88
175 7
118 7
87 19
68 18
89 18
141 19
95 17
3 4
177 192
102 170
10 11
35 1
163 185
187 13
25 10
195 12
56 167
136 6
93 191
0 11
89 169
155 2
76 10
76 100
66 6
99 125
62 97
196 11
38 6
85 7
67 19
68 3
1 15
88 9
118 3
44 1
178 12
113 181
27 35
100 181
0 15
160 190
46 7
53 17
0 19
78 1
146 12
66 13
28 2
47 178
27 42
133 153
81 17
93 19
75 18
156 6
49 144
68 7
72 12
50 12
51 72
189 5
199 5
97 162
199 16
133 10
73 78
60 101
111 139
52 180
117 13
99 3
89 8
123 6
76 13
56 17
32 1
162 190
85 9
132 169
54 14
39 12
67 163
112 6
55 4
108 10
137 185
98 13
79 2
155 6
168 16
156 3
183 12
180 11
192 17
86 12
145 5
163 186
102 12
71 72
124 148
38 3
41 66
27 142
36 0
162 11
139 189
129 145
79 147
163 13
76 16
175 16
127 12
99 7
123 9
159 179
61 170
191 13
79 0
20 9
101 160
37 52
165 199
35 95
92 0
126 17
21 42
154 12
125 2
104 106
128 1
193 8
116 9
198 10
25 115
162 17
173 11
142 14
124 199
87 5
60 14
142 3
130 17
59 197
51 179
69 6
183 16
124 18
3 5
84 175
96 14
49 5
134 0
76 14
145 1
70 2
4 10
91 4
7 8
110 169
115 119
112 11
172 13
81 105
45 17
50 11
172 19
81 158
54 93
117 3
114 196
143 4
79 128
27 49
71 7
111 12
192 11
1 12
3 6
61 1
45 13
60 19
104 17
147 194
56 3
137 14
45 8
96 16
139 7
45 1
160 5
64 169
129 18
156 4
161 4
165 4
119 156
25 55
80 13
53 15
21 133
105 12
4 9
10 14
53 4
118 161
132 11
50 71
194 6
64 68
192 5
101 197
52 3
143 11
60 6
114 17
31 7
138 14
39 158
150 5
176 8
72 116
157 162
126 15
73 7
98 187
36 19
42 79
29 39
35 183
52 1
5 16
165 11
20 1
88 179
106 9
47 5
86 108
117 172
117 2
187 197
158 1
43 168
114 116
88 11
29 9
154 182
128 14
109 15
189 16
59 16
173 0
100 196
144 8
80 0
58 19
99 191
191 4
111 17
28 95
33 5
1 2
174 3
43 115
131 5
48 147
102 15
7 11
151 12
197 18
21 10
163 5
31 0
144 12
5 11
152 17
105 165
60 10
125 13
41 5
97 19
135 18
147 154
132 19
43 3
49 111
130 18
61 81
107 13
166 15
26 12
190 18
87 6
188 3
27 46
115 151
33 0
72 3
165 16
85 3
51 1
73 156
160 2
190 10
84 131
24 106
103 17
157 10
23 18
187 6
44 86
36 189
6 17
91 8
53 140
139 10
77 191
23 74
168 8
78 19
47 18
2 4
1 7
138 175
55 5
139 0
63 7
75 3
9 17
52 17
164 3
105 0
91 114
10 15
113 9
90 2
85 174
58 126
57 0
83 9
125 189
146 2
1 3
0 14
105 198
113 3
68 17
154 13
161 12
148 5
7 18
176 191
158 10
4 12
27 8
36 13
116 2
116 6
85 8
88 8
169 19
52 91
142 4
33 11
196 13
21 4
134 157
119 8
93 15
12 15
49 17
140 14
116 19
41 13
90 131
55 12
165 12
29 0
163 0
76 192
90 7
62 68
148 10
107 7
157 11
14 15
99 133
111 150
134 6
114 19
131 15
36 2
90 13
82 106
143 192
29 11
169 13
129 3
183 4
107 9
129 190
48 114
175 10
102 122
21 11
106 157
24 9
158 2
11 19
176 6
90 116
79 4
101 12
110 183
40 127
112 8
1 8
66 165
150 14
11 12
149 154
37 73
196 16
30 18
156 10
127 4
141 5
186 3
108 169
133 12
63 143
61 19
103 2
86 14
174 19
103 162
106 3
49 190
24 0
65 11
48 17
27 129
37 4
3 7
48 171
118 9
92 165
67 9
69 96
79 16
112 172
72 10
61 152
54 112
83 16
72 17
137 11
42 12
184 5
24 179
50 4
149 7
5 9
33 133
164 173
199 1
152 181
163 175
71 3
57 16
159 19
30 87
22 15
51 2
34 10
75 128
138 0
138 13
0 18
93 14
63 79
32 7
144 16
54 62
20 129
129 169
57 58
60 1
63 11
117 14
164 18
0 4
154 8
40 3
120 16
47 2
105 6
121 19
126 0
72 176
24 62
108 12
54 119
193 13
28 11
7 15
160 11
24 171
189 1
116 140
51 54
57 121
118 145
5 14
158 176
41 18
114 127
39 185
67 14
119 7
127 191
189 14
41 14
130 13
64 10
46 16
22 45
130 148
141 4
187 4
180 7
95 141
79 7
3 9
149 11
166 0
23 13
22 61
126 1
174 2
114 12
20 53
8 18
107 11
43 9
109 178
92 6
82 18
139 5
42 2
124 171
91 7
79 3
36 8
36 98
23 1
26 123
122 166
170 7
144 159
80 9
3 16
160 15
34 114
31 14
21 25
28 174
120 126
98 18
158 4
58 15
79 12
106 189
94 16
51 9
73 143
140 0
94 7
150 4
12 19
116 185
1 4
142 17
30 7
176 192
17 19
105 19
75 93
99 13
80 132
37 19
153 173
98 7
71 0
9 10
125 5
98 127
80 10
139 13
133 19
193 6
22 132
25 6
45 7
94 15
1 10
59 87
77 3
160 16
75 10
94 125
166 1
10 19
100 105
148 2
80 7
140 15
95 4
188 0
12 16
70 10
21 31
20 11
94 120
27 181
6 14
44 8
23 32
146 17
106 10
78 3
172 18
134 163
178 180
187 14
4 19
59 17
54 90
87 15
127 133
127 188
147 9
9 18
186 15
33 9
132 15
98 9
110 7
105 16
60 11
142 10
171 14
35 114
87 11
73 5
42 3
91 9
33 10
173 1
8 12
55 16
0 16
66 133
170 195
85 12
135 11
26 9
64 9
112 160
88 120
107 138
37 137
167 0
69 13
5 12
110 14
91 16
154 17
188 13
187 9
63 16
153 1
79 142
133 8
9 11
50 3
40 18
74 12
61 8
42 82
173 6
46 10
111 11
122 10
102 157
23 77
144 9
117 170
158 169
68 8
154 174
188 15
185 1
148 4
0 2
127 0
116 5
28 19
144 7
132 9
28 6
8 9
116 11
103 14
43 5
42 92
138 197
175 17
0 1
71 178
77 143
93 9
54 6
3 17
81 10
115 1
116 178
57 114
42 10
110 12
0 3
193 0
169 10
88 16
119 2
172 16
79 1
130 182
144 2
52 128
141 8
72 181
52 76
96 184
180 19
36 72
152 10
20 13
157 15
7 17
150 8
133 11
142 13
4 11
37 13
77 89
76 133
106 12
22 143
151 173
129 8
24 145
62 12
141 158
128 15
43 0
51 3
50 8
83 6
82 11
38 1
104 154
62 140
56 108
147 2
70 5
2 14
38 162
97 137
120 19
173 18
11 16
4 15
136 16
191 3
20 112
57 80
144 3
140 147
83 4
43 8
2 19
35 7
177 193
0 9
111 195
77 1
75 169
83 10
45 139
198 13
40 141
165 5
61 12
131 3
193 14
93 175
111 152
197 11
178 17
148 186
160 9
148 16
77 15
167 179
75 91
111 1
178 13
45 153
41 1
28 15
40 0
43 13
109 2
78 198
177 12
193 19
191 10
51 116
190 192
110 121
23 9
43 14
40 16
14 19
107 8
2 6
61 114
152 12
113 14
137 10
198 3
175 14
146 1
5 6
169 11
189 11
98 4
113 7
57 8
9 19
118 6
170 19
176 18
63 14
39 11
187 12
34 15
155 17
86 162
100 15
105 7
36 5
51 53
48 4
199 14
186 13
91 19
29 2
129 192
33 99
74 154
97 1
45 9
124 16
51 4
52 152
88 193
192 3
81 7
183 19
145 9
41 187
153 180
150 12
60 4
184 191
183 199
184 7
144 19
176 10
83 17
170 18
43 4
132 2
72 4
109 5
44 13
178 1
143 9
3 19
133 7
139 11
132 17
60 2
112 3
57 166
105 156
76 94
95 15
27 74
161 2
75 9
188 5
129 19
118 18
59 14
119 123
44 3
84 167
178 6
111 168
176 5
55 165
41 17
5 10
34 128
70 118
108 3
149 2
73 79
196 1
117 189
117 10
99 12
172 178
28 0
54 7
24 4
116 124
6 18
173 10
127 5
31 17
84 10
64 5
80 14
160 19
24 3
156 191
141 160
79 14
33 4
123 14
118 192
142 7
114 16
140 9
132 146
143 15
4 17
183 10
97 177
25 59
45 85
195 11
147 8
28 10
157 14
56 6
86 135
108 6
39 14
40 17
70 16
50 136
99 18
108 164
105 2
176 3
164 14
79 10
99 19
111 10
127 178
40 125
74 2
86 7
142 12
100 8
17 18
192 12
134 160
87 14
186 17
37 93
86 11
191 7
43 12
137 15
93 13
178 3
98 14
115 10
172 10
1 5
158 14
51 16
3 15
198 4
153 192
133 172
145 175
179 9
152 7
199 19
131 6
116 14
157 0
172 188
54 17
167 4
144 11
57 75
112 146
28 16
50 173
21 15
25 1
3 10
34 54
69 10
38 19
22 93
113 11
163 189
152 8
156 7
66 7
142 1
21 158
3 11
175 1
181 10
89 132
134 180
65 179
64 4
147 11
106 0
168 2
198 9
182 11
43 18
69 89
62 16
192 7
145 168
10 13
94 141
123 13
8 13
74 17
89 19
163 4
59 19
102 2
37 5
155 196
150 11
112 12
121 1
120 171
172 17
122 4
190 9
155 7
82 4
27 9
91 12
25 15
85 14
16 19
104 4
5 19
85 16
171 11
114 14
61 115
54 10
179 8
119 170
44 135
155 10
186 2
2 11
170 11
56 130
72 8
18 19
23 10
58 4
177 10
89 127
120 164
179 186
197 6
48 79
157 9
29 19
69 176
198 18
178 5
149 9
59 18
167 16
46 131
0 7
41 61
68 12
24 5
85 11
122 9
130 9
162 16
163 10
40 4
76 3
105 14
137 18
44 49
74 1
183 9
31 2
28 4
69 0
156 15
152 198
112 125
56 15
173 9
48 11
68 174
103 4
95 7
194 17
56 13
117 173
97 10
119 158
95 120
44 69
195 1
70 95
118 188
70 15
2 8
129 9
42 5
70 18
122 2
107 130
31 3
22 1
135 12
148 175
125 131
72 11
185 2
54 19
178 10
194 2
146 194
31 8
96 100
172 11
103 16
51 11
112 4
57 103
182 10
76 4
103 174
46 70
122 3
198 0
150 10
90 12
65 97
109 4
51 15
0 5
87 94
7 13
133 6
88 4
65 194
164 8
44 125
104 3
130 2
38 188
171 2
159 10
39 8
81 15
95 10
79 103
129 148
136 13
175 9
84 14
22 4
196 8
127 18
121 11
1 14
33 131
138 5
42 150
100 123
5 8
63 72
86 142
160 3
58 14
153 6
161 162
110 190
73 126
2 7
74 96
53 19
55 17
59 195
81 0
170 10
160 1
36 163
78 4
40 160
76 193
22 7
108 18
44 53
178 14
81 3
95 8
14 16
103 13
25 4
38 18
194 5
35 13
54 88
38 5
35 48
3 18
157 16
52 149
44 10
50 15
22 6
51 7
159 1
13 18
173 17
110 114
2 5
74 11
90 19
81 136
120 140
61 6
159 0
28 137
1 17
108 14
177 6
90 11
75 11
78 196
158 8
176 15
42 15
113 13
21 108
85 19
155 4
55 18
78 18
160 18
107 17
185 16
25 34
114 5
151 197
135 6
35 19
54 98
51 80
40 101
161 17
47 15
132 18
171 0
49 15
15 16
132 7
33 109
98 12
59 8
73 150
112 2
113 6
168 15
145 4
148 12
55 9
119 180
113 5
102 11
87 184
115 153
132 14
1 19
148 17
114 13
46 1
128 194
76 12
171 3
98 10
118 4
45 10
189 198
175 3
88 134
94 154
23 11
46 92
89 0
22 137
70 1
46 159
137 17
84 98
48 134
159 8
156 5
145 17
166 16
93 105
121 13
192 13
150 183
147 195
1 18
67 2
33 79
199 15
162 8
167 18
95 6
103 5
10 12
82 135
100 13
97 128
66 79
49 145
68 16
67 146
176 17
2 12
33 199
75 193
105 10
13 15
0 17
93 10
182 14
123 186
38 0
1 6
73 112
128 5
129 17
198 8
118 8
188 2
118 11
9 13
93 156
145 7
43 138
199 7
197 8
69 17
29 154
59 13
42 86
115 12
110 137
8 19
30 9
73 0
28 177
28 118
88 6
175 15
154 4
140 146
147 14
36 1
50 158
69 11
91 11
108 161
96 10
