95 4
94 160
39 114
61 4
47 63
81 198
28 85
61 112
7 9
37 148
193 10
41 109
102 6
21 180
114 18
123 143
42 170
29 197
31 53
63 6
101 18
179 186
145 10
21 0
147 8
167 188
29 160
183 14
187 190
103 18
169 4
55 197
93 133
29 16
132 4
31 0
6 16
123 179
25 44
69 0
23 197
103 16
48 190
68 119
32 124
189 13
104 5
170 188
77 145
103 17
60 3
111 154
160 9
142 2
120 151
86 151
103 110
30 9
116 152
107 194
20 3
74 9
44 10
166 183
32 11
45 7
94 7
88 194
149 8
53 0
141 15
37 136
57 174
126 199
78 1
115 6
142 14
96 9
72 6
11 18
70 19
102 10
62 150
58 10
136 195
22 197
33 113
119 12
133 2
139 17
171 14
49 7
170 196
147 11
72 87
93 113
83 5
131 7
60 4
108 0
149 10
60 9
122 143
32 7
92 99
69 8
86 15
72 149
124 186
170 6
25 3
31 16
25 9
21 108
50 177
60 112
45 110
20 141
155 6
101 9
29 155
14 16
52 7
108 2
53 10
170 192
49 147
120 199
40 105
126 15
121 143
63 3
36 65
58 9
127 197
68 75
191 199
90 15
99 115
99 16
143 165
135 149
128 135
192 6
99 156
90 12
70 12
64 13
194 14
62 1
21 39
23 19
62 112
62 8
60 93
164 16
167 4
29 53
84 102
25 119
185 4
33 66
25 54
69 172
195 18
39 64
32 19
61 146
77 168
184 9
84 138
24 12
129 2
165 1
2 11
130 16
193 4
173 0
36 8
48 2
130 9
63 16
123 17
94 5
177 12
198 13
102 19
113 10
51 77
194 0
98 126
43 10
25 83
181 0
104 110
39 95
186 0
127 3
102 4
35 166
23 168
68 5
134 7
78 3
103 9
55 150
20 12
167 16
68 134
78 2
49 5
86 199
106 7
76 188
62 132
176 14
29 17
35 197
45 153
11 19
35 136
74 4
78 167
95 7
101 161
45 130
176 16
169 9
109 15
29 108
163 174
89 187
119 130
156 157
5 18
55 16
101 13
89 0
106 157
23 86
185 6
34 127
174 190
178 16
28 170
143 154
87 7
177 194
69 185
24 15
152 0
104 160
123 16
141 143
116 4
49 17
72 136
109 18
132 158
112 2
69 155
32 175
138 6
64 8
2 10
192 3
63 12
40 18
169 15
160 12
144 19
32 15
65 4
34 114
40 4
22 16
192 11
116 134
47 6
3 6
84 1
132 3
46 176
45 68
58 137
92 100
128 172
158 194
152 164
158 174
45 6
96 115
59 15
116 178
152 187
113 195
100 14
149 19
96 13
94 117
155 5
89 147
86 186
185 7
105 8
28 127
100 133
160 5
91 5
108 4
29 2
131 190
178 9
129 149
90 8
174 4
128 170
135 19
146 15
197 10
91 124
47 81
1 11
165 171
162 1
174 12
145 11
152 7
37 4
70 9
21 73
39 150
68 113
34 124
92 141
40 153
62 13
100 104
93 6
21 12
188 15
164 17
156 15
198 10
43 3
62 183
68 94
129 6
36 180
52 99
79 147
130 2
44 18
56 72
80 104
56 174
112 125
33 38
160 192
52 105
149 166
140 199
186 3
145 9
118 171
136 178
57 9
153 2
134 151
165 17
43 72
138 173
11 14
34 59
154 1
46 131
145 196
158 19
22 113
20 189
119 198
34 12
190 1
2 16
23 151
28 6
64 11
116 15
87 142
61 134
63 115
198 15
30 176
195 4
67 78
165 5
35 189
86 95
63 8
146 165
2 13
80 153
183 196
183 0
113 4
43 142
36 100
126 128
113 12
88 16
139 14
8 15
102 107
101 8
170 0
55 7
31 112
99 13
41 68
134 166
172 1
76 0
1 5
67 135
188 18
82 135
38 87
50 109
198 3
59 104
186 2
115 190
33 40
76 3
149 160
68 69
26 101
0 6
40 63
86 185
95 12
100 8
186 11
43 6
50 113
127 162
111 9
33 13
46 139
43 162
68 121
11 17
144 9
185 16
182 0
49 138
129 5
113 165
54 61
52 154
10 14
85 14
26 3
164 172
48 95
85 174
113 15
88 167
29 0
88 5
155 194
36 178
92 119
112 12
10 15
161 186
6 8
180 5
22 2
124 199
132 16
10 12
74 174
114 173
126 5
37 11
196 3
129 195
144 18
157 11
112 0
148 0
0 12
118 186
30 190
46 2
0 8
75 198
65 1
41 119
166 198
58 19
48 81
10 16
89 5
37 194
155 9
161 0
62 176
44 85
72 153
155 165
165 168
32 135
85 6
81 118
58 159
185 12
111 120
64 14
175 18
69 14
98 3
151 19
91 161
37 13
151 4
26 164
3 13
131 10
27 111
50 135
151 14
81 18
121 18
30 177
1 8
142 185
23 190
168 18
163 4
24 5
64 86
26 150
82 11
181 17
33 60
130 5
29 13
91 10
20 122
26 19
186 190
183 184
102 140
53 15
96 144
120 0
78 9
43 134
46 161
36 136
124 145
60 10
45 2
91 122
62 108
57 58
120 194
100 142
74 141
93 16
79 111
58 90
157 8
47 9
95 3
68 196
43 11
6 15
63 137
151 177
96 12
68 9
180 17
59 18
34 117
70 10
137 19
183 19
68 15
34 56
79 6
46 76
49 90
132 152
105 9
33 5
74 191
92 8
65 140
93 2
145 16
101 106
161 17
40 1
43 171
159 14
181 4
83 12
48 55
154 186
99 157
172 12
54 84
45 91
24 4
199 12
57 0
183 2
3 19
33 47
99 2
114 195
104 166
145 13
37 55
59 10
67 7
143 152
133 182
84 122
94 134
1 14
162 177
26 7
183 10
74 7
182 193
57 13
53 3
100 6
168 9
126 11
83 105
141 154
16 18
129 17
32 131
152 10
182 10
49 182
126 166
60 187
40 158
199 15
1 16
81 150
107 144
163 0
132 6
151 17
38 192
32 2
95 9
31 196
59 126
4 7
42 134
51 132
29 11
141 3
4 8
82 109
93 137
57 19
36 13
96 138
125 14
107 3
65 88
162 7
22 175
52 84
188 19
163 15
136 4
61 3
101 107
97 11
195 0
90 173
20 2
102 16
51 183
3 14
2 5
43 0
127 14
135 8
94 199
46 129
28 101
24 144
59 80
140 15
50 141
40 78
75 15
133 177
14 17
104 7
71 15
78 181
170 13
25 61
192 13
167 2
189 6
97 8
103 193
33 10
38 18
95 156
116 7
59 16
124 6
188 6
190 2
65 155
139 12
47 104
170 3
74 116
160 8
40 54
141 12
39 79
77 140
196 13
10 13
46 126
109 19
65 18
115 10
0 19
41 2
95 19
98 127
141 196
83 165
76 88
199 8
51 117
152 6
140 8
27 16
140 145
36 122
93 129
58 190
54 13
177 3
97 15
142 15
67 128
113 118
85 170
81 170
84 10
146 8
159 2
176 17
194 4
111 141
75 173
199 0
193 8
29 84
199 17
81 160
171 18
122 180
175 3
115 14
147 2
180 194
0 16
118 134
66 83
6 10
115 8
50 188
175 12
108 139
119 124
72 84
153 6
84 169
25 28
34 3
25 14
68 159
79 15
140 169
49 13
58 191
85 128
70 6
111 170
42 182
175 14
12 16
30 69
187 12
136 8
90 9
57 15
125 9
97 179
27 6
35 80
181 14
110 13
164 14
30 118
78 135
77 89
23 65
82 3
41 48
20 11
192 19
35 142
86 12
124 16
21 60
64 110
70 154
61 105
56 173
39 18
147 3
164 6
43 133
82 105
8 18
28 16
44 1
137 17
71 192
96 126
4 14
81 194
125 192
90 159
189 7
33 76
36 10
83 2
47 95
86 9
80 180
111 159
26 157
25 124
159 10
27 1
103 14
45 18
46 0
66 4
36 12
82 178
12 14
65 92
48 17
154 9
59 13
23 158
81 183
75 133
58 59
115 143
62 190
53 2
110 10
59 2
80 4
20 127
93 13
65 0
67 160
199 6
23 7
159 9
118 121
24 110
141 170
47 0
46 140
165 193
86 191
95 198
21 1
65 7
5 16
102 12
117 11
22 19
27 34
71 18
116 5
24 14
99 134
27 82
148 19
80 9
172 18
39 133
31 11
192 12
135 185
133 159
144 183
146 18
0 3
195 17
39 142
64 10
184 2
161 185
36 6
85 182
74 161
186 7
31 74
62 75
117 150
6 7
187 3
139 10
37 9
112 196
125 2
163 182
49 78
153 13
123 0
146 16
29 10
91 185
24 134
137 161
50 11
53 1
160 10
75 170
39 7
146 5
91 15
46 11
2 19
31 169
134 6
30 146
44 130
41 1
127 7
174 196
119 180
139 147
21 26
67 106
35 173
38 150
55 192
100 122
110 150
33 3
156 1
176 190
44 115
21 11
35 98
144 2
39 14
96 106
169 6
35 17
108 113
39 129
97 5
106 18
160 174
110 19
63 168
65 11
156 6
116 181
172 14
161 16
3 5
83 131
115 148
26 173
23 88
59 6
118 17
30 113
121 161
70 79
123 8
21 178
55 89
8 17
39 53
54 7
48 144
152 8
101 139
20 157
42 193
89 117
35 115
192 16
41 74
20 45
152 1
179 19
83 14
65 9
131 2
138 188
61 9
61 157
116 151
154 19
112 14
97 161
44 197
58 12
102 9
66 79
134 171
30 6
76 141
54 15
42 6
189 14
25 50
4 9
124 157
155 15
187 17
121 158
105 18
5 6
181 19
36 11
51 165
57 85
30 10
109 7
150 14
150 11
64 6
78 7
21 18
95 138
67 1
115 15
55 14
55 83
161 9
164 193
3 7
86 127
121 7
159 164
31 61
31 12
1 17
57 162
166 10
93 19
103 133
135 197
91 113
110 8
194 13
45 12
7 10
13 18
53 12
5 7
182 15
28 83
95 115
65 10
46 166
143 190
50 136
183 5
183 6
160 7
82 116
56 78
117 191
86 189
165 11
105 12
154 5
30 8
1 4
67 136
66 2
173 8
115 7
64 3
65 17
79 165
32 12
51 0
194 2
63 13
79 19
149 1
134 10
45 15
23 103
28 9
114 7
22 60
54 170
77 18
21 107
154 175
178 5
44 4
33 15
47 8
138 9
102 183
79 7
35 68
112 13
168 2
142 161
53 138
110 11
116 17
78 182
191 15
196 6
91 107
59 4
63 65
59 119
59 140
165 14
94 110
74 17
69 146
153 18
20 142
130 179
79 4
159 1
38 61
195 12
10 18
106 11
119 1
40 9
171 13
119 7
119 168
95 124
80 1
177 17
93 163
33 0
82 171
122 4
144 7
44 174
96 10
32 46
161 193
48 12
191 2
168 3
51 14
153 174
20 194
110 12
25 16
144 146
51 19
70 112
87 3
126 192
95 158
166 3
1 9
122 2
70 11
22 7
90 171
53 86
45 1
28 12
116 171
55 19
35 16
68 19
62 69
99 19
182 199
108 3
83 89
69 13
81 178
84 86
171 9
41 144
63 78
110 159
108 183
78 11
122 7
25 103
107 152
34 57
40 132
173 14
77 100
108 13
36 17
88 2
69 129
117 198
171 12
28 61
43 182
189 1
66 134
3 4
25 57
102 17
145 4
73 14
108 8
87 175
56 13
26 165
41 12
145 3
147 13
106 4
193 11
33 125
139 183
46 158
77 101
28 1
105 10
43 123
54 3
134 13
166 0
102 14
28 19
28 54
39 8
89 8
91 171
26 117
60 176
32 75
167 5
116 184
94 15
67 114
75 190
143 153
43 2
152 193
20 121
71 4
60 18
56 91
67 8
27 9
81 114
114 16
184 4
135 180
114 2
69 16
22 6
104 182
187 193
152 188
170 5
92 154
85 179
153 195
101 11
191 0
73 89
24 168
159 13
147 12
107 2
65 70
96 110
89 16
31 97
55 97
112 4
159 12
178 182
52 57
51 75
140 177
27 155
130 15
95 14
38 0
2 4
153 175
130 1
135 1
24 6
24 96
98 147
25 92
144 163
145 186
63 100
53 184
66 141
58 63
52 194
68 137
28 129
98 151
55 56
152 19
72 19
117 184
82 7
107 197
5 10
139 175
74 8
137 3
77 198
75 184
79 14
42 47
48 125
189 18
53 54
1 7
92 126
40 110
29 19
69 15
81 182
96 18
84 147
22 141
65 3
28 17
198 5
46 81
9 19
70 0
55 126
112 7
157 10
149 9
133 187
117 17
73 3
26 36
25 13
195 9
132 8
51 17
110 128
74 100
122 10
118 169
112 134
112 185
181 13
115 19
12 18
92 9
164 169
182 1
93 169
60 137
35 69
155 188
141 11
45 10
66 165
47 18
27 90
48 154
185 8
49 9
40 7
69 175
192 14
92 2
2 18
31 77
179 5
108 147
79 143
25 122
26 14
125 5
124 13
130 137
120 13
44 0
24 36
87 10
51 10
149 16
40 12
8 9
26 194
49 12
109 156
173 10
60 109
100 164
95 114
93 5
56 18
66 147
116 2
73 170
140 1
184 18
90 141
132 19
156 11
95 109
173 9
75 159
174 14
49 108
152 4
123 9
13 17
158 1
128 0
34 16
45 86
84 184
65 176
25 139
34 19
139 184
86 113
60 141
35 195
57 117
116 1
109 14
165 170
25 175
6 11
104 12
172 11
71 7
27 5
69 173
31 57
55 190
20 54
0 17
185 9
58 144
83 166
83 167
120 192
5 17
90 16
123 126
88 96
165 2
111 4
46 116
183 4
47 169
33 100
94 4
75 1
79 0
87 16
86 115
74 107
107 10
8 12
109 12
198 9
30 166
108 196
55 2
77 81
7 14
86 2
150 157
38 118
177 19
168 1
76 5
89 143
56 169
91 183
140 6
76 4
189 8
104 13
110 168
65 172
144 14
108 6
113 126
106 8
31 33
172 177
38 5
129 148
35 108
40 43
141 17
48 0
163 9
92 17
110 17
124 8
120 193
24 172
145 5
149 156
186 1
74 14
64 19
52 186
38 3
25 60
39 88
40 91
55 188
118 7
54 186
150 180
89 195
53 139
64 109
106 5
156 196
98 125
36 41
63 109
62 0
36 62
95 1
152 15
173 6
58 177
107 0
21 84
120 147
193 9
48 175
83 0
40 3
134 182
55 9
128 11
30 186
121 145
153 167
111 119
103 1
76 173
176 18
109 182
94 163
119 19
25 188
1 3
133 9
93 15
23 10
13 15
68 162
178 2
119 13
157 18
90 1
27 35
27 170
144 154
123 172
62 2
58 3
139 0
124 15
34 195
39 92
81 104
36 3
43 98
175 0
33 151
38 181
130 193
160 1
43 159
131 195
196 17
13 16
67 177
112 16
74 110
134 11
65 8
48 90
28 156
84 88
173 13
28 97
75 146
125 4
56 14
186 16
94 16
167 9
178 198
102 122
25 88
144 162
39 48
180 8
187 0
73 150
65 197
85 15
56 57
55 80
131 16
39 63
34 108
22 109
105 16
39 13
146 171
8 19
62 6
31 123
165 4
173 2
126 2
172 9
123 175
4 17
170 10
23 36
78 185
74 177
88 6
88 120
140 2
25 7
74 117
127 0
176 12
41 19
136 163
48 6
193 16
18 19
31 66
58 15
93 18
122 135
94 3
8 14
184 12
61 19
66 183
20 139
5 11
108 172
34 2
79 122
32 79
1 19
181 12
37 14
43 196
46 197
185 0
150 19
133 19
84 193
195 16
91 131
50 15
72 96
157 191
28 58
24 3
88 196
71 135
191 18
79 174
35 122
60 145
153 0
55 17
37 155
73 192
107 18
113 16
37 82
64 99
171 15
26 18
98 115
41 103
151 11
36 40
96 127
107 118
124 9
96 157
48 151
1 6
179 17
90 0
129 138
90 95
66 195
129 10
86 184
103 135
154 176
74 6
53 79
44 187
174 16
64 167
25 174
126 147
87 14
79 187
65 115
36 105
30 183
71 81
84 117
24 55
57 196
129 19
114 144
52 1
182 12
193 196
159 7
117 10
120 168
34 7
149 159
149 14
146 19
136 140
130 10
149 11
121 169
47 16
26 82
85 11
178 11
59 7
22 195
135 11
35 1
118 3
74 149
91 196
35 55
43 59
42 198
47 101
149 7
131 14
125 13
147 4
126 171
73 189
124 128
46 181
1 13
94 10
83 16
46 121
48 18
122 15
120 164
172 3
86 89
31 15
47 1
83 85
85 0
153 198
76 142
130 148
52 183
28 11
143 1
9 14
177 14
168 13
116 10
159 17
170 19
95 150
103 0
170 2
82 128
78 160
113 3
157 12
194 12
128 133
88 182
129 11
82 10
9 15
2 15
113 8
196 19
76 189
36 179
29 146
102 174
177 5
93 108
160 193
103 181
159 162
82 12
165 179
142 17
143 11
121 174
22 123
67 13
15 19
49 88
6 14
191 192
89 10
43 61
168 11
23 13
134 172
30 180
23 16
28 198
2 14
198 2
32 61
56 87
77 10
24 1
50 67
98 12
61 123
167 172
127 139
51 76
3 11
128 13
59 108
97 136
193 2
123 187
64 4
25 90
42 85
21 170
108 123
21 74
174 6
92 19
63 11
179 14
6 17
65 191
35 116
27 123
36 114
54 176
87 197
161 14
73 9
35 54
172 176
150 3
102 191
115 9
148 162
159 8
128 148
136 10
102 116
64 5
41 67
83 199
105 6
44 6
94 19
33 192
51 108
26 161
59 12
91 1
71 76
35 192
170 14
66 8
119 2
63 0
80 178
46 127
5 14
95 163
25 12
199 14
119 125
88 3
176 4
108 118
40 167
191 7
26 113
39 147
53 19
127 190
28 148
46 14
25 144
142 146
46 119
47 126
43 185
113 155
116 135
8 11
95 164
125 190
132 11
120 9
114 143
184 3
95 16
27 0
67 9
91 154
51 84
121 11
35 19
51 7
186 197
49 73
141 152
122 151
107 190
157 177
39 15
161 18
66 164
150 17
161 6
42 13
92 7
87 119
67 185
161 10
40 120
21 151
107 176
119 145
34 171
32 65
21 7
199 19
151 161
80 18
58 173
64 18
137 145
146 7
105 113
139 198
60 185
25 170
20 98
114 135
46 175
56 10
155 8
101 12
35 149
147 157
98 156
165 8
155 196
117 167
102 3
1 12
57 17
108 171
3 18
7 17
51 18
16 19
165 12
77 164
146 156
129 130
132 5
153 5
34 0
73 18
55 0
36 18
112 19
65 13
134 170
68 18
66 85
44 96
132 7
52 100
141 6
151 10
182 13
173 15
47 60
6 9
89 2
73 16
21 153
91 16
42 126
140 16
152 13
38 141
62 16
135 193
53 162
70 73
108 11
126 10
104 188
197 0
109 133
138 10
75 144
69 156
106 6
79 93
21 131
78 101
90 10
53 175
9 16
76 182
82 4
66 185
149 192
159 161
81 16
69 4
75 2
24 131
99 4
123 15
144 6
138 0
31 2
175 17
51 15
86 145
87 0
12 19
52 155
176 2
2 8
64 133
88 11
152 154
31 46
81 139
81 140
85 1
56 187
46 199
148 6
80 3
71 134
21 83
164 195
57 136
74 128
166 7
188 4
51 6
42 14
190 6
156 191
49 92
134 18
105 162
96 128
9 17
38 54
158 196
90 161
197 12
66 188
14 19
10 11
149 171
127 17
57 73
189 5
54 114
117 7
30 4
142 18
86 107
118 138
89 189
183 13
196 4
167 19
93 191
40 82
186 4
147 19
4 16
36 1
191 9
119 139
142 152
86 194
20 138
0 18
41 13
70 1
71 75
32 1
2 12
178 18
131 13
51 134
89 11
37 71
28 14
11 15
42 74
78 6
96 151
92 118
72 104
54 6
90 107
52 89
35 5
61 17
166 168
52 132
96 6
68 112
78 19
152 163
55 181
39 195
15 17
146 150
33 107
79 172
56 15
44 83
81 134
67 140
109 6
91 12
85 116
157 169
120 169
181 11
135 4
169 0
27 115
93 11
39 16
38 146
69 170
133 163
47 152
46 1
26 47
51 80
122 191
63 15
24 46
48 52
5 15
187 5
35 4
110 15
54 149
40 155
22 157
159 6
167 6
1 18
167 14
53 142
50 4
40 10
191 19
111 10
96 7
46 70
79 16
25 8
120 127
106 153
132 138
98 185
34 152
41 81
112 3
107 16
60 11
52 16
171 172
123 184
48 98
171 17
80 7
158 8
42 96
74 184
198 18
75 104
50 9
43 4
54 58
22 93
92 12
162 180
76 110
131 15
40 130
68 11
111 15
3 10
38 74
124 1
163 183
84 177
50 14
153 160
77 121
38 2
33 39
106 16
84 135
148 2
178 193
139 177
132 17
192 2
125 157
183 16
30 43
121 167
20 18
182 17
123 138
189 2
155 17
66 81
83 19
47 175
187 10
4 10
62 96
115 13
58 176
62 18
82 83
34 9
68 16
70 3
191 1
68 189
91 13
152 14
64 150
144 193
57 1
157 0
39 17
50 12
190 18
48 116
49 60
73 145
66 190
91 164
44 160
37 58
88 95
92 178
186 13
111 16
50 16
118 136
81 156
54 18
129 176
103 13
152 16
175 16
106 12
94 104
70 131
56 4
129 143
123 182
64 16
81 11
133 14
56 3
23 105
71 160
122 11
62 191
187 7
166 6
58 18
44 173
142 167
29 144
164 19
154 16
122 166
59 19
40 169
69 2
31 44
138 17
102 11
50 176
72 13
116 117
22 18
107 167
136 16
29 79
32 13
183 7
127 133
133 8
90 17
133 157
50 7
180 3
94 113
34 92
34 121
52 13
4 18
114 194
118 161
27 192
42 62
0 4
89 6
116 19
36 82
118 14
101 153
152 180
165 13
67 10
113 119
7 19
113 176
130 178
166 189
124 189
0 5
50 122
139 11
131 11
72 4
44 133
193 15
130 0
125 159
153 16
112 159
57 16
27 65
75 11
75 7
78 14
97 115
130 194
83 111
62 4
73 1
157 5
173 17
94 155
81 13
170 187
145 165
10 17
39 91
138 4
138 15
123 13
56 77
127 166
74 144
85 165
130 18
43 16
37 83
20 7
177 187
29 3
125 146
100 10
44 170
118 18
182 19
7 18
115 191
85 19
98 177
32 18
44 47
117 142
115 166
50 106
79 153
107 171
178 4
86 124
148 11
86 19
36 108
34 1
20 30
45 159
101 109
71 8
131 139
51 3
182 8
162 11
76 1
64 134
98 0
165 9
53 5
35 199
39 4
47 191
31 13
26 0
61 15
0 11
91 168
30 12
138 196
84 157
151 7
61 138
54 188
86 1
46 63
35 125
44 119
58 172
63 187
67 11
22 10
48 15
144 17
76 129
146 11
131 9
83 11
32 9
109 4
116 172
86 14
30 60
192 0
173 187
121 126
83 128
9 12
67 17
185 11
32 190
86 132
161 8
89 9
40 6
38 50
39 132
36 151
197 16
59 9
27 77
25 132
184 8
45 98
124 7
97 155
78 85
0 9
27 13
179 196
8 10
68 10
190 17
180 16
34 172
117 5
42 114
53 183
40 15
106 185
159 11
0 15
79 140
28 186
78 18
110 149
155 183
33 4
54 174
124 144
73 97
121 10
23 184
54 125
76 6
168 15
112 176
4 15
12 17
105 15
149 198
107 110
147 195
113 136
141 142
105 1
81 0
128 184
99 159
38 13
56 1
41 5
25 165
11 12
53 108
73 116
180 15
46 188
13 19
128 19
106 193
20 69
88 19
83 104
158 5
21 61
49 1
119 16
74 3
178 8
136 11
26 1
150 18
39 169
53 18
122 19
84 192
107 124
57 12
52 128
5 12
83 135
80 17
30 94
39 3
126 14
28 10
87 18
116 8
121 183
24 10
40 104
192 194
168 16
169 172
92 196
89 103
30 68
22 150
98 146
81 121
129 8
108 145
56 127
182 5
109 11
78 123
51 141
52 55
90 13
168 197
197 3
46 142
5 13
103 15
23 50
88 1
108 116
60 17
40 13
42 137
24 140
37 92
45 65
100 170
189 190
162 17
145 0
197 13
148 191
76 172
115 16
100 4
55 114
31 133
82 6
106 151
157 1
51 12
126 7
42 52
48 112
126 150
104 9
153 181
133 192
130 133
103 142
114 3
30 44
32 16
62 3
33 84
6 19
72 3
30 93
169 173
22 63
46 19
131 156
137 13
42 49
63 130
33 146
2 6
47 149
62 153
39 75
54 2
84 93
64 65
73 13
136 13
150 4
43 64
121 19
138 183
39 97
117 12
21 141
79 142
0 14
102 148
15 16
45 152
61 111
40 186
132 0
98 9
199 1
63 196
26 120
99 137
140 17
148 14
118 145
34 14
84 18
95 111
109 151
164 7
110 3
148 150
42 19
40 11
128 10
163 165
34 179
57 11
132 175
179 180
126 13
37 189
106 113
139 13
92 152
30 66
189 11
161 197
44 17
115 117
143 5
23 161
119 120
32 10
139 6
5 19
109 0
74 132
58 109
51 104
89 7
86 17
96 114
193 0
173 19
125 193
21 152
131 182
166 19
47 19
74 2
45 8
77 199
78 15
60 16
21 13
65 77
139 153
66 133
63 95
12 13
98 11
90 132
99 171
9 13
107 159
43 157
175 6
188 10
47 86
123 144
131 158
31 5
143 9
3 17
173 196
24 93
145 12
158 6
192 4
95 15
56 83
192 10
65 75
46 16
2 9
90 6
68 84
36 2
24 42
63 2
187 2
91 120
40 168
34 88
29 5
35 140
72 86
80 174
131 19
52 185
29 94
187 188
85 3
47 84
182 2
41 42
96 136
53 7
134 1
32 14
48 120
51 96
8 16
62 116
57 113
21 31
156 8
26 11
111 126
36 92
80 8
41 14
6 12
25 2
40 162
128 156
96 160
72 7
11 13
154 163
152 166
23 15
142 13
75 110
169 14
154 8
105 2
34 153
93 8
13 14
141 7
136 17
123 124
52 8
162 184
32 99
29 9
116 12
85 8
116 161
47 50
53 61
40 59
108 138
192 8
67 74
161 3
32 120
9 11
23 3
118 6
79 160
153 10
33 175
71 119
16 17
66 160
119 128
107 8
132 160
12 15
62 72
3 8
108 194
55 3
62 17
88 14
141 198
81 17
80 2
77 8
125 8
36 124
83 17
189 10
62 88
105 7
23 68
92 13
75 177
143 19
90 175
104 148
81 142
28 67
153 185
112 195
191 3
147 14
71 191
37 121
105 181
175 2
94 2
87 130
91 6
68 166
189 4
148 10
57 7
25 148
21 10
191 11
186 189
173 192
81 14
181 199
43 188
185 1
44 106
69 91
32 146
70 108
49 0
69 17
86 13
56 12
44 129
7 15
140 190
42 100
58 0
130 135
151 13
73 122
178 7
44 3
66 89
131 0
120 3
57 177
99 8
186 17
102 13
27 116
49 139
164 190
75 154
42 16
86 4
159 177
129 14
49 2
48 9
7 13
82 0
37 105
20 8
47 73
61 13
142 1
41 147
32 164
53 118
68 6
95 126
68 80
117 179
197 11
52 11
155 19
42 3
183 1
1 2
84 6
113 196
57 111
80 91
37 73
131 12
78 176
74 19
88 117
63 18
62 5
31 91
94 12
67 2
191 10
66 146
50 159
83 18
38 182
47 162
33 89
162 6
110 2
158 10
28 8
134 181
44 74
41 197
197 8
101 142
146 196
52 148
85 164
36 0
108 160
121 13
29 153
72 0
37 1
35 156
111 150
132 14
150 9
21 106
153 11
58 166
193 19
179 12
49 166
151 9
32 38
58 197
97 10
45 61
104 139
63 19
154 7
2 7
43 76
128 1
108 17
40 0
50 8
187 16
105 14
80 89
37 0
134 3
117 0
42 162
38 114
54 19
28 166
168 5
128 14
4 12
84 105
67 3
56 142
134 15
153 3
114 17
172 5
46 155
144 4
132 179
59 152
141 9
27 150
49 185
53 100
113 1
177 0
93 14
61 18
119 11
79 9
0 2
36 119
64 194
70 190
172 6
64 190
74 18
86 5
90 121
87 13
198 0
165 7
118 13
167 1
90 11
98 8
28 197
122 14
142 5
113 170
78 13
117 185
22 13
40 163
115 199
11 16
126 6
77 184
146 12
67 5
167 3
4 13
152 2
90 5
164 198
62 11
109 3
176 9
185 18
117 163
87 15
145 164
20 97
69 92
115 194
48 7
99 129
133 7
24 132
4 11
14 18
26 67
85 9
135 0
152 17
145 198
66 0
84 123
137 158
152 18
192 15
193 6
108 124
173 198
163 6
127 131
90 91
71 107
120 182
27 69
103 3
130 19
79 91
186 5
56 130
47 11
72 166
76 89
35 13
26 2
53 75
87 179
96 1
89 144
83 87
80 122
53 13
56 134
162 168
26 6
108 176
36 176
69 87
92 153
86 149
181 18
169 193
137 144
10 19
20 75
33 42
127 136
53 98
94 118
89 92
88 125
66 1
42 106
177 4
63 10
82 146
83 10
37 107
180 6
158 161
107 17
68 104
97 123
44 73
195 1
67 179
29 154
26 64
51 1
143 194
32 127
69 104
24 19
24 167
21 19
91 153
61 2
30 144
188 11
115 5
42 64
161 11
166 8
180 13
34 156
146 190
102 129
84 126
77 169
95 17
91 14
88 128
23 181
54 136
187 6
94 18
45 9
56 61
42 108
103 157
75 102
122 179
75 98
17 18
0 7
147 1
166 2
176 13
178 0
98 101
44 148
169 180
20 77
128 188
38 193
61 0
39 9
7 16
50 102
112 6
81 154
196 1
154 4
37 5
70 7
64 153
159 193
31 43
194 10
109 135
77 6
58 5
62 102
80 6
67 89
98 14
39 2
190 4
104 183
73 132
54 193
75 148
50 162
35 6
123 150
104 113
15 18
8 13
3 15
66 7
111 1
96 180
149 18
46 17
180 12
176 7
93 12
20 191
127 6
56 0
38 115
123 3
0 10
159 4
39 86
147 18
4 5
83 9
97 163
108 129
92 96
7 11
68 7
59 172
52 62
170 15
22 138
112 150
145 17
23 120
4 6
82 17
96 3
74 159
99 14
157 14
109 1
158 11
195 13
107 15
14 15
29 1
138 181
163 8
55 148
27 71
68 195
9 18
146 3
20 16
140 179
