83 84
85 10
109 113
153 17
27 167
194 18
119 16
143 12
69 2
20 8
167 1
62 2
43 2
70 17
9 13
39 16
86 14
39 18
159 11
119 1
22 71
21 19
83 189
123 8
51 13
145 189
71 108
52 135
181 15
48 80
40 0
181 17
114 118
147 12
123 5
96 14
71 112
4 17
79 16
154 13
165 7
196 16
115 175
15 16
23 102
81 14
61 166
145 14
181 9
78 193
77 162
37 19
58 0
145 10
30 15
118 2
98 12
34 182
95 8
47 0
122 9
71 7
30 160
77 5
181 188
155 18
124 5
103 167
91 16
106 116
138 5
27 16
79 159
58 133
195 2
90 4
110 13
180 5
92 4
31 124
51 110
157 6
88 116
169 17
106 13
125 8
40 2
59 135
26 11
44 14
44 157
136 6
182 10
154 175
152 3
199 7
191 9
38 4
73 179
182 14
10 18
78 5
64 1
138 1
148 1
173 13
132 135
152 0
48 13
76 137
118 15
85 101
0 16
26 195
134 4
20 41
83 12
7 13
80 1
191 16
171 2
17 18
72 195
45 17
58 4
35 8
167 13
161 1
42 80
97 14
36 8
27 11
135 18
66 67
1 12
0 11
195 11
104 13
117 174
151 16
57 71
120 8
123 138
111 5
62 185
108 133
110 18
105 5
164 1
80 19
35 17
75 7
122 1
28 14
129 5
1 10
124 2
174 15
4 6
26 6
160 18
89 157
139 16
44 137
138 3
40 96
112 187
33 160
142 8
62 121
173 183
47 168
36 107
115 9
125 130
66 193
69 18
73 122
122 4
108 191
139 7
1 16
150 8
165 12
37 15
104 189
82 12
52 3
92 173
40 138
149 12
115 166
1 3
153 187
23 4
165 14
33 132
179 13
168 1
88 14
118 11
58 145
85 8
93 116
85 16
8 15
92 184
73 13
131 18
60 18
3 13
4 14
87 4
67 6
60 4
146 15
194 16
69 149
70 103
173 2
43 197
50 58
126 13
6 10
142 2
46 12
168 15
171 11
90 1
61 121
21 8
84 113
149 178
2 17
169 18
176 18
99 1
35 145
35 1
102 1
148 11
59 16
115 194
101 4
41 151
49 0
182 18
38 3
123 169
28 8
86 108
48 8
29 53
95 145
2 11
183 8
120 13
196 14
145 18
78 15
155 0
48 7
110 5
112 0
177 2
49 178
14 15
135 4
90 6
113 10
20 145
71 155
155 6
147 148
130 10
5 17
147 7
24 1
62 189
114 163
127 185
180 17
75 191
99 10
63 9
96 13
63 18
97 6
133 9
51 100
102 0
63 158
51 108
93 14
23 110
158 11
71 17
127 19
73 3
10 11
9 19
134 18
34 190
14 16
110 3
166 7
40 186
39 3
92 7
180 2
106 143
180 6
73 12
56 195
148 162
146 16
195 12
39 1
89 17
151 17
185 6
197 18
85 120
55 17
63 15
127 179
97 12
47 2
144 13
194 12
80 14
115 19
112 15
46 4
51 88
102 8
174 193
120 3
22 12
185 198
120 10
3 19
41 16
74 104
1 13
34 188
145 17
58 9
43 12
47 178
87 198
75 111
154 19
25 42
100 19
50 16
33 85
66 9
66 11
76 7
159 186
45 78
79 4
43 96
68 15
41 191
4 12
151 3
42 1
127 0
84 6
98 9
167 8
149 4
179 4
82 4
64 2
93 9
7 16
33 98
2 5
194 8
123 10
95 6
48 183
133 17
154 8
170 12
160 5
31 96
138 4
9 12
170 0
109 14
184 12
45 104
43 19
106 0
91 3
157 14
64 14
126 176
12 17
134 2
167 188
148 17
124 3
146 184
23 1
84 8
21 42
120 164
142 179
114 9
162 176
5 18
156 13
94 10
120 128
179 8
174 7
24 172
192 12
63 4
197 19
38 59
81 17
125 178
12 16
88 16
149 15
115 12
13 15
21 57
168 197
124 18
62 4
77 11
117 12
66 10
187 11
93 8
196 6
95 12
100 171
37 147
70 196
165 9
0 19
43 16
110 15
26 8
27 19
136 18
109 5
89 15
97 18
116 19
45 18
52 2
42 0
52 116
196 15
193 18
33 62
62 7
118 10
151 11
122 17
173 4
112 5
171 1
180 3
25 3
20 106
47 12
140 6
126 3
118 14
15 17
22 39
100 161
52 9
130 3
65 183
154 14
118 19
138 195
49 184
61 18
181 0
39 17
150 12
186 5
119 18
83 13
107 14
93 15
44 182
26 170
68 77
68 10
45 141
37 11
168 10
37 70
164 176
163 17
58 182
139 17
186 187
39 15
140 148
163 13
112 149
169 0
37 59
35 74
198 18
129 14
28 16
24 168
56 8
46 139
196 3
29 90
76 18
137 12
187 13
15 18
63 11
123 11
37 183
8 11
70 181
176 10
187 12
84 159
40 4
21 145
146 13
113 15
60 150
72 7
131 5
58 13
61 5
115 18
176 9
54 132
155 5
3 16
20 62
5 14
53 120
130 199
131 7
112 113
102 198
104 170
85 193
29 16
91 12
125 160
106 147
10 13
1 2
6 11
182 7
93 2
119 137
187 7
90 104
96 5
64 115
132 163
33 14
46 1
113 18
60 12
49 54
119 9
114 3
175 3
141 15
159 194
128 1
1 17
6 18
59 15
74 10
92 156
32 0
42 3
117 8
75 152
89 131
106 4
195 14
144 11
81 106
160 13
146 196
76 4
128 145
47 10
89 14
97 11
35 93
26 70
55 4
123 144
51 3
78 150
22 142
125 9
118 181
188 11
9 17
2 6
114 10
136 2
81 183
52 4
153 11
146 1
99 120
178 14
35 43
128 13
86 7
198 13
121 9
138 13
169 19
34 10
84 144
194 10
190 17
55 16
108 12
154 167
147 13
102 18
196 12
85 4
161 9
67 149
21 12
75 101
117 11
176 15
33 8
158 8
86 5
91 0
72 154
80 17
41 2
23 24
3 11
107 0
27 63
21 114
40 130
63 6
98 7
20 17
97 13
38 39
55 2
33 5
92 12
118 164
149 156
92 106
75 6
184 197
108 2
44 6
37 1
24 17
84 12
12 13
126 138
171 12
139 1
192 0
131 4
185 187
111 4
79 9
129 19
127 8
116 9
109 160
122 161
75 16
77 9
22 6
8 19
141 5
68 6
44 13
151 1
58 15
26 17
102 176
77 4
9 10
143 5
126 6
136 7
150 162
33 7
20 19
35 52
70 15
131 6
74 148
71 10
120 7
153 4
166 3
0 14
113 177
77 14
155 16
199 16
2 9
75 158
55 108
155 2
73 165
68 136
61 1
62 17
86 11
133 0
43 18
4 7
31 112
47 6
26 45
107 10
132 11
85 12
81 11
192 2
124 7
110 9
74 2
116 2
143 1
119 14
40 100
28 12
128 5
92 2
163 12
133 169
120 5
115 7
148 6
117 151
151 9
154 12
119 8
27 5
83 1
119 7
71 3
76 115
45 8
66 3
53 7
30 0
100 15
49 12
94 19
79 2
168 7
20 130
116 7
64 10
84 3
126 14
148 9
108 132
110 14
115 3
172 17
144 9
87 11
173 193
59 18
167 0
60 0
28 182
75 18
133 3
144 16
52 13
108 17
67 195
36 17
47 3
35 12
142 170
27 2
174 10
92 8
123 12
136 16
180 8
59 13
76 99
91 160
79 107
37 106
189 10
167 9
183 5
89 111
7 10
61 144
171 195
131 0
175 6
40 16
67 15
85 9
146 4
34 180
149 17
54 141
114 11
49 171
123 17
22 70
30 118
93 19
41 1
181 11
52 171
82 8
142 4
125 13
10 15
95 4
127 12
35 151
61 100
21 171
68 7
31 81
120 18
66 162
196 2
7 14
2 7
65 81
109 15
178 16
27 3
48 15
80 122
147 0
172 10
58 190
171 8
137 17
86 17
110 1
48 182
192 17
33 4
21 15
191 3
102 5
34 4
36 85
119 13
106 9
100 17
30 8
32 83
23 18
72 6
112 129
39 183
85 0
108 13
11 17
9 15
7 11
138 19
37 88
36 42
82 11
24 7
33 136
112 11
148 184
22 169
77 196
142 7
54 6
10 12
155 12
49 8
148 3
181 1
79 8
159 12
118 12
50 3
27 1
112 2
72 85
96 8
98 2
147 15
49 17
91 191
192 5
45 1
21 32
166 12
121 163
65 119
78 152
188 195
119 19
150 13
164 8
104 11
156 187
6 17
54 9
88 91
120 6
48 49
21 6
48 6
88 18
192 15
167 12
155 10
107 16
116 0
103 19
160 16
175 13
47 171
148 12
168 3
4 5
31 125
11 14
132 19
22 41
118 133
88 191
37 10
60 9
37 115
36 72
38 12
66 126
36 4
84 7
160 19
49 11
191 17
177 8
69 102
124 16
2 4
97 8
21 65
185 7
99 142
173 11
75 9
172 4
112 184
71 101
83 115
126 8
138 2
74 19
70 16
175 0
32 178
198 5
150 17
141 9
24 16
124 9
79 104
72 16
23 15
199 18
10 16
73 2
42 5
58 12
26 18
82 1
81 0
69 145
149 7
124 184
64 18
86 10
43 1
24 155
111 19
31 4
48 58
23 142
169 14
169 3
164 19
158 1
35 2
164 17
80 10
85 118
92 1
59 147
157 1
106 5
145 7
82 14
119 11
20 5
160 2
20 15
34 153
152 9
99 8
174 9
49 9
40 13
92 10
142 19
20 112
26 14
194 9
27 15
85 1
128 148
52 104
74 12
182 4
162 6
78 90
190 7
37 8
189 14
152 5
176 12
69 5
103 146
71 1
69 156
72 2
129 10
96 12
92 16
13 16
44 67
29 3
107 17
100 10
4 11
50 166
165 6
77 125
3 14
135 7
159 182
117 2
63 164
99 135
50 0
140 11
130 13
97 148
68 5
20 12
174 12
123 151
86 101
67 76
132 7
117 3
195 8
46 10
46 122
65 10
39 14
188 16
148 0
135 167
88 161
21 75
183 10
114 1
96 0
186 7
45 16
27 7
29 6
159 3
54 17
199 17
8 18
47 5
179 18
187 16
159 174
91 17
63 10
53 11
81 105
51 17
134 1
89 7
96 3
84 13
89 170
164 13
28 18
159 187
51 192
14 17
157 13
115 183
57 5
159 5
44 7
86 4
78 6
148 15
174 14
102 130
186 194
103 113
0 4
5 13
21 0
161 16
174 18
85 117
90 13
63 12
56 17
88 96
84 15
165 11
27 46
37 148
194 0
0 3
69 6
32 19
137 9
37 5
24 96
199 11
113 7
170 2
156 6
190 14
56 87
166 19
188 12
128 193
111 18
153 158
137 13
94 7
196 4
53 90
41 130
90 8
168 2
91 137
51 0
122 186
71 167
126 19
189 16
113 9
57 8
144 7
28 15
181 3
38 8
6 8
124 13
36 151
120 183
198 3
31 0
3 6
25 105
57 134
43 14
63 165
178 6
57 12
61 7
177 19
95 127
187 4
76 117
123 16
3 15
37 40
145 15
136 169
49 5
171 10
59 0
110 4
77 17
60 2
87 6
28 7
105 10
55 162
122 13
6 15
130 4
16 17
191 1
64 8
37 102
55 9
128 2
161 14
33 3
132 4
4 15
54 66
173 0
115 15
103 14
77 18
149 19
40 9
25 1
57 125
190 19
7 18
168 5
54 143
106 11
29 147
30 3
38 68
180 14
128 189
140 18
96 19
165 10
81 4
95 10
114 8
39 10
0 6
56 103
27 13
34 11
69 144
87 0
27 4
113 143
157 17
33 9
92 14
126 10
120 1
62 15
96 11
163 174
96 18
176 13
155 4
71 16
50 18
73 5
38 11
192 19
42 172
91 14
98 197
88 11
26 19
34 198
178 9
170 177
25 156
185 196
58 10
72 14
89 11
73 14
45 149
170 19
130 163
0 1
42 12
4 19
155 17
21 16
190 9
194 14
69 19
157 15
130 8
38 1
88 149
144 170
23 14
165 18
147 191
80 16
82 19
50 19
57 18
186 1
27 12
126 4
103 15
128 4
156 170
57 94
190 10
151 6
32 8
46 0
4 16
46 3
9 11
32 191
141 19
190 18
6 9
28 2
21 95
78 3
68 18
91 124
23 17
148 7
40 11
48 14
62 19
134 147
164 2
51 12
88 8
89 8
61 16
2 10
45 192
23 117
104 136
31 181
80 3
28 17
156 186
39 4
51 18
100 1
66 0
34 12
79 14
33 18
77 144
113 5
156 10
90 101
114 16
39 55
51 14
188 0
59 9
42 15
111 12
111 2
39 193
76 19
23 13
37 9
91 8
131 11
152 14
68 4
151 10
41 51
80 7
98 18
108 8
169 9
117 6
26 138
160 174
111 10
174 196
64 185
149 10
38 2
168 9
87 15
177 0
67 161
59 93
172 9
127 196
176 7
60 19
25 7
126 7
88 12
177 3
127 13
133 168
11 16
128 19
152 6
114 15
52 10
111 3
159 15
80 4
2 8
100 16
109 0
89 143
103 198
43 126
132 2
67 14
170 11
103 4
191 19
22 15
43 149
35 58
97 101
28 156
113 16
169 16
157 8
63 116
33 53
139 164
54 11
64 187
24 89
78 16
193 17
167 5
90 17
37 3
93 12
40 141
68 8
134 6
20 70
140 145
137 1
76 173
135 6
31 5
188 6
6 13
0 10
53 91
138 11
30 116
98 15
98 198
58 88
122 16
95 182
81 157
122 11
60 10
92 185
60 8
95 11
61 117
140 7
75 141
71 19
136 1
80 106
74 152
114 162
48 16
67 16
87 146
21 190
31 36
26 12
183 11
137 15
123 6
27 130
28 5
128 168
195 4
49 15
123 4
75 19
64 3
0 13
51 131
36 75
40 18
87 18
80 5
2 13
141 13
168 12
82 92
110 19
48 18
168 16
37 63
169 10
150 159
153 16
116 10
72 197
3 7
143 6
26 71
29 63
109 159
23 9
121 13
157 12
194 7
29 15
140 10
63 1
173 5
94 119
144 1
155 15
59 94
68 105
33 133
97 7
126 155
64 194
110 172
110 16
107 116
76 139
72 160
42 191
123 15
48 170
73 15
172 18
139 14
140 194
2 18
30 17
5 7
149 8
116 14
109 19
83 14
157 185
83 6
114 19
130 11
55 61
18 19
72 73
23 5
191 0
58 3
120 123
107 3
58 135
25 13
160 0
169 11
115 188
168 13
159 8
77 87
109 16
76 1
165 192
92 140
144 4
30 32
95 5
32 16
70 11
72 11
121 1
161 0
126 15
87 3
131 3
26 96
3 18
83 9
103 3
47 17
25 2
60 177
112 13
36 7
4 13
26 9
34 13
153 196
30 7
29 9
81 18
149 5
3 5
191 13
132 15
13 18
192 1
63 8
172 15
74 5
91 92
132 9
103 117
165 19
151 8
71 15
80 127
96 195
30 9
187 1
82 118
163 8
75 17
140 9
66 12
22 3
29 86
146 9
65 13
171 177
153 13
21 115
148 8
69 199
107 11
35 166
173 9
183 14
86 13
175 8
139 12
112 16
153 2
25 9
198 16
173 184
20 1
96 1
156 174
56 7
21 4
132 152
162 199
125 134
105 143
134 10
52 19
146 19
20 2
31 2
193 3
98 4
44 17
83 131
92 11
30 137
45 5
25 196
79 169
109 191
54 0
131 16
53 8
169 12
147 11
64 152
179 194
152 17
135 12
162 15
173 14
50 15
172 14
57 101
13 19
160 1
117 9
104 15
72 137
164 0
85 13
83 3
190 1
130 2
141 8
43 161
67 87
128 156
90 111
53 0
73 7
136 5
149 11
90 14
199 5
56 58
54 164
59 7
58 18
152 159
34 112
128 0
123 18
1 5
64 97
53 123
39 19
109 8
41 13
136 193
87 162
89 151
32 129
79 19
72 10
56 11
127 9
3 10
25 12
161 10
104 4
146 0
130 15
25 166
192 11
32 14
34 16
64 101
105 14
73 11
20 0
38 0
194 6
82 7
45 6
120 9
121 198
70 6
162 170
101 19
21 59
29 17
65 5
128 169
125 14
5 9
90 10
1 14
92 98
148 16
97 4
77 109
86 95
1 18
109 144
66 175
56 3
47 130
69 7
76 14
96 16
162 13
44 12
56 19
12 15
20 18
31 13
60 15
175 178
27 18
39 9
31 12
96 166
41 9
137 3
75 96
127 10
144 6
7 12
59 17
59 10
124 19
39 5
155 14
84 135
130 141
31 17
151 19
159 10
95 19
151 12
115 17
31 148
32 3
115 11
158 13
48 1
102 13
23 99
146 2
126 147
31 1
84 0
7 8
90 141
60 192
47 13
54 8
117 188
43 116
194 5
136 0
55 18
34 93
44 15
154 5
65 104
1 4
100 6
184 2
41 8
79 0
45 9
43 137
4 9
77 10
188 7
196 18
124 160
60 17
72 1
132 162
58 5
74 116
5 19
113 161
5 15
30 173
0 7
98 6
95 154
156 16
157 4
89 9
88 19
9 14
91 1
97 3
121 183
69 16
153 18
118 182
60 198
91 183
144 2
187 2
10 17
170 4
146 6
158 12
3 12
147 198
189 19
100 7
161 15
38 148
167 14
48 84
151 174
88 0
28 1
24 6
181 10
126 2
49 152
23 10
58 16
90 7
161 12
119 132
85 148
56 16
20 136
26 155
96 113
48 137
23 152
2 14
134 8
140 13
110 2
43 7
69 10
168 19
138 179
24 11
194 15
5 8
170 183
88 10
38 172
172 178
43 3
165 5
118 4
107 134
114 135
25 64
54 94
20 7
120 11
45 3
53 71
118 128
151 0
163 2
101 7
165 195
57 1
68 0
80 0
196 11
28 3
184 4
79 185
66 112
25 17
50 119
57 145
23 148
125 12
72 75
77 111
128 161
178 2
156 0
176 2
172 193
95 1
94 187
112 19
8 12
106 1
156 161
192 18
156 1
2 12
40 173
53 17
24 79
39 13
61 93
160 4
78 4
36 154
102 151
177 9
58 146
41 7
130 174
78 18
74 0
60 156
129 0
99 17
4 8
142 3
107 7
54 5
144 19
136 9
165 15
117 16
168 14
149 154
89 10
94 152
125 129
71 194
6 19
155 163
63 3
28 9
22 16
98 8
199 1
168 0
133 16
54 14
129 7
25 77
102 149
197 7
8 14
91 194
125 16
58 189
186 9
156 7
79 180
95 15
186 17
59 12
161 19
63 186
45 12
166 8
66 14
33 15
75 89
162 19
141 156
118 16
198 6
128 186
91 5
197 11
27 199
124 10
182 3
44 19
86 8
111 17
135 13
88 5
117 18
94 4
77 1
40 17
25 4
66 16
146 178
97 161
39 154
193 9
60 91
175 9
194 13
36 15
152 18
93 175
78 0
162 18
59 8
133 7
91 197
20 11
51 9
122 138
66 188
164 10
163 18
89 0
188 4
117 19
43 145
178 7
39 111
87 196
57 6
129 11
129 8
105 3
54 16
189 3
132 10
188 1
21 77
82 173
35 18
168 6
22 35
132 8
35 19
6 7
129 4
153 8
0 9
44 143
161 11
190 11
46 15
164 14
29 1
66 164
69 91
52 16
123 0
134 0
0 5
80 18
74 142
168 11
97 141
151 18
151 180
55 8
49 7
70 13
32 1
94 12
166 13
170 15
164 12
46 173
67 18
0 18
1 8
29 4
77 12
87 7
107 110
163 9
177 5
134 152
164 16
45 189
164 3
132 3
108 14
197 16
166 18
151 13
98 106
118 1
24 58
179 0
182 6
159 1
12 14
67 176
48 90
1 7
98 0
56 6
158 3
50 13
139 19
146 17
136 15
154 2
138 15
77 106
87 16
171 4
60 193
62 96
85 194
180 4
151 160
98 162
54 12
124 12
60 81
38 10
154 18
7 15
64 93
92 13
89 18
140 17
146 10
144 8
89 146
22 5
190 13
47 19
48 11
98 19
69 4
98 110
106 6
171 3
4 18
81 15
182 19
24 8
133 141
41 5
142 1
120 12
144 10
121 7
109 18
158 16
121 14
13 14
41 10
172 11
40 6
145 2
5 16
89 112
84 9
124 11
176 6
85 141
102 11
10 19
135 16
142 15
132 6
99 18
197 0
105 15
199 3
47 48
47 97
103 0
89 4
189 194
149 14
47 18
7 9
43 127
62 14
35 161
176 4
113 14
114 17
46 84
85 17
94 8
106 12
156 180
45 196
60 7
136 11
48 178
106 193
63 199
89 154
147 14
134 145
29 18
43 177
170 17
36 198
117 129
8 16
191 15
121 17
61 3
36 195
83 126
107 182
55 19
198 10
185 8
45 76
74 176
50 85
171 6
78 10
31 70
121 6
153 15
62 110
91 4
9 18
107 179
185 11
158 2
164 9
164 170
162 1
79 170
30 2
115 10
43 9
123 2
89 6
26 0
134 13
96 139
197 5
1 15
66 17
63 17
140 4
8 9
1 19
74 18
101 10
81 1
123 7
117 10
22 11
168 17
23 175
76 8
119 10
106 15
74 14
187 8
150 5
95 13
162 189
148 18
32 196
133 13
89 5
84 193
76 17
180 13
55 74
146 8
43 8
58 14
3 4
144 0
34 87
40 87
152 7
37 125
41 127
137 8
25 37
172 0
84 14
78 119
47 7
94 134
91 10
188 8
82 15
178 12
195 7
117 138
124 0
182 9
72 171
87 96
103 2
99 13
70 19
101 5
171 5
151 7
109 13
179 6
103 6
36 155
47 9
156 2
29 151
71 122
42 9
41 14
0 15
199 4
29 77
99 155
166 14
21 10
113 151
7 17
76 9
199 6
158 0
118 13
152 8
61 193
187 18
125 11
139 18
159 17
146 7
92 108
67 5
60 1
182 1
20 76
164 7
184 3
43 95
78 7
175 19
170 7
53 137
26 132
102 194
23 123
57 13
153 0
64 118
47 184
188 3
105 18
162 17
89 3
24 107
80 85
100 8
154 6
71 79
29 7
71 0
57 17
29 13
3 17
99 11
82 2
5 11
50 134
0 17
91 13
12 19
137 170
176 14
81 7
193 16
43 90
61 10
67 19
11 19
88 4
87 5
83 4
172 19
47 103
197 15
171 178
180 16
46 86
156 14
127 14
104 5
119 6
176 3
23 173
88 3
143 7
24 15
8 10
31 183
111 14
143 189
58 63
115 157
72 18
99 7
49 14
90 11
100 150
112 173
35 10
136 3
54 19
83 120
40 14
177 6
51 133
86 12
50 12
92 3
127 16
22 13
2 3
8 17
189 17
193 19
7 19
75 0
20 3
170 13
165 17
43 0
142 10
2 16
139 10
35 124
87 8
51 19
32 13
42 10
147 2
6 12
138 14
113 3
166 1
45 2
199 19
128 8
135 14
85 175
93 172
64 4
50 194
143 4
91 119
139 13
31 11
110 155
147 18
128 18
156 12
114 6
125 5
108 164
49 77
66 6
42 125
42 17
159 6
127 2
77 102
44 18
74 4
179 15
183 0
31 10
126 1
167 19
163 5
99 9
17 19
77 13
127 1
71 2
125 19
120 2
184 18
5 10
100 164
155 7
25 94
116 18
110 12
143 8
21 152
154 17
99 123
116 147
149 166
54 13
123 1
198 7
84 129
162 8
80 11
162 9
66 94
99 121
53 3
87 129
129 6
95 180
139 0
79 10
143 15
59 11
30 16
104 7
24 5
194 17
49 144
46 81
12 18
161 5
78 9
183 13
27 110
5 6
125 4
139 3
41 0
36 11
129 9
97 5
27 138
91 155
150 2
1 9
15 19
99 15
79 117
198 2
180 9
122 7
126 189
177 1
100 14
52 179
11 12
42 13
35 3
26 69
53 86
118 7
133 4
83 10
154 15
82 10
141 16
61 12
20 4
108 6
154 11
125 7
85 6
1 6
35 108
43 109
166 192
181 13
81 19
16 18
27 14
10 14
47 15
120 0
24 0
42 81
130 185
79 142
136 10
197 17
70 10
145 8
181 19
59 19
166 16
117 5
95 14
65 9
26 15
14 19
194 4
109 110
9 16
186 14
181 198
98 113
133 15
182 17
144 18
67 177
65 1
74 3
109 1
87 9
24 144
108 9
162 2
67 154
36 10
37 116
48 17
6 16
14 18
84 19
20 9
159 16
28 48
98 17
0 8
124 151
103 105
44 126
132 142
98 13
70 113
23 52
95 9
152 16
59 4
166 9
59 77
25 119
85 18
51 173
87 128
11 15
163 10
33 170
69 0
165 2
167 11
8 13
75 8
197 2
33 10
11 13
4 10
120 19
147 6
86 3
21 157
166 17
195 10
152 2
171 188
142 14
124 1
188 2
180 19
70 12
39 113
98 3
89 19
108 11
139 11
40 12
148 5
157 5
130 1
122 6
184 0
134 168
31 9
148 194
