173 8
100 158
131 3
156 6
36 4
47 0
149 8
88 19
110 11
60 85
78 125
154 8
53 16
0 3
40 6
43 188
169 9
20 7
74 150
198 4
68 100
39 45
24 158
30 151
52 135
92 10
68 18
27 50
0 10
25 166
63 5
38 8
25 19
42 179
143 0
87 2
175 193
88 146
83 1
30 2
49 69
23 62
48 11
17 19
45 11
56 78
24 19
25 5
39 158
61 4
52 139
119 17
162 0
57 75
131 158
66 121
125 12
168 188
38 78
70 9
160 7
66 161
118 4
154 10
30 168
172 192
65 161
76 12
157 13
151 5
138 15
3 16
121 15
166 0
122 17
0 11
74 14
173 179
103 4
138 3
72 9
83 11
159 0
88 98
25 46
60 15
148 10
32 7
146 13
37 145
32 77
75 18
41 50
160 3
84 4
127 14
118 189
31 167
63 1
89 10
103 12
148 6
83 124
87 13
72 8
129 144
122 135
30 6
73 6
141 3
84 8
26 124
87 143
84 3
35 14
167 175
186 19
45 77
69 152
22 93
42 124
161 179
74 157
68 6
82 17
24 84
52 6
26 58
115 176
187 191
142 199
30 4
181 19
30 12
123 2
148 1
54 109
136 16
27 56
192 10
193 14
156 176
86 121
91 105
26 10
23 3
133 12
97 13
129 184
88 17
104 19
99 6
84 6
23 54
161 17
60 139
57 8
58 174
61 139
130 7
23 26
123 19
26 175
40 11
90 1
45 6
41 59
196 12
88 182
133 19
69 12
40 52
113 3
62 192
197 6
50 10
130 6
198 19
49 13
103 124
131 5
47 80
91 14
103 10
138 16
109 111
2 6
27 49
64 4
121 4
92 7
64 68
64 2
49 11
99 100
43 164
112 114
102 19
110 196
164 4
162 14
70 175
60 122
54 157
86 194
84 183
105 128
170 4
43 14
33 14
59 11
98 123
135 8
87 6
90 3
179 8
72 157
2 8
38 6
150 8
36 129
137 2
42 7
150 175
54 0
43 181
67 7
180 1
115 139
157 16
36 11
38 188
156 158
105 192
101 5
63 153
170 16
176 19
190 12
182 15
87 189
154 19
39 58
122 189
144 13
6 19
85 7
71 145
145 4
66 99
37 4
198 7
81 83
116 15
80 17
96 195
106 109
55 57
60 80
161 19
21 57
161 187
187 0
63 70
94 191
43 104
80 119
109 5
34 15
59 0
149 12
71 17
84 95
31 95
21 37
7 15
22 176
62 83
53 191
161 16
186 14
94 5
144 10
73 18
116 158
81 118
130 19
120 4
35 11
79 106
57 71
55 83
192 5
49 115
25 13
110 182
179 18
112 7
181 0
163 5
37 107
38 163
103 17
132 13
156 194
67 134
61 123
158 185
165 1
5 14
123 9
70 3
62 16
43 108
99 146
30 160
90 159
94 158
169 0
56 3
27 76
86 191
59 195
128 170
160 6
51 8
6 12
77 197
141 189
67 6
70 187
44 3
150 173
48 5
105 8
5 13
172 6
190 2
106 18
91 8
74 198
58 3
110 137
104 7
76 9
33 73
134 135
108 157
28 33
116 18
66 17
48 131
82 9
35 158
106 188
114 2
183 0
157 8
38 43
108 4
41 11
122 134
89 1
100 130
34 110
87 106
155 167
126 192
184 191
54 106
141 1
92 166
120 1
151 17
121 10
83 3
22 69
102 176
118 197
50 81
108 11
110 14
80 96
167 0
74 172
27 169
21 4
59 8
72 131
69 124
129 18
124 4
105 19
77 2
53 164
190 192
170 6
156 166
121 1
71 19
37 18
171 4
6 15
173 17
53 134
21 195
148 161
56 121
137 143
80 178
47 11
90 10
40 14
99 183
122 6
76 185
156 3
34 91
121 144
54 67
47 132
123 184
65 155
139 14
61 101
173 181
147 14
63 85
43 115
8 19
71 4
143 3
107 145
113 127
76 150
110 19
79 13
93 7
57 16
169 3
33 83
80 10
83 0
138 5
62 167
57 182
29 165
58 19
101 3
108 192
94 2
164 18
64 14
70 159
156 12
25 17
173 12
94 190
199 12
115 147
50 11
111 10
86 12
92 175
28 1
57 17
72 160
106 5
170 12
117 17
113 18
127 11
121 6
7 9
138 17
192 17
48 174
68 1
87 108
47 158
108 2
68 12
122 1
35 195
142 8
73 159
182 10
36 19
178 16
60 3
118 123
80 177
33 7
79 157
47 7
105 7
61 128
90 117
50 13
3 11
176 4
60 12
53 10
108 142
34 0
51 79
58 2
56 17
26 0
77 12
124 18
4 6
183 11
0 19
86 114
139 12
122 7
79 135
35 2
145 14
137 17
72 4
135 19
0 16
151 173
150 1
179 7
158 4
189 6
21 53
70 183
79 112
22 103
197 17
31 186
1 10
118 163
171 2
29 95
53 19
40 129
87 136
73 135
40 13
188 11
163 12
50 2
86 158
191 3
25 155
68 144
74 149
27 36
84 18
1 15
127 154
25 122
157 7
74 144
141 16
31 13
52 18
125 198
99 16
153 183
59 95
31 196
78 127
84 147
167 3
73 184
78 19
183 9
44 11
133 2
108 127
20 64
24 177
70 12
76 2
71 5
124 174
178 8
56 11
71 18
175 199
114 0
51 150
167 16
58 75
27 51
191 15
22 123
29 5
38 1
103 11
163 177
67 162
135 18
76 124
109 1
98 135
125 3
134 180
36 167
25 51
67 84
188 3
60 17
107 13
143 8
136 1
155 173
64 70
67 91
149 10
46 84
80 15
52 14
106 14
78 152
113 13
105 109
54 127
96 9
125 17
47 177
146 2
141 9
26 46
27 140
90 143
42 2
110 186
165 173
120 0
1 2
116 152
85 145
72 84
155 10
89 143
54 91
190 11
177 0
56 12
121 189
118 1
120 18
91 187
114 9
168 177
94 14
40 50
81 8
43 63
87 194
99 192
5 10
118 15
124 3
59 140
39 11
24 184
167 15
81 9
63 142
69 178
29 142
60 2
105 144
32 126
96 15
62 119
137 147
58 10
108 154
168 15
87 18
154 2
141 186
167 199
142 5
77 147
111 4
101 7
53 5
128 164
100 7
35 19
81 5
85 1
30 71
70 181
65 79
45 197
36 51
59 137
13 17
161 4
22 128
85 188
123 185
124 161
164 171
131 7
48 2
114 171
163 3
105 15
129 8
98 4
22 139
151 10
25 172
116 17
182 18
24 148
165 12
35 52
35 16
143 1
56 13
60 164
42 111
135 177
182 5
188 193
128 16
30 177
144 194
115 6
86 5
106 15
145 1
52 187
163 16
128 136
29 169
93 197
134 8
124 5
80 14
154 1
105 1
24 143
173 193
20 2
42 45
1 18
84 13
23 167
100 146
122 10
82 174
27 4
54 81
13 15
171 18
121 16
176 181
77 180
70 125
127 17
116 3
51 10
109 9
24 82
195 17
48 159
55 187
88 127
81 17
87 121
20 95
57 14
130 186
153 14
103 1
195 16
40 18
51 15
32 0
4 5
32 127
20 17
155 1
97 2
127 3
65 194
66 145
136 18
124 7
74 12
110 8
10 19
30 149
68 2
102 195
34 55
130 17
62 73
37 7
23 17
88 12
58 111
107 119
132 15
126 11
158 19
159 166
130 180
34 4
48 192
164 2
107 146
188 2
117 1
90 158
114 167
93 14
138 4
3 18
33 68
120 197
67 15
92 184
55 16
199 15
26 110
105 4
131 10
55 8
59 114
135 145
120 10
93 10
69 156
147 8
104 169
45 131
125 155
115 1
46 122
73 95
33 8
149 187
31 49
28 171
61 11
187 16
136 157
60 98
30 169
184 186
86 9
195 18
60 163
158 2
39 17
66 182
140 6
129 166
48 96
125 14
66 150
2 10
2 12
51 7
87 10
27 10
46 80
119 1
1 17
193 0
81 157
48 51
4 18
43 50
54 8
48 13
5 18
67 18
185 0
158 194
60 62
199 19
129 15
22 94
65 158
178 5
178 17
55 1
173 3
12 19
47 59
33 108
168 6
1 13
62 19
86 88
54 186
1 19
143 2
64 141
59 82
61 157
8 13
33 187
192 13
98 165
39 82
158 12
59 170
31 57
119 9
85 6
46 162
85 187
138 7
34 195
98 151
37 62
123 11
13 16
142 2
103 7
69 135
187 5
97 14
96 6
107 165
118 172
110 172
9 18
134 13
25 163
134 185
62 148
52 179
151 19
16 19
52 9
78 5
103 5
26 49
104 113
50 14
30 140
165 10
43 55
122 14
133 148
154 0
24 88
87 109
21 47
97 160
175 19
12 14
88 7
113 0
152 9
155 191
116 16
114 198
125 5
112 11
137 170
97 105
112 190
150 183
143 10
111 8
197 4
169 15
101 10
24 132
29 11
139 17
78 18
86 7
168 171
172 1
51 125
117 14
40 16
88 161
146 5
23 75
83 87
163 15
28 96
117 10
167 5
165 6
196 13
120 165
49 108
82 15
175 8
72 162
43 9
30 7
37 11
3 5
81 0
97 192
189 199
89 18
79 17
63 103
15 18
20 19
44 176
82 198
173 2
72 19
76 4
34 96
146 19
103 15
126 5
66 9
51 199
99 144
5 19
119 12
102 2
64 88
107 139
59 96
32 120
106 189
110 141
115 17
59 133
57 178
103 109
40 3
143 6
21 85
42 17
98 0
1 11
144 3
182 187
116 13
75 100
78 12
119 8
78 101
79 175
115 15
48 156
104 175
81 179
112 0
147 18
4 11
64 5
129 168
118 17
9 19
128 12
38 3
42 52
30 77
47 1
118 141
174 16
101 16
88 15
78 170
175 6
174 18
34 51
31 14
117 159
29 14
27 116
113 2
127 173
28 47
111 123
8 15
91 2
92 136
130 177
85 9
198 9
73 8
30 139
122 2
59 3
134 19
35 199
67 5
65 175
118 137
123 18
144 19
42 43
150 3
27 95
167 18
44 168
41 144
20 189
176 17
8 12
139 0
138 152
153 164
126 196
146 14
12 16
91 13
61 188
157 14
133 140
89 16
52 76
177 10
72 83
186 18
122 155
80 103
184 7
140 14
25 156
176 11
97 11
107 110
163 199
187 188
43 77
76 91
147 1
109 131
94 195
36 1
90 193
98 3
105 2
63 2
176 6
99 15
36 153
198 15
55 174
30 93
32 15
100 11
92 14
117 148
76 13
53 127
44 103
20 49
63 4
77 11
136 3
160 4
27 16
117 129
25 169
126 8
144 15
47 157
154 12
59 15
197 1
137 13
49 172
95 144
59 12
70 182
104 154
38 14
169 191
191 1
132 150
91 147
68 83
149 154
193 17
192 2
93 6
39 178
169 18
79 16
185 13
82 6
93 19
191 6
12 13
20 73
86 116
14 18
27 7
188 15
21 65
160 1
123 15
39 4
41 53
98 168
128 155
142 10
26 147
80 170
59 148
143 158
21 13
40 182
198 17
27 5
78 198
120 191
96 137
124 176
4 8
48 124
91 140
40 58
63 176
131 19
71 177
171 1
94 99
57 65
1 6
69 11
81 2
83 134
76 90
86 182
83 198
138 197
131 189
73 106
2 14
51 83
179 15
61 75
52 128
26 79
70 8
99 17
100 12
82 194
58 96
69 88
99 151
87 139
31 58
140 8
75 95
98 18
77 9
57 156
20 91
31 35
38 44
32 12
62 89
52 83
80 11
45 15
124 185
57 13
20 50
100 131
52 70
26 119
176 188
193 19
74 120
116 172
101 160
138 12
59 6
92 174
146 15
51 13
182 1
164 5
3 13
183 2
99 190
165 180
133 15
136 8
34 154
20 8
8 18
42 6
27 0
142 4
45 13
66 197
88 18
113 140
70 184
116 10
39 163
169 5
135 182
143 11
144 172
107 115
84 156
31 101
31 159
80 107
17 18
94 11
56 10
36 18
169 1
188 14
34 75
63 144
125 128
85 175
101 151
121 153
78 114
32 17
87 138
158 17
64 135
109 3
150 188
75 150
83 13
46 114
91 7
144 169
3 15
142 13
195 4
166 177
174 199
165 2
154 6
127 1
190 193
139 10
110 9
43 12
34 10
22 126
186 11
1 9
160 167
99 1
172 3
22 121
33 3
147 0
73 165
20 129
133 159
9 10
121 160
54 117
142 12
44 141
199 9
36 113
72 76
27 109
31 12
76 17
144 4
57 5
110 177
86 94
85 0
40 17
51 121
123 17
109 114
94 174
121 195
27 199
74 187
25 12
37 187
106 6
87 4
191 19
46 19
33 113
116 19
144 16
164 8
120 135
141 176
150 184
75 154
130 12
129 165
192 18
35 90
31 64
25 154
34 18
167 10
46 14
30 88
90 6
154 13
50 127
182 194
56 88
112 149
61 65
82 16
189 13
90 93
26 54
142 17
102 6
68 19
3 4
61 115
118 145
188 7
115 19
70 0
141 142
39 9
109 15
40 119
42 0
35 58
87 165
34 132
31 11
54 58
174 17
95 19
83 19
136 13
62 76
126 13
33 160
69 144
117 13
72 96
44 13
70 143
44 142
116 185
54 113
140 19
132 184
127 184
29 15
38 117
46 49
129 138
53 154
46 127
29 156
10 16
117 160
165 15
138 141
42 16
80 12
11 19
56 123
178 11
191 11
8 11
43 195
79 99
126 19
99 5
189 8
57 109
91 15
185 3
65 17
42 104
119 11
57 123
69 6
169 184
29 12
109 14
155 5
62 2
140 177
95 164
27 1
100 10
37 13
84 144
166 3
23 114
67 161
167 19
123 14
48 12
88 8
77 124
101 152
94 18
29 78
124 16
10 13
55 87
79 127
57 0
121 169
62 5
150 7
92 13
123 136
156 19
52 69
182 195
140 1
52 57
179 16
92 188
120 196
50 16
87 17
113 6
97 5
139 7
145 197
141 169
54 119
39 173
21 112
148 5
56 5
85 14
104 185
58 196
45 1
111 191
192 0
160 11
3 6
108 194
82 94
44 8
107 179
13 18
197 3
76 184
160 15
85 147
40 136
26 151
11 16
67 136
79 90
106 161
83 88
73 105
67 94
69 7
121 184
147 13
57 3
175 14
35 17
97 187
137 18
49 163
42 12
44 67
116 7
48 143
78 6
124 152
43 7
63 80
146 11
97 121
40 9
41 148
45 16
35 173
39 136
195 12
5 11
43 4
50 143
72 91
30 144
91 96
166 2
125 15
128 4
181 184
73 0
58 193
28 13
150 12
21 42
170 11
48 120
95 134
45 189
110 183
148 187
21 176
126 0
128 5
29 151
185 191
89 129
184 194
142 0
73 81
66 5
128 6
57 85
27 166
21 170
69 9
145 11
25 141
179 195
158 179
9 16
71 113
106 148
46 157
117 196
43 6
82 148
87 8
101 193
32 56
114 180
23 11
177 11
29 180
52 4
80 130
85 10
97 178
35 4
97 3
96 5
112 8
63 7
184 15
77 18
60 7
56 101
193 10
99 196
81 192
27 122
119 145
24 54
42 19
64 13
119 6
20 55
101 157
140 180
65 165
194 196
72 104
15 17
35 8
170 0
124 14
58 166
42 125
66 155
107 190
62 10
42 5
0 9
126 1
98 2
69 109
113 19
67 10
172 17
198 0
65 110
46 2
5 12
86 6
47 142
57 81
130 9
32 90
115 9
131 4
107 6
23 24
56 6
25 16
184 10
4 9
37 65
182 2
176 195
101 120
23 117
2 4
50 195
58 59
24 173
32 103
145 5
34 198
27 8
86 96
63 145
31 142
44 75
56 72
53 163
106 192
145 162
21 2
67 126
29 18
51 109
159 14
49 156
155 13
194 7
83 138
39 179
50 168
81 19
30 184
66 10
96 198
5 8
43 191
190 19
138 19
101 13
160 12
81 1
132 5
59 70
142 14
171 12
187 12
87 16
24 13
162 15
45 4
84 99
127 164
32 185
162 13
162 17
18 19
132 2
67 12
198 6
190 8
95 171
38 169
117 2
20 13
161 12
39 19
47 117
188 9
137 162
90 149
48 98
54 7
75 157
161 15
66 127
5 16
107 7
7 19
102 1
168 12
197 9
105 14
153 1
86 19
102 0
44 186
117 0
78 130
128 132
25 94
104 6
99 163
27 182
66 118
22 3
90 134
132 11
14 15
110 149
166 171
152 11
22 191
34 117
22 30
114 13
86 123
22 11
36 73
6 8
53 17
140 18
47 122
105 137
39 191
79 190
73 100
118 14
79 9
85 181
2 7
141 148
66 14
145 9
122 187
100 107
105 0
0 14
86 129
24 17
93 141
125 178
140 179
60 0
93 13
117 191
105 124
135 0
145 2
104 186
101 2
76 14
162 5
128 18
80 186
165 4
151 4
76 7
52 197
10 14
77 108
99 18
156 7
43 3
88 131
69 13
91 106
157 2
95 9
148 7
92 148
102 124
84 168
178 19
43 11
177 9
106 177
26 1
89 173
129 7
85 11
22 27
30 123
112 147
27 160
41 109
139 11
55 5
129 14
106 13
188 6
85 17
41 4
172 9
68 14
66 7
49 186
85 144
150 10
26 131
68 4
52 7
192 4
134 11
151 15
108 129
183 12
116 149
21 0
99 154
55 7
48 1
79 182
150 15
46 63
0 15
61 1
65 68
132 7
194 2
10 15
62 11
198 14
53 73
141 7
66 16
98 156
165 18
44 151
135 9
149 162
41 126
145 188
120 15
89 17
42 177
28 120
117 171
3 17
85 88
104 0
71 150
107 15
136 181
81 14
102 148
2 19
21 96
50 3
45 157
109 132
50 154
38 168
78 1
70 113
174 15
21 130
37 1
27 126
24 45
47 9
115 18
116 12
48 111
101 9
175 9
28 37
57 185
133 1
81 10
65 138
36 93
20 57
4 13
34 14
9 12
166 189
68 7
150 18
186 10
14 17
153 0
23 50
92 129
7 16
54 15
81 4
184 16
78 7
72 165
55 110
5 17
26 17
3 14
148 19
136 140
84 1
25 178
138 179
45 74
155 7
60 64
24 2
24 10
120 128
170 17
55 73
92 1
163 2
38 12
77 1
79 12
85 193
115 12
165 8
20 77
69 80
116 5
193 16
75 5
58 15
91 1
108 8
4 17
152 10
113 15
193 6
75 19
53 12
198 8
109 12
134 194
61 176
124 193
120 154
163 1
6 9
131 14
37 162
188 8
86 100
22 127
72 15
103 2
62 13
153 3
21 24
190 15
91 148
48 135
186 15
102 121
45 127
192 9
98 19
54 133
89 190
32 16
122 191
60 5
126 148
44 57
11 17
48 183
119 10
101 180
29 102
45 7
55 12
54 78
50 15
71 140
47 136
99 14
6 7
11 13
94 19
155 3
158 7
70 196
150 160
30 174
91 103
88 121
38 17
2 3
6 18
96 193
180 5
34 17
80 1
173 6
133 170
61 8
146 4
90 2
126 174
48 194
182 17
91 18
198 12
162 19
184 14
35 109
133 9
85 179
53 68
6 17
97 9
2 13
47 96
137 9
47 186
187 6
20 11
123 161
84 195
31 6
87 0
148 151
68 135
180 11
32 11
178 183
171 13
27 75
191 13
67 90
102 9
21 124
23 16
90 106
61 107
130 194
60 117
100 0
81 155
194 0
55 198
71 120
78 8
182 3
33 12
34 11
131 193
113 197
146 3
48 18
75 135
93 8
122 3
116 147
127 7
39 97
77 8
12 18
90 131
112 166
168 3
21 160
87 145
67 8
38 120
38 15
37 137
179 5
124 163
89 191
80 193
29 3
131 17
79 5
5 9
26 182
71 185
93 3
68 119
180 6
61 179
115 16
101 125
76 121
189 12
193 7
97 7
119 159
100 171
55 159
83 133
57 136
194 13
44 181
135 165
168 16
59 193
75 13
15 16
134 136
7 13
130 15
163 6
34 73
109 10
183 8
25 78
166 11
62 6
32 193
141 144
72 12
149 6
133 162
120 13
102 14
96 4
87 5
112 1
90 91
3 9
59 1
46 12
14 19
199 6
131 13
182 7
63 68
161 184
67 175
41 47
68 178
106 19
60 14
51 87
58 74
180 2
107 138
67 16
51 110
136 0
93 176
107 0
100 113
108 114
4 7
0 4
104 3
91 132
86 181
29 85
28 116
47 127
0 7
55 148
135 149
135 13
43 48
30 148
21 169
116 11
52 146
100 17
153 18
98 199
63 97
137 6
22 10
179 11
139 4
81 138
34 16
103 197
117 5
114 194
25 150
36 9
185 11
1 7
131 15
44 62
21 7
38 5
151 162
94 140
31 165
148 171
114 118
122 8
163 8
135 152
23 139
28 185
37 133
10 17
31 8
191 8
68 111
31 195
45 129
30 98
85 107
94 110
140 11
43 159
190 195
157 5
177 12
131 0
97 18
154 14
79 117
0 13
113 173
52 0
146 9
22 189
199 16
6 11
191 7
98 11
118 18
34 46
8 17
8 9
58 168
93 16
24 68
73 74
52 134
52 5
127 0
137 7
139 1
57 86
172 5
118 10
196 2
25 162
85 153
125 156
83 14
72 2
63 151
59 143
29 92
81 141
34 172
134 181
24 9
3 12
162 172
115 13
142 175
37 17
143 17
20 30
92 167
130 174
158 8
94 15
100 19
171 0
86 89
121 125
110 143
59 111
83 86
93 5
155 162
69 17
61 10
190 18
2 9
7 17
69 1
31 3
166 1
54 16
108 12
151 165
21 19
155 9
44 15
60 197
170 7
80 117
49 12
95 113
75 7
155 2
199 10
133 18
67 176
59 69
32 164
53 112
90 11
166 15
52 15
96 155
5 7
119 154
27 198
74 8
103 189
113 1
86 18
183 186
90 17
1 4
85 19
166 14
121 3
73 109
32 189
31 82
66 78
96 147
107 150
71 13
120 194
81 148
125 11
31 72
120 12
92 0
43 56
107 5
31 130
40 93
112 3
144 157
104 11
55 199
155 0
178 182
84 179
78 90
46 7
184 1
62 181
79 19
86 137
189 3
110 10
48 10
115 184
154 196
119 19
49 191
32 57
114 19
42 1
104 144
1 3
28 7
156 13
39 44
13 14
90 181
89 124
22 17
54 1
114 4
24 109
141 192
73 93
23 0
148 4
88 185
4 14
32 51
151 154
191 14
149 9
104 166
126 197
98 155
153 5
104 183
72 182
52 157
143 194
98 105
47 163
61 62
67 0
92 6
27 3
186 6
88 165
32 3
91 17
7 14
141 194
75 190
50 54
53 64
92 114
47 12
30 157
39 16
159 16
42 176
183 19
27 77
124 8
173 10
21 3
72 17
156 5
84 5
40 196
162 4
0 2
120 9
115 199
145 6
125 159
168 0
50 176
186 8
64 154
92 193
78 189
57 117
7 11
108 0
79 100
51 18
92 119
32 36
22 9
110 159
171 14
53 13
168 1
36 89
99 147
80 192
95 106
81 154
38 96
103 19
152 2
99 191
40 130
140 171
62 18
13 19
30 173
156 18
69 176
21 198
163 11
104 10
53 14
52 3
101 140
100 189
148 2
108 130
29 89
23 183
74 108
45 90
48 16
41 9
167 193
29 73
99 123
65 139
40 42
84 10
179 191
44 18
113 130
155 11
92 18
35 43
51 17
90 14
75 6
33 190
53 181
142 198
126 141
71 97
49 2
155 177
153 12
113 10
61 199
62 168
35 171
84 169
26 14
38 164
50 192
114 177
161 6
101 12
184 19
38 193
76 11
173 13
47 8
134 165
91 5
20 59
115 7
170 19
38 64
35 5
183 196
28 4
150 158
146 199
4 19
62 9
153 13
85 8
53 106
157 9
41 46
78 16
31 9
72 199
76 176
38 178
159 11
23 186
6 16
31 68
60 16
45 143
49 1
0 5
56 172
192 3
69 15
85 192
129 169
10 12
33 156
23 159
117 15
22 185
178 188
160 14
33 0
78 2
54 5
133 5
30 14
183 194
92 141
153 154
116 1
140 2
70 178
153 16
46 11
2 15
100 14
21 14
109 161
86 8
61 19
148 13
93 18
180 10
79 198
20 115
22 63
77 106
8 16
73 138
154 185
150 168
80 122
57 67
2 16
155 179
7 10
64 18
15 19
136 6
42 137
158 183
2 11
93 2
83 141
180 14
102 174
117 133
78 13
86 13
60 196
111 3
29 72
3 19
35 112
29 10
14 16
64 0
48 53
133 0
56 151
55 3
66 15
136 166
72 13
96 134
96 153
167 170
49 59
80 6
57 127
0 17
10 11
28 176
91 188
147 9
37 19
172 0
36 3
195 15
33 9
98 172
92 98
98 196
134 177
28 97
31 150
4 16
121 2
126 10
81 84
196 9
158 11
150 2
35 3
155 174
23 169
170 10
38 158
1 12
56 190
55 15
55 80
69 118
49 64
187 195
115 177
107 14
143 4
197 2
67 95
71 167
66 136
31 143
52 19
67 68
51 146
154 178
183 17
67 13
134 10
59 186
36 181
154 18
189 10
166 9
68 79
161 189
106 107
58 4
181 18
74 0
139 15
49 139
116 14
78 177
41 15
107 17
111 16
195 0
166 8
41 12
132 133
50 181
58 0
29 119
105 6
67 121
82 179
89 152
71 196
107 161
59 16
124 171
116 125
79 7
118 0
36 130
142 164
130 16
99 150
110 129
25 118
49 67
153 17
91 93
86 150
23 43
56 4
24 114
54 2
82 10
78 146
51 119
104 177
142 7
130 140
27 18
39 157
151 166
20 14
41 164
64 112
69 3
181 6
100 148
63 15
150 0
49 188
179 19
144 165
69 99
144 0
177 4
107 128
139 164
182 19
44 16
114 117
63 17
22 178
133 16
26 19
71 87
184 3
138 9
111 129
49 123
155 14
153 167
95 12
37 176
194 14
34 100
161 8
55 107
123 16
136 14
111 7
149 161
95 7
165 19
9 13
60 10
108 13
199 13
26 140
85 12
92 153
6 14
197 18
148 178
11 15
134 12
40 1
39 83
156 14
126 18
111 198
23 143
89 2
109 179
38 118
42 140
155 17
26 50
185 187
113 5
130 166
34 145
72 78
74 98
49 91
160 168
145 184
63 119
109 152
113 133
48 169
59 18
111 6
168 10
76 98
69 8
22 42
144 197
76 198
65 122
12 15
155 12
195 8
176 16
129 3
171 16
61 14
78 11
48 99
99 8
113 160
53 189
70 4
38 18
69 172
113 14
136 5
46 198
121 9
7 12
79 10
16 18
25 77
64 125
0 18
30 48
163 170
123 141
48 83
187 10
30 81
138 10
43 94
27 90
82 196
28 8
2 5
169 8
167 9
136 177
178 1
169 19
126 152
149 165
156 193
90 126
8 10
9 14
74 78
69 10
130 13
32 6
179 199
48 0
40 43
88 6
100 159
36 67
90 156
146 8
20 187
87 176
52 158
2 18
11 12
170 195
91 12
24 16
74 9
27 13
140 3
81 136
76 148
177 5
50 18
34 9
149 0
125 187
149 13
64 7
62 8
26 100
57 10
25 31
97 8
127 15
81 168
29 100
86 153
71 170
66 160
70 13
178 2
39 176
178 15
144 6
101 191
125 8
183 5
185 4
136 4
23 166
191 198
134 1
181 187
121 0
20 88
51 14
141 12
131 6
188 17
71 146
171 10
139 140
52 170
129 0
83 17
79 8
62 17
21 15
97 102
164 19
57 114
53 84
79 11
121 18
148 150
129 5
109 13
140 16
117 3
60 113
60 183
188 16
83 16
167 177
129 2
134 146
128 129
26 11
4 15
177 13
41 106
182 0
122 15
27 19
181 197
94 156
116 136
64 138
172 188
73 11
111 11
173 11
53 6
23 15
105 115
22 124
43 19
166 190
102 189
84 15
46 135
55 115
169 12
147 7
111 152
31 100
129 183
155 4
63 16
127 6
77 120
93 153
50 90
147 11
157 15
176 18
89 117
168 17
107 9
157 166
94 185
20 165
33 126
35 164
76 170
152 197
41 194
43 187
75 171
36 146
56 178
32 9
163 19
154 5
111 169
58 16
53 1
43 54
150 5
102 17
116 8
51 170
114 170
58 172
33 60
36 10
137 160
61 12
118 124
100 114
149 188
28 92
159 160
46 103
24 59
69 123
16 17
77 6
28 142
94 17
114 188
87 12
49 9
55 19
151 195
133 17
80 147
22 39
139 8
174 12
9 11
118 8
92 104
169 7
63 13
80 87
127 155
87 163
47 56
63 3
33 4
49 81
45 18
8 14
120 159
25 181
44 48
112 17
31 163
98 189
101 154
99 13
128 185
159 186
7 8
106 12
126 9
100 188
66 86
104 111
174 7
98 9
115 151
82 3
74 91
47 5
181 13
155 196
20 146
55 9
165 13
177 15
131 12
161 9
171 7
68 0
147 194
45 180
190 10
120 186
44 118
129 152
93 101
58 113
148 16
181 8
102 12
81 191
112 180
186 3
195 9
53 8
95 174
74 17
113 9
98 182
71 116
61 67
21 131
189 11
112 5
25 6
24 102
68 8
79 14
107 153
117 164
145 0
35 18
159 6
196 0
196 14
34 13
147 17
27 152
173 186
68 176
91 198
44 17
151 161
87 1
116 2
199 14
125 165
63 120
106 11
74 161
98 160
156 0
168 11
30 8
87 112
23 101
128 15
43 8
53 91
80 13
41 0
84 125
27 168
50 1
91 9
88 122
120 195
135 154
164 13
49 14
64 132
30 134
51 192
180 9
163 187
38 10
51 2
103 142
193 2
106 147
27 121
128 2
108 160
175 7
67 19
59 124
187 17
39 103
56 97
28 161
38 121
158 14
62 67
151 6
48 82
20 83
157 192
67 9
137 16
144 187
41 141
37 156
60 8
159 172
28 19
159 187
104 12
108 1
1 5
61 15
130 173
61 178
86 17
139 19
110 6
176 2
104 16
51 106
59 178
34 134
194 17
105 122
168 5
49 5
131 18
32 144
84 0
132 156
159 7
171 6
79 3
23 10
76 188
46 16
144 7
142 167
96 17
120 188
3 7
29 139
38 140
33 55
80 113
137 173
172 2
173 4
23 178
131 191
60 171
28 184
60 70
37 175
159 19
58 143
35 79
104 2
68 136
96 10
74 16
94 193
87 9
192 14
92 191
143 19
115 175
86 165
189 18
6 10
153 6
109 125
194 19
128 10
81 16
27 17
93 185
61 181
64 108
25 144
0 6
75 1
156 160
117 6
66 18
92 108
104 13
24 1
87 7
147 152
46 143
42 70
133 189
41 16
1 8
31 180
93 111
101 11
71 8
89 185
32 160
112 9
195 3
198 5
46 9
102 168
154 159
65 90
3 10
172 175
25 67
54 11
66 12
94 111
160 17
94 6
162 10
42 127
88 194
126 163
39 140
140 173
114 1
83 9
186 2
34 2
51 4
0 8
37 93
126 178
30 35
86 160
64 17
50 19
198 18
51 194
24 163
194 6
