132 13
38 161
52 12
125 14
77 17
152 11
108 0
49 5
127 134
35 123
179 18
82 8
190 199
120 6
46 6
63 1
62 3
31 16
151 6
84 7
159 10
198 0
85 191
145 6
129 7
104 3
140 147
57 12
179 5
59 12
38 18
104 139
121 4
121 161
163 4
72 12
141 15
197 3
95 3
122 131
74 7
129 193
98 2
33 14
23 159
199 17
70 19
47 2
99 7
66 71
96 8
198 9
121 16
185 2
100 10
189 5
75 165
44 17
30 123
0 8
39 53
114 2
44 15
92 9
73 12
101 11
30 85
1 9
27 0
9 14
191 8
152 10
0 15
2 12
50 4
57 14
107 1
90 144
155 3
32 16
20 83
13 16
95 102
39 18
38 123
105 4
47 105
54 10
62 177
67 6
175 19
49 0
34 19
132 136
53 16
40 46
20 81
196 6
74 17
91 131
61 15
68 15
165 2
28 9
130 0
62 8
28 0
137 13
33 8
8 11
180 8
102 144
169 17
39 4
74 104
80 11
60 74
66 19
4 7
4 10
87 3
144 183
180 14
69 16
22 12
47 12
27 16
4 17
156 14
139 15
63 3
162 7
73 0
96 145
47 80
77 11
108 10
90 6
179 19
120 8
118 160
57 129
37 141
3 18
105 7
173 19
103 3
117 13
152 17
164 15
76 81
60 4
72 76
54 15
62 133
119 188
63 13
111 11
33 55
165 4
23 11
184 10
143 10
175 8
24 6
38 5
1 7
70 130
57 194
161 3
146 4
172 15
127 10
150 3
58 13
133 13
169 9
113 7
155 8
199 5
173 7
179 1
120 1
68 77
101 12
43 70
38 76
29 93
90 10
190 12
71 3
21 111
44 51
120 10
152 19
135 15
193 18
3 7
93 104
22 16
164 19
104 106
32 14
84 124
89 19
114 147
47 18
31 5
155 16
94 102
20 32
121 160
136 8
37 1
28 114
99 15
94 19
147 177
199 13
130 195
44 19
195 6
91 6
13 14
102 19
148 195
98 19
24 92
90 14
190 3
179 3
10 12
123 14
188 8
41 12
117 12
77 0
102 104
85 3
138 8
67 74
77 117
74 18
59 17
59 120
102 3
79 12
92 7
156 19
171 173
120 14
181 1
156 11
131 161
92 141
112 5
71 72
99 188
181 11
188 15
73 19
50 9
145 19
134 153
86 14
169 6
70 14
118 11
52 172
153 17
65 118
193 9
68 16
9 12
26 35
110 15
155 12
56 86
150 0
0 12
77 8
82 2
160 15
110 196
128 3
131 16
91 145
24 8
65 8
175 1
153 176
86 155
1 15
119 4
86 165
144 4
75 9
125 2
73 140
137 10
26 1
109 15
83 13
107 18
123 174
92 16
87 128
30 0
187 10
113 118
90 106
110 16
148 14
105 121
121 136
106 19
99 2
6 16
55 132
22 42
133 6
51 19
27 124
10 16
48 0
70 1
95 142
97 128
104 19
91 13
179 8
47 119
168 15
39 6
38 175
185 1
149 8
159 4
75 81
117 3
0 18
58 5
28 4
57 9
92 5
194 10
102 6
58 81
136 17
7 17
80 7
57 6
92 12
51 82
56 92
144 13
119 196
92 184
68 87
125 4
61 18
78 8
39 17
102 111
117 4
9 16
32 120
70 10
81 8
8 19
20 19
132 12
83 4
26 71
192 5
92 1
34 69
189 18
44 129
45 112
149 163
80 125
103 10
56 18
132 14
50 146
159 17
174 14
10 18
170 15
65 19
42 10
156 4
153 183
124 16
56 4
76 18
178 19
170 2
31 12
153 179
44 10
166 10
193 7
0 5
167 10
115 7
163 7
99 10
171 187
195 199
21 3
127 12
92 121
23 118
21 17
91 3
43 155
81 153
183 19
54 176
45 75
142 17
93 154
85 124
56 110
27 74
79 18
95 6
97 11
199 1
67 0
76 108
68 167
84 13
75 10
163 15
121 186
30 19
75 130
90 5
23 18
115 18
39 12
43 68
5 12
121 138
89 3
172 0
59 19
47 84
3 19
188 7
50 82
31 179
148 19
48 4
124 17
97 19
36 1
149 158
38 16
31 54
176 13
154 15
27 6
76 145
70 131
123 170
42 177
106 15
158 9
84 3
63 5
82 178
69 10
107 150
146 166
55 178
90 8
170 18
96 14
66 7
186 0
41 6
75 3
38 14
147 9
32 194
121 13
164 13
73 16
185 12
34 84
126 183
22 134
67 15
133 192
171 0
123 139
33 118
132 179
12 15
107 3
188 2
66 13
65 12
147 12
51 2
128 10
76 17
21 11
96 11
32 19
117 18
137 162
50 3
40 45
97 13
173 5
37 0
29 138
149 6
3 16
185 15
80 82
152 2
141 12
85 7
59 8
38 40
79 17
22 73
77 192
166 4
70 192
38 42
61 70
134 168
56 15
136 4
121 7
91 16
22 150
181 7
145 14
153 159
77 4
22 4
99 4
52 16
120 146
157 14
5 19
75 11
109 12
96 112
8 9
174 6
99 151
181 13
146 1
110 9
141 161
27 151
39 154
114 1
137 180
8 16
58 138
58 4
21 5
137 4
75 184
105 9
81 90
102 4
160 16
148 13
79 13
67 77
127 2
114 10
64 19
68 1
35 18
0 10
23 168
151 17
190 4
26 4
43 2
173 11
49 16
155 14
24 9
73 3
117 9
95 197
101 15
78 0
156 5
37 117
56 5
66 5
129 171
193 14
39 5
83 2
55 116
160 3
28 2
52 3
74 145
107 14
120 9
60 14
102 14
97 2
71 102
27 97
69 9
62 89
127 15
27 46
98 184
109 18
98 16
111 15
24 119
184 15
61 159
26 7
150 11
61 183
67 187
125 0
166 195
48 107
2 7
152 15
143 18
21 138
47 16
124 177
79 4
89 6
77 182
46 108
70 9
125 129
179 0
182 3
130 9
164 16
69 115
52 104
57 8
10 17
146 11
93 174
195 5
95 16
66 17
87 17
39 87
30 9
95 13
148 18
175 14
64 8
189 1
41 2
143 182
76 137
196 11
136 6
165 176
134 11
147 8
35 196
179 13
60 10
75 19
61 83
136 9
122 11
157 10
76 4
39 13
71 14
88 2
113 19
57 1
91 2
133 182
182 4
61 9
44 139
104 16
37 3
139 3
85 108
27 5
80 98
169 5
53 91
28 10
7 15
125 150
12 19
130 160
2 8
133 173
70 4
176 19
58 3
20 6
172 2
156 1
27 19
113 17
86 1
40 63
31 4
81 5
98 142
37 10
181 4
122 139
41 62
35 61
176 11
42 188
72 11
191 7
109 13
149 15
22 145
42 2
97 4
110 8
67 8
76 12
84 14
48 16
54 56
118 13
31 64
3 8
66 11
58 174
53 12
80 86
89 105
47 15
77 6
75 17
162 18
107 15
166 13
187 11
186 1
73 122
196 4
3 5
42 15
23 89
116 192
82 12
40 2
53 196
165 5
43 14
46 11
137 5
13 15
96 105
123 19
125 10
150 19
177 10
35 191
70 77
104 15
64 5
161 0
162 188
91 191
160 4
184 17
44 12
115 2
182 19
47 3
151 16
86 90
95 145
167 0
67 120
133 16
136 15
189 0
78 129
49 2
27 166
125 145
140 177
75 12
173 9
166 16
8 14
168 12
66 3
174 7
127 180
0 7
192 4
70 147
75 2
106 172
191 12
27 2
180 9
49 4
55 133
65 106
121 18
71 11
4 19
178 17
115 131
25 15
47 60
81 14
50 85
30 168
61 85
153 16
189 6
188 18
2 11
74 2
68 150
90 131
95 189
20 131
105 185
170 0
47 6
50 8
182 2
9 11
106 159
72 16
88 156
9 17
56 16
1 6
156 18
1 8
11 13
35 4
88 0
21 110
104 0
105 10
81 197
155 17
99 119
140 188
129 2
61 132
123 140
138 192
69 12
145 158
100 7
124 8
80 13
103 14
189 2
185 18
60 85
88 6
179 12
161 10
28 12
3 12
186 3
113 0
123 145
6 13
60 139
101 6
149 199
7 19
59 2
4 18
55 14
94 1
55 88
96 144
125 133
171 10
155 9
184 5
116 155
182 5
171 12
120 152
103 2
5 15
29 12
103 137
191 11
42 185
3 17
10 11
94 133
152 170
73 127
68 156
64 13
73 1
168 194
129 0
100 15
48 2
190 16
54 159
53 122
22 65
127 4
86 6
140 15
126 3
185 8
1 13
94 176
87 11
1 3
174 13
118 19
21 73
137 14
100 9
32 17
72 153
176 4
158 15
136 7
40 156
64 0
187 16
178 10
117 6
94 139
40 3
36 72
133 3
36 187
87 94
44 103
69 160
10 19
152 166
126 128
35 81
172 19
147 5
29 9
113 3
36 13
40 163
149 13
195 18
93 11
101 119
157 170
29 19
22 5
104 5
51 12
125 11
55 4
147 188
44 3
45 193
145 184
26 12
68 6
68 10
0 1
133 144
10 13
100 121
36 65
21 169
53 9
40 15
173 15
136 3
98 4
132 16
87 4
26 115
152 1
58 6
99 1
41 11
96 4
73 168
44 4
51 58
117 17
49 81
52 15
176 6
91 1
95 11
142 3
33 10
24 141
94 9
107 123
157 1
75 83
118 4
195 15
29 7
118 1
153 14
186 198
10 14
27 95
20 8
21 88
68 7
128 15
114 7
119 133
139 168
49 169
197 19
51 126
155 7
99 13
63 8
160 9
168 11
40 48
52 137
165 3
193 8
30 64
45 9
91 9
75 96
26 124
42 0
6 10
129 5
133 2
113 12
25 6
84 2
106 5
9 13
101 18
135 14
89 10
69 3
78 6
195 2
35 16
163 8
22 48
32 78
27 1
63 108
22 95
28 91
7 9
34 11
125 196
157 7
31 91
89 12
125 185
173 13
1 4
160 11
121 127
10 15
199 7
90 2
74 12
131 10
104 199
135 1
38 4
78 195
144 7
1 2
95 181
3 4
46 115
124 13
155 194
89 119
45 149
58 10
101 118
76 2
191 3
145 13
24 15
151 8
0 19
47 13
21 1
133 10
46 157
139 7
30 78
79 2
85 4
26 191
148 5
27 121
103 4
195 4
20 188
28 14
46 2
100 17
116 16
54 2
110 3
26 13
105 110
135 163
148 191
104 13
35 19
88 1
61 8
165 192
32 154
142 13
170 14
105 5
171 195
177 2
14 17
152 175
176 10
160 184
80 12
34 127
154 2
15 17
197 18
125 152
85 143
28 161
42 178
63 12
59 112
47 74
113 15
142 16
30 1
172 10
32 64
47 59
67 5
131 1
26 16
142 4
81 16
96 5
83 18
181 18
175 17
42 137
81 9
192 11
188 11
55 16
51 5
99 17
29 14
0 13
119 12
48 11
143 9
39 135
32 145
45 183
68 3
179 15
184 16
149 14
169 1
68 14
27 134
67 75
61 160
81 6
58 17
63 0
97 132
113 16
198 13
112 16
27 12
50 2
84 102
139 12
120 13
119 6
88 11
161 18
124 12
127 14
168 2
110 13
12 16
33 13
168 19
119 11
116 11
174 0
114 169
178 12
187 1
36 11
85 18
193 17
181 16
44 5
129 15
190 19
137 8
61 10
128 4
101 17
41 17
21 0
101 4
63 74
155 180
184 11
56 14
177 9
78 9
103 179
189 8
122 17
111 4
41 156
118 2
48 143
98 9
28 92
56 106
144 0
127 140
113 159
21 2
58 119
30 187
164 6
141 8
163 10
24 10
122 3
45 16
68 9
91 192
22 167
164 10
1 5
81 12
98 168
38 192
4 14
93 114
145 5
151 4
37 18
186 15
166 1
90 13
122 140
41 159
161 4
111 6
112 4
108 2
49 10
135 12
134 155
76 96
88 14
191 16
94 165
127 18
154 11
69 15
172 176
56 13
55 159
114 11
149 169
46 121
169 4
49 11
112 9
100 12
70 78
22 105
182 17
127 3
115 188
148 171
39 7
162 19
49 136
138 190
88 176
60 180
61 188
80 8
34 7
64 6
98 8
66 114
33 183
103 147
104 7
98 0
1 10
37 75
42 1
59 13
74 164
74 167
50 5
109 0
123 13
42 3
146 7
54 4
30 192
130 18
30 153
48 170
88 4
166 8
43 119
92 198
4 15
87 8
156 178
104 14
188 5
52 6
42 19
146 15
125 151
134 18
116 3
161 15
64 9
56 134
33 65
162 14
104 17
66 122
124 148
63 82
36 10
32 13
124 15
116 12
128 1
66 166
115 11
25 157
94 18
22 2
134 4
195 3
130 14
81 4
168 13
154 17
33 116
41 0
127 17
185 17
96 19
83 110
66 4
108 17
126 9
123 0
149 9
116 163
30 4
11 18
33 3
17 18
60 12
37 172
28 3
170 4
75 117
23 4
40 18
193 19
114 12
89 0
109 16
28 8
93 194
0 4
159 167
182 16
62 13
25 173
95 107
124 19
198 4
188 6
15 18
89 4
116 17
102 120
53 143
105 18
31 193
87 9
5 8
160 178
66 117
84 1
132 7
46 191
140 3
166 5
168 189
147 0
29 3
31 46
96 15
116 0
118 9
53 156
144 5
125 6
190 17
85 15
149 152
36 14
101 14
143 13
93 195
115 1
18 19
35 108
145 11
110 12
44 142
77 98
133 0
53 187
28 146
26 8
42 14
70 166
186 14
198 10
31 8
128 11
176 17
37 169
24 13
45 157
105 0
187 0
38 13
59 14
76 113
48 1
110 19
130 5
47 83
195 19
193 1
62 4
103 171
123 18
187 12
165 6
51 193
50 14
111 172
180 16
108 167
53 185
126 10
96 13
181 5
116 14
41 7
34 171
69 18
154 3
144 17
86 112
67 2
70 16
146 9
80 85
78 3
106 1
80 4
174 10
103 18
31 192
98 181
160 161
161 1
60 3
55 0
121 1
27 15
101 1
153 3
98 194
145 17
107 190
103 178
69 107
39 8
104 12
112 8
127 159
107 165
102 105
85 186
64 85
124 144
8 17
24 11
56 82
94 14
38 120
55 17
56 124
24 195
52 152
104 6
107 9
113 8
84 9
43 0
165 9
190 13
92 194
33 6
118 8
95 19
7 11
22 15
130 7
131 192
7 13
114 5
124 9
165 12
168 6
87 16
47 8
156 0
111 2
9 19
124 180
2 10
183 15
126 4
158 196
167 16
45 135
102 9
145 182
48 18
3 9
160 2
162 167
91 5
134 16
34 13
135 4
157 185
3 15
64 3
35 49
27 13
122 183
118 7
92 110
150 163
145 170
150 17
111 10
140 7
58 0
36 16
102 126
178 4
130 3
52 4
52 108
1 11
0 11
158 16
132 10
28 190
198 17
165 7
191 19
176 9
114 136
32 1
51 13
195 8
31 178
183 10
64 4
106 9
48 9
78 19
104 111
59 10
188 0
139 6
104 2
151 182
158 5
62 19
4 11
108 18
20 11
7 8
140 10
132 17
143 14
167 18
166 14
69 19
36 3
137 145
173 16
57 169
43 12
101 19
64 1
169 8
92 127
199 11
46 17
2 15
35 3
39 160
37 17
199 15
93 144
59 194
35 36
130 10
178 196
85 8
2 16
70 3
180 1
55 174
80 95
78 94
93 12
88 16
32 189
137 196
6 14
158 14
175 187
133 11
80 15
113 13
116 166
8 12
61 186
103 8
131 11
26 19
29 13
112 18
25 17
80 126
120 0
106 125
199 18
37 171
123 141
60 6
129 9
95 0
52 1
158 18
100 152
44 1
4 9
55 15
67 121
44 11
139 2
105 174
31 92
27 7
194 14
28 6
133 17
47 147
83 104
98 148
6 11
191 10
166 3
141 17
72 15
197 10
104 148
110 7
157 15
67 11
98 18
47 172
97 8
150 176
62 18
104 124
163 2
198 14
176 8
100 1
28 15
119 3
92 115
71 8
138 4
39 0
89 177
121 12
40 10
82 6
41 110
31 6
35 110
91 17
144 12
81 19
175 18
58 130
3 6
38 10
37 108
22 121
154 19
42 6
166 0
88 9
29 0
95 156
158 189
117 7
197 11
197 17
152 0
102 12
42 71
117 11
175 5
85 1
49 158
90 9
68 19
24 18
137 16
131 9
124 18
54 7
73 2
186 5
145 3
58 1
24 140
175 0
68 17
33 19
145 9
175 7
32 6
179 10
137 9
95 138
70 112
121 164
61 5
97 194
40 9
53 4
184 8
41 106
29 139
38 130
67 3
184 13
125 179
161 14
153 4
83 9
82 191
61 165
151 10
116 2
60 0
2 4
5 11
78 17
76 1
23 8
91 176
106 169
47 17
137 18
20 17
159 6
106 10
121 0
165 8
75 5
126 13
115 16
12 14
176 15
86 12
22 91
151 2
46 15
80 2
182 11
48 17
1 12
57 11
62 16
120 128
109 3
175 182
104 163
191 1
170 9
39 67
116 4
65 11
122 9
107 7
36 4
163 182
153 0
63 10
104 11
137 15
104 9
192 9
80 0
140 8
30 14
148 0
116 1
121 17
125 18
25 176
101 151
33 77
173 6
185 19
98 17
165 19
100 4
61 14
73 149
174 9
178 9
179 6
14 16
175 3
180 11
25 3
180 5
197 9
157 6
22 14
25 149
80 1
159 176
30 17
110 11
72 14
2 14
3 11
76 10
155 4
106 3
152 155
112 14
12 13
144 10
129 146
146 12
155 18
76 16
25 125
162 1
121 197
48 89
72 120
199 10
34 16
45 12
74 16
53 67
29 11
106 12
78 174
142 161
69 105
13 18
1 14
70 7
53 18
171 3
2 3
33 133
186 7
53 65
143 0
52 135
100 3
24 5
158 11
67 194
7 18
161 191
28 118
127 171
120 129
146 5
56 168
6 19
142 10
126 1
132 0
11 12
13 19
193 15
38 119
134 3
54 166
11 19
185 3
142 0
108 163
197 14
176 18
76 125
73 6
97 15
5 6
195 1
87 152
107 6
183 18
38 19
4 8
74 193
173 12
35 11
145 16
148 167
169 191
91 144
94 193
1 19
136 178
128 19
55 82
99 113
37 180
143 6
79 178
184 6
138 11
23 199
41 3
147 7
111 188
130 19
115 15
89 13
20 10
57 5
197 1
32 87
127 7
60 18
93 16
30 18
185 10
183 9
189 4
138 15
9 10
55 8
15 19
102 5
104 151
132 5
192 3
29 168
115 12
96 2
83 12
130 1
33 5
159 12
192 1
61 2
107 174
35 112
90 97
38 103
148 17
139 18
160 1
84 15
68 11
107 8
121 6
57 19
61 142
148 10
189 15
44 191
22 9
77 107
149 7
181 6
48 6
134 165
110 6
131 189
171 198
30 6
114 3
173 14
35 6
39 105
20 1
40 13
34 10
142 14
56 185
7 14
29 5
36 15
124 5
21 18
180 6
42 5
58 101
185 9
123 142
67 9
80 167
85 5
193 13
11 14
90 12
132 1
6 18
189 19
174 19
112 176
152 6
130 8
84 153
77 96
57 0
38 0
47 19
166 9
48 14
59 4
71 15
99 134
174 1
145 193
143 12
72 0
40 75
141 19
2 5
70 132
53 188
112 150
108 9
153 6
106 11
107 19
180 12
156 6
151 153
178 11
0 17
38 56
149 2
27 77
196 10
21 37
72 10
4 5
24 19
41 150
40 164
49 18
179 17
170 19
148 3
83 3
130 12
93 3
33 7
116 9
97 150
134 17
170 13
33 12
43 4
8 18
38 17
39 108
85 132
162 10
186 18
2 17
6 7
145 10
46 93
131 13
22 38
88 17
129 164
157 2
158 0
177 18
63 2
106 6
82 0
58 15
52 10
61 172
188 12
37 11
145 18
115 4
127 8
119 178
76 105
49 17
102 10
115 10
123 159
90 125
102 16
47 123
123 5
192 6
157 4
133 18
78 176
27 10
142 2
79 0
66 181
142 1
40 161
30 144
73 4
5 16
26 14
121 171
63 18
173 3
50 0
5 9
44 2
164 178
167 15
40 0
167 7
15 16
86 8
163 14
77 1
25 14
71 163
133 9
5 18
168 0
198 11
24 2
183 14
187 18
156 13
114 0
46 0
162 6
32 5
127 150
126 19
16 19
163 6
138 3
163 1
26 9
24 16
50 10
105 14
35 0
39 11
117 16
32 15
73 5
86 181
98 165
72 4
173 1
148 1
76 0
9 18
1 16
85 13
36 5
62 140
22 31
111 3
23 10
31 59
1 18
98 10
70 121
46 12
40 17
47 142
94 8
107 0
0 14
122 15
165 15
84 90
173 0
137 185
31 2
120 16
26 3
162 2
43 50
160 175
23 15
109 19
169 180
32 121
114 120
92 19
199 19
123 6
146 8
55 118
3 14
63 14
62 0
137 198
96 1
137 139
130 192
140 6
64 172
156 3
196 0
127 5
124 3
138 163
92 15
100 19
167 9
94 5
105 13
31 11
64 2
148 9
91 7
179 14
181 14
91 8
100 122
80 17
58 84
110 18
25 10
28 95
164 0
54 18
160 7
159 19
196 1
49 15
110 131
112 146
176 12
119 138
62 6
26 32
119 18
79 9
55 6
60 2
28 16
163 179
0 9
191 6
47 197
179 4
101 7
20 170
100 127
2 6
21 4
37 44
197 8
37 12
12 18
66 16
42 7
144 19
97 152
24 198
71 0
49 9
30 197
2 9
22 124
66 1
154 5
102 8
58 157
45 17
178 14
4 6
138 19
119 1
112 19
96 151
170 8
170 12
154 13
169 19
96 142
173 2
73 11
43 13
101 139
143 5
73 7
2 18
14 19
81 162
79 7
89 11
124 188
62 15
88 3
34 12
103 11
139 186
120 7
116 15
106 2
2 19
83 137
138 14
150 4
51 15
198 18
78 124
143 8
67 12
112 0
188 19
147 3
116 188
93 10
65 152
72 9
20 30
61 13
140 162
134 2
175 16
32 4
78 15
71 137
137 0
57 17
172 191
17 19
89 140
83 5
7 12
80 5
123 3
176 180
60 167
2 13
94 3
47 166
180 17
190 11
131 5
8 13
154 170
20 53
27 17
159 7
176 2
49 164
48 15
12 17
28 19
50 125
109 10
161 6
163 9
167 4
153 166
158 2
160 18
65 192
119 13
95 4
135 5
49 14
26 11
169 14
87 18
154 12
150 1
8 15
196 9
37 14
44 166
151 0
105 12
37 9
177 13
163 3
128 189
174 5
52 2
128 6
130 11
117 134
33 154
53 180
37 185
22 44
41 172
138 13
167 6
192 19
0 3
72 127
169 183
178 7
23 95
74 13
114 9
185 0
29 1
34 4
67 123
141 5
152 182
8 10
75 161
156 16
47 5
0 2
84 11
198 1
34 71
52 9
58 12
82 11
65 16
141 0
101 2
66 10
69 129
49 3
34 5
52 57
84 4
11 17
193 10
37 4
5 7
76 19
118 186
4 13
165 11
58 14
51 3
89 14
113 169
6 8
184 0
117 1
169 179
103 142
112 191
75 14
86 17
5 10
101 138
62 2
142 171
22 163
36 6
190 1
139 189
78 13
53 13
23 121
127 16
26 15
37 146
175 9
34 18
166 186
29 52
97 137
84 17
128 192
41 19
178 6
157 13
72 13
196 3
87 153
44 150
5 17
26 104
94 10
0 6
100 108
150 5
9 15
78 110
60 187
61 11
84 8
33 167
108 13
150 6
56 19
115 164
57 7
55 13
44 120
63 16
135 193
63 155
136 18
59 164
14 15
138 6
73 188
125 19
140 169
39 15
51 18
141 11
48 8
70 115
164 2
4 12
20 14
175 4
45 5
139 10
43 130
37 2
121 8
58 146
144 15
30 16
199 8
26 17
68 144
113 14
158 17
102 7
46 5
122 0
113 18
64 11
86 192
144 6
83 176
111 189
123 4
26 5
143 17
32 158
104 141
40 134
183 8
76 15
134 175
6 9
73 111
120 183
195 0
41 140
126 14
191 17
143 15
130 154
35 13
105 111
41 15
195 11
52 195
59 62
37 16
135 188
62 75
72 7
53 157
74 15
157 167
158 19
33 44
6 12
60 8
173 10
129 19
106 13
109 14
75 101
65 4
62 9
54 160
3 13
57 108
73 198
1 17
90 1
167 5
75 112
109 8
137 195
70 8
102 11
59 0
78 2
61 0
51 1
172 14
168 187
138 17
54 3
54 14
40 12
177 11
101 163
100 13
36 7
66 76
139 198
157 5
72 1
38 7
60 193
77 2
162 8
11 16
57 152
98 192
124 6
49 124
117 8
37 7
179 9
100 6
164 11
108 1
23 9
4 16
110 4
52 14
127 6
108 19
111 0
140 4
149 17
160 6
85 19
154 173
140 142
20 148
103 6
99 108
100 16
75 16
88 8
59 1
114 176
121 196
142 11
115 3
196 18
25 18
87 15
42 112
143 2
75 159
107 12
148 15
177 0
5 13
158 12
73 18
139 8
76 14
16 18
185 6
14 18
165 13
146 16
48 108
147 17
22 78
119 176
187 5
92 139
194 19
76 87
160 10
119 15
25 12
34 3
31 9
196 16
73 9
64 100
5 14
115 173
42 66
113 11
157 9
119 126
53 7
