136 6
150 16
122 16
35 138
21 115
55 142
0 7
77 167
41 190
142 174
28 182
28 134
199 3
45 165
102 186
89 195
98 149
84 2
48 145
170 187
139 179
78 87
139 4
59 13
55 190
78 170
157 18
121 8
66 97
23 121
71 156
129 189
30 116
77 6
127 148
113 10
105 0
141 0
162 169
40 133
75 89
91 10
28 16
25 123
56 77
158 10
113 1
137 141
52 185
26 81
113 18
40 95
88 145
44 0
88 0
102 4
149 10
43 178
45 19
46 16
121 136
161 18
46 50
103 4
86 9
77 8
0 16
173 192
6 13
152 173
177 1
46 98
176 6
90 172
82 146
88 167
40 19
151 6
65 2
83 146
99 166
82 100
110 123
89 91
92 102
103 196
192 3
26 114
75 121
57 137
96 157
102 194
57 90
108 9
27 13
30 147
76 146
70 139
152 3
68 3
7 11
165 171
62 199
81 181
90 178
52 55
23 185
69 3
26 96
102 19
151 18
48 6
174 196
126 153
128 153
48 5
93 98
196 18
92 184
55 4
158 199
8 18
88 112
170 193
40 63
103 14
45 110
47 199
119 153
62 159
140 1
107 18
54 3
36 108
6 19
93 138
81 101
154 8
177 10
84 4
98 16
76 17
55 163
81 132
78 13
77 132
129 5
179 5
76 5
145 10
61 134
30 19
32 59
181 9
26 199
129 197
67 11
2 11
186 15
107 4
85 19
111 135
65 155
61 158
50 88
185 6
125 6
180 6
195 0
37 121
10 15
165 14
177 0
82 11
67 178
176 8
133 19
92 3
95 150
74 13
114 12
121 160
150 3
36 162
159 164
114 11
94 8
156 6
137 180
119 138
132 14
28 115
94 0
129 198
90 96
26 1
146 160
22 170
158 2
106 4
62 89
104 195
151 172
127 13
46 8
65 102
148 197
196 2
199 11
89 16
158 16
47 189
198 9
123 139
95 120
122 2
63 11
133 17
51 170
104 13
148 1
164 10
114 18
99 4
23 91
122 184
193 4
159 2
147 18
98 19
10 18
82 153
77 9
72 85
141 12
106 178
28 179
103 185
49 87
25 151
105 108
22 12
158 12
66 75
27 136
139 18
198 8
100 7
20 118
178 3
31 19
8 9
62 13
119 8
79 81
95 4
131 5
58 11
37 96
84 151
30 1
34 163
68 91
154 179
116 172
80 145
119 188
189 12
120 15
20 105
127 180
69 8
101 17
72 3
68 12
39 77
42 81
70 121
118 137
178 18
52 184
143 3
84 13
174 16
63 115
39 82
150 158
159 177
42 77
51 2
141 10
130 196
192 18
98 0
78 149
90 6
7 13
64 0
13 15
94 9
75 7
123 2
54 0
43 10
16 17
29 12
93 11
103 136
104 9
95 167
125 10
60 175
25 10
156 4
25 119
104 18
72 111
83 16
55 76
71 88
180 15
46 9
103 108
88 3
68 18
105 126
182 19
82 16
61 4
22 85
148 17
32 96
58 197
138 5
154 198
99 2
21 161
30 84
172 199
75 3
153 184
132 157
42 45
37 6
116 0
127 2
135 182
89 151
72 78
118 17
31 5
29 34
157 19
154 177
90 105
40 64
114 15
171 7
140 4
75 108
180 12
33 97
80 139
90 104
179 3
87 148
139 144
28 106
181 6
193 8
104 17
65 13
28 132
113 116
103 166
132 16
133 3
30 11
194 3
100 13
73 15
130 7
46 5
31 1
113 0
147 11
190 9
116 9
67 170
26 165
106 0
127 145
58 17
185 8
94 131
102 3
109 146
149 158
44 49
196 197
51 100
120 13
63 155
77 172
75 167
83 193
108 123
114 16
116 13
93 131
53 73
163 6
60 19
179 6
69 158
83 143
26 9
85 170
166 11
136 17
33 36
65 14
40 173
66 10
154 14
61 66
40 44
42 13
52 103
92 8
136 138
141 2
23 11
107 186
0 15
40 49
163 5
82 95
43 15
44 100
24 19
33 166
196 5
181 188
169 6
78 9
142 7
191 10
40 122
43 141
129 8
105 19
120 9
100 185
56 129
164 0
138 146
102 140
100 0
172 6
185 14
26 8
55 87
149 8
43 65
4 13
128 171
84 112
42 88
122 170
151 9
50 8
52 72
13 16
24 126
73 128
5 13
80 1
55 107
86 5
147 179
144 155
51 145
110 160
67 103
89 92
82 7
183 0
140 178
166 7
75 112
118 8
41 132
6 10
29 1
91 179
128 15
110 113
175 177
81 88
185 7
33 2
108 150
119 169
28 19
103 15
22 50
61 170
54 165
4 5
43 96
46 126
57 156
42 51
117 175
22 8
52 18
82 114
62 147
41 11
21 98
149 15
66 17
21 128
98 115
74 138
50 133
25 181
96 1
74 4
43 4
177 8
170 14
42 111
84 16
75 142
92 189
103 168
121 189
52 124
106 17
63 112
27 6
88 108
66 76
148 190
2 8
155 158
91 7
38 117
100 3
3 18
39 18
23 131
130 2
3 19
50 10
11 18
123 13
190 17
131 4
87 199
6 12
157 5
20 21
180 19
195 3
191 13
48 138
134 11
153 10
92 13
65 1
160 166
59 61
156 10
116 7
81 83
28 84
71 139
0 14
139 170
33 10
175 186
2 7
37 12
127 143
58 18
79 16
136 192
47 162
130 0
12 15
185 17
96 11
97 160
91 180
130 12
79 1
97 13
45 6
93 150
99 147
134 5
59 9
108 18
176 1
109 192
34 52
89 122
46 7
158 159
151 2
0 4
134 158
55 17
179 17
126 193
21 143
36 50
85 16
107 16
87 89
95 98
67 7
12 17
147 12
152 179
149 3
187 11
26 64
131 6
68 92
45 62
59 118
53 121
48 61
92 7
24 40
172 12
88 8
70 2
103 158
173 2
136 16
83 166
59 165
3 7
28 5
42 2
4 10
34 6
65 171
46 76
90 16
45 142
20 78
77 0
14 16
147 5
70 100
25 110
22 186
20 65
192 4
30 2
48 8
155 177
62 15
20 64
190 0
176 2
49 14
20 15
31 84
58 143
172 13
93 143
27 29
121 131
132 18
50 62
120 181
177 5
87 121
71 93
166 195
104 4
103 167
109 4
53 10
2 3
8 10
140 16
65 15
73 107
124 10
176 5
58 157
57 113
23 18
9 15
90 142
101 16
161 182
73 9
122 19
62 107
152 185
9 16
126 17
27 119
41 130
120 176
3 16
69 133
13 19
36 111
131 158
103 8
72 4
148 199
60 16
45 4
53 8
27 7
71 18
161 190
158 183
50 6
79 5
104 14
73 12
56 104
1 11
34 2
73 122
79 195
31 90
100 4
25 133
73 18
5 18
120 2
194 17
70 5
34 12
127 16
97 175
35 119
109 3
72 103
106 108
83 120
41 14
154 183
29 145
110 116
127 19
175 19
20 187
184 187
21 137
111 157
60 141
51 6
105 8
31 159
34 17
142 1
121 150
109 169
104 172
87 154
142 2
31 2
96 128
104 8
161 12
178 195
111 120
68 11
113 13
94 120
72 138
132 1
142 11
36 194
90 10
88 199
78 199
0 6
42 50
156 11
152 12
67 100
26 52
80 109
131 171
95 177
58 15
174 11
126 3
119 3
49 1
158 13
120 188
182 3
35 15
43 2
22 74
34 184
166 15
90 4
185 2
98 128
62 69
48 198
183 5
33 3
7 8
146 7
31 44
100 196
173 9
70 13
48 76
116 18
25 118
39 6
148 4
20 19
132 13
61 172
88 15
182 199
174 17
111 19
4 9
101 187
93 12
5 11
29 82
71 4
182 197
139 11
151 154
97 117
197 14
30 196
77 120
48 157
92 116
48 183
85 7
151 11
130 17
95 99
20 7
154 161
47 168
44 158
51 185
29 8
62 179
22 66
76 172
49 16
60 79
65 164
69 154
142 6
118 4
38 94
75 16
165 19
24 9
182 17
23 28
28 90
163 4
110 14
45 103
24 128
151 5
40 10
141 182
164 7
167 4
154 18
1 18
42 141
171 12
40 186
171 13
54 14
170 19
146 15
136 189
130 14
86 3
154 3
132 9
171 0
30 80
95 187
31 91
138 19
77 19
110 16
142 177
91 92
30 0
44 66
112 142
41 19
170 2
69 102
96 197
111 12
100 136
24 184
67 78
162 16
28 43
34 97
98 133
129 130
84 144
108 11
160 17
38 68
25 11
133 148
66 5
171 3
44 197
151 177
186 4
61 136
115 8
71 111
36 68
56 165
5 16
38 10
80 19
43 51
107 125
60 9
33 4
29 0
146 10
116 6
86 154
136 14
152 161
190 197
68 93
120 18
36 12
85 100
153 1
95 178
98 155
168 6
103 149
53 98
102 16
59 132
46 93
55 189
31 94
167 0
155 9
37 49
140 192
29 107
61 190
62 119
50 1
0 5
53 155
127 187
179 1
60 145
164 1
80 2
66 117
92 6
136 7
171 10
21 17
32 192
124 3
65 0
163 7
40 169
4 19
116 17
131 154
173 15
22 166
169 9
112 2
113 146
110 10
149 17
22 11
115 192
192 0
2 4
117 120
143 148
122 142
133 8
59 117
65 18
62 2
187 16
133 18
115 0
101 2
97 189
31 13
29 14
87 17
90 123
127 159
186 10
69 12
31 18
63 19
25 38
168 3
80 196
28 98
72 16
41 96
130 175
139 17
146 169
84 15
42 3
122 193
195 2
45 120
56 17
130 178
71 153
102 14
189 17
128 13
84 11
193 13
171 175
69 16
82 18
109 17
181 8
48 1
123 0
121 7
159 13
26 18
126 167
139 197
12 13
131 164
49 9
123 15
168 199
178 13
126 16
56 3
28 171
101 0
36 6
7 9
54 164
91 11
84 7
61 160
38 132
78 133
184 3
64 14
130 3
83 5
49 13
77 5
48 149
196 6
60 1
22 107
95 16
33 139
3 10
142 149
70 9
138 18
153 11
101 6
169 2
78 89
98 2
157 184
148 184
112 17
127 5
129 155
81 5
86 166
176 183
177 14
30 4
67 151
101 131
49 173
60 138
32 161
44 3
107 14
74 196
94 1
97 7
102 15
34 166
141 18
160 9
95 8
121 176
29 47
61 3
99 9
65 81
34 13
72 167
161 174
146 19
57 152
150 188
188 17
196 16
56 175
121 129
1 17
6 15
125 9
50 151
178 15
73 145
22 13
77 119
34 48
53 17
169 183
94 101
67 12
32 5
115 170
52 10
173 16
33 140
119 19
109 8
27 84
137 188
197 16
128 16
38 92
1 12
45 18
74 119
94 13
74 77
41 44
66 6
48 19
147 7
64 7
109 5
71 78
58 19
56 59
116 4
111 195
124 2
35 158
106 10
28 126
117 132
90 98
107 9
129 6
171 17
127 135
51 16
80 6
35 111
54 149
49 54
106 5
102 9
107 11
132 165
197 17
160 2
60 78
43 179
123 154
96 123
68 4
11 16
21 58
84 131
45 101
125 5
132 8
59 10
130 11
54 19
158 6
83 7
188 18
26 7
53 166
112 190
20 10
49 19
129 4
81 4
49 149
59 133
184 7
126 14
33 11
144 145
70 10
7 18
28 1
67 167
34 149
192 13
83 95
53 185
120 149
47 142
21 74
71 2
187 15
101 143
92 1
15 19
78 17
38 3
161 7
128 12
74 14
75 148
100 14
37 64
47 4
50 14
75 172
34 0
93 19
61 78
153 154
117 170
132 193
39 156
42 12
38 199
129 165
195 16
141 3
108 17
130 4
35 4
89 9
113 2
34 39
78 96
30 135
51 125
119 121
91 12
143 2
62 113
166 2
69 196
49 85
90 15
74 5
3 6
91 165
2 5
26 14
152 9
59 19
73 139
78 123
34 38
32 18
28 124
151 17
165 18
117 8
68 157
198 6
167 170
79 6
194 0
162 15
114 130
20 97
47 120
63 77
93 103
107 155
59 158
111 187
148 8
105 147
116 14
164 11
39 157
53 182
177 11
37 102
68 155
87 3
66 94
195 5
140 11
132 162
35 9
106 7
55 8
106 9
137 3
42 163
123 199
93 179
80 4
154 4
128 14
103 163
22 114
81 1
34 50
120 16
28 18
120 152
186 9
27 70
161 3
157 15
190 2
64 129
108 2
23 4
22 79
134 16
168 10
114 199
130 1
45 71
110 159
74 16
76 9
123 166
54 18
37 181
22 108
114 142
154 1
86 188
160 5
129 185
101 173
29 67
32 145
168 19
139 2
79 133
116 2
9 11
122 147
69 138
43 138
141 17
47 158
68 7
172 176
45 14
21 10
1 13
139 184
61 146
23 151
51 177
26 98
136 13
130 186
176 14
23 49
176 10
131 184
43 16
162 9
158 3
38 12
60 116
45 174
56 179
90 124
127 18
139 8
162 17
184 2
88 176
122 18
133 12
112 192
66 0
34 5
182 1
49 5
30 10
71 73
54 13
132 170
76 4
71 0
21 65
51 146
46 89
3 15
134 8
28 2
198 10
46 6
114 146
2 18
73 81
21 13
104 141
169 17
68 128
40 142
199 5
180 10
35 10
0 19
77 12
96 17
74 11
27 122
98 17
152 156
2 13
62 7
131 166
27 114
77 115
28 172
86 0
80 113
127 4
90 122
156 169
119 16
134 1
140 151
23 19
22 10
137 2
32 178
124 9
156 189
26 6
100 127
155 156
179 11
36 137
50 17
106 1
25 199
189 6
152 172
20 8
127 3
186 3
35 1
122 197
73 108
31 96
68 115
104 136
64 159
30 97
73 13
98 15
74 111
144 177
145 5
40 2
26 92
150 171
32 99
20 102
33 7
113 143
154 6
158 14
41 0
151 0
129 9
37 165
138 182
56 84
104 1
91 168
146 185
30 6
72 93
31 11
82 132
133 9
124 8
59 174
142 199
93 112
40 191
87 16
51 99
177 196
37 128
114 171
69 6
75 9
47 73
54 8
49 150
85 142
113 14
34 141
82 180
82 111
27 18
81 113
121 174
151 1
73 14
31 160
102 124
78 95
100 8
136 190
86 95
83 15
28 129
98 176
129 7
102 103
123 1
64 150
24 11
75 10
157 190
136 153
82 5
42 86
111 115
33 121
47 2
52 145
97 4
74 104
79 189
29 18
191 15
175 5
25 144
48 88
67 14
147 151
123 146
7 15
70 8
36 72
154 13
80 197
173 17
156 180
162 8
57 148
124 12
150 162
167 14
82 105
56 14
106 190
40 42
76 3
29 4
86 172
155 1
134 9
95 136
23 34
68 117
50 0
67 183
5 17
22 112
93 18
64 8
98 112
31 12
198 17
59 17
155 10
61 62
82 87
78 157
197 0
80 86
93 101
22 181
42 8
56 139
145 0
196 4
37 44
42 182
123 8
80 11
66 1
20 17
96 2
107 6
51 8
110 161
129 14
134 15
117 3
41 105
196 15
140 19
68 190
40 147
12 16
152 159
97 10
103 5
59 164
90 9
59 170
24 96
71 196
12 14
147 175
30 16
165 196
75 1
77 11
42 76
67 13
57 16
101 3
68 122
181 5
73 2
167 173
139 16
186 0
100 19
78 5
181 4
121 18
41 117
34 85
127 12
38 54
109 165
111 8
20 81
197 1
144 8
94 16
189 14
70 169
126 174
181 13
33 15
135 139
106 14
66 74
166 4
139 198
141 198
151 152
38 15
156 164
165 6
60 186
175 15
65 16
10 11
91 175
59 71
166 193
56 16
138 11
50 184
112 15
157 16
197 5
30 139
182 189
99 176
49 58
88 4
68 15
110 120
101 19
153 171
77 15
60 112
2 12
85 138
61 67
155 190
36 94
84 1
194 2
168 17
150 161
77 150
160 178
175 196
63 13
108 171
105 173
87 2
68 183
155 163
82 110
101 9
136 19
53 19
148 178
51 15
8 15
39 144
173 193
145 183
42 60
114 14
91 15
195 15
87 132
159 173
1 7
70 153
0 9
135 1
163 13
196 17
139 178
24 5
36 58
17 18
74 9
109 176
74 102
103 7
144 11
41 93
184 14
105 11
64 188
91 16
135 165
11 14
37 13
96 121
1 4
54 130
141 147
93 15
46 11
37 104
24 4
151 190
92 199
159 184
102 18
56 90
159 168
148 5
36 16
95 115
45 56
94 3
157 3
105 1
60 115
22 41
34 49
113 197
84 107
58 191
146 155
25 64
143 174
132 173
129 178
66 155
59 131
121 168
101 138
32 14
158 7
126 198
121 132
29 179
34 63
25 1
60 179
95 2
117 9
140 174
57 178
191 12
67 15
150 6
68 185
24 7
22 53
55 115
39 15
40 52
65 154
139 3
125 144
54 174
117 198
40 13
133 5
25 75
43 125
94 138
150 13
55 160
51 63
114 183
71 13
43 80
131 193
142 0
161 2
52 9
1 3
81 6
6 17
43 82
131 136
159 170
142 9
56 11
190 5
72 2
58 125
126 15
73 1
61 70
49 136
94 11
72 15
131 143
84 17
91 0
149 18
20 13
133 16
113 118
79 0
119 1
37 169
61 148
140 142
63 0
24 6
36 97
60 194
97 1
112 197
43 189
162 181
176 16
2 16
36 15
147 10
20 89
125 177
137 14
118 199
106 12
193 12
9 14
93 178
92 194
70 6
50 170
81 105
121 9
174 10
2 9
139 12
150 18
56 99
125 135
103 18
89 119
26 169
56 9
32 84
50 90
40 3
128 155
179 4
65 199
111 17
87 14
120 172
25 105
75 91
173 10
40 138
135 160
68 2
47 151
119 7
61 198
55 103
172 2
182 10
44 16
80 103
119 176
182 5
131 10
41 2
96 143
190 19
123 142
132 0
172 194
17 19
169 197
179 14
37 14
14 19
58 68
30 155
92 15
118 136
39 12
16 18
77 178
47 5
96 10
44 117
54 11
86 7
10 13
71 113
126 130
177 197
99 115
191 18
68 100
85 145
128 172
73 127
74 147
190 18
47 6
121 178
138 13
79 3
128 2
46 158
33 77
82 159
77 10
81 9
95 1
113 9
65 19
15 17
133 187
47 49
123 124
59 139
140 13
9 12
174 2
95 149
116 156
110 153
135 184
76 10
72 83
50 112
95 15
139 15
58 139
8 13
72 162
24 192
86 10
161 8
4 15
3 17
85 178
175 6
180 14
133 13
185 16
52 12
96 3
38 63
94 132
61 107
50 156
45 114
74 124
80 94
140 191
89 135
50 140
59 16
20 121
60 12
106 135
158 4
22 86
174 1
169 5
130 19
35 154
60 94
39 4
68 10
152 4
71 5
44 80
97 103
178 5
47 134
130 189
188 15
23 41
174 181
81 117
3 4
23 101
159 7
71 122
54 176
40 76
70 110
120 1
167 15
180 2
68 111
123 4
50 13
89 189
8 16
29 54
146 183
108 0
80 141
41 113
72 7
6 7
185 4
39 5
28 10
145 170
63 82
107 132
28 192
101 174
93 2
177 19
152 6
44 7
29 133
100 103
27 111
139 148
83 115
165 172
39 0
88 129
155 173
47 145
170 0
105 115
116 16
183 2
92 164
42 129
100 150
170 12
40 68
145 14
29 36
123 3
24 97
87 183
25 26
46 136
112 157
97 167
59 14
166 188
193 17
53 135
179 191
21 7
109 145
63 14
83 1
118 198
74 84
63 17
53 79
24 12
126 150
108 140
164 8
152 14
148 155
44 81
40 184
41 154
191 6
175 17
97 17
72 136
113 163
119 2
34 11
51 61
179 13
83 163
67 2
44 63
86 1
22 58
132 17
174 6
128 19
79 168
110 2
68 99
133 174
194 7
27 14
167 9
185 9
113 137
128 177
141 11
92 137
138 168
53 15
79 9
27 82
142 16
136 178
20 18
132 10
72 8
43 1
112 165
134 18
25 54
7 17
140 8
138 2
106 3
135 12
37 5
160 14
44 169
93 3
61 7
147 6
171 14
144 147
21 172
35 101
149 186
179 192
123 148
190 6
115 117
164 179
29 89
185 3
21 18
89 8
71 97
56 174
75 15
135 8
108 175
86 90
105 110
57 12
32 12
88 174
104 148
72 75
45 7
3 13
51 0
83 178
44 2
28 184
20 50
101 162
161 13
127 14
29 7
137 163
88 142
157 185
91 19
88 13
66 18
189 9
113 183
133 15
47 12
121 177
164 175
134 6
163 15
54 191
81 89
23 194
84 120
190 13
1 10
34 121
20 12
165 4
20 11
90 7
43 18
175 193
116 161
169 18
112 8
122 189
163 187
80 15
110 11
123 5
5 8
180 4
131 18
46 189
72 168
55 1
43 62
169 19
185 13
54 61
52 0
124 7
119 196
51 180
188 0
148 7
118 152
44 11
32 16
175 10
43 124
187 9
68 0
117 11
70 16
156 14
28 12
143 15
107 12
41 106
73 90
146 199
89 1
61 117
192 5
176 19
29 9
21 29
78 153
76 13
100 190
25 125
28 178
163 165
146 14
35 12
183 16
66 101
10 16
66 199
0 12
71 15
36 141
39 162
142 186
29 6
161 17
188 11
144 171
27 125
114 19
31 116
32 116
56 81
93 7
46 0
87 19
58 145
170 18
160 19
106 2
20 194
162 177
134 3
53 54
21 4
101 12
90 199
101 18
162 18
87 13
153 14
127 167
100 178
10 12
114 2
133 4
77 18
120 159
99 18
192 196
102 7
188 1
4 16
40 8
6 9
117 0
174 19
193 3
74 8
70 162
49 108
51 19
20 1
75 19
97 9
27 5
44 171
116 135
27 50
44 161
28 100
71 128
41 120
39 17
195 8
53 66
163 18
25 47
89 133
192 2
77 85
48 15
89 10
127 171
117 18
59 166
101 5
23 13
168 16
66 187
21 103
107 183
48 16
62 14
96 115
28 78
22 2
51 7
35 13
5 15
123 19
28 87
23 76
91 17
151 16
186 6
183 4
44 13
173 12
95 142
135 4
52 19
41 7
110 19
193 9
30 8
70 157
12 19
76 1
124 18
172 0
129 2
3 14
49 88
52 2
169 4
10 17
24 174
128 17
135 3
93 17
22 27
37 184
76 153
69 75
57 3
137 8
83 111
25 156
150 2
79 7
132 163
161 11
115 4
184 17
186 18
84 178
30 34
181 15
145 9
142 3
69 143
115 129
129 194
48 2
117 118
167 11
23 27
71 90
21 11
62 1
185 195
96 7
173 196
30 167
99 16
58 84
41 170
10 14
170 5
65 149
38 1
81 90
55 66
92 0
118 19
152 195
184 6
133 7
75 117
182 12
80 131
147 160
30 15
141 5
99 19
128 9
111 171
104 109
81 180
112 14
95 134
103 142
83 18
153 15
86 121
94 106
157 11
126 135
122 4
66 178
117 12
25 4
99 164
100 16
90 14
124 168
119 187
74 2
94 129
105 4
136 196
68 173
154 5
73 99
53 167
36 60
66 112
38 136
44 114
180 186
75 145
43 108
155 16
82 112
150 170
79 13
26 68
37 87
77 173
94 116
65 196
151 14
146 190
83 188
109 14
93 199
132 11
9 19
154 0
59 116
34 160
26 0
130 161
151 15
47 125
49 102
110 118
108 4
184 1
2 17
2 14
140 10
77 136
133 142
175 4
133 185
38 2
145 15
186 12
163 173
174 3
198 3
0 10
44 10
199 6
163 195
97 116
114 3
66 8
1 2
21 73
54 63
59 78
116 11
54 163
133 1
166 14
195 6
62 3
161 9
178 0
40 135
147 15
41 198
121 153
31 101
196 12
155 0
121 13
54 78
104 19
74 79
146 164
52 113
105 6
8 12
89 18
9 18
159 17
161 14
4 17
85 114
184 0
192 19
25 81
177 7
70 19
61 1
7 16
4 12
128 6
120 187
39 141
42 5
27 30
141 14
29 3
22 62
84 12
107 0
27 4
198 0
171 183
136 161
59 69
66 144
150 7
66 115
106 183
2 15
103 1
71 17
40 145
122 133
107 1
191 9
31 138
199 9
174 4
141 15
123 136
119 172
76 198
199 19
84 186
45 139
30 133
92 10
117 191
186 13
55 2
154 15
28 8
73 6
185 19
20 164
121 10
26 43
104 178
43 110
83 172
107 7
181 12
120 5
122 11
27 2
44 83
91 132
62 91
35 112
148 15
118 1
156 181
24 153
162 10
79 17
80 169
44 1
94 19
40 18
81 125
54 74
79 116
137 18
80 10
137 193
102 132
32 19
88 157
121 14
111 131
110 1
122 0
42 178
39 2
118 3
26 192
188 14
186 188
102 198
145 17
98 108
181 3
36 122
193 19
98 4
122 9
56 5
142 154
50 68
1 9
57 0
58 89
138 147
56 152
159 9
163 1
128 141
69 9
105 17
131 190
74 113
37 166
84 109
72 178
79 173
184 5
25 18
66 166
99 154
57 150
117 163
42 184
117 5
46 3
139 9
75 197
54 1
103 6
30 33
47 81
171 182
38 18
182 0
128 10
74 116
110 115
181 1
61 185
100 12
48 10
49 2
61 13
148 6
177 12
55 14
84 5
82 13
109 135
104 111
47 58
94 158
131 16
40 161
4 8
43 0
69 101
95 189
40 11
115 179
89 12
91 188
165 1
136 11
51 154
37 11
124 167
123 6
151 3
194 16
64 1
125 195
77 1
71 104
147 8
186 19
3 11
46 138
39 177
65 3
13 17
45 117
147 154
154 19
115 7
51 73
43 12
187 13
88 1
78 7
96 169
60 17
176 4
40 74
67 182
50 64
46 53
97 134
84 152
140 18
64 135
76 14
166 171
83 19
57 81
11 17
24 8
156 157
45 193
66 99
30 137
109 138
154 7
118 143
86 100
35 126
152 5
167 190
1 15
163 180
65 98
61 73
184 10
142 19
82 9
145 8
86 18
67 160
56 6
151 7
85 126
25 111
37 84
131 13
72 13
173 4
78 161
75 88
135 2
104 11
22 44
92 126
29 16
4 6
149 12
72 77
57 100
30 157
151 155
193 1
68 79
101 130
183 10
90 188
28 0
149 5
8 11
79 12
65 84
144 146
102 12
50 172
36 46
72 5
54 5
89 2
199 10
55 0
20 122
83 90
83 8
0 1
96 6
119 146
190 15
57 181
75 11
138 10
135 11
87 5
0 13
48 4
77 7
1 19
29 17
76 11
140 190
61 80
112 19
52 8
3 8
190 11
75 18
27 17
55 10
110 9
41 181
143 9
93 5
22 1
35 6
0 11
152 19
138 17
120 6
41 6
71 107
12 18
22 18
3 9
95 193
97 123
178 14
52 69
80 85
40 124
58 12
99 113
154 10
77 16
54 67
148 10
67 142
58 91
76 155
119 17
28 135
69 166
81 129
74 19
108 192
168 14
65 11
54 2
73 157
56 142
9 13
5 19
41 8
176 13
33 171
155 159
85 154
15 18
60 189
91 94
57 124
101 10
119 0
27 15
26 19
195 12
22 182
33 0
28 4
55 129
138 1
139 186
20 56
90 19
92 109
120 10
188 4
67 96
61 0
41 151
58 16
46 166
57 189
192 6
57 165
189 3
156 19
77 108
193 2
5 7
43 128
196 3
183 9
5 12
100 159
55 104
41 140
11 19
119 199
90 1
153 9
160 4
45 123
198 16
83 129
14 15
20 30
169 1
87 4
71 150
51 65
46 149
50 103
45 145
71 11
144 168
187 5
95 0
76 181
52 17
141 16
11 13
50 104
117 122
130 181
172 10
31 183
43 3
158 9
53 94
63 182
142 5
45 82
47 93
154 17
69 11
117 17
177 184
31 17
0 8
152 11
86 146
161 6
110 171
29 170
95 9
113 161
165 13
88 131
58 189
124 11
98 3
8 19
7 10
86 157
77 127
61 183
108 111
92 14
21 100
51 4
26 28
55 13
6 18
80 193
97 169
30 199
20 159
105 129
197 15
154 12
169 14
74 148
44 53
22 94
56 57
25 5
92 16
157 169
117 177
88 2
96 16
194 197
175 187
118 190
154 193
90 112
32 15
195 4
84 111
82 98
76 139
193 11
106 193
15 16
72 134
152 189
140 12
20 116
25 73
142 4
135 159
189 1
102 173
94 141
167 17
21 19
1 8
55 95
95 10
142 17
3 5
116 121
108 193
153 181
22 191
78 12
112 3
107 177
99 8
157 8
131 0
40 92
71 19
141 194
150 15
119 198
99 112
75 191
32 9
6 16
24 10
161 189
26 15
118 18
117 16
39 126
171 15
159 5
144 4
60 157
74 18
83 13
74 167
26 30
58 198
75 84
40 107
63 126
36 0
123 10
132 154
156 8
115 146
152 1
109 143
144 3
144 6
134 184
179 9
120 128
166 10
5 10
56 184
66 162
29 38
121 175
181 196
148 14
86 112
4 18
171 9
162 2
53 0
34 109
185 15
165 16
136 171
127 136
78 10
50 4
170 4
53 125
21 141
37 15
168 4
170 8
47 96
52 179
24 151
88 197
79 8
199 8
102 179
126 6
152 177
146 3
75 2
138 191
167 18
186 14
36 136
135 9
71 16
118 2
26 185
59 138
53 96
26 75
186 196
174 8
94 4
42 9
25 16
145 6
126 12
14 18
32 167
37 19
16 19
31 59
57 162
9 17
76 186
105 198
6 11
33 85
57 18
144 149
5 6
114 7
115 135
20 0
44 165
152 7
48 58
164 17
125 18
116 5
38 19
98 13
70 86
84 183
56 164
5 14
65 151
47 112
50 153
122 181
30 161
69 5
150 11
91 13
147 9
82 8
22 55
40 188
79 185
115 159
72 18
196 10
35 2
96 15
36 138
93 9
145 168
26 82
64 165
130 10
44 18
164 12
170 3
146 4
48 96
182 11
62 80
177 195
20 160
76 170
89 168
168 197
21 2
39 76
35 8
115 6
192 12
24 182
80 14
80 8
78 14
131 8
124 136
48 132
95 133
134 7
160 6
35 157
56 4
91 8
55 177
23 110
57 193
32 104
166 8
41 89
2 19
176 189
173 13
64 5
59 150
24 35
45 0
120 7
198 1
34 10
107 193
68 178
24 64
44 14
54 17
54 116
58 114
134 14
106 137
39 11
109 13
63 152
60 180
178 4
78 15
187 190
118 155
117 6
124 19
52 150
62 146
29 78
58 2
196 0
30 107
51 113
178 1
91 4
23 8
2 10
100 147
132 177
61 15
41 9
65 103
103 115
71 10
62 168
57 2
7 19
60 77
67 116
175 16
88 14
156 9
35 40
65 7
56 1
129 11
80 7
94 160
62 4
136 141
71 1
136 9
190 8
89 14
49 76
109 163
36 2
59 2
115 177
148 13
100 113
48 66
29 5
102 195
163 16
40 157
40 54
97 11
103 17
39 10
53 184
159 16
171 18
82 3
49 164
31 171
85 140
157 162
66 11
97 0
99 12
124 153
191 4
68 19
38 0
126 148
68 9
79 82
145 191
109 197
32 152
76 195
102 164
122 180
27 127
182 2
94 18
51 196
47 197
112 133
90 103
127 11
186 5
131 19
26 5
130 6
40 0
160 182
88 168
108 10
76 86
26 160
88 165
147 3
169 3
150 189
113 6
125 11
120 12
105 7
126 139
93 13
48 136
61 99
42 89
118 12
18 19
0 3
39 3
37 130
152 13
60 80
62 18
14 17
112 171
33 55
13 18
42 6
111 18
31 10
41 16
109 9
187 10
137 19
114 9
100 144
112 177
191 16
78 8
47 102
68 170
134 159
138 15
62 122
198 7
56 96
92 2
39 174
121 5
46 164
27 142
51 9
119 165
5 9
74 17
68 127
128 8
109 18
188 13
27 131
28 176
137 9
85 187
3 12
44 88
87 100
61 102
49 3
