168 185
121 7
25 160
199 6
82 1
108 165
105 8
185 1
25 187
100 11
26 16
70 89
65 174
33 181
197 5
23 111
77 84
149 10
80 18
86 194
144 13
157 7
71 9
141 5
65 198
184 6
11 14
119 134
152 2
151 171
97 9
24 94
189 5
135 4
132 0
84 108
30 9
103 182
150 189
131 148
177 2
92 1
77 17
99 18
46 4
192 13
62 9
113 15
63 16
184 5
23 1
43 4
51 11
155 6
142 5
73 195
128 11
163 5
148 7
46 198
154 8
48 2
85 17
102 123
171 9
185 3
30 15
98 6
177 15
178 13
151 11
109 16
24 14
31 5
98 7
47 156
20 4
45 172
129 5
120 3
138 8
73 2
109 2
113 19
66 15
69 163
44 17
123 18
139 11
170 7
26 182
127 195
57 16
20 1
119 159
29 41
78 14
122 8
128 14
95 168
100 5
67 85
82 176
63 82
188 195
25 3
29 152
83 11
51 55
139 18
102 16
41 13
21 179
136 2
97 136
46 128
145 9
193 16
110 6
101 199
2 7
86 19
59 15
147 9
191 15
87 7
111 19
141 1
168 1
184 7
10 17
108 6
184 0
152 156
126 140
154 17
56 196
172 174
42 3
58 162
12 13
149 158
173 14
108 13
87 111
180 17
197 19
45 11
98 8
76 14
192 18
157 18
150 185
91 4
51 13
197 1
2 8
183 10
99 123
81 2
76 2
125 17
3 10
86 124
14 19
167 17
154 179
132 144
72 78
198 19
151 12
94 3
63 15
163 14
141 152
198 11
145 19
38 58
129 177
97 17
92 119
76 3
97 5
26 127
53 11
119 19
146 1
2 15
117 126
155 16
38 60
143 10
69 10
20 152
176 6
139 5
37 15
105 145
159 199
176 19
61 72
143 3
32 12
64 143
32 18
129 9
197 4
58 12
39 11
120 8
146 179
44 57
79 95
59 3
136 16
28 49
94 109
127 11
198 7
153 12
121 170
162 9
102 158
158 191
136 7
57 136
28 10
27 7
157 163
74 7
168 3
107 7
101 178
181 8
67 9
178 11
141 14
24 13
29 11
128 189
152 18
52 16
35 5
184 1
51 74
53 110
24 8
33 10
2 4
175 14
150 2
157 16
28 132
2 5
127 193
115 177
63 0
174 180
56 7
3 18
146 3
27 6
54 182
13 15
105 9
85 13
31 2
111 15
116 10
113 152
15 18
74 151
191 19
71 124
188 13
63 154
43 13
77 7
47 11
29 8
53 17
115 2
73 173
108 152
68 17
66 19
22 156
133 171
104 3
63 3
96 15
93 197
78 1
168 0
86 14
36 4
93 13
37 184
66 5
38 14
28 15
59 13
1 9
91 161
5 13
86 8
47 7
77 3
154 9
41 149
30 18
175 3
181 19
89 11
131 7
88 3
25 18
160 1
162 17
149 179
170 185
38 65
154 5
171 8
4 11
181 0
160 192
130 198
46 14
168 17
75 11
114 8
157 175
56 15
54 0
47 97
145 10
162 171
33 63
76 5
114 3
183 3
69 9
36 90
8 15
38 96
30 16
158 4
35 1
78 144
169 17
196 11
65 9
116 17
134 12
90 5
140 12
98 128
65 17
48 134
6 7
41 11
175 6
8 18
127 17
53 9
190 17
121 3
20 167
53 182
47 159
21 139
51 10
128 2
0 6
117 5
73 11
191 14
56 17
37 107
135 1
153 0
62 3
195 10
58 119
196 7
142 13
51 137
120 18
48 8
40 1
3 8
51 8
50 6
14 18
82 18
181 17
44 16
164 13
74 16
33 4
131 17
70 149
38 17
165 1
100 19
80 102
47 89
22 14
186 15
32 15
24 0
123 136
136 19
199 16
44 19
92 19
95 4
163 15
22 157
43 9
36 17
119 14
41 1
135 13
131 14
185 16
42 150
51 111
13 16
194 1
53 1
74 17
28 170
161 178
25 6
155 197
62 5
133 14
22 0
58 15
52 15
50 5
25 47
191 4
92 16
185 18
143 15
81 3
0 7
193 1
92 121
1 14
83 152
178 197
21 126
43 0
138 7
106 197
43 64
123 13
171 1
93 8
25 9
141 0
89 16
38 85
106 6
79 4
139 159
103 19
53 187
80 178
26 2
37 7
134 18
22 141
78 15
103 17
115 19
128 147
11 13
27 166
75 194
127 7
96 18
71 2
10 15
75 82
81 162
36 6
196 12
33 0
196 2
76 80
77 11
79 5
2 10
116 16
179 15
43 2
41 72
165 170
74 84
151 192
128 141
10 12
115 8
72 163
188 9
25 121
185 13
58 193
61 192
23 199
95 164
57 3
81 176
88 17
59 8
164 17
129 140
118 136
170 19
81 4
91 130
95 111
49 18
179 189
38 2
189 19
77 2
73 121
149 16
68 6
100 3
142 8
170 2
54 149
146 9
155 0
164 4
82 165
186 18
53 54
178 188
81 174
63 135
99 17
156 6
28 3
45 18
24 36
1 3
85 19
164 167
29 195
28 39
124 7
54 168
33 77
123 152
142 17
16 19
93 145
99 6
78 107
81 119
69 149
103 153
2 17
34 10
7 19
89 19
117 10
164 0
75 2
36 73
178 7
65 14
94 140
106 17
101 143
9 11
46 176
65 7
59 10
116 166
112 117
65 10
155 7
171 5
1 7
4 18
69 93
79 15
118 15
48 13
28 140
179 3
61 9
21 74
106 15
111 7
131 175
44 165
89 8
21 5
175 19
96 9
188 3
4 16
133 159
40 51
133 2
62 67
21 196
171 7
118 12
23 5
130 19
32 101
147 2
81 5
47 152
9 16
191 6
120 4
78 19
133 6
34 16
93 122
126 2
115 0
116 13
133 1
186 9
92 122
23 25
92 11
115 11
6 17
183 13
85 2
173 8
104 153
51 9
40 4
185 5
163 10
75 199
37 9
63 2
58 143
72 13
167 16
105 2
104 7
110 1
70 7
124 17
185 7
5 17
195 12
72 11
119 9
92 171
31 8
5 19
86 0
51 17
153 158
36 56
191 11
102 7
185 0
7 11
71 3
173 19
63 65
121 11
157 6
79 122
92 2
95 175
64 12
54 197
106 2
140 3
131 188
137 170
21 16
12 19
147 178
43 11
128 4
9 14
33 166
74 85
131 149
124 181
33 1
66 13
110 174
122 148
195 0
47 164
97 10
48 4
69 16
136 13
105 153
78 4
120 5
80 188
167 1
33 86
75 15
78 5
98 18
173 16
138 14
156 13
140 5
193 18
136 17
31 0
153 172
129 10
166 18
78 128
4 10
134 147
159 19
60 14
173 10
100 170
65 6
136 150
101 118
51 150
92 15
1 2
38 13
198 8
44 11
154 11
80 12
67 17
63 6
96 197
81 12
136 6
38 12
159 2
127 145
133 11
105 18
198 1
5 16
193 8
133 3
195 13
68 101
94 17
182 0
162 19
46 101
84 2
51 89
103 191
30 43
34 17
42 6
10 19
137 8
65 11
183 5
66 151
188 6
129 3
82 147
135 184
140 1
196 10
30 79
94 139
24 15
121 19
153 15
175 17
54 83
58 13
26 1
56 81
144 162
128 144
81 14
165 14
39 190
160 13
62 179
48 152
195 7
109 5
140 15
129 174
97 15
193 13
10 11
165 9
177 13
103 117
24 16
83 112
7 17
69 70
107 114
81 187
94 11
172 189
7 13
129 16
5 7
127 163
24 171
1 4
147 192
85 18
155 180
30 51
117 196
51 6
156 159
55 6
53 13
47 14
162 5
125 140
128 10
180 9
36 106
58 2
153 6
66 4
159 8
75 126
26 73
154 7
92 10
167 3
88 100
93 5
63 19
9 10
42 14
67 16
60 9
78 18
144 11
33 17
129 19
129 188
130 3
73 118
145 17
195 19
167 188
76 11
160 0
88 0
181 12
174 19
87 15
60 19
24 157
42 19
175 8
107 0
175 5
131 5
147 13
104 175
133 12
156 183
112 19
124 2
29 18
28 14
5 18
71 183
106 13
112 17
28 9
197 2
70 19
73 109
61 166
193 2
4 17
8 16
40 14
94 173
161 3
118 177
29 69
0 17
197 13
22 9
9 17
34 0
95 6
68 143
160 11
35 2
67 126
131 12
102 13
120 7
8 17
94 5
129 167
143 6
72 1
96 152
40 16
37 1
90 16
101 9
159 11
44 13
156 2
111 18
97 143
121 2
29 179
98 9
182 19
49 2
161 11
70 147
117 3
194 7
53 77
197 0
61 15
192 3
180 7
85 197
26 13
13 17
123 185
54 103
101 11
111 1
183 6
57 2
157 0
151 17
72 19
12 16
25 122
50 16
66 136
103 4
171 186
140 11
112 3
20 49
60 16
27 89
30 4
41 7
106 5
198 18
105 7
29 9
137 151
117 8
96 8
117 174
174 5
66 8
125 16
167 5
41 14
140 147
1 15
138 179
191 5
144 1
6 8
161 13
49 17
197 12
123 169
39 69
11 12
105 5
80 5
29 17
38 11
102 151
111 12
181 16
115 15
105 1
49 126
30 128
102 17
87 0
142 11
159 18
0 14
176 13
55 11
20 9
145 3
109 115
41 4
64 114
155 17
74 176
63 13
51 19
137 14
71 17
102 9
44 177
111 136
90 164
111 189
94 13
170 11
42 0
132 2
148 181
89 14
2 16
186 8
155 195
166 16
64 161
48 177
158 17
148 9
125 3
11 19
22 134
12 15
92 14
87 11
160 175
56 13
41 81
163 18
198 12
28 12
135 12
119 175
65 19
68 156
87 9
180 4
62 149
5 14
190 0
9 12
98 172
60 15
47 12
96 6
5 11
55 171
56 10
176 11
75 7
88 192
33 173
148 169
61 103
90 19
140 17
71 16
32 79
107 165
162 1
22 13
72 140
132 190
163 2
64 7
48 17
120 12
24 191
141 3
4 9
183 15
139 13
48 104
118 193
103 7
51 1
77 81
106 8
189 12
126 15
102 0
171 15
106 11
132 13
70 18
41 9
147 160
66 16
136 18
29 60
66 142
52 191
192 12
179 16
53 164
40 8
154 6
104 14
164 18
68 162
82 2
168 178
184 2
7 14
34 187
35 152
45 17
72 172
108 1
190 19
161 15
107 3
121 10
66 9
98 136
68 119
77 5
38 124
94 2
97 6
130 167
110 5
131 15
53 125
35 15
74 127
23 7
32 6
37 139
115 17
64 13
174 17
1 12
80 16
153 11
92 17
68 2
64 18
74 15
0 1
114 9
6 9
55 15
3 15
104 15
35 4
90 11
106 129
55 0
193 199
26 9
121 16
26 3
8 11
89 13
140 19
66 68
182 13
177 18
145 193
88 7
100 158
175 12
129 145
77 170
45 6
42 8
132 1
60 3
137 5
195 4
74 11
29 2
99 9
194 2
158 1
122 12
3 16
5 10
137 11
126 1
53 127
144 7
137 177
59 154
115 194
11 15
63 10
153 2
187 7
160 183
148 11
37 17
147 159
10 16
22 2
31 13
152 16
148 190
153 16
102 155
173 12
30 2
150 19
114 19
196 1
100 18
102 4
8 12
149 175
79 18
119 156
58 1
9 15
23 17
94 143
23 9
139 10
99 166
79 123
47 109
167 7
56 6
152 14
169 6
199 9
44 3
47 17
25 85
7 15
95 17
73 182
173 1
10 13
126 4
71 111
140 16
126 13
146 189
156 16
90 10
106 12
102 15
101 8
178 19
81 86
71 13
76 1
99 154
6 18
37 156
107 121
106 18
98 0
97 100
46 19
121 165
25 152
188 10
32 13
186 0
37 14
169 12
164 187
108 16
161 19
108 15
169 11
179 6
69 17
192 14
140 2
108 8
84 110
76 15
26 166
128 9
75 5
74 2
41 8
177 17
99 16
181 11
111 11
121 6
52 10
131 11
155 189
153 155
100 0
67 146
166 183
23 0
3 9
87 3
121 160
84 10
48 1
72 185
143 190
69 5
126 3
113 14
152 4
53 4
184 17
36 9
66 184
108 195
5 15
64 150
57 1
27 0
174 3
84 14
93 146
50 11
161 173
46 15
26 84
199 2
138 164
151 19
33 3
89 112
87 4
127 6
70 12
161 2
102 133
21 173
112 8
3 19
121 13
74 138
180 0
120 13
117 177
101 5
182 17
60 11
57 154
18 19
36 2
180 3
22 42
3 12
66 181
42 2
25 8
44 82
99 144
151 8
117 14
0 8
20 62
131 6
166 1
3 17
107 15
143 18
183 18
155 165
51 162
156 178
144 18
71 0
184 11
33 64
39 40
93 0
47 151
22 4
130 13
168 2
140 0
103 168
87 13
106 19
35 166
90 15
46 145
127 9
142 182
72 5
0 13
101 3
83 6
116 6
147 17
61 138
70 14
78 7
82 149
111 180
29 0
122 159
55 197
26 140
147 1
57 5
139 198
132 19
82 103
8 14
73 12
82 5
4 7
169 19
169 9
97 175
116 11
93 15
48 9
150 3
127 3
128 190
142 3
65 16
128 8
39 67
25 109
98 197
13 18
94 10
54 3
119 2
164 12
122 3
141 17
99 168
12 18
16 18
75 9
150 4
66 1
54 5
29 178
87 6
92 18
34 13
82 16
170 12
123 7
56 199
194 18
67 172
20 0
151 7
116 14
170 16
45 1
104 198
107 136
123 4
3 7
116 4
149 174
186 13
152 19
107 17
54 9
42 196
181 5
108 18
111 16
32 9
174 18
76 17
26 125
0 3
6 15
99 14
10 14
83 15
83 13
53 8
136 15
41 10
1 10
47 10
80 141
62 135
122 16
153 19
31 6
111 9
103 141
74 0
82 3
46 6
177 6
187 8
63 7
144 12
115 130
48 0
1 18
137 7
146 19
196 15
78 12
48 125
67 117
37 6
195 11
139 4
122 123
31 1
44 5
117 19
32 136
118 5
84 8
1 19
68 12
96 17
186 17
106 0
160 163
195 14
57 13
142 10
139 194
26 167
28 48
47 148
146 13
47 72
23 127
71 147
59 111
156 0
22 36
93 116
124 193
50 188
145 156
34 182
114 0
167 4
95 0
21 14
145 14
1 5
99 169
72 3
85 6
70 13
121 198
91 18
139 6
109 190
61 5
185 4
118 11
141 6
136 0
21 12
85 14
196 6
130 8
178 3
22 26
191 12
93 6
50 76
72 14
147 174
3 4
80 19
76 19
40 140
197 11
71 7
99 182
33 19
166 3
197 3
25 103
56 19
90 0
89 7
147 12
157 12
174 12
144 172
185 6
192 7
50 19
124 16
46 80
155 4
91 16
151 14
64 10
38 15
118 8
71 14
172 6
63 17
166 11
184 15
7 9
143 14
64 0
103 137
68 89
40 117
142 144
58 19
0 5
114 2
158 0
125 4
52 0
71 162
122 7
45 14
24 181
110 19
147 11
87 17
135 179
45 5
32 16
119 6
20 10
73 74
121 162
166 14
170 186
68 7
142 15
44 1
103 15
30 10
133 167
95 1
79 17
137 12
156 11
83 14
147 5
82 144
140 6
194 16
110 132
116 139
56 114
101 15
75 14
58 154
98 164
89 9
93 179
123 0
164 14
155 18
100 160
33 16
29 5
171 12
170 17
100 2
69 15
50 17
168 5
126 136
163 187
95 121
169 13
90 122
182 12
158 19
69 14
84 91
26 10
195 16
6 19
130 12
165 12
94 98
74 92
172 10
144 0
114 137
83 0
100 140
113 2
66 124
180 19
135 0
24 5
70 180
156 17
161 0
2 6
48 6
142 2
149 19
177 5
118 2
113 130
134 157
62 197
157 181
112 0
167 187
125 19
2 14
3 14
180 11
181 188
99 186
30 33
2 3
175 7
68 19
182 190
55 13
29 134
52 4
67 10
74 10
180 6
56 1
68 5
149 12
81 199
20 14
71 106
97 16
136 14
108 7
63 122
151 166
36 0
5 8
46 89
48 94
95 10
54 8
85 12
46 8
17 19
109 13
34 2
85 16
6 14
166 6
77 19
47 0
111 6
95 8
6 11
65 112
52 185
97 135
115 186
87 16
175 10
40 144
28 4
37 65
124 161
125 11
169 2
53 131
154 3
84 1
145 18
50 79
198 10
61 78
145 1
144 179
135 186
40 164
40 3
60 191
187 9
33 15
22 8
64 169
162 18
152 3
22 5
164 10
75 6
173 15
115 134
120 17
186 4
32 117
175 1
89 114
107 14
25 137
173 0
157 11
170 1
128 17
102 12
21 29
124 10
20 161
20 93
136 8
70 16
103 16
161 16
127 130
163 4
34 3
89 90
141 11
48 195
70 9
129 8
85 161
109 15
168 13
158 197
62 13
8 19
172 11
192 4
132 7
94 9
76 102
105 14
46 10
196 19
23 65
26 17
81 132
89 15
73 80
194 4
117 191
23 11
168 14
156 184
193 5
5 9
135 7
46 113
39 138
39 52
1 6
49 13
115 150
129 193
107 1
199 5
22 19
133 4
124 18
117 139
130 16
165 15
118 3
127 197
176 12
65 130
37 105
27 1
73 81
64 19
53 12
132 6
39 15
172 8
134 17
143 8
137 3
130 18
148 0
42 10
79 87
133 15
110 10
183 19
15 19
2 13
183 0
151 0
53 15
129 147
143 16
29 1
28 154
132 10
182 11
99 7
158 16
20 109
31 194
167 13
121 4
62 2
49 83
124 189
112 169
148 12
116 8
22 3
90 2
29 19
27 163
2 19
137 0
80 7
191 1
134 9
132 14
121 18
184 195
55 163
92 9
79 6
24 17
23 89
115 18
59 6
93 167
123 12
60 18
1 17
52 19
63 120
77 16
151 3
101 1
27 2
128 0
182 14
74 9
59 19
105 19
108 4
30 12
44 12
52 14
65 0
66 12
7 12
190 10
31 75
184 16
57 77
98 16
8 9
45 15
128 176
27 10
161 9
33 69
105 163
146 151
116 151
48 122
7 16
160 16
94 18
27 18
159 17
107 11
88 10
150 14
73 168
29 50
182 7
72 2
124 15
24 55
54 185
170 4
21 6
90 163
85 165
58 4
151 4
113 10
76 10
117 0
73 87
134 1
150 7
56 131
167 15
149 13
104 2
107 13
93 2
93 14
48 51
20 40
52 186
21 3
50 62
79 16
156 9
75 19
38 3
111 123
118 141
59 14
109 9
147 6
97 19
88 144
63 75
179 1
67 15
9 13
45 47
106 7
161 6
107 5
152 11
33 115
46 0
199 11
54 180
3 11
126 8
82 4
162 10
68 71
58 0
105 198
46 167
176 1
179 10
159 4
163 193
77 14
55 14
130 151
120 14
118 4
141 18
143 196
168 4
188 15
127 154
190 14
104 1
93 16
95 167
99 117
8 10
139 175
143 9
58 6
112 13
21 4
197 8
96 0
135 159
152 5
121 15
66 7
76 125
94 19
137 150
166 13
56 5
105 133
178 0
113 12
199 7
48 142
164 5
172 14
61 16
14 17
137 172
0 11
87 19
63 14
137 17
118 13
71 4
122 6
83 3
135 17
62 4
150 15
180 8
36 1
7 8
171 3
66 104
163 3
197 18
30 131
86 174
85 153
136 167
54 186
36 5
23 196
49 133
181 192
4 19
53 2
56 8
190 5
119 16
49 15
109 14
116 199
6 10
81 15
129 11
153 3
27 44
74 142
61 77
14 16
146 11
109 1
0 15
48 146
140 178
61 17
158 9
33 146
76 94
132 3
117 1
57 68
56 120
106 157
34 186
141 13
101 19
103 2
86 1
165 199
25 13
180 1
165 198
170 6
43 14
196 9
93 112
80 0
146 15
122 1
132 16
34 53
39 177
32 189
169 1
39 0
41 162
43 12
61 19
7 18
102 19
59 18
189 6
23 13
86 13
38 6
185 17
93 10
64 196
174 7
11 16
117 15
106 159
28 123
39 1
134 138
66 91
39 12
101 16
80 154
56 176
162 2
131 13
162 8
152 0
87 14
163 12
106 10
34 12
4 8
180 2
146 194
113 1
144 5
27 153
76 184
24 12
162 7
30 11
114 12
23 2
77 9
144 194
20 111
164 9
30 168
35 6
92 8
142 9
163 13
143 2
20 139
51 4
184 12
22 1
132 12
189 7
28 19
128 3
67 19
34 1
143 4
192 10
107 2
147 14
97 3
84 9
55 10
174 8
85 0
187 17
92 6
127 0
153 179
119 12
150 1
62 7
30 19
178 16
25 15
106 194
69 18
48 49
99 162
125 8
156 18
50 15
106 1
42 183
135 16
77 4
59 165
4 12
135 177
82 19
99 5
117 12
81 108
79 10
122 155
23 19
118 16
27 169
59 139
81 131
99 10
166 9
23 14
37 2
76 18
109 147
152 13
123 126
45 16
97 4
90 193
96 174
124 1
64 15
57 18
55 17
96 102
69 106
107 10
120 1
166 4
50 154
174 6
197 10
37 143
61 11
152 1
78 176
166 2
73 16
161 10
87 2
29 7
133 13
79 1
82 153
30 155
92 5
62 192
186 14
154 12
74 103
113 129
48 174
6 16
112 120
137 194
158 10
81 0
93 19
43 141
44 9
147 179
117 13
185 12
95 15
31 87
74 19
4 15
161 4
66 111
183 12
23 8
21 145
130 4
119 171
74 135
126 14
193 3
93 7
34 185
55 136
67 14
176 9
146 14
185 11
164 7
108 191
62 157
109 18
0 4
101 12
69 162
77 10
112 15
142 160
41 143
52 5
85 7
90 1
51 5
87 136
166 12
188 5
83 17
118 7
126 5
22 16
43 62
15 17
73 9
52 18
129 17
55 12
32 10
114 147
45 8
123 11
141 15
132 17
50 109
2 12
32 0
0 2
46 11
56 16
72 4
69 7
56 18
143 5
142 156
162 15
175 0
88 6
31 19
47 5
1 13
60 112
32 43
82 6
96 5
67 111
81 95
25 176
23 63
129 179
47 4
149 2
10 18
20 39
160 10
45 174
43 92
123 16
115 6
105 16
55 8
167 8
162 164
124 192
25 12
0 19
48 123
26 0
30 179
12 17
59 12
65 136
60 13
104 17
78 11
91 14
170 14
54 7
128 16
40 167
77 138
75 85
155 15
131 8
146 152
71 8
4 13
93 18
37 18
196 5
28 6
76 116
134 15
65 5
191 0
182 16
134 16
130 190
197 6
56 97
176 17
168 11
80 2
181 191
193 4
110 176
133 0
157 191
100 12
21 8
115 13
139 2
9 18
28 80
196 16
189 2
114 13
169 196
80 9
91 2
98 191
27 11
13 14
118 18
97 139
122 19
131 0
16 17
42 129
13 19
40 56
81 6
56 2
196 17
167 19
110 11
37 123
163 169
144 17
24 176
158 13
187 11
63 112
26 51
160 4
22 10
156 5
92 0
188 2
115 7
24 18
88 13
83 176
127 160
192 8
41 19
56 4
144 3
131 9
104 4
153 14
152 8
104 18
73 140
53 6
183 4
109 10
50 18
112 198
102 18
6 12
5 12
86 142
53 14
185 8
24 180
96 7
47 71
168 12
126 6
21 1
194 8
187 18
47 15
6 13
110 9
42 12
171 11
68 13
102 8
35 13
114 4
95 96
188 4
137 162
137 2
105 11
4 14
86 18
169 15
26 18
126 7
20 58
150 11
152 10
35 162
76 16
151 154
129 141
71 5
152 17
119 5
43 184
181 1
192 9
69 8
31 3
154 159
36 12
40 2
73 17
143 0
88 110
72 10
189 10
35 89
109 116
67 6
82 124
190 12
145 16
84 19
138 152
115 9
164 3
123 6
113 8
28 54
157 1
134 0
77 101
38 9
82 125
41 98
182 1
62 1
117 135
30 137
67 7
74 126
37 13
149 8
166 15
147 16
83 12
54 16
83 199
99 12
129 18
37 56
156 4
191 18
27 4
72 18
112 145
127 1
164 2
70 0
93 150
184 13
30 38
142 14
76 4
83 10
102 124
165 3
98 196
126 180
110 14
67 5
120 146
177 8
25 7
27 46
100 132
155 194
90 7
104 5
55 3
171 4
156 10
70 8
93 105
178 8
127 157
0 16
161 7
111 2
166 193
169 5
198 2
60 135
73 177
55 4
50 14
23 18
32 3
159 6
182 2
156 3
86 101
141 19
14 15
188 11
41 187
176 18
174 196
141 9
48 197
95 5
110 15
173 17
193 7
188 14
195 18
34 165
147 10
173 3
62 6
25 65
21 9
100 167
36 41
49 11
7 10
78 0
58 10
59 16
60 7
152 15
73 15
188 193
67 18
184 14
160 5
123 3
134 4
99 19
62 178
58 14
63 132
153 10
8 13
142 6
64 117
2 9
169 194
12 14
3 5
1 8
50 12
3 13
78 13
86 11
166 10
179 17
41 2
92 148
135 14
134 13
79 107
54 133
1 11
180 15
22 11
177 3
34 45
117 4
82 192
113 7
55 19
112 14
164 19
184 3
27 14
87 10
28 17
56 108
73 169
172 184
147 185
89 0
144 177
181 14
59 2
99 15
42 15
187 4
138 0
197 9
62 0
146 6
59 4
172 18
52 2
0 12
134 146
105 0
103 1
188 19
112 11
81 16
47 1
106 167
100 14
57 14
79 152
108 5
103 5
75 17
69 87
167 14
118 14
187 5
106 146
62 138
40 13
72 17
187 16
42 95
40 19
154 4
69 171
122 18
68 3
15 16
90 13
167 12
44 18
5 6
