108 9
149 4
190 9
81 13
168 195
189 4
187 10
98 153
41 49
6 16
85 17
191 3
187 19
64 17
164 15
175 17
178 16
42 116
77 8
80 3
20 13
60 167
94 15
187 11
97 7
39 44
78 93
2 11
8 19
104 195
168 19
153 18
105 9
53 2
87 1
57 10
63 7
32 97
68 15
22 11
108 13
117 9
12 14
144 3
157 0
142 11
48 1
116 142
71 138
72 134
109 176
56 79
124 2
186 190
46 18
83 5
91 1
40 3
102 174
181 0
120 168
165 3
170 18
145 1
82 174
53 68
1 15
87 142
31 75
16 17
113 3
1 9
94 1
64 15
97 4
140 5
125 4
43 144
142 12
146 18
54 186
176 195
101 10
111 131
62 152
11 18
137 195
34 15
33 119
127 165
117 7
184 0
28 10
76 13
36 169
63 4
85 19
167 7
175 5
42 172
38 136
27 5
24 44
169 18
71 6
64 71
56 6
20 19
92 159
87 12
177 11
5 15
185 1
160 6
33 148
161 14
115 151
53 61
40 109
0 4
146 12
76 87
39 153
102 132
122 147
115 173
193 14
46 154
57 3
146 15
33 0
116 193
68 10
186 18
57 5
166 2
53 15
73 18
78 7
136 11
166 171
36 2
85 18
117 16
39 137
22 16
172 7
79 105
143 190
86 96
20 114
11 19
111 1
41 0
194 3
145 14
127 7
153 0
123 9
41 18
32 1
112 170
71 8
108 10
129 147
57 11
52 2
29 2
173 181
38 111
24 157
82 4
140 2
92 6
45 4
50 80
125 0
78 197
167 178
74 0
191 10
5 12
127 12
143 18
177 19
154 18
99 14
124 11
35 44
95 127
154 164
38 17
107 187
36 0
115 3
13 14
47 124
21 8
133 135
53 148
114 1
112 10
140 18
116 174
100 7
169 2
121 170
105 4
73 119
37 11
163 8
127 1
97 9
59 5
109 19
178 6
45 103
88 10
23 18
195 8
147 193
164 9
42 8
159 0
159 175
144 2
152 11
150 15
40 70
30 14
72 131
161 8
40 18
111 186
93 6
102 118
27 1
79 144
191 14
174 0
125 161
137 0
39 8
157 11
34 2
118 156
63 126
191 13
61 128
85 116
139 9
50 164
21 27
78 3
173 15
116 15
134 18
48 3
70 18
166 8
30 17
17 18
33 97
72 3
3 18
65 92
99 145
75 162
123 4
50 3
42 74
135 10
130 190
92 1
48 124
127 172
107 11
105 191
187 16
142 9
2 4
25 96
109 8
22 6
33 76
193 9
115 165
157 19
117 4
7 15
144 168
104 2
82 142
158 182
64 72
27 19
99 1
56 16
154 7
63 172
142 179
103 11
199 2
103 15
33 8
84 12
166 170
77 108
151 12
51 17
44 15
13 19
26 2
92 14
110 6
108 12
32 17
35 9
77 172
80 86
50 83
57 110
37 18
84 0
8 12
168 4
72 14
125 185
171 4
54 18
64 6
192 194
186 3
86 111
110 14
154 199
103 19
26 12
79 7
176 15
184 3
130 0
80 136
6 8
83 159
101 11
112 167
60 12
76 19
157 9
46 4
96 15
162 13
147 14
77 6
138 6
172 6
174 16
153 11
121 13
29 15
109 0
61 12
69 9
148 169
185 0
29 114
84 11
81 5
72 187
36 183
48 151
37 83
173 17
160 5
121 160
103 5
166 5
192 1
103 0
109 191
178 19
199 12
97 151
89 13
31 45
32 2
41 2
149 175
56 17
77 184
198 18
52 78
163 16
106 120
167 14
93 173
54 59
155 6
114 7
78 19
97 106
85 1
124 14
66 178
77 12
29 166
192 7
74 2
27 107
45 0
125 5
62 0
146 165
56 11
185 5
38 97
51 137
180 3
164 8
125 128
114 13
5 14
105 19
22 17
161 173
49 1
191 11
161 189
187 7
36 130
77 0
4 8
86 19
121 2
134 1
48 130
175 195
26 91
198 13
130 189
2 5
126 11
113 18
164 192
6 14
98 9
154 8
50 12
177 6
37 19
115 14
29 13
86 8
158 162
84 123
45 9
122 12
34 193
69 15
86 18
90 7
1 17
10 16
9 11
78 182
44 99
50 132
60 13
33 16
62 126
195 6
159 15
162 10
73 19
57 153
37 4
180 11
106 17
30 18
73 4
161 5
152 12
85 197
149 14
171 0
133 192
72 195
20 42
99 18
49 4
196 16
83 196
189 6
187 18
199 4
119 2
12 15
83 1
36 182
1 3
22 8
102 7
119 18
41 172
119 17
109 13
31 11
8 16
171 195
22 149
11 17
75 9
49 72
160 10
86 186
123 7
119 4
75 12
91 7
189 1
54 14
119 14
80 195
62 84
30 147
160 15
107 193
181 6
45 192
146 5
28 5
41 94
188 10
62 3
41 119
183 17
31 175
153 6
138 18
20 5
25 14
53 5
173 177
33 6
41 116
178 9
148 17
198 4
163 182
3 16
4 5
56 149
32 16
31 16
27 16
74 77
51 3
44 13
74 15
45 199
77 17
97 170
116 189
78 6
101 132
182 3
165 167
115 13
1 16
103 6
165 12
75 15
142 143
185 19
163 14
198 15
45 7
74 3
96 118
27 14
123 12
34 1
156 9
182 16
58 7
126 18
86 4
145 3
166 19
132 9
137 3
160 176
104 10
104 185
60 6
3 14
46 10
147 198
189 18
143 2
159 13
58 133
74 16
73 0
158 7
79 106
15 17
7 10
164 11
89 14
98 115
145 10
72 80
147 15
29 173
98 120
97 195
126 6
86 6
155 19
50 155
3 19
117 163
82 181
165 6
51 197
152 15
10 11
67 11
96 11
129 16
188 0
173 4
39 17
102 18
25 97
109 5
113 12
125 190
87 2
39 13
59 76
125 15
139 7
116 148
9 18
198 12
142 15
74 10
44 164
196 8
0 18
177 12
133 5
95 14
32 14
44 113
86 182
31 166
85 118
37 13
76 10
49 12
128 2
93 191
21 17
22 161
138 8
127 0
123 11
83 11
154 170
71 141
119 1
99 5
180 194
91 10
46 103
125 154
45 13
55 0
196 11
137 10
108 195
169 4
25 113
146 1
60 15
73 181
156 11
182 12
96 9
127 18
10 19
122 19
91 3
150 2
6 11
135 16
163 7
138 184
191 7
75 111
115 2
70 83
117 150
198 3
195 19
83 19
175 19
172 10
74 11
23 112
5 9
21 11
23 3
93 136
27 148
78 100
86 140
77 78
79 9
32 56
56 7
28 109
26 5
111 12
85 5
129 140
105 16
69 3
165 2
145 2
34 178
196 18
153 13
159 1
99 199
97 109
191 6
133 4
68 0
11 15
101 13
31 13
48 91
57 8
113 17
105 10
22 85
95 198
115 121
75 11
54 0
36 10
158 15
156 2
98 8
24 10
72 7
98 1
120 134
82 18
47 18
72 9
40 7
3 7
38 45
171 9
108 18
26 7
149 6
139 6
46 13
163 4
7 18
3 9
82 5
77 86
97 0
28 3
105 181
62 10
150 184
7 12
183 16
119 160
178 15
43 15
169 0
4 12
102 6
118 4
191 5
151 4
199 16
31 9
120 157
78 14
141 148
134 0
184 17
86 2
127 10
181 14
101 7
192 3
73 15
189 11
5 16
191 2
83 195
192 16
180 1
162 17
97 17
177 197
77 126
155 10
100 8
51 13
7 9
36 11
125 17
173 11
61 148
142 8
144 7
143 6
137 6
0 16
74 186
101 198
133 2
92 18
55 5
17 19
3 5
70 145
84 19
7 17
197 3
6 18
187 1
41 100
106 189
127 2
64 192
4 14
63 12
47 11
5 11
75 91
118 127
10 15
29 10
143 17
190 19
49 6
82 7
69 4
67 7
33 181
87 4
49 158
96 14
4 13
74 19
120 18
6 7
49 5
162 11
103 18
146 6
43 9
31 15
37 6
112 1
196 2
33 2
118 17
123 195
0 7
45 10
90 10
109 14
184 186
61 91
12 13
135 163
175 14
80 14
177 8
79 8
156 15
56 4
113 9
87 8
156 12
0 3
31 3
177 15
69 11
107 4
63 184
142 0
56 9
136 6
43 12
47 5
148 16
189 3
80 0
53 18
35 77
167 13
96 108
31 8
75 134
65 98
181 4
3 13
77 16
13 17
77 10
124 15
9 10
198 16
102 146
33 83
121 15
127 5
149 1
136 194
125 3
25 17
39 4
102 10
136 7
115 15
95 15
41 191
192 193
181 17
155 181
127 158
59 82
97 196
67 8
148 3
28 87
165 19
129 139
40 139
69 149
113 186
119 5
3 17
129 4
196 9
100 10
64 3
58 16
32 19
59 0
161 19
35 14
91 4
162 1
9 15
56 101
71 2
51 1
45 80
188 8
4 10
22 4
129 8
182 6
3 12
125 8
172 17
47 72
21 0
71 196
120 3
98 199
187 4
167 4
37 14
197 5
71 119
104 13
81 167
92 124
2 3
85 14
99 16
50 4
29 11
30 53
41 3
95 122
9 16
116 19
56 12
171 18
118 10
35 18
192 0
31 7
189 15
44 5
186 2
47 184
64 5
173 2
12 16
99 13
195 18
177 17
192 15
43 156
186 16
63 6
24 3
197 8
59 18
95 182
84 136
120 123
78 16
39 6
15 18
20 3
96 196
39 162
115 12
162 7
161 13
104 12
115 11
73 144
11 12
111 4
130 3
80 18
37 1
42 59
55 6
15 19
44 127
151 14
31 2
43 19
187 14
23 131
36 144
138 182
22 135
49 14
89 178
27 166
132 7
41 193
50 9
83 9
140 16
131 3
111 165
42 195
97 128
149 12
138 155
51 120
97 152
83 10
68 4
63 3
100 153
35 17
181 19
148 1
27 174
67 4
22 10
198 5
26 44
67 17
114 196
188 16
164 6
117 1
104 187
51 74
24 158
35 10
130 15
97 12
112 3
39 65
181 2
121 129
183 7
73 1
72 137
69 14
40 11
100 3
169 10
198 9
35 11
20 7
110 17
121 148
186 14
145 4
30 90
125 129
26 19
55 163
69 5
101 6
123 126
135 11
95 5
100 16
163 12
25 8
126 169
179 15
97 159
198 8
128 148
30 0
33 15
89 2
121 12
135 8
157 17
35 15
92 119
105 173
91 142
88 126
141 15
46 6
83 6
152 169
159 16
24 173
180 12
56 3
170 12
35 177
87 137
99 12
130 8
35 4
4 6
37 9
33 75
60 67
6 12
116 150
34 125
75 14
28 13
39 53
93 3
153 7
37 16
20 8
79 101
182 13
143 192
27 13
61 4
126 0
107 128
64 10
135 4
86 183
180 15
72 119
36 50
190 5
89 6
1 4
48 16
148 19
186 199
152 19
25 15
105 5
74 13
120 5
116 12
95 7
131 17
70 129
40 1
0 5
147 8
123 132
93 114
34 4
2 19
132 11
189 5
61 165
115 136
79 5
22 9
181 7
29 53
28 4
137 180
32 18
6 15
151 19
85 191
174 178
148 5
99 4
178 3
8 13
21 13
33 4
156 4
89 1
43 185
11 13
176 18
29 8
64 4
21 115
46 85
136 166
67 12
52 74
152 5
160 172
132 17
191 19
61 2
74 6
62 5
145 19
88 196
188 1
184 13
40 15
68 93
130 16
22 185
103 17
30 7
98 14
56 14
52 9
76 4
171 10
92 17
176 16
172 15
131 19
190 18
86 14
45 18
61 7
174 15
193 12
0 15
53 71
153 16
116 0
23 19
30 171
165 1
116 17
115 16
3 6
0 2
59 8
98 7
49 118
42 119
98 144
54 8
109 193
115 9
57 118
54 196
7 8
198 14
47 3
48 2
134 159
162 6
129 191
146 4
46 17
139 4
71 123
120 171
35 93
52 1
72 89
167 199
81 2
72 0
37 44
90 143
88 0
149 8
70 106
49 9
33 125
36 18
82 19
165 18
92 12
42 11
12 18
59 1
171 6
33 177
8 18
91 104
20 156
189 0
169 182
65 13
123 129
137 13
141 11
42 12
139 2
179 12
183 14
114 5
26 83
62 15
91 197
144 9
95 16
82 9
93 132
125 168
35 2
110 12
45 16
21 18
167 195
46 199
108 6
115 10
157 8
184 12
22 59
81 7
38 19
63 95
0 13
0 17
105 7
156 1
25 12
147 6
106 184
21 86
38 18
96 170
71 104
4 15
156 13
194 17
70 14
32 12
118 1
162 3
87 6
100 168
177 10
53 11
102 8
123 1
54 9
93 107
99 9
161 4
124 7
136 16
101 2
85 95
134 140
27 2
75 8
175 3
72 115
5 8
167 12
123 17
130 18
52 136
116 9
28 1
31 12
22 3
51 195
26 6
155 4
59 15
67 9
87 10
119 173
174 4
129 186
54 4
76 5
94 8
68 11
2 9
74 142
23 27
122 3
70 172
50 67
101 16
60 188
109 9
123 135
141 164
161 7
152 192
88 16
111 174
21 7
64 110
36 46
56 1
49 137
128 185
25 18
39 164
154 198
114 12
94 13
0 11
40 47
146 193
128 13
7 13
42 188
135 3
160 7
150 12
156 10
82 10
80 5
46 11
23 125
59 9
128 6
25 83
182 5
165 14
107 142
51 18
58 17
3 8
66 1
42 115
102 1
128 18
185 18
169 5
43 72
36 135
60 5
138 2
95 2
195 5
49 17
65 150
127 3
35 94
63 18
146 0
56 18
186 4
115 8
164 2
40 9
30 15
84 14
120 1
49 83
91 15
114 8
3 4
154 11
88 8
24 111
174 9
180 18
59 60
2 16
188 5
150 14
61 66
43 14
143 15
56 8
105 13
153 8
156 14
3 11
112 18
69 187
105 197
188 3
79 3
4 16
60 16
108 7
93 138
96 3
137 7
159 7
40 102
84 96
27 98
42 2
134 143
95 169
46 19
119 16
155 13
15 16
50 192
174 5
84 187
28 84
34 5
48 9
119 151
61 8
9 19
126 159
135 195
142 7
162 15
51 163
8 14
22 7
69 82
69 103
146 10
69 112
113 159
55 12
66 143
65 181
45 11
40 10
174 12
195 13
162 175
45 3
37 173
151 10
91 6
83 109
118 135
112 15
159 4
138 164
170 14
175 1
77 171
113 4
122 6
41 17
21 48
82 146
153 12
85 12
149 0
69 16
53 86
105 17
122 11
38 50
163 1
26 14
104 168
150 9
1 2
107 150
84 100
163 18
111 19
93 0
98 0
153 4
110 130
158 10
2 12
178 4
112 19
48 6
91 116
88 124
131 9
178 10
111 10
88 9
50 79
138 11
169 6
62 13
143 149
28 9
96 13
104 17
34 11
58 13
87 7
155 18
79 112
103 107
88 14
57 13
110 15
150 8
70 173
10 13
26 17
153 3
20 160
80 11
14 19
92 0
116 140
54 77
113 15
98 197
116 5
109 171
105 18
78 11
151 17
148 14
105 14
60 154
154 176
82 164
139 19
22 55
122 2
65 120
120 126
58 0
28 6
81 0
36 8
132 8
101 12
0 9
179 19
154 16
116 10
108 4
107 0
122 8
28 118
80 19
1 11
59 63
77 4
171 12
110 3
173 0
59 108
133 6
169 7
196 5
192 12
140 17
157 3
55 165
85 7
72 18
168 0
136 4
73 3
144 151
153 179
144 172
73 7
114 11
62 8
134 19
89 186
101 191
1 10
133 171
23 2
127 14
56 19
71 17
148 4
190 14
120 7
169 8
49 130
10 17
99 19
106 3
164 3
166 0
9 12
6 13
144 186
148 8
185 6
38 193
36 154
165 186
121 155
148 13
23 9
90 17
65 186
122 15
28 178
78 17
54 85
110 195
177 5
71 15
98 2
25 66
2 15
100 133
76 106
86 16
80 123
67 0
149 11
173 19
167 15
86 88
72 4
185 11
124 191
77 138
187 6
106 8
146 17
129 12
198 6
86 0
30 130
67 13
87 132
105 2
92 16
92 199
60 2
96 17
72 146
0 12
28 53
39 107
52 6
29 62
197 6
32 3
184 18
117 5
183 4
96 120
196 14
6 9
175 8
60 0
84 9
24 19
130 141
78 5
33 80
97 136
38 12
69 115
108 122
154 3
68 13
23 155
8 17
93 10
97 18
9 13
72 2
6 10
90 11
183 9
22 73
149 5
24 13
106 1
42 109
189 10
42 5
134 11
35 51
107 12
150 11
48 78
48 147
176 10
128 155
75 17
21 4
168 18
71 186
128 195
109 179
132 12
57 64
74 1
39 114
93 4
34 8
49 0
21 96
67 19
89 159
23 55
95 17
166 6
2 10
57 2
150 0
46 75
61 169
130 10
121 11
74 92
21 185
1 7
168 13
193 3
155 12
10 14
147 196
187 191
163 6
88 19
25 43
42 18
14 17
173 10
65 2
40 135
23 12
0 1
150 6
28 176
105 115
112 133
137 168
54 13
39 97
25 101
45 95
157 1
14 15
66 5
28 18
103 9
170 2
24 91
38 1
142 186
134 2
53 14
77 127
124 19
27 8
4 19
176 7
42 10
101 14
172 11
49 189
98 17
103 14
132 6
187 0
169 12
167 173
0 10
160 18
46 1
148 6
161 2
91 177
187 17
189 8
141 7
82 101
120 2
54 6
161 9
89 11
192 6
126 4
168 11
40 13
102 147
45 73
120 15
67 135
125 1
41 16
87 9
0 19
67 120
161 3
133 158
2 7
93 16
7 16
64 12
87 13
130 19
158 5
39 2
164 165
8 9
92 10
72 19
138 5
9 17
2 13
119 6
111 112
136 158
47 78
97 197
155 17
89 17
16 18
23 0
65 123
62 14
112 9
145 180
50 5
134 6
163 0
142 4
107 8
159 6
139 11
151 1
38 76
144 19
66 121
56 115
175 4
91 16
141 8
67 14
28 105
8 10
171 2
148 7
29 32
49 125
92 15
110 2
194 16
29 145
43 5
79 12
32 89
68 7
97 153
184 2
199 17
41 6
151 2
167 19
138 16
63 173
128 17
66 3
43 0
114 148
44 9
55 7
169 17
51 8
185 13
124 4
94 9
133 15
82 3
39 15
32 13
88 1
58 12
190 3
54 10
4 18
65 14
164 16
31 4
84 8
47 4
39 139
161 0
29 175
89 151
147 190
44 17
97 2
53 172
107 19
102 0
149 19
49 16
41 187
111 17
120 17
154 15
42 13
87 14
67 97
91 8
65 18
183 18
73 5
24 92
93 11
69 136
111 7
184 5
35 19
131 15
141 18
196 12
77 90
59 178
118 19
5 17
46 12
100 137
24 90
9 14
166 9
109 4
36 15
37 3
197 12
28 7
23 6
70 2
120 10
78 0
106 6
182 10
129 9
58 94
85 168
167 6
24 16
81 10
67 18
27 142
117 8
139 5
199 0
24 17
179 5
59 11
163 3
140 7
116 13
105 15
34 37
123 15
128 159
42 197
110 13
92 137
44 3
134 9
150 17
49 19
146 9
34 9
149 152
73 6
68 2
81 90
31 69
162 16
187 197
102 11
125 12
33 3
128 4
54 12
30 168
73 12
27 72
131 1
156 157
146 151
13 16
79 1
85 4
179 9
197 19
40 87
160 14
176 1
24 135
129 0
1 14
51 15
103 16
39 80
28 76
43 172
97 11
184 11
52 7
145 16
62 12
100 14
160 0
80 12
124 13
80 1
164 17
145 189
98 6
43 171
39 132
190 16
180 4
81 15
52 65
21 15
0 8
77 15
69 13
21 103
120 6
7 11
186 19
67 194
197 13
192 17
33 95
103 191
123 170
184 6
93 188
106 152
64 7
192 14
89 107
163 19
152 13
114 16
153 19
158 184
49 7
134 165
135 9
131 7
72 12
12 17
101 8
193 1
126 190
159 181
117 122
143 3
78 2
135 2
121 146
154 19
21 10
84 138
92 132
11 14
2 8
59 4
155 2
124 16
73 2
69 81
76 18
1 8
109 124
35 6
126 19
51 11
179 16
92 182
37 183
129 7
172 3
140 187
166 4
72 127
7 19
158 12
103 2
169 3
162 5
14 16
66 16
113 175
94 115
104 142
40 88
4 11
104 144
134 16
43 18
109 16
166 12
62 17
0 6
142 1
5 10
46 15
103 8
43 121
52 4
1 18
151 11
32 5
120 177
165 13
170 0
36 150
130 5
100 0
82 11
42 51
125 179
131 13
175 2
133 7
167 2
156 18
94 5
127 11
148 0
153 5
129 5
63 13
161 16
180 7
123 8
26 145
83 12
115 1
4 9
20 33
25 178
46 79
184 19
101 4
59 6
85 187
147 3
46 194
64 157
125 183
77 169
81 83
163 13
142 17
111 140
167 8
126 16
126 7
157 7
177 9
78 87
20 54
98 186
169 19
46 3
84 155
56 86
142 14
81 9
30 19
27 7
109 3
84 16
193 11
194 11
195 12
137 17
117 13
57 1
65 16
197 4
156 17
145 0
159 18
7 14
47 15
130 7
79 18
2 6
74 17
195 2
66 134
49 3
137 9
144 13
152 8
44 16
124 9
1 19
48 17
180 19
50 19
171 186
148 15
171 1
69 2
2 17
68 103
41 171
129 10
42 3
47 0
94 168
148 10
23 14
41 57
20 9
172 14
29 7
43 10
150 4
65 10
85 16
36 180
104 19
169 14
81 3
145 8
20 6
78 12
71 115
73 16
106 170
95 12
30 49
122 175
96 0
104 4
53 3
97 99
141 163
27 41
88 6
31 131
114 15
44 98
95 165
87 18
112 157
10 18
97 177
35 8
31 0
59 145
99 0
61 197
190 10
156 19
60 8
29 51
197 16
112 12
75 155
92 185
161 192
117 15
83 191
101 169
157 10
139 13
180 13
113 194
27 15
42 91
21 19
141 9
102 17
5 7
66 18
178 185
37 89
65 1
199 10
120 4
46 14
147 183
177 4
77 1
146 157
130 13
12 19
134 7
0 14
76 145
127 128
158 0
95 6
101 195
134 12
34 152
74 117
107 112
84 159
164 10
176 9
68 18
42 123
40 6
52 82
156 0
195 11
56 89
148 11
109 6
80 88
103 126
92 13
72 16
70 19
49 192
5 18
6 17
35 13
58 5
47 112
146 168
35 124
108 183
167 17
88 4
126 12
155 182
64 13
32 15
103 10
75 0
37 46
138 14
45 191
10 12
82 0
101 106
185 3
134 4
51 14
21 67
110 11
52 12
75 19
26 16
160 3
105 8
20 173
40 8
173 7
24 72
101 9
24 155
2 18
65 136
8 11
194 1
61 6
108 188
30 160
64 197
103 171
112 11
106 134
60 78
172 16
116 11
130 162
111 3
53 7
118 9
68 182
30 4
145 12
74 188
2 14
5 13
93 189
119 171
22 14
57 197
57 17
100 15
113 16
132 14
173 13
46 0
42 4
150 18
38 14
170 13
80 16
87 16
22 12
197 11
129 196
98 10
104 3
78 1
61 16
96 127
138 7
96 10
101 188
34 17
26 174
132 157
121 9
114 3
35 129
143 191
106 5
95 143
1 13
75 7
144 167
151 13
64 2
44 46
45 17
121 10
173 12
105 11
36 3
123 5
110 18
135 19
84 1
87 0
64 0
190 17
62 9
189 9
154 10
144 164
166 17
41 82
168 1
63 8
170 187
33 17
60 7
76 9
46 174
82 16
33 10
199 11
49 11
79 16
122 10
23 174
82 17
5 6
155 7
140 15
96 1
152 4
51 2
113 11
176 4
118 5
81 19
160 11
5 19
96 5
96 16
93 13
69 0
25 3
191 12
100 12
199 14
143 0
43 3
162 163
104 194
122 7
71 7
38 133
94 11
152 6
52 15
94 142
108 160
156 167
194 19
38 78
162 4
3 10
20 196
182 9
25 0
155 0
42 9
133 0
21 159
64 9
164 19
172 18
106 111
80 4
62 2
144 14
106 18
52 5
1 6
142 5
80 131
108 192
55 71
71 126
25 149
170 4
16 19
195 17
186 8
131 14
87 15
136 2
45 162
118 8
127 6
154 165
105 3
97 3
73 9
43 180
66 115
1 12
48 64
132 149
112 5
59 110
28 80
86 1
176 184
62 19
71 5
13 18
21 25
94 195
58 9
21 69
85 140
67 2
52 64
75 146
169 15
54 189
97 8
57 9
56 15
8 15
53 4
29 16
182 4
72 173
64 18
59 152
4 17
174 8
164 172
63 0
199 18
26 123
13 15
171 13
18 19
43 80
154 5
91 126
31 114
96 2
55 3
145 11
47 7
20 103
118 14
81 17
184 9
27 12
67 125
49 65
22 144
112 2
52 13
125 18
104 6
130 9
130 12
73 193
88 2
31 55
53 156
70 16
162 12
126 3
55 11
65 0
65 3
41 8
135 141
144 15
126 172
131 5
130 147
131 12
139 140
84 2
171 19
91 168
170 7
23 67
23 7
119 12
157 14
169 183
106 118
33 66
97 13
112 14
89 19
33 67
75 4
152 0
184 187
44 184
78 80
102 13
181 18
29 5
92 2
58 121
79 11
21 120
165 5
59 10
123 176
108 152
136 150
6 19
37 10
167 10
74 155
125 10
84 3
103 4
178 1
126 13
31 6
176 19
86 17
167 11
173 14
197 0
136 0
115 178
107 6
168 10
46 9
109 17
174 2
59 13
45 1
76 110
80 8
77 9
99 15
3 15
182 15
21 3
36 9
135 12
175 15
187 13
133 11
51 96
132 16
86 13
75 113
33 63
108 2
34 57
138 10
41 72
58 19
51 142
42 156
120 8
60 155
105 0
83 16
114 4
104 181
98 16
