129 6
53 12
184 11
181 13
73 90
163 13
100 107
59 0
78 15
101 3
128 16
186 7
64 174
20 106
54 67
51 199
22 4
144 6
56 100
121 8
50 173
79 117
98 198
110 178
82 14
66 76
53 171
100 2
107 142
187 1
112 154
37 74
139 187
37 120
2 4
57 75
69 189
114 9
127 184
163 187
197 2
151 193
49 50
126 15
147 197
123 163
33 173
111 2
26 130
180 5
124 144
58 171
196 9
1 16
116 193
52 1
141 184
56 1
7 15
117 14
63 110
91 10
50 170
41 3
76 3
81 15
79 8
159 10
110 16
34 138
148 14
2 6
22 68
96 100
24 176
69 17
29 75
135 186
67 17
134 181
178 4
29 16
135 5
26 19
53 8
167 198
92 144
27 9
49 83
41 5
131 2
3 13
55 16
184 19
147 187
121 1
110 175
27 139
33 54
101 15
115 168
129 135
110 164
84 118
11 12
86 89
116 123
31 134
38 62
123 185
106 11
181 5
119 18
156 18
70 81
96 195
158 4
77 0
78 93
94 19
76 18
108 12
72 196
101 182
186 9
95 161
94 196
25 19
134 19
95 8
36 78
187 2
126 161
154 170
48 1
184 8
41 17
25 38
33 183
75 151
43 18
8 19
156 14
154 14
23 142
132 0
53 1
31 72
38 66
98 15
31 192
33 17
58 11
99 117
122 150
168 12
149 151
73 172
39 14
141 158
1 13
67 140
152 5
113 5
125 156
95 139
124 199
120 1
124 183
86 142
30 0
60 167
39 9
32 195
32 58
186 0
147 193
2 9
25 14
55 5
148 151
123 14
135 166
55 145
155 16
132 174
89 166
152 3
34 134
71 181
10 17
144 10
24 172
151 173
28 193
43 119
85 5
103 187
65 140
1 18
34 49
138 170
131 181
23 146
27 144
74 7
82 2
199 19
109 14
111 5
62 156
52 11
66 74
89 147
34 189
110 14
153 13
170 8
148 15
82 97
45 152
73 15
21 167
183 9
126 8
130 15
178 7
177 17
46 139
72 98
79 160
168 189
31 15
35 100
42 6
113 189
151 3
62 5
40 96
156 2
62 65
134 144
26 43
93 153
194 3
71 72
81 164
55 187
187 16
120 169
181 9
116 179
127 7
28 167
100 5
10 13
30 198
76 183
119 3
29 139
29 15
125 14
184 6
93 7
91 94
81 180
137 158
39 144
93 162
177 16
138 11
181 0
95 10
147 192
71 15
44 80
82 11
20 138
69 10
105 118
35 8
153 191
44 144
124 0
85 9
138 14
136 4
114 3
38 14
48 104
69 152
85 16
61 168
49 139
185 193
4 19
40 12
137 188
67 124
138 17
62 138
164 181
56 122
69 5
22 102
3 12
123 147
103 112
114 8
62 3
75 86
176 9
56 85
176 14
105 112
32 4
39 11
25 69
53 101
105 8
35 142
66 193
66 134
26 2
121 2
28 40
107 153
61 124
80 10
32 0
14 16
79 18
191 2
157 10
52 19
91 114
59 163
146 187
98 108
31 3
86 177
138 16
37 19
162 178
6 15
74 8
40 97
103 140
143 16
7 12
105 189
136 5
51 110
186 16
120 8
102 103
184 15
39 4
83 113
124 19
165 16
31 54
114 13
35 2
196 7
44 188
176 190
72 136
30 41
111 12
36 109
131 161
181 16
187 19
112 135
155 166
114 2
68 82
87 9
151 6
22 17
42 144
81 17
86 199
9 18
127 167
71 99
131 6
87 149
111 13
58 66
41 133
1 15
77 170
51 78
64 13
124 161
112 129
43 2
88 195
133 165
60 121
63 150
73 1
76 19
151 18
197 13
25 31
83 126
22 0
20 14
71 180
24 12
57 4
142 15
47 193
33 1
91 12
23 111
93 15
70 8
102 129
33 69
159 9
109 19
98 11
4 12
108 130
63 15
173 199
32 112
148 179
44 18
100 136
20 79
172 180
36 38
179 10
48 13
57 147
88 179
27 15
79 1
28 94
29 5
171 195
143 15
153 16
165 19
49 192
55 7
168 190
71 124
42 134
149 177
50 11
89 11
88 4
175 6
99 135
68 5
76 164
85 199
38 171
74 15
158 10
23 97
197 17
21 141
151 16
113 145
83 129
79 84
177 2
90 124
35 77
146 150
77 91
50 17
26 39
82 199
86 149
167 5
140 159
136 162
36 6
87 138
14 18
21 65
173 175
36 175
133 0
43 108
162 7
130 16
112 144
24 73
161 4
43 110
35 75
37 146
32 15
87 15
107 17
58 4
120 180
38 106
126 9
42 129
76 188
22 38
70 18
26 6
34 56
116 186
29 4
189 194
59 107
49 17
29 38
31 196
59 18
166 11
131 0
22 2
3 5
62 10
50 14
90 131
176 3
157 17
35 159
193 10
120 14
139 3
153 188
28 156
186 1
100 190
57 14
20 55
48 63
47 104
63 189
104 163
6 7
151 8
99 157
69 15
140 185
66 18
76 132
81 8
141 9
29 54
75 92
131 17
189 5
11 18
168 8
172 10
56 154
38 65
165 199
131 158
98 107
129 1
44 177
107 18
91 182
101 1
53 168
59 158
52 4
53 93
34 11
87 185
43 81
43 157
41 193
49 12
141 2
174 14
10 14
47 126
35 4
173 16
40 0
37 177
29 17
118 189
44 81
71 157
103 15
66 99
83 120
25 13
50 133
93 17
129 153
90 132
61 6
105 5
83 147
98 1
115 159
76 5
71 192
135 18
79 159
11 13
84 165
135 4
20 116
142 7
180 16
60 71
22 114
92 136
68 10
62 0
44 45
63 161
159 5
126 12
142 179
10 15
44 146
39 179
21 4
112 18
83 140
61 17
157 164
45 157
177 5
128 5
118 16
55 100
20 7
179 15
53 13
1 14
36 17
57 181
109 7
34 16
40 115
1 2
88 16
86 97
15 18
176 17
95 108
96 14
57 186
55 14
105 173
113 161
146 197
108 5
137 159
6 19
118 7
92 188
116 120
131 19
152 18
117 148
106 7
156 16
56 94
26 190
103 11
22 125
65 146
110 6
137 154
82 188
83 0
86 145
167 3
194 15
60 101
160 17
164 12
101 6
28 19
94 11
75 76
110 8
118 178
45 57
82 176
77 92
57 162
93 2
22 42
120 10
47 170
107 140
110 181
67 6
66 7
63 0
177 19
88 8
76 127
49 3
133 183
76 172
86 10
62 139
134 18
130 176
189 15
124 15
154 2
62 8
128 198
168 192
25 134
152 191
83 155
107 130
146 15
132 182
15 19
31 50
1 8
75 120
39 151
55 146
22 152
70 9
1 17
93 99
128 17
197 12
68 160
87 6
38 89
182 18
195 12
96 18
73 3
149 3
79 14
56 113
62 134
137 198
82 114
136 19
134 137
156 180
64 9
7 14
88 19
86 8
124 3
67 4
30 166
106 0
162 18
84 17
51 176
28 91
175 19
108 187
81 163
72 19
12 17
12 13
134 0
164 9
57 15
28 118
2 5
181 184
68 77
62 194
24 191
170 0
196 2
193 1
8 10
158 17
37 131
33 2
76 101
130 132
56 147
124 18
114 183
52 70
120 192
82 17
4 13
96 196
109 1
40 198
103 14
199 9
53 162
59 6
99 159
97 190
83 3
185 10
120 2
185 9
102 9
123 15
89 144
182 14
88 182
99 17
36 108
68 9
134 13
75 11
97 15
113 6
73 82
82 0
175 10
158 182
81 183
31 0
37 112
64 152
91 108
0 18
112 136
195 1
49 172
29 3
119 6
102 13
133 178
182 10
124 157
116 160
47 77
22 199
165 10
69 84
112 17
127 146
9 14
99 8
147 11
32 36
58 73
90 127
182 11
27 13
60 13
97 19
84 13
118 137
102 117
53 116
75 13
107 111
127 0
42 2
49 60
81 129
22 45
63 2
84 150
30 55
110 133
104 164
1 5
141 186
159 164
102 183
0 13
161 10
95 98
22 5
174 4
59 171
104 139
132 8
102 195
76 116
81 19
173 9
89 123
4 5
23 83
164 2
114 132
59 153
34 4
188 18
44 17
55 89
177 7
187 8
197 19
196 17
39 106
99 18
154 12
126 3
136 13
34 2
62 187
78 111
89 122
154 4
20 52
79 19
111 10
2 10
50 4
33 55
118 15
26 18
130 181
192 6
129 140
48 169
2 13
190 12
30 147
39 197
57 80
32 7
58 15
45 91
59 197
37 46
60 7
186 19
68 150
142 6
85 3
2 14
46 151
50 108
94 177
84 7
50 175
176 178
175 11
194 7
6 9
141 5
31 19
92 5
28 43
187 11
191 18
41 16
100 175
2 12
160 175
98 12
37 159
40 67
76 100
48 155
135 140
51 183
127 10
10 18
108 117
77 9
58 71
1 4
166 6
187 18
49 186
23 112
94 100
61 75
38 68
1 6
79 152
108 161
119 197
37 2
147 189
96 116
82 108
97 9
25 6
96 119
33 169
60 4
175 178
46 16
87 17
165 192
20 179
145 158
150 19
145 14
3 6
6 17
31 83
45 85
183 0
145 0
192 0
150 17
40 11
81 113
118 120
101 160
114 195
78 190
46 12
128 8
81 97
182 16
3 7
55 124
75 10
32 13
70 74
70 180
165 1
85 142
125 6
152 9
183 6
129 190
87 198
110 119
81 131
64 4
53 18
30 13
109 162
45 2
110 157
107 1
87 103
35 7
9 11
66 104
65 81
51 197
42 171
93 19
130 167
45 9
74 14
128 155
67 11
67 1
68 100
42 3
161 16
53 5
167 14
69 9
61 142
166 8
27 17
144 8
68 171
103 106
107 14
101 14
164 19
52 146
133 7
112 116
104 183
68 197
80 144
94 135
154 11
100 16
184 10
103 10
37 199
64 15
142 0
199 8
76 153
174 18
88 161
64 115
26 102
23 7
108 14
26 15
145 1
161 17
27 141
75 16
103 4
38 194
58 83
122 142
121 3
175 4
168 10
34 180
100 168
66 2
162 171
4 16
48 10
80 16
8 15
154 7
69 18
127 195
48 137
33 192
50 83
45 90
154 172
93 0
60 153
5 18
8 13
141 14
123 18
94 0
36 1
37 5
73 19
170 9
80 13
76 115
188 1
179 14
148 4
50 53
44 4
184 17
37 76
190 0
119 148
106 174
141 13
188 8
123 196
72 12
14 19
60 90
119 11
90 8
38 78
90 183
81 199
43 135
54 15
145 156
76 102
57 5
180 183
82 124
43 0
34 175
135 199
114 7
78 188
197 10
170 180
188 2
125 2
113 174
186 4
103 155
95 6
95 168
63 98
168 6
56 19
117 16
8 18
100 116
35 18
100 148
100 159
39 178
92 141
52 118
65 156
60 164
27 30
199 10
43 14
59 64
107 4
198 8
125 15
77 1
2 17
194 10
66 1
75 8
196 5
144 0
81 188
91 197
64 73
120 176
101 9
80 3
69 1
0 19
190 3
31 179
32 11
68 188
32 184
130 5
125 179
142 165
53 172
8 14
90 7
152 179
132 135
109 155
42 18
169 8
23 138
54 68
55 19
100 185
50 54
23 189
179 6
101 104
31 14
4 7
168 0
106 119
169 5
67 141
73 14
163 179
143 154
46 2
91 8
146 158
60 5
108 16
119 151
175 181
183 1
36 193
76 135
9 16
118 0
102 3
21 81
99 139
39 1
98 131
54 11
117 9
0 1
31 137
126 1
101 12
151 10
136 163
93 18
110 141
46 14
40 5
45 113
42 9
111 168
74 0
180 198
78 6
77 12
25 194
172 176
67 86
71 185
83 13
160 176
129 11
65 1
182 15
50 181
79 104
26 75
29 11
75 189
0 10
74 118
199 15
118 156
103 188
4 10
185 12
59 121
55 18
52 135
92 93
92 11
155 11
50 128
144 11
23 10
31 66
30 71
115 8
99 0
60 17
104 7
5 9
172 183
23 164
24 26
136 178
150 156
58 2
85 124
58 136
30 7
127 15
27 197
125 147
113 14
21 175
21 6
122 152
110 7
146 16
106 193
14 15
70 174
156 199
7 13
53 153
45 16
139 188
104 171
142 18
197 14
56 71
74 180
151 1
32 117
129 193
190 8
156 17
114 6
36 173
92 9
90 163
80 192
43 106
190 1
100 115
132 5
117 120
114 188
31 92
90 161
138 141
130 177
67 12
28 5
176 182
40 99
161 1
70 101
52 0
41 114
37 55
128 6
165 187
36 97
73 79
71 85
98 197
102 120
38 113
169 189
50 158
4 15
155 4
24 3
146 12
17 18
142 17
27 167
21 12
92 128
85 182
31 139
51 61
98 191
8 17
64 192
96 0
114 140
134 14
86 88
137 18
96 12
73 4
36 170
63 151
56 191
84 148
128 197
21 2
92 199
45 53
137 14
33 186
198 4
40 10
78 85
33 6
52 9
90 181
10 19
21 17
98 2
24 14
48 129
45 66
180 0
51 15
48 92
107 6
173 6
48 180
159 0
73 108
96 16
23 0
4 8
139 7
132 199
188 11
100 143
108 175
148 1
177 0
38 2
27 162
78 16
36 155
103 193
43 144
29 134
61 111
69 3
37 6
125 11
1 10
6 18
181 15
92 132
21 78
74 135
192 4
75 15
172 9
60 158
37 92
40 93
63 141
135 148
25 18
87 94
24 140
141 11
124 130
105 154
121 19
78 183
102 10
100 15
85 98
152 178
154 184
101 139
78 148
110 17
59 127
51 13
135 14
188 14
120 131
151 19
23 109
24 7
2 3
191 9
26 4
93 108
87 188
44 114
128 157
100 4
169 9
91 158
52 74
34 163
87 14
105 186
91 195
63 7
159 1
45 64
100 127
38 99
194 0
125 172
8 11
100 18
154 186
190 2
152 0
58 167
138 146
153 3
30 195
78 155
148 198
22 10
97 1
29 18
179 19
58 18
151 14
34 185
158 171
194 199
28 186
131 140
124 6
45 118
166 17
111 117
184 4
32 91
57 18
112 159
90 93
77 19
91 3
35 13
158 189
68 79
123 4
152 19
112 186
123 8
128 154
119 133
3 14
92 151
94 5
135 2
42 179
121 142
37 16
29 113
74 117
24 10
118 164
148 156
23 35
59 192
84 101
127 6
96 144
76 83
145 2
106 3
196 16
165 198
196 15
97 6
139 16
111 196
62 155
174 5
107 162
188 0
124 190
93 118
51 125
104 9
58 127
37 145
36 86
74 153
161 7
119 178
59 82
122 7
55 63
101 191
26 104
110 5
177 14
52 114
20 47
105 16
112 137
187 13
66 4
88 3
69 11
155 12
5 16
87 3
72 9
44 109
93 144
20 5
99 140
58 86
58 12
60 9
93 12
119 8
21 8
61 65
36 5
85 12
24 6
40 65
73 10
84 8
116 125
195 6
72 73
115 2
89 16
63 3
41 64
119 7
110 12
108 143
49 67
99 7
98 115
129 2
173 3
157 19
58 6
43 68
171 9
24 1
164 174
87 153
58 138
190 14
61 74
104 13
157 3
125 5
32 6
36 178
179 182
116 17
139 19
26 9
33 49
172 13
196 11
42 168
131 8
174 8
69 86
129 16
172 4
193 3
42 5
93 13
76 170
80 12
107 163
26 17
74 156
119 14
148 11
174 11
71 137
51 74
52 18
49 114
93 9
94 102
70 98
35 119
124 1
63 168
87 19
49 144
38 40
43 165
160 0
116 128
113 4
37 11
21 131
26 123
121 197
60 1
47 11
129 7
63 4
106 148
181 10
71 117
73 9
168 175
84 124
12 18
118 11
51 124
9 15
4 17
40 169
88 135
28 8
106 141
5 14
59 84
59 8
47 13
189 14
30 191
167 9
146 10
167 16
51 157
103 0
80 154
30 1
142 13
171 11
69 88
37 7
41 198
25 8
86 6
0 16
143 165
86 17
61 138
60 77
71 12
25 44
168 172
40 6
102 104
162 6
136 160
109 0
171 13
26 11
39 17
21 168
80 5
56 14
55 127
91 171
58 5
57 175
25 173
34 9
95 144
121 11
149 16
163 15
84 126
166 4
121 155
183 15
34 46
0 4
179 11
49 196
42 159
122 6
147 12
42 148
158 15
97 173
34 6
118 6
110 0
104 19
84 136
30 77
84 138
94 14
113 192
124 166
107 128
135 182
15 16
111 166
86 191
25 40
181 3
169 176
161 12
75 19
21 7
87 11
69 93
125 10
31 146
195 0
191 17
158 18
152 4
192 194
123 162
173 7
39 6
124 180
78 116
134 1
153 1
40 2
24 29
149 1
77 5
20 42
111 14
48 103
74 1
162 190
41 164
63 17
90 174
116 8
150 13
33 159
53 14
0 9
29 71
80 126
153 11
171 196
79 12
33 154
91 176
180 15
94 17
27 0
106 8
135 171
54 96
30 174
146 14
170 1
30 54
97 170
84 2
30 162
36 139
178 15
68 185
38 9
177 15
29 198
95 133
57 167
143 199
116 18
6 10
64 155
117 13
70 11
43 19
181 18
193 8
90 96
162 1
166 16
41 19
42 8
85 139
130 6
38 13
111 15
43 100
40 16
29 8
27 8
110 15
23 25
33 98
83 7
172 1
190 9
109 151
96 15
36 160
131 9
101 126
46 119
185 17
162 197
127 143
66 81
25 138
22 180
90 5
165 12
124 162
0 7
102 1
4 11
81 128
5 13
41 76
45 4
118 155
96 10
35 168
191 6
47 87
178 10
26 5
70 129
96 8
54 79
102 176
48 107
77 190
173 18
151 162
116 11
30 135
136 17
76 14
103 7
98 127
27 138
25 93
53 3
161 3
110 179
126 150
134 15
43 111
133 136
87 181
178 16
128 12
62 68
36 186
9 17
76 98
38 128
113 151
43 188
53 72
138 6
24 197
80 162
196 13
93 11
55 137
142 184
24 156
65 11
150 10
106 131
6 13
70 151
52 17
147 199
115 9
50 18
96 149
76 7
140 154
161 164
30 40
54 141
101 4
100 19
123 3
39 143
80 153
52 99
134 187
132 9
138 147
169 0
34 174
110 169
80 163
74 11
59 16
63 10
165 13
155 8
137 2
189 18
88 105
155 0
73 99
191 14
75 94
26 14
68 156
27 187
36 146
90 100
23 1
102 116
140 19
33 76
124 170
39 132
46 95
41 18
118 197
82 138
55 17
146 13
183 12
195 9
192 1
86 4
159 196
101 110
23 185
191 198
57 110
35 95
66 10
7 18
172 8
121 171
178 180
38 80
117 151
33 46
120 9
59 19
87 0
91 19
1 19
164 1
165 9
101 10
28 4
64 1
147 14
86 15
114 1
94 9
189 192
10 11
30 10
94 8
11 15
20 111
139 10
53 167
30 3
119 5
103 129
96 13
67 18
135 146
64 2
129 5
85 188
37 52
111 115
33 15
162 184
14 17
7 10
197 9
59 136
24 96
5 15
56 81
28 131
96 1
60 147
56 17
168 2
78 19
36 89
103 161
49 156
21 134
28 16
72 5
126 2
68 191
123 157
119 179
32 97
73 146
35 97
131 195
114 4
89 1
111 0
67 106
110 194
35 54
47 5
152 17
111 143
128 14
138 13
83 105
157 18
115 183
120 18
28 101
41 4
26 138
106 12
188 12
140 8
113 9
160 3
166 192
108 17
106 14
35 11
70 177
133 18
141 162
190 18
120 148
45 0
95 155
46 10
20 41
28 181
151 170
83 17
76 1
22 130
72 137
126 5
36 195
120 4
22 56
59 86
101 11
73 92
109 8
32 174
4 9
173 187
127 172
107 144
50 172
57 7
58 16
172 186
86 16
63 182
130 14
182 9
30 113
61 2
8 12
67 172
35 74
131 148
116 185
93 6
158 11
41 1
140 161
169 179
113 190
0 5
169 15
25 72
71 112
149 7
46 4
149 166
171 197
16 17
72 153
159 16
91 16
149 15
115 0
99 132
95 119
160 173
0 6
51 1
83 181
48 76
115 184
87 112
118 184
67 142
166 172
173 14
152 161
75 117
97 10
27 136
27 132
135 16
72 156
95 189
123 191
38 130
65 120
97 8
129 131
197 7
53 100
155 14
1 11
27 179
25 154
86 5
103 151
77 111
135 196
71 176
44 85
152 2
139 11
84 105
193 17
3 11
133 186
162 0
168 19
65 121
135 15
38 16
60 188
55 97
161 15
119 185
98 19
46 18
74 149
101 0
84 178
48 49
31 10
64 189
153 0
30 8
157 16
189 3
83 16
72 3
183 11
34 191
145 9
142 174
13 15
13 19
0 8
31 82
32 17
89 15
44 7
23 106
2 11
71 120
101 19
7 19
105 165
78 125
115 18
106 15
68 72
57 180
85 120
76 9
108 198
74 3
83 180
131 11
106 5
163 5
36 2
61 9
184 5
136 16
78 14
90 12
32 185
39 3
77 81
72 99
0 17
126 152
101 169
171 18
50 188
89 126
150 8
112 6
49 7
28 3
148 7
119 15
167 6
105 1
105 18
113 131
144 18
98 128
123 7
178 8
156 172
54 88
78 157
83 159
91 15
20 0
156 15
27 19
126 6
148 199
87 104
121 16
20 174
128 175
63 144
59 139
57 71
88 131
63 5
164 188
134 16
143 6
104 18
29 168
101 8
66 98
137 17
162 10
46 57
51 69
127 12
24 112
62 17
86 143
106 13
169 18
114 162
121 174
64 104
102 128
139 198
133 5
157 0
57 13
88 145
157 6
100 12
168 16
117 193
107 195
66 178
162 19
40 171
12 14
50 9
45 119
34 14
49 160
23 158
32 76
94 1
83 84
97 115
59 193
112 8
69 119
144 177
30 18
39 15
104 12
70 3
52 15
138 145
95 138
40 42
132 172
35 37
152 15
163 10
110 172
98 5
146 149
132 164
148 172
77 105
70 120
135 165
56 3
116 14
18 19
75 9
30 39
69 19
155 2
177 1
22 1
143 14
70 6
39 193
66 137
33 87
111 181
51 186
115 13
158 195
33 120
135 10
1 9
150 3
157 14
173 12
194 4
128 156
44 54
30 100
21 19
135 11
137 145
171 10
183 18
122 0
11 19
143 158
183 16
196 12
88 18
53 84
123 134
50 19
39 138
167 197
54 6
73 16
187 193
169 14
113 128
63 131
50 7
64 139
107 173
182 4
94 10
179 1
116 190
73 0
83 197
120 151
65 129
139 0
41 9
51 93
138 10
47 50
46 59
44 70
83 15
180 19
126 148
28 98
42 0
160 2
8 9
144 15
119 13
53 4
2 16
196 6
90 122
108 155
101 17
37 100
94 142
107 7
168 5
27 2
3 9
69 96
118 14
30 81
158 194
55 108
95 14
29 194
167 18
69 173
140 195
160 10
104 172
9 19
25 162
125 188
95 17
82 16
21 67
110 4
146 19
23 119
156 19
163 3
79 142
130 134
154 6
87 157
34 8
37 70
73 8
182 193
122 18
35 16
60 2
199 5
60 81
21 23
2 19
127 174
47 3
0 15
162 12
149 12
182 13
2 18
148 9
63 14
161 5
130 3
112 181
166 9
4 18
89 14
52 3
58 194
23 19
133 16
28 113
28 17
142 16
140 3
30 160
5 7
24 15
196 10
27 177
44 190
68 4
60 168
79 5
23 14
139 174
35 149
57 198
43 12
57 154
177 183
100 7
62 198
11 14
106 195
87 189
28 170
133 19
5 6
62 85
43 114
71 14
162 13
60 18
95 152
25 96
46 8
31 1
104 135
49 59
173 196
62 2
172 16
31 190
101 13
21 137
135 8
44 2
163 14
47 12
142 144
33 118
34 139
74 184
48 158
144 2
128 13
139 175
104 14
90 11
123 9
47 2
57 8
126 7
97 148
26 106
23 172
92 97
32 128
62 110
103 18
29 93
130 4
62 163
50 0
183 2
71 89
48 149
27 182
61 165
58 111
94 4
70 15
30 184
39 19
73 150
134 158
129 12
35 195
48 131
58 79
194 5
198 1
45 80
54 139
175 0
156 1
36 93
26 46
146 3
104 1
155 195
65 6
43 150
101 151
168 9
112 4
126 165
77 7
177 178
157 165
42 141
127 5
41 59
131 12
43 191
114 125
119 19
183 14
21 1
69 162
92 187
65 67
39 130
141 187
144 158
191 1
67 14
179 188
135 9
156 13
11 16
44 11
156 7
145 10
185 11
0 12
59 120
49 15
103 137
155 181
29 135
177 4
76 11
46 142
39 54
34 160
22 15
151 7
27 102
67 2
159 18
95 187
38 101
114 14
192 195
182 12
168 17
95 162
170 19
78 170
190 7
45 82
25 113
74 182
25 141
25 156
168 4
56 6
69 181
128 142
167 10
29 130
72 17
112 134
54 83
54 194
123 0
166 18
23 15
74 131
79 135
113 2
29 10
29 181
88 15
116 0
117 129
6 12
81 9
140 4
68 175
101 112
88 117
169 172
68 0
165 190
7 11
22 27
24 80
54 104
49 10
5 17
43 92
133 141
81 175
7 17
139 17
26 54
53 133
117 146
168 7
112 7
24 52
119 16
91 1
112 167
106 2
84 169
69 101
118 10
157 2
119 12
54 78
122 182
6 16
112 3
76 89
107 168
26 69
76 106
38 5
151 4
170 12
9 10
80 8
155 186
120 154
45 10
94 6
185 19
6 11
172 177
1 3
133 157
54 175
152 12
129 146
56 161
22 149
41 92
29 196
91 9
31 59
74 17
87 156
28 2
164 17
186 18
84 0
79 11
195 13
50 183
116 13
126 179
31 64
195 7
63 84
135 173
114 5
146 11
76 171
7 8
139 142
61 62
37 87
132 4
57 78
143 3
40 138
125 177
131 172
153 172
25 4
134 141
102 197
45 84
187 5
54 121
92 149
176 10
80 1
167 172
42 52
163 19
61 5
52 16
144 146
133 3
90 114
3 8
75 14
51 10
51 12
104 174
147 4
61 16
74 101
165 2
74 141
170 5
13 16
137 19
160 16
164 15
50 64
96 11
91 99
23 173
5 12
185 7
30 19
122 12
24 158
193 2
50 74
95 1
145 6
192 17
77 121
134 17
91 11
169 10
127 13
30 17
134 11
41 112
86 195
65 12
119 186
107 194
94 3
89 19
149 5
66 8
178 5
104 144
28 138
85 149
122 126
7 16
77 191
130 169
80 115
149 13
146 4
3 16
74 6
94 13
45 15
77 82
68 15
42 100
195 16
150 14
31 9
193 195
71 3
89 157
70 168
81 0
46 47
46 98
165 17
176 6
93 103
162 194
135 17
47 179
193 9
68 16
38 11
53 2
83 87
170 190
31 150
112 185
118 3
55 4
148 6
41 139
121 132
134 5
89 129
189 9
137 155
121 9
149 17
163 0
165 8
138 9
103 104
83 11
127 196
92 4
150 9
77 114
28 6
122 16
47 63
150 186
57 128
74 96
49 138
24 58
110 156
125 19
9 12
107 15
134 143
54 4
51 64
23 177
168 1
79 194
75 144
97 199
92 198
123 197
124 138
5 10
96 153
107 126
196 197
133 14
157 5
151 9
34 45
26 7
47 14
153 15
193 6
31 57
180 7
128 15
34 107
37 179
138 189
119 143
155 169
113 19
121 17
190 5
0 11
91 6
33 104
140 163
21 107
111 11
46 19
158 0
117 1
26 162
13 17
157 9
133 196
120 135
79 132
83 10
122 17
57 173
187 9
191 0
136 169
107 9
21 13
38 61
73 88
104 2
136 14
102 2
149 11
42 4
134 3
181 17
21 15
6 14
36 82
178 9
141 8
130 7
44 71
108 9
165 188
72 162
108 129
114 16
161 8
49 8
16 18
188 192
165 5
45 192
59 172
141 17
50 66
127 3
111 16
37 150
146 6
185 8
190 19
50 88
28 196
38 7
182 17
80 7
110 3
72 76
164 4
182 185
66 9
128 11
117 3
175 18
52 12
146 8
35 175
28 1
121 163
97 167
121 5
16 19
155 10
102 186
170 17
128 162
174 7
97 11
59 89
189 0
139 159
0 2
160 18
87 164
69 150
49 91
87 12
160 9
87 166
21 33
47 6
72 1
40 79
93 172
26 86
176 5
64 137
101 188
93 116
102 147
72 13
22 165
114 11
25 83
87 1
94 153
178 3
124 169
162 14
112 19
98 6
109 183
166 19
56 123
178 0
63 16
131 10
44 189
68 1
26 1
133 15
178 6
4 6
175 13
44 6
81 151
93 170
48 5
43 82
33 68
115 19
52 78
35 186
79 196
109 124
142 181
88 198
186 12
50 3
94 117
80 0
95 3
50 126
108 8
49 16
89 7
66 17
173 10
154 10
25 155
140 13
189 8
79 106
73 18
48 12
32 62
116 134
35 9
153 190
57 81
44 16
27 101
178 1
196 3
25 7
92 181
75 147
172 5
55 1
186 14
70 109
61 7
21 3
79 2
79 178
105 164
22 62
120 19
0 14
26 169
123 2
147 8
87 152
13 18
129 8
198 14
42 1
28 102
55 8
125 146
33 14
29 174
108 18
159 197
50 117
38 146
74 108
83 144
87 131
143 11
52 116
111 188
114 198
148 5
38 86
125 137
88 17
137 0
63 138
84 4
65 4
20 8
128 148
81 2
177 3
42 48
47 185
153 163
171 14
48 2
44 8
131 178
109 4
27 11
31 160
29 2
82 184
78 18
48 3
150 12
188 15
123 193
93 126
31 67
56 198
24 2
69 106
57 2
3 17
184 16
31 104
113 16
77 2
125 182
1 7
76 128
80 19
100 10
35 5
39 64
124 14
43 11
160 11
47 150
145 11
163 2
176 18
57 133
115 3
119 136
22 14
5 11
140 16
15 17
103 128
183 17
68 148
24 89
138 2
12 19
38 137
194 12
75 4
163 9
36 9
175 186
195 14
179 8
59 9
106 19
188 3
161 194
140 11
135 12
154 19
152 7
31 117
140 191
78 173
85 103
69 136
33 40
121 186
154 156
21 170
26 145
109 16
6 8
196 4
26 28
140 15
153 19
48 15
3 18
61 126
149 19
175 3
61 100
42 166
133 11
3 15
26 13
112 0
71 133
35 138
115 152
56 11
68 106
129 133
11 17
86 119
44 87
117 0
168 3
147 7
105 12
112 199
92 193
89 133
30 130
43 17
118 169
197 4
38 12
143 163
45 100
123 5
80 137
25 3
87 108
116 145
98 126
138 186
127 14
24 18
150 160
102 7
84 102
165 3
152 6
118 9
61 98
116 2
38 158
195 8
100 3
81 123
65 114
30 56
170 172
138 169
27 6
130 17
24 193
104 10
98 9
186 188
151 2
159 176
76 151
126 176
77 136
39 10
123 13
118 4
55 130
9 13
168 14
23 71
137 7
43 10
102 4
84 183
105 178
28 74
193 16
33 0
148 150
142 12
65 175
169 19
140 186
13 14
163 184
120 5
198 3
91 7
38 43
10 16
76 16
136 1
67 9
92 118
79 121
72 16
76 80
182 0
21 136
120 164
24 119
63 188
57 74
104 184
146 164
39 168
41 127
82 8
71 90
34 158
3 19
52 103
38 19
76 182
59 13
166 1
64 97
5 8
65 76
87 158
64 72
81 178
114 117
48 102
192 8
32 12
118 177
50 179
83 103
70 5
43 84
32 172
121 14
48 78
96 9
44 121
141 12
0 3
154 196
154 171
27 188
72 80
70 16
37 8
28 163
86 115
105 125
165 4
122 1
184 7
166 3
56 152
97 162
31 138
46 7
