4 12
119 10
109 2
30 57
189 19
184 17
89 13
49 144
167 1
78 10
138 2
22 1
20 15
79 16
173 10
13 18
118 19
168 18
21 76
163 15
79 13
35 1
24 5
85 1
22 174
188 13
174 19
198 5
65 16
84 174
119 17
178 1
100 4
37 5
46 4
174 17
107 10
64 0
40 9
56 104
75 19
148 0
77 4
2 18
80 100
76 17
68 166
79 177
166 11
76 15
76 14
124 14
133 1
143 14
70 111
91 14
142 14
43 17
170 12
189 6
188 2
41 16
58 5
50 4
134 19
138 17
99 111
176 3
121 18
110 2
159 8
114 8
0 9
118 7
21 110
40 2
148 181
154 185
52 62
160 13
111 5
196 14
42 9
75 133
120 176
142 10
95 5
199 17
85 199
3 11
96 144
55 17
82 15
62 158
122 12
99 4
34 3
29 155
95 15
150 14
37 9
58 157
135 18
193 8
79 170
186 6
106 10
55 190
187 13
142 174
159 7
75 173
109 15
2 3
5 10
21 3
136 157
2 6
116 132
119 154
64 10
42 11
170 186
155 12
117 17
112 19
123 129
48 117
134 0
12 19
111 2
148 19
95 179
76 0
9 14
12 17
62 13
182 9
181 6
47 13
155 13
149 8
29 173
59 2
176 198
88 10
82 170
36 141
42 8
81 4
174 15
92 187
51 8
166 15
51 110
162 16
43 128
140 11
71 4
129 2
127 128
74 155
51 7
6 16
199 2
142 0
123 133
151 6
8 11
71 1
178 182
39 61
99 7
107 11
37 19
54 83
89 141
45 179
58 3
84 0
151 15
87 2
150 19
5 11
74 0
108 2
55 159
85 15
170 6
57 116
102 8
103 1
36 186
191 19
131 18
76 13
174 6
29 145
153 1
158 11
116 10
91 11
25 11
170 5
170 4
92 106
10 12
44 9
130 5
193 14
6 19
56 144
40 10
142 147
47 97
98 121
86 19
24 34
45 17
32 19
108 180
42 1
46 115
151 180
45 8
88 17
85 3
161 1
115 181
161 183
82 164
178 14
49 11
168 16
40 56
131 14
48 15
39 96
118 119
86 14
6 18
39 18
129 14
120 0
175 7
111 174
71 14
2 7
69 5
39 4
179 6
97 122
157 11
188 1
121 183
120 7
97 101
115 16
63 15
53 5
34 8
152 15
40 18
85 11
52 7
145 8
80 130
0 5
6 17
108 148
81 5
0 18
162 1
158 7
26 47
180 5
199 8
86 15
190 196
6 7
90 172
0 4
63 4
174 4
160 5
137 0
102 2
147 10
72 13
185 4
82 10
35 2
109 1
9 18
52 14
90 19
33 88
156 5
62 177
153 184
55 118
32 11
84 99
163 7
45 18
79 10
57 14
142 17
90 199
48 93
75 6
59 68
195 1
139 1
27 4
168 7
86 125
103 16
61 197
28 118
189 4
76 1
67 11
137 167
96 6
5 7
31 184
75 154
29 8
188 17
192 3
0 12
73 15
4 6
37 85
98 12
58 12
167 4
103 129
147 2
114 187
50 137
115 1
21 6
26 6
31 98
197 3
33 138
27 28
175 10
69 16
167 12
123 8
37 6
67 9
87 4
40 88
62 15
88 14
38 124
105 8
82 18
185 12
157 1
62 7
93 15
141 0
176 8
157 17
116 8
149 9
54 16
23 0
110 12
136 13
61 4
54 7
143 7
35 115
53 65
129 18
179 12
187 12
93 136
158 168
182 19
126 18
79 88
115 131
125 13
26 3
79 4
172 1
81 7
32 17
49 127
113 8
52 2
93 17
166 3
6 12
65 18
119 1
112 1
83 3
49 10
24 3
74 121
71 147
56 172
72 162
159 11
199 13
27 35
169 11
41 105
40 7
76 122
26 11
139 16
25 17
66 7
6 13
50 126
77 1
98 157
30 12
41 58
128 16
106 5
73 3
158 9
87 178
80 5
174 10
184 13
109 13
57 13
44 2
126 2
122 5
2 14
33 104
100 199
64 112
152 8
66 173
56 1
107 12
138 11
32 12
51 10
33 8
38 1
105 182
100 9
183 192
106 182
130 0
124 6
38 44
47 98
48 8
0 6
29 112
114 1
27 124
54 64
23 6
32 197
80 84
80 186
114 10
144 6
140 7
157 9
133 10
191 196
183 5
70 7
134 18
44 133
97 123
42 171
151 12
175 194
107 13
16 18
114 18
21 83
2 13
87 1
51 99
2 9
67 5
64 148
195 6
77 104
150 166
131 8
32 70
53 14
178 16
171 184
72 0
118 10
167 197
45 166
60 149
198 0
38 15
105 187
46 96
155 19
97 19
94 18
182 187
189 3
194 16
162 7
112 149
140 187
117 15
89 2
153 7
50 76
155 5
173 9
184 12
147 18
30 112
24 19
8 13
118 0
179 10
193 4
43 129
151 7
66 5
59 121
76 97
136 8
66 73
68 5
197 7
20 1
176 4
40 189
99 1
45 124
17 19
117 2
54 9
109 19
110 9
131 6
96 11
136 16
153 154
72 9
33 147
138 0
102 7
197 0
144 13
13 17
176 13
41 116
7 8
195 10
46 7
183 11
52 19
181 10
68 12
71 3
177 6
16 17
126 12
43 8
176 182
154 17
32 173
98 8
97 7
73 17
10 16
44 46
172 7
80 123
127 3
100 116
33 12
77 5
36 117
13 16
88 11
110 144
40 16
66 16
64 185
189 13
164 7
151 4
110 147
75 192
100 173
50 15
84 17
40 3
97 6
44 19
33 35
102 173
42 17
135 175
46 149
123 6
26 46
14 15
178 17
60 11
83 13
122 16
110 175
52 16
27 107
6 8
25 4
84 12
163 18
181 4
22 17
40 198
21 126
187 19
195 16
11 18
46 58
177 13
51 9
61 7
139 9
67 144
8 10
110 6
54 184
139 12
45 0
136 0
124 2
93 13
155 2
67 0
171 2
37 47
63 146
21 2
5 8
131 137
9 13
99 14
70 10
52 180
111 13
79 0
41 76
47 2
161 9
14 18
30 14
125 175
184 9
109 9
70 98
157 6
60 189
122 167
20 168
24 55
20 11
128 13
153 4
157 0
59 4
7 13
77 11
143 18
167 18
118 129
90 136
57 2
36 5
153 10
54 2
141 195
41 80
83 183
108 175
67 18
36 4
109 7
1 3
45 127
58 11
115 17
24 12
64 111
163 179
145 14
99 103
193 10
86 5
105 2
40 87
140 15
107 142
41 18
112 14
151 0
64 18
4 7
2 5
145 2
59 111
93 9
57 130
105 1
112 172
7 19
4 17
133 17
12 14
164 2
82 161
70 72
32 85
142 199
191 193
37 88
115 15
112 18
31 3
146 3
193 5
130 2
38 132
132 15
72 8
132 18
4 16
165 19
126 13
128 7
183 6
186 12
170 10
151 19
33 6
32 3
113 14
199 14
21 8
45 16
122 6
84 3
196 3
1 11
68 7
141 16
178 10
76 5
93 98
63 18
66 115
1 12
169 4
144 173
69 19
132 6
32 126
125 14
53 189
88 97
181 9
65 11
158 13
61 18
178 2
56 0
95 129
129 12
158 16
54 143
66 90
106 12
127 192
161 14
4 10
103 2
79 85
77 12
185 15
51 12
80 144
14 17
48 155
62 167
35 40
75 180
154 4
138 15
66 12
37 16
53 7
86 171
153 5
42 3
57 19
37 18
112 17
111 19
41 17
94 117
64 16
179 17
98 133
118 11
34 18
131 152
95 13
3 15
93 10
52 10
92 176
79 6
45 90
75 80
81 12
48 61
181 184
102 124
72 6
162 180
94 8
52 13
29 193
69 175
151 17
64 11
62 3
80 105
74 88
123 13
139 13
66 19
108 17
2 19
43 14
78 18
126 146
141 12
20 105
91 10
5 19
78 8
104 13
65 19
71 9
23 19
137 169
35 5
93 6
54 145
177 15
98 14
98 17
109 12
55 104
132 9
98 5
190 8
118 161
131 10
155 3
40 1
192 2
61 0
31 17
119 3
68 1
27 9
76 174
101 156
126 8
86 133
22 9
51 18
62 4
193 18
157 168
26 33
48 13
144 14
172 18
73 8
184 4
61 19
119 5
1 7
114 170
26 132
156 18
112 8
172 16
124 8
76 3
73 6
27 156
33 87
112 2
29 1
102 13
93 4
95 177
61 198
49 3
61 151
47 11
133 190
110 188
5 9
185 13
40 122
1 2
12 15
28 7
95 176
121 2
102 1
161 171
132 10
117 1
110 7
174 12
78 190
86 17
76 10
190 2
39 116
66 166
43 79
26 77
195 17
20 107
77 127
188 12
46 172
90 18
170 8
185 1
5 16
64 188
133 16
139 184
32 9
165 4
39 113
71 137
33 196
63 132
77 9
84 158
39 11
178 13
100 2
159 13
172 4
71 129
135 3
11 19
187 1
51 143
157 14
15 17
45 4
123 0
9 11
143 11
49 2
147 173
69 11
197 1
50 191
163 2
75 14
97 3
46 0
10 11
3 10
98 16
116 15
50 63
179 199
94 3
84 11
69 6
29 40
174 7
142 2
84 164
131 164
79 81
65 165
45 12
6 11
158 187
71 101
58 170
111 194
42 0
66 9
2 11
118 16
72 10
95 199
124 15
102 9
34 81
62 189
98 141
104 11
146 12
73 90
110 116
59 93
73 0
87 136
80 7
84 18
159 6
34 17
105 11
155 7
127 16
115 197
74 11
148 17
162 11
37 12
30 187
197 6
47 12
155 9
96 2
54 88
113 4
196 0
88 194
136 196
50 11
156 3
130 7
106 125
120 139
78 197
35 3
47 79
138 156
127 145
87 91
90 10
8 9
191 6
114 190
44 131
177 10
39 13
83 8
30 94
39 15
168 17
163 5
146 7
52 119
103 127
42 173
165 0
56 88
55 73
48 64
43 3
101 186
14 19
68 168
182 16
141 4
26 0
21 13
10 19
185 8
144 3
46 14
37 11
143 159
130 8
162 0
149 182
57 151
1 10
72 124
96 8
55 182
27 137
94 182
28 71
160 17
33 16
186 7
126 1
47 92
120 19
62 198
51 11
23 8
155 8
101 6
33 123
98 164
38 97
156 17
10 14
164 1
89 8
88 184
165 5
85 10
122 159
92 3
72 111
6 14
138 19
122 14
176 15
185 11
78 13
139 11
4 14
148 10
1 13
0 10
169 1
36 125
13 15
111 17
56 100
120 17
25 30
180 19
30 161
126 7
191 14
105 149
93 12
27 113
154 12
84 16
8 14
159 2
135 12
51 71
59 92
153 2
132 17
128 3
174 1
90 156
62 14
116 7
188 6
193 6
125 189
153 198
113 124
145 6
1 15
135 16
177 2
56 5
43 9
136 15
81 165
53 17
94 2
125 4
2 16
58 133
23 149
139 159
86 0
142 18
117 10
118 9
28 97
153 16
43 6
12 18
120 12
26 165
81 10
30 10
181 16
193 0
43 149
99 11
183 12
95 181
84 101
3 13
26 2
153 8
178 19
63 2
169 3
62 1
61 158
70 158
31 196
135 8
100 130
143 13
140 12
83 196
150 18
52 1
121 12
102 12
31 11
4 19
176 11
157 16
120 11
49 19
84 9
56 9
48 1
126 195
22 11
21 18
127 5
61 96
143 10
191 0
25 19
33 2
87 18
70 0
34 11
120 191
74 133
74 109
165 10
1 16
41 126
87 12
26 166
135 150
43 15
29 157
87 6
8 17
160 4
97 124
138 18
14 16
95 14
106 139
168 14
175 9
53 166
137 142
137 15
80 145
123 2
94 155
194 12
98 13
29 0
135 4
64 177
125 6
140 5
61 11
158 3
49 9
112 3
62 8
53 9
25 13
90 5
89 4
134 6
168 6
51 3
81 17
90 2
113 192
168 0
44 132
126 170
7 12
165 189
95 6
153 15
132 4
104 8
192 17
65 121
192 19
193 1
27 194
110 4
20 13
105 139
153 12
45 5
35 19
32 18
68 170
63 17
104 10
33 5
0 2
51 85
53 75
2 15
147 7
115 195
26 8
127 2
139 180
28 177
28 2
109 6
34 14
186 15
176 6
163 14
79 150
127 195
167 7
30 133
62 180
49 142
30 9
57 165
44 5
83 7
139 4
149 14
38 9
161 2
141 191
167 2
20 12
75 3
99 118
185 18
121 8
102 10
8 12
134 10
113 10
164 19
111 14
69 172
132 12
67 8
102 145
95 98
21 11
5 15
28 11
2 12
189 12
46 94
49 5
43 74
34 19
68 163
64 15
75 169
143 12
49 18
109 17
82 1
23 183
99 12
38 5
131 0
132 13
136 139
155 4
37 15
27 8
15 16
36 0
45 139
179 5
42 198
46 6
3 5
133 155
196 1
82 8
102 6
138 159
122 19
34 13
30 15
100 12
118 162
103 9
128 8
173 16
172 17
90 1
27 6
37 89
149 155
67 3
93 193
66 17
36 43
79 151
69 10
37 3
32 4
164 4
191 16
22 16
119 11
158 164
181 7
84 2
79 19
160 16
52 4
119 18
147 12
84 86
121 7
7 11
170 13
50 9
62 123
188 15
36 8
182 10
197 15
58 77
125 19
164 179
104 183
151 156
83 16
178 5
136 11
98 108
107 19
196 13
46 71
1 6
115 11
61 173
49 0
72 4
150 15
42 19
198 10
137 8
168 184
196 11
162 170
11 15
64 152
89 19
59 6
138 12
62 6
1 14
128 146
34 158
129 7
154 180
169 15
184 7
196 12
92 13
64 1
199 15
148 9
84 4
9 10
173 8
151 3
99 130
178 9
4 5
72 181
108 11
157 197
73 16
186 18
117 138
91 113
120 15
33 162
26 13
178 4
31 12
155 11
117 11
4 8
70 8
101 130
76 8
57 132
43 1
37 131
124 129
39 17
33 50
46 9
71 13
160 182
138 4
85 7
63 19
88 138
125 141
142 181
194 0
38 17
80 3
60 95
62 18
120 5
27 5
169 7
162 8
85 98
20 2
194 9
117 144
174 9
158 8
131 151
102 159
130 4
84 13
114 147
88 6
62 12
93 8
64 98
43 12
131 11
83 11
160 18
172 194
170 181
90 3
169 8
67 16
2 17
31 117
188 4
176 17
23 4
66 13
5 13
117 5
35 42
92 18
86 18
52 125
136 19
57 9
127 6
21 152
23 13
79 82
182 3
140 3
130 191
68 10
84 10
103 197
175 186
63 13
100 7
117 13
40 110
160 14
122 17
66 18
79 2
4 9
24 17
186 10
23 5
158 1
79 11
130 18
144 5
79 138
187 9
90 16
91 12
117 19
176 1
173 7
5 18
100 6
7 14
118 130
25 14
51 15
36 18
152 13
138 9
25 5
57 10
27 1
192 5
42 136
91 3
121 0
83 130
101 12
22 10
95 0
0 3
51 115
108 9
143 8
83 113
34 141
57 192
190 18
192 8
63 84
32 6
3 17
49 85
42 13
54 19
44 142
181 189
99 18
154 15
152 12
52 82
184 18
105 19
48 104
3 9
28 16
0 19
90 113
33 1
190 11
20 109
133 170
86 178
142 8
34 10
145 13
64 14
160 9
59 90
46 2
80 13
45 191
177 18
168 5
26 4
20 9
29 18
59 12
123 5
194 11
80 188
192 10
172 13
5 17
197 5
68 137
133 3
124 166
114 19
9 16
176 7
53 13
59 135
157 18
117 184
49 61
64 97
60 17
131 3
29 6
106 18
54 8
169 18
38 11
157 19
49 15
129 15
30 16
78 4
37 10
175 19
129 168
179 0
38 136
41 2
42 15
64 19
90 12
47 99
113 5
54 168
115 13
102 151
9 12
166 192
9 19
163 10
62 99
190 5
150 17
162 17
44 58
64 8
149 12
89 121
137 11
103 10
181 14
150 5
37 134
89 7
170 19
107 0
170 14
31 152
36 7
139 5
55 19
28 6
190 7
91 18
92 137
73 12
124 4
55 153
150 9
114 5
96 128
43 0
175 18
171 13
135 11
87 3
61 17
7 10
64 5
54 11
81 110
52 3
96 119
113 180
23 17
58 62
71 87
74 10
10 17
71 146
153 13
47 3
131 190
154 9
45 10
98 186
58 14
158 17
34 167
148 15
150 1
165 15
126 3
102 160
138 5
177 198
106 11
99 10
42 144
56 191
128 6
31 14
149 0
67 15
83 10
58 8
116 9
40 6
93 7
31 6
85 4
68 15
57 1
47 15
144 159
62 17
48 16
117 6
167 10
190 13
187 14
38 2
158 5
166 10
30 191
34 154
88 7
140 9
132 19
43 171
169 172
56 107
126 145
135 182
146 10
90 11
20 7
52 199
151 1
122 13
32 10
166 6
96 198
44 13
77 16
38 16
116 185
7 18
104 3
168 13
144 11
108 13
32 7
148 12
94 13
55 11
147 0
23 11
99 135
25 6
85 13
84 90
64 7
199 3
97 181
196 4
66 88
11 17
13 14
139 18
68 112
194 18
49 1
21 5
4 15
186 5
177 182
134 11
88 12
166 13
36 9
180 13
20 19
124 3
22 2
28 12
59 7
83 1
1 17
173 13
23 16
65 14
189 14
45 59
191 18
144 16
161 18
132 135
78 5
124 144
34 166
156 2
54 140
113 0
0 1
171 1
153 9
73 4
57 135
86 16
48 18
30 90
88 1
55 107
172 10
107 1
85 12
195 14
198 9
20 0
77 3
104 142
40 155
130 3
128 0
198 18
191 7
123 135
28 93
30 7
181 13
135 15
60 16
28 18
178 192
17 18
91 6
107 4
21 102
43 19
135 162
153 11
7 16
53 72
23 175
90 92
61 143
24 110
136 18
10 13
39 10
20 27
71 12
20 4
55 10
127 12
103 193
80 1
25 167
48 177
47 7
171 16
194 6
150 155
44 73
163 0
25 1
197 16
138 8
57 122
40 171
156 10
130 169
40 5
79 146
181 198
181 0
127 129
28 1
12 16
166 18
136 12
142 3
115 3
25 2
26 19
0 15
131 2
28 62
56 18
95 11
173 1
174 178
73 10
57 188
97 1
31 61
138 180
110 18
58 15
41 15
8 18
194 4
75 197
135 9
118 160
137 18
141 5
90 13
137 9
3 12
111 139
168 8
48 5
68 125
60 79
191 2
198 4
132 14
114 9
5 6
93 168
93 107
157 5
151 152
143 179
116 12
1 19
82 0
39 63
8 15
80 11
181 11
99 171
173 3
25 97
56 57
21 0
78 11
147 3
172 187
87 5
187 3
136 10
53 138
25 10
115 171
46 48
108 1
85 18
175 3
79 12
114 154
121 150
89 145
107 14
135 13
137 17
47 82
139 181
103 4
3 14
22 14
89 5
33 3
114 11
15 18
53 183
134 1
54 17
198 14
43 7
22 13
128 12
79 7
68 144
134 159
10 18
52 11
166 17
41 46
158 6
159 3
126 14
141 9
35 18
179 19
35 43
73 85
41 5
75 2
114 2
11 12
75 11
157 8
31 1
53 10
149 3
35 17
5 14
171 3
29 14
93 1
193 15
132 3
112 180
80 0
4 13
74 2
64 6
21 17
97 5
96 7
38 138
112 138
157 10
186 19
60 1
197 11
102 16
7 17
94 15
178 18
3 6
119 14
59 195
180 17
35 119
171 10
154 1
28 91
96 148
166 2
159 5
69 187
176 18
133 0
172 177
124 19
51 109
103 178
196 2
47 17
128 15
41 7
125 16
78 148
174 5
169 12
165 18
41 188
52 148
67 1
188 8
128 17
55 71
123 19
42 53
72 117
148 13
107 115
63 72
77 92
93 0
75 18
41 6
182 4
36 14
49 147
123 190
63 8
117 14
148 6
88 4
137 3
100 13
100 8
114 14
62 175
71 7
56 67
102 175
69 130
11 16
82 13
49 80
70 17
0 13
20 45
61 188
33 7
6 9
60 6
129 16
1 8
129 143
119 19
115 12
113 7
60 12
144 152
191 11
47 16
93 16
180 7
55 102
33 110
98 18
171 7
33 184
60 75
56 2
91 4
110 13
108 7
80 16
40 48
152 18
81 86
148 11
21 10
78 9
39 8
77 172
171 5
89 18
113 2
40 13
83 14
21 172
198 2
34 9
131 13
135 2
35 95
160 19
102 4
169 195
197 12
7 9
124 193
186 2
63 75
55 85
74 13
61 14
94 0
86 96
15 19
20 3
171 182
8 16
154 13
117 0
104 6
96 154
9 17
74 1
197 2
174 8
112 186
117 12
83 19
78 12
34 1
38 131
104 16
145 5
154 199
83 135
101 19
31 38
30 6
114 0
169 2
130 12
187 6
42 74
168 15
69 118
42 10
80 17
35 8
30 101
108 158
60 5
110 119
31 9
71 8
6 10
99 5
84 15
55 140
133 136
136 6
30 0
44 10
76 2
88 113
126 6
31 4
55 66
80 2
39 49
62 197
156 6
169 5
191 12
94 11
168 3
40 44
44 177
52 74
152 181
171 9
43 2
72 2
140 0
48 4
39 42
189 11
143 199
0 8
116 195
134 186
2 4
84 19
22 44
170 7
73 165
124 13
192 12
104 150
160 11
119 0
196 16
137 12
48 171
145 11
48 145
170 3
173 182
20 119
168 4
82 191
47 1
46 18
95 18
114 13
30 2
140 6
87 7
52 8
49 7
109 5
191 1
125 17
24 70
116 14
24 6
11 14
191 4
28 49
3 19
96 19
126 9
38 4
150 12
58 67
84 5
147 6
179 9
47 14
163 17
184 1
194 17
130 6
58 191
118 3
56 178
108 19
121 5
4 18
190 0
24 179
48 165
176 193
163 170
141 6
51 6
75 12
56 11
117 3
85 0
54 134
115 0
184 16
90 7
83 0
47 5
21 25
42 98
3 16
108 135
10 15
28 174
27 199
136 4
154 3
115 157
197 14
136 164
93 3
129 186
130 9
31 160
172 186
94 7
69 14
27 19
147 15
93 177
134 15
84 6
28 17
94 119
22 26
171 6
68 142
57 4
64 9
59 0
195 8
161 6
48 0
0 17
79 17
51 19
170 18
1 9
68 3
70 15
43 158
24 11
143 19
79 8
101 11
38 50
134 16
118 1
88 179
53 4
75 0
100 17
182 1
25 3
39 54
199 9
185 7
185 14
55 4
81 1
50 131
146 15
63 3
96 4
82 9
27 10
35 14
142 13
31 126
160 188
92 12
89 117
22 8
90 8
87 173
154 5
48 6
173 14
50 5
91 13
44 16
118 13
174 11
67 2
28 172
101 8
58 165
6 15
8 19
183 3
0 14
28 13
29 49
192 11
124 1
179 4
40 19
194 2
124 138
103 136
84 1
139 3
120 150
98 120
49 152
77 10
181 3
29 133
116 17
3 8
129 176
28 4
163 182
164 13
92 9
23 15
114 6
173 5
119 12
91 139
5 12
47 80
103 172
64 2
144 166
149 7
196 10
196 6
180 15
49 110
199 19
119 149
88 19
26 17
144 9
28 81
132 1
152 19
187 15
156 188
67 14
23 168
127 154
91 15
184 11
185 10
123 17
144 195
191 3
108 153
27 0
96 18
1 5
13 19
80 18
24 33
122 1
172 2
103 12
81 141
105 111
16 19
69 9
101 2
77 19
39 69
11 13
109 134
177 5
104 17
161 11
32 8
131 172
105 10
38 86
96 12
178 0
126 5
105 124
64 3
89 177
36 6
56 13
100 140
37 8
112 157
0 11
198 12
104 14
66 151
76 9
102 5
41 11
97 169
63 16
189 198
121 19
18 19
39 9
91 100
126 17
1 18
102 3
128 9
31 18
34 12
28 41
34 128
198 3
39 178
187 2
136 2
88 188
163 9
44 18
36 10
51 131
83 17
172 19
82 19
51 124
156 13
83 138
78 16
78 14
33 195
58 1
57 3
141 179
42 16
154 11
150 186
157 4
115 10
82 6
56 123
129 10
127 11
66 1
139 162
116 11
124 150
184 0
56 16
137 2
76 144
81 152
31 13
175 17
28 3
74 5
156 189
77 142
73 154
131 1
36 19
85 17
109 11
162 9
27 16
49 12
164 12
71 0
102 188
169 19
61 15
27 15
132 5
100 11
48 164
194 10
24 13
77 2
109 124
94 14
177 3
179 191
92 11
140 13
72 11
74 169
46 199
88 135
38 143
125 181
89 9
176 19
75 4
110 3
169 9
111 149
68 13
104 4
172 5
83 18
77 7
59 156
56 3
66 3
75 1
50 122
139 153
191 8
122 169
193 19
88 18
182 14
134 4
100 15
136 1
90 0
119 7
139 17
152 14
85 160
60 13
178 15
3 18
176 188
162 2
40 11
156 11
21 188
131 16
115 9
75 7
179 2
193 12
73 102
95 164
0 16
174 3
81 190
73 19
103 192
79 3
125 9
183 14
64 12
113 13
184 193
101 14
196 7
56 12
47 103
26 18
105 17
106 1
93 5
105 156
68 16
21 12
23 37
81 16
77 14
40 4
12 13
29 3
120 16
58 176
158 4
101 10
112 128
50 8
3 7
64 91
150 13
3 4
138 7
88 13
187 7
99 8
73 5
76 18
85 8
58 123
126 162
100 133
145 147
46 1
176 12
97 0
129 11
55 64
153 19
42 18
162 15
76 19
166 4
120 9
39 59
193 3
80 156
25 72
27 39
183 16
2 8
98 2
107 2
103 7
106 163
82 7
22 136
50 10
2 10
31 83
146 16
107 166
27 50
109 18
42 112
81 8
79 168
26 88
125 5
95 9
102 110
164 18
57 16
