26 6
25 176
75 12
8 18
191 12
73 101
186 3
37 40
91 192
29 132
166 183
191 3
59 184
88 17
22 33
29 10
57 159
129 14
124 13
7 18
96 100
30 147
31 187
69 18
115 12
86 145
127 178
21 69
60 13
167 16
46 4
36 62
100 9
190 3
197 11
30 140
41 6
131 194
33 54
27 117
123 159
51 53
90 175
44 12
58 70
27 7
114 19
39 0
38 109
114 125
53 153
0 8
107 178
87 91
39 161
104 17
134 187
189 5
63 3
150 161
186 12
60 5
72 19
26 157
66 196
55 5
35 90
12 17
119 4
73 9
84 133
28 167
96 185
85 6
17 19
41 163
69 151
97 196
51 106
91 19
143 7
149 17
95 173
12 16
82 15
7 8
119 190
94 10
175 18
83 104
33 107
142 146
59 60
73 7
20 135
75 5
16 17
180 6
47 136
179 12
79 14
9 11
114 185
118 162
121 4
43 3
82 141
24 106
113 115
33 15
62 12
46 138
134 4
161 8
170 0
21 16
33 165
52 188
151 13
104 2
112 12
9 17
101 16
53 122
39 12
10 16
62 8
66 193
48 177
108 131
76 80
59 197
44 111
46 2
62 87
58 10
89 10
21 145
180 198
128 196
25 11
181 13
111 10
24 167
158 3
74 172
133 0
46 18
156 3
124 14
43 15
89 148
63 88
164 8
124 166
53 186
137 9
166 9
57 167
1 9
94 181
5 15
48 0
73 18
44 194
115 182
20 144
180 194
81 136
60 170
104 16
44 13
171 193
123 198
167 7
33 40
38 15
111 151
126 152
31 132
67 137
192 14
23 144
67 16
141 12
92 106
167 4
99 10
172 7
188 2
89 142
90 94
58 159
161 3
133 196
86 0
72 4
71 143
86 87
133 184
132 198
2 18
32 75
86 180
63 89
150 10
166 7
40 9
29 120
97 8
109 18
46 70
111 163
183 18
114 5
66 98
80 118
168 8
44 67
99 15
45 2
171 11
30 44
21 167
25 110
118 13
58 59
192 19
17 18
106 141
46 19
87 135
164 3
24 57
83 18
64 16
175 13
45 9
146 185
47 168
151 188
62 7
100 114
25 127
92 187
73 14
107 8
147 16
4 7
12 18
76 5
128 144
41 45
26 60
97 10
65 3
121 9
28 98
119 152
91 141
46 9
116 178
84 14
81 127
39 119
105 2
158 8
7 14
119 11
41 183
164 175
20 146
118 10
142 18
192 6
31 14
20 121
30 0
74 9
173 2
103 4
90 165
190 9
95 104
88 118
6 18
82 139
1 14
188 18
28 103
54 134
31 134
155 11
42 79
86 142
63 149
107 156
24 156
145 15
45 65
10 15
1 7
56 3
39 3
60 0
16 18
21 135
129 187
161 2
64 124
32 15
55 136
3 16
153 16
83 153
173 14
105 181
123 16
68 92
21 13
57 17
137 153
54 195
152 3
134 2
8 10
123 136
95 11
70 19
131 143
175 15
49 127
147 13
60 114
46 1
159 9
51 17
130 193
40 0
26 4
55 0
191 5
99 5
58 7
53 193
59 104
112 131
78 18
44 170
72 88
157 1
128 18
42 7
159 8
172 15
185 4
62 18
127 161
20 58
90 11
93 144
182 6
82 159
132 133
37 132
160 0
88 10
105 167
141 13
6 13
172 5
27 11
55 165
46 125
63 157
122 12
36 6
167 19
97 12
70 82
32 142
24 67
170 194
57 107
192 5
160 9
101 166
92 100
184 186
43 44
85 127
73 17
89 17
103 16
58 87
92 102
53 11
66 91
192 18
151 18
94 1
196 1
166 178
126 5
4 10
42 11
57 150
80 0
29 97
74 186
7 10
86 4
176 3
22 149
25 50
126 19
101 183
131 19
38 10
85 139
97 6
96 138
88 148
31 184
136 15
29 82
66 13
155 183
86 105
126 2
5 9
38 184
4 18
45 153
43 57
179 198
128 17
116 14
20 14
59 16
32 187
144 12
45 4
3 14
26 40
53 104
45 55
93 171
165 5
20 128
196 197
121 182
107 162
130 172
158 170
35 130
75 187
119 125
6 7
26 66
89 164
27 146
20 15
35 18
5 7
59 189
121 192
26 192
151 5
132 145
168 16
146 18
77 92
30 102
163 186
57 138
41 106
104 194
129 18
153 18
164 0
130 10
38 4
77 118
123 0
128 152
191 16
124 129
0 5
147 6
52 144
23 9
80 16
29 185
70 8
147 15
25 10
168 177
20 7
164 16
110 183
135 0
82 189
6 10
114 10
2 4
45 19
89 179
191 19
131 196
70 123
24 3
70 2
96 3
129 7
64 15
37 143
92 98
69 142
51 18
61 9
144 199
61 14
145 191
47 146
105 155
78 10
103 143
59 6
91 125
74 174
113 5
82 154
193 1
86 128
137 7
123 188
21 72
81 147
152 12
171 5
46 96
10 14
102 186
80 187
69 148
134 19
66 78
133 19
133 188
131 2
67 182
30 48
138 186
73 110
166 17
22 124
190 192
23 199
129 9
122 138
33 2
84 8
132 14
4 17
76 1
100 109
81 7
38 14
130 13
57 94
62 16
145 172
62 155
100 19
27 60
77 142
95 176
1 15
125 2
41 184
186 16
131 13
61 75
68 79
101 1
81 180
109 176
131 6
142 8
56 174
30 183
149 181
70 112
120 169
133 18
163 176
35 152
27 4
171 187
122 18
115 181
31 0
185 199
118 15
23 48
64 12
65 184
82 90
29 69
158 11
158 10
1 5
144 2
50 89
172 190
150 171
143 153
23 38
117 188
134 10
83 0
150 11
187 5
20 108
120 167
27 8
3 4
27 3
63 7
98 16
26 14
70 18
36 109
177 16
50 143
106 115
157 9
49 1
90 17
29 103
50 74
126 149
40 67
46 57
37 67
175 2
199 5
98 196
21 144
36 8
52 92
61 5
57 4
99 191
74 158
33 18
119 167
53 191
68 192
146 0
5 18
158 4
38 133
182 0
110 180
48 149
125 181
29 137
47 110
74 196
88 2
24 16
150 19
116 15
119 8
120 188
166 18
41 167
15 16
108 147
62 10
37 130
36 7
60 98
23 114
50 13
169 180
59 61
131 12
84 148
98 7
35 8
162 177
30 163
100 14
92 125
176 10
172 3
37 43
42 16
113 132
140 4
4 8
54 72
44 167
191 14
51 150
55 104
112 140
113 16
97 1
75 2
38 16
105 15
191 194
72 128
69 13
116 11
168 19
49 18
181 5
172 173
135 180
68 125
75 17
61 184
177 15
102 12
125 14
61 1
92 107
113 140
195 199
124 185
174 0
102 106
106 8
29 6
22 157
157 17
105 112
38 195
199 2
39 4
43 83
138 11
168 186
90 116
70 11
27 91
159 14
100 5
61 7
139 9
47 102
69 100
49 71
0 2
194 11
58 152
58 72
80 13
53 60
118 7
160 193
120 185
37 8
35 81
179 0
32 197
71 100
102 11
96 169
185 16
154 11
38 89
133 189
67 199
162 13
57 93
129 16
29 5
78 99
38 19
103 8
8 12
67 19
2 12
39 18
177 19
146 2
23 68
9 16
163 9
63 5
24 1
37 13
32 62
113 8
164 10
66 144
3 11
39 123
55 72
70 143
145 2
13 17
193 13
27 95
89 3
169 13
37 45
185 11
35 151
160 1
195 4
89 166
125 183
129 13
135 13
65 14
131 1
192 3
48 13
32 44
23 72
137 3
46 76
15 17
105 19
179 19
182 10
137 179
94 3
96 16
28 4
51 161
51 14
198 17
108 3
66 70
69 14
2 17
27 2
7 16
146 6
169 195
106 1
35 1
110 135
137 150
39 177
98 116
114 159
128 14
110 113
172 1
112 8
96 7
6 17
132 1
77 9
125 0
40 14
0 12
146 19
150 5
95 158
9 19
43 6
58 61
80 5
77 0
64 18
105 16
147 193
170 10
88 4
90 110
90 142
153 186
112 150
165 169
111 7
111 5
131 163
42 73
31 15
44 109
109 16
24 112
80 140
89 12
48 57
53 70
107 199
51 169
129 10
101 107
167 185
26 17
113 153
80 186
195 14
108 19
4 13
100 13
111 157
182 16
129 140
38 5
23 10
71 120
71 136
51 9
127 3
55 157
34 15
89 95
47 114
91 13
39 183
54 16
36 5
35 184
53 155
39 103
86 136
149 11
57 58
30 146
81 125
77 195
86 175
37 4
105 197
121 18
71 14
67 119
162 16
141 5
20 16
62 80
3 13
161 183
114 153
174 6
92 9
39 193
48 15
21 37
106 4
113 191
136 0
110 18
154 195
89 155
88 108
136 172
111 139
104 156
7 15
59 1
186 10
70 73
186 1
30 154
20 147
170 17
86 12
9 14
76 189
185 10
78 13
108 120
50 197
182 1
113 14
54 18
84 5
110 177
2 6
174 186
178 197
104 5
65 7
53 132
82 10
1 17
40 113
109 11
134 1
48 169
1 2
62 75
45 46
59 11
40 77
115 135
55 96
156 176
68 117
173 19
81 12
178 13
136 11
119 162
23 11
154 4
130 17
25 190
183 198
62 182
84 135
65 121
21 124
2 15
60 4
50 17
134 13
173 7
154 2
126 185
188 9
195 0
122 1
50 9
23 13
40 18
32 0
47 18
71 169
53 88
68 0
27 18
143 186
87 110
93 181
23 16
82 19
42 84
107 16
31 123
29 53
61 65
22 16
76 11
40 134
25 52
32 138
87 17
94 157
50 19
125 168
53 65
25 49
49 196
22 0
34 53
84 7
29 14
74 126
193 9
124 162
145 171
199 17
84 95
46 5
45 193
127 9
173 17
124 6
63 4
30 5
70 161
136 180
44 14
163 11
59 150
107 171
60 1
103 192
59 14
55 124
123 1
41 123
70 181
152 2
165 168
76 19
36 56
183 12
102 148
180 11
184 18
182 3
148 9
180 189
162 15
29 117
41 1
146 186
75 183
72 191
163 7
135 161
125 188
95 4
40 126
20 36
43 193
43 130
70 1
66 85
34 9
34 96
82 176
36 10
51 185
59 3
107 189
139 144
25 87
0 16
108 184
124 8
90 13
76 78
45 172
39 188
51 59
121 0
117 8
133 7
145 1
71 155
76 140
115 3
157 11
29 84
122 192
23 132
44 134
103 105
32 13
45 94
22 12
56 153
91 103
8 13
58 12
34 175
91 168
32 9
198 13
57 193
174 3
97 7
167 0
48 116
69 126
39 71
162 5
10 13
63 8
90 196
187 19
35 153
118 142
109 133
121 193
112 124
29 87
58 74
177 182
114 1
166 19
94 167
47 9
55 19
93 19
47 17
137 6
97 14
22 156
60 19
86 5
113 17
74 10
38 115
76 113
104 9
129 2
195 3
20 32
137 194
30 159
22 68
50 165
133 163
85 154
40 132
135 150
130 199
97 152
28 161
83 151
0 6
67 84
128 143
107 1
20 101
119 18
58 122
110 9
89 2
55 114
61 15
74 5
81 134
9 10
142 199
96 2
155 197
123 169
4 12
117 0
57 3
199 8
104 108
25 6
74 75
84 181
170 7
35 186
197 10
42 95
199 4
127 13
29 194
48 74
87 15
61 13
43 13
191 13
139 1
11 16
79 171
50 11
4 16
94 5
190 1
65 11
63 177
160 7
3 6
150 178
190 14
137 157
59 175
57 11
127 183
156 7
65 112
197 9
184 15
38 121
64 0
156 13
113 157
7 9
111 9
180 197
140 147
38 18
49 74
52 7
88 176
99 101
164 4
7 12
25 179
100 101
77 110
85 2
51 134
61 62
132 6
150 16
59 113
41 134
134 9
76 90
30 4
185 18
81 18
32 12
42 2
40 150
70 154
155 182
36 69
20 124
139 0
24 5
71 16
120 16
143 9
158 17
123 184
0 15
158 12
1 16
124 15
101 103
183 6
160 173
132 18
89 144
172 17
116 119
41 105
54 5
3 7
55 118
143 4
81 177
180 17
50 137
35 2
24 11
86 11
123 3
100 168
120 177
199 15
147 171
101 2
78 6
139 8
170 197
66 7
141 8
179 181
21 67
32 144
30 157
40 145
155 165
119 126
140 152
51 144
97 0
180 3
178 0
104 12
68 138
54 13
96 181
195 8
65 89
56 94
71 15
82 116
41 62
21 97
58 149
60 122
88 1
39 11
70 4
96 135
153 9
90 0
41 174
189 8
99 18
152 17
113 1
36 125
115 0
41 171
190 6
142 178
71 156
129 8
92 95
52 17
25 65
137 13
184 4
138 13
180 18
115 167
113 12
49 15
152 180
144 14
40 8
116 8
46 118
35 74
39 105
43 119
67 7
133 13
143 188
35 4
95 100
165 19
180 7
119 16
111 4
126 132
100 134
73 157
114 2
155 1
59 10
24 0
69 7
170 175
50 170
54 116
98 11
120 126
80 12
60 10
156 17
114 122
23 159
21 159
35 6
140 11
193 195
46 54
8 9
28 145
61 106
105 1
72 87
93 7
40 66
100 12
132 10
66 157
129 5
166 15
31 173
60 15
114 142
3 5
173 12
171 13
23 15
39 2
104 0
123 149
72 122
189 15
50 81
22 188
21 146
103 6
143 16
53 163
67 141
45 17
37 186
52 112
181 2
144 7
155 7
134 6
134 140
64 179
106 125
49 11
160 10
114 167
143 197
106 6
35 166
165 6
66 152
47 12
56 120
101 12
31 33
93 15
36 165
127 184
95 9
82 177
154 19
176 13
27 142
95 152
75 120
26 151
108 116
179 10
77 6
27 17
75 8
168 4
30 45
34 180
123 14
79 189
111 140
90 10
78 194
161 11
130 155
100 182
165 12
25 3
65 17
45 14
149 9
123 197
42 61
199 9
41 2
93 5
138 7
102 136
175 6
75 16
10 19
95 147
14 17
119 9
149 166
150 9
157 8
78 83
43 123
10 17
36 55
169 194
177 7
105 144
32 129
101 127
58 3
32 46
131 17
110 6
176 14
196 3
62 170
53 68
48 6
51 190
93 113
27 56
68 75
56 11
179 5
106 176
0 18
92 97
76 77
36 3
177 8
158 1
6 19
115 1
0 17
22 19
28 7
102 16
170 18
113 131
43 62
80 4
44 130
23 190
98 129
61 83
79 4
34 4
99 155
59 18
34 167
135 167
140 181
43 108
126 165
153 4
144 6
46 16
54 110
78 189
79 126
61 143
67 81
76 0
74 8
71 0
144 172
56 142
196 0
9 18
68 113
75 98
1 4
116 19
31 47
145 7
161 9
38 187
25 36
30 3
86 193
90 15
13 18
90 163
56 67
62 179
78 137
41 124
3 17
71 82
164 17
7 13
94 8
182 12
118 2
88 9
7 17
41 56
33 153
30 11
41 46
180 4
105 9
162 163
178 3
133 5
36 18
61 3
52 16
148 153
84 18
45 121
165 18
126 9
42 77
102 13
140 2
52 158
196 16
173 18
47 4
45 7
20 127
89 152
56 73
108 130
125 11
37 14
79 19
85 182
56 151
174 17
44 100
73 180
169 10
135 17
150 15
36 177
74 14
155 13
59 87
77 5
126 169
145 174
31 19
125 174
141 156
21 109
156 197
118 134
169 11
194 18
143 11
38 198
23 95
56 106
26 32
142 166
84 15
145 152
9 13
145 12
55 1
109 2
68 16
129 17
111 16
119 151
122 139
98 194
126 17
103 7
70 79
39 9
38 60
72 15
127 4
85 1
43 0
22 70
141 0
118 157
16 19
45 15
104 1
130 167
66 11
142 186
70 81
31 40
26 163
165 3
174 8
106 131
131 18
132 144
116 13
89 1
182 191
177 187
50 94
113 7
126 8
110 11
155 187
191 6
173 9
82 178
27 67
38 99
146 157
104 115
178 18
75 1
52 126
35 88
85 159
123 5
36 46
142 9
84 119
103 154
32 14
142 19
76 126
110 0
86 19
120 195
108 129
43 18
29 114
125 15
97 146
89 9
20 90
146 169
56 72
142 2
72 162
99 8
0 1
77 18
146 150
68 15
124 11
54 153
102 137
143 158
133 147
157 195
129 168
57 18
24 138
193 16
189 2
190 16
74 152
129 178
0 14
145 173
33 92
0 7
149 12
107 160
135 6
165 194
182 192
28 70
8 14
120 15
171 8
72 149
47 49
158 176
142 11
172 4
196 10
168 17
176 0
26 152
76 182
28 18
39 143
25 68
152 13
187 3
60 16
35 102
43 153
37 0
107 12
127 16
145 189
139 15
0 19
47 15
193 3
169 181
168 12
54 14
51 82
63 171
2 10
110 151
45 160
46 13
41 9
138 8
77 170
128 183
93 95
94 193
43 181
5 12
69 9
43 105
141 181
176 12
45 97
24 179
50 67
53 74
176 11
81 5
52 1
169 19
166 5
93 188
31 90
83 164
43 117
117 152
81 144
169 182
135 12
59 12
9 12
57 14
127 6
52 141
112 173
66 126
4 6
48 105
51 5
49 81
21 198
33 135
68 4
103 10
43 12
137 172
1 8
31 56
29 116
140 172
33 5
65 78
36 4
101 14
122 187
42 108
135 1
140 199
104 19
56 8
148 4
71 152
107 159
21 17
124 150
64 3
199 16
95 121
41 17
196 15
30 38
115 6
69 3
107 117
34 47
93 13
73 94
60 126
107 10
5 13
91 158
59 2
14 15
35 99
132 12
66 113
67 111
72 18
149 10
130 173
112 2
37 17
104 138
96 131
34 14
116 5
111 17
30 62
15 19
138 160
179 7
69 158
58 178
145 198
48 129
42 123
186 15
162 9
27 99
74 185
60 139
52 147
60 127
28 74
66 17
66 4
102 17
124 18
194 3
52 186
75 108
20 55
23 173
68 1
124 126
13 15
95 189
65 1
196 18
70 149
46 66
65 5
53 4
192 2
123 135
82 16
110 14
189 9
48 14
88 14
128 168
100 186
125 190
33 8
106 165
32 4
160 14
79 91
133 146
28 135
45 188
70 14
4 19
109 139
28 8
54 6
50 77
82 119
2 9
139 17
177 6
36 166
39 178
93 123
149 8
75 139
6 9
90 91
119 12
165 185
79 178
84 88
93 9
71 11
138 3
65 162
118 12
53 130
33 6
197 14
156 1
108 148
126 3
52 0
152 186
25 129
60 152
177 11
121 153
121 10
126 154
31 16
56 5
96 147
100 8
110 2
133 144
35 7
99 174
151 15
151 6
61 67
46 87
58 153
31 103
39 89
107 14
31 3
87 19
58 197
84 158
195 18
148 162
58 182
176 15
122 14
117 156
83 129
196 19
86 17
99 4
193 18
30 168
58 129
22 9
45 92
133 12
129 1
111 180
82 117
106 17
121 6
125 8
106 16
59 128
91 101
32 3
25 43
22 113
33 14
26 129
177 179
119 136
24 10
39 7
183 13
129 150
38 193
30 158
47 107
186 190
25 17
105 171
26 12
153 13
2 13
42 64
132 19
123 157
95 126
37 11
34 16
21 101
31 130
143 182
92 16
192 13
158 5
33 152
155 15
91 17
61 12
107 4
33 180
50 12
50 116
60 178
185 12
7 19
167 10
72 16
130 147
86 158
26 91
147 177
146 16
61 18
20 80
197 8
75 4
35 82
154 173
182 18
133 4
69 131
70 9
21 3
191 15
85 185
5 6
98 9
100 112
32 167
111 1
27 185
46 8
167 5
61 2
51 151
53 7
128 176
181 12
74 135
85 195
112 19
22 29
49 10
71 159
75 97
119 13
138 180
92 182
121 13
187 14
106 169
120 13
67 5
5 16
141 175
43 10
5 17
79 13
106 182
199 11
3 10
60 159
72 1
109 0
103 14
118 167
27 5
34 91
116 159
198 15
169 6
29 160
159 175
174 9
72 8
62 189
26 172
35 89
182 198
80 131
69 197
139 11
64 100
107 174
190 15
76 17
114 162
50 14
151 12
47 91
135 16
23 4
170 11
156 192
193 11
49 9
26 196
135 183
69 119
68 127
116 174
27 63
74 3
62 0
67 71
95 6
42 80
31 157
80 97
122 183
183 15
70 166
46 156
81 193
113 118
36 176
31 6
31 137
33 17
79 0
92 4
76 191
35 17
197 18
63 106
95 142
131 5
196 5
151 166
145 16
51 10
192 12
151 165
194 5
114 195
90 129
61 144
198 19
39 14
93 18
115 16
109 170
149 14
84 199
138 15
84 196
38 59
24 7
132 165
101 4
36 1
117 155
47 19
98 128
183 14
66 19
25 18
83 117
162 183
39 155
28 44
173 15
24 104
133 191
32 136
58 123
193 197
169 1
112 18
91 11
90 179
181 11
26 193
83 193
40 45
80 8
23 2
186 14
59 82
190 18
98 1
76 3
40 190
98 0
80 127
149 155
150 18
159 19
82 8
42 6
121 181
76 6
88 162
8 15
63 112
57 106
155 157
108 13
37 173
133 14
45 8
38 6
154 1
92 14
142 14
103 128
128 4
128 2
58 13
185 17
182 183
0 9
43 71
64 186
1 6
168 2
28 14
98 179
38 62
33 0
73 125
125 129
62 126
102 169
41 11
82 12
28 16
36 115
2 3
153 8
120 136
112 137
46 158
80 17
47 55
148 13
58 173
25 182
58 183
175 16
102 188
127 10
118 132
35 106
83 182
11 18
41 13
36 58
70 140
38 92
155 163
77 14
22 57
118 133
155 19
179 188
25 5
159 13
121 156
188 12
20 12
149 186
105 18
151 10
88 0
183 5
113 9
140 178
60 17
71 10
24 161
140 9
114 17
81 95
48 5
113 2
32 17
4 14
66 10
72 86
20 165
89 98
160 167
117 12
95 131
161 6
40 6
63 87
54 11
56 63
70 145
66 194
78 5
23 42
23 153
93 6
40 12
55 9
0 10
49 158
118 193
3 8
44 141
160 3
153 199
45 1
20 1
25 16
32 50
43 77
49 97
113 189
71 130
66 138
152 11
51 15
5 14
81 15
89 130
38 17
127 8
52 167
134 15
82 11
136 137
48 125
163 198
55 190
149 15
184 19
158 19
45 16
108 185
61 156
175 17
26 168
38 116
114 16
116 173
139 18
146 160
60 3
41 19
96 1
114 13
39 15
25 12
74 2
192 8
33 1
155 18
45 85
138 148
163 19
159 4
92 11
32 60
115 141
22 86
153 193
40 96
75 15
22 180
154 163
48 12
152 196
49 171
103 19
33 122
78 16
46 153
81 196
75 18
83 9
141 194
28 67
25 147
107 19
25 98
21 174
87 103
175 0
55 3
78 135
140 0
148 2
145 11
88 125
44 65
92 3
182 9
162 4
55 130
25 100
45 11
183 8
28 12
35 3
89 139
87 6
74 99
142 143
198 8
26 13
22 158
21 127
44 181
122 5
48 10
22 17
144 5
120 7
85 19
163 6
141 3
100 122
178 4
38 9
69 2
198 10
43 135
35 13
37 18
42 10
11 15
84 168
173 13
106 136
121 155
49 153
78 3
51 195
109 152
37 87
115 125
194 9
193 2
148 174
28 111
47 174
27 129
84 174
122 19
69 163
170 188
83 195
23 8
45 184
54 118
121 3
97 149
58 17
85 110
143 14
28 122
75 14
166 0
151 2
153 0
192 196
149 18
109 9
57 136
35 108
29 2
57 198
145 4
98 13
186 11
5 19
57 6
190 13
85 103
22 98
125 135
138 1
54 175
163 194
160 19
98 12
108 178
96 140
52 132
146 10
45 156
114 172
97 155
132 142
128 169
39 6
187 12
34 18
96 15
101 104
127 18
188 11
116 2
184 7
64 17
57 16
23 96
71 110
139 170
188 3
158 9
163 2
112 9
21 10
194 13
150 2
99 19
149 19
104 152
187 190
87 171
188 7
117 145
123 15
50 97
29 191
124 12
88 155
154 9
40 72
109 179
32 102
25 133
146 182
78 191
58 6
141 168
156 15
107 144
48 2
43 70
29 68
194 4
107 119
51 129
180 9
55 2
195 1
137 4
104 4
91 174
42 87
91 187
64 117
83 3
179 14
122 157
21 19
27 9
36 124
12 13
69 5
162 8
14 19
3 12
87 182
82 13
5 10
64 13
80 6
57 81
157 3
163 12
150 158
139 198
38 45
141 1
45 12
103 0
100 113
103 186
43 81
44 4
120 197
25 93
162 6
183 0
92 17
65 168
149 167
23 130
166 181
24 84
129 133
2 8
10 18
186 197
191 7
54 4
93 127
83 90
21 15
163 10
61 4
80 106
65 174
175 19
193 8
184 1
26 59
56 19
43 46
1 12
79 1
78 146
137 10
4 15
52 78
95 0
48 167
56 125
179 9
31 18
179 183
171 6
182 17
131 11
62 154
116 18
28 141
87 0
131 10
79 163
112 177
106 184
35 14
177 9
11 12
94 11
48 50
59 156
178 8
2 19
55 162
40 187
96 112
182 15
102 161
27 35
70 114
150 1
85 198
67 3
84 12
176 2
50 6
130 3
117 125
75 158
39 5
93 1
28 176
120 0
79 158
92 1
49 174
68 111
45 3
2 11
43 189
135 176
40 10
35 147
171 15
189 195
156 2
191 10
33 11
139 13
113 130
49 197
152 179
198 3
70 0
81 172
171 4
131 3
130 19
80 9
71 8
70 187
169 5
194 8
85 13
145 9
181 8
62 91
4 11
6 8
146 7
177 193
25 108
162 7
171 17
81 10
133 9
44 8
133 11
52 166
68 83
103 13
62 2
98 15
40 170
184 10
65 6
27 173
24 192
25 9
112 3
67 128
43 99
81 11
49 77
61 186
107 128
70 16
120 4
109 6
23 134
95 8
23 7
51 4
76 85
107 140
43 96
27 121
113 142
92 19
86 10
40 5
65 15
71 7
156 193
72 180
198 11
21 8
12 15
63 11
115 196
70 15
34 107
77 143
39 19
146 3
20 193
163 181
97 19
60 63
53 178
12 19
81 160
120 163
172 10
54 15
89 7
80 14
69 83
136 5
22 186
188 1
23 19
21 9
50 4
2 5
8 11
142 5
196 7
54 79
90 14
130 191
56 16
121 178
64 184
139 12
49 14
48 18
99 123
150 7
175 176
37 3
52 99
80 2
154 14
6 11
58 4
51 67
76 195
112 5
89 5
38 137
72 5
32 7
144 13
54 12
116 17
107 17
47 16
62 99
47 11
6 12
31 189
101 8
172 9
166 4
172 191
47 188
33 19
85 128
24 44
111 0
152 5
65 9
121 14
125 179
95 184
29 7
43 2
163 170
47 90
138 14
108 7
54 3
4 9
24 25
114 128
20 79
136 183
121 189
189 14
25 88
64 6
40 62
60 149
30 17
74 0
169 7
42 17
79 198
43 5
85 10
187 2
80 94
169 193
28 170
66 14
67 15
138 6
64 195
140 10
152 1
42 91
57 10
139 19
1 19
104 171
140 165
93 0
81 2
8 16
60 163
38 123
93 134
21 140
11 17
71 3
166 182
78 183
64 167
184 11
168 1
13 16
110 4
85 0
38 12
58 196
74 6
68 132
83 163
35 129
142 193
35 46
31 162
68 118
96 19
111 147
161 162
180 15
119 158
137 195
182 193
151 17
119 197
8 17
83 188
49 8
30 18
103 1
77 19
25 15
111 193
143 13
77 3
78 97
24 185
62 5
23 192
25 120
28 5
195 15
188 14
33 10
55 75
88 126
22 52
28 189
133 179
55 133
47 98
126 13
91 98
34 11
28 2
45 10
116 4
10 11
134 168
166 2
68 5
135 140
42 3
75 109
118 14
117 14
60 7
92 10
54 133
95 17
164 6
70 10
130 134
88 179
154 18
187 13
144 159
57 141
80 3
24 17
91 0
38 1
141 10
178 7
110 5
124 19
99 11
142 16
40 153
34 184
35 37
70 159
20 113
38 65
21 194
82 17
76 2
51 3
14 18
39 166
33 90
64 156
91 1
74 18
46 65
108 117
25 193
65 158
54 100
32 87
125 4
55 105
89 119
166 10
66 71
67 156
57 134
67 96
79 2
194 14
42 72
129 175
3 19
54 85
81 3
62 90
137 170
5 8
1 18
82 83
151 8
68 13
97 167
30 174
92 0
147 2
48 178
140 15
70 17
55 10
38 87
167 3
84 101
100 15
140 198
30 176
31 51
157 166
157 18
120 9
40 114
66 156
44 19
129 194
50 175
144 15
40 11
28 17
38 148
78 14
121 130
176 182
49 141
46 98
156 11
103 17
64 19
49 165
98 2
1 10
37 103
33 115
151 3
105 187
53 18
199 3
95 19
63 131
184 2
79 120
77 109
149 190
65 92
115 134
52 129
159 3
139 5
119 14
105 134
91 3
170 12
96 17
159 193
4 5
67 79
72 197
38 41
180 16
26 15
188 194
138 191
82 0
90 8
51 1
96 8
130 8
55 122
31 128
125 9
121 142
126 194
95 96
155 158
129 15
101 147
83 149
13 14
65 8
89 189
164 19
50 151
79 9
102 15
190 11
36 54
11 14
131 183
125 17
1 13
2 14
166 1
99 2
7 11
26 117
135 9
56 98
166 6
140 183
38 7
77 13
18 19
97 182
79 5
115 145
156 4
111 176
90 137
21 0
83 133
13 19
123 7
90 156
77 114
129 11
180 196
83 13
98 143
67 2
174 178
153 11
42 1
47 58
37 75
59 83
21 1
148 6
0 13
58 5
82 2
33 89
76 14
0 3
33 60
30 122
72 150
23 172
116 1
135 145
37 139
56 6
128 13
95 190
34 8
188 4
62 3
185 19
68 9
165 11
46 15
154 8
144 195
86 92
88 6
199 0
12 14
25 95
69 6
42 67
34 3
11 19
44 3
183 192
36 197
28 75
88 12
134 8
48 80
29 143
115 19
84 189
1 3
135 151
146 5
132 16
170 19
80 7
171 2
8 19
81 133
63 1
56 187
91 14
84 11
88 185
43 14
5 11
58 16
85 7
46 172
33 7
145 170
175 3
140 195
27 97
90 1
144 3
51 166
169 199
61 196
139 171
60 156
27 14
63 13
54 101
183 191
94 6
195 11
29 19
52 109
89 13
91 9
121 198
42 4
72 3
146 14
135 5
29 176
47 7
91 178
14 16
86 18
188 10
68 101
83 192
83 4
28 142
