47 105
98 128
143 171
181 199
41 111
132 3
145 5
88 166
151 5
34 91
135 17
109 182
65 106
48 19
131 193
191 18
28 5
35 194
34 163
82 151
192 8
32 78
39 94
38 152
44 16
35 2
64 144
109 11
46 135
101 148
65 12
154 10
174 15
84 10
165 7
59 183
82 0
193 11
39 105
174 5
23 177
39 193
68 181
129 147
22 117
37 154
61 120
132 9
22 32
194 15
143 1
51 1
123 11
167 15
41 10
189 5
193 19
133 138
40 108
6 14
43 90
60 10
32 144
88 165
110 9
1 5
70 19
130 141
30 6
127 173
199 2
83 2
95 178
36 18
46 162
186 14
83 176
153 168
136 3
33 132
116 11
7 10
23 62
141 6
37 69
151 12
11 13
89 3
142 162
109 7
74 19
147 178
24 126
151 176
67 162
54 139
78 190
55 178
133 1
60 14
171 175
42 80
38 15
67 0
66 98
147 14
127 150
161 11
25 98
9 18
12 16
117 6
147 182
170 10
144 13
148 6
37 1
100 15
80 8
42 167
37 57
150 3
177 17
157 3
1 9
49 19
114 17
105 18
120 12
122 6
70 145
82 170
112 156
11 15
67 141
94 142
70 3
101 164
25 8
58 117
31 71
198 3
71 16
52 63
151 19
22 197
85 171
78 1
62 71
42 157
83 5
37 0
54 10
119 196
44 18
4 5
136 1
134 12
30 13
152 12
95 16
24 45
34 186
31 53
78 112
40 8
133 12
126 158
94 16
115 138
70 82
85 13
142 5
66 129
88 98
149 3
47 52
71 172
59 141
36 14
109 4
71 158
167 1
153 12
158 11
64 127
193 18
185 198
43 66
20 39
74 0
82 3
144 11
120 149
175 11
39 103
134 18
37 17
84 154
127 13
48 93
1 10
179 7
183 13
80 19
112 127
59 114
67 9
92 114
33 103
118 181
80 14
155 12
110 179
30 174
56 171
98 0
94 118
196 5
152 189
62 171
108 12
190 3
119 193
49 199
188 9
6 19
149 16
154 186
129 179
183 5
70 119
62 195
129 143
94 148
132 7
137 2
49 179
1 18
175 15
180 4
109 5
58 122
0 18
111 3
63 8
55 199
44 166
52 62
59 112
33 69
40 199
34 132
79 120
0 11
71 125
178 190
174 2
189 9
20 58
125 153
63 175
13 17
170 0
38 65
127 12
30 146
157 10
29 67
125 154
47 6
101 168
191 14
22 8
48 18
68 70
38 3
137 176
2 13
28 100
23 165
176 12
73 10
123 17
22 189
2 17
138 163
54 11
125 11
58 172
32 10
154 12
193 5
29 4
44 61
11 17
38 130
46 140
61 105
91 156
68 78
9 12
198 18
23 116
42 4
71 186
109 10
113 151
91 13
132 5
69 7
164 10
48 59
133 15
55 74
31 76
29 185
75 5
20 180
47 162
62 9
159 17
106 13
26 2
157 19
118 15
52 55
70 177
0 15
141 16
121 169
167 17
128 11
74 9
159 18
143 190
106 191
8 12
47 104
39 114
89 7
143 13
77 8
137 159
52 81
64 182
42 18
182 11
119 194
50 133
66 17
28 162
170 12
5 19
166 180
88 8
50 7
84 117
81 0
31 65
99 155
55 15
56 0
117 131
159 6
162 178
131 163
92 19
113 10
135 14
31 11
152 3
110 14
72 114
23 31
84 199
77 10
153 155
176 15
64 3
42 180
48 75
40 6
130 133
163 3
61 4
38 16
40 72
93 151
33 1
144 14
105 178
70 7
61 92
49 7
163 13
193 12
36 179
88 100
73 12
53 8
78 19
20 45
153 2
79 117
55 67
7 17
168 16
102 4
144 0
37 13
35 97
66 69
37 122
34 46
64 8
25 177
37 192
34 114
41 12
136 17
38 9
99 198
195 4
17 18
113 9
146 147
29 17
46 3
139 180
123 12
94 197
41 118
44 185
103 3
24 3
122 196
56 5
185 9
145 181
150 5
114 133
65 8
175 1
128 19
12 19
148 7
9 14
75 93
152 15
72 6
71 2
90 116
62 7
112 181
43 129
160 10
151 175
53 12
72 9
46 12
86 19
68 106
199 8
76 19
61 9
73 6
72 16
23 18
167 9
87 8
26 85
40 116
152 2
77 104
143 181
5 10
28 40
50 199
142 153
4 13
166 18
125 197
61 5
68 146
146 4
25 45
131 189
119 16
21 34
101 106
34 4
138 4
146 195
139 5
114 16
84 3
83 191
79 113
73 76
56 61
188 17
133 2
172 3
45 13
96 196
27 117
28 170
132 134
110 3
3 11
160 4
74 194
150 170
33 64
107 174
108 15
0 6
141 185
69 90
87 5
54 17
35 19
29 59
93 9
38 2
171 14
118 2
184 9
54 88
37 6
87 12
7 14
149 11
91 171
65 0
164 185
96 185
134 13
41 78
59 61
131 5
23 105
31 136
33 15
50 95
63 133
183 10
119 0
158 15
47 8
22 10
146 6
162 12
159 12
135 170
111 132
20 3
26 9
30 39
39 138
43 101
104 169
123 161
64 84
13 15
34 12
48 70
96 6
86 7
79 163
57 16
158 7
186 12
149 6
39 19
121 6
107 134
33 0
151 17
31 14
87 186
83 0
58 11
100 103
48 14
94 6
95 165
113 8
99 10
60 71
93 14
73 13
20 75
34 11
40 1
109 134
157 14
101 9
51 162
175 14
94 13
50 59
180 2
78 154
154 19
138 154
117 166
93 112
124 17
88 7
198 19
109 13
74 190
35 174
7 16
66 4
121 182
46 180
132 175
195 16
38 131
88 12
162 16
31 196
125 10
34 149
150 17
50 173
3 10
140 188
182 10
4 10
3 13
153 1
140 6
57 8
72 167
9 13
154 4
46 132
177 190
44 146
42 57
162 10
144 18
195 1
22 168
44 11
117 14
73 129
178 2
191 16
98 159
1 11
89 139
67 124
87 128
1 13
185 4
95 129
25 174
136 141
92 1
79 105
163 165
128 136
25 77
170 19
97 5
65 2
152 18
113 181
81 182
199 4
58 139
5 6
74 106
69 172
169 17
33 110
86 143
88 149
68 158
157 1
130 9
126 186
114 137
29 1
51 18
164 19
69 12
40 45
114 170
48 114
176 14
41 94
74 13
20 165
192 16
189 3
151 14
141 2
127 1
74 97
42 17
153 4
38 4
21 81
102 176
30 1
54 5
95 102
169 10
88 16
23 27
62 67
95 18
162 177
191 1
138 10
88 175
56 159
171 16
90 19
143 183
5 11
197 19
132 17
154 1
67 155
112 158
25 7
40 19
110 118
40 105
127 177
51 16
86 196
160 186
23 3
20 4
177 178
113 170
111 2
136 153
25 46
148 178
44 2
72 13
128 7
26 176
108 4
103 130
46 2
125 139
177 14
179 14
41 11
163 185
75 11
73 1
22 146
70 88
126 9
180 7
61 171
2 7
115 150
45 138
140 4
136 144
126 142
198 0
62 72
39 174
28 11
177 2
183 14
74 177
100 170
93 16
160 2
30 3
57 190
69 77
39 118
98 102
153 7
170 6
102 194
138 173
23 127
26 1
149 8
38 7
27 61
4 14
195 9
51 72
35 142
73 191
59 18
25 51
89 140
159 162
173 15
192 0
153 14
194 17
47 120
7 18
138 13
46 190
63 188
62 14
77 190
80 157
84 4
110 135
3 15
39 101
59 62
198 2
195 2
91 187
92 2
48 156
82 13
69 3
42 7
170 1
144 9
143 144
39 18
135 19
52 1
68 152
190 4
177 186
75 128
180 0
121 192
115 18
120 3
93 103
20 97
172 11
130 160
35 7
76 10
75 148
124 11
110 127
168 5
91 155
4 9
131 179
86 3
27 118
102 162
95 6
46 107
181 19
92 14
135 13
161 9
98 101
80 171
23 102
196 8
37 171
165 1
62 175
118 119
1 19
0 2
38 45
139 0
102 113
121 12
142 18
39 14
142 1
169 2
144 17
80 3
156 13
53 2
148 5
103 15
23 11
29 3
127 11
185 19
127 159
104 116
75 114
73 86
30 178
170 8
114 192
38 155
2 11
88 9
153 185
23 17
76 100
192 7
112 188
180 1
26 171
168 183
105 179
1 14
118 124
143 158
117 190
67 137
105 134
33 63
88 105
67 173
104 179
120 170
43 9
83 161
123 9
193 15
44 14
184 13
187 196
141 166
70 73
105 7
180 189
120 16
123 136
31 195
33 6
154 185
52 168
187 6
78 97
94 161
69 11
53 151
57 82
75 94
81 109
124 9
28 171
126 11
172 13
106 115
187 14
88 170
191 6
59 120
39 9
177 196
81 13
73 11
181 3
80 169
71 187
84 106
169 191
35 6
46 199
75 191
41 50
3 5
183 15
54 179
151 0
196 6
97 100
122 13
8 11
51 119
97 3
1 7
67 19
26 145
176 18
39 111
179 15
10 11
71 6
106 163
150 2
97 107
64 4
99 18
179 0
120 0
151 1
103 4
47 9
94 14
35 169
87 137
102 11
81 9
186 1
46 156
101 15
171 8
100 196
24 39
27 7
119 19
68 10
132 176
22 26
74 150
78 172
69 112
103 16
22 103
81 186
37 76
124 13
57 93
149 160
81 1
69 182
40 16
61 83
142 159
53 90
84 18
73 9
24 83
59 16
46 15
113 176
52 192
154 182
68 154
31 17
182 5
88 0
165 19
27 93
79 17
109 149
4 18
50 9
178 13
27 115
69 121
20 172
76 5
61 181
54 7
66 14
11 19
147 11
10 17
116 157
178 18
93 170
108 160
20 16
48 147
115 0
3 7
76 7
28 62
192 4
139 148
82 90
141 184
80 107
68 16
60 4
43 64
32 191
177 11
35 67
93 169
116 16
18 19
153 10
64 130
77 9
114 176
1 15
31 6
21 59
186 6
24 187
114 2
47 5
59 149
31 194
94 127
62 4
144 7
4 17
102 1
81 7
168 193
101 199
42 199
177 10
77 119
104 143
118 159
86 185
40 7
99 195
142 10
124 167
83 6
20 6
56 14
75 153
169 171
58 9
8 16
26 144
32 6
69 147
35 68
149 193
69 119
148 18
132 163
29 72
145 2
169 6
75 14
147 7
135 198
74 195
110 194
78 3
59 109
56 9
53 59
66 2
175 12
4 16
130 2
104 189
185 15
191 0
46 168
68 15
73 173
22 183
97 6
34 178
164 13
69 16
109 158
60 126
26 31
119 18
146 148
29 16
181 9
93 137
76 180
75 13
40 140
164 18
90 163
173 19
136 4
199 10
69 191
101 126
145 18
109 141
193 0
28 42
142 14
70 175
107 152
47 3
180 190
155 175
26 101
195 3
48 51
149 9
180 5
66 188
96 112
42 16
139 11
45 92
8 14
27 2
24 75
168 2
143 7
88 143
100 7
50 129
44 12
104 16
26 13
126 0
72 188
89 13
9 15
97 1
92 183
156 159
83 8
177 1
22 129
93 15
62 177
133 199
122 0
30 161
44 101
29 2
89 4
3 9
57 17
106 19
31 5
143 174
162 172
65 194
35 98
191 15
159 19
140 19
39 17
117 4
104 15
34 13
44 10
124 188
99 134
29 119
158 10
29 44
135 3
151 7
67 74
159 14
194 18
55 181
83 98
84 186
170 9
198 7
34 130
142 11
137 12
196 7
175 13
177 13
33 86
93 0
93 7
90 170
73 199
105 0
67 123
43 94
6 7
108 2
97 116
46 76
181 5
72 95
99 12
70 185
137 5
75 19
70 0
147 173
135 4
50 66
94 132
25 41
129 14
1 8
157 11
142 13
73 7
146 2
97 154
94 97
126 180
121 165
94 169
78 173
123 182
25 78
79 12
145 197
15 16
81 8
44 190
66 7
145 3
107 6
21 3
190 193
66 6
60 84
22 1
30 123
113 5
113 14
6 13
29 175
33 19
135 173
167 14
133 5
171 13
67 3
59 9
193 4
27 8
62 174
84 13
163 10
68 189
87 180
49 184
63 68
92 142
25 14
36 127
187 11
183 6
59 117
77 177
143 2
34 138
28 9
33 111
51 2
67 165
41 169
152 155
106 153
55 158
59 90
74 122
179 3
60 122
67 12
72 19
83 100
150 10
153 8
86 171
62 1
82 94
81 120
41 58
128 142
111 142
138 15
106 10
112 18
141 158
34 111
182 17
29 9
85 12
63 0
164 8
122 10
80 176
50 15
158 14
184 17
157 179
169 18
113 198
55 7
0 3
6 9
190 9
148 11
133 194
44 1
161 167
32 14
34 1
62 156
101 188
89 10
100 195
37 182
44 19
69 153
62 12
47 158
102 2
119 17
21 14
21 177
130 5
44 126
78 18
111 16
50 167
82 111
3 4
17 19
114 159
194 9
113 16
22 5
55 19
171 4
42 176
73 140
199 5
171 173
134 19
66 183
133 193
173 5
0 16
183 17
59 1
52 3
84 1
66 0
82 87
130 179
15 19
146 17
78 13
108 14
37 166
189 16
92 153
106 139
58 12
173 18
40 17
127 154
86 114
86 4
82 168
79 124
58 5
149 4
73 150
187 10
35 95
63 16
99 1
194 11
0 14
130 1
137 18
103 12
133 180
69 1
2 14
104 7
153 9
83 111
79 16
100 4
39 10
111 18
48 143
128 176
59 7
188 10
13 16
37 149
20 19
2 3
88 125
28 191
136 157
144 173
86 13
171 11
76 16
6 10
163 12
40 109
35 49
61 13
48 1
82 155
39 40
139 18
103 10
46 7
85 3
9 17
86 0
62 105
90 5
27 177
116 6
42 124
30 61
155 0
101 139
57 11
146 191
53 97
99 156
32 74
68 151
42 5
172 7
64 7
168 7
2 8
72 181
172 10
132 180
10 14
3 8
28 47
79 198
175 191
166 174
94 18
131 186
67 7
74 129
145 7
160 3
198 1
171 15
27 148
38 8
147 9
129 1
12 13
74 1
121 5
49 16
122 185
0 12
57 9
36 8
42 3
80 150
157 15
121 17
87 14
12 17
68 77
131 140
65 144
51 179
177 5
117 10
58 1
8 18
37 123
55 63
24 0
71 5
79 151
26 97
82 132
51 90
154 11
65 122
132 12
187 193
163 6
83 93
57 199
141 145
135 148
100 8
112 124
10 15
22 19
186 10
60 129
119 199
69 13
91 11
45 155
111 191
28 2
5 7
170 5
84 114
59 8
67 10
25 151
195 6
118 195
112 5
92 174
36 41
155 18
160 0
85 157
35 69
33 154
64 129
131 168
100 174
127 19
77 189
44 54
56 172
108 3
137 149
35 143
122 17
177 0
36 185
10 16
125 198
21 97
113 146
99 2
141 182
69 18
72 3
51 195
52 69
24 93
31 3
69 146
52 121
34 196
126 193
66 16
140 15
85 95
97 17
119 7
46 4
180 3
153 19
100 199
69 131
148 0
122 168
60 3
115 173
109 16
41 18
109 15
40 92
40 141
48 130
46 194
52 125
56 17
67 101
80 173
185 5
51 181
39 97
45 61
47 187
42 147
101 3
5 12
56 146
67 171
130 4
32 132
55 2
24 59
61 146
33 4
142 3
25 120
184 7
181 10
102 7
193 3
83 171
91 152
23 34
163 173
189 195
87 115
51 7
80 158
0 13
40 59
62 192
7 9
31 19
46 11
78 163
120 4
58 193
77 4
65 5
101 5
34 69
142 9
143 10
114 4
121 11
144 183
22 89
91 4
78 103
56 1
119 3
29 14
150 164
49 11
53 69
42 106
100 197
49 10
162 166
67 83
114 11
45 10
69 170
45 7
196 18
124 6
66 149
46 10
183 0
0 5
152 10
114 194
94 15
42 132
99 11
89 172
145 184
195 12
185 14
52 8
192 6
27 5
127 167
161 12
99 5
110 196
22 42
76 12
156 169
48 8
76 141
74 17
29 50
162 3
91 185
137 1
101 122
46 17
31 199
28 119
66 15
33 134
77 7
92 108
65 84
26 187
39 93
41 68
55 78
50 70
70 124
113 2
38 160
55 80
135 142
47 19
114 139
171 199
111 169
43 134
111 11
176 8
53 157
115 6
148 174
72 154
63 3
71 9
150 4
39 107
31 34
128 8
112 4
44 188
73 16
102 13
141 15
163 17
91 124
63 5
53 192
122 8
109 6
103 182
195 14
82 12
2 10
32 12
75 109
72 81
88 4
188 12
36 129
83 12
129 16
55 143
24 145
77 0
70 167
86 118
38 12
127 2
68 155
33 14
80 0
31 47
117 125
77 101
91 9
78 177
14 15
72 4
22 65
103 115
107 0
161 17
28 60
133 11
47 4
142 149
115 156
71 197
53 146
94 2
169 16
81 94
44 98
32 5
28 123
94 120
153 0
172 180
23 187
113 114
42 8
21 87
133 17
11 18
57 75
34 110
131 191
59 86
132 19
93 157
56 6
147 5
21 16
93 13
86 2
79 14
104 17
31 1
41 69
133 14
41 17
53 117
47 17
171 19
80 9
107 17
120 128
76 175
166 6
67 174
46 8
58 18
40 5
77 146
123 18
126 178
51 19
101 1
32 15
20 14
40 76
152 173
12 15
67 166
49 13
25 4
1 12
72 146
159 10
115 13
52 116
52 17
66 124
5 14
27 3
166 178
0 8
134 186
66 177
86 16
11 16
136 8
111 126
172 15
132 157
163 182
151 159
66 186
54 96
102 125
115 137
119 144
3 17
116 0
147 4
52 175
49 14
67 105
33 8
140 3
121 171
70 2
143 151
180 16
114 15
137 13
34 140
52 85
95 133
170 14
75 130
25 42
50 4
67 152
71 11
115 16
66 184
20 67
74 18
104 163
78 4
176 189
6 12
154 16
191 2
132 15
179 13
90 145
112 154
122 16
131 1
43 4
14 17
51 139
172 12
45 19
78 199
116 124
63 86
197 15
50 11
98 10
171 186
47 7
26 3
92 17
118 0
111 4
32 151
48 99
22 37
47 14
148 1
29 93
64 119
26 5
81 17
183 7
91 16
54 6
30 34
95 7
80 18
118 10
78 6
133 174
23 6
80 10
169 188
7 11
126 3
76 0
152 186
100 19
65 1
48 185
119 186
0 19
79 0
98 12
75 85
36 15
35 11
107 12
98 199
51 62
148 16
136 13
110 16
85 15
81 134
43 86
119 5
56 138
27 78
130 15
101 185
23 32
49 112
90 140
47 113
92 10
102 142
145 10
52 100
108 13
129 0
25 121
164 9
25 126
67 13
81 104
147 16
184 0
85 174
45 1
42 55
37 71
188 189
124 149
149 182
66 70
127 145
24 118
21 46
52 70
165 4
22 184
144 194
66 156
125 4
118 123
96 13
31 146
34 71
152 0
22 6
47 179
5 13
53 19
126 7
134 3
137 139
197 7
105 16
41 92
87 3
113 116
32 1
51 104
116 12
42 14
97 14
125 195
54 70
61 10
170 4
124 12
147 1
24 4
6 11
31 92
81 6
6 16
86 8
26 124
103 19
118 17
54 161
53 134
40 83
33 72
155 168
101 14
159 179
4 12
84 0
106 194
35 162
39 16
198 15
107 16
24 117
25 17
97 195
172 19
63 17
131 17
183 16
30 0
103 133
176 3
188 1
2 15
144 8
23 158
187 8
160 1
29 136
107 10
63 185
174 18
74 152
124 173
69 86
179 2
141 5
159 13
45 156
180 198
166 193
74 138
87 103
150 18
115 134
134 15
194 198
100 194
30 12
103 0
96 17
58 3
63 137
109 3
39 186
86 181
129 183
75 83
72 190
121 186
10 18
97 127
149 154
108 19
149 0
148 13
80 7
72 7
37 14
97 18
133 18
52 104
41 199
100 151
117 3
51 154
45 165
192 3
156 192
114 1
51 14
109 113
145 12
106 155
117 5
20 65
73 162
42 101
113 19
58 14
28 17
83 199
20 175
2 5
129 174
130 17
67 197
161 163
30 10
68 195
102 120
46 14
76 177
174 0
24 179
47 13
31 129
56 65
61 1
9 16
70 16
192 13
0 17
195 10
138 187
198 10
103 5
167 11
22 111
184 3
59 131
52 19
188 14
141 153
42 125
38 77
154 2
142 188
125 12
37 195
62 130
64 107
160 184
114 151
135 147
94 7
10 13
56 12
155 6
34 154
172 4
56 15
74 80
96 18
30 17
135 8
128 5
49 91
196 15
152 11
60 173
101 121
75 7
61 166
26 108
178 14
47 16
130 159
108 10
74 4
80 15
55 98
104 187
198 6
53 128
49 5
40 13
42 44
157 4
132 11
94 8
143 0
53 81
25 185
118 12
145 152
66 117
58 71
56 105
55 1
93 98
68 18
114 6
151 11
166 17
45 175
98 1
55 92
26 50
145 1
35 1
72 18
47 175
76 18
69 5
36 3
98 2
55 4
111 123
31 173
32 4
170 2
155 7
32 170
89 147
90 0
21 38
29 19
168 18
100 190
77 2
134 141
95 112
24 85
69 129
102 138
101 12
37 12
87 134
72 120
109 175
67 2
55 56
116 10
48 103
98 197
160 13
126 14
161 5
52 84
85 18
0 7
107 110
49 8
58 15
85 4
73 3
122 126
75 10
109 139
165 9
86 193
134 5
144 15
34 10
54 18
23 51
87 170
187 18
57 6
82 105
164 178
38 181
60 73
29 15
179 16
192 9
82 11
54 84
192 2
38 192
118 4
117 121
137 198
32 148
0 4
141 171
114 135
21 0
194 6
70 180
46 49
75 8
24 17
2 18
11 14
117 9
63 11
51 121
123 138
99 188
35 50
95 180
10 19
195 196
138 190
137 15
117 188
121 8
5 16
79 168
58 7
37 190
21 68
71 135
21 53
190 18
70 5
39 3
99 14
68 186
57 196
107 186
113 18
174 16
181 11
123 7
112 14
97 9
6 17
32 180
158 1
102 174
44 118
44 134
108 189
24 10
150 8
90 18
53 82
174 175
180 19
158 16
195 17
71 17
35 139
76 194
39 180
64 9
77 1
105 107
44 79
88 17
99 13
93 8
129 9
8 15
112 15
82 16
63 19
169 19
176 0
77 95
73 83
142 157
145 11
106 171
85 10
87 97
58 19
125 6
29 120
161 13
80 141
99 8
104 5
196 3
54 14
111 13
55 99
54 66
123 167
116 182
32 18
111 15
40 194
136 5
57 100
126 13
49 63
75 194
27 155
38 19
199 14
46 68
97 12
55 110
53 10
41 1
154 173
42 154
60 181
45 51
59 166
113 154
12 14
140 18
44 17
131 10
44 141
9 19
61 73
20 193
120 179
58 8
69 19
44 115
155 4
49 181
136 12
50 10
25 92
82 184
133 140
56 190
28 6
89 158
56 16
6 8
32 163
104 176
124 1
50 3
82 166
100 1
116 152
69 177
65 156
157 12
60 11
33 170
40 163
53 3
117 137
130 145
73 8
140 185
145 157
114 19
36 163
82 19
35 65
52 4
102 129
174 180
90 115
169 7
132 152
38 187
37 19
189 10
104 19
65 19
75 12
29 18
193 1
130 3
43 144
96 100
16 18
5 15
54 79
82 6
22 14
120 158
113 128
39 41
110 15
70 111
128 143
54 159
92 5
53 16
94 114
27 32
47 190
153 172
56 4
83 18
36 0
164 15
69 107
26 18
24 33
111 174
94 9
181 6
55 142
110 131
156 11
109 193
196 10
37 91
122 3
51 10
95 174
28 167
156 19
105 17
139 7
112 6
54 166
105 10
58 143
5 8
125 0
57 123
23 160
34 133
96 14
72 110
89 0
111 154
65 154
35 13
54 12
62 10
38 54
172 14
70 165
162 11
24 60
122 170
100 101
84 131
61 155
39 99
135 12
134 139
136 2
54 150
81 165
45 15
129 3
165 14
33 179
148 4
60 13
60 139
182 4
130 18
20 18
2 16
170 11
45 103
185 7
89 11
98 122
82 193
120 10
89 113
175 0
156 6
109 121
147 6
144 193
67 129
83 107
27 29
57 116
179 188
166 1
65 129
100 184
188 11
6 18
58 114
54 113
102 16
60 0
149 198
37 114
24 1
83 157
155 17
126 8
146 173
150 167
91 15
38 6
183 1
3 14
23 1
55 6
137 3
43 141
33 102
193 8
55 12
24 104
122 4
38 5
85 7
37 115
53 95
145 4
52 102
80 12
22 132
57 101
180 192
172 16
43 12
20 70
73 14
131 142
7 15
8 9
34 168
197 9
33 9
188 7
27 196
143 19
41 9
181 13
9 11
103 18
87 0
138 7
188 6
123 10
93 19
80 6
8 19
181 16
103 119
54 158
29 148
140 9
99 186
64 123
74 186
198 4
84 90
68 17
62 3
121 140
41 110
50 144
25 11
22 130
113 123
20 2
92 197
82 149
95 118
70 139
101 109
50 102
29 113
71 4
47 178
7 13
169 198
191 5
161 19
73 113
126 4
124 187
121 143
52 144
100 12
61 127
48 72
57 15
43 185
156 1
79 127
58 17
143 145
20 182
126 2
23 135
60 2
143 6
110 7
62 113
145 191
85 6
98 132
159 160
125 9
79 7
64 122
72 14
63 10
131 144
94 163
86 5
80 84
83 108
20 57
27 194
86 153
7 12
66 13
27 17
75 6
76 187
89 8
94 112
72 199
21 123
39 151
13 19
25 3
65 6
66 11
55 14
131 157
0 1
59 130
50 181
141 189
193 6
2 19
20 10
128 3
164 177
119 127
35 61
34 100
192 17
100 163
97 16
120 151
51 8
39 5
65 151
104 13
12 18
28 12
4 8
174 12
113 162
79 159
1 3
45 14
56 68
187 13
99 4
109 14
140 14
104 0
25 18
98 105
46 163
126 160
98 11
75 17
95 152
136 145
50 127
173 11
39 13
52 82
37 130
95 10
123 15
87 90
171 6
59 11
35 43
54 77
123 184
197 6
70 149
169 5
62 87
34 43
85 177
146 0
47 57
141 172
110 18
95 4
23 5
60 1
2 4
132 137
35 108
86 14
114 121
183 8
105 167
35 148
1 4
177 7
138 17
85 165
166 13
8 17
45 16
189 0
141 10
168 12
158 12
73 195
16 19
27 134
118 180
25 12
164 17
95 111
124 0
43 13
113 165
95 0
105 1
36 19
35 0
5 9
146 178
138 12
178 8
105 14
176 2
113 11
67 16
83 7
106 17
114 13
31 4
36 4
108 11
39 194
49 3
13 14
35 4
40 85
32 16
98 3
114 3
28 185
6 15
128 175
28 113
57 99
80 182
39 6
78 118
119 4
106 11
172 1
189 15
127 199
95 154
134 11
41 14
140 153
99 193
155 14
38 102
38 84
196 9
194 5
90 111
46 1
4 7
124 143
37 109
59 148
40 11
43 19
108 182
130 16
49 115
153 5
45 6
71 88
131 7
84 163
21 138
44 125
31 150
23 193
35 12
98 13
78 131
147 2
121 2
24 11
65 140
95 141
33 5
4 15
118 18
107 124
35 18
70 8
4 11
74 3
103 172
38 64
106 128
52 12
51 6
144 151
111 9
173 4
125 15
46 119
54 129
126 165
93 6
36 7
199 3
21 13
37 16
121 161
24 153
28 58
52 122
47 133
172 2
56 90
87 10
24 139
5 17
57 12
68 0
22 84
62 78
153 175
155 19
137 7
113 1
2 6
11 12
30 179
128 15
62 11
69 15
25 9
145 9
36 166
34 74
152 1
60 191
37 8
23 2
23 26
59 104
35 14
57 152
105 3
79 8
29 182
55 100
32 60
150 6
185 6
107 15
56 7
123 149
52 91
131 15
151 15
5 18
148 167
83 126
68 2
91 99
43 7
181 198
66 161
119 147
25 1
73 0
77 136
128 17
86 18
146 12
175 19
88 13
109 9
81 18
164 11
120 173
125 8
53 76
123 2
22 36
36 81
45 148
103 142
77 116
77 105
84 174
116 4
183 11
46 19
48 141
25 87
156 17
83 4
25 0
106 160
72 164
97 152
114 18
158 193
174 3
22 13
76 15
1 2
2 9
29 11
93 107
53 147
184 4
74 183
42 70
37 191
164 12
67 193
64 158
45 68
162 6
69 8
134 10
104 177
115 117
65 4
35 178
126 161
129 4
71 120
159 11
148 2
24 48
30 124
119 182
121 19
33 3
29 162
112 7
106 15
178 4
108 119
3 12
93 164
179 11
147 0
199 0
178 15
153 13
97 190
61 64
80 11
120 14
164 1
91 0
175 4
3 16
141 198
85 136
66 12
128 1
97 191
95 199
124 14
152 9
155 2
184 18
164 7
27 186
141 12
43 199
77 102
138 14
118 122
28 78
78 123
64 168
146 1
82 14
85 195
28 177
0 9
1 6
108 0
122 15
139 192
16 17
45 125
155 172
47 18
35 44
177 184
78 15
44 127
82 142
47 124
42 128
40 170
94 176
21 24
195 7
24 15
84 85
160 9
161 16
1 17
100 14
115 10
164 183
91 7
140 162
175 17
23 118
3 6
156 16
24 79
31 36
78 86
139 4
63 178
76 6
51 15
22 15
103 141
119 13
39 11
128 149
96 0
101 157
66 19
139 6
38 118
37 48
22 148
36 98
180 9
60 112
154 0
51 97
127 162
81 122
35 117
145 175
36 131
31 168
73 99
39 177
141 3
84 6
82 124
39 12
150 187
149 17
96 156
130 7
197 10
189 11
67 109
85 8
63 76
156 10
65 16
86 152
48 157
28 55
9 10
196 14
186 0
198 9
178 191
97 19
78 139
91 188
50 0
109 195
102 8
111 1
71 161
82 18
65 118
98 121
168 17
198 11
69 2
55 128
118 14
120 7
131 13
72 73
129 198
136 6
102 189
157 0
91 104
82 146
178 1
23 150
117 17
24 2
127 10
142 146
129 15
114 158
132 182
94 1
93 191
59 85
135 181
66 82
176 1
116 180
60 152
37 15
44 87
41 7
193 196
103 17
148 169
144 165
181 18
170 17
62 6
116 18
70 4
44 152
35 10
79 19
38 13
167 3
96 173
66 102
98 136
160 196
90 2
159 0
132 8
95 8
125 162
64 17
