91 13
156 17
189 2
67 7
28 14
9 19
87 137
144 2
146 9
102 120
42 6
118 12
92 152
91 174
0 15
106 18
173 6
85 12
115 0
49 10
137 2
28 16
68 19
142 164
109 166
61 15
21 37
104 121
110 17
124 181
177 15
73 13
121 185
185 12
50 146
2 13
162 14
135 13
27 17
25 11
180 1
93 8
100 113
155 7
29 139
90 0
75 134
191 10
78 189
172 6
80 14
96 5
185 2
91 4
167 17
167 4
120 18
144 9
20 58
166 13
122 15
2 6
100 190
195 15
34 0
139 194
118 2
142 19
127 187
113 3
69 1
10 19
46 71
101 0
118 11
110 14
148 159
140 7
176 4
160 15
58 17
42 17
124 137
181 14
56 81
9 12
51 14
106 150
65 4
149 3
86 1
32 16
44 5
60 8
27 8
127 162
32 9
83 16
6 12
148 12
131 13
141 9
130 7
36 0
105 6
66 18
120 9
149 194
6 15
141 152
181 8
114 0
50 154
147 1
87 107
79 17
103 1
150 6
92 181
62 16
58 60
186 15
166 14
21 8
14 17
77 3
195 4
140 10
66 1
66 13
151 2
159 4
145 17
31 7
136 153
31 99
166 19
81 110
33 19
93 180
163 5
107 143
29 14
182 14
187 18
171 195
173 16
0 14
22 189
44 51
168 7
131 18
78 115
123 9
72 4
192 2
120 15
101 186
182 15
24 3
165 177
84 113
88 12
104 18
140 164
102 5
187 3
122 2
117 8
83 11
47 143
28 17
76 16
68 190
152 178
20 17
61 9
178 6
118 0
59 10
154 16
113 13
87 8
52 7
62 108
62 12
160 183
99 13
123 7
117 176
20 105
198 13
128 16
64 10
103 15
160 161
168 10
151 11
186 18
81 9
94 5
195 1
156 15
151 185
51 18
119 127
72 177
103 14
141 8
121 3
59 15
76 158
187 12
127 18
75 11
3 6
69 140
56 7
65 133
172 2
174 3
10 11
155 1
123 18
137 177
76 1
115 7
145 0
44 16
20 168
101 17
43 179
69 18
72 101
70 9
120 13
178 8
107 15
79 6
102 172
119 125
196 15
43 12
127 8
198 3
122 13
151 10
142 16
91 177
48 1
72 1
71 14
85 189
118 15
81 1
165 4
117 14
48 19
46 17
188 0
71 104
141 3
179 0
39 118
151 9
136 6
31 199
148 8
102 14
199 0
31 2
53 153
139 143
106 185
127 19
26 41
62 15
157 13
66 12
107 160
147 8
149 164
85 107
135 5
87 198
68 12
49 18
44 6
166 6
54 5
23 197
33 13
71 2
44 17
122 16
154 1
60 1
174 0
155 6
58 195
17 18
33 136
159 2
46 13
194 17
123 1
3 17
37 138
38 11
47 97
24 0
55 86
4 15
26 1
30 44
88 127
99 9
100 7
22 1
62 4
42 147
112 8
34 178
144 8
161 6
47 17
66 15
24 113
169 2
184 4
64 15
10 15
54 98
115 11
174 14
191 18
127 15
121 8
73 6
26 9
40 152
133 18
0 9
133 3
64 3
152 17
75 136
152 18
54 155
154 171
36 7
195 2
118 7
1 16
130 0
182 17
50 5
99 6
162 185
27 12
32 2
163 184
168 14
35 15
101 12
119 3
26 12
88 3
117 2
21 4
89 133
177 8
193 8
198 9
65 187
47 12
172 186
84 8
117 1
40 107
105 16
103 122
80 126
25 198
34 12
158 4
161 14
149 6
52 18
101 5
114 8
142 189
122 199
48 18
100 0
20 15
94 135
66 133
177 16
81 85
54 8
98 189
24 110
129 6
166 7
181 10
114 12
101 11
8 12
152 176
54 173
28 109
167 3
127 197
130 13
54 129
25 99
21 2
43 49
49 0
104 3
109 19
13 14
69 8
72 164
114 9
33 154
53 14
29 8
114 4
53 15
154 170
147 16
78 9
46 102
41 5
56 4
4 8
37 81
108 16
81 16
59 4
162 16
6 10
138 1
155 159
35 159
47 2
160 10
193 6
105 130
86 2
53 136
176 195
129 5
40 69
124 2
93 0
104 2
58 150
50 90
166 16
115 134
145 16
141 19
72 16
109 8
39 16
146 13
28 6
70 148
70 17
172 10
51 12
14 18
132 17
23 14
134 185
2 3
56 16
75 5
88 11
66 126
199 18
115 140
59 176
9 11
145 1
89 95
195 16
12 19
1 11
12 18
49 82
22 9
138 10
85 187
190 5
3 19
84 12
56 10
59 3
52 173
54 9
124 0
6 8
38 128
158 13
185 4
28 173
170 10
106 5
6 17
37 8
55 7
125 9
140 11
199 19
69 17
80 5
41 0
51 105
153 176
89 0
91 6
31 19
141 4
117 6
188 15
122 0
79 12
97 10
193 197
89 19
39 40
74 118
67 178
73 3
85 3
107 0
79 14
130 8
34 6
124 12
193 12
173 3
179 14
181 196
93 3
153 15
159 165
63 163
151 1
56 132
121 18
97 157
23 120
61 13
196 9
70 10
3 8
135 150
156 8
42 163
148 6
171 184
37 48
85 15
62 5
90 19
43 93
7 8
95 17
162 2
94 6
130 6
65 178
22 2
144 14
24 18
13 15
120 2
120 0
102 114
23 10
128 148
37 79
137 7
5 17
10 13
137 169
116 18
198 16
131 2
8 19
23 97
188 12
129 2
6 9
79 8
172 5
47 78
78 4
86 165
143 1
32 14
92 8
114 13
158 10
35 90
118 184
170 6
141 5
149 17
175 11
116 7
136 1
1 10
119 4
195 9
29 189
100 6
173 18
23 17
39 190
74 165
174 7
3 16
88 15
155 8
176 187
54 111
34 10
1 5
45 11
119 8
165 7
58 12
21 192
176 184
20 46
157 1
39 8
54 142
93 19
58 16
99 4
52 3
69 10
38 6
29 17
75 174
82 19
24 13
35 196
42 12
34 125
78 155
159 166
110 2
129 161
150 19
104 11
52 178
133 16
12 15
192 13
140 19
35 9
152 11
2 10
33 94
159 7
134 3
168 181
155 4
93 1
103 6
136 16
194 3
171 6
107 192
57 83
141 7
161 17
172 9
141 165
135 2
10 12
141 195
133 2
157 15
120 14
184 6
85 6
62 1
58 2
45 193
190 19
126 8
54 17
17 19
187 13
86 12
2 19
51 13
40 13
192 198
73 0
185 8
67 15
7 11
98 117
60 14
51 55
178 179
84 14
195 10
156 5
57 62
149 0
144 12
128 17
28 4
186 7
110 3
29 2
140 4
198 12
54 6
105 13
126 13
167 183
46 3
132 6
103 10
65 164
97 1
52 4
74 151
106 15
58 170
180 2
31 3
56 152
107 163
124 9
32 0
26 84
98 13
121 2
86 0
93 136
115 129
92 115
54 10
198 0
3 10
4 19
48 12
141 187
29 15
27 0
7 14
49 119
48 58
102 6
170 7
85 2
89 96
99 176
95 132
31 160
110 19
64 117
117 124
23 5
196 6
139 7
21 146
42 3
170 5
67 87
7 18
90 11
196 3
44 14
52 93
167 13
43 11
181 16
90 131
169 1
30 17
82 17
107 1
78 3
82 0
40 4
93 7
36 53
135 149
168 2
25 103
192 0
68 86
6 16
102 13
147 14
76 84
165 16
156 9
177 12
90 130
51 141
5 6
24 25
80 83
106 0
143 14
154 12
42 125
36 15
89 5
50 130
113 15
141 1
52 1
131 191
36 11
129 10
54 196
34 43
113 1
183 10
42 7
36 47
71 93
62 77
8 16
140 14
158 17
114 15
44 76
57 19
162 12
142 11
185 6
116 17
1 7
12 17
92 15
49 16
157 12
109 14
135 0
110 111
132 5
39 1
63 4
61 16
143 194
28 90
77 106
43 180
37 67
51 6
151 15
37 84
38 13
43 65
55 3
68 2
36 14
147 176
146 14
163 0
67 8
84 0
53 61
101 126
47 18
56 109
161 16
24 4
82 1
110 4
89 8
105 3
21 75
171 19
163 17
141 15
192 17
114 163
1 2
100 9
93 171
48 123
34 143
0 6
25 105
99 17
67 85
76 146
32 108
100 11
72 2
111 137
85 10
146 10
98 19
67 173
34 15
60 4
115 18
26 163
114 2
191 196
89 161
177 13
114 131
49 135
47 8
84 153
29 34
36 3
30 80
40 8
154 2
134 188
33 56
125 10
20 4
159 162
62 14
55 8
191 17
118 14
103 16
165 1
53 76
130 14
57 152
54 0
112 1
153 10
113 8
111 194
143 17
154 179
174 19
102 176
96 162
104 132
72 14
34 1
157 193
8 14
147 13
119 143
53 87
164 3
160 179
104 1
150 18
163 193
181 17
78 1
80 17
178 9
132 11
43 161
115 14
136 13
43 80
74 140
104 17
177 2
45 153
5 14
57 63
75 138
28 15
97 181
69 144
122 14
67 109
4 16
54 11
87 133
179 12
101 147
91 18
58 11
111 8
69 13
199 16
60 11
196 5
35 104
0 3
51 11
164 9
38 58
151 14
65 9
170 190
101 138
115 118
58 6
43 14
112 7
78 7
162 19
128 163
62 3
108 17
179 4
96 4
68 124
34 3
46 188
184 14
86 14
2 7
38 1
170 8
32 1
32 168
21 13
34 83
101 18
29 11
99 10
92 7
26 8
52 10
95 190
175 3
103 9
145 157
23 156
78 5
136 3
161 4
156 160
41 15
98 7
125 12
185 15
43 101
181 9
34 68
128 9
141 6
192 6
185 18
122 174
27 51
83 110
192 9
72 144
23 51
78 194
80 99
188 10
76 17
30 3
186 9
132 12
189 6
109 180
193 16
111 13
6 13
35 106
51 0
167 9
92 5
111 18
29 157
5 19
180 7
97 16
90 15
92 145
41 7
68 153
3 9
154 10
36 2
57 147
137 191
116 12
76 196
111 6
10 14
42 198
71 1
175 4
135 14
169 6
9 18
89 16
197 6
12 13
74 17
135 7
70 165
152 5
106 122
96 142
158 3
123 162
49 94
170 17
35 152
83 13
64 105
20 6
67 17
76 129
67 3
43 13
181 199
34 75
141 14
133 151
21 97
30 190
83 184
91 129
55 10
26 140
28 13
27 11
127 10
54 148
41 17
178 19
196 2
166 5
107 14
62 6
183 14
140 13
156 1
77 17
153 8
91 114
133 9
24 153
139 2
103 17
35 3
31 12
56 139
0 19
91 17
63 14
159 1
4 14
131 156
100 128
150 15
99 3
89 12
6 18
91 190
127 5
37 164
43 91
38 0
121 12
93 194
61 5
103 18
199 13
184 19
98 10
116 120
6 14
169 170
32 17
104 117
23 100
71 9
50 7
42 11
51 178
112 17
100 17
182 16
92 19
24 91
11 13
131 0
133 0
64 113
100 164
131 9
135 156
61 102
38 183
0 1
103 19
16 18
119 17
5 18
65 139
51 107
1 13
179 10
38 199
92 99
199 15
95 8
62 11
0 12
7 13
32 19
87 1
122 11
181 18
84 18
66 102
101 2
31 4
21 40
106 153
83 181
99 16
61 1
23 193
66 4
96 12
144 1
33 12
155 178
102 0
171 10
189 16
36 40
104 4
0 13
166 4
150 182
109 182
106 17
3 4
94 7
112 11
176 6
0 5
107 13
25 12
82 6
34 16
64 12
49 17
20 19
54 15
60 6
136 138
60 3
154 8
72 73
69 7
40 16
94 9
26 85
54 195
190 15
59 106
77 13
94 19
134 9
53 9
171 7
109 172
40 3
34 14
141 10
58 105
175 15
2 14
115 123
55 122
25 5
38 18
74 11
117 4
30 4
80 0
42 15
110 7
170 177
152 1
30 16
107 4
45 12
174 13
177 9
6 11
114 17
99 125
95 1
159 3
190 18
76 9
127 130
198 17
145 10
115 175
194 9
186 191
163 167
143 9
65 17
191 2
95 5
183 6
46 83
81 0
57 12
49 19
98 4
126 10
182 19
28 151
106 4
126 4
50 198
94 17
108 195
0 2
80 112
66 134
73 17
161 2
96 13
121 189
123 146
52 142
67 164
104 12
67 10
67 168
55 125
146 11
138 4
34 7
2 9
147 0
198 8
110 6
132 10
77 4
113 176
24 8
11 12
29 58
90 174
89 11
95 147
85 104
35 10
196 7
77 15
63 3
120 8
145 3
176 0
35 8
94 3
134 1
76 13
153 14
46 11
179 2
41 1
38 19
133 15
73 2
1 19
171 16
140 5
75 168
97 17
2 5
184 17
54 18
130 1
92 11
89 6
91 16
163 181
174 6
152 195
120 4
80 7
102 8
48 15
23 19
28 129
37 17
160 185
70 8
51 17
80 118
96 130
62 13
188 13
11 17
123 192
94 187
130 156
161 13
34 9
153 162
199 1
25 6
177 3
33 174
185 3
56 178
83 9
38 17
4 5
151 17
40 11
171 9
32 185
42 80
104 174
30 6
119 13
43 3
119 6
119 139
64 16
34 138
139 3
24 76
56 131
39 19
21 55
35 50
70 14
3 12
86 117
135 9
129 7
32 176
198 4
68 171
161 11
56 63
93 14
126 137
185 17
56 18
41 184
169 181
115 3
26 27
83 15
32 10
146 2
165 11
2 15
157 176
90 198
39 15
13 19
195 3
31 1
183 2
78 85
83 19
82 13
163 1
150 10
131 196
29 18
50 14
22 5
5 11
129 19
129 14
44 13
67 1
68 8
108 19
96 14
25 8
90 100
137 14
32 126
100 130
75 109
139 142
39 12
43 125
189 18
118 8
78 151
51 4
24 15
171 5
30 8
138 16
77 0
121 161
90 178
39 0
194 12
137 16
193 14
185 11
116 10
20 0
75 17
80 18
125 16
7 17
124 8
63 19
173 5
25 110
84 9
92 93
54 4
187 17
21 118
165 174
65 10
58 160
198 7
73 162
133 1
171 2
71 13
91 137
101 3
46 190
34 164
64 13
119 7
57 13
93 16
106 196
33 15
194 11
73 94
39 5
137 9
72 3
80 187
7 9
103 7
150 1
44 12
82 91
20 130
79 85
4 10
121 11
45 122
68 5
127 14
197 19
91 143
88 152
88 6
94 185
82 18
99 14
54 133
95 11
78 119
143 153
47 16
45 15
97 102
128 7
88 7
176 18
161 8
98 110
92 139
45 19
146 7
122 137
126 135
80 2
116 15
57 2
59 103
170 13
77 6
93 117
171 11
182 13
119 5
166 8
95 7
96 143
159 9
139 19
100 3
111 154
184 5
48 157
74 155
152 8
50 76
20 13
111 10
74 16
82 161
106 14
73 157
85 186
75 118
5 8
80 6
167 6
92 109
99 1
15 19
172 0
10 18
93 13
147 19
44 174
97 9
108 5
192 14
197 0
154 11
24 147
94 15
163 19
55 99
49 8
135 179
169 15
106 129
119 9
8 13
175 17
71 15
137 8
65 83
104 13
105 0
125 6
64 8
96 187
149 12
32 8
85 13
20 10
83 96
5 12
134 17
46 12
131 16
176 7
25 0
38 49
148 11
37 59
159 12
28 7
91 8
135 17
1 3
48 189
26 5
78 14
142 7
134 14
182 3
36 10
64 178
92 10
160 9
98 8
66 14
66 16
116 19
148 10
65 1
20 65
197 14
192 11
40 5
102 146
76 7
46 9
61 77
199 7
104 116
159 15
178 7
169 11
114 195
94 16
82 3
183 15
191 8
189 17
139 16
166 172
51 3
45 50
89 117
154 13
173 8
5 10
128 12
181 188
111 153
95 4
143 182
75 18
175 10
189 8
142 8
91 14
170 14
97 11
99 11
23 9
36 101
169 17
81 137
81 3
38 12
0 10
152 3
24 6
50 10
166 18
191 198
63 5
43 9
136 10
64 19
4 12
184 10
180 6
101 169
71 3
85 4
189 0
163 8
44 3
184 3
48 68
149 189
37 197
120 5
62 85
68 18
103 8
53 1
48 4
30 183
187 11
151 0
106 13
25 9
35 147
67 6
33 8
2 8
89 125
72 19
11 15
98 108
178 17
67 92
1 18
148 4
105 12
116 5
126 0
124 3
63 0
154 14
43 6
122 4
53 19
168 3
147 17
48 14
147 7
138 18
62 8
76 19
159 14
53 18
40 66
160 163
177 19
58 19
52 14
114 132
5 13
163 190
34 155
29 9
47 19
183 7
111 0
115 130
138 11
29 6
88 1
60 2
38 112
96 17
101 9
1 15
99 2
159 5
189 5
111 144
197 9
121 178
108 10
84 87
153 9
126 3
128 19
170 18
146 12
110 5
132 184
95 19
167 192
25 164
40 10
33 11
108 1
133 4
107 170
38 15
1 9
86 13
123 5
68 150
49 6
114 3
98 6
126 7
107 8
102 4
25 18
49 2
94 11
36 64
91 122
83 122
96 141
189 3
93 12
31 122
33 3
8 15
83 10
36 96
92 4
90 4
192 16
128 18
57 6
109 6
124 162
91 2
81 8
121 13
153 0
14 19
138 8
150 185
102 12
52 12
23 16
162 7
199 14
24 9
190 16
142 12
84 140
142 14
96 16
23 3
144 19
179 11
123 10
138 9
109 2
27 47
56 13
142 13
176 14
131 14
48 11
23 64
49 1
178 14
118 17
14 15
41 64
171 13
100 168
199 12
188 2
70 11
124 14
165 13
94 115
1 8
116 186
177 4
97 8
48 7
102 185
31 90
83 168
30 179
147 158
97 0
26 18
79 10
65 121
82 165
106 148
128 10
90 151
39 3
7 16
112 5
143 7
183 11
165 0
98 16
61 18
8 10
134 0
168 12
58 9
145 18
100 18
52 97
129 12
171 17
169 5
74 0
174 4
76 5
59 5
139 174
101 4
150 13
128 8
109 7
2 11
110 9
174 18
109 5
185 14
149 5
107 3
153 160
73 18
2 12
40 17
122 128
75 1
86 194
2 16
175 5
162 6
134 12
178 13
82 2
24 1
67 4
71 188
46 136
165 197
26 6
178 16
99 180
128 15
25 19
168 19
160 195
50 13
172 11
186 197
166 1
32 115
62 131
48 13
157 0
68 189
89 13
107 5
184 1
198 18
25 7
123 13
103 198
53 7
94 12
64 161
114 7
168 175
174 8
20 76
150 168
125 18
152 7
132 199
129 17
108 13
137 142
49 173
39 7
109 199
83 8
58 5
193 7
24 5
199 17
180 15
148 15
9 10
3 15
20 192
38 85
27 122
133 10
111 122
36 113
116 6
163 7
186 11
130 15
58 18
118 149
53 17
10 17
68 96
162 4
45 170
113 4
162 5
132 152
194 6
59 7
80 4
79 18
191 9
65 14
134 5
3 13
127 13
156 14
177 14
180 3
48 144
50 9
163 16
92 168
184 185
15 17
68 13
145 148
140 141
29 5
54 162
65 2
171 3
78 172
84 15
23 2
68 162
116 3
110 8
44 160
92 17
190 193
142 15
80 134
52 92
57 3
44 10
109 9
88 18
116 192
50 2
98 104
36 13
28 137
81 14
2 4
29 19
58 4
1 6
60 0
118 13
148 0
50 138
103 185
42 8
69 6
45 0
194 4
64 4
133 160
175 195
136 2
64 17
179 191
41 18
77 192
74 133
43 167
93 9
98 149
24 14
57 91
177 11
118 16
51 104
153 3
139 195
177 1
61 7
96 6
1 4
184 196
128 2
107 198
115 9
27 81
193 5
52 8
119 183
16 17
124 15
75 14
129 1
85 122
170 15
126 12
59 18
93 2
30 1
146 16
16 19
44 190
146 182
107 16
169 171
44 11
120 19
87 5
68 192
93 5
95 16
8 11
43 10
61 8
189 12
180 14
33 7
118 3
0 18
45 16
76 11
179 13
116 0
131 11
34 61
169 18
136 174
130 12
187 4
71 5
42 94
14 16
57 8
23 62
128 3
140 12
32 190
87 9
127 9
168 196
187 1
139 6
138 175
25 154
162 8
158 12
137 4
56 191
33 99
80 12
43 151
123 17
80 13
0 16
91 9
198 6
4 9
39 2
73 125
96 1
158 6
191 12
75 9
142 0
46 1
104 15
56 5
21 14
74 10
90 12
21 15
59 12
123 173
38 137
184 12
90 7
65 15
134 18
167 14
167 8
88 16
173 7
189 10
42 110
35 176
176 17
151 13
41 6
115 2
94 10
52 19
140 171
103 177
73 10
111 150
132 1
121 6
124 11
9 14
193 11
57 105
4 17
181 19
79 1
118 10
85 18
3 7
172 15
142 2
37 117
114 10
106 1
59 170
58 106
186 13
53 145
138 13
157 11
58 3
32 59
183 4
155 2
122 8
146 19
28 0
160 12
172 173
27 128
27 94
116 9
94 14
176 1
1 14
42 16
38 7
98 178
40 2
21 155
96 18
21 100
140 15
51 5
34 108
1 17
41 13
64 156
192 15
139 12
22 15
169 19
120 133
187 16
37 12
20 16
69 198
79 112
21 9
65 8
97 14
160 19
20 18
123 8
25 15
50 19
47 5
198 10
146 6
111 16
176 188
183 18
72 117
98 162
166 10
197 2
90 16
82 11
10 16
98 11
0 7
70 6
73 76
140 8
100 10
21 24
117 19
113 11
155 3
139 153
59 19
81 12
95 12
28 70
116 14
33 4
119 168
22 11
43 7
36 5
87 173
88 192
23 71
112 10
64 14
112 155
27 19
92 2
41 9
150 17
24 17
177 6
197 12
186 10
104 185
41 55
157 18
141 2
37 145
105 9
11 19
46 8
39 189
64 179
121 151
155 169
137 5
154 7
130 179
131 8
120 163
123 19
85 174
76 191
111 181
83 2
113 0
31 11
164 8
30 5
34 4
126 6
124 1
27 145
176 16
6 19
35 1
105 15
51 70
82 12
162 167
150 2
109 4
182 1
178 10
149 155
105 14
92 13
48 150
93 121
143 18
139 9
39 70
81 2
77 19
33 129
149 8
24 65
15 18
74 3
38 14
104 14
4 7
149 16
61 136
173 10
173 12
88 2
72 12
82 135
57 4
86 18
84 13
159 19
187 5
53 4
199 9
106 8
54 136
119 0
28 18
128 6
63 1
81 18
18 19
123 158
0 11
180 0
46 140
55 84
73 83
153 196
70 1
128 158
63 66
199 8
69 16
38 9
110 11
32 70
127 16
93 195
12 16
139 17
193 1
198 15
107 19
152 188
111 5
149 7
53 11
42 9
181 13
151 18
43 94
154 9
64 7
108 185
101 7
105 7
131 19
61 0
104 0
21 119
86 136
191 4
24 89
117 3
164 19
43 8
75 19
133 14
33 0
148 150
15 16
60 70
158 11
121 17
159 190
32 15
42 138
54 12
51 92
87 13
156 6
174 17
88 130
179 1
43 19
181 3
66 19
116 177
153 4
54 137
34 2
80 196
25 33
45 8
181 11
33 134
179 7
55 16
86 6
91 98
68 130
66 168
25 10
186 12
113 7
22 128
21 63
112 197
108 2
79 7
62 81
46 4
150 8
78 100
31 5
188 6
55 9
135 18
88 8
141 16
153 6
130 11
103 129
147 9
56 144
59 65
143 5
50 0
59 6
130 157
55 166
116 166
46 2
28 10
28 190
95 14
9 16
195 11
133 189
117 10
181 12
55 0
67 11
105 147
96 170
133 8
117 5
32 90
157 9
43 0
73 11
112 19
70 19
83 0
145 155
82 170
73 124
174 16
70 4
7 10
61 10
44 117
118 138
4 13
131 4
188 17
39 133
41 10
194 16
36 9
9 17
178 4
147 15
44 15
122 18
110 16
147 4
194 15
151 175
195 7
52 17
9 13
28 9
124 17
54 16
118 9
176 15
77 14
94 2
33 39
38 171
193 19
53 13
72 7
0 4
167 18
197 7
155 19
110 13
92 9
124 7
81 168
186 16
184 2
180 19
75 169
100 13
92 3
134 4
81 19
134 7
117 195
102 2
137 13
50 11
48 104
34 18
173 15
31 6
100 2
68 180
109 15
87 16
170 2
121 15
132 197
35 44
86 151
79 158
109 0
133 7
61 14
53 8
143 172
85 103
96 11
59 17
85 9
168 11
63 195
108 196
114 5
110 140
89 4
74 2
195 6
77 16
7 15
11 14
32 120
24 132
46 15
88 103
90 6
183 19
35 0
32 13
46 135
68 9
159 17
50 6
152 15
153 13
122 191
199 4
145 5
31 16
117 9
141 13
130 155
74 138
90 10
33 10
167 1
71 10
2 18
189 1
174 11
4 11
116 148
2 17
135 10
112 4
108 9
11 18
86 19
57 5
151 4
23 6
63 16
52 99
161 3
125 0
40 12
36 16
49 9
77 86
192 4
83 4
82 192
164 11
181 0
23 4
196 0
94 170
29 13
176 3
75 15
57 16
24 163
66 10
3 14
117 154
75 7
72 146
26 11
3 5
9 15
117 11
23 7
119 14
68 185
38 5
37 9
85 0
180 16
113 123
68 148
139 8
67 9
65 18
68 16
151 8
74 123
44 191
52 15
183 16
94 148
86 15
142 18
48 3
185 5
70 149
196 12
11 16
29 38
75 158
174 10
45 154
174 192
68 7
20 199
125 126
130 2
36 19
132 18
169 13
51 180
45 3
71 17
122 182
192 7
71 6
