175 12
99 108
59 10
143 149
131 10
97 0
88 100
194 4
196 19
136 16
166 17
139 5
191 4
109 6
49 58
102 7
183 2
86 15
46 180
128 6
119 1
60 168
76 16
177 19
30 6
29 6
170 14
108 157
95 187
58 3
156 10
63 18
93 115
120 13
133 171
170 18
155 9
34 2
86 5
88 118
170 9
166 177
31 59
35 60
122 11
51 0
85 2
54 59
175 198
51 6
27 181
66 70
132 0
89 136
12 14
56 80
148 10
69 18
170 11
31 9
151 175
122 138
63 5
61 9
80 6
26 198
0 12
185 0
93 8
68 173
107 117
40 15
67 7
99 10
151 5
124 12
69 193
198 6
76 17
118 12
3 14
108 0
107 151
121 146
194 6
109 2
35 6
191 0
41 6
41 4
107 3
48 6
177 5
99 6
37 13
115 180
22 9
108 11
61 159
2 8
65 13
26 17
179 10
27 175
166 16
51 101
70 16
181 189
132 184
44 60
136 6
9 18
92 183
133 4
197 15
25 12
174 7
94 9
45 179
151 12
102 168
35 11
71 149
42 3
98 5
102 8
84 14
137 147
12 19
101 2
46 161
167 4
29 41
198 1
68 92
79 9
102 10
152 157
151 190
83 9
145 1
164 188
100 7
71 4
123 161
153 0
117 10
166 9
56 17
131 19
24 6
50 156
41 5
131 5
20 4
71 2
145 2
52 199
56 15
128 19
52 194
109 13
162 17
48 148
83 17
194 1
179 5
163 15
111 1
136 7
180 7
117 11
91 19
180 0
110 122
127 14
141 7
54 0
173 16
4 19
164 3
193 1
117 16
75 10
104 2
46 12
24 12
147 7
145 172
118 14
128 9
129 11
37 112
177 10
72 4
97 5
147 2
167 17
138 14
143 11
137 13
78 6
159 5
62 1
188 5
69 110
63 11
13 18
41 159
164 0
175 15
187 19
133 17
149 14
175 18
150 10
0 6
102 105
70 186
59 9
107 16
152 160
8 11
196 18
199 11
40 160
154 15
106 2
62 195
42 113
98 2
171 13
84 12
35 19
72 15
155 3
2 7
174 10
33 11
97 105
22 133
63 121
96 173
57 13
49 55
187 194
118 3
0 19
195 12
127 2
160 11
40 95
141 188
35 2
45 13
12 16
112 5
95 1
2 4
90 194
196 8
36 42
134 180
33 36
178 19
173 6
25 53
153 17
71 12
113 18
80 124
62 17
59 130
82 18
29 189
125 5
180 2
41 7
81 86
88 4
198 12
188 7
168 191
192 18
7 18
24 5
183 7
162 168
111 17
132 171
85 10
124 9
48 1
63 90
35 37
30 43
39 198
144 14
144 0
28 104
68 16
128 136
109 15
160 8
144 19
95 2
142 182
62 4
63 115
93 15
130 12
4 7
84 7
87 13
187 15
142 163
144 8
90 133
59 14
36 129
80 17
101 10
82 15
119 9
105 11
71 188
99 12
135 193
119 13
45 6
9 11
67 139
84 197
25 7
115 181
140 7
0 9
191 9
49 1
186 2
176 4
38 18
141 167
85 108
144 5
91 1
96 12
136 9
130 14
90 0
32 114
199 3
48 5
6 18
78 169
47 8
55 8
167 174
55 59
85 3
166 3
70 15
143 14
194 16
76 18
113 126
28 9
92 11
143 1
68 85
88 195
72 11
189 12
181 18
1 2
115 1
88 8
143 168
86 13
172 197
166 7
153 4
189 0
133 185
45 16
153 18
129 19
31 111
120 8
62 167
94 17
176 7
3 16
128 130
125 155
127 12
102 12
106 10
113 15
37 3
52 13
80 156
45 18
184 0
129 18
152 175
194 10
11 17
6 16
151 197
70 8
95 96
136 183
42 17
90 11
38 6
194 11
23 113
74 86
118 190
3 12
131 0
83 2
71 3
6 17
99 186
28 13
136 4
118 175
93 9
89 91
177 15
189 8
140 4
182 12
144 191
110 0
27 89
155 17
115 2
191 1
32 15
80 182
178 179
162 4
149 187
128 163
41 11
179 12
65 14
149 5
72 18
138 7
142 166
27 11
21 11
51 71
89 5
64 135
29 1
20 3
61 15
82 99
45 51
182 3
24 74
33 6
140 189
43 195
50 92
184 18
54 15
146 13
111 8
140 12
53 2
49 6
161 15
6 15
107 190
46 159
142 184
12 13
54 8
182 0
85 16
182 6
118 13
117 18
57 100
149 10
184 4
73 192
130 5
118 182
39 13
67 12
101 7
175 13
130 180
68 179
194 18
65 131
51 131
6 9
90 167
68 18
29 0
106 173
83 190
151 11
71 10
134 19
21 7
187 3
132 5
150 184
85 17
0 14
164 166
30 57
22 179
106 119
52 15
77 194
150 13
55 179
153 16
28 181
26 16
195 4
138 5
133 5
129 138
177 18
79 3
26 18
0 11
96 135
181 3
35 10
126 180
127 180
93 2
15 18
170 15
59 8
89 17
48 98
2 10
100 128
29 10
33 195
86 177
101 8
11 15
85 13
32 6
56 91
73 6
67 3
125 196
189 9
97 9
86 14
90 172
50 96
61 8
83 4
169 16
58 0
68 192
68 6
93 130
114 121
63 72
79 82
197 18
183 15
63 17
23 72
157 11
186 16
75 186
3 11
185 2
101 16
188 13
199 15
32 98
114 132
50 133
135 3
58 94
6 14
60 9
52 17
73 199
98 15
75 1
24 0
91 12
132 196
52 157
149 170
79 4
24 17
31 44
80 93
120 14
40 8
122 148
54 11
44 175
74 102
126 11
63 168
182 186
71 18
132 9
77 159
29 109
155 8
42 15
36 196
69 12
181 6
63 143
117 17
167 13
59 12
89 12
85 11
87 128
135 14
72 19
55 6
106 11
84 117
79 152
121 173
26 5
99 195
47 5
127 13
167 5
180 15
7 17
161 11
173 15
130 144
6 13
67 10
39 46
123 8
77 8
10 18
134 13
22 153
22 3
104 8
119 15
86 9
180 6
100 5
151 2
180 8
1 10
26 65
62 181
141 18
189 3
36 9
150 8
68 176
184 2
127 141
164 184
57 199
89 16
24 191
33 72
55 185
193 14
86 8
61 129
148 16
28 8
41 1
110 9
21 5
68 10
134 5
105 159
32 18
179 8
70 112
119 2
51 14
96 2
129 195
100 11
119 142
137 17
179 3
22 136
147 1
154 6
148 5
7 9
21 185
150 174
71 13
117 5
55 98
71 140
180 5
145 3
94 10
37 16
81 196
123 15
26 6
103 8
50 179
36 10
5 9
183 0
188 16
58 2
50 12
79 16
23 5
123 186
71 1
1 13
26 32
50 94
47 153
124 195
141 13
87 4
77 119
119 18
142 16
76 12
117 19
146 17
80 9
146 1
31 19
198 3
177 8
2 6
110 8
70 2
93 10
23 87
114 7
41 14
74 131
177 7
67 19
166 1
57 3
150 154
172 15
50 95
1 17
155 196
99 4
70 188
28 18
101 5
107 9
107 5
81 13
10 13
40 19
67 127
135 4
53 196
78 1
24 114
69 7
61 13
90 192
98 180
46 10
175 5
190 16
101 19
121 0
49 66
64 5
53 59
39 11
70 94
147 5
72 6
166 4
94 112
60 11
23 33
64 11
8 14
146 15
29 86
97 17
95 125
156 11
199 19
138 6
20 9
65 118
73 100
114 3
171 11
124 5
63 131
47 92
82 115
65 18
51 2
148 169
109 17
32 162
73 198
76 5
47 139
115 6
26 9
42 131
0 15
151 14
124 8
112 9
4 17
57 19
120 6
173 9
98 12
63 15
127 8
61 133
28 6
73 19
31 5
112 17
120 147
78 19
152 191
53 8
149 166
172 7
155 18
161 8
55 16
63 19
69 3
141 173
63 8
110 16
27 16
122 187
113 9
55 14
188 10
133 9
99 161
130 161
162 12
110 10
48 19
89 4
30 195
186 8
37 134
75 131
133 3
175 193
135 0
178 2
51 3
186 17
81 119
44 156
156 7
38 183
27 19
148 1
102 14
34 7
152 6
53 4
59 170
198 14
2 12
138 3
55 133
72 189
53 158
26 148
101 4
140 192
28 46
48 16
37 10
174 6
41 85
47 103
122 16
21 17
69 83
30 197
188 1
7 15
85 96
150 19
58 133
90 3
11 12
104 12
42 45
181 15
31 81
59 135
63 73
153 2
40 18
15 17
74 7
111 11
110 7
75 19
75 126
20 5
121 12
48 55
198 10
163 4
50 7
106 195
60 14
145 19
139 8
152 17
143 4
40 17
6 11
76 166
45 2
22 5
81 1
14 15
146 11
117 174
105 17
46 7
62 151
3 9
70 9
9 19
97 155
100 2
66 2
69 16
44 4
81 158
143 2
34 13
40 13
141 1
25 18
185 15
171 5
45 66
43 140
106 175
23 15
171 17
48 156
154 7
132 2
46 168
125 19
62 11
102 3
50 4
116 170
7 14
50 1
75 163
78 179
0 18
24 16
165 11
163 191
32 186
119 6
104 4
130 150
129 154
173 1
31 15
104 172
74 111
82 179
169 197
4 16
192 12
28 61
2 13
91 16
147 14
91 150
134 14
177 178
190 1
109 14
116 13
112 12
102 17
41 16
29 12
70 86
37 140
169 184
49 109
55 5
26 87
35 133
101 12
132 138
141 16
88 196
16 17
178 14
42 176
115 17
185 192
193 6
131 6
5 18
49 98
1 5
20 7
37 7
41 17
43 184
91 144
100 3
86 12
108 14
97 1
65 17
156 3
90 109
172 5
56 12
75 114
183 6
190 0
75 110
173 182
28 3
92 174
99 13
36 14
173 0
35 99
83 102
162 14
54 13
178 0
184 10
130 9
72 12
100 16
168 18
5 12
65 5
165 2
179 4
37 113
48 2
92 97
90 127
131 11
48 161
143 17
17 18
80 4
50 181
76 135
44 8
61 0
62 5
42 104
88 18
116 12
142 5
99 14
91 4
49 10
131 9
152 13
135 17
128 7
114 129
111 9
160 1
133 18
83 10
15 19
101 199
124 0
55 10
50 100
193 5
35 5
81 82
137 19
26 2
79 13
120 1
185 191
36 181
66 14
181 12
136 17
144 12
65 106
93 19
22 14
108 8
77 2
43 6
11 14
40 146
54 3
58 17
104 125
68 91
178 1
170 181
76 19
76 190
63 114
169 13
155 11
58 7
9 15
85 0
58 15
7 8
170 8
153 1
63 139
21 19
46 61
60 86
82 3
83 150
68 4
90 4
162 8
20 1
33 17
150 178
138 169
105 191
89 192
27 162
33 76
184 11
99 133
27 119
55 1
92 151
120 4
47 1
67 192
151 18
157 189
74 85
75 4
75 15
141 10
187 13
148 18
93 183
34 67
165 5
87 19
134 11
34 131
93 1
0 10
21 16
58 111
161 6
1 12
88 3
107 1
81 6
69 103
170 17
73 118
137 7
75 5
21 77
23 190
26 1
156 185
56 16
122 12
195 19
76 6
57 98
33 16
52 14
116 0
21 0
182 10
54 192
123 144
160 3
134 15
26 0
84 166
39 125
7 13
159 3
84 13
118 16
146 189
92 13
27 85
80 89
82 1
110 188
174 192
40 0
100 14
153 182
66 9
60 89
159 166
108 10
1 15
105 0
83 19
150 15
154 172
29 7
47 91
44 11
133 1
89 19
67 122
93 6
114 1
118 19
26 95
46 115
118 10
88 15
177 17
38 17
105 196
185 1
16 19
157 18
88 144
109 9
168 8
144 177
31 64
174 4
33 163
182 15
158 12
48 4
83 90
12 17
113 4
183 196
73 164
87 98
68 14
58 139
75 192
112 143
77 100
69 19
89 13
46 141
136 14
35 36
122 18
40 6
70 12
71 14
87 7
58 19
43 15
7 10
2 5
114 11
90 17
38 172
127 16
147 188
39 1
126 194
61 17
142 11
166 19
36 1
178 3
16 18
140 2
48 89
21 94
52 68
63 170
153 10
45 17
161 2
122 10
20 169
98 9
38 161
60 10
130 7
79 10
92 172
95 11
113 13
189 18
4 15
144 2
171 15
93 11
68 9
71 0
108 178
46 0
92 2
113 181
45 8
30 126
71 5
85 19
166 191
4 8
169 9
155 19
178 184
75 125
21 46
54 18
125 169
115 190
127 185
179 185
185 16
104 153
43 1
81 165
164 176
146 8
40 132
190 19
140 158
87 16
72 93
94 12
70 18
65 2
157 7
121 197
35 15
133 11
91 173
111 3
40 1
192 6
145 4
14 17
155 173
130 17
43 14
196 2
47 115
83 15
5 11
29 145
39 176
142 12
72 16
77 3
72 14
86 18
87 112
118 140
51 8
171 3
90 8
111 10
60 19
35 77
32 153
73 16
192 19
117 9
46 18
49 162
38 90
113 10
176 0
50 8
48 13
102 186
110 17
23 10
23 86
127 15
164 9
88 164
131 16
139 13
148 173
73 2
45 1
40 41
1 9
71 170
199 0
69 9
96 10
185 14
72 10
61 151
88 99
52 64
196 0
118 0
85 4
32 7
186 1
22 4
99 11
131 17
181 10
57 10
39 9
3 10
32 3
79 1
79 140
180 13
193 18
61 11
25 27
31 13
107 4
81 112
74 4
2 15
180 18
52 53
159 4
91 8
158 11
58 184
90 124
155 0
155 15
150 7
171 16
66 17
100 17
47 3
13 17
58 11
28 187
25 117
71 11
56 90
199 5
0 16
62 66
35 17
60 1
51 82
99 168
61 5
30 11
116 4
64 6
99 137
31 7
22 43
117 8
34 122
141 179
48 8
65 9
189 7
173 8
105 158
143 15
20 72
13 15
162 167
135 192
172 3
33 187
44 1
58 6
52 137
181 7
157 14
114 17
0 8
156 8
149 13
121 164
99 181
143 187
188 19
3 17
167 3
128 198
78 9
124 3
157 6
168 13
24 160
94 182
193 2
51 170
190 9
34 35
136 2
27 14
105 122
84 15
128 16
190 6
32 13
164 17
72 8
137 11
60 4
124 154
2 16
9 10
68 11
37 14
81 12
51 10
139 9
23 197
133 160
184 3
191 17
74 187
193 9
37 51
134 12
157 4
123 174
95 4
174 0
178 4
42 9
30 196
156 1
180 4
48 88
132 139
64 0
124 18
191 13
23 1
27 77
140 0
146 18
134 10
110 14
173 5
78 16
52 1
140 176
93 16
67 15
126 139
41 9
165 8
81 17
36 19
108 175
180 1
49 14
38 7
77 82
133 163
13 14
110 1
111 176
79 120
74 19
108 17
30 17
148 14
84 18
97 164
5 16
62 163
168 184
94 3
149 9
86 151
141 170
96 98
72 2
170 2
23 126
145 170
21 181
137 181
105 106
138 15
34 112
20 140
35 78
88 12
110 184
1 7
95 15
1 3
120 170
35 74
8 12
22 17
17 19
130 13
147 185
77 107
22 6
39 0
66 6
127 133
21 53
148 183
43 13
20 11
129 141
65 12
65 7
47 124
52 7
94 8
79 5
69 158
168 7
168 19
2 11
11 18
4 5
186 18
189 11
59 15
8 16
91 148
91 9
157 17
186 15
184 9
79 12
151 16
167 0
8 15
98 3
27 6
29 16
121 9
86 171
86 3
24 3
47 118
59 6
33 148
43 5
46 4
153 197
145 13
177 2
36 179
79 175
139 187
74 181
178 12
9 16
44 9
172 16
28 7
179 11
82 19
24 86
118 8
40 7
89 2
147 13
100 184
88 13
181 13
109 16
129 12
82 5
72 147
174 1
186 19
124 180
176 15
20 119
23 7
75 171
67 6
96 110
145 146
142 18
27 17
75 0
131 1
78 194
73 82
41 103
152 1
33 169
31 2
198 4
1 11
174 14
169 18
40 4
129 0
94 160
151 191
28 162
64 15
125 14
140 141
54 10
53 102
97 10
174 17
44 13
153 11
174 5
60 16
73 9
151 1
128 13
133 10
146 150
65 0
70 135
185 9
130 167
120 3
86 156
22 10
55 12
151 8
156 2
199 9
187 16
143 19
148 156
129 7
163 2
77 15
189 14
112 16
140 18
10 12
175 8
191 7
24 1
24 153
114 8
59 169
70 11
163 12
89 129
118 4
23 16
21 168
118 122
162 6
182 7
116 18
94 13
27 46
29 19
103 11
64 160
131 7
55 15
130 3
42 7
184 13
47 106
194 9
103 113
166 188
134 3
27 18
99 1
38 131
69 143
74 1
174 19
48 176
131 13
139 15
42 19
146 0
22 190
67 8
86 7
123 16
9 13
39 133
138 11
53 3
56 11
168 16
190 15
98 7
87 9
189 10
0 17
104 16
92 17
138 8
129 15
80 12
25 9
137 0
118 141
191 5
132 136
198 18
27 127
48 0
91 6
36 15
133 138
90 13
126 13
128 2
90 6
89 167
99 3
142 15
136 10
59 11
190 13
140 15
168 175
194 13
171 14
58 1
170 5
47 10
190 5
153 14
7 16
1 16
164 18
157 12
67 102
34 11
106 5
29 5
32 190
136 18
58 14
154 9
147 15
153 7
149 11
110 6
126 2
75 198
140 11
22 158
23 114
165 170
71 199
175 4
40 14
170 189
29 4
199 6
122 13
70 80
157 0
56 10
0 5
100 10
101 0
96 6
98 166
191 14
37 18
108 194
93 186
45 180
52 5
36 13
59 156
53 14
44 18
50 185
130 154
104 15
27 1
102 13
88 10
49 89
36 2
44 15
134 4
111 2
55 9
157 13
119 121
54 4
154 5
154 10
53 11
38 158
76 3
195 13
186 191
84 132
67 1
53 146
69 15
134 1
5 8
117 187
121 18
145 17
191 10
45 127
35 155
26 36
105 19
199 4
176 17
62 7
3 18
93 193
23 18
62 119
60 18
64 2
46 9
45 158
198 11
55 0
66 18
37 47
125 164
68 80
166 18
25 104
127 159
59 4
107 160
109 3
134 8
3 5
4 14
136 15
82 0
126 14
24 95
11 13
142 13
71 19
146 16
68 1
115 7
184 1
159 2
90 110
157 3
137 1
142 2
175 0
53 16
5 10
14 16
118 5
112 2
42 44
179 9
38 16
149 6
2 9
155 169
116 17
32 187
156 5
79 11
172 12
118 2
165 12
132 11
119 16
39 12
73 1
10 14
128 4
31 11
29 15
9 14
173 4
126 19
186 3
103 10
65 66
62 14
25 124
13 16
77 18
198 17
44 5
42 67
192 3
137 9
144 166
189 13
156 18
179 19
6 10
117 6
158 2
192 15
172 2
67 165
35 7
76 97
42 0
151 6
92 16
58 9
5 15
192 17
180 19
194 2
30 183
158 0
66 11
161 12
167 181
71 137
94 4
10 19
12 15
196 7
147 192
62 16
170 194
84 0
137 3
6 19
173 19
94 15
162 1
150 16
135 19
128 15
57 106
55 7
50 17
105 181
24 14
30 12
35 14
100 140
127 9
47 7
79 6
156 19
31 10
62 12
3 13
47 18
42 119
5 6
52 195
45 3
107 13
56 19
101 17
63 3
168 4
109 111
23 186
34 165
87 15
31 35
156 13
21 188
55 103
43 165
26 19
80 19
79 0
139 4
4 6
13 19
174 198
199 14
21 173
42 1
193 11
3 15
32 1
35 79
158 1
76 7
109 118
2 18
139 12
196 12
5 7
38 120
65 102
110 165
110 197
112 1
91 14
49 150
159 199
87 173
173 14
24 9
143 190
50 0
77 4
21 8
0 13
33 80
54 64
131 8
45 12
141 4
1 4
0 1
14 18
6 12
56 5
68 97
33 12
192 16
45 7
156 16
191 15
199 13
151 15
59 13
96 17
51 169
21 48
69 135
44 113
76 121
22 12
190 4
22 7
4 11
84 198
83 116
177 14
115 148
99 2
46 3
101 13
5 19
102 11
34 105
110 4
177 0
76 11
140 9
48 111
83 5
155 16
80 16
115 174
33 18
9 12
88 186
67 197
109 4
116 163
76 4
66 4
188 3
57 0
93 12
11 19
43 17
140 161
188 12
70 95
130 8
64 151
175 19
128 164
132 186
154 18
123 169
122 17
51 11
65 184
122 189
54 14
32 74
6 8
35 86
58 186
68 2
147 11
113 11
68 17
7 11
181 2
114 14
31 18
106 13
135 13
69 175
59 184
131 18
120 12
21 14
84 11
178 9
143 8
2 3
2 14
119 17
25 17
78 91
184 5
123 13
42 5
71 152
20 12
52 11
50 128
137 5
28 30
177 6
87 2
90 2
121 16
185 18
109 198
88 9
42 102
99 0
176 12
127 7
101 153
77 14
151 17
195 10
159 181
21 190
48 146
185 10
53 180
22 8
68 0
176 10
67 199
99 9
62 15
132 10
53 75
98 158
73 8
130 16
32 14
32 61
74 3
92 8
128 10
110 3
10 17
140 16
63 9
42 2
124 6
4 12
1 19
106 18
145 6
110 125
85 162
125 10
47 2
102 6
74 108
122 14
159 12
32 85
22 18
118 15
1 8
50 9
34 76
44 19
158 14
29 148
87 10
149 194
168 15
78 118
80 0
91 13
22 115
138 2
140 146
129 9
74 11
121 7
92 163
124 14
163 19
46 100
60 100
43 117
41 3
139 2
67 93
97 19
62 6
145 8
81 18
170 4
134 187
188 8
125 17
174 11
75 17
131 4
0 7
53 12
61 7
28 131
32 147
78 108
70 0
103 15
96 9
138 17
124 15
154 0
94 14
184 8
31 120
48 77
54 154
146 178
2 17
24 8
168 0
24 117
42 12
97 11
181 19
55 125
63 4
47 13
61 14
138 9
139 1
125 18
113 152
190 17
82 10
129 10
180 11
37 6
133 15
0 3
80 8
145 10
38 1
10 16
166 12
50 135
147 6
63 70
30 10
30 14
108 197
138 1
132 150
157 8
100 156
56 59
20 113
195 1
164 15
34 53
191 11
87 187
86 19
48 18
134 2
177 1
79 147
176 19
60 85
138 12
190 11
73 112
36 149
59 81
102 19
102 9
85 7
161 4
134 185
55 84
172 10
102 4
103 136
162 15
8 19
43 180
151 184
29 8
69 8
165 14
0 2
189 1
29 9
183 5
5 17
20 111
32 10
143 3
0 4
85 12
4 13
65 15
119 133
9 17
53 120
47 17
129 192
127 10
121 5
60 114
74 180
61 16
144 17
177 4
121 17
75 8
113 191
135 1
24 7
8 10
10 11
128 159
127 181
133 12
159 6
8 9
97 14
193 0
97 128
49 11
46 14
148 8
122 142
73 14
102 2
116 1
81 178
129 134
115 12
1 6
128 190
93 14
113 19
159 17
164 1
122 6
148 172
79 8
186 4
178 15
105 8
86 163
28 4
158 15
40 70
63 144
125 134
122 0
77 1
24 56
103 188
101 128
169 4
40 5
49 128
181 8
160 0
72 7
25 4
198 5
121 3
35 16
66 8
161 18
56 0
67 18
166 13
62 9
94 19
45 96
33 15
102 185
46 8
154 199
190 14
86 6
23 88
112 156
35 110
30 16
129 2
137 8
77 84
112 147
42 18
98 18
21 3
3 4
156 181
26 66
70 168
29 181
71 17
145 15
154 8
7 19
24 90
105 3
51 4
85 6
81 8
172 8
38 3
74 16
57 7
11 16
192 1
39 51
171 10
27 3
23 0
111 117
107 15
172 0
160 13
62 10
78 144
49 8
192 4
185 7
20 0
193 13
62 0
109 126
73 108
60 3
130 18
1 14
60 144
30 1
143 5
98 6
171 19
120 7
45 195
98 17
47 16
79 2
188 11
154 1
32 2
66 19
163 18
114 155
23 45
157 2
136 12
104 111
40 55
190 18
73 141
146 19
74 17
169 12
28 52
44 74
74 158
172 198
23 176
116 195
96 18
34 54
61 4
174 18
55 11
151 19
27 15
174 16
41 2
68 7
28 100
166 171
78 2
22 2
152 15
92 18
37 50
106 134
43 133
54 1
26 7
56 2
112 3
176 2
141 17
87 17
3 19
29 50
81 16
28 2
148 187
182 14
159 180
48 126
119 166
61 176
30 164
166 175
93 117
165 0
137 15
185 19
40 64
50 126
162 10
42 125
134 137
159 8
87 3
92 0
4 10
99 8
161 175
66 3
179 2
96 1
196 6
2 19
56 192
94 164
101 9
156 15
70 183
78 17
29 150
34 3
97 172
47 9
112 18
64 185
117 0
146 14
120 5
167 19
119 14
40 191
152 14
176 8
33 183
173 3
52 16
173 174
132 16
68 177
80 173
42 10
131 135
160 191
61 62
151 157
114 4
8 13
45 4
160 19
167 2
106 0
34 8
73 5
175 184
15 16
87 154
27 4
104 11
37 19
134 6
44 160
68 194
181 16
172 17
72 0
22 0
43 19
25 6
46 1
60 12
39 6
71 190
116 2
136 1
126 17
167 175
82 102
116 179
1 18
41 69
64 7
21 12
35 13
78 18
64 12
89 8
5 13
24 18
22 13
124 145
48 14
91 3
116 11
8 18
166 2
65 11
128 14
130 10
93 4
20 14
33 3
3 6
182 17
95 0
84 1
185 8
25 150
38 14
74 94
191 6
165 6
149 3
36 16
120 2
30 117
80 152
30 104
116 16
133 0
199 12
55 3
31 84
25 188
122 5
121 14
157 1
149 0
25 70
164 11
198 0
27 141
92 3
33 5
100 13
146 2
109 146
129 3
97 4
187 5
146 7
101 187
20 18
65 1
51 18
66 99
3 8
117 159
170 3
58 8
166 11
79 159
55 2
3 7
171 0
195 16
198 16
47 11
52 19
28 11
183 3
