38 7
48 129
197 15
32 121
78 19
131 146
58 174
84 6
76 197
25 115
186 188
88 124
93 169
124 7
38 180
154 177
59 145
112 0
108 13
1 19
169 188
24 4
33 162
172 3
173 15
35 152
189 10
9 14
88 91
101 193
152 16
110 178
22 98
176 19
4 17
96 112
105 1
114 14
68 116
14 16
40 4
138 154
193 7
92 2
45 75
76 189
126 2
51 174
191 1
31 104
66 191
56 155
127 11
94 101
168 14
66 1
90 7
80 19
84 179
193 11
34 53
126 160
168 17
145 7
31 171
140 3
44 92
179 13
166 4
59 0
53 18
56 74
63 10
25 4
49 190
111 10
192 6
65 3
50 148
184 13
38 190
44 153
54 75
182 13
137 6
72 99
195 4
159 10
122 8
137 0
141 14
70 107
21 173
152 177
2 19
52 15
186 14
65 91
172 11
136 11
47 196
14 19
62 168
40 167
111 188
53 103
174 16
42 6
67 77
65 7
174 8
97 192
22 28
79 129
134 186
49 0
47 185
29 136
25 185
119 184
32 11
151 9
77 13
64 116
20 14
113 3
118 13
179 2
75 8
96 3
132 167
34 78
66 190
115 192
125 8
125 1
180 0
53 182
151 7
33 125
23 1
98 9
42 154
89 2
41 2
187 17
105 187
61 112
75 3
28 133
110 16
107 166
29 126
184 19
105 8
91 92
148 0
101 168
32 162
64 10
153 170
64 0
50 71
127 0
46 109
94 178
87 153
74 2
57 180
96 13
32 10
142 5
83 138
76 103
22 9
95 131
38 135
169 190
46 139
95 8
161 5
141 18
178 3
34 48
61 151
193 19
103 11
4 5
86 164
133 1
121 169
60 187
61 137
21 53
65 126
53 14
97 4
103 142
102 104
42 142
41 110
28 7
187 6
17 18
67 151
30 181
45 16
87 9
97 160
25 11
7 13
32 17
5 7
24 75
109 5
35 173
44 13
24 8
52 16
138 3
24 135
152 4
26 98
75 89
85 186
62 131
69 3
85 122
164 187
111 132
66 15
21 12
0 2
55 14
111 9
128 190
57 13
50 70
41 136
40 111
61 197
107 152
195 11
75 134
32 131
70 179
4 6
164 6
40 107
45 6
108 10
89 181
71 12
174 0
107 12
187 1
43 168
122 11
28 179
57 115
131 11
70 76
147 3
128 9
25 8
80 181
87 128
105 199
79 8
87 126
104 17
70 126
26 181
173 13
81 91
51 136
126 135
131 9
178 6
166 172
54 82
10 15
42 161
190 19
39 12
152 161
44 78
163 189
181 185
114 3
119 169
40 11
63 3
72 91
71 92
51 191
40 146
89 17
120 124
117 153
131 18
97 2
193 0
29 128
64 130
63 156
47 125
95 102
130 166
0 6
69 8
42 117
161 193
79 3
144 187
36 11
78 189
136 0
32 1
24 142
78 10
95 112
175 12
40 180
33 55
70 85
28 53
29 97
83 97
118 194
132 133
38 92
53 0
115 7
34 61
34 14
118 15
153 178
153 7
96 19
66 92
15 18
61 103
137 189
87 10
93 19
173 11
4 7
4 9
71 14
128 144
177 11
20 1
156 12
24 154
140 1
193 13
115 16
44 3
102 172
8 19
112 6
51 14
199 18
40 196
36 127
123 14
95 14
132 17
76 179
176 198
23 81
119 152
137 19
134 6
167 9
25 190
86 196
73 2
136 6
171 196
98 4
159 11
142 19
114 186
93 183
147 7
48 134
79 116
23 166
133 18
121 149
12 14
127 172
168 1
71 3
123 1
71 121
117 159
82 115
137 145
25 14
98 182
37 9
77 8
185 0
113 117
105 141
76 13
121 9
130 2
109 12
153 191
121 3
135 9
79 168
35 58
124 143
93 11
164 0
83 6
111 182
110 177
142 9
107 10
80 1
121 141
103 2
84 102
199 11
153 189
26 10
28 13
37 41
164 14
107 129
99 178
138 180
138 14
58 5
32 13
65 141
75 16
8 15
99 16
22 106
103 15
1 12
139 156
57 138
186 13
56 144
37 198
191 6
147 14
68 144
188 12
162 188
64 3
60 142
1 2
53 9
3 18
48 160
130 5
124 169
163 16
163 6
177 179
114 12
70 109
169 19
109 9
149 6
156 18
191 15
64 6
60 5
44 65
43 113
62 121
68 4
69 171
114 180
102 8
31 19
157 14
183 19
70 18
27 5
81 136
61 17
21 146
159 19
13 14
65 135
81 157
150 12
111 196
0 14
80 12
45 13
71 19
31 15
134 4
88 96
105 14
135 174
118 127
3 12
76 7
39 143
91 130
33 35
41 82
83 99
48 16
37 85
23 189
42 179
30 11
43 182
170 172
125 145
74 83
51 145
5 11
151 6
196 12
5 9
83 192
86 8
8 9
29 53
142 144
73 123
98 130
155 181
158 164
127 6
1 18
111 6
56 68
55 7
42 4
143 174
129 0
112 135
157 175
146 19
91 18
57 76
26 173
76 4
62 167
73 132
40 149
36 12
137 141
49 10
135 145
119 17
65 13
35 37
12 18
57 173
0 18
22 18
36 119
34 114
47 6
52 150
143 3
167 168
91 179
34 132
161 7
87 11
140 15
34 103
44 53
85 149
82 141
1 13
129 196
87 192
55 12
46 9
28 142
149 187
189 7
40 9
92 149
109 126
82 92
53 61
133 134
7 16
148 9
155 19
44 0
56 111
52 8
94 157
24 92
130 19
48 185
60 127
143 4
31 0
26 114
60 17
151 3
187 197
125 5
63 165
35 2
161 18
123 153
120 134
55 83
56 152
144 160
89 151
60 176
158 11
42 118
43 4
91 115
56 3
93 112
43 197
22 123
93 10
172 184
36 175
136 2
55 11
141 15
170 18
36 91
24 33
36 125
62 144
128 132
44 183
30 19
77 11
94 113
9 11
92 19
141 16
34 13
145 164
22 17
41 73
31 182
95 162
88 199
5 10
46 5
140 175
134 151
89 8
55 6
151 194
54 18
62 2
31 147
26 19
50 56
124 10
134 154
72 138
125 188
140 18
199 0
193 6
120 156
24 151
97 8
24 70
112 167
101 161
73 183
99 175
43 17
39 97
61 192
116 117
146 5
22 142
40 3
33 145
128 136
162 10
57 95
36 105
24 162
192 13
28 167
133 199
139 18
48 161
75 5
42 153
53 63
52 145
75 154
154 13
32 55
199 13
82 11
43 69
99 11
1 8
35 103
155 178
36 114
186 6
34 46
58 16
189 14
171 0
89 99
45 174
51 130
93 4
52 178
120 149
129 9
79 125
84 8
41 106
21 15
107 151
98 5
65 1
33 68
139 17
185 6
30 140
70 165
99 8
175 9
50 163
35 87
50 110
187 16
107 142
131 154
41 6
28 107
56 15
109 147
106 18
157 3
77 167
86 198
148 15
7 19
194 7
156 171
58 124
30 60
118 122
25 99
10 19
29 98
124 144
26 128
73 19
122 135
66 7
101 175
50 17
158 175
57 188
135 17
156 3
74 7
10 13
46 52
63 187
31 14
53 161
115 8
122 15
77 144
45 188
74 19
35 6
193 18
184 18
24 117
99 17
8 17
152 199
144 16
170 10
91 17
22 170
40 188
83 0
77 3
172 2
128 1
93 109
111 144
59 179
39 79
152 5
39 173
94 16
66 168
94 103
43 19
96 14
57 16
90 126
116 15
61 90
1 16
145 9
57 182
85 12
193 16
74 196
98 16
100 14
68 13
20 3
135 15
142 17
114 173
30 147
93 12
59 63
71 18
138 7
169 184
86 16
185 4
171 9
109 0
78 116
36 163
38 103
94 10
31 123
117 7
52 10
7 8
31 128
125 9
158 2
57 153
83 10
91 8
91 125
117 2
127 12
190 12
147 171
127 3
97 5
6 18
140 146
127 162
190 10
44 79
60 138
33 195
68 1
73 4
120 18
61 13
82 14
44 120
30 2
109 19
128 195
82 199
47 3
42 93
60 12
69 19
60 145
175 14
86 12
40 176
40 2
164 4
33 84
151 1
65 168
78 164
32 153
47 75
124 0
27 8
52 13
74 5
69 7
30 176
197 16
109 114
72 101
134 182
52 118
53 117
169 9
45 79
133 194
181 3
132 175
159 9
62 11
39 1
116 0
21 109
1 4
96 109
20 5
45 15
33 136
81 7
121 6
22 97
82 173
101 7
25 194
88 19
67 14
43 193
71 78
61 70
89 156
38 198
126 15
59 116
70 1
156 179
136 12
48 17
7 10
84 13
96 6
88 18
188 3
178 192
84 137
43 3
154 166
42 13
130 17
61 102
179 194
26 9
78 162
99 2
97 121
194 6
21 135
135 12
12 16
63 2
182 6
98 1
27 15
90 12
36 18
184 4
112 18
27 13
74 137
131 12
96 197
165 5
40 110
132 5
120 2
83 16
21 5
115 137
23 59
97 112
124 179
117 161
31 6
99 143
89 149
59 198
49 171
124 12
33 72
8 12
117 182
2 7
183 1
31 7
177 4
61 87
92 12
90 174
122 123
27 137
81 132
199 12
154 167
7 18
106 177
166 17
150 4
74 0
69 170
86 0
54 6
53 11
100 198
105 164
12 15
137 17
68 92
65 15
24 89
128 130
149 2
29 139
105 12
49 130
169 6
106 0
108 4
59 92
30 18
69 1
183 3
178 11
30 80
96 12
138 2
44 59
144 14
105 142
145 16
135 10
89 3
199 9
14 18
97 197
96 2
103 119
25 89
51 85
172 8
36 52
154 157
116 1
183 0
146 1
34 49
164 8
28 44
167 2
68 16
38 8
129 13
134 162
98 0
160 9
185 15
163 15
5 12
52 5
109 178
135 1
76 108
30 12
3 11
123 12
69 9
198 14
39 190
146 195
73 176
167 6
46 148
74 117
67 6
90 8
121 4
37 18
87 2
38 18
81 4
95 16
56 69
66 2
26 72
43 131
48 1
69 6
106 122
165 178
114 16
35 8
73 11
36 191
61 16
126 188
71 1
45 88
79 165
142 174
57 6
44 18
73 14
61 106
110 0
114 7
151 18
5 15
98 151
143 19
26 36
64 122
182 191
58 160
165 166
154 7
174 193
84 10
0 3
69 105
175 193
110 1
61 14
190 14
134 168
59 1
167 7
49 15
55 15
36 123
95 147
74 11
28 128
66 197
22 36
49 152
157 16
85 1
111 159
129 146
72 9
130 7
94 114
27 43
136 141
85 167
20 89
25 184
194 1
33 192
47 80
197 17
41 149
138 5
102 194
39 3
139 9
34 192
150 14
84 7
62 114
46 1
116 190
65 75
119 12
199 19
109 157
59 14
93 7
31 34
91 159
51 189
93 161
75 0
26 37
87 189
3 17
194 13
23 89
185 9
150 15
0 11
122 1
124 14
68 3
197 13
51 103
12 17
40 50
33 137
161 175
47 96
79 5
72 1
96 17
174 7
33 153
137 166
33 9
84 183
121 18
67 198
132 14
51 16
191 9
48 180
93 15
134 7
10 12
103 18
28 29
93 114
168 8
9 13
27 32
142 167
107 19
43 12
105 118
182 9
68 8
70 4
151 8
96 11
110 18
50 9
62 169
82 118
55 180
31 115
30 184
198 12
70 88
56 14
62 136
148 18
28 143
90 117
4 12
76 89
37 110
43 102
115 3
112 171
164 10
101 0
180 11
4 15
0 10
153 12
166 14
21 8
44 2
34 99
162 6
197 4
106 4
31 5
56 132
153 185
155 18
124 18
174 199
49 112
51 18
174 18
35 16
77 160
103 19
57 107
53 17
7 15
95 0
25 10
185 19
100 12
141 1
39 5
164 12
23 9
128 4
112 153
35 195
183 14
129 14
141 9
56 186
112 8
173 12
7 11
73 1
161 4
35 10
89 16
116 165
99 173
188 16
180 12
5 13
57 183
84 157
40 6
127 145
193 9
52 79
182 4
144 158
163 7
43 127
29 36
87 157
114 13
56 9
60 189
35 90
104 105
83 3
50 90
134 142
41 8
71 139
178 17
66 86
158 15
102 129
77 14
41 184
137 194
136 13
77 9
53 12
177 178
41 56
63 81
53 113
30 1
188 14
153 13
122 0
60 4
183 9
64 192
97 138
41 19
60 164
138 19
155 158
65 6
37 80
41 5
98 18
22 3
35 168
37 47
75 11
36 90
68 12
188 11
93 1
62 150
152 3
38 95
141 4
142 10
75 152
133 173
121 1
35 125
190 3
108 0
68 121
198 19
104 157
102 108
80 0
46 147
32 158
177 187
26 18
45 51
186 19
159 170
143 153
157 4
176 3
181 11
157 168
107 8
45 190
196 16
112 193
81 3
180 1
42 132
149 195
78 108
94 13
102 189
132 3
81 171
63 89
112 186
27 10
195 1
42 105
88 14
31 106
35 11
147 12
95 182
2 18
67 10
90 1
182 198
108 3
1 5
126 187
156 9
47 129
49 148
154 0
28 37
167 19
166 7
3 8
45 87
72 6
109 10
123 198
180 8
64 15
163 9
181 17
160 11
11 19
43 13
57 81
98 15
23 7
145 11
22 37
63 193
102 191
66 181
41 100
171 6
139 171
66 121
70 125
36 14
99 180
144 13
53 186
4 13
105 113
47 104
181 14
113 12
53 72
34 199
22 182
127 15
162 4
120 0
152 163
154 15
111 148
53 4
106 9
86 98
179 196
101 12
14 15
146 6
141 3
109 150
108 19
24 163
43 60
163 170
26 76
28 87
138 6
55 177
148 11
9 16
110 11
131 135
158 180
81 1
185 14
90 3
79 18
55 155
145 185
105 19
115 14
42 8
127 159
54 108
80 13
24 12
155 15
90 14
160 162
100 132
108 12
52 74
67 74
55 9
137 4
96 186
104 122
8 13
20 65
47 16
80 17
156 0
3 4
36 37
158 181
47 128
129 199
47 17
43 9
30 170
70 93
52 116
96 132
37 76
124 135
82 184
186 2
63 128
130 170
102 178
145 0
112 17
74 89
92 1
82 124
76 88
132 199
192 2
156 195
192 12
28 4
12 19
133 10
45 182
99 100
85 11
158 14
175 176
178 0
89 97
74 15
34 90
171 18
171 10
159 14
47 197
40 15
89 5
71 11
3 14
70 6
78 170
75 122
102 152
39 13
123 130
68 9
20 78
175 18
36 157
107 16
87 169
90 6
46 117
76 195
77 2
101 194
44 17
104 0
1 7
115 191
64 7
96 1
35 157
82 3
56 5
40 197
129 168
110 4
22 81
30 93
66 14
31 85
126 17
27 14
141 179
142 147
149 160
33 126
159 13
33 197
71 10
137 5
102 3
113 199
41 154
61 72
122 189
70 170
158 12
30 72
0 16
48 3
118 8
56 86
26 17
104 129
152 13
9 12
58 67
134 143
50 180
117 18
67 178
53 81
11 18
145 17
79 15
46 8
77 15
130 151
47 159
151 17
90 13
86 131
160 164
30 55
140 179
34 157
112 10
131 2
106 197
169 11
175 15
112 137
199 7
60 6
115 2
154 6
87 4
99 106
8 18
49 4
164 16
51 112
80 188
74 1
91 1
97 1
58 142
91 0
28 164
29 102
49 155
146 12
77 1
114 0
53 116
66 101
33 116
21 99
112 191
37 45
167 3
31 173
112 142
63 180
83 15
49 74
2 14
60 19
36 5
28 19
94 118
56 16
44 113
55 10
61 133
111 8
21 16
35 1
120 10
52 107
36 128
103 148
113 114
77 18
59 6
148 13
94 198
94 102
13 17
94 197
36 133
67 191
77 157
63 146
185 7
122 3
126 198
35 130
29 90
91 7
11 17
88 128
47 19
166 18
150 151
75 106
177 16
44 114
89 134
22 68
135 19
26 112
187 190
29 13
116 13
44 15
148 150
99 161
125 129
77 173
26 155
98 188
109 4
63 130
106 113
40 190
126 9
127 186
122 149
14 17
68 17
151 157
22 13
2 15
133 8
49 5
127 10
130 6
40 19
154 168
122 144
71 115
54 5
114 195
194 4
56 167
125 4
67 119
118 185
79 118
105 194
198 11
87 13
158 168
45 137
170 196
3 13
60 9
151 196
56 116
61 135
36 164
125 2
116 12
59 157
55 16
170 17
100 185
80 197
85 190
140 162
74 148
48 15
62 187
69 18
36 63
117 8
165 14
126 7
197 2
6 19
22 52
165 15
32 104
104 145
93 3
127 176
31 17
65 185
43 187
58 72
91 171
39 40
29 5
73 179
55 5
156 13
47 7
116 19
42 97
79 84
10 18
62 13
171 14
6 8
122 138
117 162
134 5
77 153
88 110
0 19
179 18
25 13
48 83
113 17
104 190
136 9
158 6
135 6
127 2
48 194
115 4
59 13
86 11
25 79
36 17
49 164
144 19
66 0
88 177
0 9
192 18
38 137
83 87
55 115
117 9
92 17
95 3
117 3
118 157
72 87
78 168
72 110
107 5
77 189
30 8
120 17
184 10
166 180
30 31
123 165
1 17
56 184
99 104
148 8
3 16
123 19
174 11
115 148
84 166
136 157
167 198
132 0
58 8
176 5
147 6
132 18
183 4
60 161
57 19
57 1
121 195
176 10
90 177
135 0
85 90
167 4
131 138
157 18
22 150
155 16
83 132
147 190
58 9
54 7
90 96
155 189
71 15
108 17
15 19
144 199
74 144
42 0
132 16
56 18
101 13
63 67
21 14
80 124
47 11
106 10
147 5
187 14
141 12
7 12
152 0
96 189
34 150
30 13
51 117
66 16
46 143
87 186
96 120
39 72
194 5
81 114
135 11
168 13
47 93
129 1
39 65
155 17
91 157
123 10
166 5
67 122
39 188
82 19
140 188
37 8
92 0
41 15
126 146
33 17
101 11
70 2
157 167
137 7
21 13
13 18
119 167
128 19
4 10
146 170
41 190
115 186
152 14
95 115
156 7
1 3
50 0
184 6
34 10
142 8
137 144
43 98
94 7
99 12
159 179
89 10
58 14
41 0
48 193
29 66
155 9
124 145
28 116
136 10
76 85
154 14
102 197
199 15
87 17
90 0
53 102
39 2
54 3
172 4
81 88
61 156
146 0
129 179
29 65
76 11
63 163
52 198
59 16
41 173
150 9
101 16
57 199
28 11
198 10
162 179
84 165
63 149
92 107
76 138
189 2
3 10
173 17
84 89
149 179
139 148
144 189
22 164
89 11
122 158
80 95
23 184
152 188
20 67
51 178
110 17
1 14
112 192
24 13
50 139
34 65
38 14
9 17
192 16
35 172
152 162
0 7
84 194
146 191
146 18
51 7
46 192
107 193
151 173
58 15
155 12
22 96
93 178
42 124
46 10
42 11
26 2
147 13
59 188
183 5
85 19
131 13
82 16
176 0
29 131
43 47
134 140
131 8
131 16
21 35
169 186
57 8
28 3
57 123
46 82
67 111
74 94
41 63
106 5
183 193
53 131
159 174
85 3
55 1
140 19
27 37
54 151
2 6
63 15
10 14
140 13
81 9
78 12
27 75
32 176
62 178
186 16
62 4
110 12
62 182
55 19
122 17
104 153
2 5
28 85
59 11
118 17
6 7
0 13
54 17
85 114
115 128
42 156
35 145
26 62
109 130
172 13
32 130
146 17
122 4
156 6
117 5
41 85
20 101
49 2
166 198
85 10
87 119
45 198
43 110
38 51
106 3
26 4
138 4
2 13
74 6
89 0
57 15
110 9
83 98
111 1
46 6
60 0
115 1
167 184
78 18
109 110
102 19
166 6
178 19
83 193
36 48
48 178
163 171
173 6
42 84
186 15
70 3
187 15
1 11
134 8
101 134
51 67
198 17
108 179
168 4
40 17
29 9
84 1
123 7
2 10
22 118
53 122
74 194
67 109
171 4
130 4
28 82
56 82
22 76
37 2
87 151
46 175
192 11
90 132
143 15
32 0
86 15
72 16
26 5
98 152
98 17
180 9
31 92
162 16
137 197
70 86
50 188
172 12
176 6
1 15
33 179
78 14
25 19
87 19
84 109
103 9
53 3
135 7
55 88
99 14
84 176
68 19
130 0
140 193
50 5
60 16
112 1
37 15
97 13
88 115
58 18
95 6
192 197
57 10
59 189
73 81
141 143
27 12
99 114
59 150
5 17
86 165
159 183
37 10
160 0
26 56
3 5
141 150
172 188
100 16
103 6
38 113
151 16
171 12
72 90
61 18
6 13
171 8
152 12
189 9
179 19
86 87
61 104
143 2
85 7
54 19
139 1
24 159
9 15
119 1
180 199
168 10
13 16
39 159
87 97
135 8
101 174
3 15
60 132
78 15
8 14
65 193
72 187
38 89
178 15
140 14
153 5
67 162
26 11
176 7
185 8
161 196
141 19
70 103
87 18
36 61
33 4
161 15
61 3
58 1
128 11
161 16
56 169
39 88
145 197
174 10
112 162
134 16
67 99
53 7
25 173
29 130
38 13
0 5
62 99
61 10
152 2
121 19
186 4
68 147
61 9
157 11
149 14
53 70
108 122
156 170
50 112
27 0
117 129
50 6
55 81
172 17
103 0
113 9
35 40
191 17
51 89
100 177
146 161
183 16
90 114
111 137
185 18
75 15
96 183
192 0
99 153
196 3
92 111
170 8
32 82
38 19
29 32
118 12
169 15
31 185
74 8
114 17
62 9
34 6
92 191
4 19
27 194
96 7
57 101
144 12
36 185
64 149
162 18
103 8
67 139
142 2
158 10
47 5
88 160
182 8
127 155
136 14
102 11
87 14
128 172
170 14
70 9
46 140
10 16
89 13
85 126
188 7
22 126
24 171
20 68
184 189
146 4
83 141
43 8
4 14
94 98
20 6
20 48
163 19
34 69
50 4
119 128
33 8
37 42
116 158
196 15
194 15
48 171
8 10
189 17
98 138
80 16
61 189
189 13
5 19
5 18
117 4
86 88
45 4
119 143
45 152
33 19
85 133
35 50
71 155
89 117
98 11
131 182
186 17
128 18
199 2
104 8
80 142
20 128
118 7
62 10
23 16
99 152
76 191
143 155
51 13
186 199
67 147
85 8
152 19
99 7
165 2
121 168
193 3
4 11
47 166
153 1
76 187
31 138
129 10
167 194
4 8
135 2
199 3
7 17
81 131
44 8
40 185
68 14
42 17
23 193
147 2
27 154
191 13
104 15
35 142
56 95
107 140
64 12
40 51
140 17
37 11
147 17
123 5
77 4
63 76
49 127
168 0
187 3
2 4
144 8
114 1
64 158
37 19
57 168
199 14
186 3
195 3
76 121
150 0
32 64
57 17
32 175
57 167
132 160
63 129
37 69
49 14
28 18
22 114
41 17
126 13
133 184
61 105
46 189
33 5
78 134
97 110
83 166
54 121
68 10
56 175
93 2
73 7
61 15
115 11
110 156
72 166
160 12
175 178
86 3
187 9
170 12
80 192
69 15
132 8
123 184
39 66
62 126
107 0
194 12
104 10
146 193
148 158
125 140
15 16
32 6
151 4
26 145
20 82
53 163
54 173
109 186
90 10
26 120
49 7
106 19
46 93
107 18
106 162
131 3
30 75
76 153
6 11
113 8
69 12
93 105
108 18
103 185
181 13
121 140
76 12
24 133
43 46
134 194
20 153
127 190
5 14
126 180
141 161
91 138
112 2
174 4
158 5
133 159
101 8
39 18
160 6
28 95
42 1
48 13
126 5
160 7
40 8
169 7
59 81
31 11
107 9
75 160
83 170
149 16
132 15
101 172
57 136
128 5
149 3
13 15
101 145
129 175
76 9
21 182
86 187
140 176
58 13
42 165
27 172
182 0
115 15
11 15
55 105
77 104
143 6
72 169
2 8
67 2
20 17
179 16
5 6
103 154
181 9
22 42
61 185
117 164
56 151
175 19
24 167
65 153
70 12
43 139
147 186
149 4
102 185
196 10
138 1
34 104
78 6
160 1
51 150
37 53
127 187
167 14
88 16
62 1
62 162
10 17
27 113
127 8
191 198
42 109
162 176
45 5
130 137
187 199
92 104
126 6
109 128
37 173
198 15
37 135
119 19
184 197
80 87
28 152
22 101
108 143
41 67
104 193
158 18
95 13
28 111
76 190
125 19
139 12
151 5
148 3
119 168
53 169
136 143
65 123
100 15
52 19
98 19
191 12
65 154
77 0
22 48
39 6
82 169
97 103
24 100
116 10
64 16
154 183
57 147
9 19
180 10
52 7
158 9
25 110
123 17
31 175
137 12
79 10
183 17
191 0
94 160
81 13
97 134
114 11
56 12
104 172
122 174
136 17
50 1
69 14
31 113
69 164
30 59
13 19
104 11
30 198
69 192
172 18
194 17
65 112
62 0
133 17
134 2
134 1
30 5
129 185
63 13
188 13
77 183
72 144
87 156
93 159
78 3
40 13
94 8
28 0
51 53
56 10
29 111
26 141
53 170
23 169
112 180
51 1
97 6
155 7
152 176
95 2
48 7
61 181
56 11
160 168
168 19
32 4
118 0
172 1
62 15
76 18
89 144
178 13
67 127
137 3
170 4
11 12
45 57
28 17
139 11
31 54
20 26
81 195
21 105
63 113
94 171
35 95
21 82
70 190
24 2
113 122
182 14
91 13
69 137
24 11
57 118
26 179
65 4
42 102
76 90
179 7
27 34
0 8
127 19
42 56
88 7
62 97
54 107
21 83
147 8
64 146
108 116
54 158
3 19
56 6
86 9
131 15
105 15
178 188
140 142
60 108
41 1
104 176
153 19
161 3
174 2
157 169
128 12
118 182
191 18
46 17
153 196
166 15
27 165
43 140
50 58
121 177
21 130
22 15
168 9
151 192
94 181
114 4
107 159
30 197
172 5
67 15
24 15
61 143
193 5
96 195
34 4
47 107
29 19
28 100
10 11
25 88
38 134
99 102
145 2
180 7
110 199
71 188
109 2
121 11
16 17
88 142
3 7
59 140
126 18
147 16
21 164
60 184
49 103
40 5
51 119
2 12
33 156
83 160
126 174
150 8
77 196
50 8
186 0
92 128
104 192
77 187
100 110
2 17
47 163
69 16
35 77
38 12
135 175
142 175
40 154
69 17
91 129
32 90
59 19
50 133
36 2
85 199
7 14
65 11
0 4
35 128
26 160
37 52
179 8
181 12
143 193
22 140
118 2
37 86
29 0
81 188
132 150
34 95
180 17
36 169
184 188
60 10
26 1
78 141
95 5
79 108
39 115
44 5
142 170
103 128
139 14
45 48
111 146
166 16
41 18
97 140
81 15
73 3
90 16
111 3
144 152
28 112
170 3
72 3
76 84
124 3
113 143
39 10
48 4
53 137
96 193
182 2
191 4
172 0
132 19
71 134
168 176
58 17
37 88
161 166
32 37
41 11
69 97
21 57
99 10
144 1
120 16
187 188
140 6
30 84
46 71
143 14
117 12
110 147
170 1
81 18
40 99
127 167
107 13
83 9
72 19
42 3
64 91
70 14
53 142
88 126
136 175
80 155
83 11
198 3
131 145
86 194
23 182
172 15
34 43
149 15
5 16
113 13
82 12
44 4
128 15
26 6
189 4
144 148
29 15
78 145
31 69
36 190
28 84
145 170
65 136
64 17
80 15
66 129
66 12
46 179
161 0
11 13
121 2
51 2
154 191
27 92
27 56
61 5
43 161
86 19
105 143
74 4
63 5
38 6
149 17
116 17
73 97
95 124
175 181
120 12
56 13
137 161
67 149
73 196
111 2
131 148
66 180
87 15
91 174
21 193
158 165
27 189
38 160
36 15
35 51
194 18
157 2
6 9
163 12
54 15
109 125
2 3
88 161
90 186
92 98
66 85
116 175
106 135
178 199
190 0
191 11
103 10
166 189
97 7
67 174
36 9
195 0
66 75
23 115
23 11
80 10
149 19
59 65
193 17
127 16
79 83
59 185
185 1
36 6
122 163
121 7
180 3
116 7
75 77
54 16
96 166
42 14
175 5
25 16
2 9
23 78
50 10
92 180
81 12
183 190
121 145
96 172
54 14
132 165
70 136
193 1
108 8
165 11
192 5
38 85
95 177
7 9
85 0
147 4
145 159
75 101
62 194
60 152
135 18
156 168
99 6
55 168
158 7
103 191
25 178
30 17
51 87
54 89
128 192
46 183
143 10
157 178
64 140
45 85
91 9
31 149
63 11
164 19
116 140
123 3
46 83
133 7
133 0
140 173
80 81
46 90
101 190
85 188
38 17
102 174
59 167
162 11
116 171
43 14
92 4
52 3
17 19
60 13
30 182
95 17
197 3
91 189
163 13
142 166
144 180
6 17
113 149
58 97
159 17
179 3
141 163
131 6
39 132
80 9
70 17
33 130
175 7
39 15
20 137
69 166
189 1
137 138
84 152
46 173
146 8
84 18
54 9
91 104
136 5
24 172
31 186
152 197
0 12
58 167
46 2
52 81
132 10
118 9
76 142
108 2
164 3
169 183
168 5
38 10
61 195
106 13
69 175
8 11
120 11
82 6
35 9
123 16
67 100
117 6
168 16
31 168
88 181
105 122
101 196
6 16
83 85
41 98
115 123
103 136
41 192
90 137
109 136
124 15
113 186
103 7
68 76
92 175
79 192
118 152
68 196
98 179
146 7
72 171
15 17
50 18
113 150
145 14
21 178
55 123
127 17
150 1
23 114
45 195
104 6
72 128
195 5
51 126
101 138
191 16
198 9
75 128
73 5
160 3
132 7
168 197
142 150
73 98
78 109
107 17
112 14
119 178
184 14
36 79
167 15
34 15
12 13
26 111
185 13
137 152
198 2
80 7
100 163
112 7
63 127
24 6
27 30
131 180
165 6
110 154
92 8
53 5
35 69
77 192
187 11
26 188
117 150
4 16
71 9
101 163
27 6
139 193
94 17
139 170
67 8
44 11
188 2
29 162
6 12
22 194
67 1
139 2
126 4
36 173
38 9
102 188
107 112
47 118
196 6
79 150
171 3
69 168
184 199
48 51
177 15
158 1
37 0
66 10
193 2
121 8
56 94
72 15
67 170
59 68
42 19
137 181
78 0
159 8
35 169
76 19
125 6
190 17
144 4
146 13
64 141
21 7
107 136
98 184
99 4
39 44
31 157
153 4
