35 3
32 50
83 6
94 186
33 105
73 130
69 153
55 163
69 16
65 95
35 77
95 5
147 172
20 145
139 3
163 11
73 104
118 8
53 124
39 158
188 194
36 189
141 148
82 11
117 8
58 124
123 12
129 147
59 111
113 126
36 17
193 11
5 19
120 10
15 18
81 100
169 171
121 164
153 11
77 19
185 3
31 150
66 183
46 105
25 84
140 19
112 191
141 191
41 168
140 0
164 178
112 5
178 12
99 129
33 100
29 38
119 180
69 109
56 184
0 4
45 48
55 1
33 15
104 135
50 16
46 1
36 6
83 14
54 16
58 99
20 14
25 0
141 4
129 9
8 15
31 139
23 109
55 18
197 11
123 125
37 98
143 7
45 3
136 4
63 118
137 12
44 9
33 7
81 10
4 17
51 111
20 18
47 79
160 164
33 10
129 176
108 111
116 9
4 6
158 5
96 182
31 88
48 19
77 14
8 17
170 10
186 9
57 83
80 94
69 17
47 73
43 15
33 81
126 16
95 137
131 160
40 89
44 11
103 10
194 16
32 133
31 8
108 147
174 11
53 57
54 185
72 9
48 84
98 19
8 18
43 92
45 130
39 106
46 136
83 13
113 168
65 19
43 181
128 157
105 173
93 11
147 196
159 16
81 2
122 172
54 55
39 1
152 15
124 150
56 148
88 115
35 5
95 102
67 10
10 15
140 6
101 123
187 8
62 19
113 5
162 2
120 9
144 9
166 6
49 15
148 6
32 12
101 140
123 2
70 15
109 13
3 10
64 19
139 10
38 88
65 139
45 60
127 183
136 11
157 169
99 197
76 172
195 2
127 185
20 123
44 5
110 7
96 199
75 8
136 166
143 12
20 45
70 7
175 8
196 17
153 8
13 16
62 10
55 91
155 14
87 103
108 7
100 196
169 9
141 7
104 13
70 19
52 17
93 113
129 14
33 41
36 12
94 129
45 5
56 88
129 187
66 134
87 137
143 190
83 105
196 2
6 16
90 188
87 0
44 73
41 14
143 8
54 131
125 138
190 1
84 11
106 14
126 141
93 116
86 0
160 3
21 151
46 168
187 10
188 3
104 14
135 147
27 9
61 95
34 137
106 123
192 18
23 76
140 180
165 7
108 159
68 116
118 6
158 15
29 107
111 13
76 3
70 148
91 183
41 85
157 12
20 178
3 9
105 116
159 3
52 19
105 3
24 8
68 132
103 1
5 15
170 16
68 191
10 17
108 148
69 12
25 116
161 184
41 199
33 5
9 18
52 127
30 47
81 171
85 185
133 18
54 7
58 86
105 194
120 199
143 2
185 15
190 16
139 2
91 7
116 180
48 126
164 6
28 108
166 5
48 111
100 102
40 148
20 63
57 10
55 129
72 116
75 14
133 14
142 187
42 10
194 9
179 15
176 4
150 11
112 186
153 18
103 194
71 124
73 195
79 15
32 16
24 94
70 0
136 0
110 199
129 183
106 16
44 14
27 186
99 115
111 169
74 197
174 7
24 74
124 191
123 19
49 6
120 0
33 115
105 7
2 10
129 16
146 184
97 17
70 1
2 17
44 16
158 185
168 170
174 195
85 14
4 11
24 53
77 112
27 121
122 143
171 17
101 14
151 8
173 1
91 18
60 92
7 14
103 19
59 10
194 6
23 12
79 80
23 50
91 134
98 164
165 4
107 170
60 5
34 98
47 151
164 3
26 46
83 19
21 149
172 12
51 86
42 176
1 13
20 47
34 50
103 18
173 14
69 73
190 19
164 181
120 182
72 132
134 187
126 13
35 19
62 98
28 70
99 118
176 2
55 191
63 189
96 154
172 194
171 18
141 14
55 146
90 4
162 164
15 19
90 13
81 113
26 172
83 12
92 95
140 147
2 3
142 169
185 19
6 8
111 156
104 198
140 4
5 13
89 100
11 15
57 148
149 0
71 85
116 16
66 153
158 14
134 0
150 188
20 188
57 5
133 149
167 7
29 17
98 117
86 13
26 10
126 4
63 4
36 4
23 5
127 14
64 9
133 3
114 166
156 2
136 3
72 11
115 123
95 184
40 9
89 115
79 19
29 197
33 63
197 16
27 168
24 145
35 44
193 7
92 2
29 14
142 0
76 147
28 12
0 2
114 15
48 63
161 170
146 4
141 159
20 25
20 89
34 4
54 111
41 56
73 173
22 58
86 7
100 105
133 171
147 169
3 5
94 8
132 3
126 164
10 18
30 16
65 17
55 95
142 152
68 8
122 16
127 191
108 6
150 198
198 12
56 128
70 82
149 11
199 18
1 18
53 8
146 5
138 0
70 14
59 103
57 195
150 6
1 8
21 2
41 175
61 7
26 39
177 1
29 87
190 12
109 154
103 128
7 12
76 92
153 166
177 2
35 102
37 5
142 9
186 0
55 15
23 179
101 19
157 14
45 12
76 14
77 192
144 147
82 17
28 114
136 168
74 17
194 198
158 2
106 13
130 12
55 10
70 130
41 9
80 10
123 168
177 194
116 151
64 65
161 188
117 15
102 161
52 110
103 16
36 86
62 71
0 3
155 3
83 198
159 174
112 142
48 140
103 17
48 9
82 131
59 139
75 187
175 18
66 18
31 156
66 101
64 5
22 19
89 7
132 18
34 57
68 100
140 16
62 166
131 144
174 0
27 90
105 132
23 96
112 4
198 18
35 78
57 9
9 19
92 114
117 184
121 158
196 12
131 15
93 15
41 189
79 0
89 126
49 109
101 106
106 17
21 99
99 126
189 6
102 17
1 19
38 68
124 173
68 83
20 99
175 12
161 2
195 13
57 175
69 7
53 137
42 174
147 189
132 155
1 14
60 179
59 17
143 6
77 162
80 5
49 116
139 14
78 117
65 132
85 2
68 2
123 15
52 15
97 187
56 164
167 16
86 90
191 8
139 8
24 142
99 106
142 10
195 3
30 18
152 18
164 183
138 181
61 86
120 162
79 100
25 2
50 164
161 18
170 1
117 6
142 5
128 189
26 8
67 163
155 192
1 7
21 23
149 3
63 13
42 69
84 164
110 173
87 197
80 127
123 172
78 98
139 192
193 14
191 11
38 66
63 196
74 103
118 11
96 189
64 125
171 195
178 5
82 184
56 151
42 4
91 14
56 5
78 169
37 102
183 0
2 6
40 1
121 18
87 165
108 9
72 117
35 119
82 0
48 159
144 185
146 2
47 110
22 7
48 146
52 103
94 185
192 7
59 137
2 5
36 112
135 0
187 16
110 111
0 12
4 7
103 4
192 198
159 7
84 100
79 105
151 161
97 132
92 146
74 12
124 11
22 162
22 152
49 125
28 87
197 10
8 10
49 19
49 85
196 16
152 8
102 13
107 1
194 11
57 129
35 15
118 7
128 6
44 7
33 71
152 13
75 2
133 16
140 18
128 14
2 7
55 126
57 167
154 8
80 11
155 12
48 166
143 1
28 43
161 8
168 3
135 197
107 114
44 1
159 19
22 128
31 7
86 11
46 8
40 182
64 95
122 18
29 194
100 165
87 11
51 12
191 18
98 15
23 46
10 16
115 176
24 171
181 6
29 7
178 197
27 117
52 10
146 17
23 0
87 121
141 3
35 126
33 189
97 106
110 163
2 9
116 161
39 99
57 15
136 145
49 146
53 63
195 196
100 151
53 98
83 92
64 10
78 10
122 177
40 8
72 6
153 164
154 5
27 177
184 9
148 4
82 114
40 164
183 1
66 77
38 18
154 3
30 8
52 2
119 184
39 51
99 119
87 144
57 6
122 126
23 158
57 185
21 8
142 4
101 18
170 18
197 6
77 90
24 86
43 10
46 15
59 1
49 1
11 16
109 127
72 18
133 13
3 14
56 8
0 17
42 7
112 141
1 9
184 18
188 8
111 17
177 19
151 14
42 3
87 167
81 15
5 12
132 176
60 18
92 0
40 4
28 135
91 167
77 99
66 70
97 18
57 184
192 2
132 6
68 128
94 181
27 163
57 11
40 3
148 2
188 7
37 80
51 181
0 7
191 14
136 17
69 126
157 6
46 150
118 176
41 96
43 6
80 4
116 186
86 5
98 2
40 2
5 18
47 18
58 8
132 194
83 15
159 18
71 191
21 19
84 137
102 19
162 1
128 4
30 152
73 14
3 11
47 116
53 134
154 17
34 65
38 181
34 185
40 53
0 6
188 195
37 105
53 191
152 12
136 10
41 46
107 7
185 6
96 6
28 10
134 19
182 11
26 11
198 13
76 12
75 9
139 162
48 54
77 7
159 17
134 9
86 124
117 159
61 148
76 187
45 17
111 4
64 123
168 2
92 193
37 197
73 196
75 169
79 1
92 169
51 13
149 6
27 129
130 145
184 14
185 8
71 131
68 154
173 11
59 145
134 3
148 167
64 17
62 2
45 179
177 10
21 120
16 18
58 84
98 163
102 18
148 10
34 172
36 144
35 121
112 19
42 122
95 160
63 82
31 71
168 186
67 1
85 121
35 1
63 179
37 151
62 3
21 56
71 13
195 197
172 180
149 16
36 145
177 6
71 185
31 12
55 19
110 6
58 128
161 190
22 80
61 1
43 102
48 190
188 14
87 164
143 192
36 110
102 169
145 151
148 168
39 48
82 86
190 9
109 17
118 193
84 134
136 9
88 155
56 114
101 196
35 60
44 115
62 64
63 9
131 173
49 133
126 12
138 168
88 138
84 19
124 4
35 190
31 18
100 164
50 11
117 5
0 18
88 3
53 16
80 178
87 96
94 17
154 157
148 12
94 149
51 17
88 146
88 7
105 18
4 15
134 152
138 19
60 1
37 11
189 5
128 168
103 11
115 10
71 99
23 168
163 6
101 182
87 6
97 12
21 33
24 82
98 179
49 104
34 2
125 19
87 102
169 8
22 68
64 7
160 5
53 79
6 19
186 12
23 136
143 10
45 137
199 12
32 17
197 12
190 17
121 168
66 158
100 5
158 3
88 167
92 116
83 151
100 13
161 7
62 124
73 16
197 5
54 78
24 18
87 18
24 19
130 154
90 2
131 180
48 7
131 185
36 148
93 7
138 4
53 106
59 125
163 7
184 2
197 0
95 126
86 2
90 7
6 9
40 16
57 120
197 8
96 3
51 98
153 10
75 132
175 13
183 10
39 13
100 0
44 116
187 2
72 115
121 0
182 188
52 150
169 15
69 11
113 9
115 146
187 18
85 100
45 155
161 198
49 127
112 135
67 112
85 184
20 117
155 18
156 165
12 13
50 177
105 4
85 0
70 131
76 152
186 15
73 91
155 17
118 132
150 170
57 78
112 1
23 1
168 9
95 140
79 6
133 170
143 17
76 193
155 191
163 2
67 159
62 13
53 188
114 9
153 156
0 10
59 7
107 121
58 0
110 148
90 8
97 15
175 16
27 114
142 165
97 99
79 7
118 134
77 13
123 146
24 65
72 0
176 9
42 99
60 11
15 16
99 6
51 4
79 190
186 3
65 80
14 17
43 188
185 187
170 6
41 126
84 6
25 38
37 15
63 17
195 12
77 0
20 17
77 128
30 10
105 139
126 11
183 15
84 127
168 19
89 13
67 123
31 124
175 15
151 16
171 15
64 2
152 9
123 4
38 190
126 15
151 5
90 3
133 198
53 120
59 122
29 40
101 138
47 136
125 2
46 134
143 3
101 137
51 103
37 68
88 184
159 10
71 8
149 18
145 166
182 5
145 7
3 4
195 11
187 11
4 18
64 76
76 103
93 18
66 166
118 2
21 1
29 56
162 15
70 80
108 19
108 110
147 17
38 13
4 8
193 15
10 19
187 195
131 14
190 7
55 73
9 16
113 114
93 12
50 1
92 5
43 135
42 8
38 165
132 1
56 115
57 102
195 7
132 136
7 10
54 155
85 111
124 127
36 14
158 16
101 111
169 10
64 8
109 19
70 86
113 14
166 3
149 12
161 6
98 3
58 155
138 6
76 123
147 7
91 106
81 16
28 193
94 12
165 193
53 11
77 190
43 3
42 191
79 194
72 5
114 4
58 108
21 34
60 115
26 183
124 18
128 133
144 0
68 77
72 130
32 140
112 118
160 18
50 4
116 7
99 144
30 136
25 10
168 0
57 169
46 3
89 3
94 5
49 51
5 8
117 3
96 7
22 9
193 8
25 155
158 159
56 81
6 11
179 2
43 13
171 177
49 16
192 5
132 10
167 2
139 168
125 175
120 136
120 18
115 18
11 12
180 14
91 10
6 12
126 168
54 153
154 15
163 8
42 182
140 3
164 15
155 10
125 137
99 19
88 97
65 149
82 149
179 11
118 120
70 16
38 7
89 146
101 113
93 6
146 185
44 58
175 6
62 18
22 11
110 126
9 15
103 5
122 6
59 0
48 171
46 0
65 172
167 5
189 199
34 125
134 8
148 7
24 115
196 4
60 70
128 2
121 14
142 3
45 19
108 13
122 12
9 10
72 161
86 113
72 190
58 15
135 9
101 167
57 82
59 166
146 9
140 9
21 14
179 5
23 10
61 103
74 8
37 10
138 13
38 74
164 182
90 128
59 98
180 9
141 173
38 97
90 178
101 144
20 19
113 138
73 11
25 195
80 183
65 11
21 32
105 9
83 2
40 7
180 19
26 89
90 111
111 18
32 195
21 4
100 3
105 183
76 108
75 131
129 160
107 19
149 10
143 11
1 12
28 14
178 2
131 13
160 175
58 107
49 81
193 6
20 46
80 2
188 17
116 178
90 0
81 11
43 117
154 13
101 5
179 6
134 7
116 17
54 162
166 16
28 66
85 5
145 9
107 8
34 3
127 3
53 81
131 6
144 17
100 147
80 9
49 8
135 142
36 133
174 12
177 14
107 146
77 139
59 19
119 15
120 19
7 16
151 10
160 7
146 152
64 148
22 120
47 131
194 10
115 198
136 160
43 191
99 153
20 12
24 3
86 6
101 192
118 5
53 10
49 11
80 19
94 10
181 14
146 179
44 17
48 11
10 13
105 0
49 101
158 168
10 11
105 184
23 49
147 1
100 191
129 175
160 8
170 3
31 144
43 141
114 143
67 4
78 8
92 110
110 10
67 73
87 9
140 188
35 61
9 14
143 146
48 79
86 109
72 19
87 16
184 3
34 9
74 108
199 9
100 111
143 16
51 10
50 0
97 0
33 0
176 0
95 181
124 133
119 128
107 196
41 115
122 133
52 141
63 141
63 167
126 155
148 185
2 11
3 15
8 12
116 13
44 161
116 4
129 2
71 189
56 2
147 15
189 17
170 8
112 9
43 182
63 178
99 4
138 2
84 18
141 184
20 193
153 5
84 113
126 135
56 189
45 6
43 82
106 129
72 129
189 1
86 4
144 167
46 12
174 10
61 130
129 17
76 6
157 161
26 38
85 18
181 4
187 15
162 195
60 13
71 6
36 63
32 114
81 13
24 55
174 5
5 14
60 114
137 15
115 130
72 93
112 17
35 9
38 4
70 183
76 9
178 16
69 9
27 33
24 48
31 143
176 15
190 194
130 5
165 8
5 7
8 19
119 196
60 93
73 167
67 175
28 29
37 89
34 171
68 18
59 190
1 17
136 181
56 122
127 16
68 167
198 16
24 1
77 18
17 18
162 11
99 156
3 16
102 12
155 6
52 4
25 13
20 76
23 77
139 197
74 9
47 122
57 130
23 15
110 119
63 74
3 17
102 1
136 139
96 11
21 6
39 61
127 18
43 168
135 191
82 19
185 4
92 183
143 14
161 185
109 2
86 9
130 19
47 114
90 6
21 160
112 129
197 9
100 8
114 129
33 9
91 0
78 172
137 170
89 12
39 168
52 113
64 79
73 15
49 12
118 123
46 62
187 6
25 19
38 49
57 16
47 77
56 14
72 164
135 10
174 193
34 10
126 193
30 110
27 171
65 137
99 110
99 112
39 10
80 12
75 7
30 17
184 6
109 10
65 18
45 11
24 79
111 6
30 6
27 125
96 1
104 9
49 153
31 131
111 137
161 16
38 0
71 14
136 2
20 31
37 138
59 158
24 17
67 190
26 123
137 163
37 106
36 8
106 2
57 99
41 120
104 196
7 9
81 1
35 114
102 185
62 172
85 156
39 12
28 182
171 0
113 140
179 184
123 136
131 19
49 187
59 90
145 1
63 153
138 16
4 9
26 138
68 6
11 14
113 193
53 7
135 163
100 2
100 4
59 13
23 197
114 19
30 162
94 2
79 12
109 160
110 136
37 179
58 1
157 1
66 127
149 14
196 6
37 137
59 8
74 173
189 18
65 2
145 180
193 13
117 136
175 14
97 190
176 6
152 3
68 17
26 156
73 6
168 11
74 1
13 17
188 2
22 90
142 151
27 196
170 15
166 1
153 193
39 154
37 87
94 172
165 1
45 54
76 131
49 120
11 18
40 18
171 1
75 80
20 148
107 14
20 33
84 10
1 6
109 6
43 2
113 120
108 168
150 9
55 113
49 79
24 9
87 195
117 0
152 17
118 3
61 6
183 2
70 103
22 14
75 12
85 195
149 174
28 19
150 168
104 153
110 197
125 10
99 128
72 131
130 10
44 19
77 125
33 153
67 157
39 5
0 11
73 178
25 1
184 16
127 2
164 4
117 138
115 16
23 198
103 0
133 191
56 15
52 18
32 175
176 181
64 185
47 13
189 0
30 1
85 19
185 14
131 16
128 151
25 3
45 52
97 146
30 31
156 158
21 16
40 199
146 14
83 1
94 4
57 19
122 9
141 11
118 4
84 138
60 121
114 137
108 18
199 10
89 17
92 151
80 14
110 144
73 152
167 170
41 1
78 95
16 17
107 117
86 10
51 150
71 2
169 3
166 11
165 186
9 13
78 2
100 162
84 8
100 156
119 192
35 17
44 6
136 175
156 12
36 2
166 175
12 15
152 0
107 134
93 13
34 94
59 15
43 0
60 199
164 1
74 13
50 118
17 19
121 135
45 183
56 90
133 6
55 4
160 12
156 19
190 15
82 13
5 11
54 11
24 141
115 118
49 144
23 128
100 170
162 0
84 3
0 5
50 139
80 7
145 174
169 14
5 9
148 19
50 58
28 7
43 18
126 165
103 14
104 160
21 102
165 166
15 17
57 128
42 80
120 167
35 7
137 194
28 167
72 183
56 195
78 85
25 8
46 187
29 3
23 90
164 173
63 67
136 16
144 5
24 12
87 90
137 191
151 19
52 173
11 13
26 2
194 8
37 76
16 19
142 11
48 6
5 6
140 162
45 16
142 8
22 2
120 133
34 40
62 191
4 16
89 172
46 102
24 32
181 1
59 170
120 5
125 13
64 90
82 8
49 7
49 118
93 164
150 19
86 14
159 5
31 14
108 132
46 9
66 3
91 2
113 17
6 10
111 19
123 8
51 195
102 184
189 13
157 18
22 177
185 192
125 198
85 102
45 7
64 12
43 126
78 18
144 181
41 138
39 16
38 15
109 4
67 3
36 96
151 17
36 1
132 199
148 178
0 15
72 188
132 4
98 116
166 172
20 77
38 87
124 17
154 198
136 5
26 60
179 17
166 10
122 146
87 4
145 162
60 2
59 14
34 11
6 18
78 6
33 152
13 19
108 0
129 12
131 4
117 177
21 109
48 10
129 192
0 13
102 113
39 15
71 9
72 178
142 17
176 1
27 1
42 6
119 9
51 5
0 1
191 3
72 192
23 191
189 4
191 16
40 13
142 7
152 2
7 19
131 10
35 186
195 6
97 157
81 164
137 10
8 14
41 135
97 7
57 2
177 9
126 18
69 178
89 9
41 109
48 1
95 16
116 0
88 13
26 53
62 163
88 145
130 13
107 2
82 152
103 9
94 128
95 4
192 15
146 15
21 47
160 15
3 19
69 6
66 67
91 8
34 86
87 2
123 0
144 15
87 149
10 14
62 175
151 163
22 124
85 197
77 12
3 18
57 63
136 6
79 10
137 181
121 159
101 7
75 16
102 5
88 171
81 93
40 113
43 194
37 2
113 1
1 5
122 19
106 165
144 11
74 4
35 4
135 8
28 5
55 8
111 14
182 6
135 183
137 14
3 7
22 115
77 181
20 88
197 19
164 169
84 110
50 175
56 16
48 8
150 17
32 63
101 3
106 4
75 4
162 18
102 15
170 2
21 48
97 11
67 167
62 9
83 179
24 60
76 125
26 169
9 12
129 139
28 67
88 135
127 150
38 69
54 127
79 4
26 9
31 81
98 100
1 10
58 6
81 17
41 10
186 16
60 156
46 2
22 126
77 105
101 102
194 14
37 53
53 78
41 53
48 17
72 1
85 16
36 103
3 12
177 193
144 7
52 130
24 6
2 16
33 2
114 16
57 18
37 16
1 4
142 159
181 17
133 147
56 19
50 78
99 0
157 16
82 5
99 10
70 171
29 64
163 3
14 16
147 195
44 194
66 11
44 51
184 0
61 113
140 17
112 8
98 11
116 190
141 157
93 188
54 106
126 2
87 89
83 86
30 42
110 186
131 9
150 8
58 180
96 14
53 3
65 5
117 139
39 0
97 1
81 108
129 174
99 15
32 197
137 190
35 36
34 103
107 4
67 14
39 173
37 156
171 9
162 7
76 18
61 137
152 190
47 163
102 104
153 181
91 16
27 183
197 15
118 12
75 185
156 197
108 137
84 173
66 2
108 199
89 193
108 157
154 178
21 60
117 146
107 110
46 139
64 165
89 8
62 15
47 76
38 130
97 2
117 178
104 12
180 0
125 155
61 129
36 9
33 175
81 5
126 167
128 129
36 113
187 12
183 14
159 13
117 122
124 153
152 5
2 18
172 183
0 16
28 58
38 1
29 104
86 199
198 10
60 154
71 1
55 185
179 9
179 14
122 191
120 14
94 7
90 187
174 1
138 11
54 1
109 11
153 9
69 172
38 3
55 168
161 189
142 173
77 164
43 137
135 166
114 171
47 2
192 12
112 173
155 5
23 9
166 176
56 99
35 40
88 122
110 125
95 14
49 114
188 19
51 197
23 2
10 12
22 12
184 19
73 148
31 4
56 192
74 123
166 12
52 6
42 19
142 192
88 8
106 190
28 18
76 161
185 0
138 15
156 11
165 188
51 121
74 182
22 99
44 8
198 2
25 150
159 175
134 174
105 182
81 14
143 199
47 0
11 19
139 165
30 7
143 5
21 147
109 14
85 1
176 10
2 13
79 112
47 156
124 2
172 15
171 6
131 2
114 13
101 6
78 182
58 12
28 38
95 169
176 7
130 14
173 0
69 197
150 177
60 19
86 16
118 136
65 10
32 19
194 1
182 2
115 180
37 194
85 15
38 125
79 152
83 3
61 18
141 18
51 88
136 19
49 142
63 73
75 17
80 6
119 18
83 149
65 168
137 171
185 18
76 98
105 19
56 113
79 5
80 113
48 132
58 11
70 136
38 10
145 4
146 151
20 136
100 161
32 7
114 1
73 10
96 5
36 184
71 98
134 5
59 192
68 170
56 4
88 2
0 9
96 9
67 114
29 111
69 175
93 14
108 184
145 163
197 4
104 106
103 15
27 19
88 152
69 154
129 151
139 17
80 116
32 122
169 16
26 120
169 0
34 15
116 149
184 17
96 4
1 2
98 197
84 12
156 6
179 13
183 3
118 18
52 116
86 180
160 4
40 170
154 179
46 109
34 0
147 9
169 193
51 178
45 193
189 10
116 15
148 199
84 121
66 9
111 189
33 37
76 134
31 17
133 2
82 102
179 7
75 195
58 199
120 4
117 2
95 7
54 58
158 196
175 9
31 10
118 158
82 10
47 15
8 13
108 143
74 112
71 129
0 8
87 7
20 2
33 131
182 18
45 165
120 17
32 4
1 11
141 17
112 12
147 153
4 19
107 15
91 1
56 70
188 10
74 16
62 17
121 141
178 15
91 196
133 0
163 15
85 198
196 18
177 12
162 187
160 11
83 175
29 198
80 129
177 16
82 1
115 151
60 160
183 17
184 13
67 137
38 96
53 126
100 166
71 73
193 1
84 190
21 152
162 9
106 8
107 18
58 158
104 15
178 1
100 124
183 192
94 1
144 4
4 12
159 161
121 1
168 12
116 155
28 175
34 41
69 104
90 19
50 183
172 17
97 9
65 99
39 117
36 92
56 17
32 110
122 127
87 143
36 183
80 159
93 144
121 10
81 176
188 0
96 17
54 57
63 162
21 82
117 168
91 19
151 2
167 0
76 96
32 9
87 161
176 13
170 14
39 18
145 13
102 123
122 11
51 89
181 3
133 184
67 84
148 191
38 144
37 8
67 139
54 14
75 121
142 14
176 190
43 7
183 4
66 199
181 11
160 177
180 12
21 121
198 5
86 194
148 171
112 6
33 16
47 7
80 115
135 173
155 167
121 8
14 18
98 132
100 145
106 182
6 14
22 4
103 152
54 134
41 16
187 19
144 16
92 134
61 143
70 99
38 73
140 179
115 116
22 56
114 194
37 48
3 6
105 17
173 186
147 4
132 2
63 101
48 138
79 9
64 11
197 18
187 7
116 10
163 1
111 15
166 13
97 16
58 72
93 105
93 19
128 130
195 5
153 14
157 158
175 196
135 14
32 66
121 13
117 10
101 171
121 6
79 18
34 12
29 105
103 177
95 123
46 101
89 14
135 19
50 13
23 30
155 197
68 9
20 26
43 49
143 18
161 4
112 13
2 19
124 16
77 144
106 189
8 16
45 10
158 6
121 4
82 150
31 187
133 175
45 14
127 177
103 12
27 176
107 136
95 118
198 19
49 2
188 15
84 5
110 4
20 21
154 2
88 17
73 85
44 55
87 154
104 162
44 18
121 140
48 51
153 169
130 15
35 96
196 5
126 8
170 4
87 3
148 14
131 149
48 119
133 9
158 187
27 54
67 144
31 0
127 5
137 19
45 53
135 11
6 13
28 9
92 147
67 185
65 6
165 12
74 169
180 6
43 68
186 10
62 12
52 152
20 38
130 9
44 4
172 187
30 77
180 11
33 11
83 8
96 18
136 154
135 1
52 99
6 7
85 186
149 19
190 6
41 188
107 16
157 3
35 172
88 6
28 123
93 10
7 11
127 146
68 10
132 19
81 3
51 101
63 8
118 149
194 17
134 2
114 127
129 3
49 189
39 134
38 42
88 187
156 0
112 2
73 105
80 180
153 0
163 195
32 15
151 15
188 192
131 161
58 129
4 5
99 188
125 163
89 11
48 121
13 18
114 14
99 14
47 179
107 11
187 5
49 14
31 3
1 15
139 12
22 1
114 11
120 8
139 0
69 142
77 17
89 18
79 127
89 2
98 103
176 12
193 19
95 134
154 9
83 4
122 190
184 15
29 106
34 71
98 175
66 79
160 163
83 162
29 47
100 6
131 182
82 132
32 160
134 181
161 5
157 9
47 164
66 0
56 77
105 137
20 159
101 4
95 2
62 180
105 167
64 1
169 18
110 12
75 118
85 10
76 11
75 184
2 14
144 160
165 18
83 161
68 11
157 13
2 15
105 13
52 115
27 142
125 4
130 11
108 173
89 111
70 110
84 16
153 185
97 180
120 16
6 15
110 2
137 17
121 156
21 96
8 9
12 19
32 3
94 3
136 12
119 6
54 97
47 1
116 136
136 7
102 6
72 12
119 135
27 84
90 14
177 18
28 199
61 190
161 10
107 164
77 15
193 0
97 3
20 3
107 166
186 13
78 7
69 102
153 154
89 147
52 12
116 195
101 10
147 198
55 164
21 42
155 189
135 168
57 12
27 199
117 155
62 4
66 15
177 3
42 172
83 0
28 15
161 13
57 135
139 195
115 4
117 137
100 1
137 7
127 6
183 8
123 3
51 106
53 108
130 18
5 10
123 182
36 45
28 13
92 14
167 180
45 95
128 188
45 15
85 11
22 45
144 195
161 0
132 5
21 188
115 6
154 193
147 165
34 178
171 13
110 5
47 5
99 8
76 139
73 17
109 110
22 16
148 5
31 90
44 56
116 11
89 91
143 195
100 9
104 172
139 9
160 9
18 19
73 12
146 16
119 17
12 18
121 15
157 174
186 7
66 131
63 18
96 152
99 5
134 18
24 5
112 171
180 1
133 180
149 8
66 78
185 188
156 17
192 0
78 118
12 14
106 11
60 129
50 142
170 0
78 140
124 130
111 2
132 182
26 4
84 185
131 190
53 82
54 173
90 149
22 0
102 165
70 3
113 116
27 100
142 195
132 171
53 161
182 1
122 157
173 2
42 163
52 176
88 5
123 17
9 11
94 160
96 2
124 10
29 0
129 4
100 192
76 0
51 11
95 156
30 60
61 65
57 89
136 8
140 168
58 96
105 12
140 11
90 11
135 18
141 155
140 12
156 10
124 137
46 83
83 146
86 119
33 17
66 139
48 3
33 4
121 134
63 15
7 18
77 3
55 167
107 12
144 6
87 175
151 184
53 17
72 78
119 11
21 62
79 116
12 16
168 1
32 190
149 5
52 91
48 55
71 187
91 131
174 13
50 7
93 5
33 117
55 5
197 2
138 14
105 5
184 10
159 0
107 10
51 14
125 8
56 166
124 15
25 17
195 19
24 11
118 146
83 10
37 3
54 3
115 197
89 155
38 19
135 182
20 1
63 129
63 3
33 6
49 17
25 196
4 13
146 7
35 8
152 14
97 14
75 152
54 67
131 5
164 18
77 1
68 120
91 96
185 12
2 12
64 147
122 15
123 167
48 163
142 149
163 13
21 90
20 92
53 93
178 8
34 45
46 99
60 17
119 194
22 131
179 10
38 8
95 166
191 10
113 11
25 162
28 2
56 82
5 17
57 103
43 115
176 5
47 157
93 145
49 18
7 8
106 3
7 17
80 121
46 91
64 118
148 166
128 15
41 17
43 76
107 182
57 110
54 18
24 192
192 8
79 16
21 67
32 1
37 0
78 0
166 2
48 194
60 172
140 1
140 182
20 4
118 16
151 159
96 190
28 34
70 11
70 4
148 18
60 105
156 15
141 0
28 188
171 10
176 3
116 157
27 194
172 18
173 4
48 104
142 16
54 6
115 124
194 4
172 8
86 135
82 161
150 7
61 13
189 19
72 8
153 13
44 83
23 164
139 188
157 184
79 159
104 5
60 12
92 18
40 14
146 198
75 18
196 15
67 2
51 19
189 8
119 3
21 63
88 190
188 11
103 154
66 7
61 16
8 11
35 14
196 8
129 13
93 0
29 172
41 165
81 193
37 182
9 17
26 0
12 17
82 111
84 184
165 10
38 48
113 152
76 126
127 7
114 3
14 19
23 101
72 125
36 5
68 13
129 180
110 189
45 1
72 16
76 135
134 196
95 162
125 150
64 152
41 59
95 127
177 8
47 14
133 8
88 12
139 189
64 144
91 138
107 181
117 18
22 8
76 8
104 8
128 12
189 14
23 58
54 15
29 151
134 12
37 17
101 8
113 13
52 82
65 77
65 88
86 123
156 177
37 79
133 156
176 17
109 177
174 19
188 1
188 12
