65 132
80 84
123 131
74 19
7 14
71 180
149 16
183 18
125 180
76 12
75 2
16 17
107 118
23 5
103 170
4 7
117 196
137 10
125 11
56 10
22 99
41 59
124 0
101 119
111 128
125 16
23 7
179 7
139 171
59 105
88 159
1 13
6 7
49 3
38 5
70 13
9 11
54 15
82 186
27 144
191 12
163 17
80 139
140 9
169 17
59 10
30 8
5 11
135 18
159 14
145 14
142 7
76 93
81 1
42 143
105 184
31 123
20 84
121 129
68 146
36 11
63 172
169 7
66 168
148 197
91 18
35 55
140 8
130 158
37 159
152 3
153 6
94 148
108 7
66 143
142 16
29 159
4 5
175 16
180 12
141 182
161 191
148 6
37 83
122 4
118 11
113 127
71 122
116 18
45 151
62 3
87 183
56 123
33 35
107 153
124 10
85 5
89 1
29 18
97 3
25 69
28 147
101 13
105 12
51 104
133 12
50 10
90 185
165 14
138 179
136 19
74 152
52 122
193 3
97 10
125 176
147 162
25 32
148 7
57 4
1 12
139 3
57 170
28 85
27 126
141 18
118 6
104 15
37 161
134 3
102 3
71 108
147 17
63 8
44 119
135 164
83 106
56 160
125 162
128 145
158 4
26 60
43 176
93 4
169 187
141 167
154 172
118 2
120 165
42 198
9 14
185 9
33 1
10 18
26 168
76 19
47 196
168 13
107 169
43 83
164 10
99 14
77 7
91 1
61 196
120 162
25 51
187 4
107 13
54 10
89 179
119 163
66 71
164 16
83 85
133 155
127 8
129 14
84 3
40 109
108 12
186 196
78 159
44 130
70 18
32 57
63 12
126 8
63 122
114 8
112 14
183 11
25 13
92 167
34 36
147 12
88 113
24 102
120 5
103 18
8 15
98 3
34 8
106 15
169 12
37 77
61 72
175 9
46 58
108 113
26 143
84 98
32 10
22 193
139 199
104 10
135 182
113 4
83 105
54 117
176 18
33 14
3 9
53 183
83 18
57 16
77 10
21 60
149 18
186 18
64 122
41 8
107 15
89 109
43 174
109 2
133 2
6 15
37 176
120 145
139 192
63 2
150 3
31 54
109 175
85 115
70 79
134 166
70 10
107 122
26 133
1 19
51 164
160 5
142 171
171 4
115 2
105 2
33 68
87 1
156 165
31 74
195 0
26 6
79 12
31 38
78 113
131 150
60 16
146 17
174 8
110 126
8 14
167 13
5 15
14 16
24 189
4 18
70 11
101 17
78 93
58 16
12 18
183 6
71 7
160 19
197 4
181 10
80 3
50 11
139 187
186 17
45 80
159 1
20 103
171 8
29 1
135 1
17 18
36 17
51 114
170 175
70 5
168 19
62 109
89 12
22 111
159 19
9 15
37 62
33 10
22 9
64 199
132 19
22 160
75 150
193 11
54 132
125 166
133 191
119 193
86 193
97 13
108 4
72 2
187 11
170 15
46 1
21 8
69 159
58 15
121 125
81 19
13 16
165 1
3 6
147 3
39 5
100 9
52 0
26 67
98 13
72 126
134 174
36 139
98 120
90 130
74 14
100 128
79 1
64 97
125 150
137 188
60 14
186 12
107 0
76 116
103 3
172 179
67 73
51 63
45 153
45 188
58 7
60 184
70 176
136 2
52 163
108 189
150 19
156 16
109 186
24 92
54 114
57 11
2 16
94 97
20 15
64 10
77 82
92 127
192 8
45 172
12 16
49 180
191 19
88 100
53 1
8 13
89 147
87 17
30 105
5 16
86 145
161 186
78 7
24 88
21 19
45 4
12 17
41 94
89 170
125 135
1 4
182 6
126 138
102 16
165 178
83 90
148 19
141 9
40 5
31 174
54 172
1 3
136 0
173 14
2 6
46 2
52 90
184 10
151 3
107 126
100 10
59 145
100 14
155 186
130 196
31 2
43 13
68 11
116 13
111 136
31 17
73 166
165 4
64 161
177 4
109 167
118 158
133 19
117 149
23 138
33 110
117 156
40 177
137 185
174 17
51 191
173 17
68 3
187 1
135 138
150 5
143 0
42 132
29 5
126 1
40 99
69 188
0 6
93 16
76 13
30 181
71 157
43 92
75 189
129 177
152 10
43 193
24 125
20 155
36 12
74 0
190 11
36 85
193 16
130 14
194 10
95 157
143 2
37 152
56 128
8 17
58 141
56 16
78 176
147 0
169 194
105 15
23 99
96 129
45 170
198 11
104 143
108 186
114 158
45 179
21 56
50 14
109 114
49 1
191 194
96 17
48 18
52 16
149 6
165 177
156 187
39 86
126 190
106 0
125 130
130 185
152 11
2 15
58 0
156 163
78 96
187 14
75 164
20 63
52 1
57 199
1 5
37 131
137 6
79 13
76 171
102 167
74 196
109 7
67 120
54 160
2 12
152 8
67 142
120 4
145 13
150 172
25 68
150 15
98 5
136 12
153 5
170 0
197 7
126 150
150 185
145 174
141 19
88 4
118 15
166 196
82 10
54 62
135 147
183 189
92 6
110 10
47 168
12 14
13 18
37 38
60 198
38 47
72 19
107 185
107 5
32 145
53 163
154 1
21 15
51 86
111 17
178 8
114 7
73 169
40 153
115 13
110 129
87 5
91 12
101 193
24 5
100 148
194 197
2 7
86 89
59 18
199 2
113 8
24 154
86 13
123 12
197 5
87 6
63 18
84 16
45 92
56 187
44 89
59 109
155 173
99 160
75 174
57 10
123 8
164 167
172 10
154 16
149 19
120 7
70 199
166 2
48 86
132 13
82 87
139 152
31 12
54 1
111 170
24 85
183 13
141 5
49 109
113 5
84 15
87 2
83 96
195 12
84 137
164 4
155 191
28 167
23 60
96 176
35 18
59 89
113 7
182 19
117 0
164 19
70 76
150 0
68 172
89 148
157 14
22 115
179 199
43 15
35 14
77 11
30 40
73 80
42 145
79 16
86 135
66 177
47 16
56 17
40 4
44 7
128 144
51 189
192 6
36 6
39 91
0 16
91 132
41 48
142 0
139 18
77 153
193 0
121 174
129 7
41 138
117 4
136 15
135 3
38 168
109 139
185 18
5 8
115 3
44 153
106 18
160 8
180 184
196 3
67 71
109 12
1 17
94 1
150 10
118 151
105 4
66 5
92 125
61 125
49 16
54 69
181 199
57 143
95 175
68 88
96 19
40 18
88 7
181 14
168 191
76 108
22 165
170 16
114 4
58 3
84 99
58 59
116 16
2 4
89 139
25 89
24 105
43 198
105 11
44 2
46 19
0 7
103 178
160 166
47 132
149 2
103 19
63 198
195 10
97 14
25 17
132 0
71 10
80 2
108 11
160 6
43 3
152 163
48 107
53 16
73 88
109 129
51 14
160 3
6 12
185 10
164 3
68 114
171 181
170 5
36 144
36 113
70 17
129 176
35 9
27 18
96 190
49 19
54 5
110 16
168 179
128 10
176 6
3 18
39 17
34 168
25 14
21 6
42 60
123 15
116 17
82 148
45 152
39 176
27 138
161 194
130 0
119 7
39 163
129 18
43 17
107 110
168 194
60 163
40 87
32 14
70 2
38 185
40 171
74 129
62 13
144 147
144 177
139 196
35 1
0 4
156 0
96 163
91 2
76 91
55 81
29 4
78 9
88 19
37 157
157 161
170 11
31 0
62 177
71 0
97 4
24 42
108 19
145 195
180 9
63 7
34 80
26 90
24 195
21 143
93 159
41 7
74 17
109 141
13 17
149 7
31 11
22 133
125 4
27 127
72 131
29 10
120 9
139 15
59 16
176 1
46 160
197 2
69 4
16 18
75 19
46 194
59 86
36 10
79 8
163 13
64 1
146 173
69 151
177 7
38 157
39 10
62 105
60 111
102 187
91 118
131 19
86 190
142 6
62 12
147 158
42 9
147 5
143 3
6 18
119 183
68 167
55 143
88 2
111 2
190 10
31 43
106 7
51 4
114 154
110 13
84 162
55 152
137 18
74 12
4 8
36 70
10 11
60 159
99 3
111 7
144 199
64 9
194 1
20 171
29 19
100 1
31 4
28 41
109 17
118 130
80 185
179 11
72 16
65 2
29 152
8 11
62 6
94 189
163 5
73 103
94 121
68 133
48 6
36 115
65 78
83 14
15 17
23 188
71 166
55 17
99 176
179 14
142 15
114 11
124 11
199 19
153 8
56 103
113 12
77 127
188 15
86 186
98 8
161 3
180 192
140 185
33 13
91 175
23 161
194 6
117 12
152 0
143 7
86 105
49 192
79 179
75 0
161 198
73 144
52 125
94 17
12 15
27 9
77 12
103 4
44 97
71 14
30 108
111 185
100 125
39 18
74 198
31 93
21 186
59 107
121 126
28 39
133 182
147 16
26 95
96 13
72 157
13 14
147 175
34 63
9 18
4 11
96 194
178 13
51 194
138 182
53 11
27 87
24 122
103 109
87 90
51 12
65 7
75 112
185 15
113 123
131 167
182 8
54 190
22 3
41 13
21 13
76 16
52 101
95 9
88 175
196 5
33 12
63 19
138 3
96 0
115 10
35 11
62 19
50 195
65 88
61 69
1 15
110 6
82 13
42 105
177 12
174 195
141 11
7 8
80 121
42 136
120 12
89 9
111 15
8 12
24 10
22 17
32 133
28 18
173 4
68 7
139 7
168 5
118 17
76 4
122 187
124 8
24 149
57 12
47 54
186 3
40 43
50 174
191 2
161 18
47 119
22 136
75 83
48 14
69 193
72 9
197 19
48 50
138 11
98 184
77 8
134 147
24 128
45 6
0 9
136 164
55 91
146 4
94 8
155 14
36 58
87 156
64 104
1 11
33 41
29 53
143 12
82 11
74 162
60 165
124 4
167 1
156 175
47 67
137 16
75 110
116 141
168 16
47 90
156 11
75 12
159 17
66 16
141 3
93 10
52 19
38 182
82 152
111 0
68 71
141 10
53 13
181 18
93 1
31 129
199 13
15 19
121 176
132 156
14 18
187 16
31 161
71 154
24 31
167 14
61 121
102 14
107 159
100 0
83 156
119 180
188 9
103 15
74 89
103 14
71 2
172 174
58 149
66 17
170 8
185 11
60 195
50 187
28 9
111 130
123 7
40 64
135 11
49 119
42 197
88 89
59 195
151 173
23 19
198 2
128 2
54 9
85 18
121 17
59 99
36 110
142 11
86 17
60 8
51 11
114 147
34 9
58 159
104 8
131 13
63 110
126 19
166 4
58 11
60 134
134 186
147 11
25 109
73 78
177 185
79 111
46 144
59 13
170 19
2 14
0 8
99 170
114 124
87 13
199 1
158 171
111 6
51 17
63 124
25 84
72 77
23 48
164 7
162 14
25 10
28 105
2 17
172 6
22 78
165 179
113 11
178 11
76 9
51 128
124 15
146 10
125 19
86 122
91 141
30 17
28 134
172 14
10 16
115 16
119 138
68 14
78 13
58 127
35 191
178 2
84 85
111 150
70 12
56 63
24 15
46 180
84 197
112 4
195 1
38 122
40 86
133 164
79 190
150 11
72 188
147 18
92 121
64 0
62 149
87 130
85 17
57 163
45 73
103 16
199 6
117 14
109 171
32 124
70 157
104 127
105 189
172 2
191 11
53 18
21 146
50 65
173 9
55 127
120 0
62 165
164 14
100 123
26 69
89 8
196 9
151 15
58 170
11 16
100 13
33 8
197 3
45 94
88 10
32 139
67 161
136 167
53 9
79 97
136 182
139 13
198 8
28 156
76 6
52 145
95 137
133 145
39 19
57 98
4 13
28 153
116 10
151 178
90 7
33 89
75 149
182 2
24 14
70 73
26 10
82 84
79 199
144 12
34 3
171 1
31 14
41 12
192 16
73 117
73 1
22 186
129 11
27 140
168 17
130 15
166 19
81 176
102 19
177 15
55 186
5 19
104 179
28 126
28 0
175 7
50 8
104 19
151 9
0 13
182 3
146 18
30 13
3 12
120 14
66 179
104 13
155 157
20 19
43 74
114 14
35 74
71 12
76 97
52 7
52 129
55 94
47 98
96 192
56 2
160 197
176 0
27 11
70 128
42 8
61 6
64 194
114 12
51 3
182 187
58 114
30 14
49 122
108 17
148 153
26 9
136 18
22 13
134 2
113 15
55 19
79 139
42 86
29 40
90 12
121 13
27 101
99 11
30 53
12 19
131 12
61 13
148 17
164 8
31 130
61 0
37 109
191 4
119 3
21 41
172 180
66 19
79 104
120 176
156 7
42 2
185 13
30 16
140 162
76 2
128 142
90 182
168 7
154 165
51 19
172 9
79 6
194 15
34 10
58 119
116 195
76 99
50 133
22 129
35 120
111 131
106 16
7 13
176 3
45 16
37 103
51 141
46 120
114 134
192 17
168 8
151 0
144 15
167 169
38 39
66 10
32 137
52 167
42 139
82 138
32 155
72 127
21 114
108 137
113 3
37 3
127 180
119 197
159 160
165 176
105 6
75 182
122 158
133 10
132 16
74 16
1 9
127 3
169 198
99 12
34 143
53 126
79 7
81 111
59 186
127 135
33 7
51 76
30 144
179 185
191 13
79 5
185 4
155 4
104 112
84 179
114 149
119 12
77 96
132 15
125 7
66 132
133 0
161 168
188 5
83 195
38 17
0 2
126 3
55 6
117 8
108 161
190 6
80 119
123 13
65 17
119 16
53 17
107 4
52 72
36 123
173 3
99 180
142 1
117 17
33 182
46 175
70 175
72 190
194 16
71 16
168 6
35 171
185 5
28 61
127 2
27 197
135 5
31 193
98 11
21 151
1 7
170 189
70 106
187 7
72 146
25 173
133 5
160 0
66 188
179 13
178 180
54 115
65 14
153 190
44 8
63 164
47 10
112 17
73 6
30 173
28 142
21 18
135 196
55 12
112 19
31 139
142 2
69 158
94 99
187 5
38 178
145 0
35 98
189 14
105 13
40 179
71 3
179 196
54 101
120 177
11 12
116 9
180 13
131 186
170 10
198 17
91 164
78 11
5 17
50 13
23 3
158 14
189 12
127 133
89 15
28 6
104 3
38 103
92 1
181 8
42 12
83 123
59 1
146 5
66 92
68 19
73 147
63 10
51 138
140 195
118 12
35 86
159 3
162 17
91 9
25 55
49 94
157 12
27 60
167 172
107 8
111 121
36 193
59 149
132 8
87 101
143 4
0 12
32 64
138 18
196 1
34 15
75 98
67 111
46 12
168 186
122 192
67 19
194 11
151 156
171 182
166 3
98 103
66 114
20 118
82 4
147 19
178 12
130 173
178 7
93 17
99 185
123 19
150 160
85 156
110 2
99 16
97 187
132 165
25 138
187 2
140 0
62 124
36 164
41 42
81 99
127 1
25 30
85 90
177 17
154 7
75 78
138 14
136 13
83 141
61 74
65 16
180 3
34 192
79 125
68 132
59 77
176 12
30 12
169 10
198 10
185 14
56 188
196 13
89 10
64 88
92 124
23 62
44 197
82 91
144 16
84 9
173 11
21 111
29 9
133 15
94 3
84 169
22 144
21 78
83 172
123 2
11 15
92 12
35 0
74 13
10 13
92 2
177 179
183 7
30 54
61 4
197 10
103 154
30 5
105 172
128 129
28 166
97 16
159 180
199 17
71 5
135 7
107 190
55 126
42 61
32 100
80 196
48 0
24 74
67 1
61 169
10 14
63 156
113 150
187 10
96 14
81 16
7 18
85 12
40 93
55 162
123 125
170 4
119 6
24 18
60 9
66 8
161 164
80 11
90 104
11 13
66 9
21 66
117 135
103 147
24 121
27 55
120 2
79 14
137 13
39 179
144 154
22 121
138 4
75 14
134 9
191 18
37 18
20 8
44 13
54 137
27 98
17 19
66 172
69 142
65 5
119 4
52 195
82 2
39 0
144 195
40 1
157 7
173 10
114 17
47 19
62 188
3 14
44 98
91 15
63 5
128 13
63 9
41 4
42 194
141 17
116 12
66 125
48 124
74 172
110 192
88 134
38 132
168 9
190 16
6 9
4 12
156 13
74 11
8 16
84 182
103 191
36 177
128 8
118 18
126 160
21 163
79 177
91 5
24 7
142 9
127 194
45 139
112 2
36 8
151 6
20 61
136 8
74 9
122 17
60 175
59 7
34 4
15 18
44 11
71 15
129 12
198 1
20 57
130 141
179 0
76 129
153 184
82 15
48 7
92 116
61 12
67 97
98 135
35 166
139 19
43 64
58 89
194 14
54 19
1 14
45 13
7 10
40 149
173 174
29 16
119 176
49 156
31 8
43 8
79 86
33 64
192 10
111 139
66 11
85 14
0 18
25 108
175 14
21 161
34 64
51 177
90 6
82 113
128 158
43 19
194 7
186 193
127 176
155 19
119 1
188 19
60 15
83 194
1 8
21 17
9 10
65 98
30 149
114 10
161 0
188 14
160 183
55 18
37 6
110 0
144 4
46 158
198 16
62 9
10 17
127 10
100 12
62 169
91 139
167 7
94 2
155 5
46 188
37 107
80 99
97 172
123 133
26 4
80 1
168 14
128 5
21 10
136 4
62 117
5 10
109 11
158 18
120 1
134 4
84 0
94 9
5 12
48 1
27 3
64 75
180 7
148 13
16 19
110 162
184 189
113 13
32 116
180 197
164 9
41 11
96 168
175 18
155 189
24 70
164 1
60 104
74 142
77 4
197 8
163 3
182 9
3 15
110 137
103 107
186 16
24 137
166 10
129 2
187 9
129 5
129 16
102 6
157 2
56 162
31 6
106 8
70 15
153 17
32 5
33 19
106 6
90 17
105 14
44 17
135 0
186 2
154 169
180 1
109 3
63 6
44 56
30 134
65 124
54 8
67 0
123 139
32 3
8 10
153 3
28 149
23 172
25 9
33 11
150 153
163 10
36 83
73 129
74 108
165 2
105 119
68 104
113 10
59 122
25 193
181 19
67 88
45 14
45 10
153 18
88 8
59 85
90 96
0 1
39 6
112 163
198 15
36 81
118 10
144 13
46 190
104 5
135 161
35 37
132 14
9 12
170 13
199 8
175 5
22 159
133 163
132 159
56 129
52 5
177 18
57 102
74 175
196 2
1 18
113 148
183 12
27 174
67 16
2 3
118 1
87 182
72 141
74 166
170 196
42 98
129 19
116 8
83 3
54 143
120 171
80 152
58 125
163 178
45 54
158 19
95 118
95 168
31 15
26 38
152 19
85 105
142 14
6 17
61 18
31 183
50 119
131 182
5 13
34 112
74 154
57 60
87 190
27 5
147 10
169 11
165 17
156 183
21 5
83 10
97 137
47 177
123 3
106 10
196 19
30 116
157 16
22 38
97 18
199 10
80 135
65 19
122 161
115 7
122 194
49 159
33 118
85 86
47 1
23 76
124 199
83 138
99 153
29 129
45 102
106 3
80 151
144 0
32 47
146 15
132 181
187 15
29 149
104 16
62 4
144 163
156 179
48 167
37 119
132 1
27 2
158 6
29 13
35 115
39 197
166 183
49 11
68 6
174 15
37 128
3 5
189 13
163 1
52 2
66 3
72 10
99 10
4 19
88 106
139 2
131 155
38 10
5 7
47 188
69 88
54 169
41 78
121 147
49 73
26 51
27 64
167 2
25 3
190 12
67 98
77 111
199 12
69 12
84 183
141 1
52 12
120 191
28 2
58 18
150 195
131 9
50 78
106 121
111 16
112 9
33 5
46 130
78 177
105 144
107 12
21 2
111 158
146 8
136 5
114 19
40 115
27 28
83 17
193 19
123 14
24 16
87 125
48 99
123 144
46 184
173 6
73 17
184 8
63 0
43 127
182 7
38 176
64 130
4 6
107 138
54 182
28 19
2 9
116 14
107 1
57 5
73 84
133 3
155 12
113 158
115 9
86 102
3 4
90 15
156 17
24 60
52 3
52 63
93 18
69 3
169 183
102 10
74 10
141 4
105 16
185 7
137 11
89 157
5 6
34 7
56 19
112 5
184 17
100 2
52 10
36 74
162 10
62 187
89 11
151 171
178 10
37 15
63 88
149 3
30 98
27 46
112 7
119 9
35 123
74 100
38 102
67 104
77 14
25 102
90 160
115 196
55 15
90 122
187 18
89 124
23 150
95 18
177 8
29 179
28 133
112 147
119 11
25 147
137 15
32 84
71 175
192 2
121 154
86 133
112 0
57 0
161 189
27 0
41 70
90 108
29 110
115 19
116 3
58 71
104 0
65 153
179 8
146 14
131 154
0 19
80 5
33 46
30 76
79 160
50 69
123 0
36 150
120 158
193 8
50 140
173 2
108 1
56 4
130 136
56 7
68 8
32 11
33 63
61 129
28 168
183 184
58 152
135 15
28 17
126 16
93 182
15 16
43 11
23 72
119 0
98 189
34 102
113 2
52 115
82 105
9 13
79 4
28 16
112 123
43 16
44 172
51 7
97 2
92 16
150 155
109 110
133 16
73 138
94 14
101 14
123 174
118 3
14 19
29 161
12 13
140 154
45 167
55 138
76 177
73 95
122 5
175 13
109 122
33 56
11 19
84 127
136 11
190 9
24 13
189 2
98 161
39 84
40 14
28 47
41 169
178 193
26 12
110 9
44 179
165 184
77 5
56 15
10 12
166 14
97 103
91 4
28 7
23 81
41 54
59 148
140 2
85 122
119 190
96 159
114 138
115 197
74 101
30 188
170 12
92 159
165 11
184 14
143 8
149 14
95 4
31 7
50 2
38 125
171 9
158 1
54 18
77 161
72 177
144 7
79 95
39 145
46 97
120 192
112 162
33 2
160 179
182 10
27 90
129 8
77 173
22 10
53 8
64 13
43 140
29 59
65 194
161 15
126 178
196 7
98 17
109 153
2 19
35 83
77 124
26 11
180 0
55 13
49 10
69 15
91 8
56 138
107 197
8 9
146 174
32 164
196 16
63 89
37 10
21 29
121 199
41 74
28 67
62 18
69 75
186 19
125 136
80 10
9 19
46 3
69 9
192 1
158 174
76 11
141 12
107 116
48 51
94 16
114 119
36 9
73 0
53 74
87 18
3 16
24 193
179 2
85 87
97 0
0 11
51 124
54 141
6 11
189 15
125 6
60 105
21 50
28 8
128 17
140 3
81 0
94 162
193 198
64 12
70 19
58 196
47 199
77 130
73 115
195 11
110 111
82 128
160 11
137 5
46 9
188 192
51 18
36 117
107 152
26 18
196 10
167 3
20 0
40 138
33 4
147 4
7 15
192 5
135 4
145 15
152 6
64 112
33 190
11 18
63 4
82 149
162 197
89 0
140 15
99 6
171 15
35 15
41 19
26 0
78 3
68 5
173 15
111 190
58 10
39 3
71 84
36 126
165 15
23 61
49 169
153 1
34 180
165 6
160 172
32 52
104 108
127 12
34 93
24 186
72 98
113 141
122 6
132 18
56 71
125 8
122 15
4 14
174 198
46 15
26 176
101 125
35 3
186 192
93 12
7 12
92 106
56 72
132 7
195 7
7 16
155 185
49 136
46 5
143 11
89 128
69 192
143 19
22 12
33 147
2 18
64 98
24 174
172 19
84 17
23 2
183 0
51 1
62 110
18 19
119 15
23 13
119 13
5 18
104 9
29 98
60 176
108 8
60 6
171 176
154 183
133 4
6 10
71 17
145 17
26 80
134 15
177 199
78 5
38 9
39 56
89 123
76 1
60 13
42 134
79 187
153 14
48 10
161 6
69 135
86 90
171 2
27 169
5 14
166 5
91 192
186 5
37 94
29 197
154 3
123 193
39 1
89 6
197 1
157 159
140 18
2 8
132 135
75 167
116 11
141 14
68 187
147 7
81 5
46 7
31 53
115 181
135 12
64 107
89 119
48 11
45 3
57 2
26 2
124 195
62 8
186 10
62 15
26 152
106 179
93 137
88 155
46 10
155 15
95 191
128 6
186 6
98 10
55 159
157 13
45 17
91 7
55 150
91 101
152 17
30 179
126 11
0 5
86 161
10 19
167 15
156 160
47 3
32 71
196 18
38 2
152 9
160 171
80 149
45 138
28 141
6 19
98 105
62 11
44 66
173 12
87 195
50 151
40 163
103 183
142 18
29 57
78 171
150 6
33 121
181 6
188 11
26 87
135 14
69 18
176 11
154 15
39 12
144 164
197 14
29 148
81 181
23 173
172 11
63 72
128 188
57 9
20 12
36 146
64 16
47 167
65 103
193 13
79 103
178 17
30 166
24 11
187 0
146 6
94 196
22 58
154 11
35 188
106 136
167 18
14 17
145 4
128 15
57 139
139 12
95 5
33 16
39 158
128 136
121 149
58 5
91 13
44 199
155 11
30 94
35 197
24 40
160 2
92 0
99 9
179 12
57 14
110 15
126 0
147 165
85 13
29 33
86 8
90 103
142 189
20 87
57 6
98 12
197 6
86 183
27 147
63 90
195 18
27 13
85 190
151 154
103 144
110 148
169 13
42 199
98 196
163 19
34 131
109 165
162 3
118 8
68 141
38 6
22 19
182 18
53 154
32 83
34 2
87 4
110 8
61 19
154 18
171 179
160 9
55 77
60 158
93 11
64 146
89 102
170 14
123 6
174 4
78 107
75 17
141 6
53 62
80 15
129 153
52 102
170 2
47 131
84 18
26 157
6 8
87 137
104 132
134 8
59 8
169 18
100 122
2 10
90 149
77 6
49 2
157 19
106 19
67 114
197 12
83 120
136 137
90 157
32 0
59 17
67 168
111 114
139 4
22 153
51 62
9 16
28 4
122 13
166 12
147 14
124 168
163 186
56 156
65 120
32 109
130 177
82 144
89 173
138 5
56 84
145 147
101 12
46 4
23 16
128 182
153 158
157 1
104 12
107 10
88 133
51 52
34 140
1 10
96 115
47 195
74 81
108 170
158 181
76 175
95 15
74 8
102 199
23 88
7 17
45 46
188 1
46 8
121 197
40 194
179 6
37 4
6 14
0 15
144 9
113 193
111 141
29 168
51 144
137 178
162 177
79 108
140 11
44 6
133 146
4 15
33 70
40 8
46 91
7 11
40 7
161 19
193 7
169 0
24 1
152 18
29 105
81 12
41 167
117 128
101 183
126 17
84 13
158 160
92 156
76 5
87 0
129 0
193 5
129 17
97 149
51 2
174 12
124 12
82 142
77 121
87 111
34 137
14 15
168 183
110 5
27 19
27 80
51 8
150 156
49 9
41 9
25 18
81 86
95 17
141 174
26 13
41 18
59 12
180 8
52 93
50 175
32 18
126 6
63 107
105 17
101 18
138 158
23 121
140 4
111 167
155 13
195 19
99 140
26 19
119 171
151 4
86 12
100 158
183 4
73 77
10 15
92 126
72 5
96 193
1 2
102 9
185 6
24 194
144 10
42 169
80 106
75 154
105 106
61 155
43 156
42 15
123 162
25 192
64 18
38 186
27 12
146 1
62 183
56 151
56 185
195 3
40 97
109 191
187 17
64 8
193 6
83 0
74 125
149 195
141 16
198 6
42 6
99 172
189 19
95 156
25 163
108 140
131 177
44 12
121 3
55 2
41 165
59 94
46 146
95 116
66 108
36 39
69 138
85 16
102 171
101 117
175 185
148 15
52 82
11 14
109 18
153 2
145 153
38 61
38 11
69 113
119 17
55 193
38 141
172 194
141 145
188 4
32 105
3 13
78 88
61 16
48 92
60 62
44 192
139 5
48 15
35 69
91 93
154 193
164 12
76 100
113 149
49 17
97 151
61 77
40 2
188 8
43 163
25 172
139 0
151 18
29 187
77 150
90 150
94 19
185 0
65 82
1 6
86 94
134 14
101 7
54 12
159 8
82 198
159 13
106 13
72 13
81 9
113 182
149 187
137 9
170 18
109 14
131 18
59 9
59 113
154 2
36 0
186 15
118 149
46 61
33 48
148 2
0 3
121 136
7 19
138 189
38 134
34 94
173 198
189 4
97 5
73 18
90 177
73 2
192 12
84 10
134 19
21 170
21 3
143 167
59 3
71 135
66 118
119 164
149 169
86 6
123 18
70 16
112 6
133 1
58 91
185 19
67 164
3 17
92 192
159 189
6 13
32 138
22 18
74 190
55 163
27 196
127 6
66 12
48 135
23 117
36 132
113 151
195 15
82 16
132 9
133 152
68 10
41 183
35 126
97 196
161 14
75 142
26 147
60 75
20 14
42 102
62 0
74 98
117 16
127 17
80 141
191 195
120 184
184 3
107 3
52 53
81 3
195 2
37 41
3 8
21 183
50 177
43 136
154 13
98 4
28 150
55 16
61 180
58 101
193 1
43 5
162 15
142 17
184 4
150 13
68 122
73 149
102 140
40 42
174 7
109 10
115 198
76 191
77 133
21 62
63 67
80 126
2 13
96 179
94 5
80 14
198 12
54 180
26 17
78 91
59 185
85 7
129 194
69 0
92 184
143 172
101 5
36 175
42 11
148 14
72 3
28 107
185 8
172 13
95 19
110 11
20 1
160 14
142 8
114 142
28 180
69 184
58 78
151 187
199 18
57 161
57 181
199 15
55 14
25 121
115 137
88 9
107 181
35 82
177 2
151 13
188 0
64 89
33 17
26 105
149 17
59 79
82 0
78 197
144 161
47 5
75 148
122 11
170 6
72 175
76 106
125 9
146 3
92 180
55 10
134 199
92 15
20 156
46 67
20 13
165 170
190 19
179 1
178 14
95 1
23 28
155 9
1 16
143 161
183 16
5 9
55 185
102 108
134 16
82 118
92 165
69 101
55 87
114 145
177 192
106 110
151 170
104 106
159 6
94 126
78 170
174 11
112 167
150 8
38 175
121 14
87 110
62 1
85 146
75 4
83 173
84 12
53 175
120 16
51 5
79 101
45 101
4 9
114 188
154 12
57 189
45 120
152 16
139 6
141 13
26 114
57 184
98 7
108 154
8 19
60 69
69 136
141 168
87 10
48 12
72 106
125 5
27 16
99 17
74 128
68 18
194 0
22 6
114 2
21 154
25 133
164 185
62 132
40 51
93 169
40 144
158 162
23 145
0 10
184 9
77 175
22 4
34 54
193 14
3 10
142 13
