111 5
183 8
197 18
184 6
195 15
194 9
21 189
151 181
3 14
36 78
79 16
32 13
42 19
83 103
86 197
187 189
128 18
36 83
60 117
120 2
181 0
22 176
53 7
81 3
58 131
115 181
116 8
55 149
191 194
64 88
179 19
58 13
146 177
180 6
8 9
116 168
96 183
93 2
145 3
83 5
169 6
61 166
152 12
136 196
17 18
41 2
36 107
63 141
145 165
187 17
38 142
29 12
99 9
133 4
38 9
43 111
155 161
74 147
157 18
188 7
164 196
111 18
62 63
99 7
69 181
53 199
109 190
125 193
132 141
137 2
93 129
3 17
183 198
10 11
76 88
187 2
23 123
63 15
30 147
110 184
125 1
141 174
30 124
143 4
38 88
73 19
9 10
74 16
101 18
152 6
73 95
103 195
56 80
107 4
45 18
63 4
75 3
21 64
98 106
55 91
49 177
48 89
41 191
0 11
60 174
180 8
178 13
39 79
102 137
100 141
63 169
175 195
5 19
64 72
104 169
78 7
62 83
80 108
22 107
131 4
169 16
65 135
174 18
69 94
30 97
120 6
120 161
72 181
27 73
40 12
135 181
139 17
136 8
151 7
80 193
48 138
59 5
100 106
140 183
97 11
72 11
90 108
59 147
83 196
170 3
59 171
59 12
87 4
163 2
63 19
59 71
107 197
40 186
66 11
168 17
75 114
176 10
126 14
157 2
52 65
181 4
93 103
104 161
152 16
171 177
3 16
107 8
148 1
194 0
40 97
30 2
129 163
31 3
32 58
112 12
1 2
47 4
54 19
158 190
57 9
196 197
60 70
30 100
74 9
172 7
38 4
32 161
136 186
135 18
28 46
123 147
12 17
87 14
105 6
70 122
2 17
125 155
27 113
20 133
55 181
50 112
113 149
158 15
147 178
67 14
97 15
58 149
72 19
38 181
89 142
51 118
148 10
86 195
43 18
20 61
54 1
195 3
152 172
140 190
15 17
82 135
39 137
108 6
48 3
96 17
28 53
166 13
33 11
32 15
38 63
56 171
163 177
127 183
141 15
79 139
79 100
25 4
38 10
84 136
88 9
171 2
174 19
29 13
118 17
77 118
85 16
22 4
162 9
126 166
94 19
116 3
96 163
154 2
4 12
102 194
36 162
25 56
48 133
132 3
31 96
196 16
152 171
198 15
92 140
26 37
50 138
60 13
196 3
81 7
193 5
85 17
140 3
27 52
92 165
36 75
192 195
36 49
124 8
125 142
122 170
138 183
87 188
106 2
141 6
48 19
31 137
114 11
88 160
81 1
45 99
146 10
132 14
100 163
25 8
159 16
69 15
116 122
43 103
113 5
89 145
156 180
159 7
61 193
7 9
95 131
55 172
110 5
182 9
29 185
28 14
34 10
50 69
92 15
94 99
49 179
3 7
179 180
75 190
195 18
11 13
70 199
81 199
26 2
48 103
146 9
61 65
45 4
149 154
71 86
71 17
115 188
86 114
43 83
127 7
133 185
26 31
137 16
114 147
26 75
21 126
78 19
8 11
26 9
128 3
140 168
102 166
2 16
69 199
110 166
17 19
73 10
93 8
27 143
123 18
150 17
8 19
189 2
62 158
146 5
115 2
88 97
153 197
165 2
78 6
20 27
29 167
60 187
39 61
141 0
136 13
96 103
154 17
82 10
111 0
196 9
81 175
38 89
29 89
185 194
144 4
107 132
58 112
170 5
49 3
28 6
100 195
6 18
185 4
28 5
6 8
198 5
53 6
100 18
81 11
87 123
63 182
54 183
153 186
7 15
143 186
28 7
196 1
173 0
24 64
172 8
54 2
21 75
160 9
122 185
115 135
4 6
166 1
56 160
154 15
104 16
139 172
31 2
58 10
148 161
85 105
187 18
188 197
161 169
103 16
85 95
50 139
76 17
37 13
105 177
165 180
43 196
190 198
5 9
82 181
107 6
192 13
26 121
21 79
98 114
27 114
88 18
0 1
33 162
186 197
27 94
32 14
81 124
165 186
116 134
51 13
178 15
20 81
111 132
9 17
45 2
82 99
49 137
182 15
54 96
179 197
39 0
123 148
40 115
187 6
12 14
178 16
175 13
169 193
41 70
67 8
34 199
32 4
121 190
99 109
3 19
86 14
85 195
166 4
106 131
51 77
42 4
47 105
180 16
120 198
191 18
99 103
73 11
51 153
143 160
96 6
27 121
179 12
179 1
100 11
101 109
21 33
162 173
45 167
20 129
23 131
149 2
80 125
120 9
34 17
145 186
32 11
78 4
79 88
173 6
84 10
58 0
192 3
135 3
100 181
21 5
107 7
193 6
57 120
85 133
177 188
83 3
110 179
47 5
165 13
145 9
82 0
43 110
159 8
53 92
31 186
45 9
102 176
6 10
146 16
49 140
153 4
104 109
35 123
4 17
175 194
83 14
98 10
192 7
147 148
74 156
173 11
80 5
71 9
127 131
172 176
83 117
64 0
132 178
174 17
121 19
87 15
62 187
145 192
50 3
43 6
168 1
143 1
68 2
40 199
66 19
143 9
185 9
99 117
168 2
176 14
106 15
70 110
38 162
164 170
2 4
171 18
3 15
21 19
83 186
145 161
68 119
57 10
50 1
187 11
153 188
117 198
65 92
20 0
134 0
123 187
26 85
156 9
97 109
143 18
119 9
85 148
77 95
32 103
55 19
33 10
127 181
49 134
134 5
147 4
51 2
174 1
76 2
51 7
109 10
149 16
83 183
198 9
53 62
197 8
171 11
81 156
46 162
62 2
161 13
47 141
54 175
136 172
4 13
182 11
134 4
10 15
120 5
88 172
98 15
53 1
72 18
68 3
140 166
13 16
53 177
176 188
67 68
72 183
122 13
36 68
48 56
55 11
25 14
147 3
81 10
76 119
149 155
137 14
144 3
84 0
92 3
52 179
167 19
150 160
180 9
161 18
140 1
24 34
41 181
182 16
76 8
37 0
79 110
46 15
33 2
102 15
147 193
48 142
187 5
73 77
172 2
81 82
168 16
169 4
45 185
176 180
111 198
123 128
101 1
51 14
67 7
129 159
25 130
80 9
44 2
23 47
29 18
35 12
100 4
196 12
77 8
150 176
101 186
16 17
8 15
116 7
176 7
123 172
131 15
107 170
27 9
81 102
180 193
158 0
52 84
42 1
106 117
130 6
0 7
102 116
142 155
50 124
48 58
144 0
46 68
65 10
59 150
31 199
136 3
66 83
66 91
141 18
42 0
95 163
133 2
76 0
130 17
157 9
57 3
128 8
67 93
84 173
132 2
109 11
162 18
78 173
135 169
35 127
102 144
169 3
77 155
109 13
83 144
35 9
106 18
4 19
151 4
2 18
22 159
36 14
88 95
26 19
95 18
82 11
191 16
30 13
89 4
140 150
82 159
117 1
130 0
189 17
75 13
70 13
31 16
162 8
43 13
178 189
132 15
84 175
151 14
153 11
170 7
51 4
124 154
137 10
83 11
121 2
112 128
194 8
24 11
87 9
116 13
46 16
108 168
66 165
22 172
69 19
89 154
65 98
73 120
115 168
184 9
0 15
73 9
93 186
189 14
141 10
98 19
43 90
179 14
53 190
128 149
21 143
63 139
133 16
71 1
178 5
197 7
27 98
103 152
5 6
131 10
151 17
108 156
95 155
56 4
98 5
130 165
54 187
117 0
102 12
62 130
82 7
25 153
62 11
61 125
41 13
8 18
85 2
155 173
20 15
60 18
67 13
30 6
197 5
59 14
129 13
158 183
90 148
7 8
29 5
125 184
187 9
21 24
199 14
90 19
79 107
60 197
21 181
135 167
22 17
132 142
132 172
66 1
47 146
65 167
95 11
176 12
60 78
58 174
116 197
132 1
43 153
47 176
20 12
168 195
51 181
95 167
198 7
174 14
95 114
38 161
186 12
73 101
28 127
1 7
28 168
138 143
161 0
141 145
54 4
31 145
21 169
170 4
27 2
22 130
180 3
85 9
44 11
157 14
55 190
146 1
125 8
89 180
109 3
71 72
145 179
60 3
50 115
126 195
140 16
143 164
159 5
55 12
120 18
22 109
60 14
119 0
32 124
195 12
83 2
119 195
79 157
94 10
176 17
155 9
110 11
0 2
168 6
89 104
183 15
62 15
25 149
27 0
68 187
85 0
52 57
164 179
131 172
158 194
36 128
46 2
71 106
129 8
131 179
20 162
33 4
59 130
7 10
32 135
119 193
83 195
164 184
79 176
21 14
162 5
153 15
47 2
92 7
37 165
90 13
29 49
55 113
124 192
168 184
179 17
68 140
167 2
144 165
74 190
43 17
80 86
112 181
34 12
153 18
110 140
167 199
22 42
14 19
121 188
192 16
122 7
115 16
80 12
169 174
133 15
102 17
79 197
37 15
65 3
64 102
134 163
31 127
5 14
64 17
125 195
20 17
20 165
25 60
1 14
71 199
86 6
32 37
78 11
45 8
154 1
40 193
47 82
70 6
68 78
32 68
80 140
124 17
120 8
131 188
66 68
100 144
57 8
22 0
82 178
136 144
41 15
50 162
85 124
20 11
57 159
194 1
2 5
56 0
32 59
115 6
36 160
146 7
106 107
93 175
52 15
132 181
71 94
157 1
8 16
35 1
38 2
96 0
78 184
105 1
143 17
3 6
37 4
53 140
148 18
129 16
73 178
92 0
143 5
13 15
97 7
146 160
81 99
75 122
130 196
132 9
35 52
57 198
79 196
94 159
38 7
129 3
124 6
147 15
44 195
92 145
74 12
77 109
42 101
165 5
78 99
140 142
51 143
132 12
103 8
46 5
119 139
134 148
33 87
113 16
196 5
61 137
69 100
125 189
32 180
96 131
167 11
101 169
127 148
136 7
140 10
60 8
146 147
130 3
73 169
176 187
95 143
81 192
85 3
49 126
104 192
86 120
56 127
131 17
37 142
64 13
63 98
167 181
65 6
116 14
114 1
35 130
150 154
190 16
3 8
66 17
52 174
183 196
190 191
189 15
0 19
115 4
108 197
115 192
23 67
46 147
33 78
169 12
71 143
21 95
35 10
73 18
70 159
49 72
0 5
0 4
170 0
69 127
178 4
54 3
162 19
61 177
38 86
22 18
149 18
110 159
154 193
172 181
151 9
115 195
57 187
71 16
74 123
121 169
137 161
25 11
49 6
136 188
79 13
66 88
182 18
4 16
152 3
61 6
84 5
27 70
91 199
76 18
33 196
27 125
52 92
62 189
76 159
22 194
23 19
72 2
44 67
50 56
38 15
46 18
80 8
102 14
134 146
117 6
52 103
22 178
162 2
79 117
95 151
189 3
59 106
170 15
60 19
38 128
155 189
81 119
52 2
127 146
7 14
105 13
115 15
59 13
140 199
40 18
95 8
114 17
138 3
142 197
61 148
75 2
97 6
173 184
163 10
100 17
76 105
67 15
81 149
113 10
188 17
194 7
93 132
60 15
89 19
44 160
92 151
43 14
5 7
0 8
31 18
185 6
135 177
102 19
121 16
82 190
49 189
104 3
53 4
151 159
134 190
47 15
89 11
108 19
89 94
117 196
39 157
93 125
199 0
186 13
162 186
187 3
65 11
145 177
5 15
36 144
32 115
134 14
5 12
11 12
47 138
147 7
150 19
59 3
169 187
41 6
61 133
25 179
185 197
72 120
51 108
21 6
25 12
25 104
55 16
63 7
74 101
122 2
118 193
27 196
53 16
136 4
55 164
159 198
128 145
172 182
119 142
146 181
149 198
63 65
175 180
159 6
140 0
161 170
21 48
172 14
92 126
108 189
58 89
105 3
133 13
74 8
47 6
127 172
78 156
106 168
36 109
92 198
191 10
25 7
73 166
111 4
76 196
183 1
82 83
110 13
135 1
57 102
54 103
136 179
86 108
87 12
59 125
122 140
144 13
55 129
148 13
165 3
94 4
50 2
171 8
108 131
54 161
80 84
60 166
112 2
94 6
36 9
93 94
130 5
147 184
101 2
94 13
151 1
170 2
39 121
42 3
73 150
113 7
128 11
86 147
105 2
5 11
177 7
46 1
158 171
74 151
95 129
83 134
84 4
40 46
99 19
39 129
91 155
135 142
74 192
113 2
20 91
29 7
85 184
21 84
98 147
22 83
196 4
76 9
177 12
64 105
32 7
119 8
110 1
50 6
119 155
70 15
52 17
70 175
95 140
113 142
81 8
33 1
163 4
0 9
43 1
30 107
80 17
77 149
52 133
115 13
30 149
14 18
111 15
2 9
94 124
59 62
147 16
1 8
42 169
107 9
109 1
132 19
65 9
161 184
90 16
49 12
47 3
50 136
38 59
167 13
86 11
189 9
86 180
125 13
60 137
95 5
132 6
50 75
41 179
150 18
193 7
38 147
70 3
176 3
54 17
83 146
31 71
90 14
142 10
185 11
53 3
112 147
127 15
171 5
115 12
88 183
121 12
182 4
47 13
31 55
38 151
67 11
54 11
142 195
38 54
174 10
93 199
97 168
95 0
43 5
27 155
169 9
115 10
39 7
112 13
164 15
162 10
65 7
49 119
128 172
82 112
35 152
70 86
184 17
22 58
130 160
64 82
64 10
78 83
104 177
89 5
165 9
107 16
193 18
77 19
33 73
198 11
58 63
105 0
100 3
155 10
24 59
198 1
183 19
53 109
170 1
43 147
48 0
88 17
124 132
153 7
178 18
149 10
74 128
13 17
82 4
146 19
105 10
126 0
118 18
172 9
97 197
40 119
84 132
90 10
27 61
183 10
74 6
33 56
100 2
104 141
25 33
125 19
72 195
159 17
68 109
50 8
21 90
113 0
42 138
87 183
116 4
35 43
186 16
49 19
118 11
29 1
21 44
79 19
21 71
113 17
106 167
47 194
14 16
22 170
134 17
57 69
85 11
138 4
194 18
158 9
146 0
73 189
69 124
36 120
124 19
79 5
11 16
79 178
77 18
149 14
55 5
82 185
186 10
70 5
67 5
72 82
43 119
51 10
54 10
79 15
108 185
37 123
54 107
28 170
193 10
57 121
173 9
129 149
39 195
97 145
159 9
152 15
173 16
30 76
122 136
170 12
162 15
161 17
99 17
102 4
41 101
154 179
156 17
50 93
64 161
162 7
86 153
24 12
69 16
98 150
61 113
34 170
166 19
107 11
83 6
120 179
38 115
129 157
122 139
78 12
142 152
59 180
65 0
147 159
107 196
32 141
29 62
53 89
69 104
128 7
77 12
101 145
170 19
4 14
72 13
177 5
77 6
1 15
119 13
28 0
39 1
25 10
37 9
111 6
49 120
27 133
32 9
124 172
134 135
29 2
24 4
198 4
127 18
115 0
198 16
31 162
191 14
29 177
171 15
157 8
145 152
78 121
112 19
177 13
33 3
103 1
105 4
4 7
56 9
111 14
25 5
137 5
31 62
123 3
148 173
180 5
55 18
77 161
42 11
21 8
58 167
175 0
62 142
127 10
24 48
47 177
55 185
35 183
142 14
61 167
35 111
142 3
72 98
47 93
85 93
57 188
126 159
83 10
184 12
25 148
73 158
99 133
119 10
99 154
88 3
46 48
67 192
87 144
175 19
46 113
7 12
64 1
169 18
111 1
149 186
163 13
160 17
64 171
116 153
55 199
58 5
77 169
190 2
20 102
36 71
120 14
45 119
197 13
169 1
55 114
48 4
159 13
1 16
4 9
118 10
88 14
129 17
180 14
110 17
31 182
92 101
91 0
183 17
24 170
147 18
44 154
84 187
156 186
166 178
112 137
36 18
89 124
9 15
147 13
138 184
142 7
66 16
42 16
137 17
137 7
154 19
123 10
27 15
140 19
184 189
195 19
162 14
39 182
195 6
139 4
67 12
98 187
21 16
188 5
75 184
144 2
136 145
150 8
81 126
24 16
131 136
118 15
185 0
52 19
172 1
65 18
11 15
50 182
164 11
122 17
0 3
118 4
142 160
126 1
0 10
162 1
155 172
155 176
182 5
52 4
140 185
95 138
131 16
49 17
106 119
32 163
54 105
102 188
163 15
115 14
21 11
118 12
155 1
97 164
88 13
103 171
75 12
86 3
67 144
82 8
143 19
72 10
14 15
125 4
102 6
49 180
89 10
73 15
122 12
126 130
120 3
27 17
151 183
101 164
188 13
104 19
116 5
120 1
96 2
191 5
127 177
195 9
120 185
164 185
130 199
46 169
131 146
61 2
141 5
142 4
44 100
66 158
4 5
149 5
42 17
46 114
57 7
93 9
82 16
23 162
141 189
66 4
44 16
176 8
64 90
72 3
121 0
87 195
181 15
30 145
162 17
92 13
24 165
26 11
93 12
90 2
63 5
167 3
181 12
88 188
35 177
39 49
3 10
82 123
80 11
72 6
23 1
165 191
102 8
48 136
53 170
104 10
116 0
107 161
167 9
135 0
187 7
60 106
165 17
26 14
65 198
85 147
154 157
127 9
77 123
54 12
99 175
197 6
149 161
145 197
197 3
125 5
186 14
106 6
158 2
134 2
57 1
136 15
85 115
50 121
88 153
128 150
38 19
92 19
143 189
65 16
59 189
110 151
9 13
97 115
105 131
21 131
56 13
32 146
90 6
73 109
64 86
105 19
68 12
1 17
69 87
40 14
103 120
137 18
57 16
83 135
74 3
20 143
21 195
102 13
171 10
74 143
55 6
196 2
63 166
154 178
88 10
30 148
64 5
80 10
99 168
165 14
98 188
102 189
128 173
123 12
69 150
127 158
136 9
124 199
52 59
151 161
41 10
191 3
150 151
20 35
134 153
123 1
24 18
5 10
26 6
175 6
20 114
22 173
103 12
56 156
162 4
56 17
128 135
2 14
23 15
0 17
118 129
109 6
103 132
61 5
143 12
119 6
42 177
149 184
55 13
3 5
77 189
29 37
189 1
172 16
59 11
103 13
84 92
86 19
160 0
71 108
176 19
112 159
123 191
21 7
94 179
125 6
66 114
105 146
23 168
123 17
103 176
5 13
27 104
56 7
70 84
94 8
66 186
24 181
46 9
2 8
47 10
66 18
40 11
51 121
90 7
98 164
43 15
63 197
37 3
193 1
74 91
60 199
107 148
30 159
106 7
79 146
7 13
97 139
163 8
4 15
54 198
55 1
49 185
158 16
109 14
28 3
26 44
23 9
81 92
20 53
22 95
127 133
177 15
106 8
68 11
81 4
98 16
41 152
138 1
67 165
131 143
36 5
138 144
61 9
136 175
84 14
177 194
93 4
99 2
153 10
49 15
111 168
147 14
77 3
167 1
41 14
117 132
86 124
154 172
62 5
96 162
75 109
21 86
52 11
71 163
141 13
39 143
192 11
161 15
149 164
35 96
35 92
140 18
114 4
133 6
38 163
163 173
20 5
152 7
65 175
127 145
111 148
59 177
161 11
157 5
52 16
79 17
73 125
114 176
36 8
28 18
178 8
182 2
38 6
174 5
113 185
101 156
91 3
193 17
36 93
164 16
130 18
126 5
70 168
38 50
139 13
41 99
83 137
26 3
109 2
90 176
11 17
177 17
56 86
107 0
56 135
173 5
59 7
39 18
64 8
116 9
157 15
25 59
43 3
24 190
47 17
98 6
98 101
184 16
47 170
199 2
78 148
89 6
145 0
124 134
72 123
26 160
13 14
28 30
112 164
132 164
72 163
173 13
131 14
79 85
57 11
60 133
1 6
174 176
136 197
83 1
98 2
21 94
135 153
55 59
84 17
41 122
57 2
109 12
129 188
42 15
169 15
7 17
127 14
104 188
32 1
11 14
48 93
47 14
148 163
76 11
21 0
64 9
45 10
91 4
145 12
58 77
58 69
173 4
60 107
112 3
135 15
157 173
107 128
106 9
12 19
92 148
148 4
181 1
67 139
99 1
111 12
52 1
180 15
39 5
150 0
45 5
155 12
20 9
74 144
117 158
53 5
92 16
130 1
1 12
74 170
71 136
86 199
21 4
76 10
62 17
108 2
68 182
90 9
54 14
185 18
80 1
35 15
158 11
30 45
190 14
42 157
166 11
96 11
148 14
37 108
46 186
57 163
119 11
21 10
167 180
140 4
107 184
128 169
92 18
28 172
91 14
58 123
98 174
127 191
33 15
54 91
97 4
142 1
46 168
35 157
116 128
24 19
25 18
119 184
120 173
135 5
113 8
80 154
67 170
68 152
54 149
34 19
89 179
33 105
186 11
89 171
78 186
25 182
105 142
30 3
111 8
83 98
128 156
34 56
38 14
30 155
178 3
49 83
155 195
51 8
33 177
85 122
96 143
38 17
53 148
126 18
34 5
6 13
40 4
60 136
106 174
123 183
145 194
121 146
146 14
109 157
108 124
0 13
30 0
27 1
59 15
64 160
61 19
90 144
28 56
81 114
179 8
78 94
150 2
51 154
100 15
52 10
26 162
94 168
134 1
184 0
166 12
8 17
62 162
33 64
43 49
137 171
97 2
50 169
130 14
155 0
64 7
148 7
70 0
136 171
43 122
174 16
82 184
77 16
88 0
181 5
155 14
80 93
159 18
65 146
91 164
51 18
140 12
2 7
134 12
43 179
137 0
54 110
21 164
94 101
80 101
122 144
90 15
129 14
87 125
51 9
102 130
105 7
133 1
117 19
69 0
132 191
59 89
62 0
199 11
51 112
164 5
25 110
34 166
162 3
164 17
71 183
166 14
71 145
32 174
144 6
32 107
72 97
65 77
39 17
27 147
55 7
112 190
185 17
127 196
71 87
33 18
137 162
81 169
142 15
51 15
6 11
2 19
50 89
35 18
122 187
25 1
58 15
10 16
144 158
24 168
179 4
142 17
10 13
78 2
90 8
157 13
79 114
70 129
102 193
24 123
161 8
9 18
69 188
153 159
54 177
49 0
187 12
29 142
197 1
137 146
44 19
81 139
57 147
141 8
164 10
52 13
27 82
112 0
53 171
64 111
153 6
89 14
134 15
174 194
90 143
162 16
25 3
89 1
66 189
31 54
159 12
41 1
85 114
28 55
105 168
132 4
136 6
147 19
113 145
183 6
40 127
187 1
91 188
110 14
52 143
71 10
147 17
108 7
30 16
20 185
21 17
81 127
40 17
54 150
32 98
106 184
119 125
127 130
125 15
73 104
5 16
120 13
198 14
174 11
62 7
51 11
48 2
10 18
87 155
109 113
45 78
48 8
179 10
7 19
154 9
32 181
159 2
153 8
28 105
79 156
97 12
79 14
1 10
6 7
64 14
133 10
156 1
45 6
35 191
77 192
152 180
132 0
170 17
175 5
173 12
102 11
116 123
72 160
1 9
160 1
60 6
70 197
88 113
20 196
98 111
9 11
44 15
51 52
183 14
128 132
160 8
120 195
181 14
34 87
25 9
22 11
129 178
99 113
0 6
171 19
30 195
145 11
95 173
121 8
122 9
47 168
145 4
99 0
20 70
73 149
93 7
41 94
111 16
70 117
78 169
68 164
31 10
133 19
121 185
170 13
85 181
66 134
60 128
66 197
122 16
76 78
171 3
27 16
172 186
139 8
81 189
27 13
21 38
75 174
26 64
156 18
161 3
73 4
158 6
92 95
187 8
165 4
139 6
94 125
1 5
119 171
44 75
10 12
41 128
84 2
73 102
35 181
197 12
47 143
104 118
74 5
104 9
156 12
101 17
122 199
137 150
184 188
29 48
42 99
36 167
6 14
23 185
160 166
76 14
37 49
75 18
46 111
89 0
83 193
28 156
173 183
71 158
85 12
139 3
72 7
32 83
177 4
72 133
153 14
109 15
144 191
35 138
24 7
37 138
16 18
181 2
59 188
13 18
156 13
54 158
114 9
105 125
38 84
161 5
37 48
103 14
59 156
43 53
174 9
131 150
82 137
22 2
141 164
149 3
67 3
125 3
93 19
68 185
136 5
103 17
91 145
126 4
106 198
43 16
6 19
111 179
31 51
175 8
116 2
34 158
169 14
36 79
58 194
54 8
160 10
141 148
195 14
78 175
85 169
62 12
29 148
75 106
62 172
54 179
168 0
184 11
20 3
18 19
63 9
34 168
25 51
8 12
182 13
58 124
47 12
175 9
98 0
134 183
12 15
114 8
50 68
22 7
39 16
192 17
35 108
132 10
53 79
110 129
164 172
11 18
175 17
47 108
66 3
95 14
2 15
35 113
95 104
198 6
77 198
68 1
161 1
84 107
147 179
3 18
136 0
30 66
72 106
74 127
24 8
99 125
9 16
45 93
188 198
29 159
99 167
112 15
191 8
28 113
82 6
130 10
61 11
145 14
90 0
155 6
8 13
157 0
86 10
125 126
83 170
59 169
110 15
120 153
186 0
60 111
156 15
195 11
86 16
111 182
22 57
196 7
2 11
169 17
92 96
22 110
162 163
131 6
140 170
87 121
91 178
198 0
117 12
25 159
106 111
63 102
39 9
32 6
64 117
111 187
193 0
69 13
77 194
93 142
151 188
29 187
168 10
1 18
187 192
74 132
153 9
88 16
29 151
111 11
133 173
6 16
86 9
100 12
29 14
53 14
23 129
118 147
29 6
37 111
5 8
94 0
70 124
179 193
41 78
73 139
76 12
167 176
22 62
8 14
7 16
15 19
65 188
139 179
155 15
96 3
128 6
177 10
104 15
199 6
29 130
160 163
117 18
133 145
29 10
191 17
163 188
190 19
186 18
78 0
137 19
42 89
41 9
60 1
46 3
198 17
153 181
57 78
172 3
4 10
83 199
70 118
161 7
148 6
43 194
91 98
112 14
85 15
24 106
48 60
69 172
191 11
131 12
3 12
100 104
163 1
98 12
107 125
46 188
31 11
159 165
69 5
92 9
44 13
22 29
2 3
169 188
188 9
99 176
39 10
182 17
21 65
108 139
59 137
70 14
47 53
81 16
146 199
50 71
65 90
158 172
34 129
39 119
4 18
185 13
80 184
93 6
88 89
103 6
113 199
76 4
169 8
96 101
101 159
173 7
58 12
14 17
38 69
97 0
110 117
185 16
55 166
127 8
135 147
61 18
48 92
161 2
39 190
63 10
69 186
40 84
150 14
71 5
78 17
80 0
36 15
136 2
138 186
100 19
154 13
83 172
164 18
146 12
24 108
95 3
52 5
61 99
131 173
55 104
26 5
111 3
31 167
54 94
67 115
125 176
28 68
64 99
31 6
193 8
183 0
92 141
36 41
175 11
129 0
46 58
34 138
77 145
175 4
136 1
140 13
27 109
66 13
128 15
39 193
98 140
111 172
128 143
65 133
107 14
116 12
61 68
67 185
47 126
97 199
121 11
119 172
58 6
21 170
123 19
65 17
45 104
150 167
22 10
178 184
94 160
89 13
135 7
97 14
195 8
128 4
185 8
112 169
97 140
74 193
74 17
176 9
146 193
72 16
41 4
179 183
104 129
116 147
94 11
102 149
133 153
132 18
58 99
170 18
165 6
170 16
155 163
57 199
120 138
27 153
65 1
58 19
70 1
59 70
103 7
104 6
103 3
168 190
154 10
99 6
75 143
136 190
135 14
116 188
40 71
3 11
199 15
70 11
28 96
115 131
128 16
77 4
40 138
43 81
126 6
26 90
73 94
178 17
79 4
37 140
132 193
99 14
109 159
161 9
65 67
77 156
91 17
48 7
182 12
109 8
108 154
76 134
29 67
112 10
127 12
70 121
168 182
38 61
27 18
198 2
37 59
31 76
110 18
50 190
43 188
58 14
100 148
106 0
23 26
137 1
119 156
187 16
27 124
23 0
35 13
124 10
1 4
107 17
24 33
38 12
107 10
71 15
114 12
83 147
48 1
47 137
23 2
51 122
101 163
140 6
32 3
128 13
32 34
37 5
61 16
20 157
142 193
48 116
147 5
91 140
75 9
30 5
29 4
193 11
93 197
106 4
71 8
1 13
0 12
51 196
89 135
137 165
28 4
2 12
105 123
21 1
60 147
28 15
25 140
67 135
47 11
183 11
178 9
130 138
47 16
87 6
121 175
21 68
138 13
0 16
176 181
51 167
81 132
64 69
50 14
67 10
102 173
100 139
103 151
125 17
126 186
75 86
181 17
53 189
199 1
143 158
119 19
84 159
78 5
60 12
103 130
27 44
142 2
164 19
51 6
39 3
161 189
21 156
25 30
91 13
161 179
90 4
174 0
188 2
180 13
138 7
1 11
36 142
117 8
98 3
72 114
153 16
105 9
55 117
130 170
115 19
11 19
83 15
163 16
67 182
58 169
52 9
160 15
132 16
168 8
43 88
135 6
82 117
53 99
75 180
57 111
153 13
26 12
110 131
34 67
48 191
153 161
154 197
116 129
114 195
119 183
12 18
167 8
108 3
90 118
94 123
122 157
93 143
49 69
56 193
127 1
24 65
130 178
132 183
134 7
169 2
1 19
165 189
75 6
52 169
80 146
117 16
31 89
2 10
32 157
72 15
35 141
91 19
42 130
70 115
25 154
155 2
85 120
45 130
101 11
101 7
104 18
27 136
178 6
77 98
111 174
130 131
131 148
184 194
123 11
144 160
29 9
162 12
128 161
33 75
58 185
71 3
96 8
46 14
110 19
117 10
68 14
28 70
178 19
54 117
44 190
151 6
177 16
120 7
54 15
125 153
105 132
125 196
75 107
34 14
82 17
112 9
9 19
24 15
33 46
196 15
69 70
79 142
162 188
81 0
86 138
79 3
33 19
93 139
29 140
116 17
130 8
43 0
160 3
151 158
189 13
77 117
114 196
98 9
66 178
68 17
134 175
49 132
155 160
34 151
66 173
146 176
134 150
159 1
66 69
109 18
42 110
126 144
15 18
44 104
42 103
10 19
51 145
28 10
121 194
130 4
97 178
103 139
199 13
31 147
182 10
133 140
23 17
118 5
4 8
91 16
103 150
179 191
75 193
75 0
139 7
65 14
86 175
65 13
189 6
58 3
38 8
137 15
151 0
87 158
56 11
53 18
112 189
111 13
20 1
158 14
192 18
121 13
123 139
30 11
28 2
100 113
128 12
22 14
71 128
115 3
68 19
0 14
97 18
34 6
117 143
117 13
139 1
183 13
93 172
61 3
128 17
22 13
140 155
35 172
63 68
94 170
171 16
127 176
89 16
2 13
93 1
40 6
67 112
47 182
36 173
79 194
59 8
164 6
114 134
111 9
63 3
89 116
176 16
45 7
45 110
81 150
51 81
81 18
100 162
131 189
0 18
59 119
10 17
134 186
174 2
59 6
172 6
117 149
133 9
34 155
139 10
58 74
141 17
44 66
104 14
72 100
134 6
50 82
124 144
107 3
160 11
