0 9
6 16
112 12
130 13
102 13
151 158
106 12
67 164
193 5
82 152
156 15
95 4
179 3
25 5
46 140
191 15
166 19
23 168
33 167
127 151
77 3
29 4
28 13
74 6
75 9
20 144
40 13
73 10
195 8
80 15
21 187
122 134
92 12
118 119
20 134
140 5
21 18
75 84
123 187
64 122
97 10
96 194
113 8
141 155
199 6
123 17
156 10
164 183
6 10
63 19
41 137
80 5
38 16
103 11
140 18
21 17
47 154
55 13
54 8
2 15
75 128
1 19
39 54
100 183
60 11
41 42
36 152
86 127
3 10
136 180
128 197
89 199
41 14
162 182
94 17
75 97
42 114
82 127
73 118
43 4
177 6
129 130
60 113
143 197
87 10
80 2
102 163
103 199
106 159
189 2
32 4
68 120
125 0
33 86
30 91
42 65
65 90
190 0
87 113
38 100
114 123
36 165
182 7
142 144
184 10
14 15
36 97
98 9
135 142
78 147
124 126
134 12
118 1
138 16
6 18
197 19
135 0
95 112
162 18
133 17
109 167
136 12
30 121
83 88
88 196
154 14
8 18
48 11
95 19
154 7
32 127
153 5
90 152
137 13
25 144
165 3
7 15
57 196
130 141
21 39
123 18
147 3
34 12
64 1
148 4
140 175
149 5
81 130
27 10
78 89
28 11
182 11
132 183
26 72
111 113
30 45
79 170
93 4
38 62
25 7
144 16
13 15
129 167
43 14
188 9
185 16
155 13
147 156
98 119
69 187
94 6
92 19
124 146
195 16
117 2
20 128
139 185
108 15
136 145
51 87
51 3
143 7
87 6
77 13
11 15
136 140
67 13
137 3
135 146
33 2
156 7
132 157
4 17
77 9
82 2
109 17
97 136
100 19
24 41
130 164
60 10
68 8
96 17
80 91
39 1
101 4
51 150
38 42
99 118
68 17
78 13
36 16
142 16
84 125
77 146
130 0
1 12
2 4
25 38
93 136
0 16
45 75
52 94
172 180
102 149
115 17
105 151
29 75
46 161
88 14
51 5
112 1
48 0
3 17
77 11
21 75
194 2
118 179
20 115
79 4
100 164
150 13
44 172
132 16
117 1
89 156
20 167
34 82
23 47
122 17
70 13
99 14
22 130
16 17
45 141
30 80
97 2
153 167
62 16
107 17
121 198
60 199
50 54
22 10
159 19
51 174
69 2
34 141
60 5
135 199
47 136
131 2
133 7
81 88
4 8
15 16
69 149
130 10
111 8
189 191
171 11
110 165
20 158
110 178
41 4
126 9
81 133
42 188
181 0
86 3
80 169
182 0
191 5
27 3
6 12
87 198
40 16
21 178
131 13
122 5
28 76
120 159
5 9
154 8
41 135
27 58
40 168
145 18
48 120
179 7
143 17
28 133
36 6
112 145
169 9
113 10
43 169
39 14
162 19
109 5
111 19
131 193
160 164
41 13
68 16
183 14
94 0
180 5
67 3
49 137
72 157
164 6
75 13
141 173
135 15
116 0
27 28
144 156
38 69
54 106
94 11
59 189
170 6
32 169
112 143
49 167
146 14
10 16
39 19
76 184
130 181
35 138
28 15
79 172
168 9
135 16
43 99
124 8
20 84
24 157
24 14
72 176
180 4
68 128
98 10
160 1
88 17
63 161
96 15
174 18
77 87
102 123
4 9
73 0
114 2
41 102
64 161
147 17
79 136
56 138
133 9
54 172
53 196
26 182
25 16
72 9
20 14
105 111
42 5
145 157
181 193
65 151
164 8
36 12
79 109
151 181
9 17
123 145
9 10
181 5
152 12
57 4
131 15
59 198
146 150
46 132
0 8
119 0
58 13
63 4
93 13
178 18
35 141
128 11
31 150
178 11
34 145
100 113
102 150
22 172
132 136
105 14
196 0
88 185
32 19
23 181
22 14
27 8
192 17
88 112
54 2
31 129
152 8
106 182
1 15
136 6
141 164
187 4
40 6
174 13
116 10
184 2
106 125
193 7
47 163
34 115
50 170
51 125
24 189
61 11
48 5
39 7
94 8
180 198
37 6
136 5
50 1
138 190
66 80
26 127
141 179
128 181
22 9
109 176
31 16
157 6
121 2
36 127
189 11
80 14
21 185
40 8
50 127
115 10
13 14
27 19
193 19
153 3
85 104
64 2
29 14
35 65
152 188
182 13
143 161
25 27
136 16
165 197
64 142
39 142
115 140
59 145
169 12
84 163
32 117
33 17
107 113
61 12
111 18
117 15
75 4
78 188
181 12
68 88
11 14
95 174
56 188
90 8
87 19
50 3
112 17
79 9
36 134
23 103
61 160
3 15
80 11
12 15
61 64
56 6
7 11
133 13
87 92
32 158
46 176
63 179
85 0
156 17
27 33
50 132
133 166
57 189
134 3
133 8
104 179
46 17
114 166
122 12
142 180
131 18
20 70
38 19
182 2
109 16
143 19
153 195
25 86
143 9
86 130
143 16
132 13
131 180
7 13
75 3
45 90
106 16
91 6
99 11
96 103
30 14
57 108
95 110
45 61
150 0
94 165
61 72
90 149
30 10
92 129
81 140
45 162
143 3
11 19
53 129
70 7
176 2
61 148
49 4
24 10
123 8
31 83
80 0
102 112
159 7
0 14
29 144
174 0
134 0
174 8
119 163
142 161
21 70
44 3
118 3
59 111
106 146
54 56
73 198
43 5
167 196
149 3
60 117
103 179
77 176
67 9
91 185
47 12
161 12
108 129
81 123
24 7
184 199
51 122
34 16
4 15
33 84
174 17
24 81
95 17
54 14
166 15
135 159
119 8
97 132
152 5
13 17
99 4
24 61
26 6
72 160
89 171
114 1
167 3
31 185
77 130
25 198
189 8
20 181
93 0
79 6
109 181
60 4
51 13
57 123
158 10
30 92
94 112
42 10
147 14
26 19
63 126
41 7
115 148
82 84
33 160
116 19
105 135
34 13
59 3
74 177
160 167
85 171
35 85
20 165
113 16
67 106
102 182
148 1
32 96
169 187
144 17
159 18
85 10
35 17
73 12
80 88
12 14
104 174
40 191
1 13
79 3
43 10
143 192
40 130
128 3
136 194
143 195
52 93
111 116
50 179
132 5
85 2
49 88
30 2
158 6
115 14
174 7
108 3
24 103
169 19
105 8
26 60
1 5
91 19
120 2
154 11
162 193
86 17
158 17
147 165
33 6
68 139
67 19
91 120
60 0
7 14
34 149
115 6
22 113
101 188
48 4
65 154
22 2
94 18
123 4
69 11
107 176
73 9
108 10
38 136
109 164
74 75
43 138
116 118
65 155
85 181
140 157
179 17
188 14
195 199
2 16
54 102
150 2
44 0
185 1
155 16
43 59
192 4
55 71
42 6
145 158
156 178
178 197
24 27
9 12
52 122
120 133
41 136
41 191
131 154
177 0
166 14
38 199
29 7
125 155
33 82
123 154
181 2
162 9
136 195
198 3
100 0
44 196
152 182
168 169
52 60
106 178
80 121
160 5
64 98
107 14
93 17
95 15
60 146
157 187
5 8
73 1
151 15
176 12
11 18
68 158
105 110
68 132
0 10
169 4
50 65
123 184
135 144
65 99
56 173
48 77
62 186
177 12
66 17
50 19
38 101
172 179
142 7
152 177
99 10
86 136
56 14
46 104
168 19
131 191
44 11
27 145
28 16
38 97
35 15
53 151
26 109
36 82
138 9
188 4
192 10
61 85
157 189
77 139
198 17
192 13
42 2
102 173
118 11
139 16
79 90
85 141
92 112
60 137
21 131
151 17
71 18
199 5
171 6
98 117
109 11
133 16
14 17
93 10
36 102
36 7
73 150
102 4
67 194
0 12
35 14
68 172
111 13
66 89
0 4
101 193
116 126
75 178
58 9
23 39
92 100
3 7
155 2
190 16
82 8
103 15
105 142
162 12
52 115
46 10
163 12
56 144
181 3
78 5
41 94
28 122
35 76
38 112
25 85
33 141
40 75
81 15
118 2
42 44
37 10
83 89
76 169
87 7
20 146
85 124
197 17
150 12
46 48
49 179
130 166
199 12
126 16
59 0
68 93
56 10
135 148
25 65
171 189
177 4
67 165
102 5
105 171
48 76
30 154
68 7
4 5
35 8
151 18
45 70
86 109
140 153
120 132
98 127
152 197
54 76
63 11
74 16
112 18
70 84
138 149
85 169
195 3
21 142
25 126
63 90
76 4
21 13
75 17
68 134
157 174
51 85
109 18
194 8
113 3
154 159
177 190
38 65
2 3
130 17
182 16
87 18
171 0
152 1
21 76
138 173
27 181
110 2
123 13
113 179
101 170
82 145
112 113
156 11
59 179
165 12
165 174
89 10
111 149
158 192
49 140
69 130
194 0
83 121
90 17
107 122
106 119
160 11
5 13
37 138
76 9
106 6
114 143
36 167
76 12
63 17
122 153
122 0
49 133
81 19
43 17
175 3
38 12
131 162
134 9
170 16
121 137
98 199
131 0
127 179
106 1
151 171
136 188
167 16
52 103
67 151
125 12
196 8
63 1
37 7
44 2
28 104
5 15
70 144
24 0
30 51
196 11
141 13
149 13
145 4
187 17
165 17
50 66
58 180
23 16
50 85
100 17
78 0
165 183
131 16
55 117
163 9
20 5
115 1
149 17
187 13
140 15
151 9
23 138
194 5
182 18
127 188
132 18
54 16
66 3
56 5
24 162
26 160
103 16
45 11
189 5
68 170
60 7
191 0
121 191
47 5
162 2
103 19
59 191
1 11
44 162
185 13
142 11
118 7
139 187
48 81
59 15
160 3
10 14
76 117
14 18
131 138
42 0
149 16
53 19
165 2
81 18
146 19
100 142
70 134
35 164
83 9
103 1
22 15
52 17
23 57
6 14
82 14
111 135
136 3
29 3
21 19
36 53
91 0
10 11
66 187
122 18
26 74
80 134
100 187
87 137
20 13
68 18
184 18
76 6
77 79
66 1
145 11
97 153
46 193
71 10
100 7
169 13
47 3
196 17
143 149
133 18
38 3
55 132
194 16
31 133
90 3
15 19
142 165
113 0
145 17
64 79
159 4
172 3
85 3
186 12
103 112
130 4
82 11
34 175
143 13
41 9
27 195
51 94
181 13
90 125
117 16
26 11
41 16
162 10
169 6
176 1
76 5
97 152
193 1
70 189
99 145
65 132
53 146
182 8
94 131
78 198
26 132
88 101
26 33
159 6
47 81
115 119
123 5
79 132
126 8
198 19
101 0
99 161
103 5
171 2
143 191
5 7
177 10
24 9
42 17
7 8
114 12
155 198
7 19
45 84
42 173
71 107
27 2
124 17
84 153
79 14
179 5
22 5
49 85
188 15
59 151
47 79
42 13
63 16
72 156
143 5
100 10
49 191
109 166
34 54
91 144
27 173
55 14
8 14
108 158
48 52
59 6
180 2
107 143
153 13
155 1
98 139
5 6
98 18
30 127
30 5
166 199
184 4
133 10
89 11
184 11
36 117
65 16
160 2
107 163
175 15
63 7
195 12
78 1
61 8
130 8
165 176
171 8
23 5
115 186
89 119
53 14
4 6
24 51
175 9
172 9
45 5
77 15
73 77
125 193
153 11
67 163
37 177
111 1
102 17
54 57
54 186
191 3
83 114
83 124
74 129
104 4
4 13
120 161
24 2
62 153
53 90
119 6
139 2
83 11
101 7
158 199
148 189
144 3
50 154
52 193
24 82
33 14
72 6
60 85
120 18
62 143
91 92
34 98
45 1
128 14
29 12
138 7
197 8
24 17
97 17
22 187
116 8
81 152
71 17
164 186
20 94
191 7
50 75
38 2
121 17
50 144
84 5
101 10
30 113
54 69
31 2
23 143
32 15
100 104
105 138
40 41
24 70
178 13
95 18
197 15
60 72
53 56
17 19
87 12
49 129
99 182
197 14
139 18
161 170
61 5
82 83
30 189
88 18
91 182
3 8
8 11
110 10
33 77
71 192
84 146
100 196
46 80
193 9
98 136
88 97
27 127
42 196
165 1
71 11
53 18
101 191
122 9
105 185
161 5
177 7
116 125
97 113
113 5
122 7
139 9
71 162
12 13
100 108
95 9
160 15
145 7
120 12
68 83
31 145
65 72
89 100
85 11
108 17
126 15
75 179
153 185
49 8
75 0
59 146
30 13
116 5
87 167
120 123
112 151
141 11
49 113
58 143
84 14
26 1
40 60
105 170
101 108
108 5
34 2
65 15
35 146
62 123
160 183
41 67
23 27
122 2
38 1
175 0
94 137
141 156
58 148
177 5
93 155
197 16
103 139
127 2
187 11
153 19
127 16
125 5
188 5
45 6
137 165
62 14
56 199
94 104
70 131
135 9
135 158
61 3
131 173
111 133
91 17
42 83
44 167
114 161
32 7
43 19
81 2
64 13
101 197
12 19
188 11
128 138
138 3
88 91
27 11
138 15
193 4
55 9
58 93
36 185
0 18
70 83
30 7
121 4
121 172
63 12
10 15
85 8
52 6
62 159
171 5
170 18
123 192
167 6
48 99
24 145
124 16
26 13
38 173
103 12
183 0
40 163
85 6
164 13
177 18
179 2
24 5
127 5
138 19
132 163
82 185
182 9
147 18
86 133
20 10
89 2
73 4
67 167
65 98
28 1
56 15
22 141
53 142
128 8
133 5
92 174
106 123
109 159
94 144
34 19
2 19
53 157
40 1
183 7
62 7
4 12
196 7
107 138
78 16
149 0
54 1
169 191
90 161
6 15
136 149
168 5
143 0
103 197
104 5
132 9
156 177
111 150
22 114
139 174
159 13
0 15
78 132
33 194
94 148
180 13
114 135
190 19
150 7
5 14
163 11
20 100
25 132
22 62
75 7
46 169
49 17
49 124
61 116
57 7
51 153
116 135
68 95
59 177
123 7
84 87
94 14
54 91
67 92
54 10
36 8
109 143
22 19
95 96
116 159
94 142
109 8
162 16
69 158
141 199
167 13
57 153
39 81
120 7
85 1
148 19
181 15
193 14
45 126
1 16
129 160
46 100
33 15
91 187
143 165
125 127
104 158
41 0
38 148
170 14
25 146
166 16
65 5
89 151
22 132
35 9
40 12
54 3
190 13
51 190
57 8
38 165
78 2
118 164
97 11
161 194
112 4
43 2
138 5
178 190
72 90
198 15
124 11
82 6
148 5
68 119
174 11
118 13
24 123
163 10
23 9
1 2
25 180
124 3
81 97
133 156
29 137
49 183
159 15
187 15
157 2
89 12
87 153
196 12
62 142
2 10
34 150
42 7
113 14
99 144
126 177
77 135
95 109
29 88
139 0
104 167
91 15
38 0
89 110
62 103
53 94
64 108
161 164
61 193
82 150
43 90
183 18
71 2
60 151
183 198
112 10
62 12
28 144
188 6
98 6
86 1
54 98
92 141
162 194
24 156
53 3
67 5
132 10
1 18
136 18
64 101
28 55
72 128
53 63
41 2
195 0
94 118
2 12
108 117
0 17
2 8
149 156
69 14
76 107
173 19
42 9
76 1
129 0
70 14
110 143
44 4
48 145
106 0
169 183
153 1
111 11
116 147
137 6
35 16
182 10
128 7
140 162
52 8
22 4
41 173
124 169
134 15
33 116
61 140
104 19
23 18
108 188
178 3
82 154
38 171
66 4
27 4
182 15
60 112
94 151
121 182
163 17
199 9
123 19
27 193
85 152
62 18
32 64
34 6
25 9
139 160
66 86
72 14
141 154
36 18
0 5
188 10
75 18
63 145
77 80
97 13
53 1
41 143
39 151
76 93
36 126
159 17
32 8
22 144
65 112
68 171
152 6
58 17
64 7
165 10
67 1
83 145
73 156
20 11
123 151
97 154
102 1
62 191
112 14
153 183
130 173
166 184
101 106
77 175
191 4
119 7
34 14
127 17
75 147
38 10
24 16
111 127
120 156
102 18
150 5
193 16
92 1
9 11
147 6
108 11
116 183
24 11
43 47
78 19
88 5
75 168
166 187
70 192
20 17
109 1
193 12
43 11
25 179
32 109
157 199
69 8
75 190
49 14
66 6
163 19
68 167
66 9
26 36
2 7
148 16
125 1
67 77
115 187
82 94
155 168
44 109
78 109
23 169
120 128
22 54
100 15
187 3
37 124
122 8
38 39
174 1
174 9
57 111
67 8
56 182
42 86
61 123
37 11
173 14
21 64
11 12
46 11
36 162
105 172
110 171
127 9
166 10
25 137
3 9
96 2
65 7
113 166
55 159
198 9
174 193
107 196
111 7
44 197
159 1
21 129
8 15
178 5
28 18
38 77
167 18
69 155
57 3
112 7
162 15
154 0
85 4
33 55
190 18
46 15
8 10
189 1
96 156
87 5
57 191
66 69
103 147
57 69
75 94
149 15
52 16
175 5
52 83
119 18
44 173
113 13
195 19
70 181
67 72
91 115
91 142
84 159
42 198
20 7
9 19
108 2
1 10
174 10
40 129
72 139
31 18
130 152
60 8
169 8
110 169
4 18
138 14
86 165
71 185
40 5
21 117
70 15
199 4
23 177
78 14
35 112
60 128
175 18
57 169
175 19
25 108
63 6
25 1
9 14
50 153
175 184
29 51
7 16
67 191
72 18
187 6
90 0
89 8
40 11
179 183
25 163
109 113
135 3
157 5
116 7
114 154
73 193
67 0
34 1
28 5
84 2
30 6
132 135
53 164
178 14
85 119
96 159
112 183
92 170
69 193
184 15
13 19
26 18
166 3
75 173
49 80
93 175
107 124
36 176
77 18
57 112
89 140
172 10
40 172
83 18
145 3
97 18
42 144
123 125
27 12
69 17
44 73
114 178
142 3
138 165
31 107
81 173
70 10
43 117
115 158
48 56
170 176
21 15
101 12
97 6
23 173
148 13
103 194
28 103
93 5
125 10
71 181
98 166
165 167
45 171
103 0
130 5
52 98
89 3
40 2
80 3
148 187
32 108
114 10
65 10
165 0
154 10
44 101
139 4
147 153
29 98
88 129
21 11
69 12
66 84
89 147
74 1
69 176
133 134
95 5
12 18
164 15
107 18
132 142
84 9
36 13
102 111
94 16
185 9
33 177
21 2
126 198
50 6
72 121
150 14
23 4
49 5
145 15
79 13
74 12
0 2
89 194
43 131
33 48
24 15
87 0
80 16
60 180
37 182
1 17
114 16
156 194
161 190
77 12
86 105
100 1
44 13
56 65
45 182
96 11
72 150
80 12
92 125
190 8
97 0
27 115
83 150
27 165
110 14
135 17
123 12
30 182
120 15
27 35
149 197
117 158
104 18
29 64
138 199
29 158
89 129
49 1
48 160
58 6
163 0
151 173
54 176
64 107
72 192
159 12
160 8
4 10
101 132
82 10
49 111
192 19
76 18
155 11
33 192
3 14
152 11
65 13
194 14
53 9
124 194
64 137
6 8
73 19
108 169
28 192
95 144
63 75
106 163
64 16
42 55
56 8
73 124
31 146
49 12
74 178
71 180
93 7
198 10
55 88
199 16
195 18
50 97
63 10
83 8
45 158
38 6
94 12
140 17
123 137
112 140
107 11
177 3
145 5
90 4
144 197
133 165
104 123
124 173
56 190
124 127
144 191
15 18
27 15
52 12
175 2
37 12
1 3
53 12
33 148
52 173
4 7
81 129
198 4
120 19
4 11
137 198
33 8
72 19
99 110
137 2
52 15
174 16
65 97
170 4
127 6
95 185
145 10
50 15
185 12
6 13
144 15
25 185
157 10
75 155
125 174
31 3
91 4
117 140
167 9
25 78
81 17
95 124
163 1
25 90
1 14
64 15
48 86
132 197
137 5
58 81
86 9
148 6
168 11
159 8
62 15
50 7
55 170
70 4
113 12
124 184
120 181
20 19
134 18
47 77
73 186
78 128
89 104
101 1
165 13
186 0
186 16
89 185
72 2
28 56
43 60
128 0
105 0
65 187
75 130
47 8
102 10
99 113
80 19
113 19
110 8
186 1
27 113
91 180
128 18
134 17
53 159
52 126
155 0
46 77
103 4
28 31
139 161
78 11
7 10
68 3
67 127
31 4
158 19
100 118
125 14
2 9
126 13
187 18
58 176
26 9
101 17
158 13
163 14
133 193
110 11
129 1
35 84
184 12
116 1
72 17
181 6
10 13
139 5
39 125
20 101
26 43
40 112
158 18
182 5
146 10
3 18
62 161
47 125
106 5
69 190
91 10
170 182
104 109
134 145
68 1
103 198
21 198
53 93
108 176
140 19
127 8
90 15
80 8
97 112
47 1
3 16
108 19
105 173
128 5
44 71
102 118
133 137
46 1
136 14
114 5
98 1
145 171
60 172
184 19
105 16
132 14
88 16
121 1
99 101
136 10
111 4
45 14
112 160
22 108
36 55
70 142
51 77
112 6
71 4
121 10
182 3
21 0
69 84
180 199
67 118
51 68
123 3
102 6
59 87
35 83
69 75
196 6
0 11
4 14
168 7
111 14
64 17
52 161
28 14
8 12
9 16
139 193
66 111
187 5
21 1
54 157
39 15
142 19
161 18
86 6
44 191
157 15
95 10
84 15
22 33
84 94
192 11
46 124
34 17
49 199
148 163
89 5
196 4
54 109
148 159
24 28
6 7
49 92
33 54
25 138
147 4
138 13
140 16
64 86
25 117
45 147
122 4
95 13
41 44
162 167
69 7
31 85
77 1
88 7
24 13
102 131
22 0
9 15
186 3
54 178
49 182
110 185
39 143
115 11
91 8
117 134
83 0
76 19
25 48
84 16
80 104
108 9
159 11
151 154
152 14
40 19
36 0
8 19
120 144
79 181
29 19
8 13
34 18
43 85
152 196
84 187
188 2
128 19
177 14
21 57
85 16
34 0
93 143
154 13
48 7
184 13
170 181
29 13
65 134
116 172
93 162
33 138
39 17
74 193
80 191
68 2
105 168
96 13
63 0
117 185
68 84
77 7
144 7
54 158
197 12
101 157
158 15
127 194
5 12
173 2
167 7
53 145
137 15
57 16
92 9
120 17
118 171
81 14
55 17
95 1
151 191
180 9
96 184
68 192
141 6
97 168
65 9
98 19
132 192
145 153
51 57
46 51
67 115
69 10
121 125
132 196
89 180
84 7
107 168
43 3
57 95
37 170
54 6
90 14
155 179
176 14
88 15
20 131
112 182
93 194
160 6
123 2
92 2
68 173
145 147
31 57
93 122
101 192
187 16
47 189
119 17
122 162
92 10
106 117
22 160
133 12
172 11
65 156
24 73
80 18
57 68
34 194
131 14
21 3
68 169
40 180
72 164
107 13
114 18
126 195
94 116
55 168
120 6
90 174
130 147
85 13
114 117
21 8
60 168
118 120
99 133
112 134
46 125
80 171
25 3
31 94
149 187
63 13
146 185
49 16
37 0
34 15
39 4
168 6
14 19
2 17
94 130
60 19
44 49
99 109
133 1
65 195
20 9
68 106
77 4
22 131
112 8
76 186
89 7
199 2
168 14
77 0
102 15
93 199
47 173
42 87
3 5
128 15
102 143
63 199
60 174
73 18
86 10
43 18
45 112
41 46
90 2
30 16
139 178
44 15
174 5
114 9
150 18
129 4
86 18
30 70
1 7
191 6
107 2
46 81
73 129
23 45
28 130
172 12
10 17
50 80
42 3
170 10
57 137
116 3
53 66
82 100
184 6
166 4
90 16
142 150
131 175
60 87
96 5
126 1
79 10
157 17
132 11
127 164
76 3
171 14
6 19
110 187
102 191
162 3
102 199
54 0
16 19
32 9
36 130
155 194
110 19
31 14
54 17
190 14
129 11
23 126
184 194
109 148
30 66
40 4
53 77
34 83
51 184
48 3
161 1
158 7
127 191
89 184
94 123
108 13
169 5
90 153
106 11
55 11
155 8
77 104
106 116
20 2
135 195
5 17
59 113
77 14
141 161
99 153
99 155
128 193
104 13
38 98
20 21
102 181
144 9
37 128
51 58
64 19
101 15
118 12
152 9
86 7
151 16
178 17
45 107
65 130
40 178
50 158
25 153
70 3
43 189
193 0
76 167
151 4
192 3
89 19
145 8
63 165
74 4
183 6
128 1
112 128
96 0
41 83
40 14
24 40
26 4
21 116
63 172
98 7
150 8
30 60
27 123
58 1
56 117
90 199
1 4
134 143
109 136
33 103
127 131
87 103
50 0
90 10
49 197
40 42
71 5
82 119
119 188
56 93
148 10
65 160
21 139
95 7
111 121
107 155
134 11
41 17
147 157
108 7
175 8
14 16
98 3
73 121
2 13
57 13
99 152
24 107
23 43
139 164
169 176
36 4
39 193
46 96
92 11
136 15
21 130
99 19
99 0
3 19
163 18
95 135
42 46
22 120
100 172
76 92
63 166
0 7
127 14
103 153
60 140
186 11
132 15
58 124
13 16
3 13
71 191
8 17
32 176
47 120
153 166
68 113
131 1
35 175
115 19
133 11
35 47
73 8
6 11
105 3
68 104
7 9
149 168
186 18
93 184
113 9
163 8
89 17
194 18
93 141
106 109
157 11
185 4
30 1
69 15
99 191
157 171
53 64
127 7
194 9
101 121
45 4
106 15
77 5
81 187
186 189
52 11
72 144
99 141
23 193
82 141
130 11
73 5
50 4
167 0
55 6
73 187
175 13
87 106
5 19
32 1
101 13
118 146
39 117
72 107
49 19
29 11
177 188
176 190
124 148
38 176
8 9
102 147
106 19
155 17
92 15
5 11
161 6
29 34
71 6
59 63
31 71
199 7
116 2
9 13
161 193
71 103
137 147
161 184
28 67
63 73
46 19
47 0
35 18
45 133
26 48
33 170
94 147
153 4
135 4
52 79
34 4
187 1
117 5
124 5
187 2
52 19
162 11
91 101
26 5
96 189
15 17
101 9
115 147
48 18
179 185
24 45
99 16
111 146
95 14
52 7
117 18
57 18
151 177
7 18
35 11
142 164
4 16
38 11
91 169
106 192
136 0
21 91
28 168
115 4
57 154
67 176
136 17
150 151
28 9
21 79
161 0
33 89
23 61
154 12
26 161
152 3
60 118
35 5
28 10
109 9
183 8
160 12
109 10
173 186
67 183
28 68
28 182
24 106
117 6
58 5
62 118
171 15
140 11
68 177
96 7
151 19
44 157
109 13
34 5
29 2
46 8
110 166
49 18
57 19
49 6
155 6
122 127
73 16
77 152
114 171
60 16
57 14
146 5
2 11
79 12
67 86
48 115
119 168
64 10
64 162
162 5
44 118
35 10
79 19
83 146
194 13
127 192
44 52
31 19
155 195
3 6
22 12
27 77
56 115
86 15
137 11
154 3
102 7
36 15
44 16
104 10
65 12
56 13
85 139
139 172
22 8
2 5
99 6
86 137
105 9
106 156
28 49
149 190
137 182
156 6
197 6
92 175
61 78
192 14
79 145
35 179
28 3
25 0
150 10
30 95
107 10
90 5
64 5
117 127
26 80
87 15
84 121
154 162
197 13
168 18
74 156
161 4
59 4
82 7
69 91
17 18
40 132
129 166
21 35
164 1
33 189
22 149
46 147
166 6
41 70
67 17
82 184
5 18
168 4
179 1
1 8
113 6
114 157
184 7
129 17
24 190
121 16
134 7
27 17
120 138
91 177
104 7
108 185
34 85
43 114
49 181
170 188
70 1
46 63
84 8
131 9
20 24
32 2
23 154
64 143
70 154
28 4
167 8
77 17
125 18
191 11
68 157
157 12
54 170
121 143
180 1
24 67
198 5
153 14
22 146
92 6
46 55
85 17
145 176
161 169
29 100
79 147
38 7
55 16
133 2
3 11
131 133
0 3
64 114
63 80
117 11
179 18
148 0
72 1
127 187
62 99
186 19
149 174
94 5
33 110
39 10
47 7
35 39
61 19
180 197
188 192
50 180
47 61
142 5
82 15
104 14
65 123
78 181
138 181
128 136
91 140
80 184
66 18
13 18
0 1
112 2
152 7
196 9
37 70
47 150
61 159
152 163
118 172
67 7
148 183
79 107
90 172
20 0
41 76
114 15
86 11
40 164
24 18
83 154
74 19
48 119
45 104
71 1
64 183
166 12
120 11
196 19
1 9
36 188
139 14
33 158
50 113
62 100
124 171
197 10
67 186
124 9
33 182
65 1
55 93
127 1
60 75
179 196
50 137
119 3
120 4
135 183
99 12
28 151
82 162
40 120
86 12
23 66
32 16
135 168
95 8
32 159
32 156
62 164
21 56
0 13
62 70
73 146
43 163
29 172
77 153
0 19
28 165
79 116
177 197
53 15
6 17
70 123
55 192
177 8
125 145
45 136
54 9
192 18
31 128
53 16
24 180
63 2
71 178
182 17
121 154
68 152
34 84
91 12
154 18
68 14
25 53
31 6
156 4
72 4
126 7
29 180
40 160
11 16
37 4
52 144
174 6
28 155
36 123
57 199
86 178
71 9
164 5
40 67
76 152
50 13
101 114
44 198
160 14
59 8
38 169
67 68
145 14
76 120
11 13
169 0
104 187
186 13
42 11
97 3
118 9
67 4
185 188
33 16
47 149
148 9
99 13
80 140
25 112
20 140
7 17
69 0
34 55
27 14
22 98
62 0
100 178
37 2
171 4
80 196
92 151
139 7
153 6
152 15
28 183
22 125
20 124
122 166
27 64
187 9
171 7
31 34
24 77
55 85
137 0
198 6
165 8
39 67
26 50
85 134
44 181
127 18
54 13
84 186
112 5
61 128
71 3
25 83
121 5
176 180
133 169
94 3
112 191
37 85
70 5
122 11
42 8
54 19
16 18
156 1
146 0
1 6
82 19
41 73
146 152
28 102
72 13
152 10
130 14
88 1
53 114
46 16
33 81
50 86
151 10
35 48
81 125
122 150
126 128
150 176
57 178
56 118
166 2
84 196
125 3
55 134
104 17
156 183
71 75
137 177
97 7
129 14
103 6
25 107
35 186
120 121
55 183
109 130
143 6
108 143
78 140
81 10
65 197
175 185
20 122
167 10
137 9
87 1
54 111
104 193
54 165
28 164
172 7
50 58
165 9
171 3
172 4
27 162
190 2
38 8
99 124
58 12
42 16
94 163
180 3
37 18
64 149
111 6
92 167
55 102
119 14
173 11
92 176
39 92
26 119
185 0
35 19
158 9
177 15
62 162
22 1
92 8
39 13
88 106
133 15
74 130
47 6
99 186
56 156
37 103
55 112
76 103
37 9
26 144
48 164
49 126
94 119
123 153
44 14
126 3
119 165
