187 3
131 168
106 194
177 18
106 168
79 9
98 137
117 146
171 1
34 0
124 0
65 15
62 142
14 17
53 152
49 19
68 154
162 172
47 75
151 190
15 16
26 10
88 194
30 153
36 68
155 14
78 4
37 0
93 9
110 10
66 3
173 14
60 69
197 11
127 1
178 11
30 37
42 46
104 198
144 4
114 144
177 4
77 146
27 10
121 3
0 16
136 179
85 148
43 6
146 191
134 1
33 173
3 16
44 0
114 3
41 14
21 45
55 118
51 196
150 14
145 9
183 1
80 129
94 136
20 180
32 52
4 5
178 182
151 167
99 6
196 1
41 120
40 3
99 139
76 16
122 126
71 84
95 7
42 103
36 38
185 12
150 7
101 13
166 12
22 99
26 101
20 96
142 178
2 19
72 106
155 18
145 19
73 15
138 1
23 37
65 133
76 8
25 140
186 18
120 11
197 9
99 111
7 9
80 100
117 134
31 87
118 15
159 15
190 11
111 13
30 132
89 119
27 176
39 168
84 1
170 9
194 11
54 8
169 2
155 165
162 6
167 2
67 0
69 161
118 14
22 198
66 143
92 156
182 2
78 109
93 154
53 15
41 198
74 16
20 178
103 149
134 135
65 2
197 8
47 170
110 8
82 195
20 88
60 14
53 87
100 183
48 14
98 171
71 150
21 196
124 134
134 14
136 16
61 154
91 106
193 8
173 178
20 18
66 7
6 15
41 1
134 10
44 196
4 11
0 2
44 83
165 19
8 13
125 4
151 187
155 6
137 150
43 4
86 180
132 155
129 14
97 14
34 132
94 193
93 168
54 19
107 7
196 7
40 7
114 6
23 84
142 10
195 3
76 15
103 125
72 13
30 12
57 178
63 17
81 16
109 196
119 15
34 45
59 17
94 14
156 2
25 49
34 105
188 8
36 0
118 1
60 171
140 5
183 19
104 170
166 182
32 105
49 69
48 7
72 93
171 15
70 98
36 52
25 19
73 128
92 169
185 5
90 99
79 102
145 194
160 2
115 18
90 176
176 1
160 182
82 11
128 16
130 13
40 57
34 134
181 7
47 9
118 156
83 17
21 8
30 80
69 127
174 16
138 16
62 175
52 97
103 19
70 114
166 179
51 61
85 165
71 0
109 121
41 51
152 16
126 12
70 2
22 94
60 93
83 137
127 189
14 18
145 10
40 160
187 11
42 154
93 122
52 4
135 4
66 184
164 186
132 11
111 5
71 165
149 17
73 6
84 129
27 31
45 6
194 13
28 80
26 183
111 153
88 121
8 17
65 194
191 16
20 83
119 12
78 15
39 15
105 16
163 6
96 18
77 11
147 164
89 144
58 150
163 199
22 13
94 12
110 3
115 150
85 156
48 162
85 89
102 10
162 11
191 14
47 61
69 4
47 59
72 14
140 7
86 11
10 14
47 145
93 1
32 125
32 38
3 9
197 15
133 5
166 7
163 10
28 18
122 8
70 12
143 6
168 14
86 146
75 6
38 61
78 6
42 47
59 168
133 159
95 9
61 129
119 171
62 99
44 140
67 114
172 14
25 169
171 19
49 9
63 169
54 14
188 17
84 5
23 150
86 160
88 2
30 15
92 127
169 18
129 10
90 16
51 15
82 175
136 6
61 137
10 15
114 159
86 105
171 179
161 18
23 5
74 133
93 120
168 195
163 165
86 189
140 17
177 5
39 14
149 8
182 6
102 188
122 141
26 198
4 7
142 18
55 3
100 8
125 16
163 7
46 120
158 166
99 16
71 75
181 6
90 189
78 11
196 2
15 19
107 126
105 159
3 4
195 19
128 6
24 9
191 11
24 11
39 107
50 94
116 170
155 166
104 17
78 8
60 68
102 117
122 16
106 16
22 199
67 4
166 2
146 6
149 12
146 12
131 135
57 179
53 117
38 8
110 194
20 152
57 142
106 4
2 13
140 8
86 117
96 152
177 6
48 6
124 174
134 164
85 187
132 6
87 131
77 0
84 174
124 5
59 167
151 6
2 11
180 198
11 14
20 92
20 64
60 10
21 58
28 179
116 162
175 4
182 18
52 12
118 121
68 189
158 191
24 91
74 3
52 5
178 15
47 120
5 13
28 116
80 159
102 131
25 172
20 8
158 160
40 14
89 3
114 119
30 7
111 17
4 15
192 19
41 7
70 116
108 8
107 162
40 13
47 11
24 17
24 0
31 41
131 3
75 18
38 77
80 11
59 199
114 147
47 121
172 192
179 10
49 5
76 10
31 7
70 146
25 97
48 98
152 12
111 10
118 151
97 0
28 2
70 4
95 2
107 141
99 133
62 7
146 147
66 102
137 138
25 192
66 176
189 0
16 19
95 14
194 7
70 1
64 14
45 83
131 195
11 19
36 73
39 4
113 158
138 148
134 5
38 177
166 15
152 186
26 182
30 165
42 1
40 170
154 184
129 16
192 7
156 180
90 169
40 11
146 153
152 9
97 191
80 14
31 15
94 5
81 18
50 105
69 170
116 128
41 2
188 10
43 156
79 0
157 181
117 19
146 173
103 10
185 11
48 102
26 45
131 172
184 8
37 8
34 16
41 139
33 7
67 196
39 8
161 6
62 14
109 1
163 186
103 129
43 16
71 128
97 145
166 186
141 10
129 131
106 115
45 102
161 15
10 18
4 6
46 167
51 57
198 6
71 175
90 19
182 0
119 17
149 183
150 0
66 0
22 179
116 16
24 192
157 13
45 78
104 171
23 45
195 0
194 6
54 18
124 170
65 18
88 146
55 1
61 73
124 1
31 189
1 3
23 76
88 175
74 117
98 17
52 10
124 4
80 144
24 136
153 158
125 162
63 9
60 0
75 7
129 189
165 194
140 3
150 6
173 5
56 12
67 6
50 186
166 9
50 16
88 182
157 15
198 18
46 56
103 15
38 167
60 6
99 138
145 15
175 16
103 11
79 122
198 17
126 8
98 15
173 9
124 179
126 16
181 13
158 5
34 123
180 6
0 12
54 5
87 6
22 186
141 19
195 10
198 2
34 15
168 2
92 6
21 11
47 156
2 12
46 95
192 17
151 14
34 7
44 6
119 8
39 181
160 195
113 10
44 109
45 72
198 4
1 2
106 140
5 10
177 196
63 0
190 6
182 7
112 140
192 11
12 15
81 2
153 185
31 116
52 185
99 10
111 4
74 83
3 7
1 16
92 135
39 195
25 11
85 6
169 192
153 17
166 10
5 7
51 148
43 44
25 187
33 14
182 1
22 10
55 8
114 171
36 61
52 0
105 17
92 173
144 19
12 19
136 4
198 5
26 63
92 180
33 145
61 189
68 91
26 35
85 18
62 189
181 3
25 9
170 12
119 4
142 9
139 196
134 4
157 8
190 15
171 3
151 158
77 13
41 15
73 170
83 8
106 18
86 172
61 114
81 10
78 146
115 5
87 126
100 15
37 154
20 7
124 8
57 196
43 97
177 12
51 190
28 100
156 183
16 18
29 50
71 9
78 135
28 155
98 196
51 6
73 11
158 1
138 175
103 18
43 17
195 5
44 100
89 129
64 87
71 182
76 17
127 18
133 10
78 140
111 11
136 18
157 190
65 82
98 126
4 12
82 83
56 73
42 2
48 51
53 115
179 8
166 8
103 8
166 168
158 195
74 188
91 120
31 192
27 9
28 161
44 181
160 11
96 9
74 1
22 53
199 8
159 8
49 18
49 0
49 54
62 197
68 12
75 78
132 5
108 173
161 170
34 102
63 10
127 199
122 18
51 198
65 13
72 133
62 97
113 190
191 17
69 192
107 138
74 76
171 5
54 142
169 15
49 57
69 3
172 16
122 164
128 8
123 4
70 17
190 8
34 59
40 16
67 142
84 13
199 15
89 9
27 197
38 2
147 186
30 193
46 103
193 7
21 57
70 90
77 8
151 7
41 133
47 125
132 3
174 183
107 127
8 10
58 4
23 11
108 168
61 167
91 9
124 172
30 184
102 6
41 16
55 60
165 18
180 17
84 125
79 4
42 194
180 9
33 143
68 124
88 160
136 144
52 80
28 55
90 190
24 4
6 18
141 179
61 19
33 100
81 196
124 14
24 50
36 6
35 18
170 5
112 14
109 17
103 6
148 168
65 75
60 19
75 170
9 11
41 165
109 4
78 157
88 99
170 0
134 171
174 196
23 195
108 183
98 106
21 182
27 196
31 5
199 11
74 7
11 13
31 191
182 19
133 162
43 161
136 192
3 18
174 7
162 17
21 90
91 184
35 73
40 12
65 11
156 13
40 96
2 14
88 122
188 199
68 90
69 130
72 179
57 14
185 2
35 15
152 17
128 3
90 14
110 16
27 69
22 90
145 195
167 10
23 18
38 12
115 6
28 17
137 10
63 76
125 142
57 169
98 118
86 99
112 5
8 12
35 157
63 13
62 72
147 162
49 15
64 1
133 6
171 187
35 17
44 14
118 167
112 0
23 13
30 162
174 0
2 4
165 3
100 16
89 11
34 96
107 2
178 4
105 118
135 11
6 12
168 6
67 7
112 123
153 180
86 144
99 178
62 11
163 16
86 17
47 96
45 111
156 8
57 78
186 16
23 61
47 4
55 153
86 140
44 72
174 8
89 1
20 10
56 2
118 126
64 196
137 161
145 174
172 0
37 17
56 102
131 5
110 7
80 1
55 104
173 19
53 156
0 5
21 117
22 0
196 10
99 161
96 11
80 147
77 4
108 6
14 15
20 150
34 2
137 6
151 12
186 1
50 111
131 132
97 1
128 1
150 180
97 103
38 13
191 6
85 100
77 170
41 187
64 17
43 188
171 182
85 127
55 5
28 119
184 15
72 1
64 7
84 16
31 11
182 8
0 17
42 10
37 103
178 14
89 14
143 7
107 18
36 135
82 1
84 94
108 126
110 5
23 0
80 19
152 18
141 163
80 197
157 5
55 189
41 157
181 2
109 18
153 5
148 195
120 125
76 19
156 0
35 101
109 119
90 92
170 8
123 137
133 189
101 119
63 2
63 16
177 8
113 184
110 9
95 8
103 171
0 1
31 6
107 13
33 13
21 190
184 7
32 85
59 85
127 137
157 1
86 7
22 5
195 18
129 8
37 191
39 6
149 5
70 6
66 97
179 4
184 18
139 148
8 18
101 166
95 19
153 4
194 10
63 7
114 0
85 99
59 70
126 10
95 190
118 2
126 7
83 132
153 3
73 154
123 15
143 8
119 121
81 114
193 9
122 6
178 2
73 3
75 19
64 0
76 196
178 183
34 17
43 13
164 8
27 123
198 1
2 8
37 75
57 88
118 168
69 0
20 52
197 4
28 1
46 135
45 150
85 15
121 4
108 172
62 130
97 5
166 176
186 4
71 19
120 1
104 1
180 4
10 13
164 2
108 10
154 0
121 6
75 83
159 5
46 2
198 19
134 170
102 145
133 160
69 13
20 147
93 18
138 14
171 7
26 169
39 61
70 5
90 173
66 73
188 2
128 188
92 0
137 14
25 147
61 9
20 102
65 188
136 7
30 63
47 60
23 146
189 3
165 167
54 85
73 79
179 187
114 156
50 83
131 18
143 148
4 19
182 189
42 191
44 153
29 119
68 3
129 6
124 135
124 196
91 1
123 11
198 0
195 4
87 187
186 3
62 12
62 1
151 4
130 5
59 144
20 114
172 15
187 6
64 9
86 2
188 16
140 141
79 137
101 5
29 149
46 15
141 7
55 156
34 146
104 6
90 5
138 17
73 16
81 121
154 18
119 161
40 74
178 6
82 5
48 72
77 192
112 1
7 13
71 141
63 19
105 15
144 150
148 2
11 12
12 18
147 4
176 12
25 8
57 133
75 155
25 175
24 37
80 158
45 46
136 159
44 15
40 4
24 71
21 55
37 99
57 86
165 11
178 18
35 137
40 50
28 133
21 17
192 13
62 83
86 89
89 172
60 114
42 60
62 17
41 18
150 5
78 108
45 4
144 156
74 192
24 8
86 193
118 18
122 15
115 122
27 87
74 84
125 187
124 12
99 8
55 4
35 70
195 12
59 13
164 9
60 156
148 8
24 7
43 141
22 195
164 3
76 81
142 13
29 18
98 18
66 193
94 13
160 3
12 13
32 15
175 13
123 9
69 157
147 179
50 1
129 12
80 5
77 176
36 1
89 171
68 77
40 119
83 113
74 126
57 12
65 93
68 123
38 17
116 145
181 14
171 8
36 148
59 76
35 4
61 181
41 8
191 12
149 185
163 195
145 173
172 190
185 15
50 155
124 168
43 107
98 145
29 61
22 139
156 181
129 144
51 92
70 94
112 193
6 16
102 4
191 10
123 5
144 17
26 36
73 187
28 190
7 8
30 123
39 54
3 17
199 4
62 15
83 178
51 162
150 4
56 185
85 19
114 9
185 3
169 170
77 106
93 195
13 14
145 8
61 170
5 14
92 1
143 160
58 172
87 13
161 7
52 8
165 15
36 8
68 150
59 115
121 16
20 183
50 97
141 151
40 88
83 127
112 164
123 0
108 18
28 10
2 9
136 143
60 182
81 187
1 9
92 15
107 6
10 16
100 153
49 17
22 93
79 183
23 15
39 187
44 191
48 142
132 10
20 108
115 2
54 10
29 55
1 7
51 18
102 136
197 14
163 18
87 147
99 106
140 2
33 9
142 1
92 198
3 5
100 164
122 144
23 138
46 183
111 143
188 6
35 5
64 12
97 7
126 171
177 0
23 119
73 149
27 14
32 161
77 144
28 69
106 116
57 174
42 9
88 128
63 126
37 5
52 126
130 164
132 170
64 157
23 4
81 0
24 183
190 2
75 86
155 8
126 190
132 180
78 125
133 170
33 37
135 136
68 164
63 185
51 13
51 17
190 17
162 14
138 145
53 119
70 7
146 18
29 12
117 144
138 11
124 10
27 82
193 2
96 15
149 153
45 98
69 11
111 136
28 9
103 178
37 14
102 191
75 8
35 68
68 2
40 179
39 166
114 197
72 84
118 4
73 8
142 3
156 9
180 16
159 167
43 2
157 6
85 14
30 2
3 11
170 1
17 18
146 190
37 9
66 166
74 17
174 15
59 114
41 104
63 82
131 19
47 157
32 115
115 141
133 19
125 160
126 1
80 166
192 8
117 14
103 124
99 117
64 193
83 124
20 12
43 76
81 11
109 3
38 143
72 185
9 15
53 19
135 14
148 9
82 111
16 17
52 82
78 91
27 8
41 11
56 99
110 18
40 191
168 3
66 197
26 133
57 103
53 18
141 159
140 4
9 13
167 7
146 4
77 97
176 4
46 160
91 15
95 3
6 14
196 11
137 144
30 110
9 18
113 175
90 12
69 198
141 2
96 109
172 3
85 163
37 185
83 16
0 8
57 7
28 19
165 8
86 18
145 2
59 136
48 8
129 7
166 16
24 100
30 17
128 12
101 145
185 13
37 118
82 2
181 5
22 154
119 149
187 14
78 12
28 46
32 172
142 4
178 195
82 4
119 191
0 6
104 174
175 183
23 110
168 19
40 100
97 16
27 107
111 189
33 12
99 17
131 15
68 165
72 161
37 176
71 15
73 81
65 12
33 129
42 92
66 153
44 144
130 19
25 84
174 18
75 154
85 5
89 140
0 15
28 82
76 152
125 134
87 194
146 156
73 1
68 88
103 16
37 15
22 142
103 17
50 124
87 11
101 7
113 144
85 10
24 3
66 116
112 127
163 15
159 13
67 180
90 1
37 87
94 175
60 113
58 6
86 9
10 11
106 0
58 3
151 193
182 185
40 136
106 161
87 12
82 15
72 5
4 10
8 11
184 5
122 5
105 136
185 17
76 185
33 60
48 100
71 157
155 11
33 174
60 8
149 10
149 19
130 170
135 6
105 126
69 12
33 43
115 17
124 17
59 196
65 0
46 13
12 14
159 4
90 157
10 17
9 10
129 17
156 172
39 83
111 14
31 63
146 171
33 16
182 5
115 142
67 12
185 16
54 101
49 11
89 5
84 2
141 17
0 19
52 167
59 1
36 177
55 2
193 4
66 169
68 6
56 124
174 13
11 18
24 84
127 177
53 71
22 2
26 13
135 18
74 15
107 139
22 173
50 127
85 116
90 107
36 17
91 116
43 98
79 15
177 199
73 146
72 159
87 134
121 2
29 153
65 19
138 195
26 100
114 14
105 106
27 182
113 9
73 19
143 10
94 6
137 2
33 74
159 160
122 12
87 196
99 7
96 198
50 177
14 16
71 96
28 93
94 120
1 17
112 114
85 110
25 75
101 185
176 2
76 183
87 120
25 62
107 197
79 8
42 65
115 165
60 174
28 164
137 12
125 182
56 148
69 103
91 169
70 73
30 130
63 4
40 182
36 118
136 14
197 1
76 79
199 18
101 193
33 15
33 148
2 7
23 85
65 3
195 9
98 8
158 7
94 95
9 16
54 177
5 12
59 10
2 3
38 58
115 153
5 16
3 13
190 9
124 140
36 7
53 174
29 68
78 16
180 1
150 3
131 198
38 19
50 10
39 17
101 15
160 17
91 117
24 16
95 159
68 17
1 4
48 82
101 19
127 15
48 78
61 148
84 4
135 194
123 8
61 193
71 107
71 13
112 178
0 7
87 145
65 1
46 0
69 15
88 8
112 119
4 9
79 145
50 9
0 13
73 12
21 5
32 61
4 16
174 14
82 168
68 169
150 187
186 12
83 4
32 5
41 171
189 15
26 85
136 8
119 13
60 1
95 5
29 128
162 8
77 1
62 161
27 105
34 36
150 13
28 136
59 151
115 3
51 2
111 134
84 142
83 131
115 143
20 56
107 11
149 1
58 17
70 107
34 113
140 10
11 17
107 130
88 123
120 2
83 135
105 173
27 2
53 77
82 127
104 19
36 67
36 5
99 101
32 59
110 170
108 0
12 17
39 189
32 128
158 11
118 6
35 0
114 1
133 8
5 6
76 95
80 182
66 4
165 7
67 9
57 1
92 10
6 19
134 190
141 14
5 17
100 158
158 4
179 3
78 81
28 144
66 195
129 3
158 185
99 0
157 16
7 10
5 15
84 157
91 7
177 190
65 8
129 4
144 161
105 192
66 17
145 0
51 170
197 19
67 178
28 131
52 124
26 163
57 4
33 17
55 134
31 85
85 118
53 1
165 13
170 198
54 73
74 2
100 112
51 0
196 18
25 113
55 56
168 12
44 12
75 17
143 199
43 70
175 0
183 9
84 135
25 63
126 145
30 10
85 126
167 6
86 4
42 8
185 9
57 123
66 6
20 1
77 79
62 80
103 3
60 2
28 143
27 7
45 153
107 115
22 1
158 167
20 163
28 79
62 95
92 95
70 102
46 10
125 143
21 34
108 194
88 1
136 0
93 16
8 14
74 197
4 18
93 8
125 139
152 1
28 6
67 164
22 106
85 190
26 187
95 160
148 10
142 7
172 8
129 13
113 19
162 190
66 108
32 7
34 176
42 86
180 2
117 156
53 113
93 113
40 166
82 164
178 7
144 6
192 195
42 114
8 15
62 126
150 11
135 154
161 1
131 17
147 168
58 173
58 156
92 11
163 175
196 3
109 19
187 13
66 140
123 16
24 15
39 136
84 6
34 35
97 126
95 0
55 179
162 15
166 178
73 191
147 174
113 197
75 126
157 174
39 55
125 17
85 95
125 15
192 0
50 106
29 164
104 9
187 4
69 181
196 4
29 5
160 0
150 1
56 104
59 101
1 8
112 13
169 4
51 172
83 177
87 132
6 9
191 5
37 4
82 17
36 14
88 112
56 7
47 13
36 66
158 2
80 91
59 185
64 192
144 9
126 165
58 16
134 7
79 174
166 196
23 159
107 142
75 110
26 131
145 155
20 177
80 15
178 3
149 180
77 5
69 132
102 129
98 6
168 8
36 9
105 6
32 132
160 9
85 182
122 139
126 18
165 17
79 187
67 151
46 12
82 7
55 90
65 77
189 11
63 15
26 4
150 15
43 123
169 16
3 8
169 176
177 17
183 17
111 187
137 4
118 136
139 15
74 13
172 1
49 196
141 9
89 185
148 180
64 186
175 8
20 29
32 19
95 129
55 7
70 11
122 13
194 0
81 97
127 0
28 122
196 17
66 188
6 8
9 14
54 65
53 7
13 19
43 15
135 3
93 158
87 133
147 155
47 140
129 18
104 8
41 53
33 0
134 191
58 196
69 131
129 185
199 14
94 0
76 7
107 190
86 19
27 148
61 144
152 6
38 185
4 8
101 165
94 10
54 121
83 14
65 5
136 19
25 33
121 123
131 138
34 14
42 0
124 16
38 1
98 16
48 1
70 125
104 0
177 15
133 7
37 13
31 132
144 16
64 6
92 18
52 68
68 148
1 15
193 1
143 147
20 16
51 7
108 2
130 197
194 14
94 15
68 114
119 137
41 13
13 16
32 2
153 18
93 0
43 186
66 8
58 5
44 10
120 12
31 14
113 11
96 2
163 0
135 147
23 92
70 16
176 10
138 160
179 11
85 169
63 119
79 140
92 16
11 16
51 8
57 10
111 7
117 175
101 6
114 8
73 139
80 18
43 69
38 5
187 18
191 194
85 136
70 9
119 18
50 95
114 15
50 130
94 177
184 2
50 190
37 48
43 130
116 10
27 155
58 19
95 134
85 91
21 150
22 4
162 2
188 18
31 163
53 68
23 73
39 49
181 17
21 151
190 14
171 4
102 14
51 5
50 0
151 160
104 123
158 17
187 12
34 3
66 117
125 144
158 12
69 6
41 117
142 160
10 19
156 6
97 116
64 89
34 120
56 171
60 17
6 11
48 13
123 2
180 5
99 156
51 132
176 6
36 184
99 13
104 10
39 0
186 194
94 121
7 19
97 174
68 108
196 19
109 13
54 12
154 11
99 126
166 18
152 11
112 144
90 8
3 12
42 5
46 16
172 17
150 8
85 0
38 145
60 117
97 8
63 136
145 183
104 127
58 18
100 157
69 7
145 4
105 18
30 170
25 149
113 0
6 13
172 4
130 16
113 17
28 36
21 10
149 13
78 155
65 10
139 7
40 6
10 12
75 15
140 18
85 7
183 7
122 4
126 11
0 18
32 179
171 13
145 170
50 69
6 17
82 186
67 72
138 13
36 84
89 194
22 68
86 151
41 12
128 132
45 157
62 112
115 15
56 0
40 173
41 82
76 163
91 3
123 187
143 152
134 6
186 13
159 1
42 147
77 126
139 197
21 133
125 0
159 0
127 7
65 85
71 173
41 134
101 11
40 177
132 2
31 144
92 116
13 18
60 18
114 17
32 9
48 113
46 18
186 14
43 79
50 85
63 83
40 131
44 68
193 13
107 17
75 3
64 195
55 119
27 124
64 160
28 7
106 121
65 174
111 150
136 157
40 9
63 176
145 11
100 134
7 18
100 3
127 13
59 2
76 113
99 183
193 15
33 187
77 107
60 165
29 76
2 10
127 10
168 199
39 152
28 187
95 1
91 18
94 4
159 10
32 157
20 14
67 18
160 10
1 13
27 116
23 75
75 4
121 178
50 187
40 18
37 66
126 183
169 9
162 9
125 152
43 88
40 0
189 17
29 168
53 14
54 111
40 185
112 145
111 15
62 0
58 181
174 178
177 2
48 63
56 178
123 10
98 191
58 95
80 3
115 196
15 18
20 4
42 144
179 7
119 197
44 4
65 98
186 2
77 80
56 14
50 13
64 72
176 13
173 18
130 18
64 13
133 169
57 150
32 47
53 72
54 94
72 18
50 8
48 197
140 19
28 95
55 0
72 17
87 166
141 3
40 189
52 128
22 145
119 6
186 6
72 4
92 177
71 16
117 180
24 141
63 125
162 1
103 197
91 12
29 113
50 126
81 194
101 174
78 10
35 74
131 178
56 5
54 176
34 129
123 166
39 50
146 1
157 11
131 13
51 133
58 199
81 91
27 108
197 7
190 197
39 108
132 134
89 109
21 60
155 5
49 117
116 174
91 197
161 3
67 105
66 9
100 4
25 34
37 156
68 19
79 16
76 14
20 131
25 7
50 17
162 3
154 166
188 193
89 17
21 191
31 17
88 167
21 66
82 6
49 175
31 160
83 189
33 91
29 88
66 173
45 197
94 166
118 163
168 16
55 130
43 8
116 2
79 141
63 77
98 152
31 121
109 171
5 18
177 3
172 7
1 6
27 121
165 2
76 0
118 173
23 1
138 12
42 4
59 61
15 17
117 16
123 192
52 94
148 19
22 175
78 169
27 0
43 103
149 0
191 13
173 7
103 13
139 9
30 42
152 4
178 17
115 0
62 138
69 108
131 2
143 12
96 12
96 10
195 7
62 110
26 16
181 15
66 14
27 11
166 183
185 7
65 102
173 11
103 195
67 143
88 12
43 19
61 145
120 156
62 107
44 180
100 168
95 13
158 19
52 74
183 18
54 0
42 145
91 193
148 192
89 7
27 186
56 144
49 10
101 176
82 159
130 140
168 1
52 15
41 74
34 8
72 105
153 13
163 11
36 156
102 127
128 180
135 166
117 163
72 146
182 13
121 18
178 190
106 173
53 69
143 145
106 164
40 1
106 177
82 18
22 6
145 14
31 91
71 11
1 19
177 197
29 161
35 10
143 4
104 182
67 10
44 96
29 75
127 19
88 189
136 9
65 6
157 2
195 1
23 7
118 13
56 151
54 9
132 145
122 174
59 4
72 16
105 179
45 8
54 154
192 196
21 153
37 115
71 196
183 3
5 8
187 19
175 178
106 110
31 103
124 7
82 109
88 97
27 51
52 14
35 164
119 129
50 14
26 129
186 11
38 160
63 5
116 9
46 60
150 2
64 79
24 138
67 91
150 195
22 16
161 12
115 9
191 18
127 134
178 8
48 143
21 0
56 68
115 4
146 163
32 102
159 14
132 198
153 172
75 189
95 163
77 6
59 3
80 0
61 102
130 3
128 9
27 66
72 9
185 193
11 15
14 19
48 195
64 135
53 105
29 3
13 15
131 4
113 14
40 190
73 96
60 84
138 9
194 12
101 4
79 185
109 148
111 19
24 145
13 17
165 4
29 139
27 191
181 4
130 158
32 152
70 83
127 9
81 93
59 15
82 100
194 9
90 192
188 14
142 169
76 5
170 7
134 0
145 1
160 6
137 17
162 0
146 14
31 107
3 14
4 14
93 19
86 92
42 64
25 51
148 11
29 6
21 149
112 128
65 101
93 155
29 167
146 179
40 164
132 12
81 14
175 6
36 12
21 6
44 7
111 132
98 11
189 1
2 5
120 143
140 14
45 171
70 186
74 14
30 9
163 8
197 13
70 172
72 158
93 125
106 183
38 188
75 117
24 53
68 197
102 106
119 0
25 139
7 14
48 90
136 191
161 166
1 14
36 16
77 3
70 160
87 88
8 9
115 144
127 142
27 75
6 7
189 9
89 175
134 18
196 8
28 12
21 118
165 0
38 0
20 61
146 17
63 161
57 74
167 14
198 199
117 3
2 6
69 163
56 162
96 7
81 9
121 157
82 181
5 19
122 128
103 12
7 11
83 15
21 96
23 152
36 19
25 5
136 173
186 190
55 152
152 175
57 13
91 5
81 15
122 0
61 17
172 19
154 2
139 4
147 166
188 7
120 121
150 162
125 8
41 126
106 186
4 13
114 4
44 183
136 17
1 11
119 19
49 88
38 128
57 64
180 7
100 156
104 193
47 16
186 189
130 139
138 0
84 196
79 112
36 53
179 194
47 0
144 157
95 125
87 142
61 4
7 12
63 189
74 108
158 198
91 112
155 13
3 10
135 13
81 156
192 3
50 5
22 133
2 15
107 135
66 122
83 162
30 5
174 12
179 6
32 118
164 17
171 17
108 1
66 15
21 181
42 152
27 19
92 134
69 5
147 13
127 2
165 174
152 164
161 4
2 17
25 10
88 131
134 183
8 16
135 9
37 10
128 4
29 45
152 19
74 0
75 134
157 4
30 66
60 11
58 191
140 6
60 193
9 17
7 16
108 147
121 5
95 6
183 8
79 3
45 18
188 12
54 118
87 117
147 169
55 65
133 135
64 66
99 188
173 199
161 197
29 9
164 1
73 163
74 80
62 10
150 9
25 14
67 109
24 168
110 15
31 12
28 73
197 6
70 13
151 2
22 168
37 91
190 3
77 2
24 103
107 15
21 46
24 67
0 9
72 98
31 32
184 4
56 175
175 9
86 184
195 6
169 10
20 11
32 18
3 19
183 188
28 178
51 12
92 130
62 18
119 14
118 11
104 134
1 5
73 13
66 168
61 2
110 116
35 16
198 16
69 18
109 16
92 12
53 10
45 5
130 14
92 125
79 108
161 172
76 85
49 116
56 4
27 150
131 9
70 139
117 4
106 125
141 169
45 146
142 19
113 2
95 147
44 167
35 19
18 19
40 105
72 111
101 154
148 164
100 121
129 148
112 12
34 185
88 9
42 11
87 14
158 186
89 4
37 11
9 19
147 10
111 18
34 46
23 3
101 103
52 179
161 0
137 197
55 112
20 2
26 0
117 174
61 12
173 15
3 6
80 102
34 19
102 170
78 17
46 7
53 192
102 17
144 148
126 19
193 195
125 19
82 91
97 137
52 9
50 101
136 188
108 199
41 121
23 9
68 147
180 182
154 1
117 7
87 192
31 195
174 176
99 109
26 18
96 136
122 162
199 12
21 38
70 0
124 11
154 13
44 126
131 194
37 19
101 8
121 7
30 187
101 9
83 3
88 13
17 19
87 197
79 134
79 180
29 124
33 3
64 119
24 104
51 135
1 10
27 97
91 154
59 96
149 3
90 131
75 2
87 8
123 131
1 12
146 7
31 139
20 171
111 8
46 110
27 142
30 192
32 10
106 8
137 16
2 16
78 164
127 171
177 16
93 2
119 5
62 3
47 5
118 16
114 118
58 96
127 188
28 115
163 194
156 11
130 8
166 19
193 12
45 17
92 4
86 10
23 112
43 5
67 84
178 12
109 128
23 6
91 182
30 14
45 7
43 7
144 0
82 176
67 154
61 68
47 53
112 6
113 138
57 6
76 128
106 187
128 195
136 147
151 156
31 141
67 184
36 11
106 7
28 0
