150 190
174 6
154 17
121 13
94 13
141 2
138 10
35 99
115 0
23 15
148 18
197 7
124 140
146 2
9 18
199 2
140 6
27 40
68 19
101 179
22 76
118 1
130 176
75 17
103 178
109 14
64 150
0 10
30 0
89 91
135 5
65 126
112 8
49 3
123 1
53 5
49 64
75 135
123 13
145 169
140 0
160 178
39 8
40 197
28 3
113 8
165 3
188 11
114 8
66 14
192 11
104 5
46 131
126 3
189 4
83 16
117 3
85 95
141 8
80 121
144 15
127 199
12 18
128 171
36 18
32 0
155 15
130 11
160 2
166 3
174 11
1 18
23 18
154 165
182 3
82 18
30 4
86 5
126 19
50 18
66 88
74 14
155 17
153 4
67 18
155 16
63 19
194 11
144 185
93 15
130 7
47 11
165 4
103 8
38 5
67 117
163 7
41 5
148 17
82 5
193 3
83 86
52 14
66 8
25 18
165 14
183 17
47 48
131 18
52 4
149 15
76 1
192 12
25 17
137 161
89 13
178 16
189 2
95 194
144 180
55 191
139 1
185 193
132 160
133 11
50 154
103 0
52 128
197 18
151 8
89 9
29 3
84 6
60 10
97 18
138 17
55 11
76 111
47 126
52 60
1 8
166 12
182 9
129 3
171 2
38 87
60 2
30 185
97 155
145 196
159 5
70 132
79 150
35 3
118 186
23 176
3 5
42 189
53 14
8 19
72 0
22 156
144 158
148 11
100 163
135 1
44 145
63 16
39 11
135 175
134 0
189 194
165 170
104 18
96 7
125 12
121 10
98 19
43 3
1 15
151 19
170 194
99 136
134 9
132 151
86 2
145 192
89 185
97 9
39 156
130 13
9 17
42 11
11 14
115 5
78 7
138 13
38 136
87 4
198 2
68 73
41 95
14 17
117 13
108 0
155 6
139 13
107 12
27 12
150 17
28 169
48 9
127 179
148 4
73 17
20 24
155 18
99 2
3 11
33 188
143 8
134 19
77 16
100 13
64 8
91 3
151 14
101 11
56 7
130 132
43 8
24 13
185 6
119 197
45 4
160 11
59 174
90 5
191 5
79 115
144 181
78 17
144 187
25 2
193 0
104 1
105 106
50 90
196 9
82 1
112 16
169 9
142 197
56 129
110 188
138 19
161 2
21 13
28 11
31 7
92 183
55 10
47 4
90 11
163 17
33 186
26 0
117 1
138 154
54 18
111 5
69 147
40 7
58 9
137 19
3 15
112 2
99 3
49 129
20 18
144 10
188 12
41 3
26 15
154 14
4 7
46 3
157 3
103 5
63 3
136 19
125 19
11 18
41 1
138 166
98 114
53 9
75 16
146 17
109 178
35 10
184 12
112 12
150 161
146 13
16 18
113 9
44 1
88 128
107 121
43 186
3 6
125 17
135 186
63 69
139 5
50 11
24 79
90 152
132 14
84 18
6 16
99 17
30 12
10 12
144 18
73 13
70 13
120 5
110 8
141 17
169 8
33 7
136 4
115 13
86 129
67 178
38 79
149 2
136 7
109 110
112 19
36 141
35 139
37 5
155 8
139 6
124 17
8 16
43 5
38 179
69 9
142 180
156 17
85 11
85 155
135 3
5 10
141 4
197 16
174 17
4 18
185 18
159 19
156 5
27 37
146 149
116 190
62 1
69 115
120 1
83 146
78 99
63 71
115 119
70 174
106 15
48 173
179 194
89 160
62 143
29 83
136 10
52 19
50 65
27 4
150 16
92 19
101 10
5 19
120 124
68 2
21 31
155 3
168 4
130 134
30 172
11 17
32 15
116 15
62 152
198 7
158 0
68 12
90 8
35 9
104 112
134 188
111 6
80 12
91 129
189 14
51 4
168 194
161 5
129 1
113 19
162 2
109 15
194 19
37 3
139 0
21 32
110 18
91 6
92 12
37 8
79 164
28 13
140 19
38 16
22 14
80 9
40 3
64 10
96 2
130 14
118 0
186 4
50 188
9 10
177 14
67 180
143 14
2 19
81 3
181 4
33 82
153 171
193 17
65 11
172 182
91 194
186 8
41 8
33 2
144 7
157 16
33 14
115 6
187 0
43 7
5 14
162 4
65 1
150 19
57 123
111 3
68 149
74 122
74 173
116 8
199 4
76 7
10 11
85 6
194 8
50 159
156 3
22 24
13 15
1 3
190 19
36 192
104 198
180 13
34 54
132 6
135 176
6 14
24 0
131 0
70 11
82 133
68 69
107 5
27 15
171 14
161 17
22 17
103 130
97 1
178 7
0 6
118 18
60 3
164 17
0 14
104 160
104 129
69 83
169 13
140 17
144 17
77 9
124 5
95 101
142 16
32 17
71 9
83 2
149 0
26 8
24 3
166 194
103 197
71 195
55 0
190 5
183 7
91 115
187 8
119 9
87 2
115 15
43 189
153 184
97 0
77 178
184 8
69 14
59 17
112 0
61 5
56 112
147 152
105 0
104 12
40 47
198 14
105 19
145 7
50 179
163 14
102 7
141 160
88 5
90 6
139 14
58 60
92 9
69 91
31 108
54 19
155 9
136 8
126 14
70 3
85 8
23 81
73 90
76 0
134 8
74 18
117 135
144 5
182 6
148 7
146 15
10 16
39 12
150 9
188 4
136 17
45 76
117 5
83 170
70 164
121 192
117 0
31 10
30 54
66 15
58 0
132 10
158 4
120 122
76 4
21 137
102 15
22 63
67 1
65 19
112 15
0 8
30 14
74 9
10 15
195 0
47 75
170 16
122 10
172 16
65 104
29 53
31 14
128 3
54 5
115 199
34 92
160 189
79 130
92 105
79 16
120 2
124 4
163 19
25 8
154 159
62 18
149 6
31 116
57 13
157 7
68 132
131 164
135 8
1 11
50 3
61 90
190 14
41 17
24 58
135 11
56 16
5 18
103 110
83 10
124 1
70 135
143 18
67 14
45 157
52 7
4 12
157 17
118 147
34 8
35 1
164 12
194 12
0 3
181 1
122 18
40 16
65 9
150 4
185 7
78 14
106 192
137 1
58 130
87 16
79 5
74 17
70 15
145 195
31 150
142 150
0 18
160 16
36 7
162 18
54 139
149 10
150 0
92 6
130 12
78 130
36 17
27 17
46 12
69 0
127 195
171 1
158 10
26 10
46 165
93 5
5 7
172 0
49 12
160 12
176 7
76 185
116 19
169 1
36 19
197 8
124 16
195 8
151 2
78 8
124 9
127 11
73 1
113 14
49 113
24 32
60 13
38 67
123 4
122 2
20 19
24 41
72 79
68 191
94 0
21 4
59 86
133 17
100 5
78 5
188 9
42 166
45 9
45 197
112 3
90 0
173 191
189 10
32 19
47 96
71 1
20 9
149 159
127 7
56 12
82 184
154 2
109 12
50 181
39 67
2 17
26 16
135 10
86 143
36 129
163 16
41 113
47 6
125 7
44 5
187 5
116 2
62 17
77 0
182 13
92 15
5 13
79 112
57 9
43 10
198 15
173 16
194 14
11 16
131 154
39 83
101 2
31 132
138 188
26 5
31 5
192 6
55 16
6 8
96 128
182 0
115 18
95 170
109 6
196 17
51 118
96 3
166 1
74 94
5 9
99 172
91 15
47 56
7 14
82 16
76 17
49 92
175 15
129 12
141 148
59 15
134 5
189 8
128 8
36 152
171 0
151 191
91 102
168 186
123 185
142 11
119 3
139 15
57 93
96 12
31 16
44 6
99 19
161 178
120 11
157 13
174 8
171 12
98 2
62 147
176 13
143 159
120 179
73 113
55 17
181 13
158 195
186 16
82 7
165 17
7 19
97 4
31 2
103 16
6 19
52 124
67 10
194 9
136 137
96 10
125 6
162 175
63 172
65 3
57 18
180 2
110 0
155 12
133 19
35 56
129 19
159 7
42 4
110 13
92 7
44 118
58 5
59 84
174 9
86 13
0 1
13 17
61 69
61 8
151 4
8 18
98 112
2 10
28 111
135 19
131 3
1 4
162 1
132 18
129 14
48 158
100 138
152 0
59 146
78 16
169 16
115 14
174 185
85 5
21 19
49 150
38 9
193 12
137 6
21 11
167 19
30 8
67 185
192 19
145 6
153 2
46 2
128 196
155 0
3 19
120 7
57 165
0 13
150 173
169 12
156 13
83 5
36 10
173 8
88 3
26 1
18 19
102 195
62 103
182 5
43 14
118 11
102 1
121 162
99 11
47 10
137 5
87 96
64 0
22 162
22 7
21 118
165 180
145 175
107 162
150 8
116 153
196 4
29 0
31 134
197 9
145 163
42 62
2 16
54 3
74 177
165 18
81 11
49 2
68 10
109 180
114 4
7 17
122 3
188 7
137 168
122 15
59 0
50 9
34 17
83 3
16 19
43 2
191 19
64 4
84 15
33 185
43 190
49 9
79 13
57 114
148 179
21 98
169 10
98 171
6 9
52 6
21 18
152 16
0 17
50 129
192 2
88 101
21 47
48 4
113 3
53 6
26 19
105 13
12 14
116 16
165 15
109 199
164 8
154 8
66 172
61 143
113 176
111 180
63 126
188 13
47 9
51 64
50 5
109 5
43 140
41 120
22 1
25 151
194 16
147 8
46 15
176 6
160 6
198 1
6 10
57 178
37 2
61 92
34 39
140 15
69 176
74 16
65 8
74 5
24 2
38 8
67 198
147 153
192 18
166 5
152 6
159 11
76 16
145 5
128 19
63 8
7 10
26 150
91 191
28 162
61 2
121 132
189 19
120 175
22 2
76 18
56 13
197 11
39 192
191 15
173 4
51 162
3 14
79 146
34 14
107 198
24 165
157 12
129 175
160 1
127 173
188 3
23 6
102 134
45 161
70 12
156 163
41 10
95 11
20 35
7 13
108 3
60 15
1 14
144 162
65 13
106 13
74 13
86 160
39 0
153 5
162 14
136 2
29 93
149 172
134 7
193 11
191 6
173 0
93 17
131 155
126 8
63 150
56 110
63 12
194 7
136 13
81 8
51 151
21 10
84 93
167 6
100 128
186 19
160 5
79 15
170 15
29 11
23 122
21 42
42 19
112 9
157 19
165 178
187 10
84 17
24 115
138 149
174 14
45 11
121 9
42 163
76 197
120 180
20 33
125 9
159 3
191 18
159 14
184 5
48 138
55 91
119 0
48 19
189 15
159 4
45 195
106 18
70 76
57 115
13 18
29 2
123 15
89 4
114 128
99 8
31 153
68 0
54 13
42 15
154 181
100 175
50 118
27 151
16 17
104 14
107 160
3 4
7 15
185 13
67 193
30 10
55 101
30 7
65 0
95 10
27 8
63 14
62 165
53 0
131 4
165 193
96 123
79 118
29 18
59 95
194 6
138 9
79 108
151 17
59 10
143 12
192 14
193 13
105 180
78 11
180 4
63 13
76 3
44 66
36 139
96 186
13 14
109 10
64 3
30 68
105 192
122 5
162 6
184 194
152 15
39 14
59 1
10 13
127 10
114 12
20 5
187 11
107 7
32 10
0 5
12 13
70 9
0 15
104 11
161 181
38 15
133 1
163 8
178 9
61 9
4 15
162 0
44 8
164 0
199 19
190 11
155 5
92 0
62 76
56 5
80 5
93 9
27 193
1 12
147 0
70 16
96 184
161 15
160 8
128 178
75 8
153 0
61 87
26 2
155 11
108 15
178 13
34 173
170 17
123 183
91 106
133 7
171 7
111 15
64 17
172 13
144 19
38 11
125 149
144 13
31 127
161 6
144 194
121 4
96 1
89 0
45 15
33 11
27 10
92 13
136 140
112 1
188 14
10 18
106 12
119 10
83 11
67 99
42 168
127 18
109 16
60 18
110 1
190 15
119 124
60 9
102 147
171 11
197 12
83 141
21 5
24 7
78 188
46 6
78 18
176 16
145 15
40 14
37 12
106 0
93 13
114 148
33 0
88 7
35 112
164 14
118 9
90 103
184 14
81 10
82 188
32 9
49 8
113 5
132 12
73 8
83 184
9 13
76 8
53 16
76 10
154 0
134 10
5 8
171 15
3 17
68 5
22 178
105 2
62 169
184 17
38 14
113 1
104 19
113 141
121 157
147 19
166 6
27 86
30 1
42 16
179 14
130 9
127 13
34 76
169 11
33 13
88 192
54 14
170 18
112 11
27 79
138 6
4 9
30 157
49 14
195 15
132 1
81 134
129 5
13 16
79 132
84 12
134 15
82 3
170 5
40 130
116 119
97 182
111 139
100 4
125 4
8 15
79 2
8 9
25 172
25 14
197 13
39 77
161 19
102 4
49 164
52 180
179 2
22 41
81 17
103 114
105 9
64 66
103 132
187 16
78 6
101 178
32 191
168 183
52 58
66 1
128 0
71 7
54 2
152 181
67 2
174 15
179 193
115 180
129 4
79 129
45 6
63 10
4 5
29 4
166 2
174 4
14 16
97 5
92 3
61 19
48 3
170 4
78 168
117 151
61 81
173 189
89 3
71 3
124 11
56 177
90 4
54 9
20 8
12 19
59 120
22 18
83 15
48 15
15 19
126 11
90 7
79 9
1 5
107 19
189 1
111 4
45 16
120 15
196 7
65 157
56 11
148 6
100 108
184 9
161 1
43 81
98 15
0 7
9 11
180 16
157 178
60 1
45 10
20 7
137 187
118 14
21 115
61 178
29 17
145 177
117 15
40 75
58 174
124 185
101 117
121 18
46 67
127 14
24 31
90 2
167 11
80 116
77 166
135 14
58 6
1 10
46 19
71 14
195 13
89 184
70 165
187 4
6 17
125 16
122 1
77 192
67 106
166 4
61 113
55 114
102 14
22 13
2 6
56 174
137 15
24 9
141 0
58 176
32 134
97 137
64 131
4 19
169 2
123 19
49 153
128 12
28 107
104 135
153 18
100 2
26 6
142 151
34 64
185 2
160 162
28 1
21 2
35 195
47 12
22 19
95 0
119 19
180 19
94 9
53 197
175 14
188 16
84 98
64 111
73 0
24 6
130 17
62 19
51 1
33 12
160 14
167 7
157 193
67 4
109 19
53 155
64 14
166 192
173 1
28 124
105 10
116 18
68 84
25 9
161 7
183 12
138 191
79 87
102 169
101 181
65 179
1 2
141 12
50 4
49 5
7 11
170 12
35 13
94 10
179 8
86 4
131 12
108 1
138 14
69 5
52 140
121 17
31 112
183 2
118 8
69 153
115 19
155 14
147 16
2 7
80 2
40 15
74 12
61 10
38 6
195 16
46 5
180 8
127 176
90 1
136 185
142 2
123 10
33 19
66 142
144 6
29 13
149 5
73 15
162 7
58 104
29 151
177 1
177 13
65 77
27 82
28 4
34 15
21 17
58 102
167 18
21 0
133 18
190 199
91 135
156 19
153 9
12 15
187 192
5 15
40 157
14 19
23 189
46 18
119 1
65 7
36 195
86 182
11 15
72 2
87 136
44 2
124 15
121 6
22 12
152 5
59 169
128 6
84 10
79 85
54 98
175 12
113 6
53 159
11 19
106 17
159 191
176 179
89 182
101 4
38 185
139 10
78 15
137 196
51 15
149 13
145 189
165 13
170 19
123 16
50 1
108 9
60 90
67 12
62 196
31 19
82 114
91 138
175 7
173 7
112 173
75 15
164 18
154 15
64 127
163 10
157 185
187 3
120 150
120 128
103 15
45 165
42 145
58 112
182 8
184 0
112 114
142 1
127 15
72 14
179 12
114 14
20 3
146 19
162 186
182 15
84 144
146 9
163 15
2 11
42 188
170 7
156 190
2 4
79 88
55 135
171 9
114 5
149 1
32 8
4 10
105 17
102 10
40 4
53 101
143 175
69 19
25 1
72 8
121 14
46 7
4 8
101 19
158 9
117 199
69 8
61 141
77 132
88 144
140 7
31 9
192 4
62 3
182 11
33 134
86 169
7 9
49 166
158 15
54 0
108 188
158 167
145 12
67 16
143 3
30 99
133 15
66 96
186 12
181 0
22 8
46 1
80 16
20 192
160 10
81 119
103 141
51 192
0 16
51 188
73 112
187 17
91 10
47 7
96 17
120 18
119 17
87 1
39 143
188 19
118 6
158 19
40 17
22 189
128 13
77 183
175 3
92 123
180 18
129 197
88 12
164 9
142 8
70 19
54 187
99 12
61 68
83 6
46 17
175 19
120 6
90 9
197 19
62 10
47 122
105 15
196 19
190 9
82 173
10 17
159 182
105 18
130 8
101 163
72 181
139 7
45 19
8 14
105 6
193 14
87 117
132 5
111 8
66 7
53 19
103 18
77 147
73 14
65 12
126 13
0 4
21 41
94 191
147 3
104 139
120 8
91 18
74 10
189 0
117 158
38 178
77 125
114 2
77 18
172 189
180 7
181 11
25 0
84 16
28 59
133 6
57 194
6 18
60 5
119 5
126 189
27 5
165 11
87 18
70 98
67 81
43 73
45 163
4 16
117 12
123 3
74 142
190 4
118 4
43 12
29 8
61 6
12 16
66 19
28 5
43 11
169 18
59 166
113 11
190 2
37 6
10 14
44 19
106 193
112 190
88 139
105 11
172 18
112 4
174 1
46 130
143 19
102 19
47 70
49 75
98 3
4 11
137 2
137 3
123 17
161 8
52 5
84 147
141 156
136 18
4 17
49 15
188 0
194 13
32 52
108 10
46 183
94 6
146 0
110 10
193 18
95 18
142 4
34 2
45 166
155 10
149 19
70 10
63 65
3 16
147 6
20 62
34 16
49 17
95 163
55 107
86 189
132 166
53 17
116 193
83 18
179 18
154 13
3 12
158 183
192 17
175 6
160 179
57 6
75 9
190 0
144 2
144 0
29 104
87 12
106 2
52 135
33 182
118 16
59 14
118 19
168 9
136 16
30 17
81 131
107 154
111 192
63 83
114 1
96 16
169 17
117 9
46 82
172 7
107 156
32 3
151 13
49 1
59 2
177 19
151 18
91 121
139 18
80 127
174 18
28 17
46 11
22 102
67 173
119 185
29 168
63 149
195 17
28 0
36 182
121 12
61 170
119 4
55 189
157 181
22 77
67 6
80 19
142 13
117 19
111 162
117 196
23 79
1 16
146 189
196 11
64 174
118 188
66 9
142 181
29 74
54 129
36 12
154 12
62 0
125 2
184 1
13 19
178 186
90 10
53 12
59 18
96 18
64 9
149 8
2 14
5 6
53 18
77 12
168 10
187 12
54 136
72 4
55 67
138 2
92 14
167 12
158 18
193 10
178 8
194 18
77 8
90 13
94 19
5 16
182 19
69 6
110 14
11 13
44 63
95 15
180 10
84 19
113 197
44 17
104 196
101 6
188 5
4 13
129 16
153 7
111 7
75 6
75 11
51 0
186 15
32 13
180 1
157 161
173 18
173 3
119 2
48 16
123 8
120 17
43 0
7 8
30 38
121 188
142 184
178 15
189 6
41 9
89 10
116 4
183 11
171 6
20 194
36 5
52 146
162 3
166 186
177 8
100 14
89 17
106 10
134 172
91 109
4 14
174 7
101 16
95 144
38 2
86 3
103 105
15 17
71 77
169 185
93 2
130 192
30 11
27 9
195 18
57 11
88 103
91 12
97 17
43 1
124 19
84 4
33 104
45 14
38 158
138 1
199 1
81 1
160 170
122 13
171 174
63 15
43 64
77 11
90 16
2 12
136 6
46 101
51 5
132 16
153 12
9 16
132 7
76 102
93 7
50 0
77 5
114 13
23 5
194 0
65 5
56 8
154 180
74 1
130 173
114 16
45 167
148 16
69 100
84 101
44 10
40 13
182 2
24 1
69 1
21 52
106 146
77 193
85 17
94 158
15 16
134 4
196 3
188 6
3 9
128 16
39 9
131 16
46 173
91 127
87 9
31 167
32 87
57 19
106 3
31 97
70 159
99 1
67 19
31 64
115 12
112 155
34 1
192 5
199 13
162 5
134 2
70 8
40 152
128 182
177 11
43 104
146 5
178 11
191 9
96 139
75 160
98 182
41 11
53 163
11 12
196 1
2 15
98 1
107 0
63 100
143 16
44 45
153 11
97 12
103 7
102 0
195 14
9 15
33 17
163 9
172 9
26 11
179 0
197 5
113 15
54 15
195 11
148 19
143 147
167 2
124 12
75 4
187 14
25 15
106 5
96 195
149 9
153 1
115 132
58 122
59 9
191 16
149 12
66 13
17 18
124 13
71 13
95 12
65 125
94 3
47 1
121 133
186 13
74 167
131 14
53 199
60 93
173 14
123 155
21 190
92 126
100 15
104 0
20 16
56 17
34 13
45 137
39 112
33 5
119 18
94 186
70 99
129 18
84 5
7 16
116 1
85 86
31 3
12 17
69 18
146 192
88 15
9 14
87 7
6 12
185 192
137 175
172 8
185 3
6 13
181 5
92 161
177 16
94 5
1 6
35 121
26 62
68 144
139 16
157 15
123 138
179 184
190 16
185 12
190 8
76 184
64 16
133 8
46 108
103 1
151 16
27 3
17 19
81 12
79 14
75 190
38 19
36 55
58 120
162 171
154 9
78 12
3 18
83 4
45 8
60 130
1 19
75 170
1 7
29 16
35 156
3 13
0 9
138 15
23 12
61 12
56 3
69 7
168 11
79 19
198 8
43 16
116 9
164 190
43 84
195 6
51 2
133 182
91 7
157 182
32 1
141 1
46 8
50 12
161 179
122 16
102 9
161 16
115 16
93 0
139 9
114 18
114 136
100 142
130 0
169 19
168 2
28 74
83 19
33 8
102 12
25 33
129 6
51 10
145 2
8 12
54 185
116 3
147 151
33 16
150 10
183 19
190 10
53 1
128 141
171 3
154 7
86 7
137 11
167 8
49 59
42 10
146 4
37 197
51 14
65 190
145 16
35 159
6 15
58 181
192 10
2 3
101 120
31 6
51 12
169 3
71 17
61 7
97 8
4 6
183 192
155 2
2 13
183 6
87 3
15 18
110 17
40 76
114 162
183 0
152 189
138 11
84 2
37 18
122 0
149 3
39 55
169 6
49 94
88 19
37 0
1 9
134 6
147 2
39 155
53 106
159 9
103 17
54 84
69 11
62 162
36 97
21 15
117 14
49 19
175 5
104 10
30 18
2 5
116 0
77 79
53 8
131 7
85 19
87 17
29 153
156 14
50 6
43 4
119 11
143 6
32 88
101 8
70 1
140 11
68 151
30 3
159 8
84 110
24 64
149 170
1 17
74 3
75 10
113 17
26 13
30 42
122 11
176 182
163 0
44 147
181 2
67 5
63 2
189 5
192 8
70 17
8 11
140 4
141 186
34 12
75 18
30 170
188 8
21 133
37 19
130 3
3 7
171 5
132 8
178 2
98 18
140 5
104 16
164 10
22 9
40 175
193 6
83 12
58 12
20 131
182 7
108 6
145 14
9 19
108 171
33 15
27 18
26 116
183 16
175 0
117 141
187 6
118 7
25 6
145 18
165 19
163 2
116 17
86 11
94 95
42 2
190 12
69 143
43 105
84 132
29 12
47 3
126 18
7 12
145 10
128 17
132 15
39 7
52 12
100 16
43 18
161 18
69 2
176 0
38 12
32 16
170 196
120 12
92 1
143 11
87 116
38 0
87 110
165 10
181 7
143 5
111 145
164 2
156 11
5 11
2 8
172 10
116 12
113 12
156 8
71 10
177 17
184 6
58 92
126 181
161 0
124 7
184 7
38 187
116 6
51 3
134 142
8 10
143 9
56 14
185 5
89 5
165 16
113 7
32 6
2 9
139 19
163 166
140 10
172 14
187 9
123 12
134 167
160 165
149 4
23 3
42 137
158 1
177 5
88 168
28 150
55 149
149 16
114 168
192 15
136 15
115 8
21 16
91 19
26 14
127 2
164 4
45 1
34 19
64 5
125 137
41 98
55 18
125 8
145 4
44 141
110 173
135 13
80 14
75 7
98 194
196 10
106 115
95 148
79 12
76 132
62 4
60 176
74 15
88 1
35 2
61 11
152 8
162 9
61 18
43 184
68 166
5 12
140 14
26 17
160 0
72 176
65 4
79 94
166 16
123 18
26 89
63 4
61 147
163 11
174 0
118 10
135 12
22 16
82 8
76 9
108 173
66 67
31 169
180 15
41 4
167 4
102 18
166 173
90 177
44 67
113 10
97 135
37 7
116 10
34 11
0 11
130 6
47 86
28 16
61 0
106 8
82 13
0 19
35 12
184 190
99 5
119 15
3 10
95 174
176 12
193 5
119 16
139 140
109 131
88 14
133 155
103 11
150 5
33 62
140 8
170 10
75 88
23 11
86 9
85 9
48 189
75 12
110 164
20 14
77 2
127 5
100 180
156 18
196 16
47 16
77 153
85 163
35 16
181 12
94 123
24 15
150 18
174 2
105 16
112 131
128 2
166 11
6 11
28 6
14 15
134 13
3 8
190 18
170 1
193 15
93 11
135 4
93 19
159 18
2 18
73 9
36 13
172 3
96 0
78 148
78 113
42 186
154 18
194 1
60 16
68 11
6 7
50 124
47 2
95 14
162 11
84 91
95 1
5 17
88 178
141 18
109 13
86 12
99 15
166 7
136 174
26 179
71 6
47 81
196 18
186 7
25 74
37 115
82 2
89 11
175 9
167 3
140 2
118 3
116 7
137 8
97 104
50 14
199 8
145 11
80 99
68 8
69 88
147 1
46 13
181 16
20 1
61 82
100 18
176 4
