27 3
39 8
184 9
37 67
67 18
23 17
157 5
75 180
89 158
142 194
131 197
126 14
153 18
27 2
105 3
130 4
111 2
156 14
118 134
51 188
124 9
49 191
30 15
174 180
24 1
119 14
155 4
174 18
81 119
20 7
55 115
82 1
171 12
199 6
52 73
34 10
56 171
194 11
57 1
26 3
52 6
53 64
21 11
105 185
87 128
153 11
139 15
76 12
2 14
161 191
127 11
109 0
132 172
144 0
21 78
155 6
186 14
9 18
67 146
127 16
72 125
194 12
71 16
94 2
151 12
114 15
136 8
25 11
69 1
103 19
54 1
180 3
152 17
6 17
69 17
69 16
43 6
44 11
51 119
97 1
110 15
184 3
147 181
110 181
56 11
73 3
89 15
184 10
104 9
187 16
20 121
127 134
27 170
176 12
121 2
80 7
129 169
191 19
81 188
82 16
40 5
21 62
57 167
21 166
132 10
33 9
83 6
121 18
70 4
43 89
91 187
24 2
72 179
123 17
164 13
145 14
16 18
3 12
43 72
124 11
79 10
122 15
117 170
75 12
99 10
22 13
140 1
28 194
20 13
159 8
155 7
1 7
128 12
181 3
14 15
97 8
68 136
107 9
35 98
109 3
102 197
164 19
86 14
41 1
140 7
192 18
24 112
106 0
153 14
77 152
51 1
180 5
103 5
166 10
141 0
71 1
159 14
130 178
87 189
78 3
188 16
153 9
163 6
75 5
72 15
45 11
75 16
144 5
50 10
57 14
148 10
105 8
147 154
183 2
149 7
35 183
70 14
122 194
8 17
126 16
190 9
10 19
11 15
99 131
167 14
126 8
98 5
50 17
57 0
132 11
75 4
40 130
146 11
135 186
183 18
34 16
157 15
170 9
104 0
162 9
41 11
153 15
90 138
87 5
85 109
38 94
165 199
66 5
25 8
105 110
41 8
178 18
195 11
106 16
149 17
85 105
150 18
95 7
70 15
94 7
29 15
139 1
34 7
33 14
196 4
118 148
130 1
9 10
158 16
85 2
83 1
56 10
199 0
23 3
163 3
150 159
182 6
186 19
127 189
72 9
69 152
96 0
78 191
81 148
38 15
190 1
87 19
38 147
166 15
1 14
93 16
57 6
7 17
26 15
44 17
167 8
195 15
163 195
42 141
41 179
60 6
67 10
152 178
23 55
132 15
140 0
77 11
75 92
157 12
138 10
134 11
132 7
84 134
107 167
35 0
107 6
102 17
70 5
145 5
195 19
160 19
50 0
28 0
199 17
61 18
24 10
34 13
139 193
51 7
155 19
86 1
58 17
144 12
121 195
142 154
150 4
102 1
141 11
158 13
183 12
146 17
38 91
119 5
130 15
101 4
123 18
46 4
150 0
137 1
77 2
61 177
1 10
39 77
49 12
49 2
177 8
74 149
136 14
88 17
174 17
38 12
148 153
44 188
48 57
182 191
78 2
35 132
138 149
109 4
163 9
107 15
103 11
106 4
33 4
57 143
195 5
135 3
29 16
21 180
104 197
32 17
47 9
171 195
140 16
104 17
96 10
71 2
133 8
134 14
179 0
140 2
127 156
158 164
140 3
44 120
186 187
109 9
28 8
152 183
171 2
140 198
93 6
120 127
120 6
112 16
134 149
139 10
42 7
51 19
151 183
69 143
167 15
36 196
171 180
49 111
150 5
0 15
44 12
64 1
23 6
163 16
183 199
105 15
12 16
83 11
33 45
112 10
99 6
46 121
81 128
76 7
4 13
62 3
56 9
120 12
98 18
41 67
78 170
190 4
135 0
99 15
107 109
155 10
146 6
20 18
95 145
43 146
21 5
5 7
39 7
162 17
118 147
43 19
191 0
106 152
188 19
73 132
185 13
2 8
93 121
129 9
181 16
32 95
40 174
59 10
185 10
16 19
36 82
188 7
143 17
114 19
74 8
62 110
169 17
27 114
153 4
36 89
180 4
90 195
113 7
54 126
8 12
2 15
65 180
152 14
126 178
60 19
120 14
55 151
93 108
88 7
85 11
126 15
68 3
41 149
153 192
0 19
43 177
42 19
138 9
63 13
42 13
166 4
53 93
104 110
178 10
41 171
36 172
119 3
47 94
113 10
144 157
115 12
136 19
176 15
109 123
130 2
142 1
127 130
139 7
1 6
168 1
55 4
165 19
9 15
105 17
106 7
123 15
34 75
94 19
56 1
30 111
51 9
64 7
90 14
54 2
156 13
107 14
73 116
177 4
1 13
27 172
63 10
35 3
149 19
119 144
28 9
115 19
135 6
28 19
96 15
122 182
74 89
107 178
5 12
66 135
86 16
146 15
126 3
197 17
12 15
164 0
186 3
52 187
185 18
9 14
64 19
176 11
38 163
114 10
50 123
20 44
47 77
128 7
98 151
169 2
71 0
195 16
73 18
86 12
122 17
8 14
66 14
77 131
169 182
8 11
22 18
168 12
179 16
29 4
102 175
67 2
50 59
120 10
150 1
181 8
172 3
101 1
82 14
126 13
178 11
136 199
87 101
167 2
151 188
44 4
117 6
192 10
180 10
195 17
109 16
32 81
168 4
113 174
71 121
41 16
64 10
121 153
59 158
81 193
30 11
114 153
13 14
118 12
2 12
123 12
62 187
119 13
0 18
197 0
85 7
54 9
126 19
66 10
95 13
77 160
101 14
144 18
119 1
147 18
81 9
25 18
165 15
5 15
189 10
190 18
28 5
26 18
81 116
25 1
49 100
27 180
88 11
125 18
150 162
103 192
20 3
72 18
26 83
149 2
108 12
81 0
178 7
172 17
164 16
75 3
89 131
94 179
76 77
23 86
41 3
129 18
111 12
32 4
91 9
189 12
63 125
53 163
170 2
114 12
132 17
135 8
109 10
68 19
81 15
183 8
126 142
106 8
74 82
117 1
12 17
27 40
91 10
57 133
184 186
35 49
40 9
138 2
81 3
144 2
147 170
32 15
99 166
102 112
71 11
138 6
125 135
178 190
157 9
11 14
138 174
3 19
8 10
50 185
176 13
1 11
126 159
136 10
101 116
74 157
1 4
78 175
67 5
51 8
56 14
134 9
0 11
96 18
125 10
41 110
25 13
50 136
56 101
33 1
123 197
29 1
83 106
150 19
4 17
115 9
32 183
155 3
56 18
61 178
120 195
62 91
4 7
39 151
78 7
37 14
152 1
173 15
2 6
69 83
114 11
46 133
154 162
108 140
48 151
197 18
17 19
58 188
7 14
127 9
95 17
109 17
92 14
34 118
171 8
190 197
132 2
103 7
161 19
53 78
138 14
11 17
40 43
28 57
173 176
40 16
60 9
2 10
148 8
34 173
122 179
125 8
186 6
142 10
96 14
106 153
10 11
108 180
41 7
22 176
63 80
48 95
59 68
38 11
105 12
124 4
23 4
11 19
21 149
106 130
34 186
65 132
195 4
78 4
24 61
44 1
103 3
71 10
66 94
68 12
171 18
85 106
45 153
107 139
81 2
63 177
64 2
4 11
106 10
89 122
26 78
39 19
192 11
130 16
199 3
168 7
28 48
74 180
36 117
152 192
54 7
80 1
52 16
14 18
162 6
193 10
169 13
196 19
128 1
134 3
189 15
111 5
20 1
114 14
129 16
58 8
46 19
168 17
22 11
157 186
45 4
47 8
120 18
94 148
173 174
107 16
118 10
35 93
112 7
106 131
20 17
20 198
64 12
144 180
27 122
171 13
125 12
102 147
80 174
160 12
196 0
177 6
68 165
164 15
83 3
46 2
95 9
0 7
3 10
84 2
11 12
33 19
155 2
59 99
58 62
48 1
158 19
32 176
177 15
53 3
132 1
73 17
117 13
113 15
29 34
145 167
35 102
188 18
86 6
147 191
107 3
94 130
136 12
72 2
139 6
90 19
30 18
56 6
46 12
76 1
185 8
185 1
115 16
62 152
152 18
127 14
171 19
2 16
142 11
45 13
155 159
104 15
135 13
26 70
199 11
159 4
157 6
152 5
150 2
90 1
165 0
61 8
31 7
36 38
101 15
73 13
76 153
162 5
165 17
59 86
111 11
55 14
21 19
162 3
103 10
21 99
116 7
187 15
168 6
183 16
13 17
44 113
78 133
176 16
124 19
42 2
39 12
117 120
119 191
90 9
30 16
34 6
20 6
66 148
53 0
173 197
190 15
36 16
158 4
32 13
102 15
119 181
43 18
86 164
106 3
2 3
47 5
144 6
131 0
187 3
182 7
76 140
96 146
198 2
44 3
89 165
106 6
125 172
146 158
147 9
68 1
145 10
102 3
183 5
130 19
62 131
127 190
112 1
36 99
75 185
5 13
121 5
49 4
43 0
198 12
140 11
25 2
174 4
25 6
26 29
123 4
89 17
21 181
66 6
42 10
21 10
23 65
127 152
124 136
170 197
74 172
180 2
77 19
84 99
45 1
75 132
175 6
179 9
43 17
163 4
114 0
167 10
132 3
124 1
87 7
137 5
95 18
51 105
79 7
4 8
27 84
73 97
47 4
195 3
55 15
104 5
30 13
77 134
33 10
169 0
134 10
59 19
36 62
14 16
2 7
57 2
58 172
177 190
196 6
157 10
3 11
127 145
159 9
39 196
75 17
68 107
95 135
22 16
171 17
151 4
191 2
36 2
98 12
31 184
137 7
149 188
103 6
97 102
104 8
95 178
95 5
55 0
164 183
10 12
160 191
87 104
43 1
64 16
146 0
64 3
92 6
84 8
140 169
4 15
67 1
100 3
63 6
81 6
48 16
0 4
62 5
41 97
55 5
175 18
123 16
166 18
198 17
65 15
84 12
124 5
67 185
26 1
169 9
26 11
31 38
0 6
59 80
81 1
12 14
26 169
10 17
23 10
102 19
45 2
93 158
119 7
46 8
126 2
174 7
114 3
173 16
64 0
151 19
108 1
156 7
10 14
176 4
196 3
121 154
50 11
58 3
47 92
84 16
70 9
116 9
87 138
51 122
191 17
119 2
162 2
70 10
172 0
94 4
13 15
167 185
144 19
74 19
8 19
67 3
186 4
66 132
52 17
182 15
97 12
53 1
110 8
35 108
30 104
44 106
44 56
78 119
128 183
64 14
60 152
135 1
58 7
33 175
194 16
62 72
34 185
170 3
82 137
153 2
119 8
198 18
116 12
120 198
121 3
134 7
199 2
161 3
34 17
174 1
122 144
58 10
135 148
57 3
122 191
169 11
100 4
33 5
54 4
45 178
57 18
70 11
0 5
106 13
162 4
90 156
42 8
122 4
26 115
38 81
129 17
192 12
54 14
126 130
106 19
81 4
129 182
102 9
48 11
90 157
174 14
174 13
64 13
137 161
37 194
94 3
164 1
33 162
157 13
1 17
8 15
51 16
115 122
125 6
133 7
74 14
107 118
145 3
122 156
52 121
79 176
37 18
92 10
122 1
163 14
188 1
183 13
9 16
152 15
106 17
181 2
99 190
125 2
30 4
7 9
121 13
103 107
30 93
124 2
131 168
116 138
94 1
81 198
50 71
45 3
182 13
94 12
192 19
89 16
80 9
36 190
122 13
115 170
77 190
48 13
168 13
171 3
63 188
83 7
117 138
186 8
142 0
170 19
56 19
61 150
195 14
169 8
154 18
97 2
114 7
6 7
21 60
92 99
88 157
175 10
196 5
134 13
195 12
194 10
91 16
117 16
105 10
43 148
29 42
108 3
143 196
3 14
23 48
128 175
145 19
62 6
67 144
79 196
29 0
36 6
191 10
103 1
195 10
127 5
44 5
142 2
194 4
56 186
101 7
61 2
80 14
17 18
150 13
190 10
179 3
164 6
26 9
6 16
69 19
177 2
170 5
87 6
36 177
85 13
124 7
92 93
178 17
78 14
109 192
125 4
81 112
180 7
77 93
83 0
102 8
38 141
120 11
165 12
62 81
29 9
92 4
148 18
37 4
55 176
21 3
23 16
101 169
80 155
24 8
54 15
20 5
130 8
149 0
84 5
49 8
40 2
81 127
127 174
185 2
2 19
111 188
56 8
171 189
103 15
49 50
15 17
46 9
110 13
177 5
167 12
80 167
70 3
145 7
162 7
53 8
21 39
157 2
81 8
197 16
48 0
176 10
55 16
81 189
62 192
89 173
175 2
13 19
149 177
18 19
130 7
60 10
54 8
154 4
136 5
113 192
169 184
175 13
151 156
95 2
97 173
4 18
166 167
78 6
34 18
47 1
35 13
31 8
118 14
90 2
71 176
68 92
199 19
58 173
33 18
161 12
11 16
80 127
54 83
44 149
4 6
40 1
107 17
196 15
91 138
195 7
88 15
46 7
103 18
100 17
125 16
119 161
20 79
135 12
98 1
36 15
12 19
149 154
183 0
44 14
147 4
78 195
197 8
110 12
29 63
74 11
30 180
122 8
183 10
50 104
76 11
138 16
148 5
56 0
104 18
66 142
6 19
130 152
62 15
170 12
182 18
126 190
110 5
64 17
7 8
60 5
5 17
47 135
82 181
127 6
48 75
6 13
136 2
6 14
101 12
32 42
45 176
54 75
42 15
73 167
98 14
97 11
38 9
96 4
145 9
55 6
62 71
136 17
158 3
124 14
161 0
92 5
77 166
32 40
45 0
98 7
138 17
159 0
159 12
123 19
172 13
30 10
21 17
38 101
49 17
142 8
42 18
33 114
124 148
35 151
49 0
97 142
36 41
117 17
161 4
155 9
33 2
111 8
129 0
195 8
110 17
20 71
125 13
161 169
106 11
45 76
4 10
70 19
63 15
182 1
114 197
117 180
65 119
37 7
46 136
28 12
165 2
165 8
163 0
134 12
152 155
30 5
82 6
85 123
116 125
197 2
162 193
129 196
76 9
25 100
142 6
116 16
45 15
104 10
33 15
178 183
50 15
195 1
7 18
25 165
40 58
114 1
133 18
20 179
78 131
36 108
72 122
6 15
102 7
44 10
40 17
38 126
85 18
102 2
111 122
113 8
152 4
121 7
61 99
39 156
157 7
115 5
39 5
54 145
52 165
68 128
29 114
130 9
32 179
88 12
42 196
115 17
152 11
127 12
158 7
36 76
165 6
192 16
121 164
96 12
72 5
184 8
77 12
76 14
150 175
32 7
149 4
146 152
0 9
1 19
62 106
148 6
38 106
120 158
72 6
32 16
78 154
157 4
172 16
166 13
81 19
53 5
28 2
127 18
1 9
1 12
68 0
45 18
160 15
107 7
67 161
176 1
22 152
114 9
132 14
170 173
56 16
66 13
62 133
198 13
108 0
90 106
31 146
126 18
118 2
49 63
108 131
7 13
30 6
14 17
54 18
100 19
115 194
3 15
44 93
60 131
48 17
0 14
3 5
198 4
146 5
131 12
42 12
128 8
172 7
85 15
165 10
160 9
44 2
106 173
148 9
91 12
118 3
153 8
86 11
101 3
91 17
156 10
181 18
153 161
133 1
168 3
90 12
77 171
190 6
15 16
5 14
51 3
31 17
29 11
152 0
114 198
141 4
51 199
40 6
113 121
125 0
115 1
75 145
2 11
156 0
184 2
60 179
49 19
30 106
117 162
59 101
32 8
41 17
39 15
29 17
63 156
93 18
154 8
10 18
121 15
105 148
25 192
185 5
37 10
25 3
142 3
116 10
32 60
126 5
48 8
77 8
3 13
66 0
87 111
2 5
119 132
5 6
129 13
67 7
179 5
197 11
6 18
40 111
197 6
123 6
160 7
43 109
39 154
174 10
60 14
40 53
77 14
196 7
60 7
98 13
157 19
33 7
51 18
191 6
162 19
118 9
141 17
104 16
136 7
88 92
87 14
23 81
63 79
163 15
26 90
59 0
131 10
172 19
178 199
4 9
84 6
110 186
28 86
40 12
148 19
10 16
138 7
195 6
83 146
116 193
74 137
161 194
69 178
120 8
165 5
161 17
177 7
24 4
95 144
95 4
87 176
58 15
121 0
67 122
78 5
136 4
31 105
127 7
9 19
59 8
61 15
90 11
72 7
127 159
81 11
32 43
182 17
113 19
43 5
181 0
127 15
124 166
73 2
190 13
156 8
58 11
22 6
7 12
34 11
35 58
102 12
98 17
13 16
39 69
80 12
39 11
105 16
127 149
192 6
27 34
176 17
55 1
131 1
89 8
118 17
143 13
20 0
58 6
90 4
62 125
61 161
66 73
164 14
42 1
0 3
148 15
169 189
130 17
55 131
176 9
51 4
130 5
53 10
79 15
132 0
61 6
24 7
80 5
155 8
42 58
72 137
26 17
82 11
0 13
46 117
13 18
62 14
115 8
178 2
199 15
0 2
140 13
30 9
77 196
113 153
156 11
5 16
27 10
129 11
52 69
63 18
4 16
47 14
67 111
95 183
64 145
109 6
173 0
51 2
86 19
63 159
152 9
151 9
81 162
3 4
61 7
12 18
20 9
68 9
153 10
93 2
71 12
113 183
31 9
23 28
24 71
132 9
31 18
34 14
106 15
123 8
7 19
66 143
110 16
8 18
106 1
26 175
159 13
96 6
51 12
98 10
100 5
31 2
2 9
29 180
155 183
55 111
116 0
0 17
88 14
97 9
90 10
81 13
147 8
174 19
147 11
122 2
59 124
29 161
156 5
24 9
110 196
20 4
23 171
100 18
67 165
182 8
84 121
21 71
75 161
147 1
15 19
46 18
50 152
169 16
130 173
188 9
132 139
79 17
98 173
138 181
35 9
33 6
46 109
46 54
179 1
26 174
129 179
59 70
101 11
171 7
71 161
127 172
91 2
35 8
130 171
56 79
61 17
192 0
50 3
82 99
148 1
44 15
43 13
92 12
21 2
140 14
15 18
139 4
52 19
63 114
36 11
194 15
151 6
115 123
35 16
107 131
53 60
132 163
64 6
186 0
85 14
51 179
82 8
38 5
126 4
159 3
22 0
8 16
26 154
21 8
99 170
62 8
134 17
94 5
151 8
137 3
163 175
89 9
184 1
156 12
63 0
172 5
105 123
123 0
61 10
88 9
57 123
109 1
101 122
109 11
78 127
103 14
44 180
147 3
0 8
5 11
140 17
28 168
58 12
38 88
149 6
50 107
5 18
121 189
106 180
188 0
118 167
57 5
108 17
166 5
56 17
6 8
70 199
63 94
100 11
32 12
67 186
74 15
192 13
58 185
22 3
146 182
35 5
84 108
178 14
7 15
199 16
164 17
52 8
183 14
45 48
99 19
104 19
41 18
64 119
53 11
148 4
151 177
111 3
40 19
193 12
167 17
122 7
44 16
92 11
59 199
144 145
6 12
65 198
11 18
0 10
109 7
107 5
79 0
149 3
184 12
34 1
2 17
29 6
60 12
51 190
71 15
10 15
179 19
135 192
180 6
128 5
48 114
2 4
66 112
54 11
0 12
76 144
78 10
76 17
88 19
87 17
177 16
38 8
58 0
3 8
42 81
160 6
169 4
163 13
9 17
128 11
63 8
194 19
100 106
85 193
165 194
100 137
174 12
11 13
57 11
88 18
131 172
60 11
72 0
169 3
164 5
96 5
150 185
63 1
121 9
112 117
27 53
88 119
162 14
68 166
152 7
101 17
24 195
139 9
30 166
116 17
150 7
29 100
71 19
43 4
86 4
40 120
58 2
102 0
80 137
33 34
24 93
196 17
7 10
131 14
91 95
121 8
71 152
173 13
68 8
174 3
125 1
100 13
20 46
35 14
167 11
73 4
59 171
187 18
20 101
55 124
40 18
160 17
175 16
86 18
42 68
8 13
134 5
31 167
189 6
21 4
168 0
145 0
109 129
169 14
105 19
47 11
55 10
159 5
184 11
68 131
145 4
108 6
118 145
133 12
22 8
80 18
142 173
30 191
151 18
179 186
141 143
97 14
116 2
78 8
67 6
139 3
157 11
117 14
199 18
131 18
147 17
119 18
1 2
115 14
76 19
79 4
53 4
85 19
83 4
184 14
175 19
189 17
93 7
97 3
38 1
28 18
25 12
178 0
187 11
81 175
160 10
191 15
150 176
120 5
46 183
130 11
46 5
29 19
46 14
136 9
151 15
124 15
138 160
38 41
128 0
184 17
73 12
198 11
1 8
32 85
23 1
122 9
74 90
151 3
160 13
83 13
178 3
75 6
118 157
4 19
109 5
97 15
105 7
94 144
119 4
54 62
59 15
22 5
91 13
30 51
68 11
171 0
76 199
79 112
82 100
89 109
80 8
174 15
20 34
175 0
123 1
129 175
126 10
61 14
20 148
108 11
186 11
175 17
183 1
64 9
197 3
79 150
51 6
107 156
138 0
127 8
144 10
98 157
94 154
98 11
14 19
181 9
57 4
147 7
141 12
46 17
74 0
157 8
119 17
112 13
75 18
26 19
166 172
4 14
37 165
171 16
26 12
60 16
192 193
128 15
150 17
139 5
115 13
155 13
113 17
65 16
48 9
135 199
71 83
8 9
158 170
76 2
37 139
185 4
145 18
45 179
168 15
185 16
59 167
145 8
84 102
183 7
60 2
87 0
133 15
35 57
67 4
185 0
163 7
91 8
141 154
167 183
77 179
126 1
158 15
73 19
63 74
45 12
109 15
1 18
171 10
48 70
150 10
148 16
26 39
180 14
146 12
102 10
168 10
105 13
121 11
20 16
129 8
37 2
24 14
120 13
104 185
193 1
151 16
138 13
41 13
138 12
112 11
141 187
160 2
79 99
72 3
142 7
192 8
60 91
118 149
68 15
59 17
176 19
24 15
3 9
143 15
167 16
96 8
114 147
27 39
26 10
154 0
125 5
144 8
133 17
169 6
198 0
184 13
83 17
193 15
163 17
21 9
107 12
12 13
62 123
73 6
191 8
116 1
58 14
33 16
113 128
65 17
70 7
107 10
84 10
58 140
100 12
172 10
20 97
90 15
25 134
76 113
160 4
58 19
65 7
89 182
124 17
35 77
51 186
87 97
93 179
41 10
168 11
131 5
125 198
185 17
103 9
29 12
44 160
101 155
77 17
22 7
82 110
97 164
156 3
172 192
37 0
39 13
41 140
163 12
178 193
31 16
20 14
154 17
182 2
75 13
142 145
60 15
146 19
48 15
147 16
53 54
58 18
192 2
51 194
74 4
99 9
172 4
84 166
130 12
110 1
93 14
153 169
39 52
124 16
172 6
54 5
77 173
108 14
190 14
25 10
117 0
46 112
77 15
114 17
30 1
50 8
186 9
136 11
91 14
54 134
50 19
34 2
193 6
191 5
46 55
146 13
23 141
35 42
10 13
7 11
40 162
112 6
69 6
90 3
42 14
197 10
98 9
136 162
164 2
165 14
139 172
100 197
2 18
69 13
76 175
121 16
77 7
113 157
28 130
191 7
140 8
73 9
139 16
65 130
79 9
23 92
176 18
5 19
59 12
62 90
22 17
108 16
45 6
170 8
27 9
84 17
147 13
31 185
197 9
22 15
142 15
138 168
90 5
3 7
6 11
4 5
49 110
82 157
170 7
141 2
125 17
162 13
154 9
159 17
98 102
41 6
45 9
157 16
71 18
128 9
140 9
177 19
66 12
27 16
59 65
22 4
0 1
37 137
59 165
45 141
125 131
40 11
28 40
54 85
84 90
146 1
78 1
128 16
78 114
141 13
76 10
37 16
74 7
5 9
58 92
129 3
73 142
58 1
190 11
55 18
181 14
64 109
160 14
49 16
65 18
149 5
29 8
166 187
84 14
89 1
30 77
57 17
26 94
64 11
87 90
47 178
123 150
179 15
67 0
53 81
184 5
117 2
25 17
141 1
188 2
39 18
173 4
150 16
164 168
34 37
16 17
28 13
23 59
199 8
87 16
91 154
43 138
149 1
83 2
191 4
131 15
95 3
135 164
1 3
136 15
35 2
118 126
115 137
47 175
30 3
84 151
107 128
1 5
26 2
49 13
184 0
120 3
29 147
144 175
118 0
117 12
178 5
182 9
0 16
52 198
24 6
1 16
104 186
6 10
170 13
124 8
32 66
53 13
78 153
164 9
74 175
92 101
186 10
75 77
116 19
89 13
61 13
33 95
6 9
73 16
9 12
9 11
43 11
77 174
164 194
59 2
180 16
152 171
1 15
61 4
191 16
85 124
173 186
31 102
76 6
44 197
104 4
182 19
24 18
95 15
87 3
136 3
162 171
191 9
86 13
92 95
49 9
62 7
46 149
87 15
110 6
56 12
132 19
121 4
21 16
66 1
146 3
67 14
116 172
89 120
107 18
80 13
191 12
39 185
198 5
178 16
30 79
128 195
175 15
105 111
169 10
115 0
93 4
141 7
49 81
42 16
34 8
175 7
40 15
117 15
197 12
169 1
3 16
167 176
102 18
61 5
190 19
89 14
65 11
112 19
