186 3
84 157
120 11
27 4
195 8
75 113
77 130
191 11
82 153
30 82
25 8
74 12
40 149
172 7
45 141
21 5
56 72
59 153
27 169
94 12
42 175
70 9
59 7
63 15
41 150
60 167
167 0
31 9
126 8
64 76
103 197
95 169
33 90
11 15
189 1
150 17
99 133
169 12
119 4
27 16
160 162
53 19
85 88
36 1
170 195
110 133
46 196
75 13
197 0
25 190
122 18
1 10
21 118
47 72
46 4
120 0
47 180
26 123
113 14
40 10
1 11
40 11
13 15
28 99
33 37
145 17
79 122
49 187
30 2
175 1
113 175
164 173
184 7
48 10
174 14
151 190
66 164
130 18
50 15
149 199
79 131
50 1
1 4
159 192
72 182
23 124
104 190
33 133
172 192
108 127
187 1
94 149
90 151
52 172
31 146
67 178
38 198
104 158
127 3
101 9
112 0
32 134
157 11
64 185
100 171
111 115
95 5
0 16
97 177
182 3
140 4
45 17
196 197
44 77
55 68
149 16
112 117
134 18
162 0
137 190
122 143
81 14
181 0
23 195
145 155
85 10
158 15
103 135
122 125
107 13
56 8
33 62
0 14
138 177
185 17
59 156
21 16
21 4
45 8
155 16
48 127
93 16
45 60
21 177
7 17
85 92
37 70
184 11
122 8
110 6
5 15
93 110
179 0
147 19
4 10
71 116
75 15
30 10
35 43
142 9
57 4
26 19
16 17
62 191
102 15
125 144
104 5
102 185
72 184
59 66
102 13
69 7
100 9
98 163
179 181
60 126
71 4
31 13
153 15
133 174
99 3
57 9
20 57
55 17
24 150
189 19
3 11
31 2
53 78
42 67
33 9
111 8
7 15
33 18
69 95
184 192
80 172
96 104
89 14
173 5
71 1
97 140
52 199
140 2
189 16
130 182
136 157
107 137
49 103
34 17
71 113
159 16
153 198
114 15
181 196
33 34
42 122
115 161
95 14
70 174
29 109
152 189
141 17
32 53
34 5
55 7
125 152
3 16
111 14
85 125
86 15
139 5
127 150
121 161
69 178
173 4
44 17
163 17
131 5
3 4
79 4
1 18
113 4
109 11
147 7
36 109
95 170
97 2
31 113
99 0
55 3
126 12
122 17
86 4
60 176
193 10
138 1
15 17
58 16
130 195
59 16
172 8
129 9
47 197
145 9
112 15
158 185
145 166
155 179
84 7
104 7
155 174
56 124
82 199
78 167
144 10
182 19
118 3
23 72
136 2
91 135
47 16
105 158
9 18
45 144
176 198
176 18
44 112
73 11
88 12
12 19
102 12
152 188
117 148
77 178
104 4
68 15
23 4
24 156
52 73
143 3
187 12
48 13
117 132
21 173
158 170
90 143
136 14
112 16
78 103
28 9
37 156
82 102
24 58
79 106
91 198
25 4
140 144
123 7
28 119
116 13
194 13
109 129
3 14
124 169
44 19
50 93
94 148
21 160
61 14
195 19
119 14
69 83
39 46
128 136
106 174
134 136
163 15
7 12
93 117
29 2
0 7
122 145
2 11
107 6
94 107
189 4
79 138
105 169
115 148
170 7
108 135
95 96
2 14
84 141
94 3
164 9
79 165
45 16
74 170
129 2
122 10
30 63
123 165
106 17
51 139
162 1
93 3
35 10
188 4
8 13
27 119
75 192
115 149
124 161
59 115
89 147
171 16
26 16
68 142
23 95
39 140
1 12
126 173
71 7
90 113
88 17
148 19
52 15
56 108
69 159
136 195
108 154
85 16
186 19
54 104
23 111
102 5
23 0
26 131
5 13
119 147
32 44
29 130
43 77
165 18
91 196
178 18
34 83
138 12
71 17
9 15
148 16
159 5
117 130
94 9
96 0
123 13
132 14
48 0
24 186
34 98
127 143
168 17
2 16
7 16
24 95
162 9
58 166
93 8
77 144
40 142
73 10
149 181
154 180
22 171
55 8
20 170
60 99
63 130
188 8
186 10
144 4
31 108
97 171
101 8
127 5
45 110
167 7
25 58
140 15
64 4
132 144
12 14
3 8
41 120
80 2
105 176
70 152
130 162
145 0
102 195
126 18
94 190
152 6
25 171
4 14
27 152
170 184
131 191
84 174
5 16
163 14
30 88
84 110
54 144
50 53
74 95
74 78
77 170
9 10
127 2
50 189
157 193
151 12
117 7
42 61
105 192
47 64
99 146
58 86
89 19
85 15
65 16
42 11
85 87
52 191
142 157
84 13
37 4
76 196
194 15
134 165
175 198
94 14
23 44
30 18
126 180
180 10
74 0
170 8
24 45
162 13
79 172
122 0
165 5
42 51
25 122
144 12
32 142
25 15
53 7
156 185
129 0
156 7
162 12
157 6
98 130
46 166
51 156
193 11
50 10
130 157
170 11
93 9
67 142
140 11
40 64
85 17
6 11
68 127
171 15
120 5
27 114
185 16
35 110
11 16
124 184
147 18
92 94
66 101
76 170
110 191
186 14
133 1
114 0
5 12
84 188
66 5
38 53
82 166
182 183
162 10
43 0
177 182
186 5
170 18
120 178
85 0
62 106
21 14
152 164
148 184
112 181
24 19
37 180
0 11
176 6
28 1
83 90
175 185
102 189
68 9
99 5
64 158
151 13
82 7
95 9
146 177
65 141
32 15
55 0
121 2
43 167
187 9
167 191
179 190
130 19
196 17
70 6
27 17
150 178
137 4
113 185
28 111
30 123
32 17
35 120
66 17
140 193
38 191
129 17
57 141
70 14
58 119
119 129
116 176
6 17
118 198
39 132
122 14
155 7
32 135
41 113
142 162
139 14
84 16
199 2
44 6
38 10
106 185
198 2
34 13
131 170
10 14
44 55
50 104
34 8
85 3
5 6
117 0
173 8
149 191
61 199
132 157
21 189
55 134
81 17
97 176
91 5
36 17
72 75
148 193
91 186
92 122
141 173
11 17
135 13
21 13
72 112
100 108
114 172
62 7
182 5
97 14
140 18
151 193
26 13
161 16
39 144
70 192
74 104
37 76
57 12
196 9
77 199
118 193
20 13
52 190
45 11
59 72
163 171
154 9
63 11
109 191
30 35
79 95
0 1
121 165
179 14
55 194
120 12
78 18
102 16
40 197
40 12
145 4
5 7
159 190
66 19
199 8
52 0
120 189
191 17
139 9
117 9
131 2
62 127
69 157
168 1
115 10
80 13
40 180
53 125
22 159
168 4
102 153
56 169
27 13
190 9
7 11
63 5
60 147
32 99
90 139
35 3
88 8
50 85
92 106
10 18
63 198
88 193
23 136
36 136
128 4
23 185
88 187
26 47
189 7
75 133
92 16
67 9
47 146
92 111
44 97
116 19
56 14
70 93
52 8
76 175
101 10
27 48
52 146
73 4
66 2
75 82
87 145
92 9
185 0
53 13
141 6
30 0
54 177
88 141
13 19
86 122
98 115
192 1
30 4
52 100
66 184
173 12
51 8
26 176
175 16
89 1
131 18
83 104
50 2
154 10
22 115
198 18
78 10
77 157
184 12
182 15
86 3
26 187
90 95
37 39
68 103
119 8
98 1
132 15
20 138
150 4
86 9
105 187
39 126
121 158
36 101
95 155
21 92
60 89
78 2
36 4
80 169
127 1
42 0
69 75
109 133
72 120
104 15
102 107
85 131
182 1
26 90
98 8
179 4
54 10
104 161
112 169
119 7
28 162
73 178
12 17
57 14
74 191
48 79
193 16
175 4
176 4
115 13
38 130
106 19
64 12
40 124
50 67
160 9
47 4
77 100
55 10
23 36
10 16
78 7
141 184
41 6
50 87
164 175
195 199
22 87
56 144
191 7
93 13
117 127
183 193
133 4
44 110
150 196
60 66
147 3
34 177
108 188
143 7
49 0
191 4
37 2
25 1
28 93
30 9
42 18
74 17
37 131
178 12
63 76
167 2
55 130
169 6
50 6
66 196
103 111
126 162
59 91
80 4
30 16
168 8
49 11
58 8
150 8
140 163
40 3
45 56
108 148
33 74
27 162
102 135
146 16
32 106
53 6
28 18
130 1
95 8
162 14
70 3
133 13
25 17
143 6
73 163
69 1
103 154
50 108
105 171
67 97
84 5
66 188
60 15
75 87
157 13
171 0
40 46
31 1
15 19
178 14
62 4
24 14
42 141
110 182
130 193
122 16
175 12
183 17
140 9
121 1
78 196
78 19
25 112
130 6
76 158
51 101
95 127
111 4
130 15
102 4
131 194
61 142
112 162
63 143
21 8
66 8
192 8
23 73
43 5
119 2
175 7
134 199
94 8
52 186
44 1
130 131
37 130
39 61
22 14
58 12
152 167
118 197
88 6
58 109
16 18
67 107
167 194
75 162
162 5
150 9
192 7
27 68
55 127
31 34
144 7
71 111
173 177
63 19
54 17
90 4
40 9
126 167
158 0
185 7
113 11
47 94
82 8
38 125
123 130
96 18
33 11
48 193
64 74
78 14
49 7
34 49
23 42
89 4
27 7
108 169
99 128
63 16
81 159
73 135
74 165
29 150
35 12
62 99
171 6
65 138
101 168
35 105
11 12
56 68
39 145
27 149
94 154
113 195
34 12
71 18
109 153
90 92
101 176
84 182
48 176
134 12
65 181
38 121
54 19
106 11
140 183
122 190
194 9
22 40
55 128
57 8
42 123
82 16
170 0
104 119
146 17
13 14
158 2
21 50
149 1
20 159
25 198
91 115
93 14
62 1
88 134
138 19
23 175
51 3
77 18
143 198
194 3
33 116
98 161
151 1
100 18
106 132
71 101
9 13
134 7
198 19
29 187
150 19
51 141
41 197
55 15
132 134
101 6
105 150
47 157
23 192
54 9
108 9
20 193
32 153
119 132
55 197
23 162
187 3
154 5
86 14
197 19
95 98
129 141
64 0
66 109
14 16
31 194
21 53
81 114
69 10
23 17
31 115
33 167
104 162
176 2
186 11
78 108
86 5
51 93
127 10
157 183
48 117
98 4
73 15
80 9
15 16
60 170
68 194
31 11
25 57
27 18
53 143
178 9
76 131
143 5
173 199
93 0
104 16
70 129
111 17
154 13
2 5
49 12
114 116
86 97
158 10
102 103
178 1
70 7
28 13
124 3
159 196
51 104
15 18
13 18
22 65
143 11
27 167
80 85
134 0
21 1
162 176
97 184
154 196
146 13
120 4
33 187
181 16
55 188
174 194
2 19
32 18
40 90
80 7
27 11
88 107
49 149
34 54
73 108
87 6
21 79
46 7
143 0
22 6
61 15
46 149
43 14
145 176
81 187
35 9
3 19
139 11
130 141
71 74
101 7
65 125
20 152
140 5
67 13
73 7
52 176
38 48
43 80
190 12
92 17
91 8
119 151
135 188
113 142
58 65
57 10
35 58
83 1
142 195
133 2
126 19
99 126
79 7
70 91
86 187
42 86
152 17
62 5
80 10
72 117
101 134
22 19
168 2
114 182
117 144
186 16
142 10
114 188
125 7
36 8
108 13
122 4
185 1
121 10
72 149
175 2
186 8
138 180
26 168
128 17
6 7
181 3
90 7
180 0
91 18
49 158
165 14
47 189
94 187
185 198
41 176
134 6
59 96
133 164
131 156
163 187
189 199
26 30
60 140
103 137
48 18
180 15
175 193
153 18
82 14
78 16
133 11
53 16
1 8
192 5
152 163
170 15
96 12
119 6
91 170
173 16
25 10
24 7
126 16
51 1
1 2
49 130
59 9
51 6
130 5
97 5
93 182
37 47
105 114
154 197
76 10
75 178
148 180
38 3
36 140
107 131
0 8
34 130
42 137
109 15
79 133
112 10
103 13
30 115
26 6
61 111
180 8
132 189
5 9
5 10
181 8
108 12
54 90
32 178
68 86
3 6
1 6
89 107
166 195
103 136
65 3
148 156
16 19
183 10
53 112
54 192
178 179
44 8
155 5
65 135
157 165
52 10
162 19
172 12
65 84
91 9
110 1
63 129
42 15
34 14
0 17
155 19
28 71
42 161
62 82
102 6
33 143
88 171
69 12
38 19
6 13
35 199
76 119
31 0
52 9
122 11
14 19
109 169
18 19
159 12
99 12
78 113
26 93
80 148
116 2
175 14
67 120
48 167
20 10
8 14
105 13
117 121
22 104
173 19
26 174
170 12
172 0
140 159
91 19
20 68
140 10
106 5
64 194
198 6
171 8
0 3
161 6
58 13
193 1
72 165
44 68
174 10
21 66
42 9
54 12
27 6
30 3
36 103
129 132
33 191
92 187
45 111
57 88
106 165
188 14
164 5
98 2
84 101
49 139
115 15
76 128
151 156
48 9
6 10
91 14
155 17
31 103
49 16
102 0
70 113
44 12
87 93
190 3
94 18
49 4
38 70
150 190
80 152
62 114
33 68
2 17
123 15
12 16
117 178
23 94
167 190
41 9
167 170
114 189
190 6
35 137
162 4
96 185
7 14
42 54
135 187
40 170
51 7
49 57
164 2
79 159
128 148
1 13
128 170
100 2
71 144
186 187
33 0
22 105
114 118
112 114
116 182
63 155
110 129
160 11
156 1
28 90
118 141
83 18
181 11
62 187
174 8
102 166
103 1
107 115
30 34
187 190
118 160
136 3
52 177
195 13
153 2
11 14
56 61
39 8
77 131
9 14
73 123
174 179
95 3
199 1
41 14
181 18
34 120
147 13
25 141
98 100
40 137
107 18
23 123
163 0
88 11
65 0
111 5
124 136
57 3
134 9
143 155
61 16
160 172
180 18
117 161
58 15
173 15
83 183
27 156
132 148
37 16
70 0
38 66
197 11
144 145
53 167
135 18
108 181
132 19
35 14
74 176
142 15
144 177
20 79
97 174
70 139
127 183
195 1
31 165
22 164
24 172
75 88
42 96
132 16
170 19
182 10
117 14
57 103
105 164
115 152
143 16
117 123
67 188
60 161
65 5
166 9
131 11
147 12
198 7
23 3
147 17
21 54
8 12
132 12
88 133
125 155
9 16
160 13
87 141
62 81
82 173
131 3
100 0
28 17
147 2
154 14
32 70
165 175
110 11
133 137
139 144
173 176
85 119
130 3
60 14
6 8
50 163
76 176
30 13
198 9
37 146
87 181
0 13
21 70
8 16
86 8
28 10
109 163
104 0
82 15
74 140
170 6
20 171
168 18
31 64
41 19
189 17
152 10
53 77
26 133
72 135
173 11
36 185
0 4
21 7
163 10
142 5
36 55
158 9
154 1
50 174
75 12
151 0
27 34
33 124
64 112
65 6
34 143
67 179
60 84
93 168
29 19
84 10
72 156
156 166
119 191
24 15
145 2
25 116
147 11
35 51
114 166
45 188
38 180
74 124
96 13
27 39
23 97
2 15
77 19
75 186
96 10
151 17
31 173
82 109
102 148
123 158
80 14
111 12
27 185
99 100
196 11
14 17
55 199
57 160
56 102
192 13
149 14
134 14
11 19
94 152
92 1
102 160
156 8
25 31
33 139
107 0
86 131
149 2
136 17
128 14
91 153
22 9
31 10
51 195
126 15
145 174
69 161
59 15
42 16
106 7
43 48
38 5
74 100
147 16
35 5
55 150
105 1
67 74
73 18
115 4
99 8
73 13
79 17
47 116
29 13
107 155
116 6
102 19
133 16
22 1
60 12
190 0
74 173
50 17
94 1
57 73
177 4
67 3
183 3
22 13
124 11
49 52
30 94
67 174
105 16
59 14
2 18
174 11
34 3
73 0
38 148
151 3
21 18
7 8
29 41
36 18
174 15
34 152
71 166
147 175
166 6
95 11
43 189
92 155
103 17
84 149
82 179
68 6
56 5
141 10
51 148
160 3
90 135
71 136
155 14
49 115
75 19
76 9
68 134
113 9
164 18
33 15
20 178
28 193
49 163
92 95
169 15
165 3
108 1
174 0
115 19
64 199
96 9
39 17
54 1
25 19
90 144
24 199
91 3
123 19
53 59
119 10
6 9
112 179
71 15
84 9
93 15
64 195
187 13
188 13
183 1
164 3
172 3
146 168
97 198
185 11
114 19
108 2
52 99
158 183
72 189
161 1
158 13
13 16
44 2
25 173
37 142
95 13
51 126
46 143
29 178
133 145
45 132
133 150
3 17
116 0
28 136
77 114
80 5
97 109
31 8
70 143
26 2
35 111
48 7
90 8
103 9
193 2
53 120
41 166
7 10
43 170
170 16
116 9
169 191
37 157
67 8
23 173
152 184
127 171
86 91
26 193
62 19
168 13
29 14
40 15
2 13
139 16
73 16
22 71
151 198
80 0
88 117
60 162
128 16
62 3
79 190
40 67
114 14
118 15
69 17
98 124
65 193
42 4
58 6
159 186
104 10
23 10
100 19
113 16
79 120
184 4
57 116
102 17
89 6
111 146
186 1
32 124
114 10
60 127
186 190
104 1
1 5
135 4
64 8
148 4
58 154
115 120
29 53
93 11
98 108
124 138
39 15
118 18
160 16
124 171
127 8
29 159
112 8
110 178
29 66
37 123
7 19
136 4
106 152
136 149
113 5
30 95
70 2
142 2
139 183
110 19
44 139
72 138
115 131
104 18
65 143
58 14
71 178
105 136
151 5
30 164
184 5
98 17
128 12
52 143
166 13
31 15
63 0
167 4
178 188
135 147
113 199
113 143
100 3
62 129
84 193
81 101
134 1
108 8
133 162
64 18
77 9
92 11
37 11
33 16
62 15
40 5
114 2
199 18
56 7
106 120
44 4
110 181
193 3
177 10
109 126
107 198
117 2
157 17
4 17
45 142
137 16
147 159
44 155
103 5
165 16
151 4
0 5
41 63
140 198
182 185
86 87
20 120
163 6
104 108
125 17
70 156
1 15
22 5
106 128
26 18
79 18
143 2
151 16
111 19
173 3
21 0
149 13
99 9
65 129
85 164
40 13
182 9
121 157
162 7
70 165
113 191
29 110
62 6
22 2
36 183
136 140
71 5
68 2
44 156
43 87
165 7
132 7
113 15
54 5
183 186
121 192
79 0
20 158
64 150
23 68
61 17
145 148
47 56
45 9
84 2
109 125
81 4
43 181
65 4
118 19
52 95
149 186
27 91
86 179
48 12
99 190
24 161
115 158
23 18
106 18
33 126
172 193
98 188
107 10
67 17
83 4
30 44
28 86
152 11
85 9
189 2
149 3
39 105
165 2
20 151
46 3
42 104
174 4
187 7
62 72
65 151
59 164
1 17
88 167
106 130
81 107
194 16
59 177
56 84
6 18
104 127
156 19
67 173
134 135
123 177
95 187
134 15
24 53
26 7
54 2
189 10
45 19
126 0
67 14
196 10
48 165
142 12
93 171
64 96
42 2
45 59
114 11
47 108
183 0
178 7
21 145
2 8
40 89
190 14
155 180
29 125
59 104
141 7
125 18
26 11
41 94
90 14
179 3
39 141
49 13
68 11
83 185
117 174
31 120
100 159
185 2
176 12
137 187
32 1
190 8
50 109
57 70
39 174
63 6
68 166
115 145
91 129
37 15
21 9
106 8
61 86
100 182
36 62
160 176
191 13
138 162
137 19
103 155
94 11
60 85
65 80
120 153
91 167
103 118
83 102
127 15
150 18
4 12
81 2
58 157
62 197
137 174
196 19
120 3
84 190
139 148
135 5
110 159
8 17
156 11
105 144
28 85
22 158
193 5
110 14
35 99
185 9
164 12
105 118
79 15
124 128
100 179
4 19
163 18
69 179
176 10
75 154
47 153
77 2
135 6
151 14
154 15
87 9
152 12
37 136
45 4
128 137
140 150
95 99
46 17
78 12
108 14
193 13
66 195
39 184
39 131
82 5
116 16
42 14
84 123
168 15
109 155
53 68
51 10
28 165
44 165
192 198
76 77
1 3
74 182
21 98
53 18
194 195
150 187
73 188
103 149
83 8
83 176
187 2
74 91
135 181
108 5
2 6
135 198
81 121
28 19
181 1
27 174
36 74
106 161
109 18
39 9
158 8
42 103
144 147
63 199
23 45
2 3
164 6
62 169
116 10
56 170
176 8
33 111
114 5
29 60
31 190
77 10
36 13
178 15
107 4
139 145
64 163
191 19
101 13
5 8
47 179
105 181
68 19
122 189
115 171
35 71
41 173
55 117
64 171
79 158
25 42
46 9
81 100
42 144
75 18
123 11
62 195
72 180
83 6
97 192
145 178
139 173
188 16
144 18
74 9
184 14
199 11
100 148
150 192
133 7
180 196
20 127
150 169
195 0
127 160
76 136
99 7
121 151
46 92
111 6
82 143
60 78
121 14
113 124
79 150
128 2
105 18
193 195
25 12
93 18
108 124
107 126
4 9
82 86
59 78
27 10
129 133
52 13
139 4
28 14
53 55
158 18
111 173
185 4
116 3
136 159
183 184
143 4
182 8
148 172
41 12
193 7
67 70
5 18
143 8
28 121
110 7
67 171
120 19
45 5
39 6
106 171
135 156
91 0
36 77
122 177
32 144
60 2
59 4
32 69
97 164
98 109
26 138
174 7
97 166
112 3
87 148
142 18
168 7
133 136
24 9
44 192
74 8
55 1
150 14
45 169
127 133
70 119
73 116
23 121
176 11
75 4
22 3
29 6
89 105
105 127
110 127
130 2
67 16
49 2
136 182
148 165
86 1
30 124
110 15
3 12
42 75
135 178
9 17
12 15
157 12
184 197
49 169
63 172
46 168
55 19
52 136
4 13
112 13
141 179
96 161
58 5
69 135
90 181
146 6
66 126
6 14
116 157
114 194
80 19
28 142
131 6
2 7
65 18
64 187
163 5
157 19
90 164
30 6
69 18
116 152
68 145
148 7
41 11
27 128
92 184
116 18
138 0
111 18
97 173
173 178
99 179
98 0
146 5
151 10
168 9
100 10
154 17
117 3
33 87
84 12
4 8
102 1
26 4
34 128
48 90
44 116
139 1
37 18
0 6
48 135
180 19
43 120
150 15
3 5
100 11
90 106
94 4
120 191
137 11
40 19
60 6
29 120
131 7
74 3
38 9
40 94
27 5
93 176
47 0
60 16
39 3
22 50
60 19
52 133
164 0
141 5
34 15
25 60
128 9
89 96
33 8
197 16
177 19
95 6
109 9
24 169
57 71
164 14
179 11
75 8
29 148
27 57
133 172
190 4
38 102
49 143
38 47
48 142
185 5
104 3
52 158
68 1
64 198
87 15
28 11
83 91
158 12
114 3
121 7
54 178
4 6
96 15
146 169
131 189
43 9
148 6
183 198
102 154
62 86
158 192
49 185
53 1
48 144
59 70
191 12
118 181
60 11
54 124
21 17
71 159
79 195
72 12
59 3
66 3
47 3
9 19
120 17
43 196
96 162
58 4
148 3
184 0
37 19
65 10
98 170
64 129
32 6
71 6
83 19
73 109
145 150
45 116
84 18
89 15
85 4
26 62
59 19
125 185
26 159
123 5
161 17
187 191
164 165
35 74
48 198
141 2
76 4
76 98
79 5
185 13
67 110
24 1
159 14
151 181
21 135
181 2
93 17
130 14
50 12
105 15
47 18
28 2
52 122
89 9
179 17
148 0
129 12
10 15
1 19
178 10
71 181
74 15
76 1
32 174
68 8
40 0
32 12
37 7
199 13
65 157
73 112
50 125
53 150
125 14
51 85
21 124
43 56
138 147
28 6
121 5
148 157
23 153
121 6
165 4
38 181
92 117
33 195
28 188
106 0
150 12
52 19
66 13
104 124
34 7
89 12
38 4
39 4
44 59
189 15
51 175
45 152
186 13
56 173
139 12
80 137
167 16
76 171
104 13
11 13
152 8
74 13
108 178
40 188
177 192
161 163
88 15
124 162
63 7
45 7
43 49
72 2
156 180
54 160
17 18
57 72
31 135
136 174
87 10
21 93
62 163
190 15
159 11
2 4
70 163
0 2
132 5
170 13
90 2
76 14
102 14
171 18
35 162
64 80
147 9
0 9
26 80
147 1
97 102
146 176
124 0
25 179
98 18
105 113
163 19
177 12
75 124
109 196
60 173
24 5
89 175
47 19
88 104
30 171
55 143
98 6
33 192
36 137
36 2
28 176
30 79
43 69
170 3
53 176
40 110
117 198
32 175
140 7
178 13
0 19
69 19
87 17
185 10
193 19
96 8
29 152
73 2
45 14
136 142
50 86
70 125
166 4
28 7
124 10
132 17
41 15
153 0
103 178
105 12
118 11
95 114
91 93
33 140
4 11
140 179
94 0
121 3
98 12
90 17
57 123
8 19
56 161
65 9
22 100
42 195
177 18
29 103
172 15
126 137
13 17
22 175
182 0
36 110
27 15
50 127
101 121
59 198
47 13
34 9
6 16
88 181
135 186
61 97
39 19
133 5
153 180
47 118
113 13
142 19
188 197
53 172
37 1
193 197
62 91
29 133
165 11
142 1
174 199
9 12
66 9
55 4
100 131
84 151
99 16
167 10
41 16
33 55
63 79
90 5
82 189
199 15
33 48
125 19
21 183
124 170
60 108
34 2
8 15
35 165
24 73
61 4
25 11
187 17
92 170
161 189
43 12
0 18
78 123
39 13
59 105
86 17
158 1
89 190
197 3
10 11
30 120
133 9
73 14
193 9
93 167
36 80
54 78
32 5
9 11
177 6
95 17
64 186
60 141
2 9
84 19
124 8
64 78
81 199
90 140
117 6
126 6
121 198
128 15
159 4
137 14
130 184
71 12
47 71
35 46
119 0
151 8
50 8
46 122
134 146
89 197
175 199
59 5
157 168
89 10
160 5
159 189
123 153
118 182
80 3
128 153
109 5
148 5
195 10
146 0
69 5
115 0
149 6
14 15
109 181
117 15
32 4
163 8
53 8
56 4
60 154
32 89
59 117
4 15
194 10
134 193
42 13
49 8
46 12
88 7
45 143
23 161
98 125
194 196
112 171
26 81
27 53
117 18
199 6
90 6
23 46
41 17
145 6
0 15
53 67
54 16
28 154
47 1
36 5
52 5
105 14
192 15
169 193
26 126
36 86
143 14
178 2
75 1
72 0
30 45
88 163
128 140
31 198
58 106
80 159
58 196
139 164
91 13
166 19
147 167
123 3
192 18
185 14
29 0
24 190
36 106
88 97
105 116
176 17
133 149
58 198
104 199
138 10
146 19
125 11
86 13
73 100
104 8
126 133
1 9
95 192
87 18
60 5
167 12
182 18
100 195
165 15
89 155
101 17
55 184
175 3
51 69
21 102
7 18
64 11
132 1
61 3
45 68
123 160
109 154
45 13
170 1
21 185
84 116
150 2
188 6
45 180
96 6
58 84
70 171
88 125
30 17
8 18
43 4
186 9
122 162
106 3
63 3
54 11
41 57
138 142
74 92
197 6
53 96
40 2
178 8
63 12
83 10
115 7
67 18
146 10
124 14
90 10
48 16
181 14
42 10
152 1
129 3
121 131
29 121
64 104
27 97
68 153
97 172
61 121
85 6
78 193
47 7
52 76
37 42
71 10
179 5
113 166
141 176
104 179
125 9
182 196
22 138
57 15
31 4
56 85
58 90
145 16
60 132
143 17
85 165
23 12
105 3
132 6
88 190
166 196
48 2
61 116
88 118
126 3
132 4
133 8
4 7
119 131
97 127
115 16
47 186
116 139
57 18
10 19
31 47
45 18
81 13
43 141
135 164
124 1
36 11
137 182
80 101
137 152
146 174
21 75
10 13
49 3
43 6
58 145
164 179
123 140
32 192
47 12
23 62
172 199
40 120
95 120
103 4
68 107
121 0
84 177
97 137
133 177
155 12
136 13
76 179
59 64
22 15
133 14
146 2
68 17
163 4
93 109
50 113
77 0
157 8
191 1
102 3
127 12
73 6
56 13
73 3
89 11
106 115
115 1
58 114
40 7
20 87
176 0
80 151
35 11
24 115
138 6
10 12
138 5
123 14
152 9
142 144
141 18
147 187
100 5
189 196
7 9
196 13
157 173
100 16
43 108
0 12
5 11
33 57
30 185
198 0
49 138
89 180
91 157
149 17
56 135
148 1
92 190
34 96
78 181
116 7
111 16
79 193
29 16
118 140
27 183
71 14
59 13
93 2
179 16
78 8
83 154
125 13
132 13
66 191
57 61
95 16
67 84
25 14
14 18
174 189
142 4
59 18
69 100
21 131
87 188
59 161
27 106
81 6
98 16
138 11
72 17
11 18
182 17
136 137
107 166
23 50
131 10
65 17
10 17
76 5
58 7
23 81
157 18
188 2
141 175
23 146
105 7
57 7
170 17
4 18
131 19
130 4
119 12
133 17
83 9
40 130
115 3
177 1
56 74
52 111
160 7
42 17
176 15
57 101
71 13
85 173
78 144
87 0
137 3
20 174
130 7
166 18
96 5
95 108
127 189
179 189
166 185
61 193
111 178
110 4
76 15
114 17
28 187
92 0
33 17
104 19
45 71
39 43
43 155
109 145
30 132
155 9
46 1
22 4
45 128
46 2
185 18
77 176
80 92
21 19
112 18
79 130
146 172
51 17
167 3
140 14
33 66
96 179
187 14
56 137
8 9
141 12
128 0
6 19
139 170
103 6
98 181
189 13
53 5
119 199
92 8
67 1
36 78
47 142
152 185
69 176
107 2
197 15
55 154
147 6
115 175
21 163
33 189
43 198
139 7
101 19
165 6
35 173
35 41
183 9
44 11
91 2
190 1
26 149
140 1
173 10
158 19
74 128
54 3
70 135
190 17
89 13
44 0
122 3
120 15
147 196
26 3
34 11
186 6
92 115
82 19
167 197
111 177
51 59
159 170
80 1
118 1
63 1
5 14
123 10
74 120
31 167
194 1
28 108
98 7
28 132
127 4
116 11
26 15
139 163
78 17
63 17
82 2
89 185
63 8
183 8
177 193
55 78
43 2
128 146
56 1
17 19
22 144
96 106
48 4
49 86
147 8
173 190
121 132
128 145
58 72
26 40
76 139
35 149
83 14
64 10
136 10
134 8
5 17
116 166
70 19
71 8
113 174
191 16
35 102
97 186
130 12
52 6
176 191
80 17
89 2
159 9
38 12
73 164
162 16
48 19
118 139
181 4
43 123
197 8
69 15
82 6
130 137
168 10
58 19
55 160
126 13
37 13
118 16
138 9
113 194
33 123
166 171
1 7
36 165
108 10
41 119
69 151
74 116
71 146
133 3
115 190
22 124
189 9
32 10
133 6
34 18
106 1
163 2
188 17
23 93
86 10
67 141
152 14
112 170
2 10
83 2
108 16
169 0
1 16
56 3
122 7
111 10
131 174
72 154
48 17
183 192
118 6
5 19
28 127
54 131
183 189
65 158
94 143
85 195
140 155
96 4
167 9
51 169
140 158
31 16
123 9
194 4
72 11
83 12
117 17
111 1
22 68
179 183
164 7
76 115
110 17
86 12
33 7
76 0
184 19
60 75
132 162
154 157
164 13
179 12
89 172
69 169
21 3
175 0
8 10
52 4
185 199
162 2
36 146
83 15
130 11
114 185
53 79
22 94
72 107
59 167
44 13
1 14
160 19
24 52
69 123
67 190
41 13
160 15
151 167
40 119
198 4
159 17
116 174
39 11
36 156
38 105
85 19
172 13
38 0
81 92
102 193
93 133
88 10
73 140
189 12
154 7
40 154
20 5
48 15
3 7
108 15
84 160
40 42
8 11
43 17
97 98
24 131
42 7
82 96
112 17
61 18
88 94
103 188
