45 4
137 161
46 99
120 139
87 106
2 15
180 14
96 16
113 152
166 178
58 130
199 11
39 147
75 5
80 7
115 152
2 14
58 3
102 112
173 14
137 2
76 194
138 7
46 6
62 149
110 175
112 1
31 199
82 162
59 0
130 9
33 82
32 169
188 7
79 168
38 13
175 183
148 151
3 8
24 188
48 190
46 92
79 125
47 118
147 2
95 17
56 110
94 106
61 10
1 18
126 160
1 17
36 96
95 134
61 127
149 11
50 156
173 10
37 85
110 143
0 10
132 166
80 125
119 171
131 16
142 9
29 172
139 13
39 7
194 7
65 124
88 7
65 178
154 13
3 17
66 117
85 159
162 186
75 10
82 141
45 6
29 6
167 4
77 139
187 9
88 118
32 19
63 103
58 70
183 14
105 15
49 188
96 165
21 138
114 154
35 4
139 164
135 2
12 17
92 18
131 4
93 134
7 19
89 4
23 96
119 17
47 106
62 7
115 13
89 9
66 5
42 17
130 133
17 19
74 169
130 4
66 196
141 12
56 15
104 175
91 0
40 136
135 187
112 194
38 10
127 8
81 193
36 133
104 146
45 133
91 96
161 8
32 93
170 7
20 5
98 155
122 165
71 2
10 11
118 13
152 15
76 182
64 78
146 184
36 149
26 16
62 170
64 73
6 15
60 3
127 18
95 19
98 7
52 17
38 90
84 169
58 193
157 190
61 137
50 52
65 3
96 152
4 8
147 9
120 146
156 11
91 169
87 147
197 5
178 9
157 165
24 176
82 4
161 167
89 93
49 2
58 190
57 173
46 4
109 3
29 174
75 12
64 193
187 3
52 6
154 18
50 122
185 10
98 16
92 13
42 2
160 11
44 9
111 6
30 12
176 11
95 167
159 15
178 4
125 15
89 181
113 16
130 14
6 17
29 191
37 185
39 149
77 11
130 187
166 9
65 133
20 109
125 7
52 13
119 172
28 195
114 4
161 195
164 195
145 155
149 9
47 9
86 94
0 18
199 7
81 12
57 11
62 74
91 6
45 59
106 15
91 16
62 95
177 2
50 95
109 180
124 182
36 15
99 192
67 95
62 147
25 12
68 157
141 196
81 146
24 17
47 131
176 3
98 5
43 3
23 178
28 5
135 147
119 191
38 19
144 145
173 18
74 3
87 126
67 74
143 17
129 154
199 18
63 9
36 12
171 13
139 171
24 100
181 3
185 6
82 13
34 120
46 19
30 193
40 143
76 8
120 8
121 18
21 55
189 12
101 2
38 186
198 6
83 139
34 14
168 171
170 191
50 12
20 70
143 12
68 146
82 140
9 10
20 132
75 129
50 75
97 184
87 14
195 3
129 0
50 180
66 18
68 179
189 15
22 94
11 16
98 0
113 17
83 0
70 9
73 2
59 2
36 148
46 77
59 16
138 13
68 135
82 155
146 149
41 75
132 11
90 4
23 129
43 149
178 13
24 13
196 19
110 195
142 4
75 17
127 129
158 175
141 2
29 164
126 4
48 184
154 155
98 157
87 17
110 11
56 126
151 12
36 71
92 14
21 49
72 15
92 150
167 15
166 177
23 167
55 10
87 136
194 8
139 0
13 15
73 113
68 16
137 9
81 115
84 85
150 10
78 6
53 55
24 86
152 171
42 14
4 12
110 114
129 8
180 16
27 181
43 2
7 11
68 17
161 10
23 153
190 1
77 12
140 183
169 6
58 1
79 161
150 182
30 158
102 114
5 6
33 88
83 5
157 11
107 14
29 86
9 15
20 9
46 67
44 65
119 10
25 164
53 14
168 15
78 17
102 2
192 193
152 6
89 7
52 188
96 168
135 16
72 169
175 9
5 10
133 13
193 2
56 106
33 141
187 13
7 15
27 9
90 117
141 1
169 9
62 181
116 164
164 170
161 16
76 15
61 13
5 17
129 137
30 5
181 192
110 14
47 192
55 75
38 194
198 8
77 0
179 16
43 143
45 116
65 93
155 17
69 1
44 0
86 12
110 16
105 2
25 59
156 8
139 8
168 16
63 2
78 8
1 5
72 2
0 4
168 17
38 4
79 97
81 15
38 16
14 18
1 3
147 196
91 10
50 71
154 14
142 16
160 196
90 99
91 19
164 186
133 189
25 162
123 149
91 15
175 5
103 170
74 19
91 184
64 117
120 134
114 0
64 152
74 183
150 196
98 6
53 113
100 167
89 14
86 16
132 186
69 122
68 114
138 143
108 7
59 65
99 115
24 196
26 157
133 194
26 3
31 113
163 196
125 178
173 11
105 158
194 1
170 0
80 15
47 69
40 5
27 2
20 21
195 197
56 199
35 17
53 133
52 105
20 39
24 98
73 11
1 13
144 1
106 14
142 198
170 1
32 149
40 0
38 5
103 4
64 5
113 137
139 193
31 10
138 4
122 7
125 186
154 9
120 121
89 16
68 127
93 98
115 120
186 7
93 106
88 163
177 6
62 167
142 7
29 9
45 51
43 114
117 128
96 0
82 2
149 158
164 191
98 165
174 5
57 141
43 103
52 18
8 16
77 92
28 3
67 19
45 15
51 167
25 14
99 11
4 19
195 4
66 2
154 173
193 14
102 191
76 11
108 18
11 18
29 15
86 104
49 1
42 12
57 185
94 6
147 180
35 62
192 17
148 14
63 3
136 19
88 165
9 11
130 168
133 9
51 97
82 137
147 10
130 2
77 7
33 90
169 18
1 7
109 5
88 14
43 58
78 7
46 105
167 198
3 16
88 6
89 150
99 14
47 104
74 151
178 6
131 183
190 0
70 15
56 4
47 1
76 181
55 175
31 13
104 4
97 110
45 9
9 16
47 178
93 14
60 170
187 17
26 67
144 194
56 96
77 161
90 15
76 143
77 170
11 12
96 4
90 16
117 16
26 147
33 4
74 126
78 136
140 12
79 2
31 8
59 104
90 119
161 173
40 19
98 9
81 1
123 188
198 16
91 165
129 196
135 8
43 1
148 12
139 199
176 2
177 10
56 113
140 7
124 167
58 2
69 84
32 111
3 12
55 0
90 144
81 186
30 0
139 2
43 19
37 18
1 15
41 8
114 159
197 17
191 0
183 7
107 4
119 134
75 16
30 11
27 128
64 11
23 106
146 157
181 2
5 9
52 168
80 18
31 118
42 114
22 16
27 113
154 12
197 14
28 109
49 3
179 194
157 175
62 165
37 1
29 1
47 72
95 15
11 17
87 157
103 176
30 1
61 181
114 118
139 9
55 2
101 136
25 11
30 91
171 172
61 192
92 16
74 114
51 151
195 199
55 117
101 131
41 69
81 4
25 91
115 8
96 18
54 9
74 92
115 6
116 18
130 6
113 180
32 16
81 197
198 15
194 10
26 18
142 186
44 4
76 120
116 5
144 5
155 8
99 128
86 117
7 10
64 119
113 2
82 100
96 10
48 3
84 134
24 81
75 128
56 165
143 6
181 19
87 1
23 19
37 2
115 3
180 9
2 16
81 125
59 181
3 11
92 120
66 103
119 184
64 158
182 9
113 1
154 1
48 86
22 45
107 6
43 9
111 13
140 6
51 113
94 144
138 3
104 10
83 7
198 14
10 13
57 139
148 8
50 67
39 41
166 3
80 143
49 65
40 47
80 116
116 186
129 150
148 156
65 7
172 4
85 144
127 2
86 156
109 174
159 10
30 87
117 123
111 12
43 144
63 185
119 197
90 162
78 3
2 18
102 127
124 1
63 91
79 11
25 0
152 172
73 137
136 184
47 7
160 2
107 195
38 9
34 114
137 11
9 13
71 4
98 3
166 2
49 0
101 5
125 145
87 5
132 174
152 158
55 169
140 10
193 17
35 0
181 10
47 138
35 190
0 14
162 13
61 7
25 150
86 161
107 109
53 3
39 88
43 11
42 60
168 11
12 13
145 0
121 14
55 98
100 19
54 174
119 6
151 184
135 5
66 7
57 17
92 107
108 12
142 155
51 3
64 126
146 12
78 121
37 95
23 14
29 34
45 8
47 171
146 175
51 159
187 19
63 65
199 10
1 11
80 4
33 9
190 2
20 10
49 187
95 114
133 157
113 182
45 84
46 198
96 17
110 131
184 15
5 18
122 5
38 138
105 116
66 10
25 117
94 116
69 152
106 175
110 198
39 2
75 13
54 5
117 7
51 89
159 183
58 137
114 179
61 16
75 104
52 108
74 127
65 11
132 9
24 164
160 6
21 111
32 47
80 153
186 17
73 5
185 188
141 179
84 145
103 5
188 11
83 15
55 108
149 4
135 179
128 157
144 15
193 5
91 14
64 89
175 188
96 100
53 121
118 5
95 10
104 11
34 98
144 12
96 166
80 5
20 142
112 161
158 9
183 17
29 76
29 64
161 4
34 60
107 1
131 151
156 174
126 2
143 4
122 12
34 4
55 8
90 165
83 188
174 188
46 5
74 172
66 11
3 10
106 19
28 68
197 4
34 106
82 7
0 2
5 14
164 11
174 197
72 84
62 186
95 146
125 10
184 198
81 93
179 10
119 11
84 8
26 140
29 70
26 11
84 91
52 79
21 17
135 0
103 159
112 191
144 6
193 9
33 16
153 2
48 72
66 74
39 13
184 5
149 10
40 10
42 125
37 4
123 160
49 9
76 94
160 170
31 124
54 85
129 158
25 7
37 17
5 15
39 119
149 182
26 90
121 157
39 183
171 12
38 127
46 175
65 137
115 2
65 1
165 17
62 3
43 6
169 2
195 13
150 6
194 18
119 7
186 9
48 186
49 5
102 17
32 120
47 78
73 1
101 6
109 154
171 2
127 165
128 12
98 19
185 14
150 3
167 18
112 18
20 78
143 1
0 9
142 17
26 161
50 139
117 17
89 199
37 123
129 19
154 5
111 164
104 0
191 4
55 57
59 11
75 151
34 0
76 192
20 35
53 89
87 96
175 6
92 4
146 17
54 0
60 160
26 62
40 184
89 5
6 13
78 125
194 11
30 15
104 15
43 87
140 144
53 17
29 11
31 17
83 182
90 169
62 129
72 93
154 16
180 193
47 19
7 13
104 132
192 4
129 18
70 94
125 1
37 0
107 3
99 117
139 15
196 9
167 7
191 9
135 11
113 14
148 184
23 27
51 68
47 5
100 161
143 178
74 188
53 157
96 149
86 195
190 12
98 12
11 15
98 111
120 178
74 11
58 9
46 136
184 7
194 15
87 7
142 184
151 167
138 187
121 155
4 15
48 49
121 12
104 5
52 9
23 18
80 10
150 15
170 182
23 17
96 3
81 0
45 0
133 11
109 10
80 124
59 15
26 9
44 51
108 6
157 0
81 18
4 18
195 16
30 49
46 15
48 12
125 197
27 17
32 199
169 0
178 19
27 6
140 170
32 119
185 193
1 9
2 7
64 84
4 5
192 5
145 18
26 61
37 174
38 131
107 151
38 0
21 107
28 190
7 18
127 177
72 188
150 9
27 157
46 14
109 150
197 199
52 66
39 82
156 175
51 118
142 188
119 143
198 9
149 197
178 7
128 192
41 66
91 12
156 180
28 47
148 17
0 1
123 182
25 33
53 167
75 11
39 155
74 0
68 0
43 109
98 123
87 16
36 17
81 3
198 12
9 17
137 1
106 159
138 2
41 196
43 115
0 17
29 0
154 8
22 11
199 5
9 18
59 5
123 6
198 18
90 95
55 130
109 149
180 11
105 198
145 6
85 11
63 97
188 2
35 6
185 19
42 79
108 9
63 8
73 16
1 16
86 137
158 199
119 3
79 174
198 2
81 192
86 4
129 5
54 146
29 153
120 150
0 12
104 130
181 196
109 135
119 2
129 3
124 4
93 147
194 9
31 85
59 3
30 3
94 145
52 16
62 168
15 18
61 3
129 1
128 167
0 15
69 102
161 12
30 84
92 181
22 52
186 5
35 1
32 1
67 87
80 17
131 0
119 136
49 79
20 1
146 161
51 69
101 135
70 196
65 152
66 143
82 94
160 19
59 168
37 170
104 19
115 145
129 147
111 161
83 98
42 19
86 14
153 5
103 1
48 179
21 12
138 170
25 194
55 15
174 11
189 0
31 148
32 144
83 159
4 11
65 13
57 178
120 19
50 124
73 4
67 3
120 12
1 6
31 4
157 196
163 7
70 14
154 170
147 187
23 160
193 7
27 14
137 4
158 17
163 12
157 160
83 147
160 167
171 192
67 113
136 14
35 60
139 17
21 184
68 3
157 5
151 3
106 138
67 17
35 14
49 126
7 12
120 16
40 103
56 191
100 3
4 17
14 17
42 126
27 116
93 3
72 94
137 15
128 194
186 14
75 101
48 7
120 14
112 0
22 176
141 10
184 1
84 12
78 104
65 2
69 136
53 1
123 169
117 195
37 75
47 68
26 30
133 182
109 4
143 9
182 7
27 79
171 195
42 57
162 12
134 183
181 13
20 129
193 0
28 183
98 187
30 118
132 17
70 120
111 143
64 9
44 5
38 136
128 13
98 137
119 192
101 147
59 12
40 3
85 186
57 2
169 13
53 83
37 173
82 3
70 187
140 148
197 12
93 148
179 4
54 120
91 167
130 18
157 7
73 116
132 5
71 94
112 146
77 88
104 16
155 11
58 6
85 160
24 186
4 13
4 9
193 8
43 82
87 119
86 182
46 170
72 147
177 199
193 18
24 119
67 8
117 168
78 11
77 156
2 17
27 127
92 187
3 19
54 57
188 6
34 10
130 16
67 127
102 10
149 190
150 8
153 8
115 175
124 14
92 96
73 15
136 198
108 156
118 15
145 17
172 15
85 134
79 0
117 164
79 144
155 10
140 5
82 19
197 6
49 15
176 186
59 8
81 5
91 97
172 195
168 9
103 8
148 0
199 13
45 120
30 124
132 14
176 13
105 124
79 15
77 167
76 5
118 176
174 16
22 62
67 82
2 13
192 13
153 196
45 1
23 28
30 120
62 118
98 154
41 191
66 16
90 183
42 128
198 11
97 5
133 141
124 151
153 187
98 99
2 10
24 117
131 18
88 164
35 116
138 185
109 12
121 159
123 11
113 12
84 120
32 18
95 9
9 14
85 16
53 71
33 7
99 153
65 5
89 91
38 113
87 179
23 99
25 97
83 18
152 0
71 7
86 130
79 199
149 5
73 133
185 16
70 4
99 2
56 17
167 11
114 9
20 4
62 82
20 19
75 19
197 1
143 15
52 178
75 15
199 14
192 7
113 150
150 161
22 70
163 193
188 0
147 16
134 19
165 18
61 5
173 5
144 14
162 5
180 15
106 17
71 86
121 197
52 184
41 6
42 172
85 9
48 5
149 2
119 120
16 19
95 12
22 100
153 17
79 126
91 118
132 7
31 57
97 10
35 160
90 10
49 61
77 5
2 3
6 14
34 186
73 76
50 174
4 16
72 183
51 188
122 16
12 18
80 0
21 151
53 151
83 14
193 13
199 12
108 191
151 6
125 184
21 47
83 181
39 47
40 109
96 161
38 55
191 12
54 165
173 184
138 163
178 0
21 156
105 12
96 157
131 134
22 34
76 164
57 15
103 17
117 15
73 188
59 185
118 7
171 174
163 179
77 17
147 5
163 14
85 131
77 131
77 125
134 160
54 14
53 154
128 6
160 172
110 2
3 18
3 7
133 8
104 3
76 199
98 163
138 16
151 17
36 75
116 2
161 3
55 164
52 164
93 112
76 112
48 56
123 9
87 89
98 8
121 6
171 19
32 109
24 19
93 5
47 120
60 4
155 3
122 143
69 184
159 187
48 106
39 86
141 0
28 11
25 16
32 7
69 183
79 163
139 18
94 16
74 158
31 11
109 142
43 4
124 163
34 17
42 85
31 19
106 12
45 141
56 188
134 179
70 101
70 3
34 6
34 13
87 13
116 158
117 175
78 196
102 168
161 17
102 18
13 18
98 138
62 0
188 14
163 5
184 0
151 14
111 7
34 18
55 187
58 180
193 10
149 19
82 195
54 16
101 3
42 11
45 16
159 14
122 17
21 189
150 17
108 14
156 0
142 15
48 9
23 77
34 7
135 17
84 170
169 11
188 18
84 168
56 189
34 12
29 188
120 3
46 9
34 169
133 134
119 18
94 8
97 125
182 8
110 3
178 15
156 173
48 19
110 187
25 111
126 167
171 6
31 161
57 3
124 18
41 116
73 6
102 109
90 141
89 13
146 152
44 55
71 1
53 96
20 6
88 16
112 119
88 9
103 110
164 19
139 19
106 172
49 13
95 4
156 14
93 9
57 198
109 18
94 10
30 66
138 8
50 11
31 5
127 150
120 140
58 94
110 18
158 8
39 16
91 9
100 7
138 146
191 8
29 160
6 7
151 19
64 183
105 192
180 12
51 5
37 92
34 59
149 15
21 126
183 8
74 162
168 173
164 182
42 18
34 109
38 48
159 17
49 107
108 176
86 19
55 58
61 1
64 175
64 2
26 132
41 52
126 0
83 2
131 10
67 125
173 6
182 15
34 157
69 17
62 119
35 169
83 166
24 150
82 14
34 16
37 52
30 179
183 16
87 4
183 191
174 198
139 157
137 178
94 175
35 141
90 1
116 140
125 139
151 152
94 153
71 75
82 175
42 94
70 19
131 188
84 143
187 16
195 1
49 168
118 17
26 94
76 6
164 184
22 5
55 7
38 78
24 16
47 164
1 12
121 8
47 10
105 180
25 128
142 13
89 168
13 17
85 4
86 13
41 44
57 5
149 170
195 2
105 134
122 19
4 10
82 11
33 166
79 118
49 100
26 115
155 197
22 87
24 14
85 132
81 168
167 174
24 1
152 16
148 3
8 13
31 63
92 7
191 16
39 85
181 14
90 135
132 134
31 136
122 181
129 170
42 189
69 75
193 16
36 124
60 9
158 2
127 138
54 169
90 115
112 19
187 12
78 19
97 7
154 19
135 156
124 8
94 148
129 139
26 44
95 11
68 149
140 15
55 1
100 125
178 185
45 70
52 3
27 36
128 0
47 13
43 60
26 40
31 123
0 5
24 69
26 184
78 150
47 159
7 17
89 0
28 73
125 18
108 8
94 186
33 2
5 16
36 108
168 14
80 90
56 100
138 174
111 14
136 197
87 12
35 2
30 14
97 11
180 6
192 3
64 14
85 12
22 178
162 16
98 177
107 19
28 87
56 107
45 18
77 191
80 138
171 10
94 14
31 54
41 60
46 56
98 125
103 133
71 150
23 70
138 194
56 7
117 10
22 36
119 13
73 101
6 11
0 19
116 19
18 19
34 15
36 132
174 14
120 10
115 12
81 184
91 4
8 11
84 89
94 170
60 17
25 166
64 129
34 50
30 6
7 14
60 7
68 100
196 13
112 178
51 13
98 178
72 120
176 4
34 138
165 13
1 2
28 112
117 176
30 117
29 16
76 124
179 9
71 8
48 14
40 121
43 63
148 154
109 7
122 3
116 1
52 125
96 12
180 0
88 153
187 15
106 124
147 199
131 11
49 57
96 113
132 161
87 9
169 7
68 12
82 179
56 16
21 93
141 16
124 7
106 112
66 107
41 42
25 168
93 144
47 132
83 199
152 7
111 2
174 175
62 5
75 8
168 175
37 128
130 178
39 1
92 114
79 197
29 52
134 0
51 143
142 3
34 155
78 102
47 88
23 112
116 172
20 179
51 15
36 123
133 18
182 6
177 4
52 82
142 179
114 162
179 14
66 167
84 157
169 1
165 12
33 19
105 1
26 143
93 163
87 127
90 17
25 68
23 10
100 188
168 10
179 189
133 5
46 2
86 9
75 164
135 154
51 168
31 98
35 3
118 19
113 129
77 14
173 180
33 50
124 12
25 113
62 123
28 77
59 116
109 173
199 1
121 9
53 18
172 1
91 8
111 199
117 11
148 183
165 6
25 153
51 144
199 3
4 7
193 197
22 53
116 4
28 2
123 5
136 193
71 18
53 136
42 193
20 168
92 194
84 123
132 19
144 17
29 79
5 13
127 171
130 0
22 4
165 14
53 0
22 136
71 156
69 5
162 15
66 12
53 65
50 115
25 4
56 121
133 4
51 132
138 198
111 136
54 100
28 193
51 14
70 85
85 5
141 14
183 186
160 179
68 13
130 5
110 7
28 61
50 183
57 6
34 188
100 6
82 124
137 5
42 15
151 158
74 130
57 113
108 149
176 9
161 14
45 3
95 112
185 197
52 2
75 142
72 135
73 93
52 183
115 0
105 137
109 19
48 146
142 2
72 7
173 16
94 155
121 188
139 3
20 13
111 122
77 121
44 92
103 121
51 2
7 8
151 194
157 13
142 19
74 14
8 10
22 7
121 164
135 3
57 14
21 76
12 19
142 189
137 152
64 3
124 15
73 3
57 9
21 2
136 9
184 8
24 110
186 13
35 111
76 18
105 8
107 8
16 18
39 12
134 13
30 111
25 144
31 59
128 19
161 15
41 144
157 3
31 152
60 165
61 8
3 5
69 83
131 8
51 77
90 140
73 108
126 191
154 3
8 14
134 5
168 181
72 16
49 109
8 9
164 1
29 178
144 4
103 16
119 8
27 7
92 108
26 36
152 5
75 149
84 2
94 1
147 14
5 8
36 13
40 14
111 0
105 19
68 75
192 15
166 7
58 188
80 16
63 136
138 1
115 15
14 16
38 95
62 2
44 143
60 137
96 159
85 122
51 11
105 190
122 148
151 7
129 142
117 2
27 1
49 16
87 19
138 158
42 58
88 142
84 17
82 182
173 186
96 116
109 6
94 157
183 12
196 2
154 157
34 176
15 17
79 103
32 0
89 6
163 4
21 22
184 10
80 2
57 100
94 122
28 7
120 149
83 1
122 14
128 10
70 174
173 15
135 18
190 11
44 19
98 117
191 13
68 115
43 186
45 181
99 16
104 182
134 7
106 154
47 133
43 166
103 18
112 151
40 170
187 14
38 148
24 103
178 16
145 146
157 15
54 19
138 5
67 15
7 9
168 5
145 169
93 175
129 16
92 159
21 0
20 156
111 115
32 14
74 177
63 150
191 3
102 0
69 14
34 42
161 5
80 82
8 12
39 15
143 166
23 15
133 187
132 143
183 188
31 125
135 15
83 131
3 13
110 0
114 168
132 6
99 111
30 16
106 116
76 9
105 0
158 4
131 5
44 131
92 11
69 129
28 178
122 0
8 19
151 197
158 180
21 46
163 1
43 96
0 11
161 19
197 19
158 5
172 9
132 148
162 19
63 75
79 130
35 109
175 8
48 10
97 16
126 128
51 6
189 19
40 164
84 87
110 151
149 159
13 14
164 6
108 117
76 134
10 14
21 79
69 8
94 2
164 13
148 6
68 103
80 19
74 18
29 62
2 8
36 136
1 4
141 192
5 11
128 176
74 10
88 111
186 4
77 8
3 6
127 197
46 16
77 18
122 193
43 81
81 2
176 190
198 17
22 13
103 13
153 4
159 8
85 2
174 13
154 163
20 77
39 3
168 13
31 9
92 9
113 156
42 8
10 18
191 19
74 181
81 182
66 1
45 11
51 154
49 162
36 1
179 2
79 18
93 12
140 175
30 101
151 15
84 3
122 9
76 84
36 162
178 1
141 18
170 9
69 11
118 193
46 3
195 17
26 0
142 154
140 19
133 16
27 19
43 8
142 159
22 166
28 6
84 10
165 181
173 12
2 11
72 118
57 138
21 187
2 19
42 10
55 19
35 196
133 12
50 127
110 10
50 104
76 0
27 60
35 98
4 6
98 134
156 9
153 12
158 3
22 6
120 184
25 78
132 146
53 5
115 5
144 152
52 103
20 160
50 0
78 170
195 14
10 15
74 2
173 2
104 117
159 2
82 103
194 6
46 11
140 13
34 3
99 198
20 107
99 118
164 192
172 175
96 9
87 2
23 38
84 107
175 10
143 8
35 197
171 0
46 10
141 169
49 8
79 109
133 164
60 188
45 187
54 15
165 10
150 7
62 113
94 12
23 71
103 9
152 1
145 14
65 95
3 15
86 10
85 10
148 11
74 7
94 13
60 146
49 19
143 5
142 5
69 167
103 108
137 144
131 179
95 137
186 19
35 38
82 125
74 109
92 110
58 8
41 139
27 39
29 17
37 149
164 14
198 5
84 118
63 96
20 3
109 113
93 146
77 106
76 110
158 13
23 76
33 45
51 110
164 7
54 157
65 188
11 19
170 10
140 3
135 9
52 8
76 117
104 149
2 12
54 11
83 150
88 3
118 138
27 67
96 11
121 189
117 14
115 167
79 86
80 159
77 19
38 123
101 4
162 10
1 8
36 80
94 19
125 11
36 4
139 12
151 8
9 12
147 188
115 157
31 15
38 110
43 127
91 18
171 8
126 161
60 6
46 52
86 0
75 98
75 76
58 5
75 93
12 16
57 112
109 17
96 107
101 1
113 10
23 188
144 9
74 9
0 3
129 134
128 188
82 5
127 3
85 166
38 1
176 15
97 168
172 10
118 9
83 16
80 174
72 114
122 192
91 17
121 168
108 182
101 0
91 2
25 10
124 173
182 14
111 8
119 128
106 9
23 0
184 16
80 92
40 80
30 138
59 76
141 6
132 18
29 42
113 118
46 8
100 14
168 3
99 17
142 18
23 8
147 4
58 124
130 17
85 6
92 10
124 19
170 14
62 19
101 104
120 198
191 15
141 147
35 5
181 12
30 19
165 167
129 10
122 8
46 74
22 80
99 19
108 15
22 93
93 131
66 199
43 12
22 181
74 190
169 14
129 12
71 87
38 42
64 1
66 123
76 1
58 185
24 31
124 126
136 0
120 7
125 171
63 0
82 0
115 187
137 18
119 12
175 3
146 11
132 16
81 152
82 132
153 171
111 17
167 8
56 82
61 0
167 19
149 1
161 162
141 5
172 5
99 13
151 182
35 175
166 192
135 160
139 158
197 18
65 16
65 151
153 14
23 192
44 58
71 116
134 1
0 6
75 147
136 3
29 36
85 3
105 4
25 2
92 138
2 5
20 71
12 15
183 5
53 105
71 0
113 120
153 9
99 143
73 8
26 131
35 19
173 183
134 18
106 113
148 153
6 8
37 118
174 12
80 3
49 125
106 3
92 1
61 119
62 17
69 19
199 17
89 98
175 14
106 11
109 147
105 16
173 13
41 166
40 77
156 10
33 161
198 10
115 181
88 17
131 190
105 185
80 11
194 0
62 8
69 91
168 0
16 17
104 7
181 8
13 16
191 10
140 189
44 80
14 15
116 127
112 10
32 3
154 2
30 65
162 9
137 13
127 192
29 91
115 173
114 115
111 125
89 140
136 13
37 141
98 164
122 2
43 18
165 1
132 3
102 187
113 7
21 13
93 187
98 180
41 109
30 137
3 9
48 160
93 116
51 105
6 12
138 9
40 132
98 18
31 143
57 4
136 1
105 173
190 16
28 0
63 10
112 6
10 17
164 16
51 79
187 2
171 188
67 196
94 199
22 3
100 8
143 7
42 52
188 17
50 126
63 18
89 8
20 188
67 16
30 4
50 14
46 1
3 14
161 18
100 121
121 193
1 19
153 190
88 192
70 11
45 2
41 168
27 95
76 147
39 5
81 106
165 166
17 18
46 83
59 157
26 68
63 19
177 16
67 7
153 1
94 189
46 17
180 4
101 106
186 12
32 8
49 75
59 89
67 103
24 0
67 2
96 146
100 197
173 3
185 12
54 126
133 197
43 10
83 17
172 6
118 164
133 10
54 190
186 18
41 198
24 62
31 1
70 153
154 176
70 194
143 13
56 148
53 8
82 1
89 15
1 10
39 116
37 89
177 0
167 5
174 0
65 170
93 4
51 12
126 16
41 14
88 4
113 6
67 122
90 107
102 16
84 117
6 19
50 6
15 19
72 8
98 103
100 18
61 185
65 15
50 198
119 5
78 86
183 1
157 16
134 9
156 2
42 43
71 15
47 14
36 19
179 12
33 5
153 182
63 171
54 198
87 189
192 0
123 151
160 18
149 157
29 96
56 19
107 194
54 171
53 2
26 47
138 10
187 199
158 6
79 5
144 149
166 16
120 17
157 12
65 165
122 13
48 68
52 77
75 1
22 39
145 148
54 7
94 184
82 12
63 7
176 1
190 4
160 17
34 185
30 71
113 154
199 2
167 10
94 128
39 137
101 119
194 19
35 90
76 10
40 52
146 6
121 15
51 18
6 9
93 7
124 2
163 180
6 10
83 11
117 3
79 169
182 5
54 127
74 17
155 167
38 17
171 1
137 197
116 12
86 144
101 176
79 179
185 15
78 15
20 17
28 8
126 18
20 16
82 194
56 9
192 2
117 141
41 105
137 147
136 15
88 96
60 0
31 12
184 9
111 146
106 10
50 117
33 14
196 7
81 133
71 148
165 0
199 16
130 12
199 4
130 134
71 11
22 186
112 8
101 18
79 16
70 16
88 1
51 1
153 13
181 188
70 163
148 19
189 16
128 165
68 147
137 167
78 146
197 8
91 7
91 142
177 17
34 11
53 4
53 148
69 119
93 128
76 7
128 191
42 4
86 7
173 4
27 3
70 103
128 177
54 111
199 15
61 14
57 10
62 94
45 112
42 9
127 4
66 72
65 9
25 80
165 3
131 155
40 180
105 139
86 1
93 1
179 5
91 198
128 179
70 162
40 158
119 147
180 198
179 8
37 11
81 16
28 13
59 9
85 177
34 8
37 150
151 186
35 15
196 14
146 182
137 17
10 16
116 143
60 179
176 10
56 169
143 174
153 189
150 1
129 175
181 9
76 12
67 9
0 7
140 11
39 144
133 6
49 68
191 6
2 9
181 0
27 11
115 14
145 15
149 155
33 129
121 10
34 1
73 163
24 139
110 13
142 1
133 1
46 157
55 106
58 0
81 17
152 17
159 188
89 163
85 148
117 13
129 4
20 199
40 175
59 98
155 6
189 4
34 137
98 4
41 49
26 199
68 116
163 172
25 44
91 105
36 141
165 19
28 126
185 4
158 14
114 13
150 165
142 169
56 132
144 196
104 14
186 10
11 13
40 149
80 91
146 7
158 12
66 106
169 3
144 160
99 159
180 18
12 14
127 10
78 181
38 18
33 170
65 116
29 95
85 176
78 13
35 9
28 185
124 11
127 16
55 120
97 112
77 176
67 6
90 13
45 119
69 171
78 0
79 90
71 112
143 16
188 15
150 11
117 198
130 142
29 78
110 156
51 17
106 5
30 7
194 16
71 5
94 9
97 120
134 137
166 11
21 100
99 186
55 11
38 11
119 181
175 7
47 134
21 11
154 0
72 136
10 12
86 110
99 197
167 0
28 10
145 4
147 3
20 159
64 17
29 7
22 19
20 88
126 158
143 183
128 174
111 126
182 13
76 162
119 0
168 169
6 16
190 18
25 175
1 14
51 187
11 14
82 8
99 124
195 7
120 154
149 0
65 100
149 154
79 132
173 0
64 7
170 19
159 199
67 126
146 2
46 7
20 7
43 124
26 145
177 196
38 14
28 16
40 18
88 182
133 3
99 8
66 80
150 5
178 12
90 11
