193 3
163 19
39 126
90 4
26 149
48 85
71 5
165 0
58 2
5 19
107 142
95 8
54 18
29 11
81 112
30 163
30 177
137 5
34 194
52 190
70 198
30 2
26 19
42 189
131 16
60 125
65 18
27 193
124 17
99 8
2 3
87 8
98 104
85 146
144 18
101 121
80 10
137 158
99 193
134 0
175 17
190 3
190 191
52 8
189 13
44 49
117 125
52 183
69 13
108 3
127 14
146 14
79 1
166 18
174 9
147 2
126 174
92 4
12 14
30 3
50 18
24 147
22 13
197 5
146 13
21 12
75 115
21 9
42 181
197 7
24 81
52 155
109 4
199 7
85 196
95 136
118 3
49 108
107 145
158 161
48 6
82 197
157 16
137 7
113 14
40 44
177 186
36 123
97 189
169 14
52 18
40 7
23 112
178 8
109 18
25 53
145 0
36 196
66 168
67 17
183 2
156 172
53 142
140 12
24 29
50 183
11 14
35 0
193 7
131 161
133 148
44 162
151 198
29 66
107 157
8 16
86 102
103 181
196 7
73 1
181 192
21 49
183 3
105 144
28 6
165 5
53 15
154 4
61 73
73 14
25 73
173 11
121 19
7 8
96 7
70 156
139 190
139 159
116 9
138 6
28 182
32 97
42 68
41 4
14 17
28 54
177 5
53 5
64 174
40 76
157 11
146 157
91 115
75 105
58 172
116 191
82 10
94 95
55 160
42 96
90 11
196 15
122 15
153 19
93 189
3 9
30 18
131 1
10 13
25 18
51 1
148 156
167 0
87 129
175 5
20 41
2 19
76 19
36 97
20 12
117 140
66 12
40 170
34 82
60 183
157 5
112 19
89 113
145 11
7 17
120 10
54 17
23 125
183 185
39 40
192 13
193 195
167 17
189 1
4 18
43 70
113 19
96 138
27 4
103 1
53 159
106 194
70 99
149 11
114 154
87 157
68 169
141 9
183 10
95 2
2 6
40 177
0 17
58 18
188 8
33 11
116 148
102 17
184 194
91 121
115 184
43 4
54 179
90 180
125 4
47 144
24 18
154 14
93 126
70 9
57 17
38 196
30 11
189 4
20 19
28 64
20 157
82 19
25 120
24 178
63 105
14 18
62 3
47 153
168 6
51 18
192 14
20 10
67 2
150 4
40 129
0 18
58 144
48 71
33 141
169 13
118 144
37 148
72 171
194 16
137 9
106 159
171 8
115 123
99 155
103 183
58 11
105 171
185 195
13 18
8 18
68 81
39 60
167 188
69 133
64 19
58 1
127 147
4 15
85 7
82 193
63 93
33 15
125 183
168 182
196 10
138 19
76 99
52 194
124 142
134 171
101 153
7 10
172 12
97 98
16 17
111 13
187 198
107 127
40 1
176 182
101 6
128 15
155 161
35 150
142 8
96 8
11 15
131 3
12 16
124 0
173 9
39 72
178 192
162 7
23 131
63 5
38 10
102 5
131 186
55 18
23 161
122 147
31 2
116 13
56 8
39 144
117 1
28 79
1 10
36 122
87 4
103 12
114 3
76 77
37 19
88 19
116 168
100 15
77 181
187 12
87 3
103 0
104 6
156 19
23 2
137 2
70 90
67 9
173 5
53 146
26 7
32 125
114 18
100 16
27 44
77 105
56 59
41 3
171 14
78 15
90 18
184 0
155 8
5 7
78 7
176 15
28 178
132 4
36 71
15 17
147 0
151 184
34 181
76 83
127 142
144 195
57 147
57 10
60 96
120 7
194 5
158 10
33 3
24 83
22 171
128 16
30 173
44 108
25 15
78 93
162 0
2 7
20 78
99 157
77 11
140 198
24 153
41 142
44 50
107 161
20 0
107 12
39 180
189 190
34 174
77 3
87 7
20 107
100 14
133 149
21 7
7 14
102 183
117 4
73 83
92 1
50 77
104 13
192 0
172 6
93 13
50 2
114 17
69 118
134 17
155 9
73 150
74 85
189 12
90 5
151 10
164 171
130 15
40 65
160 188
26 90
129 13
35 12
122 187
68 198
101 156
142 183
56 140
163 16
57 83
153 7
112 157
166 0
178 2
101 8
82 11
99 121
146 19
28 65
83 3
116 152
61 78
147 13
103 131
140 11
110 135
36 96
1 5
43 161
46 63
130 16
124 18
109 3
119 10
118 168
100 129
120 6
49 75
20 40
44 3
28 198
63 159
84 157
36 168
175 177
126 171
31 171
159 185
60 186
102 107
60 17
154 162
133 152
81 95
42 62
178 0
77 120
6 12
56 1
103 4
33 105
37 6
97 122
25 33
25 174
160 3
68 3
39 18
143 17
64 18
177 14
42 152
165 18
67 14
69 18
128 163
89 16
100 0
23 94
123 158
109 7
52 122
80 172
71 76
80 11
70 189
42 44
6 18
194 4
29 188
75 14
83 12
147 16
97 120
14 15
52 15
124 190
136 179
130 3
186 0
77 4
81 188
11 16
190 9
60 173
135 11
165 19
115 193
23 146
23 44
159 17
38 9
50 7
46 1
78 10
135 160
95 109
159 16
83 103
2 11
24 43
107 19
54 14
138 13
23 68
108 134
157 10
191 9
138 2
134 144
120 176
62 156
92 12
184 2
101 13
101 1
75 191
138 15
53 12
30 119
28 13
44 153
62 194
47 95
136 10
113 2
85 177
109 141
38 109
68 13
98 158
64 115
26 133
55 178
52 150
33 4
135 6
38 101
143 5
167 16
52 72
134 189
194 18
43 102
161 178
91 17
33 93
80 0
45 51
175 1
20 18
28 18
104 122
83 117
85 102
75 95
27 86
42 14
171 15
62 126
29 91
130 1
85 154
66 174
4 6
25 17
48 121
95 112
44 107
62 13
23 97
25 162
135 175
162 9
61 118
141 192
148 199
32 2
137 16
126 162
75 12
146 181
47 69
67 188
30 15
144 13
70 73
67 0
82 183
41 105
62 137
125 5
37 93
112 140
121 12
21 14
182 187
70 195
103 16
21 124
57 84
48 4
71 124
42 141
120 199
36 11
67 180
49 9
20 72
121 9
38 151
178 7
156 177
33 46
59 9
188 16
87 12
119 3
23 165
190 197
64 105
21 18
133 6
190 7
97 115
29 107
90 144
173 10
56 13
82 173
93 15
63 73
44 81
97 14
127 13
39 96
78 136
60 136
168 189
109 146
67 19
167 192
39 148
27 158
34 114
4 11
127 146
120 5
25 121
63 12
63 162
122 10
24 102
134 9
173 18
4 14
47 188
9 10
25 37
59 14
76 124
66 3
67 135
139 12
46 16
87 109
24 199
196 13
78 126
37 13
65 172
33 140
24 9
37 5
113 9
101 0
181 9
94 148
106 109
138 11
28 150
124 179
50 54
164 18
115 2
84 192
7 11
92 146
37 77
96 5
71 10
75 142
163 6
36 14
44 195
89 10
66 16
73 87
129 10
109 10
83 18
119 19
67 129
70 13
158 13
78 5
132 17
95 5
57 167
116 6
95 144
62 7
190 8
37 41
81 17
136 166
65 6
62 199
11 17
36 95
35 16
98 1
71 11
146 17
49 12
77 185
42 114
132 16
42 17
45 8
48 16
79 2
184 7
2 16
28 107
58 140
20 141
34 128
28 16
56 73
41 5
119 5
108 5
66 109
182 190
69 185
114 15
3 15
146 159
102 189
99 18
20 164
165 194
23 9
38 148
27 17
47 67
50 95
99 6
23 167
157 4
115 199
74 124
182 191
73 171
60 14
108 15
180 16
56 139
198 14
48 88
158 9
31 166
45 128
49 51
67 82
171 0
142 11
175 181
81 96
28 59
46 17
57 75
120 14
96 193
61 18
155 2
30 12
106 6
98 10
79 8
66 114
41 10
38 117
69 15
79 18
194 1
45 82
171 184
87 125
162 187
9 13
47 4
179 7
114 10
47 94
108 13
42 7
70 173
27 42
67 107
16 19
144 198
52 196
171 196
193 6
139 0
1 2
151 11
160 14
24 14
134 152
162 196
54 128
138 4
106 7
152 193
53 140
144 160
129 18
64 14
65 1
159 166
96 182
86 113
29 6
69 7
158 168
95 12
191 14
153 182
92 107
15 18
131 7
89 0
85 139
14 16
70 163
101 7
36 161
0 5
156 186
80 97
111 178
124 172
22 191
87 137
18 19
28 163
20 144
74 14
40 175
105 183
80 117
0 11
30 186
95 99
54 148
141 15
20 71
142 13
181 8
104 135
82 103
173 1
156 11
51 178
115 175
196 0
98 11
7 16
105 12
85 19
103 11
92 15
1 14
27 148
189 18
110 19
161 191
99 169
70 4
185 1
36 46
84 18
165 6
162 1
57 9
66 2
3 16
83 195
155 160
15 16
106 9
65 14
53 196
127 17
31 138
20 183
59 1
188 1
155 11
84 118
72 119
124 10
181 13
9 17
5 14
157 9
114 11
80 4
27 9
65 2
42 13
123 198
93 191
57 140
52 113
106 11
22 11
57 8
113 182
4 16
84 128
41 95
10 17
147 9
53 186
70 153
66 95
28 19
44 130
153 4
184 9
80 190
152 4
190 16
10 15
56 170
179 11
119 17
70 3
78 1
22 67
56 3
51 15
32 186
194 15
91 129
35 72
123 187
32 161
86 13
126 161
115 19
183 7
47 91
171 12
42 9
27 16
87 174
48 56
167 198
90 111
36 8
31 178
77 10
48 8
128 9
117 18
71 19
149 17
45 133
68 146
82 195
25 164
55 183
37 191
98 172
32 15
28 175
192 10
9 11
64 179
196 11
115 120
124 166
3 4
51 4
77 94
71 7
35 14
159 193
48 0
108 6
72 14
125 197
131 172
0 7
27 2
26 14
169 2
73 8
154 8
68 5
75 153
26 110
93 17
93 12
186 2
0 8
123 14
186 15
43 177
45 104
118 129
69 14
0 1
20 55
156 196
26 13
190 194
132 10
146 6
5 6
21 4
90 122
66 5
89 11
111 148
128 139
65 197
48 83
20 92
187 5
45 81
46 142
159 11
38 193
20 66
164 1
164 11
174 13
22 80
124 198
72 182
122 183
36 49
98 4
144 8
174 12
29 9
66 128
51 192
45 171
79 141
91 122
48 65
61 0
8 15
151 12
117 17
23 177
74 163
157 3
31 103
83 0
50 67
13 19
92 199
76 92
176 2
31 142
66 100
3 13
32 164
63 194
141 7
138 5
43 3
175 6
85 95
62 91
88 18
51 0
135 13
102 13
97 144
127 5
122 181
199 9
26 11
87 100
3 11
41 15
23 78
88 111
58 12
46 91
95 187
175 18
155 14
46 5
36 18
23 48
90 15
87 1
127 190
13 15
95 132
33 51
51 6
49 66
199 6
140 184
125 11
190 0
20 11
45 156
101 11
79 129
67 74
68 85
34 7
35 18
108 9
97 152
64 177
2 8
169 17
103 153
78 145
63 0
196 16
107 197
92 184
72 145
142 16
99 135
86 1
177 181
193 15
93 183
41 110
189 16
71 188
153 14
110 4
48 82
49 8
177 10
152 196
133 161
24 1
144 182
32 1
129 153
164 6
162 5
35 2
105 5
49 198
65 7
33 58
115 10
50 174
20 155
59 97
188 13
60 174
168 14
25 113
61 132
130 2
89 183
110 121
127 7
104 110
86 168
96 9
105 182
6 16
29 0
144 175
99 139
81 193
41 12
64 15
62 128
156 0
48 17
32 34
49 15
53 188
40 8
164 181
117 0
185 18
126 2
116 8
139 6
113 143
28 34
62 9
105 16
180 18
90 0
125 15
75 0
95 124
153 3
45 54
185 186
54 191
102 126
44 52
58 3
155 180
98 191
35 10
122 14
28 94
169 188
27 121
127 144
158 19
115 14
121 2
188 10
106 0
21 71
118 12
133 1
54 81
172 13
138 150
140 14
1 19
180 15
122 3
157 177
131 6
161 195
167 168
136 13
83 108
39 111
96 156
182 19
42 115
103 173
95 10
169 187
87 156
92 5
49 149
88 16
124 3
25 197
26 12
50 0
85 198
182 4
56 126
185 4
113 1
3 7
23 153
166 171
1 8
24 4
28 132
115 116
32 191
52 84
104 4
72 12
23 11
176 17
77 89
181 15
54 135
154 19
127 10
199 2
168 174
32 10
29 2
155 15
61 11
2 9
163 13
184 5
1 11
43 172
171 13
109 15
115 124
70 19
103 142
31 183
152 9
114 19
42 87
174 15
21 167
145 165
170 2
79 90
24 166
23 87
150 185
34 42
110 3
113 162
170 12
53 77
33 164
4 5
60 4
185 7
61 7
177 182
31 119
148 0
107 143
32 127
26 193
48 84
6 10
3 5
164 17
111 0
179 5
68 141
189 2
108 4
176 13
62 70
60 8
2 17
84 7
35 181
161 18
174 189
41 161
80 17
67 4
49 179
153 8
8 9
117 142
104 123
61 67
169 10
84 165
59 154
158 162
135 171
136 14
152 187
118 0
112 186
149 5
126 11
166 11
128 136
94 124
33 119
30 82
195 15
88 3
154 158
146 187
162 16
143 11
32 42
42 3
121 175
174 180
64 159
118 142
132 185
187 6
62 15
63 6
151 19
99 116
174 188
86 156
179 18
49 112
30 7
48 54
76 7
11 12
99 14
54 16
184 186
97 12
145 19
26 92
143 6
164 5
108 17
56 7
157 6
61 9
86 99
163 10
104 19
94 122
136 145
128 18
34 198
68 178
116 120
91 13
198 17
34 90
93 139
148 170
176 5
64 6
145 4
28 101
54 107
91 93
140 10
0 15
118 4
98 115
126 146
42 150
0 4
171 189
139 166
137 195
126 0
20 1
163 5
66 111
100 6
138 3
43 84
199 14
28 17
149 156
48 188
116 153
111 5
65 194
155 6
118 7
78 197
110 159
149 18
88 11
2 12
72 9
145 14
46 181
171 4
95 0
90 8
43 65
7 13
126 16
29 136
95 161
165 12
169 18
182 8
124 131
169 15
78 19
151 153
180 8
10 16
147 14
73 111
115 157
96 153
60 112
78 143
26 151
118 122
67 146
61 114
7 9
54 197
110 9
169 19
165 199
146 158
73 84
125 16
147 149
79 136
198 6
37 189
146 15
50 156
135 4
37 140
52 147
127 0
161 3
161 0
73 0
81 181
125 154
145 15
39 13
163 2
26 9
69 90
196 6
76 17
104 188
45 11
74 106
76 15
68 11
41 101
51 89
98 168
49 171
66 71
102 6
79 85
51 11
158 17
95 18
86 177
57 90
147 162
52 162
28 153
94 128
111 128
37 3
132 9
91 7
21 150
46 3
44 2
158 8
147 17
125 7
169 16
188 189
156 12
87 106
0 10
37 160
24 89
20 4
83 17
130 197
72 160
149 199
112 3
84 19
101 149
105 146
17 18
178 12
72 3
22 6
38 161
158 3
166 9
4 12
76 3
43 73
168 17
84 127
168 19
40 15
197 12
91 16
133 157
76 157
128 3
36 9
165 15
23 7
49 1
68 142
82 5
49 18
23 10
65 80
87 111
21 154
100 190
119 4
133 7
163 3
48 183
95 6
5 9
182 12
92 3
117 123
105 19
71 89
44 92
143 18
56 58
37 12
191 5
99 12
153 181
53 147
57 96
113 17
93 180
120 146
127 18
168 4
66 108
140 4
35 95
187 8
25 55
143 162
122 160
40 88
63 122
190 15
142 176
24 3
199 12
96 127
150 5
87 16
41 7
152 17
176 7
79 149
86 187
161 5
54 13
108 8
70 103
171 181
52 180
35 125
29 117
70 11
22 2
133 168
37 10
92 8
137 197
35 151
22 165
156 14
118 140
105 167
42 145
100 19
68 107
88 138
127 16
136 150
132 169
84 2
131 11
106 2
173 8
125 169
167 10
66 96
26 107
174 175
47 194
72 155
60 10
73 6
6 9
0 9
69 17
36 154
76 2
50 1
153 0
60 129
66 134
166 17
117 163
182 10
197 13
95 175
67 168
47 10
68 10
108 16
22 4
24 15
77 196
185 2
178 16
77 103
32 108
30 10
97 105
28 33
65 124
78 85
136 6
166 16
22 8
73 18
108 184
5 8
80 91
78 6
43 57
90 197
104 5
59 176
186 16
109 16
11 13
90 150
135 163
120 17
191 3
35 94
60 153
127 15
83 198
24 130
49 57
44 0
199 8
101 155
109 19
51 101
105 131
164 172
45 53
140 1
111 3
83 7
156 169
14 19
1 12
51 99
116 17
21 1
82 7
74 16
21 123
65 141
169 171
101 118
101 120
194 6
64 154
29 74
57 113
180 3
105 124
141 191
73 16
123 197
119 8
125 132
179 16
51 132
26 83
141 154
167 2
90 101
56 57
21 170
101 145
175 11
91 197
85 111
36 6
5 12
65 0
70 166
20 80
30 92
105 196
37 8
123 129
2 5
68 154
67 143
5 11
92 101
188 17
59 100
65 157
128 194
25 196
44 104
33 5
150 8
66 192
195 0
121 6
83 179
144 17
148 6
174 7
154 3
39 167
183 12
143 8
70 15
182 2
102 191
48 134
126 5
26 116
53 62
158 6
60 63
169 7
191 16
31 6
22 40
126 180
110 198
189 5
47 9
34 6
146 10
102 167
33 83
154 167
129 11
85 181
43 6
53 19
115 0
112 6
52 19
144 15
104 108
112 1
102 19
83 2
94 0
112 185
125 129
73 99
79 128
132 13
116 15
34 177
67 196
141 177
1 6
111 1
90 133
0 12
109 0
97 110
46 7
103 159
171 16
128 185
33 103
131 14
191 197
54 138
48 151
6 14
86 94
91 3
119 127
107 140
187 4
58 114
182 17
168 1
60 19
98 8
63 14
95 174
124 7
114 163
181 1
170 4
82 146
118 165
105 172
46 12
109 131
59 101
116 0
2 14
142 144
90 113
64 186
45 48
173 19
60 12
30 180
28 117
32 58
151 3
140 188
35 171
152 16
195 4
108 10
54 124
60 15
28 61
196 12
51 177
91 14
156 13
151 9
48 191
136 140
5 10
62 5
35 1
46 113
103 105
193 196
46 4
27 159
82 180
65 3
43 10
90 12
48 156
115 17
101 12
23 145
55 122
3 17
166 177
75 4
34 192
50 10
71 14
21 55
36 10
20 167
43 130
113 0
175 188
190 13
51 154
63 81
69 115
182 15
65 82
89 12
193 10
75 113
93 144
71 91
99 0
98 125
4 7
35 55
48 10
156 1
51 14
114 0
61 69
133 13
174 17
156 7
93 175
161 14
4 8
87 122
146 5
161 175
88 97
177 16
179 2
42 83
165 16
127 171
173 2
28 189
159 5
46 72
17 19
147 10
44 19
79 10
146 9
75 7
133 181
92 131
1 13
137 3
61 116
78 16
149 13
96 6
3 10
59 116
112 17
97 119
5 16
191 10
188 14
26 8
111 18
28 41
120 197
187 0
6 8
102 113
119 142
133 2
39 188
192 8
153 15
78 161
156 9
96 181
181 2
89 122
65 144
113 185
69 10
75 197
187 10
136 3
109 14
40 189
46 149
85 16
138 17
105 6
75 6
195 3
89 17
56 15
103 147
131 195
141 18
26 4
65 76
117 10
80 111
94 149
110 15
132 8
81 87
163 170
40 173
174 19
89 8
118 172
60 187
93 140
109 6
49 70
51 8
199 19
100 140
26 42
151 17
73 9
66 13
31 5
148 183
15 19
38 113
12 18
111 151
164 19
73 130
112 0
60 193
92 130
148 17
30 81
25 45
184 16
153 17
92 120
184 3
30 90
59 114
155 199
195 14
65 16
130 132
142 196
71 121
185 196
83 101
109 17
106 190
44 18
127 129
80 1
74 155
22 9
36 130
57 170
117 14
160 0
171 172
199 18
25 168
78 12
50 137
21 105
26 137
94 112
199 4
118 18
37 141
78 11
88 101
45 121
186 11
126 153
184 11
84 178
31 90
199 17
56 4
120 0
143 9
107 6
131 13
89 1
54 1
87 195
160 195
110 16
51 9
113 18
38 4
102 128
25 67
139 189
118 145
176 3
130 7
145 171
151 2
196 1
166 12
147 158
84 133
55 12
118 153
27 7
29 197
67 71
27 151
88 123
111 159
68 1
103 2
28 15
73 82
104 194
67 193
96 136
193 194
104 14
98 109
80 158
140 150
102 18
80 15
12 19
195 9
149 151
106 17
150 193
143 172
118 19
143 7
39 107
71 13
127 164
190 196
37 45
25 62
62 110
63 11
100 13
22 161
93 19
137 166
45 13
26 1
85 125
38 16
76 141
29 176
52 75
59 134
31 11
4 17
93 1
48 15
53 16
175 15
146 191
87 101
78 122
79 135
119 12
108 1
185 13
36 5
145 150
30 120
169 1
62 8
94 12
123 4
6 7
3 14
95 171
107 17
52 12
188 190
132 15
35 129
121 14
108 14
167 6
33 7
59 8
106 195
31 162
73 106
101 3
35 161
102 152
12 17
188 0
146 16
136 11
32 109
57 14
29 48
172 11
137 0
57 177
48 63
66 1
78 103
33 193
51 13
80 13
28 29
178 17
145 9
46 2
170 19
74 18
106 3
152 18
159 0
0 16
61 14
142 6
69 2
101 178
128 158
50 132
26 168
26 166
43 9
29 56
76 126
27 173
87 18
25 1
52 186
63 2
144 10
85 86
54 122
65 110
93 135
30 168
56 129
6 11
30 109
159 7
11 18
146 196
102 120
72 18
51 62
10 19
198 1
4 13
24 142
146 162
26 17
195 11
183 192
93 108
44 15
121 4
43 19
189 14
81 187
32 5
40 10
76 13
165 14
40 19
81 164
56 5
83 15
8 17
149 10
93 115
88 6
65 102
170 171
78 14
82 91
63 90
75 177
69 188
34 12
48 100
139 2
33 134
137 13
117 137
29 134
22 155
79 15
172 177
153 2
95 97
82 6
132 136
186 18
152 173
7 12
39 151
26 44
49 60
78 187
0 3
170 8
182 14
53 4
88 179
20 9
94 194
33 8
105 7
30 17
99 152
22 7
99 11
56 174
124 2
64 2
170 187
48 1
28 2
66 11
103 106
102 9
148 5
123 12
8 19
45 49
56 99
150 192
109 142
166 176
167 197
117 126
22 145
76 0
141 0
183 14
22 142
173 13
55 68
42 10
114 124
51 197
174 0
110 189
24 16
134 3
105 14
21 2
153 164
141 186
195 19
70 168
123 9
70 6
29 156
65 90
95 19
177 18
32 18
49 145
163 15
20 69
76 86
175 16
21 3
64 13
71 99
75 11
166 189
50 12
173 0
63 15
103 164
74 182
22 89
121 124
110 146
189 11
65 11
133 8
97 10
83 93
157 18
182 9
47 187
35 174
84 110
131 10
35 82
176 181
46 15
9 18
123 125
24 38
25 107
159 183
9 19
175 184
87 19
178 4
74 12
116 158
20 26
27 126
8 11
93 2
84 175
36 2
47 15
187 13
62 109
115 18
91 19
172 184
52 67
178 11
135 5
25 39
73 4
49 4
177 9
98 15
33 0
55 137
75 85
40 4
111 8
64 97
126 6
73 11
190 14
35 6
72 141
100 4
155 0
28 42
94 1
36 131
93 182
186 14
43 180
96 140
9 14
133 142
180 196
4 19
110 13
94 190
50 152
165 187
70 1
22 164
30 8
137 156
33 1
126 187
69 1
28 5
33 84
163 17
25 181
52 104
157 17
137 11
149 153
120 8
60 158
29 144
111 129
75 10
121 10
142 9
38 1
86 6
146 171
42 73
3 6
83 6
43 11
121 126
36 98
26 164
68 4
31 1
142 3
55 174
135 16
122 9
156 4
115 196
171 18
121 0
129 3
99 148
162 14
1 17
135 181
155 158
107 124
13 17
88 10
133 16
113 6
46 105
81 7
123 135
74 94
21 89
74 7
48 122
125 150
77 12
177 8
37 134
79 106
118 14
25 106
110 158
39 8
57 77
25 32
190 4
124 143
160 13
74 9
54 76
75 13
127 180
119 160
112 195
121 11
41 9
120 157
104 116
33 142
104 175
138 1
119 2
52 1
38 6
152 157
192 4
60 151
64 7
154 159
42 153
67 13
155 1
53 199
187 16
149 185
157 193
58 102
128 4
45 78
35 13
69 140
32 6
157 173
107 198
30 93
82 1
114 145
142 198
122 11
154 18
110 8
58 5
6 19
61 77
79 13
137 4
51 109
114 9
126 133
28 108
40 158
130 0
187 18
123 148
61 4
127 163
39 66
92 185
38 11
145 160
108 7
121 16
87 14
48 199
77 81
126 188
142 4
149 12
91 135
140 9
162 12
152 186
82 160
187 194
42 8
186 1
116 184
178 10
173 196
34 10
175 7
103 172
24 64
76 10
170 18
25 170
190 17
104 126
83 8
58 133
118 6
76 189
96 19
141 5
56 6
39 2
33 111
32 8
149 8
50 91
45 5
128 14
44 68
126 131
180 2
76 98
28 143
131 147
95 190
111 14
98 5
85 2
87 10
42 11
47 8
138 0
110 1
150 7
39 187
136 168
68 8
65 168
77 160
20 8
132 175
89 145
110 151
97 173
119 13
139 194
30 108
178 179
59 19
46 69
35 106
142 19
68 114
33 80
137 8
136 2
140 187
155 17
99 126
145 7
56 146
92 104
48 182
67 131
193 19
105 128
126 169
55 182
71 170
186 6
122 133
119 182
65 79
132 142
64 147
36 156
159 6
85 93
80 165
74 17
44 5
57 2
13 16
79 148
52 10
142 162
1 18
68 183
131 9
53 166
100 130
110 18
165 172
70 91
114 8
85 11
61 79
2 18
109 139
83 188
29 19
28 50
159 3
34 3
193 5
126 9
165 7
99 7
78 190
43 127
61 170
121 163
90 13
183 13
45 1
97 13
54 8
144 5
140 171
60 145
110 193
2 13
53 94
82 9
29 1
147 190
23 170
172 183
24 114
94 97
104 173
86 15
95 141
7 18
20 2
102 11
100 18
87 163
52 164
118 2
176 4
71 177
59 151
57 7
115 174
146 3
132 3
127 11
1 4
146 163
184 18
108 172
75 78
62 86
141 11
26 73
35 36
152 164
170 17
141 2
107 183
174 1
143 195
63 155
139 149
110 125
173 12
107 3
8 12
80 19
5 18
74 19
80 137
31 126
146 4
32 82
27 138
78 179
78 13
103 5
160 6
76 120
52 17
145 18
147 180
188 9
72 165
87 0
99 181
28 135
73 107
161 17
23 42
177 17
39 131
168 3
174 11
197 4
8 13
79 9
126 151
150 196
187 2
106 8
124 140
6 13
109 187
48 11
151 4
8 10
172 7
81 162
102 143
85 3
163 11
153 191
94 15
178 190
120 1
27 14
111 139
31 191
10 18
27 5
111 177
135 173
27 19
32 51
60 2
129 5
97 5
121 15
102 7
91 167
27 133
31 83
170 198
181 14
54 194
21 44
99 4
111 125
108 124
179 14
81 19
89 13
50 4
172 16
57 197
155 156
23 15
80 176
162 164
94 103
6 17
190 18
188 6
41 17
140 3
34 4
114 4
171 19
154 2
93 133
68 177
136 0
30 6
194 14
72 93
115 4
47 174
44 106
0 13
108 146
54 153
35 4
29 145
150 17
77 18
31 92
26 16
142 0
185 9
40 18
162 13
77 1
156 2
26 175
118 147
47 114
136 193
37 72
68 106
70 14
139 1
26 2
45 56
169 11
102 156
128 19
3 18
41 16
163 186
39 6
85 15
162 186
197 18
85 6
25 198
7 15
42 133
36 44
171 1
45 3
55 189
26 188
47 19
80 16
109 12
144 19
77 100
110 14
52 197
28 11
193 14
83 9
66 19
106 171
198 4
38 5
29 59
73 190
25 51
44 51
66 4
60 116
141 8
176 8
166 1
106 145
24 51
44 69
88 12
20 79
46 79
51 184
160 12
55 172
177 180
138 186
52 182
58 70
114 13
111 186
151 1
40 12
24 11
167 8
28 72
124 8
76 159
146 161
113 4
41 194
170 6
13 14
129 15
2 10
112 16
145 149
153 13
159 15
111 6
140 166
144 1
81 89
2 15
195 6
103 146
59 10
180 1
178 6
158 16
162 6
184 1
80 84
62 0
46 110
106 122
55 64
27 195
70 93
20 82
157 169
188 19
24 126
190 5
94 107
76 16
55 87
64 79
24 103
181 19
162 15
82 90
139 8
147 15
102 1
62 66
90 3
149 14
72 131
131 179
34 176
26 79
115 145
41 6
52 7
170 1
177 15
192 198
120 2
148 2
199 11
44 192
59 11
184 15
53 10
53 105
180 13
50 178
145 16
47 168
56 111
94 158
46 77
34 144
109 194
61 68
10 12
40 66
37 113
98 16
129 0
32 12
93 9
20 13
82 0
45 145
147 4
151 6
122 167
131 170
47 132
38 12
172 17
87 90
102 14
24 123
150 167
122 168
131 181
37 182
113 134
101 4
172 9
22 93
68 72
63 8
187 11
104 131
51 56
47 89
44 7
131 185
118 17
121 193
141 1
101 15
171 7
80 144
66 178
48 123
52 153
51 194
34 1
62 144
69 156
47 66
148 172
140 146
0 6
161 2
36 118
107 136
146 186
143 14
116 19
85 197
88 102
128 177
25 75
150 18
72 11
61 128
168 16
31 18
127 4
41 87
87 112
95 125
74 189
21 83
93 119
160 162
53 155
107 0
0 2
103 18
39 100
10 14
47 18
92 196
159 10
104 171
1 7
62 1
118 5
172 19
28 3
24 6
172 8
106 144
128 5
148 174
68 97
85 164
48 19
120 4
72 15
64 4
134 198
128 7
42 94
49 144
158 2
36 3
61 16
121 153
149 2
4 9
83 1
105 8
96 18
185 10
147 171
27 51
154 166
39 19
77 176
41 148
72 13
26 152
117 8
62 17
135 14
82 109
71 8
112 189
76 5
40 123
66 9
175 9
42 0
48 101
40 3
137 12
61 19
171 187
59 107
134 14
115 3
37 67
71 1
74 87
8 14
68 119
43 76
53 95
157 161
173 14
160 9
79 6
98 149
55 121
192 3
143 149
53 14
74 88
60 104
154 16
39 15
188 3
53 154
91 10
0 14
41 13
161 19
173 187
67 101
69 19
76 96
188 2
92 189
79 7
62 191
0 19
106 197
26 3
11 19
186 13
33 98
32 50
95 15
194 3
95 145
42 60
72 6
93 172
28 162
167 11
22 1
152 2
105 179
177 13
90 157
40 2
4 10
196 18
179 9
63 16
46 138
111 15
136 172
127 195
100 8
179 192
86 16
166 6
98 13
31 8
12 13
21 11
71 129
12 15
110 12
45 46
196 5
68 117
68 69
37 1
177 2
74 6
77 143
138 8
161 11
54 70
71 172
39 171
178 187
39 165
159 13
149 1
163 175
42 12
62 154
44 148
197 10
24 8
26 0
39 160
30 146
9 15
60 146
71 116
102 3
30 196
130 14
109 8
74 3
61 1
74 93
130 6
73 12
130 196
112 148
47 145
85 165
96 3
152 6
148 186
159 2
33 17
101 105
126 140
116 2
164 14
184 6
2 4
29 170
57 13
26 111
179 4
117 172
166 19
69 6
197 19
31 40
155 192
72 19
42 95
98 17
37 183
129 2
89 2
77 14
