159 189
108 11
165 15
67 130
196 8
97 8
179 11
48 15
0 9
109 6
42 173
56 6
64 168
68 137
51 8
138 11
52 161
106 19
107 111
72 0
50 190
169 192
100 114
112 11
88 123
118 186
39 65
114 184
94 108
54 91
37 120
48 130
29 117
30 84
25 135
128 11
29 14
56 148
10 17
76 179
48 132
126 151
79 127
153 16
145 6
87 14
187 5
92 8
64 0
90 18
27 110
0 14
130 163
42 117
13 15
36 110
126 128
197 19
102 142
8 15
44 81
35 3
52 58
46 7
119 18
135 18
133 159
37 140
8 17
80 6
97 126
37 121
40 59
34 99
82 163
152 9
117 7
68 163
150 11
68 103
92 195
113 123
25 8
73 184
112 14
160 0
147 16
102 4
36 2
126 182
53 103
30 37
134 193
128 15
89 197
132 6
82 16
126 169
37 15
127 19
99 5
48 82
41 12
38 0
82 133
132 135
36 12
162 15
142 4
147 8
72 91
165 16
28 144
75 1
171 1
165 8
132 185
56 90
15 17
37 14
131 7
129 10
30 4
101 162
128 175
20 2
102 120
109 5
141 16
182 183
78 80
52 88
148 16
68 188
104 133
72 17
11 13
130 148
142 183
54 17
21 158
52 85
49 152
51 136
48 188
36 6
96 100
97 124
41 14
34 37
142 150
115 176
30 183
120 126
30 153
176 15
164 2
91 111
182 1
112 116
135 15
53 127
135 14
69 18
85 120
135 179
42 107
68 17
33 113
120 136
137 3
167 19
150 17
109 140
64 80
29 1
57 2
26 111
32 129
83 14
129 160
72 7
92 13
143 9
179 186
33 197
25 1
20 158
100 16
30 124
41 163
80 156
46 101
59 0
114 1
163 15
84 14
36 5
58 6
52 17
188 6
185 19
146 15
106 6
88 13
81 1
59 16
82 182
92 123
38 8
186 19
181 9
183 2
104 160
108 133
153 13
154 172
151 182
20 195
183 11
85 13
58 177
104 111
45 167
87 18
164 10
10 11
20 71
153 7
73 139
44 48
23 193
22 16
95 143
98 181
132 11
53 70
61 132
188 13
55 144
55 150
52 98
138 16
23 7
39 176
57 141
197 5
118 13
122 130
47 175
64 7
89 10
46 18
21 114
67 7
29 127
179 182
46 48
44 149
142 18
31 145
152 13
184 7
76 111
49 13
90 95
35 10
134 188
22 153
168 190
123 128
174 11
25 137
136 3
137 18
98 18
95 1
7 14
56 103
172 193
78 105
130 9
154 162
45 161
70 102
7 15
75 6
102 18
185 2
36 7
5 11
40 15
198 12
37 87
88 12
76 19
181 190
124 128
97 2
81 102
124 144
60 172
183 4
44 17
195 16
107 0
103 173
196 14
149 191
107 19
157 163
45 114
191 6
130 4
124 10
54 7
134 16
127 11
85 1
181 13
197 17
20 24
21 198
133 170
36 78
49 170
170 8
109 2
154 10
126 154
5 16
51 60
155 8
86 154
154 173
145 18
132 16
47 115
160 19
139 168
78 6
173 19
125 16
122 164
10 19
138 6
147 3
105 177
135 1
105 9
36 10
64 83
192 16
2 5
65 17
68 191
31 82
63 169
23 98
133 9
187 10
195 8
105 156
24 190
72 2
108 115
89 191
15 16
80 1
68 13
122 173
190 1
55 182
49 68
72 122
96 151
126 15
117 4
143 13
95 5
178 2
117 120
195 10
10 16
97 18
73 5
43 167
27 91
189 0
80 129
27 150
44 174
92 97
185 13
56 93
171 193
100 134
108 13
86 179
108 7
40 8
150 6
110 14
194 9
94 4
121 17
111 16
46 11
113 19
124 14
29 15
81 0
152 16
76 16
167 13
24 10
0 16
137 6
61 91
135 9
113 167
136 15
83 5
2 17
12 19
57 115
66 3
25 190
156 11
186 14
40 156
99 173
35 18
169 14
98 168
117 187
20 182
195 13
45 13
157 175
3 12
49 167
135 6
173 198
148 9
145 11
48 136
49 19
46 13
198 1
144 7
79 154
41 78
64 1
198 10
172 16
44 66
117 2
21 3
182 3
181 8
63 154
81 188
4 12
141 162
162 8
60 63
5 19
149 9
72 10
103 11
57 154
67 70
110 1
108 122
125 14
50 1
91 19
156 170
127 3
176 198
59 73
61 65
160 14
0 19
104 186
37 56
8 9
112 151
150 186
3 18
124 11
7 16
62 15
177 16
146 13
135 7
140 141
104 131
95 185
92 171
62 85
6 9
95 135
123 10
155 12
27 134
169 7
169 2
157 186
57 88
117 136
106 179
95 136
57 1
175 13
115 9
36 16
127 191
133 16
168 11
89 135
33 91
160 3
111 126
47 118
115 141
34 108
128 1
41 3
170 176
27 6
172 19
118 180
34 14
22 7
155 3
71 4
99 10
35 11
103 125
147 197
88 188
117 140
115 8
112 0
194 18
46 181
27 131
80 149
50 6
4 9
160 4
68 19
42 147
46 4
79 81
101 6
174 14
108 9
122 6
150 162
88 98
166 13
34 152
52 152
66 119
149 180
114 152
1 3
69 19
2 8
111 145
160 12
37 10
109 164
81 97
105 120
73 187
95 11
80 161
160 18
59 14
92 174
82 193
49 1
52 61
155 2
123 176
143 5
130 8
62 155
145 14
5 18
33 57
70 103
2 7
159 19
28 13
119 11
64 169
39 171
20 17
75 143
39 11
110 176
126 17
53 72
57 93
49 7
77 180
129 6
196 10
87 11
137 12
125 137
2 12
172 15
109 115
53 165
85 3
52 1
86 177
83 150
56 132
62 197
106 139
4 11
31 71
43 11
58 89
114 199
101 117
26 94
12 15
121 170
113 10
136 177
52 139
50 3
94 173
52 175
103 127
156 197
29 126
24 164
96 98
146 19
120 19
69 14
51 68
116 124
26 105
44 175
39 100
43 17
62 195
87 169
36 149
66 162
63 18
185 12
130 162
143 186
122 2
15 19
22 94
27 0
93 9
93 94
81 6
172 0
83 17
57 4
163 4
82 4
60 154
87 127
52 92
110 4
125 18
95 163
84 4
150 14
83 146
174 3
42 11
156 191
80 4
14 15
43 52
2 3
103 155
20 19
132 181
40 143
41 178
119 141
56 153
93 106
188 0
58 169
55 9
192 6
182 7
70 114
43 19
44 87
134 3
147 160
127 150
30 80
103 14
48 13
65 142
82 11
35 101
22 191
70 3
87 120
133 169
129 162
9 17
41 15
70 93
138 150
0 8
65 195
191 4
107 12
76 199
87 0
95 190
69 190
57 197
58 16
69 71
99 145
61 121
92 135
35 99
190 3
13 17
22 8
199 10
169 8
102 15
59 79
117 191
13 16
159 183
50 170
117 199
195 9
2 6
93 5
65 0
77 9
48 8
150 18
41 180
82 0
21 56
17 19
95 15
176 197
128 145
108 4
100 104
123 132
57 148
77 16
113 136
185 198
20 154
74 146
147 11
61 0
59 172
8 14
67 15
174 16
37 115
189 11
184 16
1 17
62 80
123 177
148 19
149 182
35 186
62 16
64 3
144 18
176 7
43 13
40 128
41 19
173 6
55 4
62 4
68 95
85 110
183 12
88 126
54 144
25 49
123 126
24 139
106 15
65 66
159 14
29 105
43 8
57 62
181 18
127 185
86 4
149 17
119 122
31 17
29 133
90 6
140 3
137 183
112 145
63 17
87 17
92 2
150 12
51 19
61 3
165 179
32 97
198 13
32 4
170 12
110 127
151 180
20 63
140 165
185 4
176 3
54 6
190 16
72 125
46 99
142 182
28 15
43 139
73 11
151 191
22 4
93 4
86 97
127 16
36 158
72 119
87 104
128 155
69 12
54 13
121 13
94 113
118 133
103 124
124 4
95 7
57 58
46 71
182 0
85 108
32 7
64 17
141 18
95 178
105 8
103 174
67 151
130 17
16 17
139 11
171 8
39 163
127 178
126 162
101 185
30 12
64 2
56 147
41 9
59 10
59 72
34 57
197 1
142 3
147 5
21 10
196 0
77 14
179 5
169 13
24 40
10 18
66 8
70 100
48 5
53 88
126 5
138 141
105 140
124 5
83 163
28 79
65 146
158 191
173 0
89 126
49 11
193 11
108 8
61 103
161 11
96 120
140 152
37 85
188 190
69 16
34 10
112 159
107 13
96 188
21 37
72 75
106 158
40 14
65 125
20 30
94 142
185 17
30 14
169 4
181 185
138 190
21 40
111 183
150 179
111 17
88 8
134 7
74 7
53 0
120 15
32 194
58 17
74 164
145 16
34 196
42 70
93 1
140 9
41 17
147 12
74 196
27 179
74 19
180 17
102 17
92 4
180 10
174 7
45 133
171 4
128 19
58 195
160 17
30 2
154 159
26 36
172 11
24 59
160 161
33 76
40 104
47 62
155 187
48 98
3 10
185 6
137 11
141 9
69 135
45 16
56 165
36 129
85 92
38 142
22 114
106 141
65 10
94 103
102 188
157 173
144 6
69 163
126 179
116 121
53 2
103 117
60 19
1 14
129 186
189 6
172 7
67 3
101 1
75 105
176 8
26 43
62 2
89 105
188 10
111 171
166 14
30 152
26 11
66 171
59 4
97 6
90 93
31 154
122 14
127 13
149 2
102 11
106 17
152 11
148 195
69 1
63 4
38 179
20 44
169 16
51 84
107 120
36 11
105 5
9 16
65 95
71 90
62 121
195 4
76 182
78 128
111 164
65 7
41 185
28 0
88 14
77 12
10 12
29 2
49 82
66 14
105 0
106 190
46 5
57 134
85 155
79 107
39 140
41 46
55 14
179 12
41 162
41 6
158 170
156 2
140 18
43 110
73 19
42 13
125 129
109 16
81 187
92 105
44 3
58 64
116 18
94 3
78 9
51 10
131 3
101 164
102 0
20 3
96 3
47 85
21 31
87 9
134 6
136 0
75 102
111 0
75 14
175 12
62 12
121 166
96 4
83 4
49 90
46 167
72 152
124 154
64 9
76 158
75 128
75 186
25 150
83 7
118 7
135 143
48 172
62 101
148 5
34 134
98 192
100 17
152 17
109 172
44 18
34 176
120 9
63 3
80 14
129 17
111 179
62 11
106 13
102 190
117 0
194 1
66 11
86 98
69 189
78 89
114 180
0 5
86 0
178 1
150 15
41 128
148 13
31 4
38 167
153 3
9 14
182 19
32 150
144 3
12 16
123 142
31 120
146 3
153 12
1 10
168 5
38 40
140 16
99 192
94 144
33 107
163 11
81 7
103 165
116 160
1 18
99 118
130 0
150 172
143 2
78 149
83 11
49 161
35 82
24 117
115 126
72 73
2 10
44 58
26 181
33 130
176 11
194 0
105 116
152 8
52 118
113 5
190 17
53 69
26 128
74 148
178 6
68 150
51 15
111 13
141 10
44 14
70 16
141 151
26 98
11 12
130 154
184 9
150 16
150 175
98 121
146 10
165 10
32 180
42 7
92 194
112 3
33 70
56 126
84 8
171 9
100 12
52 62
4 17
100 11
54 10
89 5
140 190
34 101
25 192
83 115
7 11
34 151
59 15
68 166
122 156
35 109
56 1
63 87
117 11
190 9
161 15
162 0
98 148
105 3
24 180
73 164
194 2
96 144
90 179
79 6
100 116
88 3
66 6
64 10
170 13
124 9
37 1
135 138
56 91
152 1
87 153
196 19
184 17
52 4
45 138
86 189
149 164
131 191
128 191
120 190
159 11
97 15
117 14
116 10
78 5
24 19
48 2
67 19
184 5
131 188
180 1
117 158
21 8
78 165
62 90
146 18
98 16
60 199
87 126
112 192
4 15
51 93
30 134
46 6
40 3
1 5
86 113
159 2
67 11
110 180
47 82
47 11
27 64
53 119
20 4
90 100
85 142
113 149
24 18
77 84
47 168
171 183
143 7
65 15
109 17
34 55
49 55
91 96
2 15
6 19
107 160
23 112
157 3
120 2
67 190
40 10
123 166
131 12
112 130
174 17
55 125
149 184
136 189
113 189
89 13
48 120
130 2
132 173
38 12
74 192
124 18
189 12
2 19
114 16
22 13
71 138
83 196
0 1
196 17
80 12
133 5
86 193
155 9
88 92
159 198
38 83
5 14
106 7
137 164
197 10
139 8
68 11
28 59
63 121
132 5
12 17
61 11
155 5
160 6
49 133
35 106
27 81
5 12
140 2
166 16
1 2
159 16
53 155
81 131
91 198
125 13
137 160
48 169
115 13
122 12
196 7
139 14
100 2
121 5
190 13
198 4
63 7
86 112
63 199
26 192
43 102
33 61
114 12
187 2
159 18
48 62
45 115
54 0
57 7
182 6
148 155
36 51
114 145
119 188
86 96
53 16
42 149
36 88
179 7
154 8
101 156
197 11
46 63
64 6
35 159
168 12
38 119
146 148
115 11
148 179
27 127
47 90
8 11
79 166
78 82
98 132
108 127
101 18
132 4
94 2
101 192
74 6
182 193
176 1
121 183
163 184
51 58
139 182
2 13
77 181
164 7
163 199
132 10
28 6
185 7
67 8
52 99
78 130
120 186
145 175
183 13
186 2
116 14
6 10
43 94
178 14
136 7
115 7
116 147
27 53
22 187
87 135
119 14
33 7
161 5
12 14
101 186
29 80
146 160
124 156
175 11
109 186
23 36
37 90
185 18
190 19
139 4
185 15
41 73
103 115
0 17
31 171
73 15
199 1
191 10
74 162
111 138
183 0
113 3
57 119
57 130
135 181
91 11
21 13
86 170
39 18
175 7
61 2
64 129
80 90
123 8
50 0
109 3
61 62
129 11
181 194
162 188
63 112
64 167
119 7
153 195
193 12
49 15
124 7
88 6
24 105
22 111
125 143
174 197
182 199
38 17
192 8
98 164
170 16
113 14
119 162
63 12
114 4
38 9
59 123
33 124
110 16
109 118
135 12
25 19
59 63
61 148
169 172
143 190
78 4
78 7
171 6
54 11
111 188
38 176
131 0
48 159
152 166
71 5
50 16
58 148
79 11
147 2
58 96
186 16
192 199
111 1
154 177
40 80
81 140
127 151
83 106
144 183
130 159
52 14
55 129
35 193
29 150
33 90
71 85
85 5
33 8
43 50
58 134
137 19
43 128
101 120
45 10
136 196
26 147
18 19
47 12
35 0
79 133
44 170
199 8
66 166
41 67
94 166
0 6
153 193
13 14
197 3
101 150
97 147
109 18
32 14
108 6
21 196
83 2
106 156
121 191
7 12
67 1
73 10
125 196
118 10
22 98
108 113
160 168
160 8
188 19
135 192
36 19
157 10
50 152
165 178
86 2
60 2
191 1
3 7
191 16
114 17
130 5
105 12
100 177
28 116
137 145
102 2
105 14
137 5
70 8
189 13
166 184
47 98
116 16
64 19
29 109
67 84
3 15
104 149
186 197
127 129
3 6
124 199
48 14
34 13
35 14
76 2
188 16
162 194
181 0
37 159
77 170
93 0
107 182
112 5
9 12
20 6
42 19
111 124
175 188
133 171
31 70
60 18
162 183
33 1
64 121
72 88
61 71
124 138
131 166
1 9
31 161
105 17
52 7
126 13
161 12
110 6
42 6
38 2
91 15
39 17
57 17
77 177
125 1
97 10
51 80
60 88
38 96
149 14
31 102
163 1
144 180
130 6
48 181
54 9
157 1
136 14
30 104
102 6
28 163
2 18
61 125
38 1
198 17
144 14
87 93
38 117
154 7
48 3
97 9
58 18
26 133
69 13
27 63
60 181
105 149
81 94
52 134
23 6
21 0
79 158
32 154
90 3
28 3
133 8
118 4
103 10
85 7
112 16
185 14
43 77
31 9
5 15
9 18
48 18
57 15
80 2
116 187
126 130
7 10
164 13
36 17
51 17
130 152
78 129
7 18
96 181
105 1
84 86
97 197
70 94
79 17
197 0
151 174
68 10
50 14
25 95
193 3
174 18
39 134
29 155
178 180
178 16
114 161
100 148
87 130
175 6
141 167
168 19
40 154
164 5
57 9
59 97
168 15
32 1
27 17
81 113
67 161
44 5
93 3
116 19
39 106
151 8
91 14
61 95
98 139
82 6
74 160
49 136
21 9
23 77
42 54
82 117
71 192
178 5
41 5
181 17
114 176
12 13
182 14
157 176
95 101
93 175
62 3
46 109
31 50
39 9
114 18
76 162
58 92
186 6
127 183
25 11
81 16
116 3
93 99
111 167
57 10
44 2
107 15
163 6
113 194
88 107
187 6
133 13
59 93
62 153
93 8
197 6
56 172
115 151
161 1
146 4
77 172
161 0
97 191
173 18
53 129
89 192
58 5
102 19
44 176
85 146
158 180
44 4
41 93
66 97
98 117
193 9
51 5
184 6
6 18
72 9
29 162
134 138
146 169
97 17
55 7
51 108
165 5
81 88
171 0
170 10
79 7
158 13
54 160
7 19
54 5
199 2
173 17
86 117
142 178
100 168
35 142
28 139
153 178
118 177
60 74
190 6
88 7
98 120
87 178
155 4
123 7
81 175
133 184
84 11
104 115
33 164
136 6
0 2
192 18
51 3
9 11
69 127
7 17
164 189
155 194
42 171
71 147
83 9
83 172
43 146
5 7
63 179
51 144
23 154
148 8
48 16
193 19
103 7
23 195
133 11
122 128
82 101
55 19
142 8
14 16
147 4
75 193
150 171
39 74
69 108
194 8
145 13
192 2
117 180
174 4
184 197
90 14
79 145
173 4
28 138
155 10
106 10
23 169
66 17
70 124
152 12
127 170
70 11
159 15
148 159
33 69
43 195
32 10
98 13
94 106
144 17
170 14
1 15
72 6
63 165
72 8
52 116
41 18
78 134
1 16
27 10
90 1
112 143
67 16
112 18
47 109
45 104
148 167
25 4
71 126
190 193
39 191
79 3
27 186
148 3
30 102
32 133
33 170
127 0
55 168
58 10
106 174
91 9
93 199
40 66
73 121
118 6
156 5
76 175
40 138
71 14
28 14
190 2
75 0
29 171
129 13
28 88
78 11
53 141
115 183
56 164
139 15
199 5
126 19
141 15
68 116
168 198
23 39
89 3
30 96
60 182
151 3
139 19
2 9
97 125
109 169
38 73
38 75
128 4
43 166
125 2
60 14
29 128
52 149
152 168
26 71
86 133
131 1
151 158
91 4
57 0
113 162
24 65
92 19
32 43
125 11
3 4
31 41
183 189
185 16
75 118
124 1
114 119
34 12
23 181
115 166
192 10
102 146
62 173
178 9
22 97
176 13
113 13
152 181
35 102
135 199
185 9
77 194
148 0
154 17
89 129
144 199
144 9
100 147
114 10
28 115
191 3
86 114
94 8
101 10
133 187
69 7
102 152
194 4
124 146
24 135
178 11
191 9
63 97
141 13
34 4
119 10
25 18
51 77
50 7
46 19
25 42
156 12
158 4
77 190
66 71
79 18
57 5
78 166
24 152
70 90
180 4
112 122
72 170
33 4
116 193
22 165
99 197
110 146
187 198
27 98
72 16
184 13
124 16
68 164
20 9
135 146
29 16
140 19
96 11
32 3
98 188
43 2
139 158
79 13
132 7
34 140
77 17
92 125
38 19
66 199
27 114
160 173
174 2
57 16
48 145
198 9
85 8
104 16
61 157
66 83
132 0
143 3
31 35
84 191
109 13
29 95
116 2
177 19
46 67
60 0
43 0
82 19
127 9
2 11
59 3
88 197
60 98
25 10
34 5
48 194
38 7
35 56
14 17
112 7
163 18
82 151
90 138
107 11
130 150
104 4
81 138
27 138
26 16
196 15
152 4
40 177
130 172
140 0
77 11
25 159
105 199
39 67
120 133
104 9
45 164
54 4
32 5
35 4
58 171
103 4
121 12
177 180
54 1
68 149
75 11
193 13
139 17
29 12
45 19
32 190
0 7
113 178
131 6
43 163
54 8
133 17
104 187
186 11
31 19
88 15
151 152
62 114
5 10
95 18
58 12
108 17
102 131
27 78
169 199
170 3
139 196
84 115
162 11
45 174
8 18
10 15
22 0
92 6
32 15
119 148
87 16
93 134
151 179
35 88
172 14
171 10
185 5
94 141
98 7
197 7
21 192
36 54
184 0
151 9
135 11
114 6
71 10
69 73
54 145
143 10
101 122
29 39
160 197
35 16
53 198
176 180
180 183
25 14
163 16
128 9
32 17
90 120
64 149
50 184
168 8
31 7
63 5
179 17
52 186
82 18
41 1
34 119
174 10
86 6
136 5
34 82
194 12
97 11
92 15
26 2
94 140
122 150
80 15
177 192
82 7
106 11
172 2
113 187
117 164
48 12
193 5
124 162
88 120
123 11
38 161
55 56
49 61
56 19
65 19
133 144
133 1
45 109
81 98
80 180
8 16
129 164
67 180
58 138
28 10
142 12
101 194
25 12
172 18
75 177
199 14
100 1
166 5
83 18
74 140
94 175
59 199
147 19
59 2
42 102
113 8
38 183
26 10
162 6
169 9
110 119
40 76
14 18
190 196
101 106
75 18
22 151
111 139
31 133
184 189
28 17
117 176
110 3
116 1
106 193
110 0
42 85
146 157
70 196
33 56
56 162
159 173
46 57
36 181
73 122
126 150
70 4
90 10
72 113
46 15
25 9
125 140
105 18
53 11
117 3
11 18
181 4
6 8
141 143
119 17
71 191
110 8
104 1
31 44
22 6
159 0
109 189
188 11
24 11
41 110
61 187
30 7
43 18
21 39
79 148
32 192
127 161
33 44
84 10
64 75
99 11
181 5
175 198
17 18
131 13
44 61
126 16
135 10
152 10
70 99
153 2
136 156
30 70
71 12
25 180
150 178
143 4
52 9
48 104
37 163
90 98
89 19
193 17
145 10
21 162
98 167
143 17
89 16
129 8
129 15
104 2
47 183
11 17
71 2
44 182
90 143
188 2
87 141
43 9
58 165
70 115
119 199
108 162
194 16
7 9
73 193
183 192
30 43
144 19
36 83
76 12
62 9
76 169
123 125
167 9
53 139
38 194
151 17
20 15
120 13
80 130
107 141
20 151
107 108
26 41
158 7
21 48
38 155
157 0
93 167
86 181
88 5
106 18
88 190
48 80
111 7
147 196
55 11
95 120
128 169
67 94
116 194
72 191
125 0
134 2
64 12
150 1
165 0
24 1
118 192
22 89
4 5
28 112
110 165
104 109
20 67
26 18
55 72
26 0
114 177
40 159
191 8
46 161
32 108
60 130
59 64
105 179
97 116
153 8
98 12
143 165
23 10
120 173
80 16
67 0
166 3
38 14
57 12
145 5
109 116
156 190
119 3
39 139
198 16
186 12
25 188
123 130
156 162
182 9
60 65
86 101
36 134
22 121
93 7
127 15
196 2
49 2
124 149
85 14
58 137
26 169
93 12
114 7
68 189
71 187
94 9
163 10
76 198
168 170
157 16
23 152
36 63
20 10
146 6
79 105
104 132
35 127
28 12
160 10
126 14
195 14
166 11
68 7
70 17
149 8
116 149
112 199
78 2
22 171
178 4
66 157
152 0
164 3
103 17
51 1
99 175
106 127
74 8
158 11
198 19
32 0
42 14
70 84
49 128
61 117
55 162
191 14
33 10
48 155
110 7
122 154
55 145
4 18
10 13
167 17
103 138
85 133
104 197
107 154
61 15
83 12
22 5
134 19
118 16
60 15
81 126
44 142
91 148
175 16
190 18
157 160
40 116
100 152
183 19
31 1
29 40
0 11
26 6
39 12
10 14
41 2
122 16
90 5
0 12
89 131
194 5
52 141
145 4
52 148
46 196
77 8
3 8
195 3
54 14
99 9
85 10
128 14
26 5
2 4
48 195
138 197
125 3
93 97
94 189
151 18
59 87
97 105
143 172
40 101
87 89
164 8
56 0
49 169
192 19
42 75
144 181
46 146
69 95
126 185
187 12
141 156
13 18
23 17
31 96
31 16
78 10
69 151
128 174
75 19
37 2
44 146
46 193
53 179
58 2
95 16
87 19
94 10
119 0
75 10
28 152
184 10
91 113
70 15
4 13
166 9
163 180
183 7
74 147
175 0
187 19
177 3
51 6
39 101
146 1
113 144
83 0
83 144
195 2
199 16
47 2
96 19
65 160
1 8
154 195
6 17
128 8
152 156
28 18
9 19
50 125
43 5
172 8
21 191
91 146
89 162
115 15
23 51
32 42
191 12
109 15
72 131
85 140
76 195
1 4
8 13
4 6
29 145
7 13
65 6
69 8
136 193
54 19
55 57
151 162
23 54
25 165
53 9
47 89
72 128
107 9
3 14
137 16
58 198
57 124
74 179
73 17
44 10
174 183
28 131
176 12
26 106
30 15
24 195
132 160
120 128
27 1
62 99
130 185
100 5
117 17
139 180
36 168
165 1
51 157
88 119
118 14
45 9
171 16
73 2
145 151
38 125
0 3
67 13
33 55
133 6
30 38
132 151
88 18
47 8
83 6
24 12
37 19
150 157
63 9
3 13
135 193
8 10
2 16
34 161
151 16
108 19
35 170
1 11
132 14
98 134
42 15
141 11
170 15
151 155
175 15
55 110
106 152
71 1
49 10
104 18
147 195
139 13
118 190
99 108
144 0
3 16
118 131
34 127
178 15
26 117
84 18
177 7
36 194
134 11
143 16
26 4
57 11
79 16
26 76
70 199
103 106
92 152
3 17
123 144
54 102
57 14
30 97
58 15
25 5
53 177
37 178
112 13
56 16
42 17
43 61
65 2
130 161
45 6
131 151
120 16
37 134
149 16
77 141
64 187
123 15
187 13
134 12
71 18
20 18
141 7
59 9
125 155
112 188
180 0
82 99
92 177
108 140
76 5
187 4
168 18
33 52
168 193
66 165
5 9
196 6
115 160
48 184
102 12
188 198
41 198
109 192
90 191
185 8
4 16
21 136
115 10
120 141
20 90
70 173
47 55
82 9
129 142
192 1
63 69
137 14
91 0
198 15
148 160
65 16
111 18
79 8
189 199
29 8
88 166
48 146
101 19
61 69
182 18
37 179
43 109
137 1
33 5
152 190
166 198
139 16
51 152
81 198
167 15
37 16
136 183
25 131
170 19
55 12
176 194
136 166
124 161
50 11
85 12
64 96
21 144
50 163
98 131
27 7
58 180
87 197
161 8
55 16
55 5
154 11
124 176
116 198
26 177
0 10
69 120
117 165
22 14
113 11
115 16
36 118
48 10
70 5
113 7
162 3
107 16
73 158
55 127
86 3
122 18
57 151
68 82
82 141
120 149
155 19
80 13
174 198
160 177
25 107
33 63
43 96
47 123
96 15
58 124
198 11
100 15
124 17
135 16
24 196
161 181
107 1
6 14
87 196
166 0
196 5
177 10
33 160
59 6
77 131
5 17
60 1
22 58
52 16
25 0
111 191
43 176
5 6
36 196
71 3
75 78
116 15
193 4
53 154
162 10
37 165
33 193
190 4
84 91
39 1
86 126
149 19
157 19
60 7
21 126
77 5
61 16
48 1
45 18
3 5
88 187
114 11
96 141
71 127
165 6
63 1
36 15
69 11
127 198
175 8
85 15
102 5
40 41
191 7
139 5
85 6
80 132
137 10
57 174
115 191
81 108
85 18
144 1
32 169
167 2
141 3
123 6
27 65
9 15
166 12
117 15
46 147
59 76
143 1
53 131
56 12
122 15
37 105
38 121
155 176
104 170
61 5
43 15
58 11
105 16
152 14
109 11
178 195
84 132
89 136
9 10
81 120
68 175
129 3
27 171
42 158
87 2
82 87
91 199
50 9
47 119
68 158
170 189
45 146
37 158
37 12
76 4
64 4
33 16
73 113
182 5
123 156
129 199
101 5
24 57
184 11
111 161
30 8
124 158
73 118
102 3
27 170
109 1
67 17
90 114
34 6
126 148
119 159
113 18
101 135
51 92
79 126
52 3
80 92
119 2
22 99
45 93
102 10
100 115
46 168
54 2
119 135
110 141
179 15
118 0
68 8
132 158
35 184
108 14
75 148
168 3
170 2
23 188
108 16
97 1
113 170
64 15
98 11
116 150
24 199
62 17
64 139
54 108
27 41
101 139
133 18
57 185
187 16
148 1
3 19
170 198
193 14
57 187
26 108
68 180
148 15
30 135
112 140
21 19
122 19
85 16
178 12
58 109
65 73
159 17
84 93
81 19
40 109
73 13
87 137
40 86
40 73
163 13
62 6
136 1
47 14
30 1
23 71
6 13
77 135
159 8
153 184
29 52
138 169
153 6
45 17
120 7
168 199
91 16
32 167
193 16
177 18
51 166
78 181
33 188
23 199
136 147
120 11
5 8
93 14
111 11
53 115
38 143
72 97
158 3
84 1
50 8
84 134
155 158
149 15
165 17
64 120
66 146
138 13
186 193
133 4
188 9
55 191
27 167
165 196
66 13
43 184
146 9
79 10
61 9
85 160
6 11
61 13
89 127
106 192
98 182
84 15
1 12
79 0
1 19
164 18
192 15
97 112
35 17
77 128
126 12
31 58
6 15
9 13
103 161
60 165
39 16
85 9
151 15
190 15
92 14
30 119
98 0
173 1
51 195
160 1
161 197
86 9
24 17
73 95
49 89
50 144
97 19
56 18
66 164
130 196
116 5
71 109
109 147
170 199
25 51
26 1
158 15
199 11
108 137
78 15
60 177
118 12
181 191
61 127
21 46
93 171
70 156
23 9
89 15
132 9
26 84
93 127
65 4
89 9
93 133
37 88
110 174
22 95
199 4
122 8
134 159
140 144
25 130
80 113
80 3
4 19
128 182
72 142
86 10
6 16
23 13
36 109
27 2
1 13
49 57
41 134
32 12
132 178
100 187
23 15
147 13
47 0
140 161
29 6
111 178
66 10
160 165
23 2
11 14
108 10
70 12
25 17
74 5
37 9
137 4
