134 0
99 7
34 14
124 4
52 18
131 11
42 83
83 7
20 157
154 9
18 19
74 8
65 128
125 16
77 12
151 11
172 0
59 133
101 6
58 19
26 7
21 5
58 7
130 9
162 174
105 128
66 5
37 15
46 135
22 100
127 1
153 4
102 6
66 108
167 10
44 194
6 12
21 17
127 196
9 15
182 8
94 5
130 17
139 10
123 7
62 3
66 3
20 38
131 4
0 14
97 190
53 19
26 6
122 4
50 10
83 12
23 114
24 97
132 4
1 9
102 124
25 115
39 18
59 139
189 14
74 11
83 90
102 159
72 0
161 6
56 6
182 15
103 113
177 15
78 166
51 74
197 11
154 12
91 133
131 5
83 17
195 8
48 188
129 134
21 6
31 98
158 188
2 6
22 120
7 16
129 167
15 19
38 2
24 6
40 4
28 3
109 6
133 7
132 19
177 1
64 11
44 8
156 12
1 5
104 128
6 10
53 54
113 1
44 17
39 15
8 10
154 183
120 19
71 4
49 9
134 9
138 15
26 11
47 98
20 13
44 16
134 11
192 13
108 155
175 181
188 5
88 18
6 19
109 14
199 1
180 6
102 5
161 4
126 4
141 13
102 114
185 11
70 14
65 6
189 5
105 3
196 9
189 9
133 4
66 122
26 84
171 2
160 187
135 11
119 14
8 16
82 11
55 7
37 0
197 19
183 0
101 8
32 140
141 2
79 11
107 4
132 12
175 9
150 8
90 120
113 4
194 18
56 156
188 1
22 187
67 123
42 84
114 5
13 18
186 14
71 141
195 16
20 18
116 6
38 18
73 197
193 6
48 163
107 13
116 11
31 14
93 159
67 176
108 148
62 19
138 191
7 10
165 195
139 0
45 121
102 141
47 112
133 6
188 8
147 13
39 17
25 82
198 1
50 6
13 17
60 94
117 6
29 92
55 66
101 11
57 78
98 117
162 16
152 2
125 9
7 13
27 33
135 13
181 12
162 4
131 16
98 17
74 0
143 5
25 16
40 6
163 4
70 92
165 8
73 194
190 12
135 2
160 0
149 4
84 186
72 14
49 152
5 14
53 12
75 10
41 14
99 14
63 118
22 0
27 5
149 18
38 9
75 19
27 17
79 4
117 192
145 11
33 9
35 19
85 9
84 8
191 14
166 180
70 113
164 12
195 9
54 7
30 188
121 149
11 19
163 15
167 16
22 16
195 19
99 10
159 2
12 19
64 89
144 189
74 106
130 14
94 18
185 16
29 81
150 12
51 12
81 0
22 4
135 7
178 2
189 15
27 4
108 16
1 14
68 2
84 3
24 19
143 17
76 19
90 16
199 9
47 10
13 14
176 7
123 4
89 4
131 10
112 16
132 10
51 14
21 135
48 2
136 13
147 0
143 10
128 6
186 5
99 1
125 3
157 176
85 2
187 5
82 8
183 186
196 7
177 19
132 11
114 11
146 14
150 0
96 11
183 6
198 9
193 7
141 19
95 12
185 15
78 9
166 11
172 181
26 17
23 170
109 10
67 8
58 65
58 60
84 190
33 6
98 12
30 117
168 195
98 163
60 13
57 160
43 18
82 19
114 13
27 129
116 8
177 7
62 163
107 15
111 4
171 1
37 10
179 11
38 10
14 15
12 17
62 135
54 2
4 14
87 106
46 5
44 3
48 18
138 6
72 18
192 7
74 145
144 194
73 3
122 2
3 5
189 16
21 100
57 17
145 12
110 130
96 3
111 145
191 15
159 171
49 15
76 199
65 141
134 175
0 13
51 148
77 11
35 11
137 167
79 14
36 7
73 1
74 19
136 15
56 13
44 81
37 3
199 17
170 196
152 8
89 118
187 10
146 2
118 4
54 109
43 91
45 15
35 16
83 0
177 13
20 98
80 5
81 8
199 11
7 14
44 19
51 19
87 9
27 168
174 12
72 7
40 5
84 18
161 5
121 151
77 195
17 19
193 194
68 85
46 12
46 9
83 152
157 19
95 154
35 1
32 172
65 18
82 9
156 19
80 95
161 180
152 19
196 10
46 16
184 16
175 13
91 195
30 52
100 15
123 5
34 12
173 1
141 155
67 145
59 11
57 161
144 12
138 13
175 6
177 195
190 5
22 2
48 132
181 19
3 17
129 133
175 4
97 133
64 115
94 100
189 10
190 11
10 14
124 15
142 15
158 10
43 105
46 129
128 8
0 12
36 188
36 95
92 18
183 4
58 0
35 10
105 161
93 7
180 3
110 3
67 82
2 9
0 1
31 17
26 82
58 163
38 15
129 1
191 2
36 13
86 183
93 14
85 16
31 49
104 0
156 6
85 177
32 5
75 12
34 1
4 9
130 18
197 2
171 6
2 5
189 12
132 154
134 15
30 182
4 6
80 6
34 13
148 196
68 179
197 9
30 45
43 11
198 7
74 133
139 186
152 3
155 15
150 10
22 46
147 16
87 110
60 2
25 47
190 16
52 7
109 4
34 17
147 191
197 12
54 1
5 9
47 7
108 10
0 7
109 131
159 5
27 9
160 5
96 4
138 11
25 17
48 13
119 10
180 5
121 1
79 3
93 155
167 14
111 149
14 19
102 133
151 1
75 112
15 18
154 7
132 5
89 166
46 19
157 16
45 9
64 12
122 159
46 18
63 0
140 10
190 13
68 13
38 162
42 3
113 6
68 18
126 17
41 11
122 17
48 91
52 4
78 13
119 173
78 159
104 19
182 0
67 142
4 13
63 12
69 1
198 6
108 4
120 3
66 141
136 190
182 6
10 12
168 14
155 2
79 172
61 99
59 16
49 10
164 16
80 3
136 191
30 32
133 5
138 3
1 12
129 9
6 11
25 138
41 92
80 12
38 151
140 179
14 17
188 17
29 11
47 18
151 8
99 138
4 11
108 115
3 18
187 4
121 12
40 8
48 10
194 15
3 15
167 18
143 16
169 5
199 15
79 175
33 13
127 6
89 2
79 91
28 183
4 15
29 82
186 15
36 12
83 18
140 7
50 16
119 5
117 18
60 172
52 87
105 8
65 192
101 14
72 164
189 2
70 104
64 16
181 1
108 123
183 3
98 129
155 8
174 16
164 4
11 16
162 1
53 107
110 12
121 14
168 19
22 6
89 1
39 185
140 5
28 76
92 4
7 8
10 19
47 9
167 189
107 19
99 125
69 14
163 1
50 7
75 167
166 15
117 7
111 7
136 9
7 17
24 18
63 15
38 192
187 18
159 8
135 16
53 65
90 181
52 13
5 6
187 17
123 12
118 195
148 14
62 14
132 156
35 3
71 139
149 2
143 12
97 138
142 7
161 18
119 7
21 8
66 19
169 9
33 19
145 10
146 19
186 13
9 17
58 18
26 18
156 10
34 8
41 0
68 148
163 17
89 7
146 18
194 7
55 10
68 110
21 3
65 10
150 5
110 163
159 7
29 4
82 195
112 15
35 18
136 14
75 1
142 11
186 4
37 9
110 15
74 18
161 11
142 10
109 145
45 86
53 0
22 17
140 13
157 15
55 19
75 11
180 19
31 105
8 19
60 16
180 2
175 176
157 8
192 6
159 14
119 12
115 119
61 17
185 13
117 178
36 87
48 19
61 15
8 13
117 15
139 154
146 10
147 6
142 146
190 15
38 5
25 60
179 198
41 166
64 8
116 4
145 7
49 124
196 13
32 57
141 18
8 17
65 101
118 130
108 2
39 105
109 19
184 3
120 10
2 11
89 99
66 126
51 11
24 12
79 7
57 8
57 1
143 14
50 139
28 60
165 1
88 155
146 160
69 13
50 4
25 11
20 52
180 9
191 9
92 125
124 187
2 14
188 12
158 1
101 4
40 122
117 12
196 17
116 3
196 2
57 120
97 7
85 6
128 12
118 10
132 141
117 172
4 8
74 5
113 189
92 14
76 4
76 137
77 16
88 10
148 167
175 12
35 2
143 151
164 14
48 59
7 18
75 6
162 6
177 8
194 17
55 16
149 170
63 18
131 15
2 12
171 14
84 1
111 10
28 10
74 15
82 117
39 10
173 198
59 18
29 0
129 187
136 193
104 9
115 137
99 175
121 15
172 17
135 14
24 135
32 2
1 10
43 6
144 19
1 2
113 19
139 18
8 15
120 7
106 12
58 14
10 16
76 10
74 143
116 17
78 5
118 9
1 3
32 17
164 3
192 3
29 14
141 15
40 16
32 3
169 4
29 1
173 8
116 15
86 162
91 19
187 16
164 194
198 17
157 10
154 169
98 139
0 6
144 3
93 0
69 170
112 14
165 193
188 7
97 5
3 14
27 18
109 155
11 17
12 16
170 2
23 19
65 68
86 2
56 0
42 7
78 110
26 13
115 5
100 1
156 9
57 3
62 65
76 5
122 18
46 149
2 19
179 188
78 92
70 3
189 194
33 83
58 175
20 154
81 9
197 4
79 6
58 88
68 8
94 7
8 12
21 173
89 17
32 139
182 10
37 4
42 14
138 4
142 13
117 154
47 161
87 11
105 13
68 19
0 8
45 17
23 0
139 153
92 19
54 17
69 8
112 6
171 19
103 13
111 0
155 1
182 2
107 11
181 14
113 180
77 127
86 18
122 11
190 17
193 9
95 14
81 19
35 5
121 2
75 9
136 7
153 11
147 2
187 193
176 17
191 17
162 183
25 124
154 18
122 188
122 5
48 67
92 12
79 9
62 175
24 64
196 1
34 2
30 116
38 19
26 175
35 14
14 16
27 8
153 6
153 8
112 8
69 174
115 19
36 125
41 5
132 17
39 3
51 184
114 14
7 12
132 163
110 123
32 101
58 8
30 14
105 4
1 11
67 5
190 18
101 18
174 11
42 13
118 131
43 173
134 152
143 9
182 12
79 1
54 10
22 10
184 7
174 19
103 6
10 18
169 15
0 4
30 60
111 132
126 6
59 12
5 15
91 194
120 14
156 14
101 12
79 169
86 3
42 4
50 9
114 137
114 18
128 13
35 140
52 8
24 2
130 177
1 7
43 7
143 6
93 19
120 13
181 8
60 18
173 174
87 15
54 9
71 89
34 57
41 196
49 192
32 18
72 11
100 4
78 10
63 2
198 4
10 11
36 197
42 81
87 10
130 16
82 12
99 3
53 56
76 93
172 9
89 8
85 123
37 8
71 5
189 17
173 7
54 6
78 104
193 1
41 7
125 18
38 6
67 18
24 37
79 156
147 1
24 17
155 11
102 12
33 4
153 2
86 14
174 197
57 6
46 17
44 9
20 16
180 14
136 16
91 197
83 14
96 19
124 148
26 15
95 7
101 13
36 124
82 180
0 15
36 54
106 9
32 92
85 116
11 12
140 145
28 2
185 0
25 111
152 0
178 16
28 16
72 81
73 12
137 4
138 14
89 100
170 10
118 196
45 158
44 15
179 3
124 12
100 8
72 2
153 18
186 8
125 167
74 157
71 15
114 9
24 8
92 16
102 4
182 11
25 19
48 15
85 12
44 72
147 5
67 196
128 10
70 141
105 9
139 19
109 15
103 174
51 15
135 4
20 12
190 7
162 3
26 10
17 18
170 183
177 186
49 147
95 19
79 105
109 0
150 1
33 1
98 115
8 9
85 117
198 11
29 15
80 19
70 6
146 6
25 18
50 2
155 6
109 9
71 98
95 6
41 108
83 149
70 78
119 170
77 4
91 111
126 14
65 135
136 19
39 121
127 142
20 4
9 12
24 11
68 5
76 6
80 10
4 7
90 116
4 18
24 7
137 0
34 133
135 0
9 19
124 17
133 181
117 17
33 10
116 5
174 14
170 16
95 17
61 14
142 0
131 8
79 98
45 18
87 168
2 16
134 144
172 11
191 4
90 160
185 3
197 16
111 2
170 8
113 177
111 131
136 0
109 12
181 13
143 4
69 82
0 18
145 15
86 0
132 6
85 161
132 15
95 0
5 16
155 14
15 16
69 107
75 173
127 16
107 18
80 128
43 44
131 182
175 16
69 2
52 17
150 7
82 185
83 177
136 5
44 11
29 190
51 80
92 9
102 3
32 8
76 7
123 171
24 10
120 138
74 98
170 15
65 155
129 5
30 13
96 8
175 10
133 141
39 46
184 18
31 154
84 89
48 14
50 130
108 146
111 6
1 4
63 13
175 15
45 5
119 11
96 176
5 12
138 179
81 15
79 2
89 11
167 9
107 1
109 118
51 4
0 5
29 187
199 10
104 5
130 4
145 9
179 9
142 18
93 16
81 102
173 4
108 165
128 4
92 11
76 1
150 17
83 10
22 5
88 134
144 9
166 5
48 7
137 7
56 17
91 12
165 14
44 5
199 8
116 14
29 19
54 112
50 93
154 15
189 11
38 1
182 194
74 101
39 56
52 11
97 186
154 2
141 10
171 4
72 142
198 18
72 12
167 4
179 12
129 141
39 82
63 9
194 6
109 8
44 0
34 126
165 19
64 132
120 181
198 14
38 13
87 4
42 6
125 168
47 4
85 87
102 2
180 8
3 12
31 11
133 3
68 167
191 6
121 154
11 18
150 183
113 15
72 16
126 15
47 12
191 12
162 5
37 12
40 134
151 9
151 0
7 15
126 171
104 182
91 192
58 5
68 14
157 194
27 10
77 1
178 4
176 13
105 16
170 4
139 16
43 181
196 5
103 16
110 11
72 17
45 51
81 14
11 15
100 16
74 6
140 16
54 15
43 1
163 19
28 6
164 2
116 0
161 10
148 3
16 17
149 0
36 17
55 57
45 170
83 125
193 3
76 2
140 160
33 131
49 2
90 2
79 199
99 13
6 15
83 16
142 8
155 19
79 19
72 8
52 19
42 97
45 107
174 2
51 173
10 17
186 16
164 7
57 4
46 132
133 8
49 61
113 3
81 101
58 129
29 9
0 17
57 7
5 18
87 17
66 10
162 19
48 12
60 67
47 2
151 2
65 7
28 1
173 3
87 155
96 104
42 90
133 17
195 11
163 180
88 7
22 13
73 100
125 129
53 16
36 18
72 115
104 10
50 119
86 1
52 10
30 130
41 16
148 10
35 77
148 19
168 10
38 90
107 8
131 18
30 16
180 15
1 17
185 2
24 181
130 6
175 187
80 8
125 137
117 155
70 196
154 0
50 15
93 173
0 11
46 8
23 48
93 8
141 167
41 110
100 7
45 0
64 0
172 4
197 15
35 96
152 6
104 3
124 169
52 179
98 16
27 2
69 3
2 7
121 13
66 142
63 196
37 53
94 12
104 166
168 18
6 17
196 15
63 16
170 0
166 4
158 15
137 3
155 4
41 57
37 1
12 18
105 5
59 117
40 14
87 0
144 16
162 0
30 118
29 188
71 154
167 6
65 162
59 2
6 16
138 8
123 1
190 9
183 9
59 14
164 5
174 5
72 3
9 13
55 190
29 12
114 12
195 5
84 4
76 8
158 3
33 12
3 13
99 19
28 7
154 14
127 15
120 15
51 3
163 9
41 8
53 9
28 12
68 7
191 5
176 0
36 4
153 12
109 149
105 17
104 152
86 4
97 15
45 10
168 6
0 2
128 16
51 7
173 16
98 152
60 151
31 7
158 180
149 1
159 6
110 173
137 11
41 180
20 7
39 117
48 128
94 3
92 185
174 6
59 9
51 10
70 8
140 12
94 19
64 3
53 3
27 32
6 8
43 19
38 17
157 12
5 7
92 112
95 3
101 19
117 1
54 69
171 11
26 198
33 3
41 6
3 10
172 10
86 10
76 98
65 12
91 1
177 182
22 128
145 5
21 68
164 18
39 112
37 2
193 13
23 110
186 17
64 9
60 3
25 123
105 141
21 14
116 19
90 19
69 11
186 19
42 0
59 1
107 136
86 89
184 12
44 52
110 8
77 3
142 2
62 171
44 6
16 18
99 18
150 2
81 116
34 134
29 7
30 3
39 47
33 38
112 18
160 17
100 11
32 15
44 12
149 6
99 133
66 15
69 144
117 13
56 10
173 19
96 9
107 5
63 172
173 0
136 4
145 193
104 8
83 4
63 194
20 35
127 11
127 10
82 3
85 15
82 5
127 5
32 162
67 106
162 13
129 7
156 7
58 118
36 3
130 195
85 151
163 11
65 16
78 126
48 82
39 19
86 169
125 5
124 10
181 2
77 18
71 13
31 133
41 193
21 44
157 6
152 1
30 195
91 11
60 141
34 170
106 17
62 187
28 19
24 117
49 122
45 65
93 13
147 7
7 9
134 1
25 10
21 9
195 2
183 7
162 18
50 19
171 9
76 11
12 13
20 141
49 16
3 8
12 14
91 3
142 167
33 7
4 17
77 14
155 9
146 13
81 18
91 15
5 10
95 8
82 100
9 16
61 131
169 12
6 14
105 124
61 5
138 17
54 13
6 7
36 2
54 139
49 13
44 10
71 0
7 11
169 1
165 199
189 7
117 11
83 5
45 160
102 163
177 14
24 16
3 6
176 2
85 19
89 187
20 150
51 2
126 5
115 12
131 9
197 13
77 6
73 8
116 10
195 12
128 2
140 0
75 2
102 7
48 17
70 4
121 3
25 15
97 11
158 18
57 5
144 148
36 159
40 19
22 41
20 3
3 19
60 11
68 4
83 130
185 191
38 104
53 6
173 15
101 1
108 164
74 132
6 9
85 4
123 157
127 7
187 0
171 10
159 9
45 56
97 0
60 0
113 14
74 2
27 174
56 149
52 2
102 1
85 10
157 5
41 162
36 9
118 14
145 8
141 17
95 116
146 17
107 7
179 0
179 187
16 19
48 6
104 6
192 14
113 9
61 3
119 9
14 18
138 9
108 11
6 18
58 167
31 18
83 164
194 19
122 8
72 152
161 12
130 12
63 11
97 9
71 76
155 175
101 17
45 6
68 3
178 189
49 17
160 18
72 5
65 5
194 0
53 118
72 19
61 75
61 152
158 0
62 67
31 120
79 17
177 191
81 16
126 11
5 19
45 46
194 11
73 5
72 178
96 111
149 19
27 1
66 172
135 18
84 136
109 13
55 14
24 1
126 2
32 19
56 197
3 4
125 11
6 13
122 10
55 6
113 119
99 0
119 16
155 18
186 0
8 11
87 13
160 7
36 15
43 8
61 7
42 10
5 17
113 17
82 132
50 18
118 185
3 9
176 12
129 13
37 164
166 18
122 178
102 140
119 165
88 176
103 3
173 2
25 35
172 19
3 16
106 5
70 7
47 190
144 1
84 0
21 93
149 13
152 175
2 4
124 19
84 19
0 10
150 11
71 133
111 171
156 183
84 12
58 78
123 196
179 10
141 1
185 7
34 11
160 2
112 19
127 13
183 16
38 7
80 1
144 0
151 5
96 14
148 11
98 7
57 14
186 10
131 3
149 8
123 0
144 7
121 17
88 12
32 123
55 9
54 102
60 15
158 171
113 2
47 151
87 99
59 17
115 1
38 14
180 11
199 16
107 14
63 97
99 4
4 19
96 119
92 192
87 161
12 15
169 188
98 1
41 3
128 0
105 6
113 13
185 19
35 43
192 10
49 1
114 7
168 16
86 15
178 1
46 2
31 8
25 5
69 18
182 18
65 123
90 18
103 1
69 10
150 4
55 11
101 5
94 11
42 108
174 18
53 1
58 4
31 38
1 16
48 1
152 17
183 10
36 6
130 7
29 2
107 12
71 126
121 4
170 1
21 4
41 12
50 3
140 8
184 14
27 13
7 19
192 9
80 7
128 5
1 15
48 140
78 4
90 8
157 3
54 16
146 177
142 6
56 178
109 16
61 10
170 5
168 17
159 186
49 6
78 134
59 197
124 16
171 3
174 0
178 12
51 126
45 8
63 3
67 19
45 118
189 19
58 6
44 18
126 1
82 17
84 6
48 189
177 5
44 105
90 10
3 11
138 2
22 8
24 188
187 8
47 17
44 7
118 6
22 18
75 124
120 9
92 114
113 11
190 14
93 1
100 155
88 4
125 144
39 53
23 14
128 132
152 7
139 159
13 16
108 3
48 170
78 15
76 131
114 189
38 139
176 15
137 140
128 18
99 12
41 190
129 2
38 12
74 10
123 141
9 10
73 85
191 18
132 18
193 15
74 1
75 194
33 49
168 8
66 4
36 117
163 13
42 186
2 13
138 0
101 140
20 130
105 19
59 6
40 108
151 17
20 6
22 59
48 175
134 13
54 3
98 19
65 3
98 0
80 116
60 192
131 144
66 9
151 12
66 11
188 6
23 47
169 184
91 135
119 17
66 17
124 11
45 14
9 18
142 152
33 5
152 12
11 13
199 5
103 9
119 13
23 177
108 7
192 17
47 5
146 172
39 6
2 17
131 0
20 2
188 15
189 0
39 12
126 3
43 196
132 1
128 17
112 189
168 2
54 0
31 3
76 111
146 3
4 16
35 7
160 12
59 0
184 13
111 133
57 121
86 141
89 14
91 2
32 12
119 2
107 2
158 2
196 11
134 19
122 12
0 3
100 12
89 18
109 2
23 9
62 73
133 9
71 123
27 14
143 0
5 8
40 75
37 13
4 10
26 155
47 181
146 9
1 8
65 169
76 13
155 17
93 5
66 13
139 140
58 99
178 17
92 7
67 13
127 4
49 12
43 133
138 12
167 12
87 184
181 16
192 1
175 11
165 13
150 9
43 152
123 163
37 6
158 13
25 4
83 118
34 65
103 18
150 19
140 156
27 43
44 65
169 193
163 3
36 161
125 2
42 9
64 15
169 6
58 147
176 18
62 8
33 61
145 4
66 80
118 172
189 3
126 19
167 15
104 16
9 11
150 3
174 1
23 3
133 0
104 12
70 19
87 1
39 16
86 11
23 13
59 180
67 107
131 19
188 19
56 169
117 191
32 64
112 2
2 18
38 4
45 166
137 2
61 179
109 164
148 0
98 4
176 4
1 19
96 12
96 139
56 158
175 177
4 12
52 1
177 11
30 8
88 15
174 13
136 173
22 19
173 6
141 12
55 18
122 7
52 6
137 19
26 3
51 72
121 185
167 7
178 14
181 6
114 0
160 8
103 12
10 13
145 18
88 19
192 4
183 14
100 102
165 3
82 6
162 14
26 1
89 6
159 0
90 0
76 0
58 2
5 11
84 99
107 0
176 10
116 2
138 148
118 173
134 146
56 16
58 80
82 7
132 7
118 7
77 159
57 15
125 1
46 4
32 16
46 109
47 54
44 88
68 10
63 10
64 88
98 110
135 197
66 175
104 135
88 17
162 7
75 5
144 5
193 17
61 13
41 126
169 172
185 14
130 2
58 3
2 8
79 15
150 6
98 192
34 5
142 17
82 1
69 17
151 19
81 6
22 12
70 11
119 8
157 4
58 103
50 0
41 76
171 17
74 179
97 4
188 11
111 15
63 6
96 2
91 4
25 2
158 11
102 9
192 18
182 5
139 8
105 180
100 0
28 5
66 7
91 7
44 151
161 9
187 15
159 4
24 13
163 12
189 1
87 107
0 9
166 17
34 6
50 79
108 13
45 99
161 7
40 92
135 10
54 4
49 111
15 17
60 17
78 6
58 16
99 16
66 8
36 5
152 169
53 13
73 2
133 2
138 19
90 133
125 7
174 15
133 160
123 11
80 4
193 19
99 9
60 5
142 9
153 10
49 140
155 7
64 13
150 13
28 13
30 12
81 110
156 18
69 5
123 172
163 10
81 92
135 6
80 178
1 13
70 100
187 19
52 76
115 156
156 177
73 4
106 2
112 0
134 156
29 80
67 90
121 6
116 9
55 13
41 174
74 87
55 184
13 15
106 4
23 10
35 89
121 9
63 17
121 173
107 10
93 17
182 4
59 174
78 3
141 147
31 168
90 6
68 9
94 13
80 9
100 3
81 187
53 139
146 1
148 4
191 11
47 15
26 62
4 5
143 179
1 18
111 5
55 103
52 12
35 6
34 148
2 10
101 9
143 7
25 7
133 15
181 18
134 141
101 132
83 13
38 8
48 4
107 197
160 1
43 53
144 2
178 18
162 15
110 17
65 2
76 175
149 17
107 6
80 16
112 12
54 145
95 4
169 3
50 12
137 10
76 125
144 6
40 17
143 2
76 17
123 9
101 10
62 83
142 12
122 19
9 14
83 6
25 12
11 14
60 119
110 0
94 9
166 19
194 16
199 7
44 13
70 77
158 8
56 172
161 192
103 148
69 9
178 5
64 7
52 14
157 1
170 181
26 137
67 98
37 146
141 5
39 111
42 142
30 9
64 1
155 0
32 4
39 104
121 19
0 19
70 16
195 18
73 11
13 19
81 17
82 14
182 198
51 0
186 2
129 3
111 9
0 16
41 9
127 0
37 16
102 15
148 17
146 4
21 176
105 154
104 13
72 1
170 17
72 180
42 17
130 193
123 170
177 4
78 194
106 15
120 17
169 7
75 137
153 15
82 18
36 8
138 5
64 18
33 0
84 13
79 18
133 16
91 10
103 7
92 191
155 3
107 9
97 8
36 19
33 35
56 106
163 7
27 11
171 176
117 16
41 13
42 48
167 19
80 13
156 5
195 3
157 7
85 8
139 5
115 6
91 5
105 118
157 18
94 129
72 141
127 18
161 16
