128 12
69 5
141 164
29 56
190 7
152 6
116 160
156 199
42 6
184 0
74 12
181 13
80 0
131 15
99 149
68 122
107 167
28 181
157 12
40 95
199 13
39 14
26 69
39 103
148 163
79 132
31 10
34 19
184 1
72 98
59 196
101 15
106 10
188 15
33 9
73 146
73 93
130 190
29 115
118 149
42 15
8 18
46 8
72 77
37 13
4 10
100 18
158 2
2 14
1 4
138 13
129 8
155 4
118 0
158 12
164 15
58 192
108 119
65 18
184 12
27 185
179 19
155 14
66 8
148 7
103 10
41 13
88 13
27 83
179 7
2 11
49 113
60 2
105 191
103 151
185 6
157 168
63 128
101 129
25 9
58 126
32 186
47 11
67 11
27 15
35 5
136 5
76 142
197 12
154 4
159 10
45 170
32 13
130 10
148 19
59 139
118 174
109 16
29 169
88 17
29 16
102 1
35 1
198 4
74 1
132 135
105 6
141 3
189 0
171 7
153 6
109 1
139 11
168 174
143 149
191 6
121 14
55 1
139 173
170 17
39 171
24 40
50 10
169 6
44 8
56 14
134 9
84 19
99 19
115 9
0 11
133 18
4 7
10 14
27 12
154 180
111 2
37 54
100 155
20 72
58 0
160 15
175 19
134 17
29 19
137 19
64 16
150 3
75 10
79 124
97 132
113 19
138 186
171 13
56 12
97 1
118 2
104 13
109 15
151 8
98 13
31 4
50 91
103 15
74 154
40 90
73 9
129 15
143 3
154 12
47 6
59 1
199 18
184 19
37 51
184 6
82 7
95 1
168 4
163 7
48 54
14 16
35 194
92 135
13 14
23 19
173 12
145 191
38 103
110 123
42 121
182 18
81 123
100 12
39 96
123 195
138 14
98 16
164 10
158 14
138 163
149 16
172 194
160 4
108 142
73 192
166 5
197 7
199 15
121 4
115 2
61 5
59 12
81 5
107 14
66 164
139 15
53 54
99 7
24 57
124 15
178 3
127 17
22 0
129 172
82 158
116 15
94 194
94 10
132 0
113 197
101 5
24 9
147 10
39 144
63 19
35 10
98 6
189 7
133 143
50 5
59 16
11 13
20 8
120 17
75 101
132 3
25 13
131 14
169 2
99 0
93 18
120 131
130 6
37 73
37 17
150 1
105 4
194 18
168 3
83 16
105 159
65 6
33 4
33 11
77 15
32 11
64 139
195 14
173 11
32 0
87 191
75 13
24 133
139 8
187 16
149 1
139 155
151 12
131 7
3 4
36 9
30 129
78 17
138 11
114 14
199 2
32 9
33 7
91 11
162 19
129 2
25 39
38 151
122 11
11 14
148 8
61 147
21 10
14 17
131 12
122 165
22 52
158 17
70 4
128 17
81 142
194 9
172 173
176 19
57 2
138 1
57 5
23 6
113 182
106 112
51 58
88 0
45 7
145 195
30 55
45 5
184 15
9 15
27 16
67 84
55 11
64 7
70 155
5 7
43 86
115 7
8 19
168 18
69 102
173 8
95 3
57 90
190 13
152 18
93 116
38 17
98 162
117 186
194 15
9 11
20 195
192 19
23 13
120 19
124 199
56 169
101 198
97 119
195 19
77 179
120 193
136 9
123 12
37 3
73 1
93 170
169 15
49 161
29 125
195 17
80 18
5 17
23 18
55 10
35 13
53 7
34 12
27 168
63 15
183 17
165 3
90 14
106 144
126 183
185 18
106 15
165 16
24 18
76 3
62 17
140 7
44 3
50 19
32 140
1 18
46 6
98 156
136 199
69 72
40 143
74 13
121 17
96 112
47 147
63 0
130 12
80 9
30 8
32 98
107 18
31 116
125 188
45 156
176 0
75 168
114 131
35 166
68 77
72 11
148 4
174 11
43 13
57 17
87 5
40 19
57 178
165 2
25 6
33 47
73 7
164 2
50 131
60 125
106 150
90 3
179 13
51 9
38 139
172 16
12 14
85 8
38 9
73 124
98 124
197 2
45 125
134 1
9 18
169 14
88 105
123 4
22 3
103 187
84 106
181 9
162 8
74 116
70 6
80 10
140 171
56 146
137 187
110 5
41 8
135 0
56 8
43 180
75 4
38 117
126 5
36 6
59 14
182 9
129 159
181 7
142 13
99 143
163 191
29 41
102 10
90 18
165 9
120 6
193 7
71 10
69 153
185 189
30 113
57 199
113 13
93 193
89 0
17 19
68 160
113 139
113 183
194 3
90 7
117 15
159 18
53 6
35 18
178 184
20 107
78 4
94 14
195 9
0 16
23 9
83 13
113 2
121 15
196 16
131 167
34 3
196 4
178 19
51 146
111 16
76 97
182 195
178 17
103 13
183 11
118 165
96 2
37 153
71 154
40 0
120 11
99 163
154 161
196 10
154 10
143 1
30 10
150 18
165 15
154 18
42 17
143 6
175 16
186 1
26 178
12 15
100 15
96 1
23 7
115 13
67 0
23 2
2 16
182 16
104 18
10 18
179 1
58 14
40 10
177 181
10 16
9 13
93 2
8 14
96 17
68 4
131 5
65 1
45 0
185 15
90 2
21 1
22 114
47 16
196 18
37 60
22 7
118 124
102 3
137 0
114 5
189 12
139 164
166 19
168 6
75 19
195 1
58 13
147 9
45 173
39 148
4 6
43 182
154 19
118 135
62 0
34 10
61 9
195 16
87 167
183 9
89 9
111 117
59 192
25 1
116 8
178 18
104 167
157 3
130 3
78 19
59 66
120 4
69 77
138 17
148 5
128 14
20 21
85 17
107 16
119 169
118 10
31 167
167 11
52 6
118 4
50 6
187 0
36 60
190 8
68 15
183 0
149 7
33 36
40 9
58 194
179 18
125 129
22 193
80 3
111 160
74 19
62 10
37 77
63 12
51 0
37 5
46 49
154 17
177 0
164 0
94 103
156 6
36 179
117 7
169 0
39 9
143 17
77 19
122 7
0 15
73 16
50 18
68 117
148 1
46 121
185 186
13 17
75 153
64 103
68 18
87 4
152 9
118 15
57 8
24 2
49 55
71 144
42 14
90 197
125 199
2 18
43 4
49 9
186 0
28 172
165 4
72 15
55 115
12 19
103 19
87 19
3 6
58 190
47 50
101 8
130 145
130 7
137 14
21 13
37 9
92 18
21 18
174 184
135 175
143 12
105 11
117 19
64 104
31 80
68 11
70 1
159 178
0 14
46 9
182 8
68 116
171 175
46 15
36 13
71 17
30 49
171 2
107 143
181 12
58 75
152 15
58 1
139 12
159 16
58 79
122 14
28 72
26 6
60 12
149 12
120 158
101 128
25 16
199 6
177 1
72 7
175 15
172 10
63 8
132 140
49 62
52 5
58 11
21 9
40 134
108 141
54 6
34 4
131 19
116 146
85 14
84 9
149 3
80 114
163 11
125 127
190 4
159 189
6 9
62 2
43 105
194 13
183 5
49 12
60 14
182 14
44 86
26 42
161 15
12 18
106 182
131 146
96 7
87 155
58 8
134 4
92 7
170 18
57 189
25 38
138 6
180 13
68 140
45 19
62 12
145 5
119 0
30 36
1 5
6 13
71 15
30 150
55 83
143 13
133 2
185 10
57 7
189 1
148 167
141 2
39 18
47 15
68 88
142 148
143 159
40 4
86 152
103 116
121 7
56 95
164 8
61 14
73 3
174 7
84 15
71 7
76 16
79 16
144 8
56 187
133 7
130 138
91 9
38 61
63 17
161 0
58 15
47 7
90 10
145 193
86 14
184 13
112 145
33 8
2 17
60 4
83 188
164 182
187 10
107 6
110 15
91 197
62 172
1 14
179 6
151 159
47 4
27 6
111 6
43 3
92 13
36 138
111 150
131 13
93 7
133 11
109 182
85 181
55 145
170 7
104 9
8 11
86 0
72 6
107 15
70 5
115 147
188 3
138 156
55 9
20 3
47 5
136 13
67 7
49 13
109 14
46 11
55 0
22 16
172 11
116 178
149 4
145 11
143 4
77 144
56 16
101 153
137 9
38 143
1 11
74 150
172 19
125 13
194 2
187 7
86 105
86 104
185 4
8 15
162 15
182 19
66 6
101 166
135 149
147 6
82 6
185 3
142 9
67 1
20 29
25 66
31 155
38 3
69 17
60 178
121 3
133 14
182 2
81 13
163 10
80 8
119 13
147 18
61 1
124 16
65 4
34 79
86 9
166 4
28 13
140 2
40 130
64 4
135 19
144 18
58 10
80 16
46 19
172 15
32 3
121 5
71 18
112 10
54 3
128 13
4 11
40 13
81 3
147 153
39 184
102 8
193 11
56 19
93 13
182 13
151 17
31 19
107 0
44 157
38 13
35 122
2 7
198 18
45 11
5 19
36 50
137 140
43 11
104 19
139 16
120 168
36 157
32 16
71 6
83 159
177 17
38 70
153 16
178 180
122 17
47 86
143 147
112 198
89 17
106 12
96 11
103 7
141 15
31 16
110 19
82 13
150 19
38 12
5 14
107 1
117 12
93 16
58 138
187 19
141 185
26 7
5 9
91 18
115 142
41 9
43 151
131 181
93 126
59 121
63 1
106 188
97 17
160 189
128 7
192 10
197 14
129 5
123 17
177 11
58 17
95 2
42 18
27 13
151 14
184 14
75 2
13 16
195 18
111 8
157 19
34 121
65 12
38 7
28 92
58 16
139 194
52 7
107 13
73 189
124 4
57 14
122 18
49 165
87 17
22 15
135 9
119 4
39 143
8 16
116 140
56 18
88 12
141 0
161 18
143 14
38 0
5 12
171 11
8 17
35 11
21 64
134 8
41 14
35 193
166 7
3 5
15 16
58 136
161 19
48 8
96 15
32 149
186 10
25 36
31 2
29 183
191 2
97 11
84 7
172 3
173 18
23 1
150 4
5 16
103 188
46 57
114 16
106 13
74 9
125 7
155 6
125 6
40 114
169 17
162 18
70 9
142 7
116 132
62 118
193 6
120 15
52 9
3 15
127 180
170 10
48 150
69 88
44 13
65 0
113 131
176 6
75 111
64 124
104 0
155 17
39 51
103 6
52 109
60 7
196 0
77 2
6 17
148 6
193 4
128 194
75 6
138 7
55 119
171 3
69 6
173 10
72 144
112 7
163 2
82 19
133 197
49 67
185 195
20 18
40 17
34 69
34 5
156 17
191 4
28 12
70 8
147 11
91 14
68 7
32 147
147 4
125 18
106 0
118 13
61 19
25 18
103 115
41 182
121 6
165 8
112 4
100 122
158 193
75 77
21 0
119 1
81 12
25 109
127 9
108 7
102 14
32 2
61 6
125 2
102 187
44 99
114 175
68 186
87 99
23 159
151 161
142 17
174 15
9 14
70 111
56 86
33 37
60 96
21 142
26 115
55 198
29 98
89 16
2 8
10 11
89 13
98 10
121 176
174 192
42 4
40 96
176 4
138 157
191 18
183 4
147 7
86 156
119 17
167 15
31 186
50 17
59 75
63 163
78 105
120 197
176 8
133 12
48 3
57 12
30 44
166 0
149 14
105 152
166 12
0 9
74 7
187 1
22 24
100 8
101 3
29 73
125 161
27 1
139 10
46 152
184 5
62 112
46 158
96 12
112 192
180 2
169 13
83 8
86 198
92 12
20 10
25 3
181 10
45 16
85 9
61 7
151 164
180 0
156 18
15 18
155 12
23 27
178 10
82 141
163 9
112 16
108 174
63 162
72 139
144 3
8 9
34 165
197 4
43 14
40 152
11 19
27 34
148 198
43 15
144 6
0 6
34 7
164 4
126 2
44 17
119 11
44 127
2 13
82 11
5 13
186 14
130 4
185 7
60 116
64 164
148 149
140 18
46 48
8 10
125 9
120 1
120 9
185 8
9 17
83 18
68 123
159 14
147 151
136 4
75 114
54 169
87 112
42 11
128 9
92 132
0 4
130 11
154 9
112 120
115 127
150 15
21 5
147 8
67 14
62 4
44 12
4 19
75 18
92 9
156 15
85 18
106 1
31 6
143 152
65 99
104 11
167 3
20 1
33 40
102 177
47 197
198 17
135 1
135 6
147 0
182 17
23 14
172 8
39 8
120 2
86 182
68 16
99 113
123 14
185 5
68 2
94 140
78 15
81 197
53 4
84 185
149 8
49 10
114 18
193 196
30 169
62 7
146 3
78 11
34 124
176 18
73 11
83 12
197 10
60 3
59 8
85 16
4 5
86 19
74 10
174 8
187 13
61 103
135 3
161 11
69 15
2 5
32 6
49 79
148 14
88 5
26 1
38 15
71 3
173 13
27 41
20 17
98 9
6 19
56 3
61 2
115 1
49 152
31 0
3 12
199 7
145 18
151 11
47 108
41 17
81 11
55 12
5 8
167 182
35 17
77 13
115 10
10 15
84 129
152 4
108 12
177 13
157 2
125 0
157 9
168 10
35 2
166 8
48 2
178 16
94 18
111 10
35 87
57 132
89 168
59 149
156 190
158 10
84 6
127 0
7 10
170 11
48 9
49 7
110 3
134 11
134 3
142 12
160 3
107 12
100 16
70 174
75 11
111 112
168 13
171 9
35 85
3 16
0 19
87 0
193 12
95 17
159 1
191 7
121 18
42 2
121 192
73 2
22 30
91 10
115 15
48 77
70 150
97 181
117 163
189 5
55 154
3 8
192 0
156 175
77 16
166 18
115 182
41 154
67 4
66 124
199 0
9 16
109 11
34 16
60 97
45 97
127 16
4 9
25 7
89 174
41 4
99 102
145 13
69 146
59 17
138 16
82 124
135 12
64 13
76 0
173 6
3 14
187 199
102 11
152 7
84 12
142 18
138 194
52 1
91 158
53 5
49 93
20 122
24 13
52 71
140 199
109 6
111 12
132 15
32 19
103 11
26 4
54 115
124 12
99 189
195 3
41 15
80 12
106 18
58 65
4 13
22 8
20 28
45 71
20 11
97 9
142 19
197 6
35 12
4 15
195 6
139 9
187 2
120 125
105 5
30 2
171 18
100 17
198 3
122 154
98 3
23 167
99 15
23 173
123 7
128 11
113 192
141 13
36 15
35 197
50 94
67 169
34 14
69 192
6 11
27 17
169 9
61 125
170 13
50 169
162 1
173 15
23 4
42 105
56 0
163 6
66 2
95 15
28 98
43 6
62 121
164 19
126 3
122 12
23 46
92 2
133 9
167 17
148 0
68 14
107 121
56 85
44 171
151 10
50 59
97 14
169 187
175 3
74 16
136 3
79 140
141 1
195 11
28 174
30 126
41 7
13 18
37 196
152 1
21 115
57 144
120 8
110 6
48 10
115 4
106 176
186 13
164 16
77 107
153 177
103 5
84 126
94 15
170 8
148 15
195 10
63 4
87 149
99 1
165 14
154 11
45 10
29 51
121 154
51 1
162 14
30 74
71 14
132 17
59 13
87 130
29 108
27 0
147 14
134 199
117 9
78 16
96 10
164 17
103 12
165 178
14 15
181 1
166 15
174 0
136 15
116 148
183 18
177 8
39 6
69 118
2 4
100 2
196 19
114 1
77 18
7 19
54 130
112 174
172 12
178 5
99 105
45 177
49 1
62 139
96 18
10 12
27 18
23 130
76 183
63 139
99 4
83 7
171 19
71 19
104 1
63 167
145 2
33 99
123 19
53 58
122 5
43 90
97 12
122 1
198 16
171 172
199 19
112 13
129 7
78 125
7 13
60 11
193 14
174 9
97 15
0 10
163 19
25 113
62 3
30 107
176 1
64 19
66 1
109 19
81 10
72 99
161 17
104 117
115 193
117 17
166 16
54 127
22 80
144 11
41 10
22 13
111 3
161 9
182 5
36 3
47 14
47 198
82 14
88 182
36 14
95 132
80 88
79 6
72 16
155 167
70 13
33 17
52 12
11 18
171 1
28 40
147 17
118 17
108 13
167 14
84 18
178 2
106 8
50 7
93 179
69 157
51 11
50 15
7 12
94 9
0 12
142 2
73 133
117 0
154 13
148 197
101 2
192 12
47 165
3 17
23 16
5 6
193 10
43 18
141 16
58 198
14 19
55 159
55 2
170 186
28 4
21 2
54 11
180 16
96 19
191 16
142 15
70 12
1 19
72 17
154 5
192 3
92 6
187 17
1 6
139 5
151 196
98 146
188 16
83 10
117 11
25 91
112 1
83 17
80 117
72 8
4 14
58 3
180 15
87 15
102 12
59 177
24 48
27 114
84 13
152 16
140 19
73 10
30 12
111 11
37 11
29 3
109 179
58 59
77 155
66 103
87 18
90 0
71 11
42 5
59 130
63 7
113 6
91 13
99 179
87 119
57 4
1 15
146 1
130 197
62 194
161 4
177 18
190 5
28 88
121 16
3 10
24 10
173 3
7 8
36 2
96 6
85 5
86 181
158 189
180 8
138 2
197 8
63 14
23 146
119 18
117 1
24 0
26 12
109 7
67 86
143 15
40 3
129 17
25 64
162 0
113 11
68 8
88 93
188 12
43 188
166 169
126 13
176 10
96 14
84 195
116 9
192 15
64 121
116 0
54 10
35 138
87 90
189 18
84 164
90 5
182 1
85 7
154 3
63 193
36 7
30 53
25 148
31 57
38 6
103 18
118 137
43 143
28 10
31 49
186 4
162 10
137 190
59 7
47 189
105 7
78 130
91 105
46 14
51 108
187 3
86 16
123 16
73 159
132 6
20 158
2 9
101 14
154 16
144 1
94 13
163 12
20 84
23 180
193 13
57 9
3 9
185 13
25 4
67 176
40 12
121 8
46 18
74 81
22 49
157 7
155 16
70 15
38 10
46 65
89 19
135 198
191 5
169 12
3 13
129 1
123 198
8 12
80 5
137 8
132 4
117 14
66 12
143 16
55 13
197 1
191 11
118 11
42 19
144 9
148 18
29 2
95 12
124 18
175 17
141 19
85 99
107 8
20 7
24 15
168 0
7 18
146 8
52 63
92 4
64 150
62 178
98 190
157 8
71 16
1 13
35 142
11 16
97 16
45 9
160 19
1 7
133 6
159 173
70 0
194 11
85 196
142 4
28 5
116 2
169 176
28 17
183 15
87 10
97 19
89 2
46 1
86 1
50 149
7 16
47 2
88 10
146 155
132 2
3 7
51 4
107 7
57 60
64 8
148 9
73 129
127 8
7 14
0 18
174 13
27 129
49 8
75 12
157 10
4 17
85 164
168 17
72 4
101 4
3 19
6 16
120 5
33 19
140 13
180 10
114 0
99 8
40 18
154 6
137 16
58 9
191 8
133 16
144 16
54 12
192 6
138 5
114 4
40 14
72 14
132 137
58 153
104 152
48 15
0 7
164 3
71 0
0 5
65 187
39 12
8 13
30 15
63 194
58 118
114 116
124 157
135 8
98 12
11 12
129 16
101 131
190 15
113 137
44 50
171 190
66 74
21 102
163 1
51 5
58 143
146 2
2 10
168 11
62 70
190 1
60 0
128 15
96 150
116 16
105 15
162 193
140 3
171 15
86 128
21 14
117 10
1 2
51 156
61 187
100 19
191 19
111 4
189 2
29 141
125 16
2 19
117 151
69 0
196 11
71 9
53 15
153 17
20 9
173 17
73 137
24 8
132 9
174 14
104 16
168 19
125 10
107 193
161 7
87 142
133 8
175 14
1 17
102 2
84 115
140 0
122 194
76 15
53 11
78 126
47 160
155 161
148 12
131 0
25 151
194 19
25 110
123 182
76 14
138 10
87 13
138 4
188 17
110 118
31 7
176 12
28 6
53 171
81 4
20 16
116 4
85 131
183 2
81 19
131 144
2 15
139 7
177 16
140 8
147 15
66 14
150 10
81 133
149 0
77 151
107 142
0 8
39 17
186 16
31 124
48 158
102 15
61 81
44 7
110 120
65 191
138 8
49 183
88 7
157 180
112 15
123 8
45 14
27 5
176 5
191 17
124 2
93 184
58 178
113 15
178 1
47 149
194 17
81 16
112 118
106 130
111 130
131 3
63 9
119 139
153 2
32 106
150 7
146 172
99 136
153 5
88 8
81 9
86 94
47 8
183 13
69 191
159 13
136 8
32 17
194 16
150 6
27 10
184 3
165 18
126 4
56 137
1 9
181 6
47 10
16 19
190 0
25 0
47 66
154 14
173 9
70 93
137 6
39 199
82 5
133 156
196 6
34 140
1 12
155 15
135 5
99 14
29 17
112 18
10 13
96 5
91 5
146 10
53 68
130 14
139 158
82 8
49 195
133 142
5 15
135 11
124 8
146 19
52 0
48 99
64 18
62 109
9 12
43 12
181 5
110 1
126 12
28 112
117 5
2 12
22 192
83 0
103 197
38 8
178 9
171 17
156 13
151 3
137 2
140 170
133 154
132 5
54 135
64 5
140 4
28 15
150 14
90 1
67 149
82 17
123 6
55 131
48 58
48 100
54 131
35 4
32 8
41 19
131 8
90 16
179 11
109 114
58 147
13 19
95 5
1 10
192 4
94 0
188 13
153 0
67 13
151 19
0 3
109 10
7 15
113 4
11 17
159 2
117 177
102 5
46 7
109 3
84 10
90 19
3 18
146 13
54 171
21 181
189 13
190 14
163 3
99 2
27 19
73 0
1 3
62 161
80 155
156 5
64 17
198 0
22 164
48 7
116 166
57 64
162 7
66 19
10 19
68 0
156 12
189 15
53 9
82 12
196 15
188 4
62 13
133 13
54 16
66 10
34 50
118 5
142 14
93 10
26 59
148 175
105 18
187 5
33 3
179 5
67 10
156 1
54 17
4 18
186 8
84 109
160 0
103 9
144 5
47 3
5 18
41 86
5 11
170 0
116 3
110 16
68 12
49 4
81 122
18 19
44 1
136 1
29 102
81 14
153 12
88 184
131 10
136 14
27 157
83 9
139 1
60 10
52 83
45 2
154 167
149 11
11 15
40 183
45 46
135 16
20 134
62 5
154 7
100 10
61 18
75 144
24 32
177 15
180 19
190 18
40 52
124 5
83 6
39 4
27 167
22 5
159 12
193 5
116 189
141 10
127 7
2 6
195 7
148 196
105 14
68 13
41 18
27 11
20 183
189 8
31 17
186 17
172 13
128 137
123 0
152 5
134 159
112 127
180 9
140 11
39 19
126 19
167 19
195 15
96 167
120 14
119 10
168 7
30 18
158 15
34 11
51 17
22 4
82 9
56 167
10 17
174 3
162 12
124 11
141 11
89 145
48 111
144 19
92 17
175 10
91 17
143 11
35 155
102 13
123 18
66 89
86 7
189 19
33 18
159 4
21 55
9 10
114 156
91 3
61 12
36 135
93 19
160 192
113 199
62 67
122 9
195 12
55 185
140 1
22 12
26 10
45 131
14 18
170 12
86 171
21 30
124 13
185 16
139 14
52 177
50 16
64 91
5 10
80 15
149 6
121 166
28 100
97 6
40 5
0 2
137 18
21 15
176 15
130 1
197 9
119 19
76 10
4 8
49 51
125 5
189 6
113 7
186 12
41 97
77 14
191 3
145 7
175 0
92 194
24 79
100 1
92 0
133 194
56 15
122 3
51 18
89 8
6 7
198 8
28 19
63 181
6 15
4 16
159 0
113 154
150 0
114 150
140 12
56 5
62 16
69 115
197 11
30 3
81 17
32 37
105 19
171 12
127 6
158 0
48 53
182 7
105 8
90 13
12 13
95 184
4 12
66 4
21 141
74 8
82 18
148 2
48 6
130 15
15 17
87 9
145 4
100 146
141 8
82 168
124 150
7 9
115 181
70 18
48 13
46 76
117 16
66 87
39 5
75 0
0 17
102 189
110 124
96 187
2 3
170 3
192 9
67 82
140 17
76 196
116 151
164 12
99 117
93 185
115 158
105 179
21 3
44 95
72 5
99 11
48 176
25 161
84 0
79 14
139 2
149 19
59 19
121 0
24 92
102 0
184 16
76 13
51 128
124 10
78 9
6 18
36 63
142 1
45 8
69 8
52 156
58 19
88 9
86 4
146 6
156 14
186 7
24 180
187 9
31 88
17 18
50 3
140 6
25 12
35 8
172 9
98 14
89 11
63 107
63 11
37 16
93 11
9 19
150 178
21 16
114 19
0 13
107 166
108 9
45 106
1 16
61 127
16 18
131 9
148 3
22 17
139 17
157 4
108 14
1 8
66 162
56 17
75 176
78 0
131 155
80 11
196 17
180 5
44 53
167 16
54 9
38 14
192 17
113 12
198 2
3 11
75 7
30 19
113 16
183 1
24 16
183 6
118 182
6 14
74 15
80 171
142 16
62 19
6 12
7 11
52 120
125 11
164 9
39 0
63 5
66 17
97 113
