167 14
112 9
134 0
100 3
118 18
10 12
26 14
178 8
36 11
71 6
44 68
164 174
156 7
20 49
74 114
199 8
90 19
153 15
45 3
135 7
87 1
41 74
65 154
170 9
13 17
66 19
61 77
148 6
37 159
78 4
159 19
93 2
0 2
22 142
169 5
3 5
31 122
32 0
48 17
45 13
172 9
20 191
52 87
129 19
63 195
8 15
75 19
1 3
34 7
72 8
160 16
180 19
115 7
104 161
90 5
124 150
103 11
137 155
20 13
106 14
10 19
148 165
7 8
26 33
187 14
22 15
51 112
20 17
154 14
161 162
42 82
180 0
177 8
72 7
33 172
195 16
114 15
3 19
192 11
72 75
97 2
0 9
87 0
0 10
100 8
46 18
57 6
54 194
61 176
149 165
3 17
82 158
145 175
84 152
95 180
189 3
123 15
1 16
50 53
127 6
105 15
61 13
187 3
128 4
109 9
38 13
134 3
89 96
101 13
65 9
113 9
120 14
181 5
105 167
198 10
184 10
93 16
49 12
105 179
136 9
98 8
82 121
120 9
121 17
191 1
161 165
48 1
24 3
40 145
45 199
172 17
171 13
21 10
57 18
24 4
83 119
75 78
117 173
12 13
45 12
79 13
3 13
44 6
145 16
180 11
188 8
130 154
42 130
62 11
34 12
131 3
183 0
16 18
37 174
47 67
22 0
151 152
87 18
199 14
40 43
191 0
50 15
111 0
194 16
79 110
117 2
100 126
170 0
107 136
115 192
115 194
147 14
42 13
69 106
1 14
9 16
150 9
82 11
136 5
53 116
60 0
57 162
11 14
70 0
165 15
177 14
12 18
65 5
0 7
40 0
186 198
199 18
183 13
0 13
105 124
86 149
66 3
58 12
0 5
111 12
112 188
5 6
51 16
70 17
122 8
126 0
163 7
87 11
39 119
5 11
122 2
140 15
179 18
166 8
87 7
136 12
87 13
111 15
111 10
4 8
79 18
20 110
137 6
106 129
111 7
61 105
60 67
126 16
89 10
130 11
199 0
166 7
79 84
23 55
143 2
170 13
147 1
49 15
89 6
25 10
88 9
65 2
122 15
123 8
9 15
77 6
42 0
186 19
91 8
41 72
29 151
179 3
73 11
86 14
164 6
143 11
83 17
111 172
99 13
41 42
164 178
67 18
40 57
129 8
174 18
102 15
43 11
92 160
157 8
50 148
109 11
154 7
176 12
83 16
134 10
5 7
80 18
157 2
80 4
43 3
149 7
152 3
23 10
98 129
124 15
47 14
51 150
30 64
121 2
138 6
141 19
180 3
110 15
103 112
96 13
187 9
159 4
5 13
4 12
26 18
0 14
32 15
131 149
48 2
98 19
43 4
186 2
160 3
81 16
20 158
122 1
113 192
192 4
123 4
58 6
86 5
168 0
191 6
151 15
173 8
48 19
154 9
175 10
89 1
136 14
184 7
63 122
157 18
65 177
193 9
64 7
22 11
92 14
179 16
126 9
186 13
25 173
56 6
33 3
94 0
178 14
151 165
129 194
196 6
97 15
108 170
144 2
174 9
183 19
84 184
2 4
83 2
176 4
157 19
80 1
83 18
147 16
59 12
69 10
33 17
25 178
28 9
36 127
48 3
50 11
100 1
90 10
179 180
34 15
20 183
52 55
144 13
50 9
161 1
97 10
179 191
66 14
126 14
157 0
33 9
41 63
120 6
2 16
141 143
199 2
85 9
63 2
9 14
147 9
62 155
120 15
165 0
183 12
112 185
196 8
134 16
114 19
108 121
137 193
80 172
41 150
42 148
74 147
60 8
92 7
187 2
140 18
137 185
113 195
123 2
120 129
6 18
20 108
99 145
84 11
142 3
58 4
130 197
95 12
24 180
70 8
153 8
25 0
126 5
164 170
81 6
151 11
44 16
89 13
70 16
36 1
136 4
77 190
128 9
195 14
131 173
140 12
171 3
45 164
33 11
1 9
53 11
151 18
62 6
68 139
36 14
190 16
2 8
67 198
188 14
29 6
143 7
156 197
103 15
97 19
95 10
31 181
11 17
155 192
116 2
54 88
149 3
31 103
196 17
43 2
24 7
125 13
135 11
107 19
52 4
63 12
137 9
56 144
99 167
156 2
119 2
44 10
146 167
90 198
49 102
68 159
35 181
5 12
39 92
112 5
181 0
67 10
35 157
74 190
141 193
184 4
161 17
161 5
95 5
21 16
0 18
125 5
146 9
39 5
114 13
14 19
195 2
181 4
95 96
31 19
193 7
49 16
136 10
94 2
132 3
128 1
90 8
96 4
29 2
55 14
168 12
58 17
60 96
4 11
139 184
103 1
134 4
191 10
83 5
179 13
69 182
96 184
104 17
83 14
115 129
65 17
110 16
83 101
196 9
127 150
85 161
148 4
51 14
142 7
64 0
171 7
54 14
176 16
77 10
65 0
184 13
10 15
157 1
137 153
68 18
100 6
39 63
97 198
94 134
85 192
74 5
146 2
93 164
90 109
140 11
51 18
90 181
112 7
162 18
52 2
24 10
78 16
171 14
96 105
35 79
26 5
25 88
146 4
196 7
39 9
115 2
101 4
53 88
166 5
180 12
196 1
56 193
197 7
133 13
39 11
129 156
177 9
104 0
27 0
111 2
121 13
40 161
196 16
197 13
96 12
1 11
62 14
165 13
49 3
194 4
127 1
54 185
21 9
105 163
37 18
82 16
76 189
58 19
98 3
50 14
92 0
123 156
152 0
9 19
116 147
182 3
163 4
25 198
99 10
77 3
0 8
99 8
172 12
145 6
147 162
151 17
43 18
46 107
64 14
132 6
177 188
79 4
5 19
139 10
49 18
89 12
29 66
39 83
78 9
144 19
86 0
23 50
193 19
184 17
21 171
154 8
144 14
55 101
179 19
118 16
150 5
157 10
25 96
186 16
160 17
1 18
34 6
88 193
146 1
99 11
132 9
35 98
90 149
6 7
88 16
21 11
42 14
126 158
171 193
133 16
101 19
22 141
76 82
118 4
20 69
36 7
87 199
132 153
199 3
50 6
119 5
181 14
147 4
190 1
150 198
186 6
169 11
85 7
122 4
187 13
81 12
91 14
103 158
56 139
92 4
135 5
56 0
172 7
59 3
8 14
73 148
61 18
101 15
156 14
143 19
91 11
63 106
130 135
184 6
126 12
39 170
20 169
132 17
24 17
4 15
108 18
39 16
82 6
172 176
6 14
188 13
21 19
7 9
29 16
28 155
66 99
199 4
4 17
55 4
104 186
166 9
136 19
47 10
75 88
10 11
39 14
58 7
155 19
174 15
163 9
90 180
120 3
59 11
109 0
6 16
98 110
38 16
111 4
29 51
81 0
35 141
130 1
110 14
59 174
4 14
69 9
38 11
32 3
88 11
122 152
100 2
62 167
9 10
158 5
139 2
159 15
36 10
180 6
38 7
123 0
176 10
26 9
75 194
95 18
78 148
112 2
157 7
22 112
56 13
178 3
91 19
3 11
124 0
65 18
103 7
165 7
47 2
43 88
91 161
46 5
4 6
23 113
57 16
90 105
24 2
23 7
135 3
76 199
15 16
138 12
106 16
103 18
98 14
67 15
191 16
161 11
61 157
54 19
34 10
79 96
188 19
57 14
22 73
21 180
128 7
146 13
197 18
8 17
150 185
13 16
22 176
28 14
0 17
157 11
169 2
41 9
36 176
136 2
56 160
142 161
102 19
35 179
26 8
31 109
70 1
112 8
70 152
87 15
123 3
89 115
169 3
52 177
105 114
167 3
130 3
92 9
93 113
125 16
59 2
55 10
168 4
72 11
112 118
79 85
41 5
179 6
122 17
7 18
143 17
173 16
21 116
38 2
194 8
41 7
82 86
109 8
32 155
61 116
75 16
33 5
122 189
22 10
7 15
53 16
73 15
189 8
11 12
26 10
8 16
24 6
141 8
125 10
50 158
86 11
178 2
36 0
25 185
138 194
10 13
46 16
136 1
191 13
106 2
47 99
40 47
116 6
65 87
173 1
66 13
45 99
81 174
192 15
176 15
81 7
43 15
10 14
40 156
64 4
30 10
195 10
60 5
71 8
189 18
152 5
182 18
192 17
137 17
98 103
79 145
76 13
72 4
199 13
90 15
142 19
42 1
117 139
76 3
172 14
53 19
174 17
6 11
166 13
106 0
33 51
27 135
102 14
81 15
105 0
91 18
163 19
80 12
195 5
138 198
58 1
90 1
24 19
103 4
152 8
86 102
168 5
9 13
109 171
165 5
74 10
141 10
129 11
87 17
33 13
134 2
81 18
74 2
146 19
94 18
2 19
198 8
183 2
134 8
63 10
171 186
31 0
117 5
112 161
78 6
180 17
52 154
31 17
66 5
151 7
43 0
120 19
20 56
88 164
41 6
97 9
23 0
126 6
185 12
66 8
107 132
156 8
28 135
49 19
7 14
12 16
185 16
122 144
79 14
95 7
108 8
69 6
5 8
22 18
69 177
146 10
160 14
46 71
31 48
44 15
5 9
33 165
38 67
3 6
83 8
111 17
49 158
169 13
78 10
80 176
116 19
150 13
41 121
157 166
35 168
140 9
25 58
36 161
51 10
81 5
52 60
160 2
130 8
88 130
86 6
96 187
173 2
177 1
91 7
130 179
66 6
60 148
110 19
31 13
65 16
58 85
20 9
131 14
83 15
109 15
64 73
183 5
184 8
191 11
154 12
58 10
78 115
128 147
135 0
5 14
21 30
104 13
77 8
182 15
22 2
185 19
59 10
192 5
111 9
96 192
132 18
20 8
95 169
198 19
182 2
143 155
113 14
138 1
70 101
53 0
42 184
100 18
184 1
74 4
8 13
43 177
41 16
191 15
54 121
90 131
87 177
77 4
101 182
70 19
143 164
85 12
118 19
28 10
155 3
77 125
35 19
116 11
89 187
101 16
20 142
82 4
154 2
159 169
131 135
99 15
162 17
75 6
128 0
32 61
37 0
106 182
188 17
80 14
74 15
106 184
129 16
28 0
100 137
109 14
28 11
13 15
116 195
79 179
126 18
106 13
82 12
96 0
67 116
67 79
59 19
106 1
81 9
181 16
92 116
44 12
91 0
29 44
107 193
155 17
69 116
98 16
153 3
93 4
21 12
57 143
163 6
121 18
68 122
40 169
192 3
144 8
173 10
160 0
87 181
152 17
105 1
61 192
88 12
179 198
72 15
176 14
126 155
195 15
127 161
106 5
175 5
43 16
128 178
103 166
169 16
66 0
149 158
140 3
180 7
181 13
194 9
139 192
71 0
194 2
143 12
29 17
78 7
49 191
132 15
96 6
39 3
1 4
155 16
141 9
101 3
32 2
25 17
72 175
168 1
81 132
106 162
31 10
178 5
117 19
77 14
67 1
132 198
154 5
169 8
51 7
142 194
35 17
96 18
33 112
7 16
65 158
49 5
171 1
71 19
110 6
151 1
7 13
60 2
26 15
62 173
101 17
11 16
170 11
134 15
91 9
156 12
158 18
152 12
148 7
98 153
8 18
79 191
174 1
24 69
100 13
59 134
97 16
77 18
159 8
171 6
171 11
91 13
178 0
191 9
61 140
125 7
165 14
67 6
1 8
153 170
69 104
74 128
47 8
72 2
117 10
14 16
108 1
25 74
121 154
23 8
136 16
146 12
33 2
13 14
100 0
60 13
29 69
195 17
103 8
93 182
1 13
28 4
92 3
44 183
39 113
129 4
90 185
94 173
190 0
42 83
187 15
109 120
84 18
188 7
30 18
133 184
31 12
29 19
168 184
74 17
152 19
118 17
121 14
23 69
51 5
124 19
44 18
36 17
144 9
89 5
168 18
185 5
158 160
21 17
86 19
182 1
47 125
85 90
109 183
60 17
42 3
26 128
33 0
22 114
27 155
123 12
72 0
24 157
8 19
63 79
20 1
173 4
186 5
172 10
39 136
100 19
77 157
166 167
3 12
84 163
6 17
92 8
43 62
81 143
89 19
113 132
188 4
182 11
131 10
90 6
0 12
25 43
27 5
65 128
64 9
78 18
112 0
20 5
73 13
22 6
137 197
135 153
107 5
103 14
167 9
30 84
141 164
42 58
34 165
133 9
80 147
22 193
113 18
157 9
29 7
183 6
99 4
30 17
28 158
189 5
51 105
178 13
49 0
157 4
128 17
125 196
162 19
163 14
73 3
93 167
133 137
32 90
45 9
17 18
135 6
98 2
142 12
187 8
26 3
56 18
78 12
129 13
148 12
85 18
40 7
60 9
71 18
23 143
117 11
22 111
10 16
77 19
34 59
62 149
63 92
149 177
12 19
22 146
193 18
108 3
148 14
143 15
172 19
154 0
193 6
154 18
146 0
97 12
161 8
55 16
85 17
139 5
41 1
89 196
189 11
126 188
171 18
33 171
80 16
161 13
84 8
121 8
70 149
121 19
24 8
182 17
155 9
199 12
26 181
178 18
162 15
21 38
60 154
88 0
143 6
107 0
196 19
44 79
28 15
88 10
91 6
135 9
170 15
55 6
70 10
40 13
68 6
160 13
44 5
105 11
119 13
67 4
90 136
144 149
148 3
140 0
157 175
146 6
47 146
189 15
50 115
32 17
85 155
89 173
78 134
198 11
153 14
103 6
27 113
82 183
95 11
70 5
36 15
32 11
49 7
176 9
119 16
76 2
35 18
55 18
52 11
162 3
166 18
71 16
12 14
36 55
107 3
29 13
52 74
111 114
126 1
184 186
106 18
167 10
95 100
51 107
21 7
43 192
184 3
151 19
117 134
98 119
25 8
15 18
110 11
36 9
153 19
65 108
26 12
38 6
121 199
101 160
166 10
99 176
42 9
43 183
32 14
185 7
34 198
46 116
199 6
50 5
138 4
107 9
85 19
108 9
55 63
63 0
108 109
181 6
169 172
188 1
169 4
29 0
37 3
53 13
131 0
127 19
194 13
43 6
33 167
100 197
79 17
100 4
70 13
42 11
167 4
166 11
44 52
124 13
23 9
119 17
158 1
138 14
67 101
137 139
34 2
70 9
59 8
85 5
120 178
98 1
39 15
166 12
2 10
37 11
113 16
25 12
144 17
68 19
151 10
173 7
52 56
42 6
30 33
189 191
162 7
146 195
34 17
72 5
37 113
158 7
191 8
64 18
117 8
28 13
39 96
149 153
143 16
105 16
37 12
160 7
52 170
4 18
54 5
193 11
80 114
20 27
22 5
108 6
151 3
92 154
188 16
154 15
192 8
38 10
88 170
43 148
31 9
31 4
113 174
115 6
29 1
137 18
133 7
77 2
3 10
21 28
106 3
53 131
164 1
112 193
111 5
76 178
80 183
170 18
111 6
97 145
50 2
177 0
156 19
88 19
26 96
24 163
114 17
169 1
185 13
55 70
0 16
52 182
21 55
32 123
139 9
94 11
64 17
159 186
99 17
168 192
178 7
153 5
147 2
187 0
53 15
195 8
124 8
21 67
79 1
141 14
128 13
134 7
116 170
54 3
184 11
78 82
61 172
153 18
26 1
165 17
34 94
85 3
107 16
137 3
4 10
153 13
20 124
54 80
74 1
71 14
185 0
132 11
134 5
116 13
160 12
70 163
61 97
128 15
26 11
186 8
172 8
86 4
63 9
95 9
43 140
159 14
172 5
46 109
165 11
83 6
72 18
146 3
44 11
179 5
198 13
193 5
24 11
123 149
141 15
6 12
44 0
46 121
1 15
173 6
43 70
89 160
158 19
142 14
67 156
56 84
67 194
133 15
26 167
90 12
11 18
3 4
160 197
33 57
155 159
133 11
112 14
166 0
2 5
107 152
27 13
84 1
101 14
56 11
146 7
101 171
82 7
2 15
36 74
142 17
84 171
157 177
43 182
89 4
40 157
51 19
124 181
46 64
70 4
77 181
86 2
143 146
163 10
154 1
107 2
115 8
58 8
125 0
119 15
55 139
25 120
59 172
194 7
72 13
5 15
91 151
162 6
197 14
84 13
105 4
4 13
121 182
24 14
166 4
131 15
12 17
3 8
75 3
146 149
31 18
55 158
184 15
25 130
176 18
44 136
31 151
103 19
60 114
23 59
107 11
54 11
104 11
39 51
71 1
58 16
93 0
67 100
78 95
149 19
99 182
6 13
10 18
91 2
63 18
153 0
83 158
40 4
44 45
108 15
120 10
46 2
196 2
8 10
166 19
46 19
141 17
160 11
108 5
37 150
5 16
58 60
149 2
1 10
98 7
51 0
29 38
67 14
33 164
77 17
91 1
116 17
197 4
110 9
174 11
52 5
34 66
112 3
184 0
133 18
188 0
28 106
147 3
60 10
88 14
67 2
31 34
73 185
75 0
46 56
145 181
53 96
148 17
46 1
140 8
148 1
16 19
156 6
21 6
173 17
40 11
9 11
145 18
79 0
115 174
39 115
124 190
7 10
126 134
25 150
167 12
119 9
116 168
196 3
176 19
191 14
119 6
147 159
1 2
3 16
93 10
83 0
5 10
110 12
41 111
28 31
168 16
26 144
107 10
74 6
86 16
103 3
175 19
79 94
116 10
37 17
4 16
111 189
57 8
85 174
27 18
23 2
73 165
139 198
73 19
48 6
139 17
108 16
53 68
76 15
80 3
30 54
138 19
4 19
62 130
50 189
181 9
0 1
111 167
183 11
156 3
1 7
76 9
71 185
90 16
168 11
33 70
90 148
34 16
122 14
99 16
94 3
21 1
74 86
107 111
27 65
55 7
72 19
39 2
15 17
33 19
75 1
175 12
193 14
63 132
96 8
114 10
35 2
94 125
103 17
137 12
21 8
192 12
93 6
54 163
38 141
100 166
96 199
149 5
29 167
171 4
61 16
69 174
198 0
135 17
9 17
129 18
118 6
85 160
64 6
82 197
84 15
29 8
172 186
127 17
173 0
101 197
69 14
76 17
106 159
100 136
23 14
79 6
185 4
150 0
121 162
100 14
117 16
112 4
48 11
135 13
2 12
184 2
102 174
84 117
51 9
9 18
78 14
100 11
89 138
15 19
179 9
36 94
48 0
161 12
28 141
165 3
66 4
189 13
132 167
137 14
54 8
6 10
116 190
27 7
128 11
120 2
151 2
44 3
47 124
84 125
45 67
135 10
190 3
57 10
2 13
130 5
155 4
9 12
175 11
84 197
121 4
104 3
131 18
186 17
109 1
165 9
192 2
118 157
106 10
77 0
7 17
32 9
171 172
154 10
65 98
95 118
82 19
45 19
11 15
0 6
158 199
148 0
27 116
186 18
37 15
24 138
192 18
46 92
80 0
108 14
164 19
81 10
54 97
172 16
85 185
3 7
31 5
141 5
44 8
100 9
1 6
118 122
121 190
36 19
135 15
76 116
21 14
87 6
165 178
43 109
114 6
101 172
6 8
156 174
1 12
188 18
106 9
167 13
22 3
153 1
76 10
79 174
79 3
150 196
36 133
81 11
144 1
55 9
73 1
42 16
186 15
23 15
103 0
50 4
49 153
35 14
127 14
44 120
52 15
169 14
139 3
125 19
139 12
153 6
187 7
55 134
137 171
54 17
5 17
158 15
91 138
39 1
91 117
2 17
115 188
144 4
80 13
34 153
135 2
31 8
144 16
20 83
108 183
34 182
61 5
60 102
28 5
164 16
92 176
173 176
142 2
48 82
161 14
84 5
105 19
120 18
73 129
33 8
190 2
24 85
183 1
88 5
125 15
176 1
145 2
73 17
148 10
2 11
159 164
90 11
159 6
175 1
113 19
145 5
60 18
3 14
51 4
34 3
40 194
133 1
160 10
25 19
82 5
126 15
45 0
8 9
51 12
194 6
71 3
3 9
14 18
129 5
54 13
117 0
116 117
194 12
3 18
151 14
55 61
93 8
79 196
178 12
178 1
60 7
103 16
70 2
124 14
160 8
74 11
35 16
127 7
115 10
57 170
55 0
59 152
40 9
150 16
100 177
103 2
133 19
198 9
175 0
133 8
104 9
20 10
105 146
48 129
160 4
87 3
121 16
125 159
197 19
107 14
57 89
27 19
78 15
36 49
105 10
138 8
72 114
91 15
95 19
99 3
80 2
69 1
48 199
52 3
2 6
79 11
18 19
6 19
75 11
81 17
23 35
152 4
77 123
21 18
123 6
52 13
50 0
167 6
82 0
98 12
35 5
195 3
93 12
191 19
59 9
46 3
28 85
53 17
160 9
97 11
22 7
24 151
40 12
108 180
30 73
2 7
135 182
6 9
140 7
26 93
131 189
68 13
43 172
134 19
119 127
27 2
96 11
23 3
190 197
135 14
67 163
28 18
115 12
112 12
87 2
124 174
186 10
56 131
34 62
104 5
52 70
50 98
66 1
162 16
149 151
4 9
93 18
41 66
49 1
196 5
116 9
97 13
32 86
131 9
108 7
45 15
108 2
36 175
179 12
194 3
111 18
73 2
30 132
162 14
38 12
25 4
52 151
31 2
110 1
145 19
169 15
102 18
35 9
118 11
142 199
175 9
198 12
73 14
86 13
101 114
1 17
20 4
167 17
61 4
118 15
50 108
98 4
8 11
1 5
21 5
21 110
79 144
137 8
39 105
49 108
194 11
56 171
32 1
41 87
71 4
170 181
125 17
55 166
6 15
67 98
22 1
74 162
93 7
2 14
85 14
12 15
192 14
163 1
84 12
0 4
50 1
116 16
25 16
37 10
73 7
43 5
61 92
115 13
24 13
170 14
147 185
153 12
106 6
132 7
155 5
165 18
185 6
118 5
155 11
134 13
58 15
14 17
51 159
122 3
95 132
73 8
3 15
140 2
181 19
90 14
178 16
83 153
156 165
14 15
179 8
59 4
191 3
179 15
43 13
54 74
126 7
30 110
95 194
39 12
72 3
175 190
135 12
71 7
75 17
113 0
148 18
162 4
140 16
31 136
118 13
97 4
171 12
56 8
43 17
139 8
43 114
56 1
84 7
154 3
50 117
88 92
31 98
52 12
159 17
40 18
22 9
157 13
190 8
138 142
167 197
182 4
71 182
66 74
59 17
0 3
67 12
24 12
71 15
0 11
177 7
136 15
21 83
4 7
134 9
131 6
126 3
85 195
43 19
181 1
40 100
76 11
96 149
153 7
38 4
40 41
27 144
44 1
20 123
45 50
194 0
116 0
130 2
21 138
37 6
130 12
134 147
72 127
163 13
62 16
75 8
167 5
86 17
113 8
84 3
82 10
134 1
77 9
140 10
142 167
114 169
74 88
40 52
137 5
87 123
175 14
44 147
102 8
162 5
26 68
89 109
105 13
58 11
34 4
158 13
96 7
104 10
68 9
114 182
56 14
49 171
7 19
125 6
108 19
27 4
16 17
35 12
190 18
79 10
148 9
67 19
149 180
49 6
177 19
92 104
141 155
58 0
165 12
69 91
144 167
102 104
88 2
41 4
47 12
48 59
57 155
29 12
79 106
109 12
141 3
121 3
136 137
145 13
127 11
83 11
148 16
176 178
22 16
93 17
130 10
173 13
44 7
13 19
34 133
61 15
94 16
141 11
33 4
64 2
82 130
71 5
68 1
161 7
117 13
131 160
31 153
0 19
33 47
41 15
26 161
189 1
191 2
78 17
71 10
153 183
24 16
60 6
110 10
175 6
35 121
189 12
147 6
40 16
150 11
164 12
76 12
194 5
104 14
67 186
170 182
61 17
70 15
30 139
97 14
20 178
87 8
94 6
62 9
31 7
75 5
144 146
40 183
152 7
56 15
49 95
96 15
0 15
77 7
10 17
114 18
87 4
96 129
35 8
66 162
27 10
22 170
109 4
38 1
81 14
96 118
81 3
25 18
164 7
32 171
67 17
22 8
2 18
166 6
91 114
39 89
191 17
72 143
152 175
173 3
63 109
93 1
46 13
46 8
39 7
143 0
51 15
80 5
125 2
32 12
87 12
39 91
29 3
57 19
131 8
39 138
20 15
66 7
177 10
96 1
135 1
124 4
21 2
129 171
76 14
184 189
33 1
115 11
55 120
154 17
49 14
79 192
163 12
140 153
154 13
13 18
76 158
42 8
61 14
83 10
106 12
22 13
127 0
173 14
93 14
171 9
170 10
196 15
158 17
37 5
98 11
163 0
25 6
65 75
150 12
142 10
20 149
174 10
53 18
73 134
159 2
138 164
100 17
69 83
116 156
155 13
54 113
182 7
112 152
98 180
161 0
45 188
83 7
113 3
128 14
89 7
48 14
20 11
184 16
170 3
8 12
23 17
132 12
97 6
105 172
39 4
91 10
11 19
94 15
118 14
64 3
119 144
