78 4
86 198
147 156
97 0
52 188
45 114
107 154
95 11
123 139
63 88
61 4
173 174
24 0
30 107
34 5
58 141
191 0
76 160
138 168
48 116
137 14
55 6
29 59
121 19
63 169
143 12
132 165
83 183
30 2
184 5
36 11
28 8
4 7
96 1
4 9
71 135
152 5
170 17
11 13
95 180
28 124
172 5
34 79
196 7
29 194
47 19
68 165
59 199
125 2
3 19
85 96
82 9
68 15
90 113
3 8
37 16
3 12
137 8
189 195
106 0
53 158
53 97
137 2
179 5
119 134
24 51
164 2
45 6
118 19
39 41
73 9
31 8
29 8
146 18
154 6
155 0
140 6
180 4
115 11
32 157
127 195
92 3
157 161
192 10
197 0
35 116
61 2
31 93
113 4
115 14
85 1
148 9
89 135
57 18
34 86
52 10
46 134
70 17
130 6
153 166
112 179
45 16
63 4
188 14
151 1
49 92
153 11
39 147
160 0
71 130
146 8
162 0
71 11
86 13
101 9
78 98
156 176
157 158
86 179
81 167
177 13
88 15
133 185
78 12
22 159
57 148
40 166
129 6
1 16
175 4
91 106
108 114
54 160
157 169
99 138
43 157
29 124
26 147
101 0
184 19
132 9
155 175
50 130
56 160
131 139
36 58
131 19
82 102
37 120
83 93
124 176
46 135
25 8
122 188
31 47
67 152
42 143
180 17
139 170
9 18
6 15
79 185
60 123
5 8
111 9
56 7
31 151
26 10
30 43
70 9
154 5
21 0
26 61
87 3
62 174
55 97
7 9
91 122
44 0
102 6
3 9
172 3
116 1
121 198
88 148
83 18
120 9
94 18
73 7
109 124
158 191
86 16
166 2
46 117
125 0
156 19
186 4
106 131
39 44
119 17
26 1
54 175
189 7
55 170
43 7
124 1
80 130
53 177
163 7
86 151
182 5
161 12
81 15
78 126
20 55
42 58
55 17
125 5
52 187
53 111
113 10
48 102
146 4
83 100
104 105
29 0
15 19
22 124
139 173
43 151
174 0
28 190
13 17
154 0
52 131
139 163
75 11
6 13
2 8
98 137
64 130
115 162
55 182
38 62
103 177
54 11
43 15
57 10
123 9
26 70
110 9
35 6
176 13
146 11
96 188
91 18
63 7
31 11
35 2
46 182
119 3
41 124
51 128
108 5
172 0
12 19
77 6
12 17
88 4
43 100
102 1
89 15
29 127
155 16
48 165
80 5
131 8
162 194
112 19
164 3
35 41
74 141
102 114
123 14
51 139
169 16
104 8
192 194
103 164
183 8
137 6
169 175
43 16
20 45
42 11
68 5
82 159
5 17
73 3
81 120
44 17
56 166
35 68
71 105
52 98
140 17
120 15
34 47
45 1
91 4
51 171
160 1
35 198
132 163
199 16
81 119
151 4
73 16
91 3
10 12
68 6
45 74
125 14
49 109
87 18
43 175
89 8
90 15
57 130
52 72
43 64
71 161
139 13
68 12
58 81
128 156
133 165
162 9
62 67
13 14
39 14
72 98
141 191
91 6
140 142
77 193
173 16
115 6
170 4
148 174
130 3
62 88
9 13
26 29
125 137
21 13
79 1
50 11
23 1
48 71
116 4
107 111
94 97
129 196
86 9
69 192
49 8
131 151
59 18
27 158
107 110
47 2
95 0
75 168
111 12
37 12
184 7
116 16
37 11
158 8
57 188
60 130
106 14
80 15
72 1
87 95
34 121
98 1
30 113
183 11
145 19
32 104
46 14
178 14
5 6
82 154
102 3
59 155
99 5
114 7
117 5
129 14
75 17
142 143
183 17
39 8
95 14
96 171
144 181
123 162
22 182
57 155
119 154
118 173
195 5
51 138
68 19
173 9
21 82
167 17
78 14
23 94
114 2
75 193
45 54
131 173
189 6
83 122
124 7
101 158
5 19
157 1
6 14
1 8
102 14
56 2
73 196
152 14
113 6
149 4
176 15
102 146
7 8
182 4
192 13
10 14
64 188
119 188
20 42
21 66
20 16
196 0
79 18
56 10
46 12
38 13
120 18
85 101
6 18
59 14
113 174
125 132
65 6
176 183
28 15
146 14
164 12
62 8
20 18
109 132
186 196
45 112
67 90
84 101
116 162
185 2
82 17
194 2
170 6
0 12
56 11
67 165
46 155
58 14
50 8
20 9
154 14
98 13
99 15
109 152
27 149
26 88
194 14
195 1
78 11
78 0
118 187
112 1
143 193
162 19
41 60
32 179
169 3
93 17
20 3
64 98
184 2
108 1
37 111
17 19
142 3
7 19
32 197
85 117
29 103
97 109
54 138
63 105
176 19
60 2
117 12
192 11
31 37
116 170
128 150
0 1
101 19
138 19
109 179
49 147
75 118
20 125
23 14
67 168
70 152
165 174
142 9
58 167
48 87
79 168
2 13
62 12
38 131
70 2
92 116
67 7
131 164
117 6
74 98
148 162
75 83
165 6
159 19
148 10
28 199
22 85
82 117
99 17
77 120
125 19
170 18
115 4
115 3
154 18
20 122
54 12
182 10
111 18
153 178
120 16
72 14
193 11
172 2
85 103
59 61
95 8
112 181
85 13
0 13
67 88
25 9
108 171
81 198
132 11
28 156
38 3
29 15
184 3
171 1
42 94
151 11
32 184
35 156
77 19
181 5
156 159
129 171
129 9
29 56
1 7
109 188
193 13
92 132
156 167
137 147
61 67
162 2
55 1
61 9
129 5
50 138
97 5
70 0
71 141
112 122
49 111
110 198
34 8
21 2
136 194
81 139
30 10
48 81
187 9
22 66
90 1
48 13
61 189
150 158
109 11
139 197
58 124
193 8
24 190
174 14
118 12
195 17
64 3
23 182
175 16
152 10
55 153
24 14
120 159
23 125
25 4
53 19
125 134
82 0
81 98
29 1
21 26
150 14
110 4
3 10
102 5
35 155
5 10
172 14
108 164
185 189
108 181
0 3
32 70
46 173
83 165
147 199
89 130
65 13
58 139
54 5
199 11
43 5
95 160
95 19
134 173
66 117
44 56
98 191
134 5
49 76
76 151
93 15
57 81
84 11
42 113
139 15
64 160
50 6
134 157
167 180
35 153
161 6
10 18
110 114
50 161
34 38
177 2
114 4
133 150
136 10
64 166
94 152
34 55
138 5
157 14
35 3
183 12
194 4
3 11
57 118
50 54
28 13
181 12
22 140
56 18
24 63
132 3
129 10
136 7
75 18
49 185
67 123
175 11
25 19
135 4
110 121
24 16
164 177
93 11
97 172
22 168
83 16
180 197
36 161
3 4
90 18
187 18
84 4
106 168
195 12
105 112
86 154
31 88
111 7
122 10
54 158
35 147
104 0
85 164
130 1
62 194
53 1
153 15
103 149
133 145
195 14
147 149
55 102
80 0
86 167
30 162
41 88
151 10
33 60
77 191
136 157
100 0
61 79
166 11
31 162
87 96
87 162
88 94
167 7
182 191
155 169
94 139
45 106
43 46
147 5
195 16
118 166
166 18
54 15
156 168
66 93
66 164
121 138
93 1
158 10
43 121
0 6
189 18
123 5
136 6
129 182
46 99
35 4
67 169
60 98
61 179
64 124
9 12
37 2
145 13
97 19
45 165
30 185
171 4
62 186
116 7
159 17
35 191
167 4
87 193
88 176
54 16
136 177
48 17
9 19
96 5
73 86
0 5
161 7
87 153
101 11
44 128
179 197
33 45
62 16
62 106
142 10
37 19
69 180
174 17
180 1
29 14
48 12
38 138
101 184
42 67
27 3
89 18
121 193
25 11
110 191
182 184
82 3
42 180
26 8
23 169
128 159
110 6
96 8
72 133
100 8
147 9
27 12
57 11
27 138
138 13
69 19
184 14
86 11
24 13
15 17
131 3
93 159
37 15
148 168
23 149
53 166
181 14
137 159
43 184
73 17
89 132
72 17
64 87
160 194
75 113
107 13
100 17
119 10
122 9
115 158
98 185
84 5
78 125
161 11
74 17
96 157
179 17
3 6
41 110
39 173
110 187
67 110
154 8
1 5
147 18
35 193
154 17
37 58
118 18
49 2
38 48
47 138
98 189
86 1
132 139
62 155
142 6
22 33
127 191
91 191
111 4
170 11
66 5
26 27
171 11
55 66
2 16
46 72
121 139
23 4
117 9
29 70
157 19
28 160
154 186
110 18
33 150
129 153
133 5
166 17
115 15
137 180
188 191
59 134
74 104
21 54
84 85
159 2
174 180
54 1
158 3
120 174
63 12
28 4
62 0
177 1
167 177
63 192
39 7
158 17
20 4
37 87
1 13
110 7
31 5
41 94
42 114
14 16
92 103
32 38
98 10
85 7
41 98
105 148
130 166
78 15
121 176
32 15
61 102
184 11
195 2
48 15
35 8
41 101
71 122
113 186
73 162
174 10
41 123
82 19
80 10
75 6
27 151
26 12
44 10
60 103
118 158
134 160
31 103
199 14
79 19
84 185
36 0
74 0
78 6
82 10
43 135
149 166
67 145
81 17
91 113
155 2
105 149
43 186
25 78
2 11
20 2
118 149
24 15
107 17
83 11
28 183
130 19
63 170
37 131
27 34
100 134
79 104
21 166
59 69
48 172
81 137
29 33
165 198
59 19
39 115
123 18
145 0
106 150
43 9
62 140
97 175
56 192
22 9
87 119
174 6
54 143
168 1
91 10
104 5
160 15
127 14
68 115
181 16
135 175
86 185
137 11
89 144
115 5
112 18
149 192
14 18
106 138
138 10
52 2
104 166
58 172
67 77
69 134
195 9
164 16
21 184
120 5
23 16
194 15
68 10
23 15
80 87
29 132
20 123
58 166
160 6
96 174
112 163
7 13
54 8
150 195
54 144
7 18
84 159
84 12
95 142
15 18
103 11
111 6
74 157
136 8
20 35
179 0
72 18
33 159
7 15
45 82
58 159
91 103
132 168
41 8
31 180
81 116
61 11
77 181
113 183
164 14
102 19
50 73
52 95
130 2
79 13
151 154
117 13
6 16
58 1
145 181
137 157
60 96
30 1
87 147
4 14
36 160
30 100
66 194
71 188
107 142
1 19
70 18
25 0
192 12
43 8
69 91
39 160
10 17
45 55
145 3
83 2
167 2
42 82
35 180
179 188
44 5
109 4
43 14
143 6
44 181
116 147
160 3
66 16
146 186
88 167
169 188
100 15
59 80
109 145
77 0
158 13
112 129
65 127
30 15
45 93
187 16
2 14
120 143
63 106
75 19
59 95
179 8
136 192
76 199
2 6
179 198
199 2
93 154
157 2
90 191
105 140
57 141
136 184
46 6
63 156
127 12
152 170
190 3
28 89
120 147
86 8
111 162
63 5
70 117
112 175
53 82
44 130
30 128
117 177
30 92
187 8
101 14
160 180
42 155
1 10
162 11
144 174
118 7
28 140
58 9
90 112
100 127
183 1
39 61
186 2
61 154
51 99
45 70
191 195
78 181
171 2
151 5
182 198
33 162
28 76
41 16
34 177
197 6
163 198
187 1
35 65
61 18
185 9
17 18
183 194
58 15
36 12
130 10
76 166
54 10
95 3
48 199
91 9
167 179
69 16
145 6
143 10
165 178
61 100
28 125
199 12
129 130
131 17
123 161
126 1
119 15
146 5
156 161
5 18
196 10
32 194
99 153
23 190
79 7
29 19
107 161
124 8
124 19
76 116
65 3
87 182
143 161
93 149
84 17
196 4
131 160
89 143
83 196
36 57
42 181
169 189
103 14
123 4
21 7
48 11
119 19
25 69
0 7
105 13
172 185
111 116
77 125
189 3
128 168
71 154
151 190
92 123
37 145
79 80
78 5
23 129
45 173
175 3
136 191
179 13
45 150
88 103
61 103
66 106
108 159
134 7
137 151
171 0
189 8
170 19
103 145
115 0
82 18
57 17
8 14
100 14
132 144
22 93
134 14
78 83
87 0
34 14
20 112
41 1
40 157
26 39
156 1
147 2
82 138
69 98
92 167
114 143
51 93
103 10
118 183
32 0
169 1
21 194
109 169
58 72
159 6
63 1
105 182
24 81
66 7
26 11
97 11
43 61
31 74
66 103
110 129
126 139
64 153
48 159
50 72
122 14
130 146
153 5
13 18
115 163
81 149
85 17
70 129
29 192
117 121
54 157
77 1
185 194
45 102
79 14
16 17
24 84
181 2
100 116
57 1
66 67
35 138
160 192
121 16
122 4
23 123
150 1
160 10
25 51
82 144
183 15
2 5
96 11
109 134
121 14
32 87
11 14
101 16
69 7
137 10
88 16
180 5
4 16
122 0
90 11
31 129
29 84
66 161
65 0
159 179
144 13
132 173
147 10
31 115
69 163
95 132
131 7
136 15
50 4
117 146
145 4
43 44
57 136
127 156
124 16
31 14
21 191
105 7
184 13
95 12
50 178
130 11
109 171
87 6
4 12
115 150
61 198
180 191
56 138
72 123
166 19
65 105
77 154
20 54
134 3
79 9
51 0
159 12
149 174
34 120
121 129
8 19
44 3
25 5
145 176
139 11
128 6
103 107
45 17
99 16
89 4
54 123
147 14
52 12
151 18
115 176
78 179
53 95
136 9
143 2
56 109
109 176
4 8
176 7
120 157
72 100
173 198
8 13
50 191
76 2
140 0
30 9
72 94
63 84
11 19
55 3
116 132
6 9
36 4
50 109
199 9
121 182
39 50
74 6
157 10
72 3
93 196
177 4
88 119
90 0
131 165
89 174
56 19
185 3
49 99
71 1
51 82
20 10
95 10
73 15
90 5
82 162
33 13
155 5
58 4
101 17
194 19
57 180
159 18
82 152
23 177
3 14
21 145
37 4
160 17
33 0
102 167
112 13
94 106
120 17
110 10
88 91
57 173
107 133
197 12
183 10
20 0
95 117
35 1
82 11
48 73
126 182
49 19
41 15
64 71
90 9
55 156
73 179
134 12
33 4
61 17
113 11
103 137
99 194
86 188
51 78
94 0
40 69
171 174
97 10
39 18
61 13
66 158
80 18
148 13
93 12
47 16
31 168
78 85
6 19
104 178
32 11
109 5
50 120
163 2
60 71
69 10
87 17
50 115
103 5
158 184
96 178
182 194
61 7
120 129
94 4
184 187
23 25
92 197
154 4
68 3
115 12
53 72
180 194
154 13
39 96
152 2
91 15
33 35
9 17
37 133
67 183
106 155
21 8
134 17
26 184
43 13
40 11
83 13
148 8
45 65
36 106
134 13
106 16
40 4
53 136
105 191
85 100
62 94
38 14
116 126
76 128
44 84
92 155
93 95
102 161
146 19
33 48
72 16
40 158
41 176
149 177
178 3
70 74
193 0
12 14
138 16
51 14
64 10
103 15
53 10
127 13
42 5
71 151
87 161
41 146
59 162
23 68
125 6
40 83
45 11
94 12
149 12
135 154
47 1
24 12
94 16
186 10
32 97
47 132
154 15
189 13
44 95
27 60
127 148
7 12
181 11
121 144
107 16
144 191
63 3
156 5
169 18
11 18
33 163
89 10
176 0
104 1
22 13
61 185
38 122
93 6
161 174
131 14
73 18
23 107
10 13
73 94
42 85
51 16
63 10
57 5
80 19
145 18
20 81
165 8
194 7
16 18
45 137
196 11
54 17
121 197
120 1
95 100
169 12
144 15
112 194
69 176
30 106
93 163
129 18
131 168
157 8
27 1
159 191
157 16
138 164
38 128
113 193
72 167
5 9
53 62
128 137
25 3
116 0
113 16
184 15
163 15
43 149
99 19
89 19
195 7
105 14
25 193
2 17
38 155
133 16
103 4
131 0
140 1
75 87
20 8
10 11
71 12
135 2
86 17
31 4
99 112
59 3
74 75
66 19
196 18
113 165
44 91
46 70
13 19
127 5
75 78
81 136
159 173
84 14
161 165
90 12
72 84
95 189
98 147
184 8
118 134
92 133
31 130
46 51
22 18
47 59
81 2
68 110
89 6
64 0
45 161
72 177
3 16
121 146
140 170
143 9
137 3
29 183
36 13
69 149
141 157
42 154
38 160
34 65
62 134
31 19
57 2
45 88
152 0
157 17
52 15
149 11
113 169
51 5
116 12
74 18
103 179
189 0
116 149
26 18
108 155
38 60
139 16
52 121
112 172
10 15
32 111
39 104
124 10
24 72
146 9
168 174
101 18
50 18
113 7
59 1
68 163
79 171
23 167
49 17
68 174
125 18
55 68
112 0
87 13
80 116
106 4
150 187
138 9
65 177
122 11
122 7
108 157
194 1
86 96
81 165
57 16
69 17
76 4
107 18
55 127
38 18
88 181
33 1
98 8
123 125
65 1
93 139
33 6
199 6
95 183
38 170
53 3
76 94
89 119
139 9
112 9
163 186
99 181
103 19
7 14
112 16
95 159
122 6
43 4
108 110
137 164
1 14
101 124
175 9
81 103
50 197
6 17
14 19
42 142
153 168
99 143
51 54
20 51
50 183
172 15
180 184
139 5
83 110
88 110
134 18
150 8
76 78
163 10
83 6
72 0
48 6
56 17
163 17
77 190
135 1
65 116
149 13
63 161
41 14
174 19
73 111
106 198
34 182
193 6
51 18
39 79
52 103
71 0
87 9
110 8
1 18
108 165
129 16
30 180
178 12
44 9
148 16
179 1
73 6
48 1
26 120
168 176
178 197
93 165
106 183
126 157
70 159
74 130
67 180
42 8
40 195
121 175
118 135
28 17
131 13
30 17
181 7
133 141
27 57
49 15
174 2
14 17
2 10
109 113
98 177
86 177
172 17
95 17
198 9
105 9
103 7
198 0
120 138
45 4
138 173
86 4
69 5
69 89
0 8
110 0
29 2
92 10
107 19
52 152
142 13
94 108
1 6
35 46
98 16
61 0
125 10
7 16
185 0
71 15
101 123
187 0
25 15
159 7
39 135
112 6
8 11
89 192
79 15
111 154
58 134
170 0
20 193
153 3
42 60
27 173
87 166
79 159
53 4
36 17
77 7
21 1
34 13
104 187
125 154
122 19
180 10
139 17
59 166
60 3
133 155
74 13
74 3
2 19
153 160
77 112
190 4
65 139
131 10
26 64
170 173
39 159
125 12
128 0
47 6
41 119
128 138
61 166
137 183
47 65
146 184
33 7
47 9
1 11
97 15
97 6
178 7
33 12
72 5
119 14
38 196
33 78
191 3
0 15
25 12
89 3
147 194
20 159
28 173
38 120
25 68
101 176
52 1
107 11
180 188
125 13
45 59
107 172
139 189
132 6
69 11
127 167
165 9
61 184
128 19
173 8
68 9
99 6
49 7
81 123
151 194
167 8
176 2
59 62
55 144
38 17
139 156
65 78
40 5
155 183
1 17
135 12
77 3
71 9
91 16
175 194
57 62
118 16
117 197
160 199
36 169
125 11
110 11
126 155
25 113
41 170
198 2
5 14
121 5
127 9
141 13
45 7
88 13
43 145
120 12
29 153
63 9
42 74
41 77
114 179
43 169
191 4
188 196
32 14
62 172
149 168
25 14
80 186
52 13
115 199
171 12
50 189
170 172
177 16
165 15
33 19
150 156
46 183
135 14
140 16
43 195
112 17
70 101
94 103
116 11
50 5
46 18
67 9
21 55
60 11
66 172
87 172
157 15
79 8
48 5
152 18
23 65
70 71
74 156
121 0
52 69
38 87
145 5
104 115
103 13
44 8
177 8
50 9
95 190
169 185
108 6
8 9
41 122
148 166
138 4
79 2
77 188
48 169
119 5
95 111
191 2
148 186
76 15
172 18
146 192
56 150
32 57
134 141
193 4
162 181
152 13
28 174
21 31
173 0
68 120
118 11
28 102
137 155
177 15
6 10
111 159
138 3
106 165
80 91
12 18
9 14
149 3
106 10
109 193
138 157
104 185
37 139
109 143
25 171
168 19
54 154
118 199
66 171
106 108
61 10
47 103
192 17
61 132
76 119
57 144
122 137
96 9
135 190
181 3
2 18
191 18
130 15
75 2
63 147
72 15
23 19
37 170
67 13
26 82
171 14
89 11
49 6
72 12
69 0
27 128
22 17
23 104
151 17
67 196
38 64
154 10
58 66
29 10
117 129
89 2
198 12
197 11
55 77
67 2
38 134
69 1
117 156
118 1
35 14
84 9
169 9
55 18
122 181
158 19
24 52
42 14
100 9
150 173
80 12
196 1
170 12
20 32
92 17
124 158
71 4
105 166
67 5
59 7
34 9
101 6
82 4
78 16
32 148
25 184
126 13
86 114
161 2
163 11
72 163
48 9
145 8
114 159
142 194
143 11
99 9
195 0
151 7
58 8
38 9
121 11
39 142
112 2
103 17
109 16
6 11
30 18
186 11
178 0
139 2
73 13
176 185
12 15
70 1
62 5
157 0
88 196
85 8
24 145
75 116
100 18
128 175
27 9
88 105
28 69
155 197
121 3
56 64
106 9
2 4
22 117
37 13
40 122
48 195
20 101
77 129
77 179
181 189
193 15
43 128
115 120
87 125
156 9
51 182
124 9
104 174
74 14
144 18
148 160
90 19
125 126
53 142
147 190
52 193
65 113
115 9
169 172
24 66
162 1
93 110
128 11
43 166
86 164
48 60
96 122
137 196
37 0
57 197
66 13
153 10
60 70
28 175
138 7
79 172
22 149
156 196
114 10
107 141
42 156
43 19
56 0
40 70
127 2
112 123
73 173
20 83
77 148
115 19
134 1
93 152
180 7
90 190
25 1
68 178
145 160
102 0
52 126
129 0
127 10
175 0
47 186
116 199
32 6
106 11
78 141
49 87
108 14
79 182
52 7
41 131
135 9
75 7
46 15
67 15
105 8
45 18
86 2
40 96
122 12
50 64
144 10
167 11
191 12
82 12
8 17
123 166
13 16
0 17
52 89
62 119
95 196
39 168
84 149
99 129
0 16
66 195
143 4
48 157
156 2
28 112
59 16
31 52
124 188
117 131
81 4
138 18
135 149
88 131
70 136
100 189
197 8
69 9
20 106
190 9
28 1
64 142
102 17
120 13
1 15
20 129
95 7
77 136
54 71
170 7
66 92
77 163
36 80
108 17
44 19
3 5
59 140
88 11
43 10
71 165
102 158
133 193
50 13
35 11
30 178
41 7
70 104
145 17
199 15
164 172
70 72
93 18
140 3
129 161
156 4
129 19
21 185
36 5
81 174
142 1
86 98
153 184
105 11
103 130
172 183
57 129
87 150
22 173
26 19
35 157
97 2
10 19
48 2
87 118
22 46
45 179
156 11
31 132
55 12
168 2
62 158
52 108
164 186
196 19
99 10
92 15
163 184
151 162
118 5
148 4
174 1
92 5
145 153
66 169
132 19
71 6
0 11
157 5
42 15
46 141
23 11
175 2
67 171
106 18
110 165
83 15
40 181
94 191
64 18
102 135
109 14
120 199
107 3
80 198
60 14
193 12
121 125
179 6
118 14
23 2
0 2
154 173
139 8
96 0
129 15
27 197
78 183
60 150
128 1
161 192
22 14
192 4
82 199
0 9
28 81
69 2
167 10
112 143
55 2
92 183
21 171
171 192
71 3
114 173
192 16
198 5
86 125
114 15
84 196
101 2
50 15
51 145
107 12
2 7
37 93
102 8
90 192
166 8
65 12
163 13
37 176
121 9
171 17
57 88
182 8
104 12
25 13
60 1
51 7
108 7
169 6
134 151
142 7
95 120
190 5
61 8
179 12
106 199
162 18
107 173
4 11
2 9
65 5
20 19
41 12
114 139
103 1
87 14
67 10
49 149
4 13
60 117
42 13
79 99
151 181
27 129
199 7
138 149
21 88
40 8
131 12
139 18
74 7
138 192
48 3
61 68
119 8
33 152
59 10
20 15
173 12
62 7
139 4
83 197
188 2
23 61
38 184
129 187
66 14
99 11
25 87
31 1
61 84
164 6
170 9
9 15
142 12
88 166
45 199
90 196
62 1
94 1
173 11
40 115
5 7
84 176
2 15
42 104
145 151
25 188
28 167
66 85
195 13
98 2
83 184
199 17
64 5
68 152
104 122
74 10
186 16
42 9
5 13
171 9
22 55
155 161
52 16
169 14
5 16
105 154
194 11
177 5
6 12
39 5
44 12
193 16
82 6
126 18
149 18
140 12
197 18
51 6
116 175
162 5
184 9
74 113
112 5
143 162
123 1
23 62
38 132
153 4
25 40
57 112
94 115
31 184
90 94
178 16
33 161
147 13
58 5
84 89
51 102
123 12
75 177
117 188
33 14
48 146
30 0
188 192
61 81
121 10
9 16
57 94
135 11
76 121
148 1
123 132
65 17
93 7
173 187
98 3
43 12
176 4
26 195
76 97
90 141
46 68
77 12
5 11
77 11
40 177
54 4
32 133
11 17
117 141
133 181
125 160
175 178
151 188
107 175
105 187
45 19
183 19
79 11
162 14
96 18
113 14
11 12
108 136
48 7
103 6
143 16
34 72
126 4
105 3
66 6
4 6
80 6
40 78
8 15
136 2
116 3
148 18
65 7
144 6
83 119
49 178
112 4
38 151
8 12
47 15
155 15
190 13
58 131
37 83
105 17
184 6
93 183
77 2
49 68
41 10
35 96
29 17
38 4
54 149
55 154
164 187
86 178
102 166
183 186
70 3
70 13
84 165
143 184
45 125
155 6
90 121
86 10
81 10
124 11
97 4
38 123
45 191
76 1
122 182
120 179
154 180
55 9
44 57
110 197
45 8
9 10
84 91
95 163
111 171
106 13
76 16
194 18
23 8
73 129
26 106
156 17
136 168
46 8
91 14
31 10
83 130
27 175
97 13
8 10
173 182
131 183
32 144
57 14
27 14
158 18
41 180
88 18
143 5
40 106
7 10
43 147
141 3
159 3
134 19
122 15
162 4
94 199
29 190
144 157
36 16
164 18
60 133
137 184
152 1
195 18
20 103
189 10
101 191
63 194
106 141
89 158
49 10
22 3
56 65
112 128
177 182
153 1
160 8
118 124
24 69
156 170
88 187
101 193
191 7
150 190
92 0
103 188
159 169
59 17
100 173
176 9
124 179
42 46
38 178
104 11
133 146
118 168
122 130
92 161
91 17
35 7
30 67
85 178
104 134
184 10
96 16
47 8
115 118
149 7
93 3
131 9
86 127
32 5
181 13
187 7
89 180
184 17
86 0
93 0
74 118
155 18
137 143
114 162
42 138
61 1
47 12
64 134
59 159
77 134
54 9
115 183
142 144
108 179
32 117
151 9
21 16
31 92
170 14
138 11
113 2
20 13
120 192
20 126
89 140
73 98
111 135
55 8
3 18
107 7
148 12
114 0
118 17
71 80
174 13
38 5
41 179
22 16
144 195
62 6
86 123
110 130
22 100
159 185
5 15
20 127
123 182
129 1
187 6
88 14
25 76
138 15
50 153
40 12
48 118
59 128
186 8
153 163
43 91
56 5
27 0
148 15
127 196
125 148
68 8
75 5
89 176
23 91
128 178
189 14
82 148
189 19
127 192
85 194
81 144
119 187
113 194
85 108
49 138
25 92
149 10
28 12
85 16
40 18
55 13
58 150
34 2
63 166
39 3
127 194
30 8
135 7
142 8
80 144
80 9
67 118
47 97
155 3
164 10
71 84
93 118
4 10
107 136
149 5
62 3
57 79
94 3
177 17
145 149
99 12
185 14
50 17
62 154
44 143
113 18
40 129
166 184
4 18
126 156
27 120
55 5
11 16
3 15
60 179
1 4
144 178
32 109
98 6
77 10
28 185
34 112
176 14
70 141
74 85
136 4
193 2
37 100
28 44
163 16
82 8
108 194
95 16
89 16
102 7
192 5
124 140
44 4
94 13
84 6
51 4
150 6
131 18
192 3
175 17
123 19
120 189
141 19
186 9
86 19
191 16
59 169
79 5
158 7
21 3
156 185
3 13
41 62
166 199
49 89
94 6
39 190
31 128
159 187
31 114
25 144
109 12
44 188
97 12
22 174
4 19
2 3
149 19
140 15
135 8
25 16
37 98
27 71
92 120
183 195
69 81
29 189
21 177
173 179
183 2
34 12
30 151
83 5
47 129
39 198
55 190
94 7
195 15
121 173
143 18
43 77
106 187
53 106
161 1
89 111
86 94
58 190
85 172
11 15
35 140
37 7
146 3
21 87
46 13
3 17
10 16
73 10
143 15
166 3
111 5
28 56
47 4
108 125
106 114
84 10
47 193
20 84
7 17
38 148
111 3
5 12
90 2
68 74
79 158
117 17
146 176
140 11
111 13
136 13
145 10
59 6
120 6
106 128
154 16
193 17
31 84
36 173
20 196
43 45
79 143
69 117
45 3
7 11
63 19
113 129
91 141
86 7
67 16
100 168
90 100
21 190
63 18
64 2
156 178
88 180
140 13
47 64
79 16
122 2
129 185
126 12
81 188
64 106
98 190
151 0
79 150
50 68
73 117
37 8
78 86
47 162
100 199
39 12
82 15
46 100
38 71
159 1
173 7
111 195
141 10
160 168
72 82
43 191
102 130
4 15
85 116
41 187
79 199
131 15
65 81
38 16
40 17
177 12
110 196
186 0
194 198
44 11
158 5
195 19
61 5
82 84
90 123
45 132
162 15
91 2
65 10
67 19
130 17
70 14
50 89
81 166
68 0
46 11
28 57
37 5
132 18
190 12
46 107
163 3
97 199
55 104
39 179
29 94
56 13
129 173
36 157
98 160
51 11
73 8
104 118
50 194
80 197
130 169
182 188
194 8
172 10
86 118
89 107
133 15
130 8
110 128
97 111
34 152
71 191
97 154
187 2
94 9
80 128
157 18
12 16
1 3
4 5
110 19
152 11
173 19
60 12
156 165
54 107
40 74
85 136
194 10
154 12
41 19
47 117
169 15
121 12
88 5
78 8
27 121
133 7
44 102
79 174
154 184
164 188
133 171
26 17
174 15
1 2
139 160
178 13
73 12
72 74
4 17
92 16
62 86
31 189
165 14
9 11
35 189
118 8
68 14
156 18
55 168
95 191
23 13
43 2
95 103
88 89
151 8
21 75
143 153
57 104
27 5
78 167
36 10
66 160
173 4
112 196
158 173
134 146
94 5
159 15
101 130
78 7
128 2
0 19
160 5
63 17
60 85
80 17
92 8
24 8
98 123
114 5
59 4
92 185
0 4
37 46
69 110
120 126
96 153
88 6
55 0
123 11
93 169
