118 120
32 3
140 14
72 186
134 160
62 161
144 173
3 14
119 152
4 7
100 7
72 75
33 19
130 145
39 7
166 7
43 4
184 17
64 110
111 5
101 181
22 12
87 13
136 8
187 18
95 129
36 153
55 111
25 46
40 196
52 189
71 5
31 74
174 17
195 0
65 172
127 154
136 9
159 3
24 123
114 3
71 91
77 114
146 179
111 156
72 17
105 151
0 12
126 155
24 74
118 13
38 49
56 8
143 18
33 166
51 148
8 15
44 83
131 12
67 11
91 189
38 196
151 5
92 102
51 90
99 195
136 2
27 5
65 140
109 198
87 7
100 3
40 169
47 150
134 3
34 157
60 16
116 8
100 181
30 187
76 99
0 18
164 171
61 109
164 12
93 184
171 15
161 194
74 179
94 2
44 47
48 18
82 12
83 120
54 181
38 0
70 107
119 191
40 2
185 4
94 12
100 192
66 110
34 15
2 15
82 15
158 14
63 4
21 189
33 3
0 7
173 8
54 170
81 164
23 144
158 178
32 38
76 116
21 176
121 8
78 0
114 124
48 179
150 6
61 167
194 197
65 2
71 193
26 61
155 170
39 70
4 10
20 13
32 95
119 10
176 13
189 18
21 55
142 0
130 15
59 13
100 163
112 18
110 175
33 15
79 123
53 78
140 165
65 17
102 3
109 149
23 99
124 8
159 1
92 117
136 10
21 15
111 6
124 11
97 186
24 15
49 64
133 2
129 8
138 3
112 0
97 6
111 16
150 1
77 108
172 17
126 15
183 16
169 7
168 1
180 182
60 8
78 184
165 8
123 12
62 81
62 193
100 175
37 88
66 0
97 169
143 12
100 16
57 12
77 10
110 1
24 3
53 8
112 17
61 92
36 12
120 199
54 178
71 96
109 2
101 169
35 191
24 97
59 71
96 191
41 111
149 152
157 16
23 14
53 17
168 10
45 141
50 9
104 186
96 1
86 130
23 18
66 10
97 12
52 83
133 152
135 8
118 199
113 18
52 127
46 19
150 19
93 174
79 191
63 114
178 18
21 117
171 193
111 13
94 0
25 142
45 182
116 154
23 1
112 19
115 181
166 6
70 3
142 10
111 18
46 1
67 116
52 6
72 143
62 188
70 97
148 12
62 134
138 194
115 133
28 189
21 187
2 18
95 10
82 96
175 13
138 17
33 145
119 0
92 110
116 10
115 5
26 17
137 1
65 66
3 4
37 101
68 87
21 18
155 165
103 197
154 199
120 16
38 65
148 172
46 76
93 19
100 123
105 154
62 160
53 9
68 14
79 3
50 60
0 4
143 2
152 174
167 3
41 88
29 116
160 169
131 179
75 111
85 136
20 164
31 14
198 16
71 10
78 131
191 17
68 12
77 179
180 7
27 15
30 130
193 19
57 10
75 128
119 121
106 1
119 12
98 18
7 10
163 10
108 12
128 143
76 17
124 19
97 9
71 180
65 14
98 3
142 165
60 1
151 191
91 17
38 14
58 4
42 138
154 6
64 72
9 11
156 163
36 67
75 145
25 137
170 17
41 12
159 197
193 11
166 170
49 19
1 6
184 195
55 4
55 18
170 15
67 101
41 162
55 157
130 192
48 59
38 8
106 17
84 157
65 97
5 7
24 16
23 78
157 168
98 111
103 0
55 1
29 2
182 12
142 182
93 136
66 129
168 12
22 72
55 0
193 7
110 189
89 0
57 90
61 11
43 8
114 2
159 11
134 156
32 112
24 12
59 9
163 1
30 144
87 178
28 110
107 135
117 1
127 130
76 165
31 1
55 3
166 14
69 190
127 144
2 12
159 12
48 134
161 187
139 17
97 2
24 6
98 8
4 16
140 10
70 147
96 9
183 8
112 11
52 64
99 13
182 3
185 15
160 12
91 8
44 12
113 142
183 7
194 5
25 2
75 7
94 134
181 5
105 3
17 19
190 16
72 7
168 5
36 15
29 172
70 104
199 9
149 7
51 111
199 13
66 101
133 156
49 161
29 14
88 141
169 1
4 5
76 16
78 18
178 0
52 108
76 11
149 2
102 149
177 3
190 19
30 53
41 1
62 126
76 13
140 2
147 5
26 2
24 165
89 158
54 19
76 175
25 125
22 3
124 15
183 5
60 105
32 57
132 15
37 9
20 78
73 18
102 16
117 184
28 132
129 12
126 0
14 19
148 179
172 2
190 10
66 13
63 88
28 5
54 10
150 11
37 5
121 12
66 178
46 14
114 130
191 199
193 16
124 170
52 10
90 194
135 149
66 8
75 107
23 178
119 17
154 180
54 17
40 125
12 16
91 6
49 56
52 148
119 14
30 32
0 15
36 58
193 1
55 178
68 1
59 81
131 17
129 189
165 11
10 19
112 4
176 182
133 18
143 10
140 9
120 5
39 14
159 4
44 102
146 11
2 9
151 194
118 17
116 17
59 12
152 162
94 147
28 94
76 9
95 6
125 160
90 2
155 162
47 16
168 3
176 15
127 18
79 90
36 98
69 104
90 175
27 99
74 170
86 15
150 3
119 9
89 17
97 174
85 12
41 17
24 103
119 167
22 8
50 0
24 59
131 3
190 15
61 166
52 12
46 101
36 3
127 199
179 15
140 11
144 148
197 5
192 9
73 109
147 12
73 16
122 2
110 148
32 9
95 185
135 158
67 68
127 198
48 7
34 143
8 18
29 113
86 115
5 11
77 175
68 182
152 5
43 3
90 8
76 12
151 9
139 7
186 12
96 17
104 18
158 183
103 133
83 101
10 13
153 10
32 177
58 14
127 197
136 174
80 6
141 11
3 7
32 13
71 4
39 45
183 184
68 79
190 6
170 10
34 183
59 6
62 135
120 142
177 5
188 18
90 122
161 184
124 6
21 41
164 10
44 183
160 0
145 8
45 68
162 2
99 159
77 16
103 18
6 14
64 129
57 199
3 13
7 13
76 123
109 118
142 194
71 11
144 16
86 196
150 167
117 14
112 129
42 16
37 122
139 166
70 152
73 10
144 8
59 108
121 187
37 183
26 1
80 17
95 8
122 0
62 6
1 4
30 58
72 161
164 165
41 139
52 117
40 19
121 18
136 166
140 1
85 164
55 6
44 5
133 168
137 10
47 78
145 174
168 189
117 4
8 14
39 91
62 14
101 17
87 155
128 134
39 104
87 11
47 3
74 134
97 8
70 184
186 3
30 56
43 99
119 171
112 5
180 19
88 152
133 19
86 197
90 12
151 192
130 16
107 1
69 6
154 186
47 12
110 10
122 9
150 2
27 159
130 0
166 185
67 1
6 12
81 118
115 15
97 183
50 179
35 167
56 7
149 190
170 14
45 123
50 7
101 166
104 7
93 118
179 8
57 163
78 105
120 152
137 11
23 17
138 9
53 19
174 16
35 14
61 105
33 6
102 19
80 104
38 17
99 152
2 3
28 31
94 17
130 181
2 11
85 101
38 62
83 10
194 18
66 146
46 128
135 4
115 10
4 19
62 156
51 157
119 147
5 9
172 16
41 178
173 7
127 5
118 6
76 10
176 3
22 19
22 155
65 71
143 190
62 0
154 157
50 145
8 11
148 4
164 13
146 180
26 75
126 192
80 1
75 122
42 176
86 169
69 120
174 4
92 141
179 5
172 6
70 19
26 14
148 10
152 153
48 93
70 2
36 132
191 1
88 2
108 18
117 16
159 7
119 139
131 4
50 53
68 165
117 125
105 120
58 3
3 18
9 19
185 9
159 177
95 9
28 175
148 9
117 198
43 71
70 156
46 51
141 7
25 60
117 8
115 199
27 89
82 87
177 14
167 4
71 84
42 170
145 12
147 198
116 19
38 12
110 157
33 9
45 110
47 99
90 16
64 4
198 19
68 133
188 12
192 7
5 18
87 0
46 0
162 173
101 10
22 13
137 155
37 119
120 130
43 16
37 14
126 10
43 127
135 17
189 9
69 196
132 185
56 18
59 19
2 4
29 118
63 131
180 0
170 177
63 89
79 86
23 67
135 187
6 15
100 146
103 165
109 17
92 127
181 4
147 3
194 13
72 6
108 1
49 113
64 131
99 8
198 11
194 2
162 10
120 174
47 174
125 19
96 3
84 4
34 144
162 15
66 74
31 187
108 8
58 6
8 9
79 136
123 151
61 168
161 0
101 6
43 17
28 38
145 3
171 12
194 10
184 10
84 6
34 8
163 14
122 152
82 133
120 171
97 17
188 4
53 94
40 76
199 11
73 148
25 181
86 7
20 17
108 129
20 8
89 13
169 10
80 167
37 1
55 73
85 11
79 12
165 173
144 3
144 150
95 120
34 182
30 196
144 17
34 129
154 8
34 19
96 134
52 73
40 99
22 63
99 11
93 8
7 16
170 19
22 54
166 179
122 157
97 126
96 163
5 19
180 192
153 9
179 17
154 2
27 130
107 7
13 14
175 189
179 4
171 6
66 96
94 98
58 156
83 13
146 18
135 10
44 85
111 4
105 16
96 4
150 7
100 5
20 21
136 140
78 158
54 2
63 12
42 151
38 186
176 6
121 6
164 3
78 146
96 159
124 143
49 145
133 0
90 102
9 15
2 5
45 19
54 172
66 126
151 14
107 17
188 11
61 14
34 35
51 150
34 172
32 10
150 13
137 159
86 112
64 76
60 4
138 4
29 5
0 5
169 12
199 5
29 158
197 11
115 184
66 81
49 18
4 15
180 13
197 18
115 2
146 2
62 180
178 12
62 2
10 15
136 3
103 185
21 1
36 18
30 198
33 44
35 103
62 7
158 7
118 8
78 99
109 167
128 13
119 1
80 119
160 4
181 14
80 158
114 17
176 8
178 8
42 10
170 0
152 187
36 163
43 44
127 131
38 164
88 13
147 7
1 11
86 14
74 84
127 1
57 15
92 0
185 12
144 19
24 147
179 0
131 145
59 140
187 5
137 163
181 7
64 19
65 107
174 7
106 160
90 156
104 15
60 2
187 15
137 4
89 10
110 132
91 100
165 9
169 15
173 19
77 194
72 82
26 7
1 19
59 196
45 12
5 16
116 156
65 85
108 198
2 8
150 4
162 197
187 13
44 109
122 133
93 191
172 9
102 151
128 18
82 97
26 158
66 68
72 0
24 5
128 194
130 6
67 3
66 176
103 122
86 179
38 176
82 136
32 8
46 82
41 188
83 5
136 141
43 15
190 199
62 109
90 113
195 6
160 3
9 10
97 15
36 105
187 12
75 182
106 7
166 197
140 196
152 13
122 124
68 0
112 179
74 15
63 182
189 5
167 1
66 158
54 16
82 158
50 109
48 14
158 12
71 158
143 6
35 12
92 152
181 1
26 164
22 15
5 6
27 14
132 13
22 35
134 11
93 16
43 156
57 8
62 181
13 15
95 14
39 10
74 94
80 159
35 176
110 12
119 15
134 5
136 14
166 13
103 5
107 162
123 156
154 14
130 178
98 145
148 0
26 160
66 11
132 8
125 137
97 123
173 14
75 13
29 31
141 156
46 9
124 148
109 159
69 112
195 5
117 13
44 51
108 15
65 70
22 28
45 157
52 3
36 103
104 168
145 187
165 10
51 197
168 179
146 192
70 7
162 6
31 15
118 189
49 4
99 3
116 11
46 7
191 9
55 104
49 5
115 4
138 13
63 3
126 9
134 9
70 9
48 122
75 10
72 12
72 129
58 10
130 188
34 17
65 69
64 14
46 71
46 10
69 98
153 184
75 17
78 9
100 178
62 88
165 13
33 91
122 6
43 57
111 8
25 10
51 18
82 2
59 1
191 15
35 122
120 0
83 6
78 15
37 4
57 19
83 2
65 144
97 134
38 138
184 7
79 104
135 15
126 1
125 14
56 17
139 1
186 5
149 6
60 6
45 186
127 9
39 8
152 180
74 4
24 111
70 16
137 7
45 56
36 39
191 5
142 14
133 11
53 12
20 161
108 180
82 83
45 9
24 114
88 158
151 15
60 154
68 18
29 95
85 90
3 16
102 130
118 185
61 172
38 183
79 10
123 175
87 137
111 12
171 179
63 109
172 0
137 5
85 17
109 151
199 12
84 165
74 100
59 8
100 8
7 12
188 16
136 187
32 96
131 191
128 186
97 121
36 8
113 15
50 4
123 159
0 8
36 165
112 6
79 9
25 50
185 198
110 19
25 135
117 190
0 13
100 120
74 180
42 3
74 150
1 9
48 177
78 4
130 193
142 1
84 17
143 19
128 176
175 18
62 13
70 159
22 11
46 186
171 1
54 14
187 9
149 9
80 188
38 10
96 196
47 14
63 18
29 109
137 19
180 193
90 18
126 139
84 96
134 162
66 98
47 56
156 1
69 12
136 152
68 101
195 9
120 190
41 164
98 4
83 16
109 150
5 10
124 7
63 189
86 3
104 156
112 161
114 194
109 13
162 170
141 12
69 9
175 12
1 12
40 8
40 11
92 133
26 82
41 192
64 101
199 8
35 114
54 175
60 102
42 174
42 17
22 43
51 4
44 114
30 54
3 8
65 88
48 191
77 144
8 19
95 178
165 198
55 16
133 5
44 175
193 3
151 13
155 5
98 165
125 4
37 3
156 9
66 4
22 17
67 138
125 142
74 11
127 137
138 167
108 19
5 13
89 112
137 178
69 7
56 12
39 97
176 19
109 12
96 5
70 99
27 104
107 13
173 178
40 18
190 5
78 81
37 102
22 9
86 8
66 19
92 17
101 9
110 6
108 7
183 13
142 184
48 12
169 6
134 1
192 4
195 14
115 11
198 5
193 15
57 13
159 189
140 6
159 18
46 18
128 132
57 16
98 117
110 15
61 5
141 17
100 131
34 12
107 182
51 10
133 196
45 46
58 139
88 9
25 126
104 19
48 56
33 147
39 19
40 161
82 17
33 86
47 120
141 16
55 114
30 197
51 3
94 18
31 188
148 199
163 8
72 19
197 198
92 19
0 16
183 198
29 119
114 7
27 131
25 121
132 6
70 157
53 138
109 7
130 4
112 10
1 13
131 147
86 12
193 0
126 3
195 10
48 141
98 5
154 5
160 14
54 121
105 19
86 168
107 160
145 14
27 7
50 56
166 9
84 192
45 164
96 6
62 17
149 162
101 104
50 2
142 173
153 192
96 2
43 196
132 3
60 193
118 135
28 2
102 179
150 169
1 8
146 5
174 188
62 1
52 143
30 118
31 109
14 16
117 157
87 15
50 58
162 163
64 157
190 0
56 99
60 10
67 9
110 127
21 133
119 173
125 11
3 10
96 19
89 15
163 6
74 17
197 3
191 3
40 137
103 2
126 133
84 9
78 87
186 17
51 154
174 2
63 7
129 196
50 101
197 8
60 181
62 5
20 94
144 5
65 187
128 3
77 80
138 161
2 16
25 162
114 154
84 169
57 1
34 0
139 19
66 97
140 8
31 131
182 19
62 155
198 10
165 18
155 185
24 71
162 16
59 110
50 139
45 94
135 190
194 1
102 145
29 196
12 14
181 0
43 197
42 161
167 13
54 56
128 2
64 7
88 99
62 18
101 178
90 132
102 13
100 4
151 158
73 4
37 170
179 19
7 11
144 198
21 4
159 9
127 159
73 80
154 175
102 178
141 182
45 16
3 15
80 10
56 196
28 13
49 90
68 92
1 5
165 2
23 16
71 104
26 83
58 186
74 12
93 122
41 7
28 9
145 17
77 12
47 0
28 98
162 166
82 14
23 6
38 130
162 17
164 14
83 11
10 11
65 167
187 10
181 17
0 11
32 52
85 183
66 17
36 63
50 14
166 8
47 125
31 58
48 105
157 185
34 9
173 18
101 7
1 14
117 146
46 155
40 191
156 169
83 19
90 14
73 11
21 171
20 61
30 190
158 0
86 144
164 19
199 3
73 171
129 143
137 8
106 179
183 10
149 181
29 81
32 156
140 156
62 8
196 3
44 0
63 177
91 175
99 10
59 172
116 14
123 168
98 178
83 154
42 43
28 1
177 4
158 164
65 149
194 19
61 70
2 6
91 111
72 2
74 101
44 14
107 3
191 12
185 192
60 194
147 183
27 147
185 13
28 61
31 12
62 12
24 17
178 6
59 184
28 19
142 176
23 12
122 14
197 12
197 0
151 8
180 194
124 9
52 0
132 136
193 6
41 2
66 149
143 145
195 2
37 106
112 138
182 17
127 174
29 169
53 10
94 3
7 9
61 69
12 18
42 188
101 14
38 197
61 79
83 3
154 9
185 10
35 148
114 6
174 1
45 15
100 2
27 0
79 8
188 5
104 174
50 69
27 105
28 11
56 174
148 171
90 5
60 121
101 153
193 5
39 15
184 16
95 2
89 124
186 16
87 17
30 1
10 18
114 11
107 119
98 19
88 102
126 168
112 123
65 124
162 11
136 7
36 97
177 7
99 14
145 175
140 153
100 6
113 167
183 17
84 10
27 16
61 6
159 10
138 139
154 169
89 102
2 7
20 64
3 9
149 4
95 147
22 97
89 96
138 19
75 124
34 4
196 9
29 36
36 5
53 194
81 16
24 51
63 151
39 11
108 197
20 67
86 157
22 166
57 3
15 16
83 178
48 19
76 8
67 8
25 29
50 19
110 139
134 190
83 1
130 133
60 132
31 0
152 9
86 111
145 18
178 15
14 15
89 1
174 10
188 15
158 2
44 13
129 18
81 139
7 15
113 14
119 138
190 9
83 4
41 19
140 13
87 14
49 111
118 7
152 11
75 132
163 165
174 12
31 8
32 168
37 7
65 96
21 19
42 65
28 107
124 13
150 159
63 14
49 149
131 1
57 122
136 194
58 15
158 169
68 11
67 14
20 14
171 187
74 5
12 13
61 0
110 196
105 1
76 95
73 7
74 8
178 16
198 15
51 5
85 192
9 18
149 172
94 16
57 17
55 158
128 181
138 151
60 90
27 69
99 2
188 10
22 145
29 96
34 14
149 18
47 183
122 155
77 78
9 17
109 113
166 0
121 16
59 130
105 197
61 10
88 191
68 154
98 158
71 121
144 181
103 114
36 89
41 191
85 110
5 8
166 19
68 166
146 188
59 15
44 126
45 199
98 0
52 5
105 182
20 194
161 17
29 189
37 182
98 169
106 159
60 17
60 15
118 179
90 112
8 10
53 85
56 133
198 18
167 15
34 166
131 168
175 7
38 18
170 8
74 176
63 10
11 16
52 174
73 0
26 18
157 6
9 14
148 11
182 9
60 190
153 187
185 2
88 182
27 17
177 186
56 198
84 123
180 16
99 15
80 120
97 185
143 191
128 5
133 4
107 4
67 145
162 12
115 9
8 17
97 137
25 15
88 147
74 167
37 160
114 197
62 179
131 172
54 80
43 101
77 142
114 118
161 176
139 154
43 97
90 0
76 161
60 104
76 107
65 133
38 148
89 104
37 165
61 13
96 161
98 104
166 189
183 186
27 38
148 165
44 16
80 165
123 143
94 4
138 143
138 12
97 115
53 105
6 10
75 144
107 14
36 150
93 193
196 7
28 161
64 185
7 8
61 183
30 100
154 187
111 180
192 13
48 6
32 161
84 138
23 0
1 10
38 122
132 194
97 16
60 114
93 12
94 105
81 8
57 107
145 9
189 17
185 7
128 12
123 14
137 157
186 11
45 82
170 184
90 159
190 2
96 150
121 164
117 130
115 177
85 176
80 16
148 176
88 104
57 91
38 133
144 13
20 184
3 6
29 72
182 13
189 197
60 146
119 18
39 105
115 124
55 8
20 176
55 190
74 159
154 7
54 102
69 75
151 18
96 171
171 5
52 101
46 2
106 15
143 13
1 2
40 181
99 167
116 0
70 136
74 9
141 18
94 15
161 199
35 93
190 7
78 177
53 190
191 0
100 188
99 166
50 141
87 124
138 18
146 1
94 5
165 0
38 111
107 12
1 15
51 128
125 5
25 95
7 14
107 11
118 4
79 114
177 0
51 84
47 85
139 18
23 197
88 140
64 135
88 4
35 13
71 14
0 14
42 143
128 163
36 83
167 14
182 5
196 8
36 169
68 15
124 16
113 2
194 198
188 17
146 9
79 18
47 191
180 10
146 14
35 111
81 92
101 0
93 109
60 3
135 12
30 11
74 19
42 180
68 167
39 86
86 177
76 7
136 4
69 3
125 139
176 12
76 3
45 125
159 14
31 7
160 10
131 169
114 139
71 148
45 119
48 5
31 35
43 10
129 157
199 16
170 7
45 129
135 5
79 11
22 39
40 42
75 3
82 19
62 106
28 119
69 19
95 149
73 14
191 13
154 11
50 61
34 3
175 185
38 48
69 94
114 4
134 141
71 150
151 160
77 128
153 6
140 17
122 8
181 10
58 11
86 0
103 14
84 14
91 129
111 2
143 9
138 2
155 189
86 170
35 173
35 95
75 142
81 15
37 0
50 55
130 13
29 16
132 10
120 6
65 175
91 160
7 17
188 191
31 18
157 161
156 2
130 158
64 164
25 187
158 10
49 150
111 14
197 9
60 131
108 167
56 60
132 198
71 131
38 94
116 190
98 160
111 198
98 99
56 0
118 9
130 196
105 9
129 177
184 2
8 16
177 12
153 182
34 67
33 47
145 4
78 129
65 5
32 5
37 11
107 137
41 120
1 18
168 176
21 10
93 13
126 19
67 175
161 4
107 6
155 174
113 161
143 1
124 137
126 8
7 19
184 8
131 18
38 19
87 110
36 6
121 182
123 9
2 14
132 182
31 5
20 3
67 17
73 122
163 19
133 153
180 14
24 144
82 126
110 0
117 140
21 92
77 3
121 166
32 105
39 134
170 18
83 172
171 11
143 8
177 8
54 167
128 190
146 175
160 7
196 11
22 10
85 18
89 94
124 3
73 84
184 11
32 4
131 16
42 101
126 4
67 70
106 153
92 148
169 182
175 3
49 177
137 139
81 18
173 9
73 1
198 7
75 15
121 131
28 4
153 0
69 180
63 9
35 139
35 53
31 92
31 196
5 17
122 126
142 144
55 180
0 9
154 3
0 6
183 14
129 19
109 5
173 12
129 164
42 56
23 140
113 17
4 6
32 102
72 121
85 2
80 112
119 146
107 117
81 82
101 4
37 162
157 183
110 197
161 3
41 141
46 5
55 2
75 170
78 128
27 77
191 10
62 191
57 0
53 173
23 11
100 13
140 144
86 13
100 119
116 149
28 14
70 5
89 100
29 168
32 61
49 15
31 114
59 18
132 158
64 166
162 1
29 9
34 94
77 84
133 10
124 17
106 110
99 1
91 16
71 9
41 47
176 2
58 103
129 159
95 182
76 176
128 8
139 4
11 13
62 171
13 16
102 172
21 35
140 7
75 127
128 11
80 18
31 183
110 4
160 189
81 147
187 0
147 190
85 14
106 162
145 164
88 7
56 15
85 188
108 148
58 17
94 158
168 192
148 151
48 3
186 13
85 15
91 3
176 5
156 182
81 148
37 92
58 75
114 160
43 14
25 9
43 65
31 168
139 3
32 0
88 112
79 1
25 8
143 4
80 113
128 14
190 1
40 5
129 17
109 145
112 15
57 68
56 107
109 180
47 9
113 189
162 9
56 163
77 6
13 18
178 5
160 18
193 17
184 4
49 108
21 180
51 126
180 8
173 191
39 69
130 166
129 137
97 129
159 192
17 18
89 128
165 15
58 8
121 3
36 0
122 177
24 65
68 5
159 180
146 181
84 7
54 4
65 129
3 5
165 179
102 14
121 10
194 3
25 138
65 8
26 146
141 14
158 15
130 186
164 9
165 5
31 199
122 10
51 160
104 197
79 4
189 14
87 9
80 142
157 188
98 197
47 196
65 3
149 161
167 0
101 160
197 17
15 17
20 18
93 1
33 10
75 18
82 5
64 170
118 10
145 15
171 19
51 138
36 73
67 5
172 13
28 81
97 14
110 164
183 11
52 160
71 17
113 1
40 4
63 5
27 165
45 100
60 120
96 15
34 16
146 156
84 135
48 107
99 107
84 12
48 135
61 17
190 191
11 17
77 17
137 14
1 7
161 14
11 15
34 53
0 19
82 16
131 19
104 9
108 17
90 17
6 11
71 114
101 149
85 102
40 69
20 0
97 148
196 18
129 6
112 8
35 137
95 143
131 8
143 156
108 145
60 185
119 11
70 17
90 188
156 19
119 154
168 19
59 5
41 13
102 176
27 121
51 19
165 195
160 178
49 152
52 14
145 6
116 163
18 19
125 10
155 13
112 12
166 175
188 8
194 16
150 0
79 16
122 17
37 192
150 186
64 90
27 6
39 77
115 145
131 6
6 16
102 5
121 196
48 92
47 17
50 6
119 141
175 15
153 159
103 10
88 135
114 117
41 69
70 128
97 161
81 86
172 177
67 6
150 196
26 10
58 101
89 113
5 15
21 49
66 14
31 85
63 152
135 18
106 14
67 137
115 197
91 19
86 19
52 168
171 18
66 117
4 12
48 62
74 3
192 2
93 4
83 199
144 2
30 14
48 64
175 195
70 0
50 177
123 11
167 175
104 8
99 7
155 2
136 16
127 12
34 69
114 169
62 85
108 195
40 6
178 14
30 114
77 169
129 2
33 132
150 162
48 52
69 87
180 3
37 10
161 19
84 125
30 124
139 11
2 13
6 9
128 0
24 58
63 75
111 177
88 98
80 152
153 13
6 13
144 18
94 143
54 5
112 191
65 128
67 164
42 89
111 3
114 5
180 1
3 11
44 18
47 159
20 195
50 97
137 149
67 149
176 16
30 19
101 8
101 191
28 181
78 17
107 18
36 154
73 132
48 160
134 16
26 108
56 190
102 10
16 17
145 16
20 63
41 14
28 167
177 6
24 26
134 17
20 6
40 56
42 111
137 176
29 18
69 5
70 180
182 1
101 143
49 63
100 11
101 184
55 159
57 95
83 118
29 171
50 199
48 100
198 4
144 9
174 0
111 145
116 9
164 1
187 14
148 18
51 14
11 14
133 16
70 92
63 95
143 11
90 6
31 11
89 14
93 0
20 11
52 8
49 182
22 167
47 149
36 164
92 139
139 167
124 2
30 7
56 11
55 103
87 19
83 191
76 19
193 2
71 80
67 91
13 17
143 170
177 191
96 100
24 150
33 12
70 170
124 4
92 1
44 10
52 16
141 191
33 151
32 79
53 159
36 19
107 169
33 4
130 2
14 17
137 17
58 13
23 7
173 16
187 6
74 149
175 187
106 2
152 177
20 2
43 0
167 8
6 19
39 182
27 36
2 10
102 9
102 133
128 9
13 19
134 155
28 0
105 185
180 2
79 7
181 18
44 97
26 71
72 165
57 109
63 117
104 133
40 14
94 8
91 171
178 17
100 1
3 17
53 121
136 158
69 14
33 13
151 16
57 110
41 145
185 11
49 1
96 14
47 10
155 1
51 137
151 3
2 19
110 130
131 2
151 7
54 71
61 137
22 124
106 3
150 15
136 1
58 122
95 131
50 12
140 149
89 132
101 5
113 196
49 96
156 6
30 193
54 143
78 12
135 147
80 2
57 131
11 12
92 12
64 192
130 170
42 15
174 8
50 73
178 11
20 178
160 181
39 94
126 193
66 166
7 18
158 18
129 7
93 6
26 34
76 162
20 7
52 115
69 137
191 11
105 17
101 11
85 9
24 87
78 13
60 62
85 92
105 152
145 153
164 18
90 19
28 18
64 13
10 14
133 161
198 2
35 80
9 12
78 116
114 15
118 11
173 4
40 13
78 7
149 191
40 163
181 198
164 175
149 3
76 189
34 146
75 120
26 178
58 142
122 174
86 10
48 194
30 135
112 137
93 2
150 9
33 197
64 2
123 8
61 18
80 81
132 5
21 71
139 2
23 111
74 128
43 18
90 92
162 7
78 5
127 167
77 4
165 188
117 15
68 10
27 19
61 169
35 17
194 9
106 10
76 91
114 13
25 197
116 196
30 0
32 136
104 137
159 176
47 91
138 8
78 2
40 10
78 145
100 193
116 169
197 4
186 6
67 10
57 155
47 19
47 2
134 6
30 129
111 10
10 17
68 129
129 10
53 83
181 13
21 125
194 15
28 37
91 7
73 164
171 4
155 169
108 16
4 11
36 99
66 190
89 193
80 88
54 120
29 177
131 192
197 2
197 16
74 16
67 2
26 188
30 103
156 8
139 6
120 17
11 18
74 0
85 131
5 14
99 9
186 15
23 182
32 6
35 79
42 162
27 118
93 7
10 12
57 196
95 198
79 120
29 132
26 30
121 176
171 3
81 142
72 16
41 68
166 1
62 16
43 83
75 16
133 184
130 5
133 14
181 12
51 6
77 185
78 83
164 7
114 14
46 17
73 6
121 170
9 16
24 70
112 136
160 6
31 19
99 0
28 106
9 13
26 197
93 199
186 4
82 93
63 90
21 58
27 91
150 5
171 190
12 15
46 116
70 174
42 52
20 143
37 194
135 19
39 179
67 190
195 19
105 108
92 14
116 158
91 121
130 11
60 9
154 16
6 18
32 14
25 136
85 173
96 13
41 4
133 6
144 6
110 16
156 172
175 5
98 14
139 175
141 0
51 76
133 15
36 181
20 105
100 14
1 16
50 129
94 11
51 13
101 15
155 181
29 165
145 191
57 142
155 0
66 16
145 10
98 11
94 14
49 172
38 6
116 13
161 7
40 17
187 16
103 149
32 1
0 3
128 145
125 1
110 2
4 9
37 16
32 97
4 17
123 16
37 8
99 12
33 155
62 3
149 10
72 5
48 149
112 158
105 141
142 6
160 166
56 138
32 2
148 180
34 102
168 6
20 73
112 9
21 5
132 4
76 5
34 13
32 39
33 158
62 15
30 2
93 124
54 193
56 175
33 116
66 112
96 179
108 119
55 185
36 1
47 71
77 138
28 89
164 182
52 17
166 199
154 13
88 122
175 6
35 16
137 0
171 186
99 141
116 140
36 47
185 195
69 103
173 13
77 159
189 1
156 3
105 109
43 134
106 0
23 15
153 15
97 112
139 168
46 106
155 19
62 19
156 17
33 7
78 14
122 3
75 8
50 3
69 15
103 19
11 19
93 10
189 6
30 13
3 19
66 80
65 123
97 140
98 147
4 8
75 160
77 158
91 135
69 110
169 5
190 3
36 109
89 91
60 7
1 3
53 11
86 138
66 167
109 164
1 17
27 13
89 19
69 126
5 12
74 119
180 4
123 199
55 93
64 0
2 17
70 176
98 146
99 125
182 14
130 1
175 9
130 14
72 111
146 15
77 0
183 188
192 15
62 130
159 181
108 3
27 112
119 2
67 173
58 134
51 0
38 145
59 163
4 13
181 3
37 15
139 5
30 50
65 11
28 95
113 5
33 84
186 190
199 7
139 173
117 176
41 6
100 138
104 10
66 155
106 133
134 7
12 17
175 4
36 122
36 37
49 189
28 56
114 19
24 7
161 11
134 179
87 1
139 8
155 16
61 130
128 7
107 184
134 138
31 180
24 10
26 4
