152 7
177 3
49 5
136 17
85 198
100 12
111 193
42 0
75 12
81 15
46 140
157 17
178 16
71 171
15 18
132 19
82 135
160 8
50 132
78 17
167 0
111 188
162 180
146 6
119 168
82 189
113 193
158 18
35 1
20 7
47 60
101 9
193 18
115 178
93 3
37 165
59 192
41 7
84 6
139 12
100 10
49 95
138 166
151 12
94 9
7 14
101 8
71 112
62 186
199 17
118 19
154 18
121 4
90 9
24 13
50 86
158 4
38 93
124 4
125 164
28 9
58 93
157 16
45 116
199 4
161 10
62 177
140 13
29 7
82 85
145 196
163 196
113 6
21 55
61 166
88 196
78 8
1 3
145 182
24 144
39 140
35 156
28 180
20 196
95 174
148 6
151 2
48 16
22 52
182 0
178 19
46 58
191 19
54 12
42 12
195 1
82 8
60 93
80 18
143 4
196 19
77 131
99 180
100 1
166 0
96 162
29 12
80 14
2 17
80 150
131 178
63 99
131 0
74 3
181 8
26 7
32 144
140 0
61 92
118 1
171 16
170 12
123 13
54 173
134 7
71 173
152 9
51 99
84 11
182 1
77 190
54 148
60 180
58 8
162 9
24 56
149 193
42 11
32 187
68 3
67 6
11 15
137 6
30 170
144 170
145 9
66 85
91 7
164 11
33 11
59 14
77 134
52 18
55 176
44 186
30 125
55 195
41 148
57 4
111 10
130 16
187 5
154 14
198 1
33 136
39 191
85 0
101 6
37 81
132 5
60 94
100 138
43 128
23 13
156 15
61 126
160 166
149 12
101 15
50 91
9 15
1 9
120 130
23 5
73 16
30 79
66 101
155 7
45 181
179 14
150 164
85 172
185 9
92 163
147 163
44 183
39 19
196 11
122 0
41 71
71 163
190 12
22 44
113 15
184 19
34 8
62 13
9 18
21 196
96 146
97 165
66 4
47 18
65 13
20 21
159 3
44 98
54 19
122 161
191 0
28 1
153 15
53 160
93 171
135 19
49 73
67 194
128 145
0 8
26 19
154 171
87 109
55 170
7 15
23 48
94 160
141 19
5 11
77 194
62 108
64 109
23 139
35 5
64 74
44 116
119 17
65 109
171 8
32 81
100 4
177 19
60 139
116 9
142 15
146 196
70 178
90 185
112 117
41 16
89 2
1 13
169 2
66 76
127 10
93 12
1 2
41 3
31 14
176 19
150 187
25 18
174 10
92 152
39 6
54 155
185 19
174 188
64 9
77 5
152 2
196 17
70 175
128 13
107 16
121 6
170 174
130 172
107 17
117 2
79 82
100 156
99 4
31 105
93 107
72 11
74 163
195 10
1 10
155 168
93 109
145 1
137 180
86 109
182 15
193 17
49 18
127 19
162 14
68 102
121 158
80 189
54 164
71 160
71 5
76 183
87 13
40 19
148 10
126 188
82 18
106 2
158 184
28 7
73 2
104 5
54 16
48 131
95 127
23 184
59 113
110 129
197 4
82 10
22 12
77 4
107 124
132 0
100 107
33 172
168 4
48 167
53 4
31 99
133 7
143 17
165 192
7 8
119 155
134 169
31 130
73 127
178 7
35 130
63 150
85 18
141 13
110 128
105 5
28 197
54 78
193 5
97 16
153 10
194 17
151 17
24 5
180 2
128 3
100 13
74 96
154 195
52 14
192 15
45 182
49 92
80 87
120 9
66 90
10 13
84 131
73 162
156 8
97 146
176 7
114 133
38 6
92 7
109 198
182 8
74 124
99 8
132 15
22 6
53 196
63 161
162 173
10 14
157 6
64 131
116 146
31 117
120 188
172 8
37 15
153 8
9 13
22 16
24 98
60 123
6 19
188 18
68 142
108 19
41 8
100 2
92 173
36 18
192 2
41 10
36 76
63 89
69 132
11 14
136 18
156 193
89 153
86 6
168 183
40 8
110 180
50 184
65 81
23 4
79 145
55 151
57 191
147 13
35 17
162 12
95 5
197 15
127 16
132 7
132 138
79 189
177 192
52 2
89 3
129 3
110 178
39 92
39 195
194 15
154 7
29 1
176 11
29 140
59 1
20 161
37 14
37 5
178 15
74 0
114 7
52 81
113 133
76 6
125 6
148 8
122 12
20 15
52 60
4 16
52 13
34 12
118 163
76 0
87 11
65 159
78 84
98 10
34 122
50 162
197 0
197 2
164 169
52 71
106 149
108 161
35 113
22 149
69 80
115 132
113 162
105 155
102 105
184 9
102 5
180 187
37 166
35 182
66 93
44 151
57 164
146 13
23 61
124 18
179 5
146 157
137 12
129 195
30 2
13 17
45 13
120 2
23 6
85 97
10 18
104 115
2 13
103 151
99 166
71 2
116 134
15 17
138 189
177 185
157 191
108 18
92 2
20 29
31 56
169 10
40 12
142 2
22 13
130 157
134 173
143 3
62 192
73 139
86 17
185 8
5 10
138 194
194 12
84 1
57 18
116 10
120 196
75 94
113 14
33 64
57 123
86 111
67 131
189 12
144 14
129 187
120 139
45 166
21 56
27 152
75 3
32 8
76 124
121 12
42 135
57 17
32 137
44 188
126 190
82 19
121 11
172 184
77 19
76 14
131 14
78 163
178 3
105 11
15 16
92 14
191 199
179 18
192 3
77 14
31 167
2 19
109 185
58 99
160 193
38 149
23 17
90 186
139 3
142 151
165 11
78 94
113 166
106 179
147 18
159 189
30 131
55 105
68 166
55 1
147 5
24 86
27 125
33 10
23 91
45 8
123 4
161 7
170 15
92 116
173 9
30 4
134 170
183 18
110 174
22 78
104 151
68 155
198 12
0 3
191 195
90 6
186 11
50 165
69 8
28 86
37 52
124 159
53 14
170 13
103 14
0 19
42 6
67 103
67 3
113 157
111 11
48 159
70 166
11 17
145 164
174 0
38 41
160 12
40 190
182 17
174 5
188 11
34 7
25 39
162 3
29 11
114 177
22 94
22 161
100 18
186 18
144 182
8 15
101 127
129 0
91 0
76 2
28 39
86 11
152 13
84 119
100 122
199 3
39 137
47 64
6 12
21 36
84 3
59 8
95 15
105 3
92 5
80 1
69 90
184 0
42 180
2 7
37 145
86 141
103 18
156 9
60 193
31 89
152 178
39 10
78 18
163 8
116 0
109 164
20 135
138 6
179 195
116 181
103 187
16 18
139 17
77 2
61 115
95 18
187 2
192 13
172 17
40 162
94 176
106 134
144 16
115 141
13 18
70 194
94 5
150 11
6 16
40 133
104 4
42 10
2 8
170 179
52 11
123 19
88 156
107 3
56 0
8 11
108 120
55 3
51 13
59 164
75 116
29 45
27 159
70 11
144 9
26 8
6 18
82 4
184 12
70 90
122 140
72 173
2 3
58 179
87 0
81 19
75 179
173 7
115 5
94 96
146 2
30 104
83 13
86 157
83 129
2 15
87 153
190 17
166 12
26 53
47 10
33 164
99 1
92 10
98 17
107 132
42 88
50 4
146 162
98 1
70 128
137 9
33 9
30 165
183 191
178 185
87 12
22 153
85 7
106 170
97 174
102 11
173 15
64 114
137 18
89 171
64 12
181 182
41 19
106 14
53 8
147 16
35 183
33 13
49 76
68 122
131 9
92 12
181 13
157 11
73 191
142 16
31 86
43 0
106 123
39 159
26 88
188 7
35 7
95 196
3 12
149 183
69 111
25 112
140 19
183 11
155 179
190 196
170 3
90 5
131 2
60 6
1 17
50 197
61 152
69 148
56 75
145 3
24 17
84 197
70 14
42 138
125 18
103 115
71 14
107 8
81 87
85 6
81 195
121 184
91 186
24 51
114 15
76 169
114 140
111 139
51 130
5 17
169 9
184 199
145 13
175 12
79 127
96 15
73 134
166 9
53 194
134 6
58 115
117 168
56 116
44 101
126 193
53 18
142 6
160 2
49 150
36 6
131 3
21 82
55 5
84 112
164 5
118 15
189 19
103 152
120 163
176 10
70 2
54 104
126 13
17 19
138 13
121 0
50 10
43 12
130 17
86 8
195 13
113 156
21 17
49 17
90 13
3 10
28 2
77 129
122 139
135 190
95 19
68 147
185 18
96 14
108 115
111 2
72 15
127 5
159 15
31 92
185 2
65 8
62 180
181 185
177 4
133 140
92 11
52 5
84 2
132 18
50 2
158 11
112 19
179 0
0 9
154 19
133 15
88 101
124 188
83 7
39 178
174 15
86 167
61 93
27 185
165 3
143 12
0 1
64 18
40 180
185 5
82 1
113 114
159 162
144 146
32 10
59 153
65 170
144 15
123 3
106 154
197 18
45 117
24 81
163 4
20 8
47 12
28 56
40 6
79 176
11 13
184 13
116 188
47 90
188 19
110 147
100 148
175 19
114 11
190 18
79 191
23 86
97 100
66 2
147 2
45 143
83 15
156 179
147 0
179 11
72 8
122 142
15 19
134 9
93 14
100 16
30 134
143 11
54 135
78 182
50 0
86 12
141 8
132 143
100 174
173 0
80 82
180 10
72 184
112 168
58 11
128 10
57 107
125 173
92 4
111 17
59 194
171 7
58 10
139 4
177 8
91 15
130 13
164 0
42 131
189 3
36 19
104 15
161 188
92 167
140 1
29 88
149 9
49 19
140 11
23 164
42 191
129 6
62 122
101 193
120 7
81 14
67 143
112 153
84 7
74 1
159 1
166 3
137 170
27 3
133 172
65 147
1 14
106 11
121 5
79 6
62 9
48 5
150 19
95 147
67 149
37 94
113 192
145 14
29 171
61 168
146 171
10 17
176 16
114 181
123 151
78 0
68 189
138 14
174 16
33 77
115 146
24 18
20 13
28 19
72 182
75 87
86 102
170 2
63 178
94 99
74 171
75 126
25 19
147 19
168 17
35 10
73 144
157 13
138 12
66 154
28 18
70 196
198 6
133 2
44 198
22 135
26 108
43 9
20 111
163 167
112 162
144 2
94 135
86 18
60 70
146 15
104 7
25 117
193 198
164 8
66 0
145 0
34 11
72 171
103 128
61 4
58 18
83 188
129 5
90 140
36 14
93 197
8 16
65 5
134 13
165 193
55 131
118 10
14 18
43 170
172 15
48 14
106 162
87 189
43 124
65 131
78 1
47 84
78 83
57 81
77 133
54 70
21 67
159 0
30 182
145 12
105 118
121 124
93 133
110 191
132 17
33 2
111 119
38 11
165 16
125 8
73 14
101 10
52 67
137 7
8 14
141 4
74 186
51 56
4 13
108 188
1 5
8 12
168 192
31 58
77 10
113 17
91 8
139 5
143 13
70 13
20 4
32 18
35 0
93 18
0 14
43 123
29 5
114 0
147 153
134 12
4 17
135 3
153 18
165 183
117 189
115 18
26 11
151 14
142 11
91 154
74 129
27 93
40 15
128 182
3 7
190 8
116 12
146 19
6 14
83 16
74 19
30 35
193 16
111 121
145 185
26 33
93 103
128 158
98 125
1 8
122 163
130 175
182 4
27 1
118 139
50 17
69 0
41 105
24 27
37 4
59 4
117 145
148 4
51 137
148 19
137 158
26 113
184 15
85 125
57 16
99 2
114 12
194 18
189 14
69 5
51 197
97 18
21 101
31 98
49 102
66 137
163 193
193 12
27 2
151 13
188 16
106 4
47 6
108 147
198 13
85 4
143 156
13 16
97 179
151 190
50 83
57 1
185 16
30 6
58 2
194 14
20 139
92 153
110 13
146 18
116 137
53 149
123 12
166 11
35 59
40 184
75 137
121 15
114 19
25 124
78 6
167 9
136 184
52 66
106 160
115 19
107 1
69 13
30 10
96 18
119 167
27 18
26 32
79 118
101 146
2 4
156 12
2 10
70 6
71 114
26 157
87 106
26 28
56 188
141 12
53 161
172 175
60 5
196 12
69 130
108 184
95 0
113 168
5 14
64 10
3 11
28 80
44 16
175 1
153 191
180 1
71 121
64 99
36 81
146 0
150 0
46 19
151 18
30 148
138 4
117 9
56 88
193 1
54 56
10 12
79 84
192 198
49 123
125 12
133 9
25 134
127 192
78 152
21 94
178 6
169 4
54 191
161 15
68 0
24 41
36 152
73 12
166 16
177 14
34 3
171 4
188 6
69 6
25 156
13 14
122 9
29 18
141 16
142 192
53 6
79 179
23 114
54 121
140 6
76 13
137 138
134 8
158 16
60 88
162 6
96 10
73 89
180 13
97 141
25 142
35 144
75 4
114 8
14 16
62 142
111 12
68 179
148 192
108 7
26 189
27 78
0 11
25 84
149 5
99 3
79 13
149 3
37 9
52 12
86 135
66 164
69 19
44 139
49 3
36 164
40 104
29 143
158 191
55 102
140 158
14 17
105 8
10 16
132 159
27 35
83 145
32 92
26 164
53 123
88 15
180 12
53 148
5 16
56 8
24 132
143 0
152 11
13 15
93 10
32 60
46 197
48 100
44 173
61 106
43 110
99 124
37 2
46 152
76 178
189 13
40 5
158 9
27 192
33 6
45 0
68 14
89 9
12 17
177 186
71 196
41 163
189 194
68 164
88 154
68 11
100 114
73 6
30 147
111 0
22 0
21 88
74 177
53 131
152 16
63 137
183 6
55 182
28 10
0 2
129 18
48 119
26 5
168 0
84 115
113 122
40 139
136 155
84 125
0 15
16 17
195 19
76 11
163 14
51 10
183 190
49 147
57 169
95 7
24 15
157 8
59 120
82 12
29 3
154 10
52 7
90 14
171 11
188 5
149 19
51 104
21 0
88 157
176 15
172 7
159 9
56 109
71 4
65 2
167 7
94 198
41 64
34 0
66 143
28 198
33 89
54 11
79 93
4 10
73 124
59 0
181 6
89 186
35 13
39 4
104 106
198 3
122 18
48 6
176 6
7 12
28 43
30 193
65 98
112 0
109 19
70 136
72 162
162 13
65 191
190 0
139 16
199 19
154 17
139 166
26 13
54 68
70 135
51 0
126 1
131 1
198 9
191 2
177 7
94 104
135 183
146 151
38 69
96 187
100 199
2 5
192 10
185 10
142 14
169 1
45 18
49 124
183 0
58 110
74 16
156 0
45 163
54 132
108 9
97 155
104 0
39 165
109 16
49 67
115 9
142 3
167 4
20 6
144 18
52 17
127 6
32 14
89 6
0 17
96 177
54 13
50 58
185 191
96 184
164 7
121 17
176 177
158 5
25 9
178 9
170 14
86 131
48 0
150 10
110 120
88 148
49 0
20 10
183 3
133 193
41 6
39 197
24 36
31 1
190 13
151 170
42 9
35 64
85 171
143 19
107 9
28 79
158 160
29 102
45 16
132 161
179 12
43 199
51 122
188 14
132 8
90 99
101 178
128 163
193 9
61 2
58 3
51 159
120 8
39 121
64 170
88 5
53 16
58 169
99 0
59 6
104 168
128 5
90 7
166 180
186 194
3 4
156 3
78 98
80 107
54 196
135 16
199 13
81 138
191 5
73 93
90 1
112 6
58 85
88 163
159 160
69 122
118 196
63 19
6 10
47 2
68 138
67 12
80 103
28 38
33 16
195 7
123 1
80 118
93 8
30 186
126 156
78 13
111 14
90 147
136 6
64 90
64 121
32 179
47 11
10 11
24 150
49 188
44 177
68 90
88 155
122 181
178 1
38 116
59 19
151 178
74 7
160 14
155 10
179 10
42 181
170 191
53 132
87 7
195 8
90 16
0 18
88 7
77 147
72 16
94 146
140 15
132 191
103 8
40 11
68 109
44 74
28 75
64 15
117 191
139 8
67 187
130 135
153 14
82 7
45 48
145 8
69 136
169 3
147 162
57 6
89 193
177 6
67 171
102 173
5 12
32 65
65 100
45 121
33 3
97 147
70 16
57 3
84 16
106 3
189 1
71 73
6 17
30 53
35 47
4 6
37 0
10 15
132 13
36 64
64 167
160 15
58 12
168 5
67 129
177 9
24 9
153 161
49 9
0 10
190 10
34 14
31 186
167 186
22 194
88 144
76 4
85 9
66 91
44 4
44 11
123 187
170 6
183 16
114 136
69 176
128 0
0 12
43 5
56 57
106 1
31 114
180 6
55 110
114 164
123 166
30 19
26 170
48 9
53 197
95 2
46 153
46 133
40 177
4 18
163 16
138 193
55 130
107 145
144 151
108 15
160 5
74 147
144 192
39 53
87 122
37 3
162 18
34 57
6 13
146 150
87 108
158 17
152 15
88 160
48 126
20 54
6 11
114 3
179 6
186 4
100 104
43 17
152 6
45 12
65 9
23 32
59 11
61 107
149 191
114 14
66 118
133 10
123 11
54 127
171 173
86 127
79 111
12 18
14 15
117 127
48 86
9 16
26 190
137 17
21 11
51 124
100 182
74 88
144 195
76 18
178 13
11 19
24 59
64 5
1 18
53 96
81 11
20 152
110 0
97 130
34 184
91 5
144 149
144 12
94 149
105 191
72 170
73 7
92 137
9 12
62 124
2 14
119 151
26 29
120 179
115 7
81 144
69 14
52 78
148 197
56 11
155 18
12 14
50 7
147 10
25 16
98 199
43 89
57 137
27 151
65 104
198 0
37 85
23 18
65 0
139 142
63 79
65 172
175 0
119 7
54 63
149 18
52 125
93 1
21 18
44 9
58 165
56 12
32 153
40 2
20 99
0 16
41 180
187 6
134 14
183 15
26 134
135 11
58 139
132 10
159 14
70 156
139 153
57 163
37 185
147 17
44 3
106 126
63 15
109 183
115 182
147 178
31 18
77 108
159 178
24 125
0 5
98 16
68 185
108 150
95 105
104 19
22 114
83 5
72 14
152 1
58 106
31 175
46 54
80 5
141 199
124 174
120 0
56 112
126 3
119 162
151 161
155 182
58 199
151 3
65 6
21 6
72 17
51 121
43 177
95 12
27 19
25 13
85 13
44 165
67 101
164 196
37 167
147 150
71 181
3 18
23 1
115 14
51 163
97 19
130 19
64 162
98 197
65 148
6 8
91 188
81 102
32 15
81 192
36 187
151 4
101 135
86 149
133 17
94 140
47 91
32 1
32 16
179 198
152 163
100 102
148 12
29 10
121 8
87 10
111 162
41 65
94 181
67 154
61 139
136 9
85 12
25 88
96 6
145 7
182 6
187 9
183 2
35 132
38 180
124 130
43 173
185 7
117 120
51 198
75 157
63 170
179 181
88 16
58 130
38 43
47 194
111 143
72 4
37 130
144 17
32 184
108 118
162 5
48 7
122 126
116 6
99 16
124 7
196 9
39 142
115 176
100 159
157 199
44 13
91 164
181 0
112 7
22 199
40 10
62 94
183 8
105 18
68 107
48 75
105 175
151 1
45 147
168 14
41 4
112 160
46 17
122 1
89 18
76 19
98 101
26 1
63 10
72 10
80 156
128 14
134 5
160 171
129 1
32 5
64 17
105 195
61 16
23 56
83 193
151 0
183 7
36 11
158 12
28 12
131 148
55 198
34 146
95 112
75 114
130 7
86 0
68 113
113 8
83 2
131 10
93 17
99 130
168 15
24 180
136 0
27 16
157 10
54 77
121 2
136 3
84 174
21 122
108 109
90 129
35 3
130 141
139 2
132 2
165 15
180 7
63 164
105 10
96 9
149 163
82 199
77 11
28 176
31 165
44 6
119 133
58 109
174 4
31 51
28 11
79 171
30 32
21 110
126 10
176 199
126 197
72 18
196 3
142 7
76 5
31 103
63 11
192 17
25 49
0 13
159 12
170 18
61 131
30 88
86 7
43 127
141 17
28 139
63 167
25 51
9 10
44 135
30 106
41 12
104 175
75 14
98 13
80 4
87 4
176 0
42 87
163 11
77 8
162 7
154 6
25 122
22 15
92 106
21 32
137 154
110 2
104 117
52 173
60 91
154 164
65 111
179 7
54 119
3 8
181 9
97 4
57 140
166 17
102 124
98 8
116 132
94 10
154 166
76 99
123 9
122 19
53 168
104 9
165 7
99 11
118 0
62 15
100 135
74 14
176 191
33 8
127 193
110 6
130 3
101 4
84 93
33 62
107 13
156 2
120 12
63 68
102 16
22 151
89 124
146 12
74 130
43 193
93 95
116 190
43 15
66 1
130 4
53 9
164 18
183 13
149 164
176 14
2 16
186 9
163 175
54 1
169 13
53 81
165 8
58 176
168 8
53 71
159 19
34 96
91 18
52 57
70 3
24 189
64 148
41 102
36 121
45 11
64 115
80 111
128 18
130 11
4 19
97 124
98 160
39 96
182 3
119 184
85 124
153 17
78 97
58 166
4 14
108 148
66 177
44 10
48 151
59 15
185 196
58 198
75 128
115 0
22 8
86 1
26 15
157 181
36 52
84 199
124 8
35 8
29 98
79 4
59 191
66 17
65 166
182 2
128 9
44 127
198 5
75 196
140 5
100 124
90 157
41 166
82 193
35 75
39 11
199 6
164 4
7 19
93 173
106 142
171 19
109 175
43 6
123 136
86 169
85 164
59 17
52 95
75 140
43 69
55 116
137 13
157 169
108 5
47 104
62 80
176 9
22 177
20 63
185 12
142 17
74 182
181 12
48 182
22 104
12 13
138 172
59 13
119 196
126 176
33 50
7 9
105 16
25 7
79 5
120 3
69 2
56 2
100 103
66 184
36 172
196 16
168 1
34 176
127 1
54 14
69 87
139 165
55 70
68 6
196 7
109 174
52 143
177 191
118 17
145 17
66 6
50 189
8 9
148 5
134 149
122 144
50 89
36 180
27 160
58 6
112 16
95 194
70 12
157 177
95 193
43 7
20 87
156 199
127 17
129 148
96 147
88 2
29 188
38 4
46 9
38 161
188 12
50 11
1 19
126 131
2 18
50 157
120 10
27 71
126 135
35 14
194 16
103 5
57 12
106 0
67 14
82 0
0 4
0 7
140 188
118 14
88 19
42 160
40 135
72 3
152 3
29 79
83 147
73 117
195 11
43 3
107 143
25 35
117 12
152 161
126 11
150 165
29 19
135 6
116 11
132 146
116 196
85 187
71 94
11 12
169 5
187 14
54 166
92 122
30 18
104 14
70 7
108 14
8 17
122 14
5 7
23 8
169 173
181 194
61 187
139 157
50 13
71 3
76 16
199 11
89 104
184 6
54 72
27 11
105 4
177 13
146 159
132 140
37 114
51 174
188 194
51 4
37 191
66 83
46 16
80 19
22 66
11 18
79 18
186 10
74 90
21 1
67 15
2 12
89 0
39 77
69 15
147 165
85 2
70 85
20 26
52 56
65 186
109 5
82 14
74 18
134 1
145 19
30 15
192 12
46 15
44 12
188 197
42 53
76 177
122 186
148 14
110 18
51 14
64 72
116 147
114 10
62 163
172 11
122 149
160 196
37 41
65 116
89 17
102 3
48 190
1 16
65 145
68 133
45 189
110 5
29 8
8 13
199 16
57 151
192 19
155 17
147 7
5 19
63 72
162 11
75 191
50 62
38 88
174 18
161 5
191 16
83 196
86 107
55 16
12 15
104 105
64 68
133 6
167 18
87 137
27 113
167 16
184 4
173 18
40 109
165 172
75 161
87 96
35 164
55 14
142 19
61 8
167 10
98 0
33 4
116 166
104 109
1 11
167 17
87 8
170 19
107 130
35 102
80 13
64 169
139 9
153 1
107 10
43 18
60 121
125 17
51 162
55 127
46 161
28 147
164 15
96 154
52 176
26 131
8 18
103 198
87 142
175 10
55 2
166 8
20 145
171 18
75 138
131 11
163 9
188 196
44 79
102 128
79 141
181 18
147 11
171 12
42 19
27 10
48 164
169 19
141 167
23 78
55 12
130 176
168 6
116 151
47 19
97 14
116 18
56 105
42 3
59 108
4 7
42 143
82 13
43 163
134 187
62 121
161 12
89 14
90 97
9 19
91 14
63 147
89 144
195 4
65 17
60 13
98 143
165 12
41 63
56 60
98 2
112 136
117 136
21 153
110 190
98 196
56 144
43 114
120 183
83 168
50 18
62 170
50 135
60 118
175 17
118 128
120 16
122 17
65 127
193 199
104 195
30 0
54 17
25 160
41 187
130 179
83 185
85 153
160 174
55 103
44 14
45 9
199 2
138 18
180 11
138 8
175 15
106 10
141 0
76 3
3 13
94 8
94 13
119 15
187 10
21 46
64 8
48 51
141 155
176 2
105 15
38 139
94 191
100 173
103 2
142 188
128 4
90 154
43 80
61 19
84 157
90 160
69 126
49 135
156 1
86 164
42 172
60 61
118 16
7 11
93 127
118 8
149 182
111 147
76 1
197 19
47 96
167 6
133 14
27 0
74 15
92 131
96 163
127 9
5 8
179 185
85 3
40 82
56 4
30 158
182 5
145 170
49 113
123 10
48 18
103 111
95 11
37 66
69 10
41 49
144 172
81 16
67 193
196 1
49 122
152 18
186 16
56 117
163 1
32 112
99 151
108 182
93 0
170 5
44 123
41 82
28 159
21 194
162 2
179 3
63 120
85 165
102 6
32 38
77 175
68 1
53 82
60 63
45 110
74 158
105 194
47 1
35 105
73 174
187 7
101 179
33 167
170 8
49 120
37 110
68 7
135 4
20 104
83 1
79 14
143 173
102 166
109 152
120 17
61 15
125 15
73 13
58 148
135 1
116 152
78 19
151 6
176 3
22 14
100 150
119 142
102 18
141 18
111 138
124 17
135 18
134 157
106 152
96 2
64 75
63 12
57 172
33 0
138 164
92 161
146 190
53 15
104 112
184 7
116 184
38 66
154 192
61 101
143 5
180 14
56 114
149 14
65 154
158 162
184 3
160 10
75 184
69 16
55 184
142 157
105 124
172 12
23 14
69 4
49 77
94 156
143 15
2 6
26 95
116 197
119 132
3 5
29 55
179 13
189 10
107 11
45 126
126 192
77 9
23 84
134 192
184 188
63 160
132 4
140 190
128 8
97 199
50 19
112 14
171 2
53 3
98 133
95 155
126 17
94 0
136 159
67 89
52 1
67 93
113 10
118 18
58 17
59 3
75 10
23 77
55 71
33 148
39 45
162 17
78 90
54 117
38 133
22 133
148 13
136 186
3 6
115 15
66 136
42 142
137 4
81 13
29 87
97 0
41 174
153 181
141 173
35 138
186 7
64 19
6 7
25 194
105 126
138 181
93 102
69 74
73 11
55 9
94 17
47 0
47 101
166 168
66 7
109 12
30 196
167 1
7 18
91 180
101 7
46 158
108 0
23 15
110 10
92 114
65 137
130 156
142 160
93 98
138 1
37 16
133 19
91 19
137 191
38 90
81 8
93 2
70 5
73 186
115 6
72 130
24 19
5 13
22 19
91 6
30 144
25 162
4 5
189 15
182 18
179 15
111 8
197 3
132 16
27 148
25 15
40 183
104 3
57 94
94 148
193 3
26 70
4 11
62 16
160 19
111 125
180 3
45 15
124 134
66 175
60 171
91 11
43 133
136 141
35 180
37 89
82 197
39 72
172 9
126 6
8 10
5 6
23 62
110 7
156 13
84 9
150 12
107 199
32 188
127 15
128 17
51 18
76 167
165 14
156 16
183 1
41 171
87 89
27 14
56 15
117 6
39 9
173 17
4 15
73 18
125 13
61 156
81 12
65 10
101 11
125 141
16 19
127 190
155 1
176 18
122 182
7 13
174 6
108 134
48 12
161 170
79 9
64 4
71 124
194 19
107 194
50 199
146 17
49 6
46 68
70 113
55 4
48 195
120 191
140 198
62 182
127 11
119 3
13 19
99 18
151 11
23 94
124 12
108 138
181 14
72 82
52 162
82 11
107 12
58 19
85 14
43 19
21 7
94 167
71 153
172 189
154 11
105 121
62 198
140 193
1 15
93 137
118 148
116 2
104 153
101 0
113 125
33 70
127 176
9 17
36 4
188 2
133 18
27 6
20 175
152 5
38 153
188 1
91 112
30 161
34 97
12 19
1 12
131 5
64 147
104 18
71 140
39 8
87 16
84 17
95 13
92 185
44 47
51 188
140 142
41 0
43 134
63 107
173 174
70 0
105 7
135 14
67 188
122 198
176 17
114 172
132 164
122 16
173 16
55 76
93 118
99 196
95 114
66 12
4 9
141 172
69 92
48 50
88 110
108 13
107 136
144 159
192 6
71 100
71 151
43 198
91 16
136 14
168 3
185 6
24 6
20 3
148 0
7 16
34 171
61 167
36 129
144 173
40 3
54 0
91 141
40 1
139 10
49 74
60 115
85 1
51 9
114 158
97 12
122 4
145 10
135 15
98 3
181 19
103 183
51 112
111 16
34 17
131 7
20 49
158 175
53 10
100 8
37 143
83 11
172 1
121 169
129 161
31 13
121 1
140 8
90 3
101 119
115 13
96 149
69 93
21 53
94 16
84 163
138 9
137 1
35 169
191 10
71 0
61 14
128 16
153 16
5 9
3 17
70 197
94 95
171 13
21 121
107 158
68 187
61 7
48 173
100 149
115 1
120 186
142 162
165 2
120 6
131 138
24 33
61 108
82 188
88 9
79 87
166 6
36 118
57 186
147 173
29 0
163 7
92 1
3 14
154 12
120 14
24 184
95 154
3 19
177 15
158 14
115 168
139 164
153 7
29 159
59 9
44 7
150 163
116 13
1 4
116 159
117 142
61 12
33 112
36 198
68 78
77 0
21 159
73 15
109 7
123 6
172 6
58 83
68 160
100 11
32 3
46 118
37 107
184 1
113 140
198 4
88 6
41 73
7 17
179 4
124 10
71 90
95 138
9 11
139 15
48 17
38 5
197 8
43 8
133 3
26 124
110 121
34 5
55 8
75 162
180 19
67 98
168 18
113 16
132 150
167 13
34 50
72 115
146 168
30 65
34 183
178 5
101 16
57 5
53 156
115 174
37 12
1 6
163 15
2 11
34 15
175 179
58 14
82 2
4 8
20 67
41 197
3 9
77 186
22 7
60 143
49 16
26 63
67 0
98 108
193 6
40 115
52 8
155 15
3 15
160 16
31 164
157 2
167 11
131 168
88 172
111 130
156 18
104 165
139 175
47 152
189 8
43 168
120 1
199 15
31 12
155 5
173 3
36 160
95 101
177 10
84 168
144 1
183 12
33 12
68 2
38 12
14 19
99 13
4 12
43 74
139 170
22 162
41 158
154 3
35 71
21 16
157 7
54 10
48 4
186 5
75 112
119 186
129 17
48 49
106 17
48 120
5 15
105 171
96 176
155 11
32 186
56 6
23 122
139 159
88 121
165 6
6 15
187 12
72 98
175 6
39 91
