180 196
66 15
151 177
102 5
43 19
181 9
60 67
130 166
138 13
114 126
30 57
54 136
35 9
126 2
117 17
144 3
140 5
34 124
76 17
11 14
47 166
87 173
63 79
63 72
126 7
5 16
122 1
36 4
35 8
98 3
47 128
130 7
39 189
168 9
136 11
163 1
126 135
97 152
100 170
147 183
184 18
145 164
51 126
140 14
64 5
65 130
47 72
72 6
2 15
173 15
105 197
21 72
102 182
102 12
3 18
103 173
88 152
101 134
74 192
89 4
186 11
50 168
2 18
48 14
58 101
131 19
144 166
187 19
34 7
77 79
194 0
57 170
29 164
24 18
39 9
2 10
1 14
190 8
61 95
10 14
160 1
22 65
184 19
82 173
57 16
40 2
138 173
44 2
25 48
23 63
64 75
39 82
139 2
42 8
21 7
43 7
109 118
79 18
38 135
21 124
49 152
54 132
40 147
197 0
59 135
109 15
116 1
56 82
145 13
152 193
176 14
74 3
194 10
109 171
41 87
81 98
156 14
43 6
52 73
53 141
53 117
112 11
44 186
105 166
26 190
132 159
111 199
40 123
20 60
96 13
143 195
45 19
118 8
136 19
179 6
71 153
45 85
80 171
42 87
33 11
46 4
42 7
59 16
120 18
62 82
8 12
86 158
56 70
65 7
121 9
91 119
177 15
39 8
53 173
53 93
3 11
4 19
89 2
66 1
69 121
68 134
74 144
37 70
89 11
101 191
32 107
191 19
27 14
129 140
111 9
127 13
124 158
59 105
80 131
127 10
107 119
129 17
58 144
61 96
68 192
35 181
130 171
104 194
95 138
109 0
80 14
32 189
105 160
33 170
112 2
39 40
27 150
93 6
102 6
66 126
26 134
98 155
81 16
90 8
35 96
60 99
192 14
14 18
84 3
123 142
42 198
149 16
197 9
188 3
111 2
111 8
26 1
21 9
163 199
127 19
55 134
131 161
98 197
1 11
87 105
107 11
140 1
160 18
152 14
80 175
21 28
186 17
52 94
119 137
87 116
129 2
180 2
38 15
140 153
132 3
119 8
45 84
147 182
126 171
39 14
32 1
43 182
77 10
138 14
33 13
107 8
25 10
24 163
31 111
180 14
108 160
24 136
69 8
38 45
56 119
6 11
153 14
69 142
58 138
127 0
120 7
168 2
52 185
96 8
160 2
174 13
72 18
120 171
21 11
175 11
4 5
148 9
91 2
26 14
35 0
124 147
29 183
156 11
105 14
114 5
23 89
145 147
23 178
22 19
132 6
94 166
149 10
73 141
175 12
45 140
63 14
136 178
96 18
39 195
64 150
78 10
93 180
1 17
165 19
174 179
27 11
173 17
69 144
120 17
75 5
113 151
96 120
105 167
78 6
8 11
80 90
66 11
59 18
44 156
48 18
1 10
177 3
85 114
33 159
147 4
30 16
41 5
36 119
49 113
55 173
151 176
48 179
51 71
45 143
100 195
103 14
34 194
101 160
47 147
131 152
83 172
117 9
73 16
73 82
50 16
52 14
126 8
87 148
75 82
114 148
91 174
43 98
65 95
20 1
27 1
85 5
90 7
4 15
68 188
95 112
191 15
104 0
155 15
180 183
160 0
28 67
72 127
27 57
92 4
82 186
87 91
174 11
84 15
30 135
35 90
106 165
31 118
115 0
154 164
90 2
78 107
66 72
53 17
179 193
81 15
30 13
114 177
97 155
31 104
179 186
131 12
71 86
45 60
98 112
178 0
192 17
166 2
80 5
33 122
193 11
53 4
43 135
143 12
118 163
52 178
138 161
125 13
100 1
23 14
23 4
36 173
196 15
23 68
75 148
180 16
109 6
127 193
46 78
64 0
144 163
120 11
0 17
90 16
104 5
20 75
119 4
48 188
2 12
82 14
1 3
83 119
48 97
34 5
77 15
160 177
65 15
80 8
173 16
20 90
122 191
50 177
127 11
70 1
137 9
152 13
143 3
43 154
123 1
30 84
85 156
81 0
40 0
20 36
197 11
96 2
29 36
23 24
59 84
105 4
112 157
88 17
126 198
56 16
110 8
155 10
8 17
97 178
150 175
135 152
106 188
12 14
51 95
84 144
48 154
61 1
91 142
5 13
90 0
156 183
28 0
138 172
39 12
159 16
36 13
73 94
165 2
106 159
34 129
140 198
173 194
21 14
30 123
106 138
172 10
110 12
87 182
57 10
6 15
117 128
29 64
23 72
60 105
106 17
59 198
117 159
60 5
131 163
149 198
175 6
112 14
25 16
98 195
84 162
96 148
41 13
126 175
159 6
139 194
174 2
33 91
130 14
69 0
108 18
133 165
138 10
86 174
114 155
39 1
56 19
98 9
164 4
55 171
63 106
165 5
40 179
20 139
180 13
176 16
36 15
33 4
38 181
167 13
65 16
186 15
1 8
49 125
58 4
62 154
189 3
40 59
49 166
162 10
157 17
154 19
188 4
71 1
145 6
128 172
26 116
48 145
145 11
199 3
14 16
95 129
38 139
134 2
65 5
122 15
10 15
176 13
29 47
75 101
117 143
40 17
46 62
87 19
155 6
65 172
109 180
155 187
161 13
150 16
132 18
83 0
122 0
111 17
132 183
168 179
28 75
79 120
33 157
63 78
111 12
50 11
96 198
90 151
109 17
85 19
65 170
167 14
87 146
43 18
159 10
0 16
55 7
108 128
127 194
22 41
39 16
118 155
182 1
98 13
104 129
32 12
146 183
139 3
22 187
115 16
87 132
130 157
33 3
102 0
27 6
98 1
135 163
126 1
135 173
50 4
176 19
110 116
59 174
168 170
32 145
6 16
21 92
42 47
78 94
187 0
166 14
47 180
57 19
52 16
51 159
87 12
150 198
79 12
82 147
151 2
37 5
26 82
142 18
175 16
157 185
97 148
38 11
91 173
79 8
10 11
165 10
51 178
128 0
37 152
164 6
41 7
155 12
129 6
41 158
102 188
57 143
52 69
142 9
177 18
163 9
9 19
106 8
149 7
81 17
24 59
46 125
160 16
124 3
95 142
59 131
43 116
118 0
49 193
50 105
36 12
5 9
78 84
100 135
71 8
116 8
43 136
99 7
128 196
96 119
139 195
80 93
52 5
101 3
39 84
90 123
15 16
30 194
88 6
166 15
93 198
125 4
117 1
125 1
148 19
88 105
70 191
40 92
39 4
167 0
66 192
50 91
126 144
135 144
44 137
64 166
105 8
131 13
159 12
1 4
27 196
104 1
54 19
71 79
38 84
59 10
180 197
21 8
46 111
140 9
31 11
156 4
101 2
92 164
93 0
61 5
1 6
20 43
75 6
119 156
173 12
95 195
64 11
43 108
60 72
40 101
131 0
128 2
28 66
27 0
39 187
49 198
25 61
22 123
52 17
139 140
114 115
56 0
41 48
134 156
27 18
179 0
84 153
102 11
102 110
20 189
90 4
138 12
33 17
34 6
75 86
157 16
21 89
97 118
68 191
99 107
2 4
158 13
80 19
34 4
62 11
182 11
60 6
88 93
147 1
127 168
21 186
185 5
159 17
189 10
189 4
6 9
52 3
86 194
38 150
91 13
165 198
172 8
41 133
119 5
36 190
61 133
5 14
83 189
131 7
94 4
75 15
129 16
23 6
58 10
39 18
45 136
117 11
155 19
28 167
42 13
115 129
42 171
9 11
69 154
32 58
155 0
150 15
176 7
155 171
37 15
37 158
68 166
106 19
156 17
121 0
55 193
71 17
45 0
95 17
119 167
72 150
137 7
96 5
165 15
163 15
194 9
80 101
43 16
198 16
166 4
117 15
40 181
7 12
109 2
73 127
175 8
123 6
105 2
164 184
79 3
38 1
25 187
191 195
59 162
187 193
47 73
177 10
6 10
76 156
115 152
156 196
90 165
50 150
158 0
102 141
65 145
173 2
124 12
76 177
66 103
65 18
27 5
52 64
84 137
8 14
47 120
95 6
99 16
36 135
165 9
131 17
145 4
104 123
69 15
53 65
197 13
41 9
133 11
110 1
85 139
95 10
133 175
101 167
4 8
38 187
57 82
92 2
46 81
66 19
111 175
91 17
181 16
142 163
87 17
67 5
74 4
104 187
185 10
177 4
30 12
21 191
53 163
93 15
22 108
183 7
42 54
117 10
195 16
75 184
57 158
112 15
28 15
136 13
52 6
32 192
73 14
70 157
137 179
183 4
72 103
191 1
5 8
173 9
88 7
56 149
89 161
119 6
60 197
111 136
159 3
73 13
35 137
71 11
190 3
51 12
74 5
137 10
101 195
98 5
136 183
26 164
126 193
96 145
76 169
64 6
6 18
98 16
122 180
34 187
21 134
56 175
33 6
135 8
115 172
61 104
163 12
174 6
44 18
176 194
24 179
164 9
48 12
131 8
35 142
79 6
180 188
49 176
33 139
56 97
100 116
165 166
51 65
51 100
37 6
0 3
28 69
65 2
162 15
153 183
88 16
148 5
173 193
135 172
94 111
102 117
121 3
140 4
97 126
118 1
144 17
29 172
60 66
196 14
60 18
173 4
51 138
30 69
92 159
60 156
112 6
101 161
118 4
76 166
165 186
63 124
135 6
77 7
36 56
110 7
135 14
162 197
72 185
82 9
98 196
139 154
157 10
60 87
73 185
41 83
176 15
26 2
35 105
87 13
171 195
32 7
143 2
99 158
73 160
114 166
112 196
35 143
51 56
29 15
57 132
124 187
108 10
90 5
22 52
119 16
163 4
4 16
71 132
193 14
101 199
51 18
131 16
60 2
111 180
141 12
197 14
39 165
98 173
137 178
68 4
53 11
93 16
145 173
152 9
130 3
196 8
86 153
110 166
12 16
66 120
40 170
25 29
148 16
119 10
93 3
127 187
162 177
27 134
160 6
45 13
60 81
58 141
61 121
91 8
41 6
28 5
50 5
116 14
136 7
8 13
66 162
153 16
95 16
77 4
118 10
139 141
118 5
58 3
48 15
37 128
23 112
167 1
40 105
40 16
52 164
131 196
167 4
99 103
40 162
74 108
27 138
108 4
143 4
168 4
47 3
64 2
89 18
68 8
67 170
196 0
182 10
151 8
125 3
112 19
53 155
194 6
53 3
192 15
92 117
179 13
148 7
98 8
105 151
146 189
79 89
106 16
29 113
196 7
75 129
27 10
78 198
87 18
178 14
81 166
88 2
103 11
59 9
60 144
20 3
139 149
145 199
154 1
21 16
6 8
20 111
57 62
181 11
131 9
108 2
14 19
194 196
183 13
119 144
192 2
186 192
165 196
148 186
38 4
179 10
59 12
73 0
190 15
44 6
69 197
133 16
42 181
42 197
178 15
53 16
125 128
116 7
21 181
148 10
63 107
84 7
41 155
139 1
176 17
138 4
28 6
146 4
162 186
32 185
167 2
5 17
106 6
83 106
26 199
21 198
32 16
128 185
29 8
98 119
72 75
102 13
128 170
118 184
108 19
112 191
47 181
63 142
23 109
183 0
92 114
99 13
178 11
49 15
154 8
180 5
133 2
57 7
47 126
140 3
56 10
62 196
45 79
39 176
38 70
174 0
45 9
40 43
29 79
98 135
28 63
28 83
85 12
73 74
1 13
152 12
74 161
56 68
82 1
24 13
29 161
138 2
60 3
95 9
60 181
8 16
102 109
51 19
123 194
28 19
127 3
79 86
193 2
114 150
54 0
71 171
58 123
109 18
54 7
141 7
58 76
183 15
49 11
55 103
158 17
88 5
101 136
156 9
28 114
176 6
55 12
138 148
81 18
100 12
69 96
107 15
39 19
125 17
175 194
35 41
94 123
94 7
94 137
93 130
72 190
47 75
56 164
120 3
129 177
3 8
51 85
84 188
103 111
108 193
23 132
119 122
143 17
72 130
22 11
96 12
161 8
149 185
22 79
69 198
171 187
146 6
42 10
123 18
171 9
90 129
13 19
110 5
87 11
43 80
133 177
130 153
33 68
41 19
25 7
32 6
71 166
57 0
51 91
131 14
27 41
44 60
77 196
64 8
23 116
1 15
31 4
2 11
20 148
45 8
58 184
142 13
157 197
62 2
45 4
198 2
111 152
30 35
150 12
193 12
33 64
61 134
6 13
10 17
81 82
95 5
186 194
57 17
142 146
26 141
0 2
136 12
53 8
141 3
198 13
54 16
88 13
100 142
80 94
39 2
172 9
139 10
25 45
41 90
28 84
119 14
91 0
3 5
81 165
107 9
142 5
171 0
43 160
96 147
92 3
9 18
57 77
157 159
79 14
59 2
75 87
171 197
62 9
156 10
64 153
120 6
186 199
24 86
23 50
99 15
58 195
167 170
193 8
141 6
31 0
23 9
124 141
174 176
87 6
162 7
79 190
171 10
121 17
84 171
192 13
122 12
95 192
76 0
166 13
66 10
133 140
32 138
52 162
54 18
93 149
5 11
24 141
39 80
164 11
29 7
35 187
30 98
135 3
106 148
46 10
129 147
94 1
33 141
184 9
146 2
148 13
121 170
115 122
164 166
145 148
126 165
20 95
0 4
128 19
26 63
75 136
198 10
60 4
196 9
64 15
47 97
163 173
140 162
1 9
89 103
81 197
58 14
23 161
35 72
39 96
160 4
24 8
173 6
137 5
69 3
33 1
39 7
79 13
141 14
22 2
88 116
170 12
61 114
24 5
153 162
61 65
100 143
94 179
15 18
48 7
159 5
112 7
161 194
49 1
20 197
52 129
117 4
103 104
74 127
54 142
29 106
33 147
30 192
87 125
47 17
1 7
83 164
62 108
80 150
141 157
194 15
55 82
137 153
8 18
96 173
38 6
129 3
38 89
123 19
36 176
148 167
71 9
90 141
153 2
163 18
71 89
199 13
39 155
14 17
177 181
132 4
169 14
63 13
71 181
162 192
179 11
153 19
99 132
171 18
22 119
25 165
157 4
109 123
36 185
58 80
60 14
99 8
87 159
113 0
55 132
191 12
106 15
94 13
75 8
171 19
134 15
58 170
39 50
101 184
48 164
199 9
42 2
39 17
43 141
72 168
94 15
85 7
30 136
150 14
2 9
73 108
49 10
90 1
35 11
52 196
3 19
145 19
69 16
42 11
121 18
12 18
77 2
76 89
21 126
96 135
4 14
153 195
170 0
136 157
76 19
90 9
95 3
29 11
49 13
126 10
192 10
181 13
46 65
127 149
121 183
82 136
185 16
47 8
156 13
103 161
2 3
83 132
150 17
137 184
199 6
39 146
40 176
24 0
22 158
197 17
52 55
180 10
125 164
60 83
3 13
40 173
97 8
25 14
101 16
7 9
121 1
28 199
84 125
36 19
146 17
102 125
25 71
100 18
36 67
125 193
179 3
79 11
137 1
157 8
27 120
94 171
164 14
139 160
97 188
118 146
69 84
72 175
124 17
50 121
149 199
29 31
65 181
122 9
42 5
96 183
70 6
27 137
3 6
67 19
129 8
5 10
138 5
43 8
41 151
32 61
133 10
153 199
38 41
100 197
1 18
141 8
184 2
37 150
71 93
97 17
149 193
91 195
64 1
52 61
199 14
145 18
24 11
20 23
102 2
43 3
154 5
75 17
84 180
182 16
31 78
114 0
86 197
133 6
28 18
69 11
21 37
34 12
185 4
188 6
58 78
65 8
68 146
125 18
28 138
2 19
27 15
89 15
116 130
63 120
87 9
49 51
174 14
179 17
170 16
89 9
68 148
162 0
170 183
0 7
53 193
106 157
74 0
66 94
165 169
193 15
32 41
194 12
41 104
23 3
136 16
118 175
116 0
54 196
173 187
1 19
164 188
67 153
30 18
140 166
132 167
24 7
33 8
86 8
75 123
36 111
25 1
149 162
161 11
46 15
23 197
128 9
139 11
188 13
143 172
126 0
108 1
108 125
98 166
86 188
66 9
95 146
37 2
78 19
28 133
75 177
59 15
94 147
21 3
95 147
94 2
146 185
99 121
30 170
55 9
76 8
145 170
69 88
34 19
50 1
94 148
105 119
172 11
10 16
123 181
130 18
30 4
13 17
55 64
162 1
75 139
154 157
34 125
151 9
166 17
49 137
61 125
72 4
0 19
72 82
80 10
186 10
74 165
74 19
123 143
44 5
30 160
146 198
68 19
45 134
42 3
55 5
9 16
179 1
147 180
75 18
130 135
114 175
92 193
154 0
62 78
36 153
180 198
79 161
110 153
98 175
122 3
49 17
115 14
38 80
20 15
23 195
80 16
72 117
46 14
72 153
97 2
1 12
181 192
145 151
33 133
76 12
128 12
38 128
120 163
103 1
101 138
152 178
22 168
158 14
77 179
173 5
118 13
49 110
145 8
170 188
37 19
136 176
40 7
33 116
134 10
164 8
97 9
140 183
52 187
73 162
30 165
188 0
36 129
84 17
84 107
40 19
51 3
47 183
41 107
147 173
143 0
177 1
47 189
120 19
131 173
187 13
25 90
61 13
163 8
103 141
135 11
52 10
42 175
188 11
65 17
91 9
146 199
142 14
27 16
36 17
77 171
20 61
152 196
105 138
123 0
23 71
25 83
85 140
130 19
100 13
97 175
92 8
68 177
171 4
31 191
32 11
63 2
37 136
37 8
30 99
133 150
99 169
62 92
108 182
24 133
131 11
58 9
123 7
99 115
21 81
77 172
43 14
139 172
60 123
137 8
39 185
163 10
145 3
105 118
0 15
42 44
66 159
41 122
45 188
137 15
25 91
80 177
152 18
142 6
27 112
115 175
176 18
70 159
157 166
69 169
55 154
75 91
45 196
68 149
124 191
157 161
139 158
125 15
172 18
86 121
162 14
1 5
144 13
186 189
146 175
167 5
174 7
53 64
197 1
92 195
6 7
174 1
124 19
98 2
193 9
195 196
98 0
88 100
95 15
111 11
130 6
185 190
49 9
37 198
105 3
119 146
31 96
153 17
92 16
112 0
30 8
158 160
70 128
20 54
77 138
60 1
130 10
23 38
158 2
45 74
22 88
140 8
70 4
48 16
60 65
38 18
175 18
52 192
110 142
152 0
124 15
190 4
81 140
15 19
178 18
122 5
150 192
76 180
85 10
113 9
49 16
182 186
40 144
21 24
34 159
131 15
179 9
65 3
107 118
40 5
32 191
37 7
84 157
120 9
132 174
107 135
26 13
55 159
66 2
175 2
132 11
73 7
139 14
38 14
185 1
101 11
179 199
48 69
167 10
72 89
111 150
56 8
25 11
60 151
26 183
190 17
32 179
142 15
94 167
138 11
49 14
169 10
76 99
68 2
92 182
28 17
128 149
152 187
81 6
194 17
30 157
20 94
126 166
111 198
121 7
81 1
124 133
38 186
52 4
32 195
195 14
133 18
119 150
5 15
74 14
24 14
169 8
103 157
38 61
21 46
24 124
110 158
41 91
0 1
196 1
4 7
21 175
45 2
51 117
79 2
194 5
132 145
30 51
146 171
96 97
141 144
132 142
71 0
174 17
84 14
23 12
166 12
70 0
137 19
155 4
126 3
136 4
46 114
85 199
161 173
24 170
122 11
80 15
146 0
109 9
77 110
34 13
32 97
125 155
39 68
28 150
90 119
143 157
43 174
52 153
105 1
115 6
35 19
92 162
33 2
0 14
180 7
135 0
123 197
65 13
118 119
44 167
97 149
141 180
92 0
91 136
140 13
45 5
37 3
33 135
7 11
165 17
111 3
164 16
44 17
125 0
28 162
188 15
26 39
161 163
89 134
89 100
66 123
42 69
63 170
191 0
77 19
169 13
189 7
31 72
137 4
84 2
108 7
62 131
177 197
24 1
157 18
181 10
36 5
62 145
144 9
34 155
44 12
149 14
79 80
31 8
129 144
2 7
160 189
40 127
183 187
66 8
54 2
134 5
48 198
148 155
162 12
80 0
36 148
90 144
38 10
116 183
3 7
113 194
99 9
147 10
20 146
50 78
25 114
50 54
25 169
50 190
145 162
167 12
72 85
112 8
151 18
33 121
23 2
73 179
162 9
97 98
109 116
56 187
115 176
93 99
68 3
38 197
30 110
182 8
9 14
53 2
165 199
43 45
105 163
167 9
95 199
122 16
109 13
90 10
10 12
33 153
62 70
112 10
54 15
67 3
141 15
187 6
6 19
60 17
47 7
82 2
96 106
44 4
26 17
28 10
179 14
65 80
22 100
48 17
116 17
47 12
169 16
55 112
109 10
93 13
27 92
141 10
47 91
4 6
84 155
195 17
192 193
118 12
69 83
165 1
62 15
66 168
82 190
101 9
64 158
102 1
120 193
52 2
74 148
92 5
148 191
24 84
9 12
52 189
81 192
24 103
125 176
52 120
149 0
68 100
59 64
125 178
66 17
199 16
67 18
35 1
50 151
40 153
24 17
52 184
69 6
137 17
47 82
24 160
118 14
32 5
87 163
105 5
191 14
150 8
189 2
156 3
112 153
178 17
11 16
15 17
27 9
16 18
169 2
178 1
2 13
43 1
80 7
110 18
0 9
97 4
37 76
88 8
71 13
109 121
191 2
178 16
27 8
72 92
3 15
55 94
66 158
31 6
76 16
114 122
120 14
58 135
85 132
25 6
111 166
168 6
66 96
194 2
139 18
182 7
53 0
192 9
60 19
75 96
119 11
47 11
191 10
20 8
89 199
105 113
41 69
40 90
73 12
105 116
183 14
40 130
74 114
72 12
153 18
33 196
71 19
160 17
85 116
68 90
98 186
88 1
68 178
171 8
78 132
55 13
43 0
124 14
67 79
115 13
96 19
79 186
71 2
140 15
185 7
4 9
108 188
88 122
195 6
70 113
87 8
2 6
145 181
187 3
120 5
164 15
57 192
31 13
71 113
37 81
181 8
9 13
26 106
0 12
6 12
56 190
144 10
157 2
0 11
51 185
21 69
158 187
96 14
105 133
134 19
119 166
198 5
60 126
77 191
112 129
67 165
99 173
48 178
150 196
51 186
102 4
162 19
185 14
27 3
79 10
133 195
55 2
89 17
52 68
69 170
0 6
77 113
32 137
63 0
151 0
66 5
84 139
70 16
147 9
3 12
67 99
111 170
86 184
36 132
116 18
20 182
20 122
73 151
141 18
72 1
64 74
177 11
41 15
90 17
33 130
61 120
88 3
189 9
6 17
44 19
20 157
44 189
84 11
180 0
92 176
174 3
91 4
87 120
67 186
51 55
159 4
97 142
134 4
185 0
46 83
144 189
119 2
51 62
100 14
83 129
151 15
104 19
26 12
24 15
136 8
126 5
168 174
143 192
7 8
98 17
181 12
145 16
66 142
46 1
50 73
25 12
62 138
189 1
112 13
21 18
42 18
176 5
154 10
105 17
29 18
31 1
30 56
148 12
145 9
186 2
111 5
2 8
115 1
83 5
101 15
99 135
83 174
101 156
23 77
176 3
154 17
55 0
111 165
34 191
92 118
130 17
157 12
194 3
93 126
79 17
172 194
54 159
43 17
7 10
79 112
105 131
39 62
107 16
22 139
25 9
25 141
37 162
97 167
36 1
32 108
94 119
102 7
144 11
64 199
28 163
105 198
67 13
78 178
175 19
34 111
33 72
124 173
96 193
90 113
36 55
38 7
36 168
95 0
87 10
81 19
72 15
74 7
48 19
177 9
139 0
183 9
134 14
135 197
67 4
175 4
79 83
77 11
197 4
56 120
104 111
135 147
23 104
181 4
48 130
127 146
31 40
102 198
160 161
193 0
63 121
179 5
149 15
152 10
152 5
3 4
92 6
23 140
109 114
34 9
24 113
60 187
62 10
170 7
16 17
127 9
63 3
198 15
73 15
46 193
95 120
8 9
140 175
163 14
25 151
37 10
88 149
188 17
23 0
44 7
53 120
106 139
179 183
85 6
38 166
5 6
78 129
91 14
113 6
197 7
72 9
47 121
67 188
87 134
56 15
60 169
101 121
70 8
23 7
59 106
114 191
31 94
50 17
166 9
76 128
22 128
147 155
92 10
139 19
2 14
63 10
184 17
46 179
22 38
38 182
107 1
99 171
124 8
83 15
155 182
20 18
96 150
148 8
14 15
122 144
126 177
67 146
195 9
110 191
27 37
128 13
152 8
170 186
67 0
137 12
29 2
194 4
134 150
65 0
116 174
40 14
51 110
24 162
143 14
177 2
78 110
89 19
26 34
50 7
104 106
177 13
104 115
173 175
111 16
116 155
95 104
146 167
68 74
70 79
67 14
114 17
63 18
29 5
99 11
23 154
83 112
48 3
134 13
33 55
89 177
138 186
59 142
122 7
68 6
26 5
120 190
183 17
163 3
91 15
47 18
148 15
89 113
130 131
92 94
23 143
180 3
81 181
53 114
65 122
169 172
103 19
130 165
55 16
52 171
44 68
77 14
166 7
23 37
24 2
88 103
105 140
95 8
36 45
4 13
106 172
76 134
124 144
31 169
140 7
172 183
32 18
58 77
171 1
60 172
29 139
65 158
168 7
24 134
90 124
104 178
65 189
80 105
138 9
164 12
47 142
0 13
99 6
130 15
178 4
71 102
52 132
113 171
176 187
42 86
152 7
7 16
195 13
177 16
60 159
191 8
42 6
69 103
134 167
41 4
3 17
35 61
66 3
193 13
149 13
23 97
57 128
45 78
74 76
42 97
105 0
86 195
34 44
59 190
84 1
87 137
127 164
82 18
41 198
40 95
186 19
55 3
64 81
94 9
135 7
57 69
93 17
175 0
178 19
32 115
76 172
146 5
122 2
100 120
146 10
21 121
168 8
156 1
36 52
93 159
30 10
46 3
86 168
36 6
97 18
162 18
75 4
100 150
154 197
184 6
10 19
85 198
153 191
78 12
198 18
123 3
59 161
95 18
92 108
116 11
174 15
177 19
21 15
159 9
173 191
128 4
53 124
42 4
159 0
84 108
40 145
83 17
34 16
48 147
167 195
2 16
102 131
82 176
61 129
195 4
67 172
178 5
23 53
117 149
47 71
155 166
81 11
82 115
151 17
199 4
146 155
110 16
188 12
78 80
193 10
154 199
34 131
175 3
89 129
46 61
92 13
56 5
38 105
20 83
154 12
63 19
126 15
42 92
158 6
11 19
196 4
115 12
4 10
21 74
199 12
75 19
20 116
56 178
34 108
85 167
81 129
105 11
24 28
168 12
35 163
77 13
91 93
11 17
146 1
81 99
50 112
170 2
146 186
73 10
79 7
24 140
89 0
41 70
118 15
76 137
72 149
175 15
71 172
89 10
39 11
77 1
92 12
47 118
89 135
42 115
101 107
189 16
23 81
61 2
23 19
144 150
93 12
156 2
38 129
151 6
34 8
72 172
188 7
107 7
35 17
121 188
30 145
24 180
20 190
3 9
41 109
86 198
20 158
77 135
142 17
152 16
37 67
196 10
146 13
7 13
88 0
51 10
106 5
172 12
49 0
36 72
34 80
102 8
173 0
83 2
84 16
74 168
174 16
40 1
72 181
77 17
165 197
148 180
116 13
56 17
23 80
83 6
153 3
23 11
148 154
187 7
78 173
86 15
111 10
106 3
130 8
17 19
61 19
62 111
41 153
24 175
45 96
62 4
141 11
90 127
181 199
72 164
195 12
46 8
13 14
24 78
31 33
89 148
38 9
182 197
129 7
93 171
69 71
118 9
108 12
78 193
50 96
32 91
39 100
51 96
82 122
108 130
28 82
159 11
180 185
29 13
36 38
29 53
189 11
43 110
25 72
75 89
162 3
152 19
146 14
197 19
20 35
173 3
196 6
31 98
161 4
143 6
34 96
176 2
7 14
125 8
74 172
20 100
90 167
105 19
107 140
135 18
29 14
49 55
102 106
124 171
66 138
56 193
38 8
195 0
146 9
31 93
48 11
124 7
85 105
33 93
112 199
144 7
55 186
50 118
92 122
39 103
102 140
53 71
79 134
74 125
158 1
0 5
106 0
89 181
40 10
53 97
97 14
165 3
152 4
82 179
104 13
112 117
4 12
51 193
123 162
151 156
193 6
170 4
54 6
140 145
91 5
28 94
122 186
37 163
99 159
107 183
31 167
50 136
46 141
192 12
88 185
60 121
113 7
53 66
64 89
168 0
59 178
40 64
33 163
173 14
71 130
40 58
76 14
131 195
164 195
134 18
44 117
136 18
65 183
170 11
37 11
37 40
77 116
120 156
41 0
104 173
149 6
48 72
95 116
41 149
158 199
42 101
116 187
36 84
92 14
187 17
47 1
87 2
50 9
143 188
3 16
75 146
54 155
118 11
26 35
33 19
58 5
64 144
50 170
36 0
32 10
55 165
53 10
44 13
66 12
54 160
168 16
52 139
28 2
149 11
73 158
12 17
46 17
67 87
2 5
44 134
95 14
84 13
133 15
65 177
22 96
53 9
184 5
87 3
21 19
145 1
20 5
124 10
56 1
158 9
154 14
29 1
106 14
12 13
87 103
139 9
10 13
112 5
156 177
97 168
130 2
122 153
186 14
158 5
96 174
52 117
129 154
112 179
121 142
5 19
74 145
0 10
186 1
39 184
28 1
102 156
118 149
150 18
76 1
101 4
25 3
107 199
108 165
109 3
60 196
167 11
3 10
174 12
82 123
157 6
182 0
32 8
29 10
109 1
158 7
38 153
67 91
168 198
129 18
131 4
190 13
116 3
40 70
105 18
88 11
198 12
38 178
50 147
107 17
155 9
52 1
27 157
135 183
50 195
112 9
52 123
140 17
29 100
101 1
128 197
5 12
49 179
63 102
125 14
178 8
21 164
9 17
75 12
13 15
27 181
23 87
0 18
64 10
154 169
31 70
101 12
64 12
9 10
78 91
33 12
97 7
183 11
22 6
11 18
46 5
178 193
55 4
96 98
160 12
59 127
86 108
178 10
73 5
154 18
23 74
28 181
154 11
185 19
99 4
132 165
111 188
184 194
92 194
161 3
136 17
38 65
85 91
142 147
123 2
43 64
62 106
103 17
105 175
11 15
190 11
133 17
18 19
110 4
24 41
100 124
149 18
86 13
55 187
0 8
149 19
77 85
191 9
59 114
92 15
48 115
181 194
52 173
21 48
153 7
109 11
67 104
123 11
152 182
109 160
20 84
16 19
106 18
110 15
36 11
6 14
27 78
34 98
72 111
78 123
186 188
142 155
191 198
42 17
50 13
125 163
26 7
87 14
76 87
198 14
9 15
20 199
80 194
70 12
132 155
76 189
196 16
31 3
11 13
59 17
33 84
90 107
26 167
25 38
27 164
77 9
29 105
114 138
17 18
76 15
144 159
68 102
10 18
98 7
32 181
28 7
137 169
163 19
126 4
151 5
78 18
22 133
106 1
22 26
143 10
67 159
67 2
36 7
88 10
79 16
121 16
57 124
152 186
61 6
196 19
40 54
46 12
66 13
63 169
183 18
134 0
55 129
27 103
76 123
175 14
103 6
111 14
90 18
83 187
26 58
170 10
69 196
86 9
26 101
60 122
5 18
39 10
164 10
96 180
91 10
80 165
146 8
115 161
121 168
46 6
7 19
22 47
39 199
43 105
1 2
92 181
133 14
115 187
31 16
121 171
142 170
176 8
23 35
103 8
