4 14
3 18
22 14
148 9
59 17
63 156
8 12
103 120
39 186
86 125
43 11
130 154
95 166
112 193
181 195
27 96
43 8
156 1
41 108
72 19
97 113
4 8
96 153
98 130
60 171
131 181
167 3
60 159
98 181
174 5
118 152
80 152
181 19
20 1
41 72
75 87
191 10
4 7
52 186
49 5
155 2
142 4
146 185
184 15
37 2
40 16
87 165
22 1
167 10
98 0
195 10
57 84
150 2
40 10
2 6
42 11
39 198
42 50
55 101
116 2
95 4
29 0
84 7
45 172
1 5
125 6
89 97
56 66
30 34
116 8
29 78
85 89
112 165
24 134
20 41
73 18
153 8
159 17
126 6
111 12
97 12
144 6
135 6
28 3
48 0
67 19
2 12
128 142
77 10
158 13
161 165
154 192
121 125
133 4
111 157
106 176
159 162
177 190
25 191
165 194
115 0
58 176
119 197
131 180
25 176
46 0
153 186
80 154
4 17
63 2
58 2
90 2
164 16
125 17
57 189
49 90
62 105
170 17
10 19
138 16
106 5
95 130
75 152
102 8
145 169
13 16
113 8
23 122
199 14
32 185
86 1
49 2
48 18
42 96
51 58
117 13
111 14
3 16
76 9
186 5
92 160
177 17
70 132
112 162
12 19
59 16
66 18
194 10
172 13
133 8
90 139
170 2
109 151
43 68
189 0
132 134
9 11
176 4
30 178
32 162
53 80
188 9
95 18
121 6
50 126
33 84
167 17
69 181
64 14
64 196
35 66
51 138
59 178
116 12
80 150
99 121
98 5
166 187
104 148
0 8
39 163
92 143
7 15
55 17
39 156
38 49
61 100
46 16
111 191
1 8
63 110
83 5
77 0
33 121
30 139
0 16
107 5
1 7
37 96
32 70
103 13
41 175
3 15
64 4
175 16
99 12
44 183
119 144
124 15
41 118
140 3
55 105
148 8
97 18
70 111
139 192
14 18
29 149
194 2
54 96
136 3
166 15
5 14
83 185
29 41
22 12
171 9
22 95
119 18
160 9
131 1
65 144
197 14
76 11
113 10
166 191
29 136
48 8
29 11
114 171
107 174
186 2
166 1
122 143
165 175
22 174
111 0
108 182
122 192
34 96
15 18
133 0
138 11
69 11
151 10
155 156
132 1
141 0
81 198
48 99
124 12
196 6
55 73
182 3
60 17
24 28
112 13
27 29
156 188
41 91
38 0
6 15
6 11
82 17
189 8
30 149
183 12
73 189
168 174
77 171
25 112
21 30
80 94
160 197
37 11
43 117
134 164
78 5
59 112
100 157
72 131
159 186
12 13
115 6
118 16
126 192
131 140
113 149
127 136
0 3
81 10
36 0
41 9
85 16
54 69
56 99
184 18
40 43
57 173
10 13
30 18
21 49
142 187
58 162
109 5
136 159
27 125
74 199
33 3
41 66
118 8
114 177
133 13
97 17
127 2
189 13
61 8
32 59
39 68
176 5
59 19
36 154
56 16
23 76
22 143
21 12
24 85
154 4
33 70
129 187
78 112
2 4
94 0
48 9
178 1
98 151
44 98
152 174
47 79
23 100
48 191
37 18
136 2
77 4
183 15
75 150
194 7
63 135
147 4
36 19
169 7
99 4
82 173
42 98
101 15
38 15
50 142
75 166
80 3
138 166
32 3
124 179
189 195
79 9
163 193
42 138
74 15
36 157
185 0
171 17
160 181
129 13
37 5
105 127
44 18
152 7
20 104
167 13
50 15
110 143
24 188
132 144
191 198
30 119
53 96
89 15
125 2
109 136
51 11
37 8
103 7
123 2
41 48
143 145
193 2
124 195
38 163
76 162
186 19
105 11
67 133
107 8
87 8
14 15
63 92
10 18
152 14
35 149
130 8
141 7
136 14
62 7
55 63
145 3
175 6
142 14
90 13
115 13
63 98
33 68
133 19
22 0
23 97
171 7
150 1
151 8
114 17
70 164
185 16
108 18
153 13
69 6
80 133
128 2
77 13
33 152
2 18
34 6
72 86
72 13
110 18
37 181
109 120
145 16
27 102
57 124
46 107
126 3
22 51
8 10
161 16
74 79
155 191
35 173
9 13
117 162
73 100
123 19
195 7
53 159
32 191
185 8
27 3
76 12
30 72
55 137
72 144
117 10
138 2
83 193
189 193
20 136
131 158
71 131
152 196
191 15
59 79
77 96
123 10
89 96
33 5
84 12
56 17
85 161
10 16
123 8
44 6
46 136
77 9
28 41
65 12
60 15
188 11
169 17
76 5
80 5
66 3
66 5
89 120
96 100
74 9
23 30
44 19
53 2
191 19
104 14
82 16
122 13
39 125
35 19
192 7
32 19
118 196
120 167
26 2
138 3
23 80
46 19
36 13
98 9
84 3
146 147
146 198
86 2
26 31
115 12
168 18
118 162
28 127
64 10
83 18
145 13
5 18
106 140
125 4
33 146
52 0
23 103
124 180
147 199
27 8
0 2
36 47
62 70
64 95
144 173
81 18
77 15
24 144
89 176
98 3
45 138
41 17
133 9
50 191
81 17
136 11
104 159
137 157
182 12
58 184
55 165
74 5
50 156
32 146
162 14
96 181
141 3
194 14
87 170
25 148
78 11
46 51
77 7
86 14
63 170
27 36
27 84
71 1
126 128
114 146
99 18
107 158
79 16
185 3
151 2
178 13
23 17
63 197
48 15
87 89
144 9
41 18
130 2
95 176
70 88
62 194
110 119
115 141
56 1
69 1
20 9
129 18
74 99
57 87
118 2
88 128
136 19
135 14
140 4
3 6
52 13
76 81
89 164
52 87
108 16
40 135
37 176
35 4
139 6
22 9
47 2
79 91
59 131
55 121
47 150
167 15
107 149
80 158
125 1
14 17
56 131
54 13
57 116
94 148
79 184
136 196
4 12
2 14
126 2
121 4
80 191
37 0
139 9
50 79
89 188
43 121
123 13
188 4
41 76
21 66
78 14
103 1
148 7
176 3
113 16
151 19
44 3
74 11
181 183
132 192
193 10
63 150
41 85
134 14
199 6
29 7
48 63
113 196
32 142
180 1
119 170
65 154
40 75
77 2
122 189
166 11
110 170
82 0
118 7
83 191
32 13
31 15
47 120
199 15
47 67
71 10
107 17
79 5
61 125
65 130
61 14
58 138
68 85
140 19
95 7
34 18
25 86
160 12
132 12
89 0
122 128
107 1
58 65
0 6
127 11
39 7
92 117
101 2
46 17
82 185
21 136
139 16
91 173
71 12
146 169
129 131
48 146
79 10
39 4
111 166
39 66
28 193
106 137
183 17
46 78
61 169
114 170
30 73
71 111
8 17
171 2
99 132
25 18
107 147
34 2
127 3
73 142
194 8
36 125
14 19
81 140
85 109
93 118
79 15
174 190
76 4
133 15
131 16
35 17
84 155
68 3
46 47
76 129
52 63
120 193
147 172
20 62
46 65
47 12
47 14
83 11
79 7
148 0
121 18
163 18
88 2
77 195
34 17
71 5
28 14
59 14
59 9
98 126
102 9
151 195
56 0
64 149
26 5
179 12
70 95
78 123
21 38
39 97
158 181
159 9
61 156
91 102
186 4
21 11
140 191
69 124
26 153
186 1
92 13
113 168
47 144
70 145
53 1
191 4
112 9
29 13
186 17
49 118
184 10
69 131
33 45
59 8
66 1
33 12
194 6
30 106
148 4
51 74
114 14
57 144
64 145
45 4
122 16
66 199
129 19
132 14
7 18
103 162
156 196
99 16
77 166
88 14
39 8
109 6
51 107
47 15
109 167
134 168
151 11
31 16
183 3
183 18
68 6
159 8
118 6
59 4
55 7
70 147
52 15
25 12
61 2
48 114
15 16
153 14
79 150
120 7
149 187
145 0
72 193
101 144
110 8
193 6
43 153
10 12
61 140
57 15
117 155
132 8
59 145
73 146
118 10
99 17
11 19
74 180
41 54
79 122
54 176
98 135
92 132
40 17
3 4
86 152
196 11
79 19
168 17
4 10
22 99
5 12
81 2
126 199
25 162
163 3
28 9
20 77
62 67
83 9
164 7
5 11
115 15
100 175
51 184
48 13
181 7
57 148
52 141
41 84
80 88
178 4
172 7
153 2
116 185
34 11
36 112
69 136
128 13
65 120
20 54
127 199
115 183
50 147
158 165
27 45
117 170
32 10
75 147
76 196
199 2
69 3
157 199
140 154
88 13
174 18
42 0
102 3
47 19
52 73
128 19
185 13
56 7
137 144
97 14
28 166
28 19
173 2
76 16
106 15
63 67
41 15
124 132
49 65
49 19
24 74
141 12
168 10
56 3
77 16
53 55
42 49
30 153
5 15
23 67
65 69
23 2
81 123
38 10
116 154
93 187
52 99
182 5
37 4
188 189
123 141
190 6
67 77
50 137
183 13
157 193
44 11
90 101
51 14
66 8
137 190
81 112
149 19
114 190
63 15
131 146
23 7
73 179
35 129
27 6
29 130
8 9
79 11
133 191
51 174
31 151
147 180
51 18
45 178
130 132
180 4
23 185
97 13
90 15
105 17
24 9
28 6
187 8
85 90
107 155
63 122
98 15
127 6
157 188
130 4
28 58
162 15
0 15
139 5
144 7
165 169
79 14
22 55
64 176
61 15
199 4
130 155
82 3
54 2
101 199
88 110
31 32
95 15
149 5
197 19
117 4
114 5
128 4
127 162
171 4
88 7
129 194
96 154
101 103
137 11
178 8
153 173
4 11
161 4
33 14
83 137
110 11
51 141
28 38
103 111
103 6
151 7
70 181
164 3
119 3
1 12
154 19
78 8
142 176
146 177
144 177
39 62
24 12
98 11
83 134
128 8
90 134
35 180
103 164
129 179
91 5
25 59
120 138
24 127
148 192
110 178
175 186
131 135
170 190
42 18
47 88
33 6
106 147
131 142
104 0
154 12
53 110
193 17
62 5
120 173
130 138
149 2
83 7
70 74
45 91
165 19
55 57
61 19
164 197
126 147
23 34
140 8
111 123
64 1
79 84
149 4
96 10
30 93
47 1
190 5
72 5
28 1
55 168
177 198
22 17
93 168
191 0
162 10
113 194
121 2
117 14
46 5
29 139
34 150
156 3
184 9
90 4
172 17
50 145
23 18
36 131
117 9
29 9
125 156
157 8
68 121
76 3
174 185
0 12
28 139
144 10
47 0
191 13
113 190
70 199
148 5
63 187
145 198
132 0
70 135
91 15
47 162
33 44
84 19
75 1
24 182
45 8
132 178
190 15
82 177
81 7
33 77
77 81
105 195
120 5
81 142
54 156
175 9
112 152
79 6
4 13
111 119
59 76
61 171
96 8
113 15
53 16
159 10
63 137
62 120
76 126
166 6
52 105
129 193
131 11
77 88
108 0
34 154
175 177
93 134
2 8
35 6
96 123
169 11
75 12
48 95
44 171
129 184
160 161
79 103
26 7
198 17
155 1
98 4
145 165
124 190
38 14
79 95
85 13
31 0
33 19
41 8
29 152
137 186
80 172
46 3
98 104
9 14
61 13
108 9
176 191
26 8
85 123
131 3
101 119
175 1
144 159
36 99
112 141
61 79
138 152
68 2
41 62
179 5
165 10
146 168
186 8
124 154
156 0
43 2
3 19
86 13
121 159
5 17
117 2
21 17
78 182
152 154
118 5
43 74
24 25
73 141
122 170
38 114
86 107
27 81
22 15
169 10
57 93
179 19
87 128
100 7
121 19
47 10
79 170
110 174
188 15
88 4
195 16
53 11
34 191
147 13
36 8
45 173
124 151
24 8
55 159
1 3
106 7
182 196
116 19
52 139
43 84
147 12
48 108
142 144
176 14
95 16
96 5
24 124
60 173
22 18
136 15
105 130
102 15
94 7
140 162
88 11
139 17
93 177
73 90
140 15
58 136
1 14
75 15
35 82
104 162
156 19
25 89
187 14
108 3
32 33
142 12
28 165
102 151
32 17
109 184
26 68
184 7
132 198
139 2
119 162
138 191
45 14
58 71
183 2
193 15
182 185
76 111
23 138
186 10
163 167
170 12
71 14
53 14
122 17
110 147
129 136
77 120
42 176
34 197
96 19
135 150
130 169
82 10
135 0
137 182
180 18
172 12
48 197
1 17
150 10
35 126
14 16
71 181
122 3
135 11
100 170
31 8
97 162
58 5
134 8
52 8
159 12
26 194
29 12
142 146
51 2
66 69
7 17
105 14
87 17
57 81
60 89
64 13
191 11
20 109
113 5
41 1
160 178
156 13
143 14
74 8
87 162
46 157
99 169
32 154
177 1
124 167
98 1
41 114
146 153
91 160
196 13
107 113
42 4
155 12
69 94
0 18
62 81
38 199
56 10
75 9
163 173
137 19
190 11
62 80
8 11
129 168
86 145
67 13
147 8
178 12
186 189
3 8
56 13
90 124
33 97
67 2
58 17
62 11
28 78
93 133
182 0
190 14
36 95
46 104
103 147
74 7
61 7
21 162
119 11
86 18
150 0
75 18
91 136
70 104
176 7
34 87
161 3
87 164
20 149
47 141
145 2
124 2
161 19
39 168
42 157
155 198
134 0
25 8
27 95
0 9
146 17
8 15
137 6
112 0
33 156
168 15
93 126
52 150
63 1
177 194
189 6
107 13
161 6
51 16
181 18
42 51
27 82
191 17
189 14
115 19
187 6
146 188
85 94
91 148
136 12
56 164
49 157
183 187
81 4
189 11
72 149
23 94
152 170
37 48
20 86
103 8
6 13
119 13
124 0
133 12
31 70
109 19
183 9
36 11
30 163
159 3
129 6
26 11
140 171
96 3
128 145
105 152
107 148
93 183
80 102
35 13
20 11
130 165
112 19
80 131
157 169
126 152
55 134
113 9
52 16
59 108
172 173
53 171
98 127
84 147
31 41
176 181
25 7
39 59
104 1
109 1
60 87
20 7
61 167
166 184
69 17
147 9
147 186
67 168
114 142
105 184
42 5
66 132
74 18
24 135
20 14
177 14
103 142
49 17
31 192
198 12
126 18
95 192
118 13
73 147
135 5
66 15
87 101
60 6
188 12
72 147
105 199
34 10
138 9
145 11
47 8
3 7
101 176
171 6
119 136
91 10
37 138
32 89
170 186
109 8
159 195
65 136
76 97
186 198
21 129
117 180
74 123
78 180
116 129
111 171
179 191
135 13
35 7
179 16
121 0
106 19
59 11
103 190
53 136
103 16
79 4
54 57
68 10
48 91
43 1
166 172
112 16
97 170
1 15
56 14
60 1
83 8
26 17
126 7
46 99
117 174
146 180
113 199
32 52
187 190
117 18
86 139
43 17
51 153
114 9
109 11
36 2
58 194
104 107
82 96
69 177
51 124
147 19
148 12
131 10
6 9
69 150
104 8
78 173
131 194
2 7
47 59
25 194
125 13
178 10
80 13
49 123
74 154
93 129
189 9
25 160
70 149
79 86
72 199
157 15
34 157
12 16
105 196
32 2
72 15
115 4
42 10
22 89
118 148
31 65
73 2
123 139
61 18
31 13
55 1
108 188
30 99
36 66
72 128
123 18
160 3
142 2
22 44
21 5
62 191
59 144
145 14
117 11
90 154
131 13
63 10
136 156
31 17
91 4
197 1
5 8
141 189
110 136
97 10
140 16
67 76
104 118
29 86
43 172
94 165
179 15
65 16
67 191
195 1
187 13
179 3
52 60
69 184
59 7
155 175
44 5
5 6
53 9
54 68
151 190
22 154
59 129
48 189
113 6
145 184
38 5
93 162
48 145
182 1
65 84
162 5
152 199
42 13
86 8
21 25
114 163
43 159
149 153
90 188
39 87
82 112
142 10
161 17
140 12
84 114
187 9
67 167
35 153
170 11
46 82
106 166
96 16
68 12
104 113
80 10
144 11
3 17
44 45
158 16
128 10
42 19
27 89
30 54
160 11
43 10
173 10
73 151
7 8
169 176
155 5
44 132
178 189
70 179
36 87
66 162
24 132
67 147
60 19
123 160
59 160
25 13
120 170
37 170
26 173
49 113
40 176
60 2
184 3
68 133
31 172
98 186
55 103
51 4
80 6
2 15
22 144
74 0
109 121
132 13
92 11
111 179
129 10
83 118
106 10
158 184
120 2
80 124
67 136
54 144
56 178
27 11
30 174
92 178
46 178
167 195
4 19
66 137
59 18
130 15
141 4
58 170
65 5
31 154
162 182
91 156
44 9
86 15
57 6
124 3
20 85
92 17
72 1
136 17
40 6
113 12
63 68
66 9
7 13
128 12
105 128
42 15
72 173
103 179
40 194
2 9
144 191
22 62
105 18
88 116
193 199
1 9
25 130
159 18
119 124
38 115
170 13
70 124
104 198
91 94
80 165
9 15
46 56
186 7
141 14
97 198
52 173
98 6
180 6
24 15
113 4
48 165
197 6
59 167
61 75
127 5
182 10
34 133
57 14
3 5
63 192
46 6
48 16
43 12
90 18
82 162
111 18
45 10
184 16
110 2
140 1
13 14
5 13
29 38
189 10
131 9
71 90
159 6
102 0
83 1
47 9
152 19
183 6
75 146
119 8
69 13
76 17
10 15
27 131
28 40
169 4
157 10
0 13
62 65
163 179
73 17
72 108
89 13
148 179
7 16
35 47
57 180
65 158
74 157
192 15
169 8
42 188
164 19
130 10
102 5
116 4
1 11
113 124
7 10
81 3
138 14
3 12
78 140
44 0
47 106
1 19
49 76
120 176
180 10
143 4
11 16
101 139
37 66
16 17
143 174
190 3
47 85
113 19
47 13
124 7
72 119
106 138
103 105
143 0
160 182
25 114
23 127
149 167
112 15
73 8
97 191
128 197
118 9
177 2
42 148
104 199
76 0
78 147
54 128
30 187
163 177
57 10
72 134
89 115
63 69
162 195
76 184
109 16
32 14
6 18
36 151
110 13
165 9
102 104
129 11
37 90
20 48
150 15
113 1
92 102
182 7
21 72
179 181
163 192
16 19
6 14
22 191
0 10
124 16
20 153
199 8
29 5
197 5
62 17
108 17
123 15
41 177
66 12
64 122
59 95
124 18
161 2
65 91
192 9
184 193
1 18
133 2
95 142
72 73
140 7
11 12
163 12
20 193
129 15
65 15
12 15
135 19
81 84
78 3
131 6
69 81
95 177
103 132
104 149
142 181
195 3
109 137
41 0
122 2
84 4
116 127
11 13
26 53
80 101
78 1
72 138
97 5
77 194
115 7
146 148
119 15
35 18
147 197
168 179
25 11
176 188
57 5
67 165
127 176
46 189
22 5
44 197
193 1
35 11
143 10
36 38
162 13
131 0
82 14
156 9
109 139
80 12
148 188
33 139
66 6
42 3
99 176
197 11
126 0
30 100
144 19
15 19
20 119
141 15
107 9
117 157
187 15
67 103
1 10
175 188
177 18
50 133
143 186
171 5
83 159
91 8
176 6
30 131
88 94
72 176
26 16
162 4
131 193
23 46
32 147
72 154
77 8
111 172
95 0
146 9
151 184
133 155
104 18
84 11
146 192
13 15
66 16
180 17
27 104
20 17
52 1
163 6
102 13
76 147
119 4
25 4
24 13
125 15
86 127
100 151
21 41
164 10
118 195
182 19
129 149
164 167
77 115
65 199
83 3
156 157
34 172
95 1
184 1
55 9
50 195
70 13
38 165
23 24
75 16
149 195
98 131
24 1
99 174
55 138
7 12
66 74
112 173
65 18
137 9
155 177
9 17
118 154
53 3
149 10
68 87
79 198
2 13
54 142
174 15
25 42
48 65
189 196
49 191
78 7
41 129
20 79
47 188
30 5
122 14
154 179
132 195
30 14
74 4
155 11
86 148
92 1
75 115
30 197
199 7
101 8
130 162
73 4
92 6
91 162
7 11
91 111
82 19
136 194
176 182
63 5
138 7
121 163
68 5
9 19
2 5
154 3
48 5
123 12
113 0
181 11
77 189
81 98
38 80
99 100
27 133
45 162
136 4
170 18
50 103
171 197
85 104
83 136
1 6
124 150
163 17
22 184
138 0
55 157
100 130
72 6
58 11
142 6
37 16
76 18
33 17
131 12
70 18
37 100
99 158
20 158
118 164
97 192
122 134
151 13
87 197
57 92
102 2
1 2
127 155
158 4
89 5
136 13
75 13
162 163
27 149
87 10
148 3
31 199
60 14
130 180
48 80
27 119
29 83
106 4
34 36
112 6
61 192
99 138
122 131
113 151
31 187
92 197
55 11
22 3
33 179
175 12
46 12
170 9
34 37
174 176
30 3
7 19
196 9
65 17
57 158
126 17
167 7
106 3
121 164
87 7
167 172
118 170
27 103
176 15
159 188
107 12
182 13
36 10
140 13
135 160
75 156
110 153
114 18
75 14
89 10
198 5
71 116
128 148
196 5
23 92
190 1
177 10
77 94
125 160
97 161
72 162
114 158
142 15
89 132
108 138
72 145
120 12
22 65
94 15
94 17
123 169
5 10
9 10
96 13
8 19
67 131
89 16
40 0
91 171
40 193
52 82
78 18
31 4
42 8
98 101
64 5
87 14
95 170
52 6
40 18
25 77
48 1
50 167
45 3
24 70
152 12
60 9
125 172
122 178
64 15
94 1
121 12
88 125
35 196
118 11
98 196
149 16
183 1
95 2
38 42
91 0
104 175
53 165
4 6
139 11
21 10
139 189
29 108
145 10
104 13
75 0
69 77
106 2
82 120
73 106
37 164
100 121
123 188
103 145
109 7
101 196
83 89
57 119
44 1
148 167
86 168
132 2
59 68
35 56
56 76
122 19
73 0
110 129
25 188
130 6
109 164
2 10
30 0
28 131
54 1
94 110
63 136
42 91
25 181
92 16
119 192
57 13
176 16
85 199
68 107
21 86
169 170
70 163
95 6
37 196
111 160
46 7
43 124
96 161
135 3
123 3
112 2
124 10
103 178
137 12
50 108
136 173
42 52
95 8
47 96
32 18
167 0
138 6
75 99
82 13
134 11
116 17
31 7
131 8
140 18
51 67
66 144
158 190
173 7
93 143
40 101
63 147
57 138
140 174
74 118
143 7
27 28
138 4
189 15
180 8
126 13
114 16
131 175
25 149
25 9
122 157
32 1
87 15
35 122
94 19
81 135
173 3
45 163
169 1
98 2
84 177
88 18
161 7
21 160
139 160
29 2
90 17
99 198
48 14
148 18
166 9
31 39
126 178
50 90
64 0
84 9
117 197
91 16
79 186
61 147
38 105
44 12
198 8
174 8
185 12
125 194
168 2
29 159
25 187
8 14
18 19
21 93
160 2
142 190
100 194
27 40
98 19
74 12
138 198
12 17
108 8
40 114
30 12
51 3
161 18
40 14
10 11
30 53
105 119
24 190
27 117
167 14
51 109
87 152
41 2
82 12
29 177
20 5
85 128
132 16
91 129
0 1
103 14
71 179
138 146
85 8
4 9
174 13
103 15
167 19
187 17
23 198
66 142
109 142
42 124
54 66
63 8
29 167
125 0
91 139
67 120
50 70
116 9
73 84
108 173
106 8
107 140
101 141
33 15
10 14
155 163
54 18
145 183
65 133
83 188
182 17
59 180
44 10
115 149
43 9
116 125
94 181
45 18
113 153
84 13
170 19
20 12
101 1
141 11
0 5
13 19
78 96
48 160
62 2
100 14
101 171
196 16
115 16
30 151
74 113
5 9
84 87
108 169
182 15
187 19
27 195
77 1
55 15
58 193
34 67
191 2
179 0
112 176
132 17
147 195
150 14
107 15
89 142
4 15
120 171
0 19
137 160
36 190
76 92
62 10
2 16
108 1
87 194
147 166
100 0
139 154
184 17
103 136
43 174
104 138
91 18
21 170
54 63
190 18
121 186
21 2
182 8
198 10
100 196
39 14
70 2
97 185
103 19
34 15
127 13
70 0
81 8
54 19
44 49
48 141
64 130
194 9
59 121
117 15
130 192
8 16
70 146
164 9
95 134
128 130
42 73
183 0
61 9
57 11
48 17
184 6
108 196
71 187
113 175
85 163
32 150
99 199
22 79
196 15
142 8
75 7
105 1
20 132
22 123
95 19
93 195
177 8
129 173
105 10
83 174
11 15
171 0
23 8
193 12
17 19
197 9
67 87
107 14
96 15
188 10
135 10
93 175
150 19
172 16
153 9
134 17
29 75
105 3
5 19
144 16
37 1
45 108
137 2
55 143
198 14
178 0
131 14
149 11
142 0
2 19
45 6
96 6
27 49
109 124
194 198
59 99
58 118
26 176
40 164
80 15
32 41
163 13
31 126
56 77
58 143
51 116
98 14
12 18
107 3
27 7
110 188
47 16
157 195
108 11
103 160
173 19
163 14
146 18
35 195
83 85
66 84
74 149
170 181
145 19
69 148
54 14
68 18
156 2
96 9
186 6
80 117
20 157
111 9
107 133
22 11
169 16
74 10
52 164
88 188
61 4
137 174
22 83
149 15
159 2
102 14
0 7
190 7
185 18
71 72
95 144
62 3
111 152
41 57
86 164
3 13
6 19
132 174
164 12
7 14
191 3
60 18
193 3
101 13
171 8
34 44
38 73
57 109
6 10
32 160
198 13
73 79
46 110
187 5
127 147
34 12
70 122
118 15
98 109
127 18
157 16
92 189
97 16
155 14
79 1
125 144
35 0
111 6
150 9
67 158
186 0
49 156
28 36
134 19
80 115
176 10
50 96
173 6
130 141
56 160
86 0
139 13
34 70
52 100
61 163
4 5
150 7
61 11
106 185
96 150
48 179
33 172
50 104
147 171
152 3
34 16
70 1
190 4
188 17
175 7
13 17
52 131
45 85
50 171
163 19
41 186
32 6
95 178
192 3
118 14
160 10
64 100
59 70
61 131
119 6
172 5
24 66
101 140
117 17
85 181
50 19
169 0
94 131
50 6
20 117
87 5
115 5
99 178
171 16
12 14
56 132
97 167
56 8
91 150
102 137
8 13
118 12
2 3
139 144
131 7
37 123
71 86
79 171
89 101
102 7
94 179
101 5
160 13
83 122
29 137
186 14
26 188
158 8
97 115
168 9
100 165
24 17
0 14
195 8
159 164
38 145
24 16
127 10
107 16
20 2
42 9
166 5
58 99
72 89
173 192
99 9
135 9
132 10
135 18
45 74
33 2
194 17
133 3
100 17
75 189
172 10
69 164
21 172
77 6
159 180
77 12
186 15
105 7
165 18
86 16
55 118
142 13
47 7
64 137
82 176
168 14
111 4
49 11
53 153
188 1
44 170
103 192
75 19
87 179
90 146
5 7
66 11
108 156
84 167
173 18
139 10
171 1
111 133
178 14
76 93
36 155
129 16
24 3
61 139
23 57
10 17
2 11
52 124
39 130
177 7
142 1
57 0
105 125
86 99
104 130
39 18
139 151
121 137
38 76
93 109
181 6
95 146
59 140
159 11
54 17
76 143
150 5
67 171
68 71
83 108
126 160
141 19
161 171
116 1
95 147
175 13
79 12
108 124
130 170
106 16
69 16
60 93
91 122
164 2
99 8
149 9
80 183
76 19
57 128
53 139
172 191
111 13
82 104
131 165
52 170
185 14
126 164
2 17
103 11
73 7
135 16
75 85
82 106
60 4
65 66
170 8
51 187
44 118
39 6
7 9
103 4
158 9
164 181
16 18
36 88
92 3
157 18
26 71
131 145
55 8
0 17
107 172
169 181
60 91
24 32
13 18
61 3
71 147
124 8
133 5
61 77
65 197
82 6
105 108
65 95
78 188
78 130
56 11
39 10
37 63
144 18
6 8
33 35
100 122
44 172
156 190
148 16
28 63
43 62
141 6
26 13
42 1
152 13
153 16
33 95
23 16
24 102
158 10
1 13
53 75
91 14
141 178
39 2
9 18
56 57
34 13
119 12
118 151
79 8
73 9
124 141
79 165
64 81
52 2
116 5
153 10
180 5
81 166
146 171
25 17
102 192
62 123
144 12
81 197
43 112
114 1
166 171
6 12
93 3
33 117
145 8
133 153
169 198
48 198
87 114
164 5
154 9
163 164
48 76
145 156
131 157
171 195
101 10
94 141
65 165
120 129
147 2
76 13
71 17
166 0
41 58
28 10
40 5
23 9
118 0
79 0
78 4
156 17
173 183
162 17
89 18
63 185
197 17
196 4
156 6
74 109
136 5
47 163
64 18
45 15
153 6
32 15
40 60
121 5
160 191
51 1
185 7
47 111
64 82
27 59
121 11
71 153
122 150
71 4
149 169
91 6
82 95
119 120
119 142
40 1
122 12
143 15
142 17
175 4
114 143
39 0
82 5
59 100
154 14
87 12
119 179
186 18
3 14
120 153
40 64
44 84
157 13
48 72
104 131
84 92
170 1
96 148
81 138
153 0
155 13
124 19
135 171
43 86
94 2
50 190
96 130
45 71
100 150
68 14
120 141
138 17
161 5
115 150
0 4
74 1
135 197
46 131
112 134
196 8
97 7
56 198
197 16
108 14
93 14
44 191
149 176
128 7
117 5
27 63
48 90
90 14
67 126
56 159
51 126
168 4
100 3
101 118
81 122
47 69
127 19
87 11
91 9
174 189
63 19
110 131
72 9
138 10
167 171
115 170
30 125
22 109
21 195
136 18
60 105
25 14
116 10
70 186
126 19
30 4
74 179
154 6
144 150
65 128
181 199
57 160
28 175
159 16
98 173
34 4
50 168
77 18
158 11
169 172
100 12
159 5
86 92
76 7
86 108
44 179
74 140
22 129
109 194
164 14
148 13
105 122
177 16
85 140
45 61
103 3
99 0
184 189
26 86
40 128
56 123
23 3
157 4
177 186
129 178
123 172
70 17
65 157
69 140
69 18
153 183
1 4
144 13
147 0
91 164
189 7
187 1
25 6
160 14
78 10
31 1
57 97
120 17
86 89
11 14
129 160
181 0
120 0
151 15
182 191
6 16
70 12
172 9
129 1
116 174
174 191
113 189
145 15
158 18
69 137
79 141
107 126
87 13
30 121
184 198
155 18
26 14
132 4
114 8
142 192
94 163
131 19
68 193
58 166
198 2
127 8
64 97
177 6
24 5
51 73
47 71
144 4
169 18
22 146
35 119
128 1
82 2
39 172
81 1
38 13
189 18
20 121
30 16
165 7
179 1
51 70
74 100
68 16
57 8
33 174
169 3
53 141
66 14
190 17
9 12
36 108
85 11
105 4
177 19
50 0
174 12
86 182
74 16
55 3
135 2
45 150
6 7
53 17
50 16
127 197
89 9
99 102
119 175
88 157
139 155
44 161
89 140
22 19
158 3
