72 109
2 15
12 16
105 121
108 133
124 14
46 9
49 124
165 9
57 7
28 13
26 105
39 183
143 188
120 17
25 146
156 0
41 199
159 13
88 12
99 170
111 191
91 4
47 2
76 179
90 19
38 53
71 5
131 12
58 16
31 17
70 4
106 19
133 12
140 17
98 146
192 16
37 6
113 153
166 185
144 152
139 19
25 140
22 7
37 16
59 5
154 17
166 10
75 131
116 14
84 11
179 19
37 19
22 13
101 160
21 10
104 4
27 85
155 19
86 5
83 18
71 197
36 183
65 16
113 134
1 13
87 194
148 12
129 16
121 10
113 8
123 175
20 11
51 171
125 192
39 14
184 2
80 10
183 12
29 12
106 193
185 10
56 189
37 18
50 17
81 9
73 148
129 10
167 194
20 12
92 11
65 3
89 2
186 11
60 162
121 0
118 14
34 180
165 2
160 6
158 166
32 171
174 19
57 151
23 120
179 16
6 9
25 72
100 12
44 70
87 16
68 152
59 17
57 17
185 19
77 8
15 17
119 13
25 19
51 18
72 7
55 64
158 0
14 16
24 65
186 6
151 9
183 18
111 17
100 15
68 7
137 0
150 161
195 0
93 3
60 0
92 6
28 75
101 1
159 0
84 1
177 8
26 124
163 9
129 15
97 174
185 17
62 10
62 13
186 13
198 11
28 191
66 5
60 5
45 61
38 7
181 8
129 2
71 129
84 96
36 81
62 172
172 4
22 5
170 0
135 4
170 1
28 16
98 19
126 14
74 1
41 15
150 0
153 163
193 8
73 197
28 12
186 18
6 13
186 8
11 16
175 13
49 123
30 12
111 0
107 13
85 5
99 15
21 19
0 13
167 12
58 186
152 4
1 9
173 2
118 120
110 19
134 13
88 168
38 65
169 192
79 99
94 11
136 2
28 187
95 3
47 19
34 141
89 95
51 99
21 17
82 9
27 150
1 18
135 2
27 147
150 10
1 15
92 8
28 110
37 132
147 6
136 1
95 127
36 7
14 19
52 188
74 127
148 0
11 15
29 6
75 3
163 17
95 10
34 140
51 17
84 2
74 15
28 165
171 4
47 16
104 186
197 11
23 153
58 195
22 87
135 168
54 17
49 2
25 10
149 6
160 11
104 9
74 188
64 6
66 16
176 14
33 87
57 6
130 164
113 195
162 12
27 1
145 192
37 11
155 16
175 9
39 119
153 165
86 1
87 9
40 18
64 12
91 7
43 49
4 8
15 18
128 197
134 3
138 193
18 19
105 11
84 124
121 181
156 19
154 15
145 3
29 0
57 12
99 2
21 0
164 170
66 11
164 7
5 18
194 14
51 92
108 140
96 164
151 167
91 13
199 1
151 18
137 15
160 8
128 1
109 1
137 16
89 14
102 9
55 2
29 17
144 18
123 7
36 171
3 18
101 179
163 8
117 8
136 8
95 160
127 16
63 9
63 15
96 197
29 5
143 16
102 104
145 18
107 18
64 3
26 15
56 2
81 0
164 4
190 1
62 15
122 13
6 16
105 19
174 15
145 191
136 4
7 16
193 18
78 17
63 164
127 6
2 14
158 186
76 7
25 155
52 63
67 13
174 0
106 11
62 12
73 18
0 16
132 5
193 13
102 160
195 7
195 12
109 4
145 165
61 80
43 137
125 10
52 144
169 18
193 5
114 8
3 17
193 14
77 19
54 8
34 13
43 76
2 16
52 15
193 3
107 159
122 17
155 173
143 199
162 14
154 194
86 91
132 11
22 6
110 173
79 10
94 10
50 13
158 17
112 114
196 10
79 17
159 10
82 91
76 85
37 1
85 18
84 12
161 13
47 15
39 0
61 16
74 0
185 12
140 171
145 19
75 97
142 164
44 69
25 9
85 13
155 0
63 12
163 196
135 6
38 0
107 178
43 97
177 3
128 11
127 137
45 11
69 11
28 59
168 17
21 119
144 7
49 169
186 2
51 7
1 17
93 152
70 100
100 127
86 113
34 9
127 140
104 187
15 16
33 108
183 6
83 86
9 10
74 16
51 197
163 18
131 1
35 45
45 73
68 184
80 9
50 15
197 19
191 197
53 17
130 12
14 17
69 2
70 138
152 10
98 5
22 49
88 17
86 4
45 79
53 18
148 165
122 11
159 4
163 15
41 6
158 7
127 11
51 13
32 9
182 8
94 19
48 88
67 11
190 14
27 4
198 10
116 160
189 1
103 8
25 15
120 12
190 12
62 0
62 97
6 7
68 4
80 143
55 112
58 191
82 18
147 158
41 2
100 155
2 4
95 112
44 17
163 19
130 137
111 11
107 110
53 8
1 4
117 136
70 5
56 14
42 16
53 175
142 1
92 165
191 15
64 16
20 102
0 7
56 118
147 13
172 5
196 9
76 5
50 168
46 141
122 14
25 11
111 167
12 18
90 16
149 0
29 54
142 0
150 13
24 32
124 7
1 2
164 16
134 16
29 11
127 7
0 1
157 3
111 2
60 8
167 19
0 11
141 11
123 17
80 116
169 10
131 183
98 0
69 192
161 8
157 1
29 4
86 10
36 13
194 15
60 168
127 15
158 11
26 195
155 3
44 9
173 186
53 2
66 124
9 11
152 8
123 13
3 5
112 17
21 8
194 19
123 0
142 19
54 7
121 5
11 17
64 2
141 5
3 6
4 9
146 15
60 16
44 95
34 44
20 2
5 7
94 7
158 19
0 3
44 177
78 83
23 12
155 9
170 6
152 1
36 182
171 1
100 7
99 5
153 17
31 155
126 3
76 12
196 17
10 11
67 109
178 1
84 179
117 138
105 15
69 5
135 13
32 0
5 15
36 94
89 103
88 6
41 17
5 6
91 10
171 0
189 199
63 153
57 139
159 19
66 8
193 7
81 86
117 4
144 9
130 7
96 105
80 82
30 4
48 4
84 137
84 153
75 91
42 10
129 17
126 12
136 140
110 188
8 16
37 0
20 3
36 181
169 11
82 95
166 12
1 12
99 8
1 19
150 18
39 134
44 138
40 176
49 87
103 14
143 9
172 18
103 114
155 8
40 15
118 3
39 156
128 9
31 8
98 142
25 5
79 0
186 7
60 14
187 0
46 3
70 92
49 108
164 182
186 19
143 179
176 18
24 141
165 10
50 5
78 9
138 17
13 19
89 150
82 127
192 1
55 129
137 2
121 3
2 13
72 10
85 125
118 12
21 11
88 10
66 13
52 68
115 19
97 0
132 8
30 159
31 126
82 11
126 4
38 77
21 150
117 16
68 13
3 16
184 1
0 18
65 7
120 190
140 18
178 193
10 18
103 196
92 13
180 14
26 13
132 14
57 16
141 12
49 9
36 62
128 19
58 190
98 106
8 13
106 5
110 5
5 14
124 150
146 17
35 147
114 0
184 10
91 16
116 0
167 17
135 0
90 3
61 94
169 7
152 180
37 7
3 7
64 17
95 179
54 187
103 6
73 8
56 13
47 4
184 4
175 5
26 19
73 124
34 3
21 72
53 198
162 11
90 0
184 199
62 69
165 12
35 91
83 96
64 168
51 59
145 6
44 198
115 156
76 6
162 10
69 15
190 3
117 142
57 99
115 16
96 15
161 4
195 2
93 166
43 126
89 13
93 2
44 129
126 194
184 17
0 9
194 4
10 13
57 8
2 9
169 16
35 7
72 5
78 192
20 95
133 15
8 10
171 3
40 7
195 8
61 6
148 9
82 14
136 14
42 8
174 18
170 11
51 123
176 0
127 170
137 11
54 179
71 16
145 7
129 166
110 130
38 101
144 17
3 4
175 6
31 18
192 9
147 11
45 13
53 19
147 14
195 19
73 10
28 10
112 14
91 19
199 4
25 17
84 145
185 9
124 13
57 13
27 146
45 174
146 6
164 17
20 100
73 15
31 114
155 5
102 17
170 191
155 11
132 16
23 83
70 79
166 191
129 140
0 15
9 14
190 13
97 124
52 18
48 3
59 11
46 14
79 163
174 4
113 3
191 6
88 173
8 17
77 11
76 81
105 192
89 166
24 1
28 154
60 19
113 17
26 16
123 191
31 0
167 4
2 11
147 19
71 12
189 9
54 5
172 8
92 130
89 10
78 2
154 18
160 0
60 67
152 19
77 3
55 4
104 1
9 19
46 74
2 19
56 177
44 171
64 0
24 12
94 15
119 147
37 8
186 0
0 5
114 122
77 9
164 19
29 3
147 8
106 10
30 16
98 11
37 160
87 8
90 10
52 6
134 9
59 136
43 118
93 120
97 14
125 167
27 12
73 9
111 4
98 130
73 179
49 122
29 122
95 181
86 18
142 8
166 17
70 0
153 5
153 4
96 13
123 19
124 15
149 3
71 131
93 133
25 6
47 87
64 188
86 6
131 4
108 13
47 3
35 11
76 0
24 164
10 17
185 5
184 14
33 54
145 184
155 2
39 17
49 12
186 1
6 12
123 12
140 158
40 64
27 5
92 172
154 0
122 186
58 85
58 10
162 13
119 19
133 3
111 16
107 5
45 7
144 5
171 18
163 10
73 13
135 9
116 128
156 179
99 0
76 122
107 0
87 11
155 12
174 1
124 10
137 10
30 15
166 15
152 11
84 119
124 2
121 8
88 104
102 3
156 13
34 4
51 4
198 7
0 6
36 12
50 16
70 6
47 9
65 17
28 1
112 9
1 16
9 12
22 15
86 17
104 151
33 0
89 90
79 88
179 3
132 154
35 59
138 8
58 2
104 189
169 19
73 186
63 93
20 71
114 9
24 4
37 2
13 14
6 10
144 10
33 43
0 14
87 184
30 117
42 3
120 173
145 13
157 19
187 8
190 8
36 120
114 134
197 7
35 12
35 8
43 189
7 8
199 16
104 106
101 174
22 10
31 179
195 4
71 6
82 16
9 16
58 4
181 19
14 15
135 7
142 12
124 174
71 115
81 8
60 103
104 108
182 14
60 4
99 113
153 9
108 6
48 64
109 17
70 102
53 191
113 7
179 5
25 196
197 17
188 7
146 154
145 190
119 130
35 6
147 1
78 19
49 196
129 6
160 5
167 0
95 14
66 4
56 7
88 134
41 4
84 160
27 7
8 18
10 19
153 159
42 121
154 14
26 157
45 5
47 65
118 176
80 195
151 3
59 18
141 10
4 11
191 14
128 141
73 80
99 181
10 14
195 11
136 7
9 17
140 143
98 173
134 4
66 193
115 8
107 16
83 186
132 13
56 10
59 6
65 103
85 4
6 17
49 100
50 12
132 7
52 12
38 19
110 10
114 17
138 15
171 12
157 159
124 190
120 15
7 9
147 4
109 14
113 174
34 17
106 177
116 19
38 106
102 5
68 17
154 10
194 0
75 17
40 0
39 6
50 2
38 3
25 108
36 133
72 123
33 2
30 17
80 19
133 1
65 142
63 11
81 184
3 11
42 56
166 14
145 0
137 13
111 14
88 182
125 159
109 12
194 1
112 187
145 11
42 55
187 19
100 168
173 11
78 128
43 135
118 6
59 184
6 19
65 10
109 7
189 8
23 3
30 10
71 10
50 11
66 9
1 6
159 9
21 176
136 19
153 13
58 79
34 152
73 0
138 5
110 136
85 97
11 18
7 15
104 184
26 180
135 5
76 19
38 146
6 15
66 73
193 17
34 14
104 8
61 2
180 18
127 4
166 19
191 3
48 18
166 13
26 118
166 190
154 11
66 116
150 6
107 3
157 17
38 16
20 19
49 4
83 111
25 85
70 184
51 16
160 10
183 13
137 6
98 116
162 6
174 11
116 4
129 18
42 0
144 14
90 175
188 6
49 96
173 17
33 15
123 143
59 3
31 5
93 1
164 13
187 18
3 12
25 99
131 7
44 1
117 14
62 190
103 4
36 104
92 119
74 3
1 7
189 3
78 18
73 89
128 17
79 6
43 172
26 18
191 11
146 13
134 14
93 13
166 16
49 7
91 12
51 1
101 18
166 6
163 4
30 62
27 111
174 5
119 3
198 3
149 7
54 191
97 114
4 12
99 13
20 8
104 159
186 5
153 0
81 15
155 6
45 18
23 113
78 132
103 5
106 9
96 14
116 1
50 1
182 4
69 10
160 189
113 13
86 94
98 7
120 6
32 7
124 19
192 12
127 8
36 117
113 10
120 8
60 15
169 12
31 48
194 11
90 5
11 14
112 153
197 9
147 7
48 15
61 4
32 8
113 16
32 15
83 14
74 12
38 171
73 4
35 17
59 4
63 199
85 148
100 19
73 2
90 7
159 3
174 17
168 11
147 5
20 139
79 171
5 11
163 16
194 2
73 193
64 196
74 4
105 5
108 1
172 179
67 2
96 180
107 121
24 68
54 150
165 14
156 4
88 199
49 5
123 5
95 151
21 6
2 7
180 2
165 16
128 131
102 117
174 12
2 18
15 19
88 18
31 4
38 129
78 16
168 10
30 6
140 172
78 170
167 8
27 3
34 16
131 16
106 15
119 17
67 4
145 16
170 17
85 2
179 17
107 1
79 186
87 2
72 88
124 11
26 14
103 10
72 169
116 120
28 4
85 93
13 18
80 3
190 18
174 9
193 11
62 18
66 1
149 8
172 19
78 14
164 2
40 17
25 66
44 165
106 136
30 40
110 184
172 3
162 17
75 77
173 8
157 8
52 11
104 182
55 72
43 166
103 189
78 8
96 10
50 18
114 167
83 174
22 129
178 8
112 159
135 19
53 9
164 1
50 0
67 7
77 0
158 12
42 43
96 3
100 18
180 0
105 165
144 12
76 147
196 8
82 7
143 12
135 142
120 13
119 6
106 1
61 15
63 181
161 10
191 16
38 13
75 18
142 9
185 14
172 9
60 142
94 5
51 134
69 12
156 1
149 9
112 160
99 4
74 8
73 14
106 18
4 7
96 6
33 65
167 13
100 0
32 169
63 17
4 18
71 8
49 17
133 19
134 7
77 4
139 199
91 0
159 16
100 10
189 192
94 12
122 18
37 135
82 12
119 7
37 57
54 13
8 9
189 7
82 112
116 15
32 110
42 17
79 13
87 5
42 147
52 17
27 15
100 121
77 1
7 13
54 141
113 19
176 7
96 185
75 11
83 183
198 0
95 9
22 31
57 164
154 12
116 13
40 6
68 18
2 5
63 151
123 124
109 9
75 10
74 143
91 1
177 18
105 1
66 184
7 11
112 119
165 13
52 10
178 14
23 184
67 17
35 164
155 18
102 4
108 11
198 8
58 12
4 19
148 2
135 11
179 14
197 10
176 12
195 1
199 6
142 148
75 0
178 190
8 12
52 13
67 146
56 17
47 183
125 165
148 1
69 3
120 18
58 164
26 2
181 13
62 17
30 19
41 154
61 108
90 151
126 143
170 7
42 70
27 18
42 2
52 8
53 12
58 6
47 14
32 92
199 14
51 83
51 86
61 5
67 16
6 8
117 17
128 3
30 165
169 1
48 0
31 180
134 2
62 92
190 19
90 15
181 9
28 0
46 167
26 86
105 181
23 53
96 4
26 17
69 13
179 7
7 10
46 16
146 9
171 186
168 19
123 18
35 169
75 107
115 2
90 2
38 108
165 5
106 17
4 17
148 19
84 9
147 10
126 19
147 12
191 5
132 9
64 15
68 9
108 109
94 152
46 19
41 89
20 14
160 18
142 7
125 2
94 9
98 13
11 12
41 16
59 112
198 5
45 165
149 15
22 167
159 2
179 13
154 16
59 15
92 144
5 13
187 10
57 165
20 61
167 9
41 0
22 1
139 7
102 138
170 2
80 17
71 7
197 3
62 2
114 4
97 129
101 19
125 4
138 16
81 103
128 4
157 11
84 0
58 66
28 19
83 7
37 109
2 8
142 152
162 5
146 14
32 11
183 15
84 190
106 111
103 13
38 9
23 15
36 18
71 15
81 100
22 121
74 5
43 196
115 177
124 146
60 12
85 119
65 9
125 1
2 10
23 5
187 16
97 123
98 1
74 146
143 11
140 10
71 1
139 0
190 16
11 13
140 15
199 2
4 10
26 194
31 159
35 1
97 9
84 138
141 18
124 188
20 4
32 10
176 15
52 123
129 164
49 8
94 6
22 14
35 3
164 6
172 16
147 164
28 121
35 160
50 9
95 13
153 11
91 15
36 1
89 16
70 118
108 5
83 15
119 9
164 180
191 2
54 9
168 16
42 13
78 0
152 6
26 33
159 18
88 8
89 4
139 10
33 14
121 11
82 185
162 168
73 7
10 16
72 3
65 11
0 17
40 14
33 159
55 13
131 2
141 178
95 12
146 174
124 12
42 1
170 12
115 11
41 157
30 181
101 197
46 6
153 16
22 23
196 2
185 11
20 93
171 10
70 12
115 197
109 113
96 149
121 193
73 3
155 199
135 14
105 13
82 175
86 132
61 177
34 60
103 147
41 11
58 5
63 155
61 3
178 16
97 3
136 11
35 86
24 9
63 1
106 6
159 170
25 68
137 182
112 148
50 147
121 151
70 112
35 168
154 159
85 171
36 3
80 121
149 12
96 5
152 13
171 15
138 0
126 1
89 186
81 13
31 113
132 0
17 19
141 1
38 11
58 9
60 10
78 4
167 15
122 3
52 2
157 161
114 7
44 2
111 13
94 8
21 115
173 6
147 154
128 133
179 15
110 3
81 2
94 174
157 174
105 16
133 4
113 2
125 15
133 157
165 15
91 9
23 17
13 17
4 5
131 146
151 10
26 176
6 18
177 10
61 12
79 127
136 16
171 8
67 6
91 8
150 167
74 159
195 15
113 122
122 6
192 19
16 17
65 19
120 146
180 12
59 12
148 10
104 14
70 15
71 148
190 11
154 4
43 10
115 9
135 12
138 11
30 14
88 2
139 180
74 112
99 3
164 175
199 10
193 19
68 3
65 15
125 7
134 10
8 11
21 1
5 12
5 9
36 144
89 18
94 18
85 3
20 1
48 6
77 5
74 115
24 17
190 4
126 16
111 6
45 171
175 2
68 70
142 14
98 124
169 4
85 11
141 7
169 8
133 13
7 14
95 11
124 0
144 155
167 180
57 130
125 6
86 9
130 18
72 156
33 64
104 15
133 16
86 12
53 1
171 2
94 119
158 1
135 17
58 84
161 16
185 4
78 3
38 14
35 16
168 0
173 188
141 9
112 3
72 119
91 3
30 18
35 94
168 169
87 19
172 0
146 177
52 5
97 4
69 130
84 5
113 15
160 4
80 11
32 174
100 181
142 2
58 14
33 13
55 7
55 14
148 11
136 162
45 14
128 174
62 199
96 19
55 12
135 140
131 15
72 2
41 130
12 14
122 198
73 16
106 13
90 113
99 9
103 9
28 86
71 18
25 8
137 7
92 5
52 0
33 3
136 0
117 6
130 16
95 2
162 18
50 3
68 12
93 17
60 18
108 15
122 4
142 149
14 18
42 4
88 9
170 8
37 4
165 17
71 165
121 9
47 6
8 14
48 195
69 146
50 91
71 175
158 9
40 3
23 149
83 99
83 1
54 165
65 4
180 16
76 3
178 19
67 19
101 2
28 14
26 103
183 2
93 4
66 10
4 16
72 4
157 18
3 19
31 10
108 14
197 15
151 12
74 145
67 145
89 5
88 1
140 6
54 19
183 8
151 165
161 14
120 16
0 2
123 193
156 161
64 8
38 111
33 6
58 11
140 13
41 13
28 147
70 130
4 13
151 175
101 12
122 16
117 189
62 134
183 14
87 192
133 2
85 14
146 184
37 10
28 185
184 13
188 15
151 169
90 1
161 9
154 13
131 5
35 2
142 18
138 13
152 3
196 3
143 15
80 7
137 8
26 4
68 0
83 163
27 173
90 11
66 75
27 11
31 119
77 14
164 11
62 170
141 8
3 9
30 175
82 6
81 19
157 13
86 0
198 4
86 3
60 9
191 10
51 10
87 14
190 5
152 18
122 15
70 10
150 11
41 3
70 3
193 12
173 16
28 160
156 8
30 137
75 5
116 16
193 10
77 10
59 100
75 9
95 6
27 16
65 144
154 191
102 11
139 11
116 8
123 9
41 102
23 49
198 9
101 11
77 16
8 19
39 103
2 17
180 17
187 17
158 15
99 10
43 100
100 17
63 195
0 8
109 189
139 8
149 18
119 15
88 111
80 92
85 115
192 0
180 194
27 10
65 0
100 5
16 18
20 9
186 14
62 155
27 195
30 69
54 3
107 132
173 15
97 16
154 2
177 13
149 10
59 10
164 18
199 18
155 17
26 34
133 173
29 13
68 16
123 8
97 135
45 85
66 99
135 191
141 2
157 16
171 194
98 3
85 12
41 8
126 10
76 16
142 11
128 155
91 6
130 139
152 165
78 15
89 126
75 78
75 108
41 52
162 19
169 2
60 64
3 13
40 53
109 2
77 154
119 8
184 12
137 156
114 11
83 141
82 4
103 11
95 156
185 6
92 17
121 18
39 1
56 193
36 17
51 5
83 100
168 14
149 2
12 17
79 5
20 86
32 80
109 5
194 13
49 110
79 94
149 199
1 5
199 15
128 151
69 157
44 16
102 18
130 10
22 12
171 191
170 4
95 19
42 119
88 178
170 3
72 6
91 14
185 16
83 16
112 18
34 10
195 3
99 137
3 8
53 11
188 198
50 19
47 160
13 16
111 10
61 10
54 198
3 15
46 13
147 150
70 16
46 4
31 188
181 11
59 19
161 178
189 2
124 1
154 7
108 7
182 187
0 10
155 166
88 0
24 10
9 18
193 6
126 6
113 14
105 14
135 10
138 157
30 35
178 189
24 113
151 15
25 12
61 14
120 196
45 195
49 78
173 7
99 11
20 154
26 144
103 2
160 1
189 18
113 0
47 82
92 16
29 60
35 19
68 73
144 1
123 4
97 8
48 8
191 0
47 17
66 12
132 6
47 5
69 9
130 19
1 8
1 14
121 2
0 19
136 6
141 157
108 152
66 0
92 18
58 102
104 13
36 90
104 3
195 14
187 5
29 111
52 129
85 8
66 19
50 8
124 169
16 19
102 146
58 1
0 4
45 189
155 15
162 3
66 83
12 19
27 29
146 189
2 3
197 6
121 196
34 85
13 15
153 14
37 14
147 190
75 8
10 15
106 135
173 3
57 3
36 16
56 12
46 138
78 91
44 7
12 15
37 133
29 15
166 4
131 19
39 16
32 6
44 63
121 137
116 7
22 199
25 103
6 14
70 8
179 0
79 9
109 194
62 3
169 0
94 0
38 115
158 18
96 16
2 12
44 5
143 18
188 3
84 3
79 3
79 111
65 12
105 17
38 155
75 186
114 18
120 0
61 8
115 7
7 17
72 19
100 162
24 123
4 6
51 14
161 15
31 13
43 6
59 1
77 12
8 15
80 8
171 190
79 1
97 7
24 19
36 64
30 38
147 16
190 10
136 9
143 196
159 12
190 2
111 192
55 18
66 110
137 188
44 19
168 4
76 167
137 12
133 6
67 180
143 7
177 9
81 5
115 1
144 15
107 14
33 18
76 10
56 15
40 170
150 5
127 13
154 5
68 2
52 7
48 5
61 0
139 160
187 3
176 11
35 5
52 197
47 12
29 107
27 139
49 10
169 6
117 199
73 1
102 15
173 0
66 191
43 5
175 1
36 4
167 1
56 4
93 15
188 9
86 2
50 14
163 12
60 89
45 10
131 142
76 14
121 12
44 50
81 186
98 8
1 3
46 17
57 2
177 4
192 3
26 12
33 7
109 3
60 165
70 19
61 17
137 5
40 5
157 10
178 18
3 10
194 12
134 11
7 12
171 17
170 16
56 60
134 17
55 9
9 15
51 2
58 3
38 15
88 19
80 4
12 13
187 4
46 15
71 4
40 70
70 11
72 18
1 10
148 3
5 8
186 10
35 148
101 140
26 1
128 6
26 40
184 18
52 76
22 179
21 161
24 55
21 9
80 126
55 8
146 11
63 13
2 6
117 5
195 16
48 99
135 16
119 151
167 10
25 49
117 12
167 11
98 183
33 101
9 13
158 13
100 14
129 8
3 14
57 0
159 6
82 128
178 3
126 18
80 89
162 186
48 1
107 10
29 55
189 4
96 17
107 164
34 5
107 4
38 153
153 178
112 16
141 0
51 0
163 0
58 17
197 12
107 158
176 9
43 2
124 171
118 10
101 158
68 8
132 172
161 5
190 9
187 6
74 9
31 128
69 6
193 9
66 72
52 1
0 12
122 2
48 14
51 9
68 124
170 185
135 1
166 2
45 144
123 16
89 169
143 8
131 11
7 19
32 3
160 12
59 139
24 13
177 198
134 186
5 16
114 13
97 15
109 10
180 13
32 13
53 104
43 193
4 15
137 3
149 1
41 12
93 147
63 8
121 141
63 4
118 15
50 4
89 6
98 128
174 187
77 15
79 16
162 174
51 160
140 2
45 16
50 7
5 10
5 19
66 15
133 0
20 7
77 165
36 84
56 111
64 156
185 13
50 72
140 12
172 14
131 17
145 9
30 153
110 15
132 15
96 9
26 104
79 19
68 1
177 178
173 18
71 3
103 123
146 8
63 3
33 17
95 129
36 143
44 121
139 16
101 6
116 11
157 12
39 142
194 18
133 181
10 12
30 0
26 5
197 0
40 10
26 6
62 5
176 3
199 0
53 125
178 6
22 8
141 14
121 130
