29 18
46 6
49 122
70 189
88 144
42 2
36 43
197 1
98 101
125 4
21 79
92 18
61 159
108 12
95 13
141 168
155 192
41 14
61 167
5 11
120 0
122 157
41 19
175 3
95 115
11 15
66 18
53 17
32 193
98 17
35 134
171 198
67 15
158 168
177 18
105 7
83 149
164 13
34 187
118 132
148 4
9 17
146 191
78 80
83 180
168 18
86 137
150 7
122 0
175 12
119 16
127 7
27 73
150 172
24 109
121 8
62 170
2 18
198 11
173 9
36 100
0 13
185 12
123 132
181 4
66 5
80 128
86 131
186 192
52 18
58 1
87 5
130 1
33 10
93 96
62 9
70 160
79 152
141 191
145 182
26 5
151 16
31 125
58 118
54 133
49 17
136 13
71 143
135 187
193 5
88 16
48 12
31 97
72 5
122 123
59 182
103 136
180 14
80 110
197 14
37 186
25 43
35 2
73 9
148 149
164 6
125 8
83 189
22 157
91 15
74 164
130 13
140 15
45 80
28 163
189 19
107 150
35 5
114 118
151 5
43 111
192 4
177 3
101 185
40 114
91 106
54 71
20 156
26 39
25 148
93 2
171 189
16 18
3 13
77 171
94 115
39 132
29 86
74 3
59 15
104 15
65 148
95 161
135 15
42 10
130 12
127 0
141 172
32 129
51 13
128 131
77 9
98 19
57 3
137 5
116 157
83 84
113 144
94 17
76 171
60 17
45 5
162 0
153 13
67 75
21 119
159 185
172 13
78 122
93 16
75 84
62 11
91 180
22 121
1 11
33 56
98 1
189 6
74 81
95 11
172 18
13 14
175 186
36 157
110 4
163 19
11 16
101 151
34 12
4 17
186 15
27 89
87 4
85 7
32 171
51 86
182 193
56 8
197 0
67 14
22 140
103 1
46 120
35 161
197 17
21 11
7 13
110 160
41 122
86 116
58 175
114 2
142 14
125 159
179 11
139 193
46 9
198 0
147 15
43 199
25 173
125 132
93 6
99 0
115 16
24 158
77 2
86 2
155 178
79 157
120 19
30 71
196 10
112 13
135 4
27 165
164 19
162 196
100 12
135 2
149 187
62 143
177 197
102 1
50 19
126 196
23 187
52 143
68 134
97 101
50 198
83 17
24 179
22 5
18 19
133 17
138 17
154 188
50 120
24 55
83 194
132 17
51 121
44 104
50 148
45 71
42 64
37 112
128 134
87 156
54 128
40 173
142 9
73 14
45 144
34 124
88 18
127 179
191 12
137 1
151 9
173 13
29 183
43 0
34 114
23 97
137 17
198 4
42 13
107 168
20 99
167 5
85 0
86 4
21 92
61 191
137 143
166 3
6 11
23 9
80 6
199 6
131 1
169 16
109 17
75 153
153 9
51 182
160 19
64 95
1 7
23 167
138 11
119 4
136 14
70 137
69 149
162 2
24 1
4 5
152 18
20 5
120 122
0 17
92 134
83 145
131 3
37 119
29 56
59 11
71 199
196 16
15 19
112 8
78 156
140 198
79 102
57 182
165 176
25 62
118 192
62 167
133 141
144 3
102 3
71 105
66 8
35 75
47 8
27 47
53 10
61 4
48 70
116 159
132 15
161 168
147 193
59 129
171 10
146 8
141 19
106 146
187 12
156 17
87 155
91 9
61 113
71 187
43 15
69 180
107 16
144 182
36 183
32 133
69 5
115 184
21 14
63 179
129 146
120 9
118 15
58 11
160 6
135 11
74 8
40 153
180 187
71 10
98 151
77 131
104 134
68 10
110 10
127 19
77 199
138 7
4 7
26 4
86 154
70 73
152 9
117 151
114 172
66 16
20 13
161 15
104 196
111 12
25 171
111 0
10 11
163 13
179 2
188 3
71 117
54 16
16 19
142 10
95 108
77 112
36 194
169 8
28 74
53 6
40 167
187 8
84 170
50 101
69 70
22 37
29 15
54 62
116 6
85 105
130 5
136 18
97 6
176 0
101 128
26 120
98 161
82 0
38 108
176 10
174 18
51 129
129 3
46 96
194 16
54 116
174 9
81 5
162 9
194 6
130 15
195 16
147 5
76 193
155 19
124 186
128 198
47 85
59 3
184 198
34 75
108 170
150 178
139 14
59 0
62 66
120 13
120 18
21 25
68 83
26 192
24 76
78 11
187 13
152 180
142 17
25 158
135 10
184 8
69 11
46 18
54 81
97 151
135 6
53 9
41 74
57 18
187 19
74 93
20 32
174 176
32 64
78 93
43 2
113 8
37 3
152 5
46 152
117 132
0 14
61 176
145 19
123 15
67 13
111 14
99 178
184 10
60 135
172 184
40 9
194 14
45 161
85 2
13 16
64 99
131 134
139 1
144 159
121 17
110 17
132 13
158 161
152 196
68 160
181 7
107 158
182 13
166 14
54 95
6 7
28 2
135 8
151 2
103 199
80 0
193 16
178 4
71 106
132 16
139 13
38 95
91 17
127 18
187 4
197 15
28 119
135 136
70 19
118 148
61 134
176 4
125 0
30 1
47 4
20 10
68 14
159 18
81 17
30 127
54 120
69 79
197 18
111 118
39 173
151 7
169 18
117 9
149 196
106 197
120 1
26 18
103 8
164 10
91 10
58 165
37 143
75 180
77 6
177 7
96 133
127 137
9 16
98 184
177 15
88 178
36 152
141 169
25 159
123 160
46 3
122 10
130 9
157 16
155 0
197 8
188 7
109 185
73 178
133 15
60 5
48 74
136 6
105 173
88 0
55 13
109 113
136 162
81 90
36 18
20 1
3 11
117 6
48 10
94 6
116 3
197 9
52 89
77 177
6 15
66 84
153 186
104 142
103 143
187 0
27 110
82 195
23 127
50 96
47 12
169 11
127 9
71 194
22 17
149 8
105 175
142 197
30 51
45 163
155 162
189 17
28 158
79 6
154 2
51 12
134 14
114 145
59 184
85 14
144 10
30 106
68 106
198 2
101 122
96 115
191 9
194 12
110 114
15 17
22 190
123 135
23 115
98 3
49 149
115 12
20 73
136 191
167 179
50 79
173 4
110 11
162 17
171 174
17 19
4 14
144 12
90 14
20 6
42 0
4 9
85 6
113 6
33 39
76 9
199 13
77 119
83 14
44 68
61 3
54 2
56 110
82 160
97 107
41 88
1 18
79 162
30 15
51 186
168 6
50 146
155 6
128 17
70 15
120 131
71 12
59 4
109 5
43 10
24 127
26 136
80 94
183 9
103 120
77 102
167 14
89 5
129 7
38 7
114 7
71 148
98 126
179 19
146 14
88 3
86 183
143 6
165 197
91 8
45 117
64 96
101 11
64 165
179 15
55 192
159 5
82 109
51 77
96 156
68 123
173 191
35 16
49 12
53 163
84 10
126 183
80 13
82 147
42 57
114 5
199 5
81 151
74 15
190 11
59 120
97 1
185 8
138 8
69 16
73 94
114 151
45 93
147 17
38 178
39 18
96 152
79 1
37 0
7 16
59 189
40 16
27 127
48 78
94 166
39 140
164 193
143 16
37 10
27 3
2 4
106 107
2 6
186 5
92 5
37 9
147 7
45 3
10 15
130 161
61 65
1 17
64 108
35 1
112 5
23 148
71 77
49 100
7 18
2 19
45 12
112 128
104 14
91 13
21 129
107 8
11 13
131 0
125 126
36 128
121 128
56 7
97 14
78 16
110 7
154 197
80 145
26 7
72 136
36 165
150 173
109 187
48 166
184 9
37 51
3 12
96 139
187 9
76 11
143 197
63 2
171 17
191 1
178 19
124 185
149 182
62 174
133 134
105 129
6 10
143 12
115 13
51 100
179 4
32 137
24 150
43 71
3 10
186 199
78 2
172 15
70 9
164 8
72 149
124 18
153 18
72 178
102 145
160 14
125 15
2 5
197 19
1 14
25 9
59 183
178 12
102 13
155 167
27 181
180 17
177 13
85 3
47 17
86 9
110 151
97 166
93 173
156 16
87 189
36 158
119 19
100 128
110 136
43 18
45 59
35 89
142 150
53 111
161 0
149 2
64 91
2 9
162 6
111 197
187 194
31 4
191 18
131 5
89 0
140 6
67 97
23 168
48 16
70 2
135 17
182 16
90 175
122 181
103 160
38 170
48 3
179 9
175 13
4 11
58 2
65 1
170 1
101 8
45 17
102 182
42 5
83 11
78 4
104 3
52 13
30 92
87 3
80 193
27 6
85 96
56 18
129 12
131 138
81 2
55 2
112 146
123 12
39 156
124 131
7 19
117 17
60 84
5 14
15 16
98 118
54 114
99 185
84 4
57 98
23 158
69 153
3 9
135 194
114 122
96 146
74 196
126 10
67 8
154 12
49 7
157 9
54 180
76 16
76 134
80 18
126 11
98 138
45 164
82 2
146 9
47 19
175 0
125 182
50 161
181 3
59 65
118 159
75 173
9 11
21 19
72 17
38 148
156 14
45 94
108 1
63 17
195 19
89 168
109 152
29 53
178 16
55 77
153 10
4 13
167 17
35 191
80 5
67 155
136 7
8 11
148 195
108 189
89 94
151 196
60 155
54 17
39 51
164 7
22 13
37 46
104 105
46 13
141 146
114 12
179 3
107 3
129 17
177 179
78 10
99 19
27 45
37 165
29 14
46 10
89 7
102 2
185 3
90 5
71 9
82 157
32 15
53 114
143 17
89 4
60 3
41 18
71 15
121 196
183 4
148 182
36 145
100 150
127 182
129 14
114 6
102 103
55 91
98 182
84 179
52 55
164 1
118 151
160 193
28 83
70 10
96 2
141 0
38 8
155 166
78 87
34 7
90 3
127 5
102 9
52 148
67 175
22 189
137 15
121 6
51 15
103 173
62 177
34 65
107 166
174 11
65 134
92 1
1 3
133 197
113 140
93 114
85 114
101 108
24 174
192 15
148 188
37 40
77 4
113 194
38 10
102 185
102 135
34 17
109 3
32 19
42 135
141 8
56 98
99 190
38 0
81 145
157 13
179 12
84 180
132 3
157 178
122 126
56 83
56 153
163 3
71 141
113 136
54 146
95 5
28 45
178 11
45 187
92 108
114 10
94 14
54 0
61 141
65 197
195 9
175 15
43 86
136 197
69 19
30 0
58 157
179 16
130 10
101 3
9 13
65 92
154 0
139 12
39 128
53 157
68 19
140 18
174 10
82 12
54 150
76 93
101 105
137 0
67 112
79 12
134 190
161 162
63 13
125 180
67 5
6 19
25 155
171 172
61 7
154 13
48 2
21 94
156 181
107 6
50 183
51 178
118 160
73 15
75 14
38 43
160 15
57 91
90 150
32 9
34 46
137 12
36 125
64 192
68 192
151 0
161 8
49 152
154 160
4 18
127 167
38 19
93 4
119 174
95 149
196 18
30 182
56 15
60 0
118 7
169 13
147 154
78 8
29 5
77 128
98 132
30 3
20 185
129 180
167 13
105 143
45 110
120 129
73 103
29 179
157 10
84 8
36 67
59 112
88 118
49 13
71 72
132 2
65 160
133 155
41 151
63 91
3 14
49 173
170 2
46 11
110 123
186 17
4 12
21 127
0 3
151 13
149 4
87 107
66 134
159 190
132 7
175 11
161 14
155 9
84 88
192 16
80 130
138 1
137 140
51 18
14 16
44 15
53 182
60 74
92 113
134 156
53 190
38 11
34 3
49 2
151 12
128 10
160 190
29 104
185 14
130 16
32 162
177 11
72 150
173 186
124 160
98 129
81 12
183 13
98 166
132 14
54 129
181 188
35 171
89 12
110 0
159 161
73 3
29 1
92 16
21 81
82 16
104 4
156 176
157 15
44 13
66 131
46 12
47 66
96 17
102 6
20 110
33 13
86 97
159 16
37 2
101 17
75 152
97 3
116 153
152 7
94 109
57 7
156 13
135 165
90 157
59 10
25 156
127 3
31 2
98 16
66 119
4 10
147 8
84 106
121 186
97 127
7 8
27 46
185 188
124 4
32 198
71 14
145 16
41 143
54 99
31 40
165 8
150 14
53 170
57 152
74 193
193 10
109 1
106 15
103 156
170 187
33 86
185 7
81 159
150 4
67 18
83 188
22 103
41 50
112 175
69 120
83 142
70 182
22 79
119 130
74 132
42 85
186 189
95 194
58 5
67 1
0 12
126 5
52 8
63 9
106 2
163 8
195 3
53 112
114 19
39 12
41 98
43 180
142 0
37 17
155 15
118 175
26 19
67 10
174 182
145 167
2 10
73 6
186 4
86 7
108 118
72 125
115 178
80 96
23 49
20 192
111 141
122 154
94 9
105 190
65 153
59 9
160 3
32 121
40 169
125 2
135 14
74 14
91 128
34 4
79 190
38 131
38 152
14 19
38 14
93 9
114 197
185 6
69 90
22 19
5 13
6 8
145 17
144 14
172 16
103 17
54 1
113 12
3 5
38 114
39 19
66 181
120 7
85 100
50 154
176 16
86 177
199 1
96 15
67 133
92 141
173 12
157 4
79 4
144 181
84 125
76 178
13 18
142 18
182 1
59 116
120 135
176 2
92 13
42 78
109 14
43 79
111 122
36 37
2 15
3 6
190 4
186 1
186 193
119 3
46 19
118 179
80 19
6 14
105 13
50 10
127 4
50 15
119 11
110 1
132 1
3 15
27 41
166 16
160 162
24 196
64 77
126 0
192 199
66 2
179 7
46 4
149 13
29 41
95 19
26 179
199 4
54 170
124 5
194 9
154 161
88 174
100 143
71 19
83 16
107 157
128 8
3 8
165 15
129 19
162 183
29 10
114 134
40 6
26 111
93 193
5 19
50 184
60 4
144 4
100 7
56 17
69 83
158 12
7 11
136 150
35 9
78 129
60 8
187 16
21 6
112 7
152 17
146 6
144 7
133 180
153 15
100 167
169 9
71 11
71 7
63 5
119 167
38 165
44 59
34 0
148 12
167 9
77 81
105 132
29 57
127 147
170 4
167 4
1 9
172 10
96 158
146 7
78 84
157 158
105 142
100 137
31 1
40 99
31 13
63 7
96 148
118 16
184 1
171 6
48 171
138 18
135 154
48 51
43 120
14 18
37 75
72 18
74 110
41 194
41 84
185 17
86 3
58 15
101 159
33 19
112 10
117 188
75 16
31 5
156 19
62 184
6 13
93 14
78 133
95 171
49 51
84 141
26 178
58 159
59 7
4 19
39 8
61 14
64 18
173 10
142 170
76 113
101 195
1 15
177 12
189 8
64 171
160 5
42 177
152 1
98 177
134 10
155 4
88 15
199 7
26 12
124 171
177 192
27 1
94 19
43 11
104 145
173 2
97 162
36 15
68 1
34 15
121 5
52 79
124 7
20 54
70 16
59 92
107 19
179 1
100 153
152 0
29 181
118 5
150 8
35 140
89 91
25 128
33 100
56 16
100 0
168 10
64 15
78 19
77 195
86 5
33 11
20 83
34 11
88 9
44 60
13 17
49 18
33 188
84 6
25 112
69 1
56 165
118 136
35 3
55 58
31 14
61 10
30 165
64 19
122 131
175 18
170 19
32 14
45 16
26 151
25 2
128 148
12 14
106 137
145 193
87 150
25 34
70 138
133 187
11 18
55 157
113 7
90 6
27 79
53 120
58 16
162 13
47 7
118 138
0 1
159 172
72 83
184 14
29 182
75 2
59 19
57 2
21 176
134 168
162 185
178 10
64 125
60 11
46 169
166 176
29 0
124 196
188 2
141 185
39 178
72 157
97 12
41 142
40 108
120 5
65 156
51 9
106 11
142 157
108 11
28 47
58 7
85 15
84 166
71 81
114 14
149 0
42 79
160 8
158 10
67 128
33 66
165 10
81 139
184 6
183 8
0 18
102 178
82 103
68 156
39 197
70 176
47 2
41 183
9 12
7 9
40 97
91 6
102 14
36 47
39 122
31 131
129 2
142 19
46 17
154 179
71 170
59 69
80 113
96 16
162 182
34 69
89 142
39 5
111 13
45 7
39 92
30 181
107 15
117 16
163 172
105 118
28 184
170 3
128 3
66 89
32 132
151 175
36 62
21 13
131 149
115 2
199 12
48 189
146 2
96 7
30 52
121 166
29 112
29 63
129 166
121 4
40 17
128 150
139 145
92 189
23 61
150 153
76 106
13 15
143 1
142 152
181 186
6 18
109 151
99 112
97 177
175 16
192 5
42 4
170 7
37 128
130 19
48 15
54 181
24 43
0 15
82 162
20 169
89 14
153 173
23 11
122 15
99 102
104 178
124 14
107 18
34 123
124 135
80 83
117 14
97 165
168 3
70 197
10 18
146 167
120 130
135 0
27 88
101 161
69 9
118 17
39 88
25 131
119 166
95 7
61 71
83 18
177 17
108 19
114 178
52 171
172 14
90 183
67 188
83 163
105 2
74 17
61 16
73 8
159 197
82 99
31 182
123 18
22 6
111 8
165 16
86 114
131 15
121 12
85 196
85 109
134 2
188 12
146 172
34 160
79 131
32 58
67 117
159 160
40 188
40 176
85 9
105 8
56 11
150 159
28 46
23 80
75 154
57 108
82 117
118 153
128 18
40 74
93 182
0 10
31 44
7 14
34 18
158 0
89 190
75 143
49 126
75 179
5 6
132 171
43 16
38 81
38 64
69 10
114 191
56 13
50 134
141 155
192 12
48 61
170 184
128 19
51 113
90 103
103 4
148 183
166 11
158 5
194 19
175 9
124 8
172 17
98 104
74 19
46 158
137 189
187 18
33 109
131 168
0 5
72 115
108 14
148 10
137 11
78 12
25 193
199 2
53 176
142 149
137 167
145 12
125 154
111 119
124 166
69 125
180 3
95 1
53 187
177 19
91 19
122 174
78 198
36 73
84 185
51 104
122 11
73 19
108 191
37 130
148 19
151 18
190 15
146 13
121 15
108 164
116 165
30 147
115 166
92 15
172 8
117 143
2 11
140 16
148 9
99 159
22 106
74 197
53 103
131 8
125 14
101 2
136 4
170 195
165 11
65 19
194 0
37 178
58 158
33 112
49 61
31 12
64 112
122 8
63 16
59 154
193 17
88 17
53 5
165 19
136 17
23 152
39 11
81 127
96 182
158 13
84 162
62 7
110 182
58 144
84 112
43 171
108 0
168 8
190 1
90 191
30 75
107 2
54 115
152 6
71 118
36 185
161 171
124 9
58 110
98 110
29 199
45 8
28 14
20 72
156 15
41 9
178 15
57 0
184 193
178 14
155 11
187 10
98 6
64 136
105 186
110 2
39 70
61 15
83 196
107 183
6 12
139 8
52 84
5 17
98 11
141 14
193 18
65 15
143 178
26 139
100 11
168 12
82 1
52 2
40 155
14 15
29 105
79 87
169 4
73 129
144 18
126 19
91 14
42 196
155 193
69 15
52 69
154 14
23 71
9 10
73 169
181 12
96 108
67 91
69 156
188 4
13 19
6 9
2 16
33 0
182 11
40 10
34 110
102 19
107 142
100 18
103 117
121 11
69 13
190 18
26 97
127 17
83 153
181 10
50 169
114 13
57 149
5 12
97 18
169 1
56 1
144 11
52 73
185 13
89 123
159 13
39 194
37 60
104 164
70 142
23 83
130 194
94 179
108 13
46 143
23 4
43 4
192 6
181 17
75 105
168 7
75 190
86 104
46 92
91 16
43 13
64 2
97 172
57 104
81 8
64 122
163 170
102 8
73 126
91 118
126 8
111 4
129 168
79 5
81 108
56 75
9 14
34 181
100 111
23 50
66 135
73 16
77 110
92 131
31 10
44 5
134 140
90 176
35 70
75 134
77 188
145 11
58 9
28 49
80 118
25 15
119 0
107 165
104 10
23 29
166 197
196 8
160 9
46 5
38 186
36 171
159 11
70 102
74 76
150 182
102 183
116 1
128 141
32 67
58 14
54 103
56 0
61 8
23 196
162 18
143 144
78 98
28 100
127 136
189 197
108 3
20 28
46 72
127 1
108 169
162 4
48 13
4 15
41 97
175 19
113 164
72 16
30 85
144 1
55 62
193 19
36 14
121 129
141 9
132 10
48 194
46 149
52 108
35 139
132 141
68 75
43 178
2 14
91 18
45 108
47 72
40 45
195 13
176 199
131 4
133 172
104 9
78 7
30 88
24 14
149 5
35 87
35 133
27 10
1 6
50 16
104 198
186 13
33 85
58 99
92 150
65 194
48 6
136 148
53 12
78 6
65 12
1 12
63 169
40 101
172 19
135 16
122 143
137 18
125 185
7 12
23 2
99 13
145 4
106 139
78 5
41 10
10 17
62 77
24 17
29 4
57 124
106 13
46 188
28 6
80 11
47 5
24 15
8 18
100 8
84 7
117 11
98 14
5 9
34 19
93 157
117 8
46 54
100 196
184 4
102 131
181 0
83 7
36 182
133 196
31 69
48 1
95 14
182 17
191 13
107 195
96 18
59 68
30 134
36 13
42 58
8 13
125 141
101 6
9 18
53 58
57 194
166 5
188 0
90 92
47 113
155 5
132 172
75 139
196 197
55 1
85 19
27 44
107 4
93 12
3 16
178 9
157 169
29 139
5 10
45 53
170 17
98 4
138 5
74 178
171 9
125 130
24 7
33 137
27 160
76 3
88 193
10 12
119 136
198 19
29 101
129 8
10 19
127 8
150 0
41 91
135 3
43 19
129 4
121 188
82 13
85 12
21 17
54 8
52 5
109 198
198 5
107 156
172 0
71 91
54 154
5 18
154 9
34 111
53 139
146 12
1 4
95 8
28 133
105 160
58 76
147 168
2 3
37 126
95 191
106 5
130 147
75 94
33 46
133 18
115 15
11 17
192 18
70 78
127 132
36 2
82 18
42 110
60 1
39 198
46 16
39 67
92 103
9 19
25 8
46 163
186 11
1 16
159 2
85 107
83 166
188 10
21 12
55 164
145 3
109 114
76 19
66 128
30 68
140 11
67 102
57 5
0 2
12 17
80 195
172 174
194 1
149 195
180 197
126 1
45 9
119 12
161 3
119 9
51 88
115 130
24 12
37 89
101 5
35 110
199 11
168 11
156 10
75 0
123 3
29 6
26 15
76 2
33 199
161 16
25 11
154 176
31 19
198 10
63 178
24 45
68 154
76 15
29 111
74 11
165 6
40 185
104 138
76 1
73 7
25 12
90 195
102 16
65 114
32 180
25 29
122 4
127 14
55 10
173 15
126 6
65 106
141 161
16 17
90 4
112 113
106 14
55 175
60 62
77 19
133 5
198 15
31 104
50 81
180 7
103 11
100 19
120 194
43 77
22 181
39 2
62 0
88 7
110 186
90 16
73 12
152 14
14 17
152 12
72 1
71 197
118 0
35 162
5 15
135 179
175 17
105 11
52 191
100 156
121 10
99 17
40 170
97 15
28 9
41 193
38 6
67 0
157 167
191 5
83 199
121 18
42 1
165 172
59 101
63 101
69 193
111 181
31 7
147 152
39 179
62 8
179 6
30 91
52 77
129 175
24 103
123 14
196 3
10 13
120 10
144 164
76 0
55 68
53 125
118 18
77 3
116 18
169 17
43 197
59 2
139 10
65 138
109 12
40 1
103 9
181 194
8 19
79 128
52 14
136 10
157 7
115 162
153 174
33 81
65 0
81 167
29 145
107 17
74 16
126 3
49 165
103 10
72 8
5 7
0 4
7 17
25 7
125 183
48 197
127 195
127 11
126 132
80 121
159 166
46 115
87 110
149 157
85 11
75 146
22 135
111 16
44 2
49 9
28 198
41 145
108 17
4 8
68 16
68 110
25 18
146 159
121 16
182 10
78 15
115 18
11 19
70 6
183 7
136 143
191 4
66 106
23 184
134 8
78 9
20 109
166 10
8 9
183 14
98 163
66 174
30 38
73 17
39 157
112 181
156 183
179 10
140 9
107 126
31 9
171 195
71 3
58 3
171 15
110 137
177 181
24 16
143 173
110 169
184 196
95 116
78 185
88 14
79 197
74 168
146 185
119 178
113 11
186 16
67 131
156 8
30 7
64 162
59 172
92 165
21 60
118 130
96 6
85 162
10 16
83 171
38 139
96 160
123 1
26 153
116 152
70 1
3 7
143 15
20 116
87 16
157 12
23 107
122 9
63 153
54 19
39 159
69 89
88 116
98 10
145 5
90 124
34 93
141 164
136 193
39 1
105 17
105 19
88 12
61 83
94 121
189 15
48 7
81 110
27 196
171 18
74 136
22 163
97 2
103 16
174 8
89 3
23 64
91 11
0 8
156 194
56 134
43 9
43 146
0 11
82 120
147 182
79 144
90 128
40 111
65 3
40 171
41 71
0 19
143 18
137 13
78 85
79 129
27 69
160 17
173 1
3 4
60 100
3 19
137 4
196 2
96 3
129 150
23 14
63 125
104 1
66 3
37 14
105 1
185 16
126 18
155 17
39 15
164 12
128 4
81 19
70 104
101 9
44 180
67 180
52 3
22 114
90 142
27 70
82 106
110 121
49 4
21 149
49 141
23 6
74 89
56 154
106 9
76 6
94 152
107 1
125 17
167 178
55 9
22 139
94 118
111 7
47 105
92 102
86 138
118 177
124 17
156 6
5 8
123 9
128 12
91 181
74 10
23 123
65 151
36 1
20 52
109 173
191 16
68 15
41 8
24 118
44 4
179 186
143 8
124 3
93 171
40 195
77 166
41 0
17 18
101 115
172 2
22 4
56 128
100 16
44 1
90 163
84 165
57 168
160 168
6 16
62 65
120 6
42 53
154 7
20 19
55 7
95 120
67 199
99 6
140 167
86 136
96 11
55 6
12 13
57 9
29 175
37 105
138 188
160 199
2 8
124 2
150 17
45 193
26 16
132 138
50 4
5 16
58 63
122 141
95 10
40 3
71 13
55 166
194 13
40 196
119 7
117 186
75 122
38 150
182 4
21 142
46 56
92 7
138 4
143 13
82 140
192 7
106 6
25 177
173 16
190 2
166 7
142 144
55 18
195 11
63 163
34 8
100 155
30 6
79 115
111 161
172 173
60 2
134 191
42 88
36 12
152 3
138 3
21 55
128 157
164 2
143 11
190 19
175 187
159 12
136 5
77 97
83 4
33 130
53 85
36 16
53 121
61 6
28 18
192 1
187 1
126 197
101 169
96 8
57 14
20 159
117 4
148 164
32 168
129 6
46 167
33 2
56 2
108 18
55 4
112 189
47 76
90 0
43 194
115 3
56 71
196 5
185 15
54 169
99 18
139 9
134 5
173 14
56 137
130 6
115 11
195 15
159 179
64 1
59 6
61 193
105 194
117 182
30 5
122 140
29 13
84 15
51 6
63 175
80 1
67 19
192 11
128 182
33 63
89 105
117 19
113 188
56 163
102 147
167 16
138 10
37 157
176 15
88 189
104 2
161 190
86 19
152 174
27 16
192 13
144 17
0 16
147 2
72 144
41 60
112 194
120 182
33 43
158 8
49 86
127 16
93 152
120 191
56 177
97 9
48 18
168 190
119 149
183 16
58 104
54 177
195 4
94 1
28 67
26 13
128 1
113 174
124 11
171 14
76 153
87 142
26 36
176 13
54 6
36 99
2 7
144 15
43 154
161 174
45 72
2 13
117 181
90 15
64 0
163 9
65 125
166 178
119 188
103 187
124 15
21 7
186 6
108 148
138 12
149 15
113 169
0 7
57 11
184 2
53 195
39 13
86 1
34 72
150 165
110 144
94 143
69 3
64 123
24 97
181 5
130 7
44 101
84 193
81 112
94 5
36 195
44 54
28 191
74 7
64 12
62 159
163 197
66 10
162 10
173 17
104 163
20 136
66 120
199 19
148 11
79 19
80 9
20 197
10 14
61 97
20 91
176 6
116 132
136 1
87 9
80 10
63 155
39 3
109 18
36 7
119 134
78 18
105 9
99 2
86 15
193 2
164 184
22 7
130 17
51 8
83 12
45 148
75 3
95 17
110 14
1 13
101 13
64 164
185 0
173 6
27 42
6 17
24 199
42 8
83 19
67 103
129 154
52 7
151 194
63 122
93 116
122 2
20 17
20 7
56 174
109 110
70 71
149 17
150 13
39 49
50 93
35 7
167 196
112 3
128 2
83 15
110 159
11 14
25 19
87 12
99 116
65 73
110 113
44 10
185 19
136 172
33 120
124 155
149 16
32 102
158 7
112 4
135 9
7 10
169 15
94 12
37 15
153 1
53 72
115 154
118 172
52 1
137 8
71 189
183 12
164 18
158 6
108 187
127 166
132 187
175 196
101 12
57 180
54 149
44 132
80 8
77 129
158 18
23 0
70 12
110 12
101 106
41 47
45 13
62 114
72 127
193 7
95 9
120 12
44 19
101 4
117 1
112 11
133 154
99 121
123 140
48 55
4 16
161 199
193 4
124 10
41 7
142 160
52 161
140 0
22 155
34 177
105 115
22 16
174 15
170 16
121 184
169 12
25 4
1 10
41 168
161 13
42 182
121 13
167 1
8 14
44 90
8 15
28 151
41 3
105 145
51 68
27 102
37 19
184 16
112 14
126 17
150 5
26 150
150 2
1 2
70 89
145 13
164 4
45 143
72 3
1 5
67 120
163 6
92 14
123 5
1 19
81 7
1 8
50 199
163 2
123 13
37 6
8 10
66 6
53 15
157 191
46 134
116 154
123 7
40 67
119 194
83 152
44 167
38 50
94 122
8 12
90 131
183 3
78 0
57 84
0 9
113 16
139 19
74 177
71 167
80 172
34 161
42 195
51 17
160 12
44 177
154 6
97 17
93 0
102 111
37 12
88 157
3 18
79 2
100 3
174 5
26 96
183 18
53 19
12 18
136 2
75 107
53 14
102 17
101 179
82 19
132 164
93 19
56 59
90 9
89 18
97 169
73 196
39 184
62 1
3 17
2 17
62 151
30 11
77 12
177 4
154 17
47 57
75 15
150 168
32 85
180 6
115 172
135 13
31 96
128 177
27 191
30 10
176 198
25 14
34 74
157 8
26 69
