1 18
191 15
162 5
154 13
34 72
22 154
136 1
39 8
23 61
166 189
180 15
21 185
46 2
123 143
176 2
3 8
22 8
155 19
171 184
21 53
149 1
90 143
36 123
87 111
77 190
69 163
92 5
25 133
157 181
44 16
36 77
140 10
107 4
57 150
32 54
169 17
53 55
145 1
102 120
53 140
78 101
93 157
35 11
80 166
111 187
1 14
114 199
67 19
130 137
68 96
161 14
62 109
50 16
33 141
85 132
63 147
169 18
141 3
50 8
36 192
85 160
52 96
38 10
38 7
115 143
25 8
123 173
47 4
34 187
68 11
40 178
30 74
70 9
175 13
111 194
109 9
24 17
93 196
134 13
163 9
145 182
43 149
27 173
90 2
21 15
97 7
21 188
158 3
45 140
101 136
20 37
33 161
192 8
56 60
188 3
74 79
78 164
149 11
90 8
91 16
143 3
69 80
43 188
10 19
99 0
135 14
87 168
53 113
153 1
123 19
131 16
122 16
57 7
111 9
85 100
170 14
129 13
80 82
126 17
141 199
129 3
192 6
116 132
37 11
160 11
137 14
172 12
83 5
6 16
105 13
29 106
160 176
147 3
87 11
129 11
62 8
102 156
160 10
38 63
47 10
100 6
100 16
124 198
195 13
54 1
194 198
156 1
36 182
121 17
75 164
119 10
197 4
24 10
118 0
177 17
38 120
31 100
60 19
134 179
38 56
183 13
56 9
152 12
69 148
98 194
169 9
37 64
144 7
148 179
53 19
69 145
131 2
145 4
139 8
116 18
76 198
70 6
44 191
91 0
37 14
20 83
41 165
109 15
126 9
24 54
151 11
118 149
190 0
104 11
101 123
40 9
55 116
144 5
79 80
158 12
28 11
84 14
7 9
95 151
68 134
58 177
122 5
192 17
39 140
105 119
9 11
92 179
179 17
102 15
62 133
97 147
152 10
72 172
91 145
57 62
105 162
57 153
95 124
165 189
155 7
121 4
75 6
163 169
26 150
74 112
22 62
41 90
76 9
31 14
129 192
44 73
42 99
99 157
55 194
91 144
40 110
6 19
95 148
155 13
129 150
193 12
171 5
62 149
63 135
43 178
142 175
50 190
69 2
55 61
121 19
86 178
28 176
168 16
48 9
63 189
84 152
173 18
53 110
66 6
127 3
93 110
76 169
54 6
101 135
52 85
43 109
160 195
32 114
159 171
53 9
11 15
70 121
119 171
51 52
46 10
108 2
63 121
155 168
182 12
141 16
100 105
34 9
67 98
45 0
50 108
60 195
135 189
48 12
93 8
52 15
101 182
85 19
132 149
52 4
29 187
178 14
76 2
179 6
110 19
21 168
132 13
113 9
60 3
86 121
86 152
37 4
33 156
35 9
86 168
51 72
49 149
73 115
158 18
137 170
188 1
101 12
112 199
183 18
4 19
168 9
102 6
0 1
76 127
163 198
45 13
148 199
66 3
102 10
53 2
31 180
164 5
27 52
122 141
166 16
28 116
61 85
64 4
34 98
113 16
44 157
23 10
59 79
58 17
61 3
28 9
71 13
108 129
58 12
171 193
160 13
144 167
61 118
72 74
84 87
103 0
87 19
88 7
98 140
157 8
34 84
111 191
179 194
136 7
46 0
85 1
39 48
179 184
1 3
21 13
104 3
25 3
26 19
168 7
104 19
138 168
101 16
33 120
60 18
71 138
126 5
121 197
127 12
69 142
44 148
68 142
87 13
162 15
153 4
45 81
143 13
23 194
164 9
97 152
178 0
131 0
10 14
86 9
110 163
136 4
36 11
153 19
165 14
97 105
81 117
60 148
36 139
36 84
94 106
71 16
145 12
6 8
167 197
44 185
47 65
90 9
80 18
59 9
12 17
77 5
75 144
62 166
77 14
83 153
47 9
45 68
51 2
141 17
76 7
81 5
40 19
10 16
70 145
42 199
10 12
57 181
52 145
36 148
142 11
37 60
100 17
47 159
142 192
36 178
156 193
98 9
30 68
55 12
135 193
123 184
66 7
74 82
105 7
75 143
162 16
108 141
93 4
6 18
25 141
64 195
113 114
41 76
175 14
193 2
107 7
55 186
43 133
0 11
139 7
132 168
186 4
82 120
63 105
35 13
134 185
51 123
41 125
64 15
62 123
28 106
61 16
84 133
27 148
79 172
121 140
167 194
184 4
90 144
0 4
134 2
152 0
113 150
127 7
76 6
33 9
44 156
31 75
80 1
109 12
57 182
176 195
82 134
20 172
29 19
79 86
152 171
84 134
177 2
87 116
107 0
142 6
39 189
36 194
69 104
115 153
141 144
62 11
25 112
42 1
132 150
91 197
30 19
130 1
23 49
149 0
110 18
196 7
150 4
161 0
32 111
155 14
42 3
5 12
68 17
146 10
81 110
136 9
24 3
78 96
37 54
122 10
70 4
0 7
29 16
184 2
28 167
184 16
72 18
36 52
66 100
98 11
88 18
125 18
81 181
172 2
67 140
71 120
114 8
83 127
2 12
163 184
121 13
97 188
78 121
57 15
30 14
133 15
71 155
49 186
171 196
159 162
180 11
75 172
188 14
6 17
30 182
151 171
25 0
57 10
35 139
185 15
45 87
133 4
93 140
53 187
75 171
33 67
47 16
20 15
7 11
92 12
75 126
125 182
91 105
108 6
178 192
27 77
75 8
94 13
138 15
4 7
113 165
38 14
143 167
84 91
34 80
93 10
51 161
32 195
135 198
14 18
43 11
139 143
38 145
36 17
80 6
63 1
123 124
135 13
32 79
59 106
50 65
83 173
42 78
78 15
153 3
45 104
30 13
46 174
34 138
47 8
84 181
66 159
44 101
93 119
3 15
150 177
110 172
37 161
149 13
148 16
84 85
76 159
85 120
39 18
59 125
73 6
73 126
7 17
157 17
141 180
23 30
109 13
142 15
152 16
128 185
111 126
57 4
60 103
155 180
176 17
73 140
29 13
31 198
71 186
113 190
57 143
96 102
146 197
186 5
91 17
29 63
14 15
47 168
50 182
103 15
129 5
69 91
88 93
57 9
118 4
79 142
27 8
65 13
104 190
75 189
61 197
64 152
154 15
26 125
52 100
166 1
65 0
122 146
21 149
149 198
99 13
33 2
162 0
156 175
34 15
110 133
38 43
13 15
188 8
156 182
49 59
83 166
71 149
29 103
8 12
42 5
106 17
39 47
46 96
130 18
91 172
126 191
37 71
177 3
197 14
94 110
116 139
113 142
85 146
22 90
182 17
115 11
50 7
72 2
197 12
78 139
77 10
93 94
80 19
90 175
153 16
20 119
137 139
153 191
138 18
109 11
51 11
157 7
53 184
114 151
109 176
84 164
34 6
171 14
35 45
34 12
37 90
70 72
123 2
59 169
90 146
94 9
181 194
87 127
58 158
48 16
164 16
140 172
139 9
162 8
127 16
72 153
118 169
136 14
150 13
54 87
48 157
31 6
61 2
68 10
128 4
178 185
76 5
84 123
94 172
186 1
88 6
46 153
93 2
125 136
117 128
60 175
35 180
73 14
46 6
116 7
99 151
188 194
12 14
135 136
54 141
119 13
108 12
33 13
25 35
49 180
177 14
125 1
152 13
96 126
143 6
78 104
154 8
54 139
133 12
102 17
125 154
93 128
33 82
153 17
2 7
12 16
61 82
183 12
134 4
82 185
59 15
133 5
114 7
103 120
120 139
46 69
117 19
159 15
158 17
46 77
147 158
24 144
104 107
53 185
74 11
71 12
21 194
29 163
172 9
46 14
61 104
32 5
24 163
40 183
43 161
99 8
171 197
133 7
44 85
57 59
92 114
87 114
55 120
95 0
82 19
155 175
25 30
188 6
89 16
26 175
138 173
29 4
54 125
132 155
167 19
123 8
40 144
124 165
79 184
64 99
62 13
126 192
51 179
3 18
91 4
165 193
145 10
70 0
1 15
158 11
141 197
128 15
135 11
165 17
163 7
186 9
94 18
132 18
26 8
111 113
182 5
6 11
147 170
26 45
82 6
49 82
140 6
138 172
110 15
166 8
24 88
1 17
45 167
51 58
120 17
94 151
117 8
180 6
102 175
194 4
182 15
24 145
3 10
85 133
77 109
55 7
90 12
90 182
89 161
149 12
64 111
156 19
37 48
55 172
122 162
111 8
159 197
86 3
148 19
105 188
76 8
76 149
105 152
137 9
23 145
183 8
105 186
161 15
22 2
163 8
175 178
183 16
188 0
20 168
74 13
126 6
21 184
174 18
138 12
114 145
20 1
102 0
82 161
67 123
69 121
33 19
147 154
154 180
68 101
7 14
83 106
83 10
54 82
36 67
127 13
124 139
183 15
35 1
79 4
111 19
13 16
133 159
128 151
165 171
107 193
39 159
110 187
27 108
112 133
111 2
24 188
72 13
22 0
193 194
43 15
61 175
92 2
116 15
190 12
94 171
32 186
62 16
81 1
103 149
75 111
26 13
78 9
181 8
115 185
37 16
31 2
72 179
3 6
2 6
183 14
77 3
91 115
34 64
28 10
45 4
32 11
3 9
77 183
129 132
88 12
45 97
76 138
62 0
24 189
57 175
49 145
90 140
156 174
61 13
122 12
109 18
57 6
23 12
102 12
194 10
10 17
128 12
150 8
31 5
92 17
194 11
65 19
28 163
68 181
63 118
65 4
27 135
48 154
64 7
45 3
43 174
31 63
0 18
147 8
28 67
26 38
37 68
84 176
67 5
68 191
177 12
34 198
96 9
0 12
36 187
40 101
73 13
133 18
67 132
87 138
77 182
119 157
138 7
57 151
45 101
57 1
49 170
61 15
172 181
128 138
21 19
194 197
79 6
55 195
121 7
176 4
42 135
30 190
137 149
151 15
145 18
175 4
51 5
105 118
134 8
53 70
164 167
35 19
84 184
95 129
118 1
51 4
116 123
42 15
89 189
32 159
49 166
102 184
154 187
167 177
141 1
68 18
121 139
98 2
82 18
145 6
31 193
69 17
27 81
76 0
48 1
140 188
67 93
87 3
128 152
24 180
45 77
73 93
140 13
55 19
38 140
36 12
119 152
145 162
195 15
181 6
64 19
42 107
68 150
30 67
179 3
187 8
166 181
61 187
1 9
139 4
112 9
67 185
103 170
95 164
60 113
118 145
33 51
4 14
42 180
85 18
189 4
110 153
77 144
64 168
20 21
177 9
14 16
62 102
99 158
172 17
87 18
41 140
57 131
84 6
22 89
2 5
93 113
105 5
112 178
104 110
121 178
59 104
105 14
134 161
42 152
22 18
15 17
49 146
150 180
20 127
140 9
39 0
83 122
61 158
91 97
148 160
177 13
6 9
61 147
119 3
67 18
49 150
128 3
117 1
184 12
27 189
140 191
36 195
143 5
62 177
49 76
76 1
95 114
41 3
56 143
119 122
25 96
160 14
196 6
112 7
131 159
186 10
48 7
11 19
114 16
179 15
64 8
127 148
120 162
87 195
32 18
28 174
110 13
141 9
30 96
0 14
115 13
56 13
45 8
53 114
172 5
32 131
63 74
31 19
82 151
43 4
130 198
145 19
108 10
185 9
127 167
56 82
57 69
102 16
33 12
36 130
173 0
158 10
170 2
143 8
41 88
78 148
8 9
71 185
89 107
27 6
172 191
83 4
168 0
142 1
115 139
46 7
56 80
49 173
164 195
12 19
164 0
172 11
74 76
101 17
106 120
163 167
110 0
93 199
153 165
151 0
158 13
153 178
134 148
125 191
43 2
41 172
159 1
24 142
163 10
135 9
21 55
146 183
174 8
122 170
143 7
151 13
152 2
77 16
56 160
64 156
159 7
63 14
50 154
31 15
122 149
125 12
20 7
124 125
68 161
71 1
116 16
76 12
183 4
23 126
97 177
71 163
165 16
85 2
95 2
130 19
52 164
136 16
68 5
137 17
161 183
53 155
59 17
2 13
86 103
85 4
80 115
75 19
92 7
160 1
96 4
25 19
94 12
11 13
158 177
154 7
49 17
110 185
96 189
53 8
63 165
192 13
24 167
103 16
112 163
66 18
38 171
127 4
61 5
83 112
129 163
94 118
152 1
151 1
146 12
29 8
73 119
148 6
21 129
27 128
33 7
84 0
140 166
96 191
74 6
37 18
163 197
189 9
110 5
34 14
125 8
101 14
121 133
34 4
32 8
112 128
43 18
50 3
67 15
60 65
157 173
41 7
192 18
22 81
89 15
96 156
195 6
179 14
2 19
190 10
99 6
34 1
140 17
101 18
197 17
161 19
119 7
66 15
72 171
30 2
159 176
45 16
190 3
170 9
88 142
71 98
127 152
138 10
79 197
55 125
9 15
175 3
125 7
156 171
117 177
97 10
122 7
49 15
127 160
104 18
74 195
99 149
80 119
70 81
179 199
32 0
27 159
111 6
159 10
30 132
176 180
20 53
79 168
104 139
101 6
145 14
85 131
113 116
48 14
21 108
167 198
122 131
146 170
138 167
24 1
23 83
133 151
27 16
146 18
35 36
35 16
22 13
89 11
56 115
59 151
181 10
124 2
82 7
0 3
74 86
62 9
42 0
52 143
34 50
55 13
114 12
126 11
50 90
97 121
101 19
147 166
106 8
112 3
92 10
11 14
141 10
69 16
64 10
7 19
92 159
20 33
27 114
130 159
28 72
22 146
38 162
143 186
101 13
195 9
58 156
68 163
173 11
132 144
167 16
4 8
53 13
121 3
101 191
37 184
20 54
166 183
141 15
166 18
60 122
145 17
53 105
91 123
141 192
86 185
178 11
26 146
60 0
96 3
137 183
94 17
175 196
154 157
48 140
100 3
144 13
110 169
199 7
45 112
170 16
45 180
41 111
94 10
46 5
82 15
133 11
143 1
133 142
131 167
52 93
47 133
69 8
37 17
116 19
147 160
140 158
42 46
143 164
102 13
129 17
116 5
167 3
22 7
198 11
77 129
170 1
38 13
46 189
10 13
90 17
149 15
51 1
118 159
24 47
25 130
155 17
119 137
25 95
181 11
124 7
40 17
43 122
97 168
78 113
129 175
152 5
38 1
32 16
91 6
105 112
128 140
152 157
87 140
101 116
38 121
45 164
51 15
134 180
42 60
133 149
1 2
99 2
70 151
114 178
94 7
99 9
113 166
42 192
88 0
79 88
188 12
17 19
63 5
100 172
20 158
11 18
79 156
12 18
107 18
26 109
62 193
153 155
199 17
188 5
171 3
47 1
118 7
66 91
37 5
122 0
140 184
30 109
64 89
41 10
130 144
67 83
59 149
96 187
143 184
163 19
199 12
118 161
90 13
176 1
106 184
42 141
26 5
66 13
113 11
65 85
157 16
94 113
73 10
93 105
123 154
164 174
126 180
67 1
95 15
78 134
199 2
198 12
37 0
184 15
80 12
72 90
56 161
125 14
37 59
55 0
68 82
1 10
77 100
55 10
109 7
84 106
43 8
90 0
47 12
33 157
66 89
50 101
40 179
104 180
49 6
49 0
101 9
190 1
180 19
10 15
44 91
74 10
7 18
96 19
24 8
9 18
197 1
24 18
41 180
69 170
50 114
103 180
182 11
81 19
71 14
131 3
32 7
42 18
104 13
48 132
53 74
32 36
32 89
32 15
162 2
27 15
42 6
44 170
116 13
40 14
97 128
37 115
41 69
91 5
134 12
64 179
24 72
102 4
168 10
24 11
68 77
139 176
108 170
108 166
68 14
89 13
188 13
60 125
40 176
44 122
34 173
146 15
162 10
173 14
0 6
38 127
197 18
123 141
44 6
89 17
28 117
5 11
86 6
82 9
38 5
185 5
179 197
78 180
59 130
41 58
6 15
174 175
40 15
122 19
43 16
190 19
32 166
69 76
55 124
0 16
115 18
176 18
30 5
112 14
47 13
43 5
72 12
191 1
34 13
44 130
51 168
77 91
86 13
176 5
187 12
74 0
47 6
105 154
86 177
147 17
57 177
51 152
30 167
99 178
127 5
78 187
58 121
170 4
170 13
54 2
170 195
36 158
134 193
96 188
144 14
118 128
78 1
46 76
85 90
172 10
20 2
100 12
141 13
110 182
25 29
87 0
116 1
89 120
122 15
89 113
166 180
30 4
108 123
25 9
156 0
16 18
191 195
160 6
130 6
41 46
50 56
50 6
28 3
21 12
83 97
128 187
190 7
82 111
82 17
136 12
70 168
99 12
72 165
62 91
186 0
17 18
49 1
197 6
159 12
134 194
86 108
107 12
175 199
95 155
124 5
132 7
122 155
89 10
69 141
86 161
117 174
43 19
167 11
166 15
81 182
170 11
29 95
116 169
150 2
134 17
159 5
39 131
79 133
68 80
84 105
21 99
165 3
76 112
178 186
46 114
22 83
186 192
73 103
98 8
177 199
101 176
0 9
44 164
139 1
44 173
1 8
99 100
113 15
49 69
195 7
6 10
65 8
187 7
20 163
59 93
44 11
21 42
31 1
9 16
67 0
144 4
76 18
102 122
95 101
50 157
150 16
86 136
152 178
58 180
125 9
120 183
75 7
5 15
73 80
15 16
37 19
112 2
32 39
26 158
124 158
65 12
149 3
79 11
127 11
130 182
141 164
96 177
98 4
81 12
159 16
158 5
79 19
69 14
66 155
48 97
130 11
39 195
82 8
194 3
157 186
28 57
58 15
24 0
181 3
111 5
154 10
8 16
195 10
56 10
58 128
103 4
103 159
63 16
131 6
22 14
175 10
53 57
58 100
42 126
40 2
71 132
59 5
132 14
161 8
73 19
153 156
137 163
80 150
44 83
111 18
26 4
143 148
125 16
5 16
134 137
22 184
70 188
25 160
163 6
57 108
175 182
36 5
88 176
113 5
154 2
57 176
98 103
192 12
167 12
9 10
153 9
117 134
25 121
47 2
113 19
84 11
140 152
21 10
131 187
137 168
116 17
83 95
185 2
179 0
21 6
171 4
31 170
58 154
115 160
172 1
89 0
55 57
97 17
170 7
109 148
137 3
84 18
128 135
74 193
161 167
128 190
153 12
147 2
20 199
102 163
155 15
123 10
14 17
133 197
51 74
32 158
122 192
23 199
144 161
6 14
118 14
114 11
18 19
54 130
128 148
115 12
13 18
169 183
136 6
43 113
111 169
71 6
124 16
25 119
89 155
96 175
154 177
131 15
42 117
136 17
140 187
156 11
115 169
166 9
68 9
151 2
88 5
67 194
88 11
142 2
31 4
80 129
78 18
94 8
112 19
58 184
41 120
69 10
195 19
92 3
63 81
195 4
81 114
63 177
56 2
23 64
159 0
79 152
167 18
61 102
98 182
7 16
28 184
120 4
78 102
45 2
20 16
155 178
156 191
103 152
53 15
131 18
130 4
75 140
34 17
113 191
29 51
61 101
37 102
11 17
25 153
50 14
89 14
60 9
143 153
192 7
73 76
70 87
35 46
44 114
81 100
50 127
121 1
129 138
140 155
94 145
115 140
106 18
134 135
78 13
143 9
161 169
91 185
72 14
33 176
22 170
108 9
36 166
68 85
90 94
112 13
153 177
187 3
29 114
45 132
35 63
47 131
3 16
128 139
70 12
104 196
110 171
96 162
48 90
142 17
173 5
24 19
9 17
131 182
162 13
108 15
181 0
43 58
148 163
6 12
93 15
142 178
33 86
60 4
67 7
164 10
22 183
131 12
103 1
152 8
23 47
197 8
75 9
114 117
156 5
73 9
34 196
15 19
132 171
50 180
142 0
52 78
149 197
35 92
21 1
28 18
44 1
187 13
153 7
53 93
162 9
78 8
184 187
179 4
188 190
122 142
68 197
62 17
28 71
112 11
191 0
79 12
106 6
77 7
28 104
22 140
31 16
137 174
100 134
106 130
23 5
60 151
105 198
37 56
21 153
121 156
160 7
92 170
120 14
63 171
108 159
65 15
47 15
4 9
182 4
137 2
192 14
148 14
90 192
74 185
30 12
135 188
28 12
185 6
66 85
63 85
44 17
122 151
46 71
49 122
4 15
164 17
49 5
62 80
83 145
21 17
69 1
25 5
88 154
39 4
82 2
140 0
173 3
94 170
101 185
137 188
94 139
164 4
177 190
98 16
107 130
32 12
29 37
164 15
188 16
16 17
1 19
50 80
97 174
28 83
53 11
41 147
109 175
61 91
2 10
190 8
92 171
0 19
1 13
8 17
67 177
147 164
145 11
93 170
101 8
52 163
72 0
137 5
177 11
60 14
157 170
109 3
65 9
116 187
33 69
83 128
179 13
153 11
174 5
132 134
98 18
163 4
97 118
47 69
179 5
62 135
78 88
8 15
24 50
28 17
33 81
124 163
198 5
131 10
173 6
166 6
162 187
37 183
54 147
156 14
106 174
27 13
63 9
119 14
177 10
124 9
130 17
78 120
4 11
54 199
62 115
80 5
88 4
119 16
110 112
53 132
27 110
172 173
34 189
188 15
128 186
27 168
194 6
124 10
124 189
118 13
152 6
119 1
188 195
126 8
136 11
29 12
87 16
90 195
148 159
66 5
104 183
127 18
83 135
66 186
108 197
155 18
102 14
155 189
190 14
43 3
87 196
27 11
170 10
24 179
31 110
72 114
64 187
46 135
60 98
58 4
29 11
15 18
51 86
70 119
60 7
13 19
63 67
95 127
22 129
45 17
100 130
178 10
8 13
180 10
57 16
96 11
198 6
24 170
42 10
187 10
97 8
135 195
50 160
76 82
58 187
40 80
154 11
100 1
119 168
163 13
66 105
104 166
152 11
95 1
143 16
98 177
100 190
108 143
147 14
34 137
49 177
155 8
167 15
79 2
111 164
103 9
60 189
169 14
77 11
36 109
23 127
9 19
71 164
40 11
20 113
137 198
156 3
109 0
79 157
53 17
48 2
62 87
153 13
0 5
144 9
117 13
4 12
42 72
86 120
71 111
0 13
88 138
32 143
114 195
20 68
162 3
125 171
74 18
115 163
180 13
131 136
112 113
86 14
28 170
26 105
41 9
26 42
142 18
105 189
42 114
45 73
116 199
88 159
101 118
63 86
4 10
21 182
97 165
84 19
98 15
153 193
175 2
118 192
117 0
159 8
37 45
10 18
113 14
51 65
96 15
98 12
80 196
4 17
46 191
118 3
166 173
88 169
70 146
78 14
112 165
132 4
29 7
55 6
143 4
47 14
68 146
110 188
3 4
65 72
106 11
89 7
86 95
12 13
36 6
123 1
140 16
26 101
52 12
125 13
24 43
39 64
198 0
156 164
82 117
13 17
185 1
95 18
31 171
158 15
4 13
46 52
24 5
149 166
107 10
64 194
146 0
113 139
5 7
86 131
156 181
130 197
61 178
31 102
141 145
25 16
149 8
34 57
53 121
103 18
185 12
64 86
42 2
30 54
152 7
163 192
71 94
65 7
79 17
102 196
125 159
53 7
2 14
80 142
115 6
167 14
56 7
150 1
151 10
4 6
22 6
150 19
140 182
102 193
174 196
5 13
46 116
73 11
89 193
187 6
86 147
63 151
50 193
68 123
154 17
119 4
95 165
33 194
124 18
7 15
0 15
72 16
88 175
89 173
30 18
115 184
177 16
78 4
186 187
84 182
16 19
34 128
137 190
116 185
9 13
112 6
85 0
37 175
130 180
136 19
167 8
48 52
122 175
74 165
187 196
196 0
38 73
24 13
191 7
66 199
21 45
52 137
50 126
107 150
25 12
71 158
113 17
74 120
182 184
8 18
43 118
28 89
36 97
61 122
105 17
152 190
134 145
156 197
176 11
75 11
56 16
147 19
112 12
76 197
179 180
186 7
121 18
25 115
23 2
113 4
55 102
55 180
163 12
1 7
52 75
81 8
195 2
56 155
63 0
86 18
199 4
127 9
192 1
103 178
30 189
83 140
199 11
100 0
36 15
196 10
49 14
33 35
97 11
153 161
27 126
34 99
149 194
186 13
39 2
109 129
102 173
14 19
13 14
93 0
193 15
178 1
53 101
176 182
138 14
163 15
185 195
102 195
127 183
182 13
183 19
101 10
87 180
44 68
125 5
148 187
45 159
27 190
118 152
133 1
25 6
104 15
198 18
22 163
76 15
107 15
95 5
141 163
78 19
72 176
36 177
192 2
146 4
53 10
11 16
143 2
122 159
71 174
69 187
25 14
136 183
50 2
109 16
26 53
89 2
116 9
47 179
11 12
50 162
120 13
44 5
31 51
60 10
66 165
128 197
90 158
47 184
150 17
84 17
146 2
2 9
35 15
74 5
69 5
121 171
83 142
90 6
26 75
124 19
23 73
2 8
29 9
53 194
152 174
74 191
68 176
38 153
92 193
53 3
180 18
2 3
73 0
100 193
59 145
38 4
27 43
116 0
29 5
44 0
24 168
49 79
75 10
102 191
137 13
61 17
91 9
66 189
143 189
64 9
178 17
108 186
45 127
184 7
39 151
57 8
119 17
54 137
63 12
88 100
3 12
0 17
122 171
113 126
59 96
188 7
42 49
55 183
191 13
121 11
177 15
68 6
77 2
45 10
63 82
74 196
80 152
61 6
69 140
197 15
89 199
99 14
33 106
86 11
25 165
38 139
100 124
62 12
56 109
28 168
109 8
62 15
109 142
146 13
90 7
195 1
57 101
139 3
40 91
55 188
40 4
90 3
199 19
70 15
44 60
174 10
41 195
36 142
158 181
92 101
35 134
107 9
64 12
190 16
139 147
43 191
127 14
162 4
110 14
27 2
180 17
22 67
26 90
144 18
54 127
148 149
103 115
185 0
130 7
126 0
24 37
88 10
138 4
77 13
199 15
80 8
82 97
92 4
116 119
107 162
34 126
60 104
131 178
195 197
99 198
28 8
64 18
168 6
193 3
63 194
137 15
41 155
90 109
52 19
118 6
127 0
125 6
98 153
81 3
37 112
31 64
89 114
74 3
23 15
116 3
81 15
60 141
44 9
158 197
146 16
50 100
68 131
122 196
82 13
45 57
56 194
7 12
92 180
171 8
178 16
53 171
146 17
0 8
158 174
86 107
37 7
174 17
132 0
87 103
81 7
81 129
2 4
169 2
23 9
104 0
128 180
137 8
30 1
98 1
171 17
114 19
109 138
166 179
108 8
65 2
68 70
195 14
193 4
109 177
56 5
108 7
82 136
117 3
33 163
160 2
37 13
141 7
143 14
36 10
129 160
85 10
100 13
44 142
94 0
79 116
3 5
103 11
25 2
108 135
31 10
7 10
157 0
27 141
47 18
31 7
121 134
84 148
194 7
122 4
59 77
65 18
157 195
102 1
76 168
36 167
129 131
157 188
184 17
197 5
50 58
147 7
174 3
85 91
92 146
63 152
36 132
29 14
162 18
105 6
120 3
135 171
162 12
48 11
147 185
71 15
173 19
28 2
150 11
148 13
167 0
0 10
135 160
95 3
140 2
110 17
56 192
111 3
55 76
176 15
47 0
92 1
81 6
61 131
44 180
86 125
26 0
102 150
61 179
54 118
178 4
189 5
100 176
158 8
40 149
187 17
38 9
93 3
32 6
155 6
34 131
105 127
59 2
157 175
189 17
23 181
82 182
168 176
35 6
87 174
81 149
143 0
93 1
109 14
157 163
65 117
28 190
195 0
35 2
145 8
187 1
168 4
72 8
0 2
28 110
46 17
9 12
149 16
106 196
40 175
93 109
197 11
85 6
57 3
50 4
25 10
51 156
82 144
89 133
86 155
81 163
172 184
100 8
191 9
188 10
74 8
168 14
112 5
75 15
4 5
143 11
175 0
108 138
66 11
48 0
189 13
65 144
151 8
28 121
74 89
79 154
182 19
2 17
82 109
79 194
32 104
1 12
170 196
112 184
71 106
145 16
3 7
86 182
41 131
105 19
115 16
105 0
64 165
50 134
107 8
65 127
189 3
29 112
49 199
104 125
57 193
89 115
8 11
119 8
150 15
82 155
21 9
23 19
125 0
79 15
43 199
86 99
125 134
85 13
51 144
178 3
23 119
69 97
55 114
63 127
26 1
40 7
34 104
190 17
147 148
141 171
53 77
165 9
93 156
40 132
31 113
105 2
150 6
24 14
153 2
67 11
128 174
198 7
3 14
152 9
58 1
182 18
30 93
48 139
27 72
82 157
128 136
24 125
26 63
33 6
126 179
111 16
58 145
50 52
58 10
46 106
49 74
103 10
82 12
90 15
71 92
9 14
165 19
41 19
105 161
100 14
168 8
166 12
33 70
75 108
123 5
50 189
179 186
38 15
28 198
147 12
31 47
48 199
198 13
92 140
91 15
72 139
165 8
89 95
116 2
135 17
70 181
61 69
39 13
121 175
8 19
63 15
198 19
94 5
7 8
104 148
5 14
95 175
129 166
5 8
46 4
189 10
164 13
28 1
77 17
120 10
178 12
85 175
35 144
52 2
115 147
176 194
157 1
171 16
70 170
177 5
51 19
91 3
183 7
50 145
86 12
30 15
147 192
174 12
81 123
85 149
82 103
26 160
150 194
99 11
129 10
75 165
135 15
184 14
160 17
46 53
119 11
95 11
117 189
75 152
51 93
72 4
74 19
117 17
60 17
81 115
106 12
169 8
27 158
72 161
108 116
90 19
7 13
21 0
68 128
114 17
85 137
47 57
141 143
62 7
167 7
90 107
176 189
96 146
77 8
29 190
133 17
80 138
49 13
155 10
38 2
98 199
165 1
154 14
45 7
100 19
179 19
166 14
48 10
155 9
36 180
76 139
149 180
41 175
66 12
146 11
164 6
67 13
83 130
81 105
64 112
32 4
134 186
159 13
62 6
84 5
75 4
61 8
188 4
38 183
180 9
123 9
23 32
158 4
4 18
66 9
166 3
3 19
44 19
76 17
127 181
132 137
36 117
80 130
43 61
117 126
147 155
199 0
157 10
184 0
124 4
120 198
166 184
2 11
39 170
129 18
130 2
41 16
100 197
35 132
128 9
195 196
89 8
122 6
76 16
162 196
77 196
127 180
83 14
120 151
74 145
55 17
84 8
125 17
1 11
132 178
