42 176
56 147
63 104
5 13
24 104
24 15
77 129
24 17
134 3
189 6
75 5
173 1
12 15
133 15
71 122
15 19
116 10
89 159
99 1
85 13
101 10
102 195
171 14
22 134
94 197
185 5
0 8
174 14
168 17
140 14
46 162
100 11
72 122
100 104
92 18
54 56
64 124
68 72
64 15
170 7
133 136
43 4
93 144
28 10
21 167
43 156
172 191
158 11
112 195
50 157
126 5
96 6
101 190
110 144
129 15
105 182
7 9
180 2
70 12
128 1
55 189
51 13
37 70
98 174
60 130
125 15
67 185
98 11
71 111
144 197
46 193
16 17
25 147
154 1
40 141
182 11
92 154
80 176
34 153
9 10
39 127
44 48
69 4
109 5
80 103
162 18
165 2
76 11
57 97
142 19
35 106
69 17
36 94
115 10
43 191
134 12
86 13
36 17
149 15
42 0
35 15
101 113
86 90
63 145
153 19
68 79
68 14
180 10
59 140
40 195
41 76
48 179
163 9
54 110
43 95
39 101
21 9
129 6
30 4
112 4
32 144
117 12
25 114
67 8
34 9
42 80
4 10
38 0
30 96
68 133
91 129
73 87
55 4
39 16
73 139
106 1
21 12
69 106
64 120
139 2
91 149
94 187
84 9
56 176
183 12
73 8
178 11
120 158
56 15
75 167
102 7
42 83
115 162
42 17
89 139
94 16
62 71
49 58
168 180
73 151
42 122
126 2
32 179
38 120
39 17
161 14
20 9
68 12
60 138
65 16
145 10
138 16
34 95
86 142
115 124
29 52
82 12
149 8
100 12
109 169
144 5
177 8
22 78
64 104
11 18
118 10
164 7
66 1
49 101
109 1
80 8
29 111
102 15
57 86
85 0
100 8
20 120
173 6
69 11
172 17
38 138
196 6
156 181
113 173
76 19
139 141
178 18
136 159
60 178
157 13
198 8
163 181
0 14
56 130
66 5
96 1
44 4
160 5
24 12
120 156
50 6
43 70
88 122
64 66
106 2
142 18
36 2
196 9
94 143
143 173
120 13
145 179
106 156
158 18
44 143
154 15
73 12
98 101
89 10
63 167
85 7
112 113
82 143
21 128
169 193
153 9
43 98
1 15
63 133
102 9
103 4
40 7
150 198
156 0
83 17
58 10
74 105
68 10
24 54
46 88
105 198
21 48
191 6
65 180
90 17
31 19
153 10
130 174
151 171
88 5
121 136
80 9
1 2
176 9
54 13
145 9
85 6
32 2
113 137
32 111
113 1
54 126
147 4
25 67
22 24
101 132
71 163
38 2
131 172
152 190
130 7
128 162
153 16
87 89
109 190
75 8
87 4
123 146
138 13
95 16
128 188
20 14
10 13
196 11
91 162
49 16
36 49
150 179
38 14
150 197
71 84
173 16
85 2
157 5
156 183
111 196
22 19
150 9
26 4
20 180
53 194
93 0
107 0
42 168
129 134
131 136
110 158
28 197
51 140
86 158
105 15
198 14
121 12
151 156
129 5
154 17
194 1
107 127
110 6
35 129
136 16
176 7
57 151
49 11
184 10
164 192
146 18
55 157
34 64
7 8
26 43
190 198
24 41
34 83
104 133
140 176
100 194
84 18
80 4
32 115
30 5
71 9
114 139
145 1
183 8
57 172
48 195
108 5
190 18
72 96
185 0
94 11
141 15
139 196
23 13
139 14
38 160
166 173
29 1
82 14
37 118
80 17
39 49
31 59
88 3
179 1
2 11
131 166
40 54
39 56
119 17
130 3
83 107
143 4
48 17
138 172
92 138
30 128
54 0
27 16
47 183
39 47
84 15
26 148
180 6
48 192
106 16
67 14
105 161
64 91
21 17
101 102
163 6
166 167
153 154
64 146
120 1
3 17
95 141
57 187
155 0
76 176
54 73
164 3
78 164
36 123
151 5
197 2
30 88
148 11
18 19
50 76
103 3
136 149
25 8
115 4
192 9
177 18
90 101
99 5
170 11
141 165
137 6
78 2
95 0
37 11
156 18
56 10
116 159
52 150
191 18
49 18
142 186
27 149
180 3
67 0
137 3
143 178
45 172
123 6
69 196
169 0
156 16
104 175
75 183
169 10
162 17
101 189
115 146
75 80
120 133
114 155
45 73
28 16
175 13
22 11
23 126
114 173
55 119
32 15
27 103
184 1
126 4
80 144
65 150
141 4
70 0
188 3
45 58
30 1
6 13
61 133
105 191
83 128
33 14
135 196
180 192
173 18
14 18
30 2
90 176
54 60
34 192
68 16
68 152
77 94
76 99
138 4
123 8
3 12
89 191
78 191
90 3
46 17
30 63
8 11
136 181
2 4
173 17
99 102
110 111
147 7
125 3
61 101
37 9
62 9
65 12
192 2
168 4
67 182
114 13
54 55
102 16
113 189
70 3
117 14
141 195
91 159
121 18
35 195
1 13
62 11
3 5
132 168
36 124
75 94
43 155
82 176
105 171
52 3
7 11
28 2
116 0
84 119
120 19
117 185
141 189
92 148
124 18
106 15
136 2
108 168
45 165
82 146
159 3
34 7
45 5
180 199
109 196
41 139
76 100
53 6
44 15
72 177
176 19
131 1
104 0
67 83
23 88
8 10
23 15
116 14
11 15
55 144
107 12
133 150
85 184
107 129
142 16
167 189
160 17
135 6
158 181
86 17
99 8
162 4
74 78
74 184
34 135
81 9
55 131
58 181
82 7
136 199
45 151
117 15
180 15
111 152
84 0
96 111
137 170
53 108
67 122
96 113
110 178
42 5
119 18
57 112
60 6
71 172
124 194
32 136
172 10
113 14
27 96
181 192
78 18
53 100
35 133
79 103
56 12
132 180
159 16
63 136
94 2
177 181
64 9
63 199
182 0
58 11
39 12
122 19
86 7
172 8
101 3
9 15
78 89
180 197
163 193
92 94
162 15
90 2
88 12
98 14
56 83
76 13
100 13
105 162
130 8
114 179
195 12
123 176
187 3
149 16
102 1
60 176
61 146
29 164
124 14
1 5
115 8
50 186
93 148
114 9
23 179
63 110
158 0
26 38
123 186
48 66
46 111
198 7
21 2
47 2
173 11
108 10
126 14
45 13
73 19
48 49
71 1
133 8
124 7
11 14
3 10
136 9
5 11
106 141
37 59
140 179
6 11
94 178
36 109
158 196
26 10
31 97
1 12
139 18
44 12
152 191
78 104
52 153
48 133
130 173
42 185
71 141
31 187
116 13
90 4
52 114
161 195
50 196
2 13
24 59
116 17
35 50
163 178
151 16
57 12
33 13
143 10
155 197
134 19
32 16
120 17
154 12
45 107
166 19
129 166
96 14
109 163
150 14
61 76
151 11
109 185
97 11
42 15
57 103
60 142
86 4
123 125
76 18
106 184
128 19
199 19
24 6
106 171
46 9
74 136
71 116
14 16
46 87
198 16
120 188
43 0
93 5
33 146
185 8
79 2
41 17
35 19
37 12
7 12
162 166
180 12
145 8
165 173
28 75
42 8
181 13
49 127
111 157
136 14
149 152
166 194
77 11
129 17
151 186
152 9
16 18
35 1
128 4
126 158
188 8
25 130
164 13
186 9
71 194
124 8
38 168
70 94
96 142
34 16
34 15
127 155
14 19
74 109
120 185
163 16
109 188
142 162
127 10
140 197
94 101
78 85
87 180
102 183
125 143
151 178
116 176
129 14
147 167
76 9
6 15
143 8
2 19
108 19
137 16
67 6
43 9
55 12
132 19
92 128
36 127
52 18
57 14
58 68
59 109
0 3
157 14
4 9
149 1
123 138
21 0
71 11
75 13
71 5
173 19
87 5
73 96
51 86
22 47
12 17
30 9
127 161
58 111
1 6
45 83
76 8
52 154
86 194
88 156
74 17
61 136
46 63
71 130
56 7
102 6
105 176
141 175
25 56
26 17
75 86
41 14
43 49
98 143
197 17
1 16
199 4
63 198
73 15
54 18
8 14
159 6
62 113
78 14
76 140
64 183
59 1
52 19
92 119
61 6
84 16
116 141
81 8
161 182
81 6
55 81
156 1
43 130
189 190
112 159
43 104
44 197
137 9
53 84
93 164
168 0
146 173
182 17
115 190
62 14
151 185
156 8
138 148
150 15
120 7
120 2
58 172
106 145
181 2
83 88
120 196
73 3
42 10
184 12
114 172
76 6
109 120
75 125
172 5
83 10
92 160
117 8
91 192
81 171
21 132
38 140
158 1
109 14
112 7
29 59
115 132
199 9
106 115
22 171
71 89
171 199
187 16
110 193
127 137
56 13
120 179
103 7
181 14
40 181
77 0
64 165
159 8
0 16
182 190
53 12
153 172
116 11
193 1
25 176
155 4
133 162
65 2
124 16
159 15
141 9
27 197
3 15
63 5
115 0
171 9
100 0
183 192
133 19
20 134
20 171
85 8
41 13
93 11
52 177
150 1
7 15
138 14
57 78
125 132
72 125
37 164
20 174
146 180
64 5
53 19
157 168
88 9
17 18
4 11
102 142
163 18
88 2
27 12
68 103
7 19
130 137
65 9
177 11
63 1
28 5
66 10
188 17
68 1
1 3
143 7
46 101
146 2
25 84
126 16
115 9
0 15
27 38
137 12
21 100
58 17
183 198
136 142
98 8
178 17
141 1
172 19
21 16
50 16
127 9
95 167
80 184
122 184
69 1
20 3
181 17
41 59
37 7
47 6
37 116
143 9
154 183
169 14
74 3
26 185
2 9
133 171
1 18
145 154
145 7
51 195
89 5
29 2
64 8
55 18
40 169
64 114
59 17
65 68
191 10
4 17
111 131
76 180
28 7
193 11
168 185
93 18
151 154
147 161
8 16
147 6
82 16
85 163
41 2
33 95
35 168
70 192
118 14
134 160
114 8
191 12
61 9
35 99
96 5
103 186
53 8
104 153
121 16
137 174
131 19
193 4
66 186
127 160
88 183
140 165
131 158
6 9
144 17
39 11
58 116
32 69
140 156
93 14
41 4
106 0
99 3
67 3
60 104
157 16
149 185
67 4
26 157
140 198
55 19
60 11
196 8
193 15
31 96
51 19
99 16
164 15
22 124
157 12
62 3
26 36
71 15
147 15
5 6
166 7
52 8
53 188
51 92
30 136
91 17
116 182
70 113
40 16
111 13
68 129
193 16
26 172
60 154
60 156
64 191
92 12
169 12
5 14
163 8
118 12
186 11
80 187
124 192
91 103
169 5
71 2
98 16
118 157
88 94
43 2
69 147
91 187
198 18
89 14
31 2
13 17
52 17
173 8
78 1
197 8
5 18
106 17
127 3
118 6
100 148
118 4
75 172
153 3
140 0
115 164
101 17
116 15
88 11
164 171
113 19
63 12
42 18
39 103
20 79
74 7
32 12
169 18
185 14
158 2
151 0
4 16
57 61
165 1
67 5
110 2
75 155
48 109
43 7
63 14
28 83
166 0
30 14
177 6
119 13
82 164
21 138
85 86
20 81
20 75
39 19
187 6
121 161
162 11
188 5
143 13
158 12
50 128
158 13
146 3
119 186
25 0
36 9
26 69
68 11
59 182
43 13
183 4
49 188
146 13
35 83
97 12
45 122
166 16
166 172
94 193
26 48
107 9
97 130
98 12
118 163
113 9
114 185
179 13
44 18
164 19
0 7
151 199
104 182
180 184
100 169
32 10
24 164
29 126
31 67
90 129
65 168
53 123
127 147
116 149
66 16
69 8
57 11
39 3
165 166
132 160
165 13
1 4
95 13
62 195
132 1
50 73
39 0
114 177
136 3
2 5
52 81
29 123
86 19
56 17
95 18
45 1
123 132
147 190
44 189
85 11
48 13
61 10
26 6
165 4
22 31
179 6
126 161
68 167
118 19
54 4
66 131
41 97
182 18
112 153
95 7
48 78
117 17
112 151
75 186
69 98
192 195
144 9
122 143
138 2
189 7
109 8
55 197
64 0
72 8
74 18
42 186
187 4
178 9
149 179
38 158
132 18
92 177
110 15
190 4
122 13
108 9
66 4
110 7
194 7
88 100
40 0
25 58
41 179
57 140
96 165
81 196
93 168
69 7
115 191
164 11
122 159
37 188
71 164
142 12
0 1
82 96
65 8
130 4
39 1
37 16
34 4
187 11
83 184
39 8
55 63
98 9
172 4
134 139
113 163
29 102
72 16
27 36
194 6
54 124
140 9
50 146
118 1
42 131
121 176
51 148
165 174
40 150
142 7
108 194
42 116
122 0
160 12
120 135
25 19
123 15
35 157
113 154
20 100
157 19
115 19
194 199
99 4
119 167
96 197
146 11
52 10
138 147
38 17
100 18
116 18
125 18
144 0
33 6
59 130
65 118
31 50
133 4
73 131
163 10
40 100
115 16
30 13
109 128
181 3
72 135
181 184
199 10
99 6
25 140
54 12
121 144
115 160
73 86
42 143
124 174
109 168
177 1
92 151
129 159
113 188
192 11
136 17
110 11
118 150
84 110
33 9
48 0
92 173
92 10
32 162
69 160
194 14
6 14
35 17
63 69
75 144
187 7
51 90
152 197
3 18
25 183
166 190
42 19
52 85
126 165
30 93
134 144
91 5
170 4
48 181
65 5
91 122
32 172
83 150
118 180
6 17
197 10
157 185
1 11
53 15
151 18
131 4
71 104
66 89
162 188
42 16
111 197
39 159
93 3
58 9
5 19
39 161
155 7
167 11
190 193
169 2
116 125
135 4
155 14
22 111
31 189
137 173
25 166
40 69
69 175
23 137
78 9
114 182
57 80
51 9
32 187
145 3
52 146
137 153
86 177
73 142
21 122
28 149
151 1
149 154
30 7
80 5
139 1
80 14
50 138
27 141
30 104
0 6
34 17
141 161
63 19
111 5
70 123
85 5
79 9
100 125
163 170
168 12
5 8
84 167
142 174
195 17
98 184
66 12
48 8
46 0
87 195
150 4
125 176
122 17
58 139
68 112
66 78
184 3
47 72
114 146
4 18
79 13
152 13
21 4
82 18
182 15
90 134
125 177
31 6
179 5
43 74
45 171
29 37
114 16
193 2
160 191
44 107
41 15
68 143
46 2
20 73
156 14
37 3
43 93
55 1
71 73
117 10
164 1
178 13
127 15
67 132
83 12
62 178
79 3
41 18
100 16
62 2
86 173
9 18
122 125
95 173
71 145
121 6
56 76
54 140
74 198
29 11
55 182
71 6
58 14
80 2
10 12
119 7
76 7
56 84
25 132
79 95
124 193
106 179
156 15
40 182
50 19
125 2
6 8
84 177
80 15
63 138
28 14
123 17
32 8
130 14
94 10
195 13
30 0
174 4
89 1
101 11
81 113
29 62
79 86
10 16
22 56
89 11
90 10
32 60
9 11
73 154
141 180
125 6
11 13
185 7
101 178
175 198
187 5
60 170
64 166
66 110
92 13
58 6
24 148
176 8
28 130
123 1
107 121
121 199
62 83
100 168
117 1
59 16
160 2
125 196
5 15
137 146
46 76
47 69
128 199
2 15
115 1
173 198
103 11
53 118
72 7
11 12
3 9
98 129
181 16
115 145
61 90
151 8
168 13
135 147
96 2
110 189
77 183
113 130
171 194
40 14
78 136
21 57
147 193
94 144
174 5
61 15
102 146
93 188
171 6
138 165
189 15
151 7
161 1
159 19
145 6
44 54
51 113
108 14
64 126
10 17
29 103
133 190
57 17
66 192
31 18
38 5
29 13
115 18
143 154
32 45
175 16
43 5
47 61
133 3
139 6
61 7
74 147
131 5
110 16
161 188
62 8
50 0
106 12
156 165
117 130
35 16
102 8
105 0
36 113
57 165
9 17
42 128
52 83
114 19
64 18
47 80
108 121
129 176
76 5
36 50
45 15
59 7
138 17
58 0
90 19
32 64
36 147
62 6
155 2
126 137
30 46
8 9
29 12
156 2
165 9
47 15
122 15
27 13
199 12
26 128
70 6
175 187
88 161
122 191
47 4
57 13
64 13
72 0
60 149
65 112
65 17
105 16
149 13
42 145
77 16
88 143
3 14
28 0
38 178
123 4
149 0
101 122
125 17
111 165
72 9
91 14
80 126
35 161
138 6
37 114
110 190
108 18
27 39
70 167
172 2
3 6
1 7
115 13
79 135
25 149
105 11
99 115
100 119
40 143
66 115
63 114
64 85
181 11
95 139
35 52
37 197
173 3
185 19
81 17
97 9
21 181
94 119
141 168
92 8
136 15
46 10
87 11
140 17
2 18
155 8
194 3
90 182
101 2
72 164
187 192
96 158
26 102
50 14
139 11
35 54
30 103
66 185
193 0
194 17
104 120
73 115
27 83
68 13
37 48
40 92
96 8
28 125
1 8
11 16
86 192
84 122
126 145
119 11
52 184
25 7
131 17
185 12
167 7
140 8
91 3
150 6
101 127
135 193
35 87
21 129
127 174
91 123
154 19
109 140
27 5
127 197
60 7
104 184
114 134
123 3
32 169
15 17
41 152
60 17
22 17
90 147
93 100
157 188
175 186
67 1
98 13
94 148
187 15
93 166
115 3
2 7
84 8
105 7
150 7
169 15
44 7
33 167
126 18
91 176
44 87
12 14
79 8
46 3
83 5
79 16
40 183
36 180
62 5
161 10
21 8
37 193
68 115
151 12
112 156
119 0
45 64
148 1
31 103
88 151
172 6
26 14
24 5
91 11
90 16
198 17
106 14
163 7
183 9
176 185
87 7
47 16
43 51
140 10
170 12
120 16
135 142
29 190
142 0
79 0
56 5
26 61
58 7
146 8
61 12
164 176
155 15
82 11
96 7
115 181
53 10
146 16
134 10
48 1
91 15
101 18
157 10
95 116
140 199
189 2
83 19
24 184
90 0
121 4
69 141
183 10
147 17
51 104
41 79
39 91
129 10
159 1
26 177
40 19
92 1
98 128
51 54
162 196
59 152
9 13
41 104
133 195
126 17
32 41
163 15
51 18
93 198
85 15
129 19
39 198
61 108
148 3
45 8
83 4
126 147
122 10
31 158
25 11
120 12
50 3
39 180
52 103
184 16
21 27
25 137
191 4
65 15
87 193
29 5
20 15
179 186
23 16
0 13
197 1
142 166
31 61
30 58
101 168
35 191
2 6
86 8
155 196
138 11
24 0
31 151
29 83
102 107
195 8
21 5
87 183
133 158
156 167
102 4
76 156
94 185
76 152
30 121
141 5
118 130
89 19
77 13
95 14
95 184
28 50
68 8
152 0
113 12
36 107
85 1
170 177
114 136
148 199
12 13
167 2
66 134
55 181
25 12
197 5
43 92
115 165
176 5
150 10
76 79
10 19
75 104
40 3
81 1
126 11
54 194
61 78
36 110
29 17
56 3
42 163
123 161
113 133
108 8
124 10
185 13
81 5
163 174
72 17
92 117
108 186
24 9
151 9
30 6
91 196
190 2
127 18
111 4
6 7
170 15
48 79
60 5
38 142
44 16
1 9
3 19
90 8
31 164
124 12
110 10
122 4
52 53
29 106
41 16
135 199
51 2
79 126
89 18
103 16
55 7
45 97
73 16
132 185
53 190
185 188
43 151
54 82
109 17
107 5
36 185
45 6
86 14
106 159
37 177
111 153
181 193
65 14
131 6
128 143
78 173
84 162
54 156
199 14
181 7
59 13
59 198
97 164
27 170
104 19
45 140
124 15
31 60
31 194
20 182
99 19
161 19
155 178
43 45
70 75
74 144
65 114
13 18
55 115
41 148
122 123
47 100
120 194
100 136
103 170
20 60
80 133
98 113
198 9
9 14
194 0
52 116
64 101
79 132
45 4
32 11
192 0
68 91
118 3
172 197
31 148
47 55
31 176
26 104
54 163
35 12
106 143
116 190
132 158
37 184
28 74
50 61
163 188
130 6
131 11
79 194
43 46
150 155
113 115
41 9
191 2
0 12
185 17
139 171
123 7
166 18
176 2
104 111
125 172
0 5
77 139
57 15
145 163
68 95
115 7
32 135
54 142
31 5
13 16
45 95
64 174
71 181
26 18
138 3
26 89
171 17
31 4
48 132
84 7
48 105
97 158
75 2
35 7
35 166
73 127
174 15
107 15
174 19
102 154
167 16
89 193
37 176
93 107
81 2
83 11
48 6
187 2
166 4
34 14
21 30
102 11
118 162
27 108
54 16
62 111
109 148
100 166
97 109
116 6
133 7
37 115
50 10
34 128
86 166
42 73
32 1
126 141
111 0
0 9
35 107
54 3
29 199
21 52
39 6
123 14
57 161
57 77
39 136
147 11
95 15
115 2
49 7
125 10
131 2
36 18
63 174
61 180
121 13
153 6
75 10
117 13
75 128
114 3
28 147
161 16
157 11
96 17
162 14
171 182
122 144
110 132
144 3
107 109
174 182
118 8
177 192
88 118
3 4
141 160
141 2
36 16
117 19
133 13
150 2
159 160
92 14
27 152
21 189
199 5
41 180
72 86
47 122
69 18
23 152
196 13
184 11
7 18
29 90
90 142
142 14
57 149
176 0
175 8
143 5
118 9
142 5
51 12
154 8
101 184
75 11
73 17
54 8
175 189
163 19
56 72
111 11
84 10
134 6
33 17
73 80
95 106
182 1
48 18
175 14
54 179
90 11
167 192
10 11
161 5
117 11
155 17
82 150
58 144
120 166
40 93
48 146
68 166
72 6
40 80
95 197
56 80
119 15
114 170
59 83
49 5
29 16
119 159
87 182
32 98
79 14
20 166
70 4
58 135
36 85
85 151
149 2
64 14
55 158
193 196
141 14
24 56
54 75
68 6
42 1
142 157
117 2
29 77
39 160
107 17
156 6
51 6
62 101
171 0
55 16
3 13
29 6
24 18
95 146
44 79
195 18
72 4
29 10
44 2
188 196
38 109
91 92
112 180
155 6
67 13
59 199
180 11
81 13
92 11
52 1
141 142
32 199
157 9
4 15
107 115
140 167
13 15
1 10
123 16
140 12
133 18
48 167
102 18
82 8
38 12
50 97
113 0
71 143
34 2
119 194
108 15
154 10
93 10
115 12
55 15
24 13
37 17
26 140
140 5
87 123
104 159
127 16
32 3
35 140
71 13
114 166
105 152
84 1
153 13
188 2
103 154
49 121
99 14
57 18
69 156
37 180
37 71
88 152
137 1
32 158
27 106
43 149
52 101
61 111
131 7
191 16
186 5
175 11
46 13
151 162
121 127
93 159
77 12
136 8
172 198
25 182
171 10
29 114
137 156
111 126
161 11
106 112
137 14
198 15
35 18
85 147
113 3
143 157
53 7
38 10
129 7
83 181
157 195
23 68
88 186
131 9
21 133
43 147
47 192
96 0
90 179
130 184
58 78
37 56
123 2
101 12
30 17
78 3
160 16
113 4
94 4
158 9
76 88
134 13
36 116
45 11
128 137
139 13
120 8
27 1
23 100
140 3
111 171
118 5
111 6
74 14
70 77
123 198
53 79
31 49
198 6
50 2
133 10
48 16
138 19
132 143
29 3
171 1
169 195
168 6
22 3
85 164
53 164
64 178
179 15
23 10
108 4
6 10
3 8
155 12
102 14
112 10
118 191
0 17
154 5
141 188
120 171
56 19
147 8
109 146
34 121
94 137
101 144
76 17
5 16
189 14
62 154
100 7
114 193
170 0
135 17
180 7
182 183
53 11
20 114
101 138
106 185
48 19
36 131
88 4
48 82
157 4
156 195
150 12
179 3
4 13
183 11
184 4
49 151
129 13
104 3
128 18
74 1
181 12
73 137
116 5
60 116
52 7
41 67
34 63
63 144
0 4
55 175
43 3
71 135
138 177
36 159
117 124
56 9
199 1
144 13
165 18
22 36
117 186
180 17
5 7
92 165
73 148
137 4
24 188
194 10
4 7
114 178
159 14
41 133
99 190
32 189
149 17
162 8
123 135
162 1
115 137
60 3
21 39
120 0
63 7
85 99
58 99
90 193
34 185
27 147
140 19
197 13
190 5
88 15
127 4
2 17
91 0
116 4
113 18
92 16
66 69
177 7
28 107
50 158
133 5
11 17
55 95
93 9
46 1
175 19
195 10
172 7
113 187
65 6
66 2
56 145
5 17
160 7
50 9
75 14
185 2
25 175
130 0
82 187
71 136
73 192
49 1
77 97
101 158
198 19
75 9
99 186
178 195
35 2
23 60
109 142
31 15
120 138
158 171
89 162
57 3
197 9
25 119
20 185
28 131
32 0
61 8
70 8
112 18
99 150
29 42
44 146
28 163
38 18
30 196
78 10
197 15
79 19
120 125
28 173
101 1
183 2
26 9
2 8
43 8
132 0
33 121
129 168
169 16
138 154
131 138
75 116
67 78
28 18
52 173
70 1
45 18
126 157
113 6
49 134
90 155
91 16
118 173
199 7
182 3
131 191
37 5
85 17
63 0
46 8
109 198
62 161
118 181
43 142
117 156
97 5
57 95
93 122
84 2
47 12
27 4
88 196
165 16
34 123
138 10
51 11
92 0
42 132
2 10
83 121
38 7
78 6
95 133
71 4
44 74
124 169
31 9
159 198
38 13
91 8
116 9
12 18
54 15
93 121
38 11
20 70
132 183
160 4
127 11
37 149
8 17
43 195
96 4
195 4
57 0
183 13
0 2
36 70
56 152
59 4
32 13
30 15
2 3
190 13
179 189
62 18
138 5
95 198
154 18
93 98
40 79
70 17
117 148
83 110
103 121
38 112
123 11
67 9
9 12
169 11
53 77
169 13
132 6
96 131
153 178
139 153
62 135
1 19
128 7
159 168
167 1
181 10
69 6
64 136
133 144
82 137
161 3
62 1
47 18
60 2
66 19
20 35
48 145
48 138
86 188
133 185
167 8
181 18
41 10
59 106
84 173
119 19
147 10
197 19
146 12
25 168
132 8
28 167
75 16
114 2
195 7
26 5
134 18
58 113
184 13
76 80
76 101
137 5
76 2
107 7
135 2
22 2
75 6
104 4
105 165
134 138
68 163
164 12
107 4
4 6
77 121
84 191
56 99
147 16
197 16
113 166
153 18
49 182
17 19
167 184
114 131
167 5
114 171
144 151
7 13
37 141
92 193
81 168
25 90
75 87
24 75
32 193
87 175
100 199
127 157
152 10
44 70
164 182
33 154
59 18
22 16
134 2
152 12
152 199
14 17
132 169
107 10
73 89
124 3
38 8
80 7
149 173
131 173
8 15
32 51
72 118
49 113
46 199
8 18
106 113
52 141
57 9
29 4
79 192
14 15
86 2
148 16
44 144
65 179
2 12
53 56
67 12
139 12
83 16
185 3
88 103
115 158
148 10
109 124
75 12
65 103
117 123
119 4
27 18
89 150
111 15
54 19
127 19
114 17
194 15
71 10
65 126
122 11
36 15
70 15
68 146
198 11
81 119
46 70
65 7
43 12
94 12
187 12
36 5
113 185
80 93
16 19
42 107
20 148
4 19
148 5
103 13
78 179
2 16
139 142
50 130
148 183
56 187
158 7
171 3
162 6
59 196
96 150
63 18
6 19
82 147
63 87
84 104
150 5
166 8
38 82
108 197
127 184
124 153
107 196
38 194
25 129
3 16
95 10
102 19
89 164
115 157
60 73
143 1
79 15
42 12
194 11
143 6
187 8
129 16
83 195
33 85
6 18
106 10
47 77
23 79
5 10
87 17
173 7
130 189
81 98
50 11
102 155
33 1
32 9
142 196
12 19
51 149
92 153
111 163
106 8
106 9
40 188
7 14
84 92
13 14
149 4
180 1
178 7
179 17
24 68
75 195
35 183
26 51
4 8
72 112
134 14
3 7
70 142
141 197
20 13
119 1
47 101
188 4
75 112
119 177
71 17
61 4
64 1
61 88
28 59
179 12
161 13
68 104
55 66
111 113
170 16
158 164
24 79
30 159
98 2
30 141
57 16
25 144
66 3
40 193
31 199
65 13
39 65
95 150
113 13
44 0
36 19
66 147
153 17
54 112
151 14
139 163
56 11
130 175
186 7
42 3
192 6
149 3
105 4
89 148
29 168
178 15
23 6
60 13
134 186
72 192
91 9
173 4
152 17
199 15
118 0
94 169
113 10
70 101
54 182
117 191
41 48
95 19
57 120
91 18
77 109
0 18
63 179
73 0
49 70
172 189
85 179
138 9
62 182
181 6
20 146
53 133
138 12
118 2
60 78
40 116
46 135
84 149
20 196
64 3
37 79
97 183
66 88
85 93
35 143
29 73
88 124
157 178
75 158
50 17
62 7
142 170
173 193
49 15
101 177
36 11
184 8
173 191
198 3
76 0
95 119
68 126
37 13
94 152
163 2
0 19
139 15
90 1
116 130
24 177
100 5
103 19
194 4
4 14
133 166
193 3
145 152
103 8
168 7
24 97
108 3
22 6
175 17
106 165
82 194
147 156
112 14
43 96
121 8
89 3
80 177
35 102
58 145
99 17
87 131
74 19
198 13
31 7
6 16
55 108
112 11
94 17
52 11
137 161
109 126
8 13
83 9
130 149
73 7
28 155
148 4
157 6
79 6
148 6
175 196
125 8
28 69
34 101
40 107
44 77
168 2
31 114
24 120
190 17
65 19
169 19
115 125
96 137
33 75
67 169
97 10
99 147
176 4
131 8
111 164
46 16
122 18
75 145
77 132
59 121
112 194
67 18
170 2
114 198
102 5
25 1
137 188
137 10
190 9
44 117
30 99
56 133
4 5
70 85
10 15
41 95
138 1
80 148
52 161
163 0
38 96
176 12
112 9
146 184
104 7
132 5
109 12
22 12
182 12
13 19
42 2
74 143
25 13
95 195
20 121
33 104
50 15
25 164
56 16
21 19
111 19
102 141
53 18
35 169
137 11
81 175
41 102
37 62
15 18
152 170
76 92
94 8
114 18
30 143
49 4
64 4
22 1
84 102
178 3
101 5
161 168
93 150
80 18
148 189
21 93
94 199
102 170
132 11
101 15
0 10
130 197
68 174
41 80
25 3
125 126
93 105
121 0
185 6
45 46
194 19
182 13
4 12
41 1
69 12
130 5
124 185
185 191
141 3
93 163
158 10
180 14
82 5
135 8
39 115
51 89
111 18
78 15
64 16
172 16
1 17
162 7
23 5
101 14
123 0
149 10
191 17
110 19
110 8
159 12
1 14
152 180
161 15
126 7
146 6
54 118
30 12
36 80
56 65
0 11
44 193
181 0
7 17
24 114
84 11
55 0
173 190
42 76
175 7
91 2
7 10
95 1
82 10
137 2
109 118
65 0
188 9
20 45
5 9
186 12
31 11
102 0
195 11
30 42
46 14
72 97
92 9
3 11
82 9
144 2
166 6
144 159
90 93
95 17
59 19
40 11
73 81
89 15
76 159
34 19
44 188
26 37
