142 13
79 6
180 10
68 7
29 18
47 143
77 3
33 157
28 30
26 17
77 150
134 187
165 15
147 14
160 19
39 16
83 18
89 128
94 4
26 1
128 159
76 12
27 158
158 5
76 146
15 18
9 10
50 2
87 139
154 3
158 10
41 16
20 44
100 5
122 182
104 145
58 7
110 4
142 14
94 1
179 10
63 177
75 76
52 0
193 0
6 15
169 11
11 19
119 2
56 1
86 92
137 14
115 8
66 116
197 19
129 2
91 153
98 185
89 8
184 10
53 17
141 143
141 168
166 2
34 19
147 0
35 11
168 14
142 152
77 14
24 162
149 2
156 14
24 80
78 187
99 3
0 1
22 77
28 17
55 2
73 9
161 11
128 149
132 156
65 1
29 8
185 12
75 18
39 5
188 6
31 14
108 17
41 11
28 113
189 11
78 1
38 121
0 2
107 108
192 17
13 14
152 174
29 154
82 185
56 8
37 1
10 11
23 19
73 6
93 130
79 15
99 138
57 4
5 17
187 2
22 159
165 0
15 17
80 17
164 2
38 147
29 16
50 62
98 16
29 3
198 0
68 11
61 6
23 9
181 3
100 1
80 18
165 10
96 143
127 193
167 13
31 174
8 9
96 0
49 52
4 19
104 8
195 5
139 11
57 5
92 1
43 116
72 133
36 11
101 10
74 4
9 12
110 16
33 74
69 2
69 19
42 7
193 15
103 6
122 159
51 6
186 8
103 187
50 7
108 15
30 73
52 17
129 5
39 8
31 9
178 6
131 170
143 12
106 2
44 8
131 2
38 159
43 7
35 46
71 174
28 19
24 3
198 19
183 10
177 12
81 96
118 10
62 8
34 5
118 16
29 193
1 17
93 95
77 18
68 1
51 157
91 146
69 87
185 10
128 17
107 143
50 4
160 196
150 3
102 17
35 13
67 192
101 16
198 8
119 4
60 119
23 44
159 5
61 193
63 3
24 9
150 6
34 84
71 5
104 199
157 191
126 168
177 6
197 0
23 7
116 6
66 3
43 9
26 10
143 8
157 183
71 143
189 3
20 196
59 5
30 2
1 4
71 138
148 171
141 14
28 101
20 3
52 15
58 14
27 118
53 130
98 7
96 9
81 1
79 2
132 151
7 19
169 3
40 10
70 13
152 0
132 12
178 183
162 5
177 19
159 189
159 6
121 193
143 17
161 181
110 139
32 18
105 142
174 5
136 9
102 1
84 6
155 13
55 4
139 5
151 16
63 8
78 11
56 64
0 17
78 144
156 15
18 19
153 1
164 11
106 17
120 8
5 8
160 7
132 1
80 13
118 131
148 191
28 156
177 1
183 15
47 54
134 7
141 10
151 159
46 73
187 7
198 17
115 143
39 139
68 122
165 12
104 16
88 18
119 8
101 170
111 11
66 10
57 16
191 17
151 17
147 16
153 10
128 197
109 3
143 18
96 16
45 8
68 3
193 8
138 12
158 18
46 16
187 0
7 9
56 137
111 167
139 0
198 13
104 0
32 2
72 17
141 5
20 184
42 10
28 2
192 18
25 3
179 17
55 0
52 11
130 0
189 10
143 0
27 51
42 4
145 2
148 163
175 4
181 9
51 3
100 136
130 152
11 14
89 17
0 3
135 15
54 7
119 7
8 14
185 19
29 158
171 10
129 184
59 102
66 19
123 9
126 13
158 169
14 15
178 8
160 10
140 14
157 8
137 11
57 15
4 14
69 0
161 1
50 11
111 4
44 15
122 1
185 9
45 7
171 19
4 11
122 9
79 1
130 8
125 187
110 185
172 18
76 13
96 13
157 181
76 1
76 177
59 15
122 134
124 148
106 111
101 105
116 5
105 14
129 169
112 15
44 116
193 11
36 16
70 12
65 165
83 84
33 11
115 1
89 171
27 6
32 89
107 4
83 17
72 6
8 13
149 9
39 84
70 166
117 15
32 190
38 76
6 14
87 141
183 9
0 6
105 16
118 12
167 2
91 15
55 6
41 4
14 16
137 16
144 174
52 14
69 9
79 137
124 6
162 2
100 4
88 13
132 146
33 189
47 106
74 1
42 145
38 99
134 0
58 9
21 93
157 14
116 18
92 0
121 154
72 9
162 8
156 198
157 13
142 6
40 17
121 3
114 137
152 8
97 8
26 0
87 155
54 18
113 189
53 98
3 14
60 166
93 3
112 159
149 15
94 6
55 157
60 94
21 16
111 14
92 8
37 44
61 19
185 0
118 9
36 5
39 15
138 8
41 12
97 11
53 15
104 7
147 3
83 155
85 100
67 16
42 9
29 1
149 162
83 15
167 6
26 18
58 15
80 16
12 13
35 142
47 154
131 11
128 9
4 12
34 15
193 14
178 15
45 185
8 10
58 18
184 0
94 151
163 9
96 101
93 183
124 154
186 16
22 116
175 11
66 13
123 161
196 16
73 160
136 10
129 19
52 79
152 18
136 159
44 10
13 18
35 42
186 10
71 7
64 12
71 19
132 15
50 1
25 5
133 151
116 140
107 16
10 18
77 16
164 5
102 7
123 143
68 8
175 13
166 13
57 10
138 145
7 16
3 15
126 6
109 131
87 3
137 10
61 7
75 2
143 16
117 17
111 1
85 12
50 109
136 17
164 10
164 14
146 12
38 10
27 199
131 166
77 17
67 168
184 15
56 6
58 3
10 14
39 18
127 16
162 192
133 16
26 129
124 13
53 182
187 13
103 130
29 2
6 13
72 147
1 6
45 91
75 197
29 61
138 190
78 8
25 15
162 0
79 170
126 163
68 120
192 15
57 1
44 108
138 18
58 1
17 19
113 124
172 14
34 11
9 19
71 107
146 2
81 10
131 12
142 0
5 10
3 11
108 6
144 12
151 6
8 12
85 1
102 12
147 17
75 13
69 158
23 37
111 12
163 18
142 174
23 101
68 13
34 42
149 8
102 14
21 19
55 1
47 8
182 11
157 18
103 7
161 2
49 156
135 159
135 0
2 16
40 15
165 14
135 9
38 173
53 6
63 15
89 14
90 5
195 10
145 9
38 6
137 178
79 14
186 195
33 4
129 14
75 17
129 15
140 7
99 10
3 7
146 7
106 148
44 9
54 83
51 89
79 192
86 8
0 10
144 18
101 6
129 173
72 16
62 71
156 9
129 18
106 1
198 3
69 11
5 16
168 8
157 6
30 1
30 65
82 2
84 8
33 10
134 11
1 15
194 6
33 7
2 3
64 17
60 167
168 4
51 181
73 18
160 17
93 6
144 10
184 1
23 182
13 16
44 195
195 19
124 12
91 198
73 2
152 9
186 13
81 142
63 12
35 2
144 11
146 10
190 3
81 4
182 0
110 125
54 11
132 5
162 187
12 16
46 0
101 1
1 18
78 13
194 17
83 12
20 13
54 16
174 2
185 5
37 3
167 0
44 3
37 199
88 9
111 15
2 4
110 9
93 129
75 12
91 19
37 11
154 19
163 2
69 7
184 192
165 1
0 15
174 15
63 102
88 3
162 19
56 108
43 109
73 133
69 6
50 161
108 5
124 18
94 17
35 19
38 18
159 9
125 15
199 1
7 17
75 9
99 2
8 15
48 17
63 2
194 1
41 14
140 9
80 182
142 183
100 196
129 16
7 15
159 16
180 5
5 11
124 4
32 3
111 16
7 12
21 1
48 129
179 4
68 162
120 4
53 4
10 12
104 4
53 69
165 178
51 180
127 9
100 129
140 3
0 8
114 18
153 11
190 2
53 0
76 16
75 153
54 199
162 1
98 2
36 18
78 16
125 149
119 187
59 82
58 107
189 13
36 7
75 3
74 189
33 182
80 11
154 2
190 15
112 2
73 119
22 134
100 3
162 18
60 97
109 153
98 18
7 8
152 3
71 14
104 15
80 6
50 55
170 11
96 1
198 12
153 8
75 138
44 76
24 5
2 10
58 8
75 4
20 153
64 4
170 12
48 12
70 17
94 19
35 62
169 18
197 12
121 4
134 172
66 192
121 13
51 5
194 7
133 15
183 0
130 9
29 165
54 13
114 17
69 14
117 124
80 2
136 2
133 4
106 136
62 3
97 102
47 96
86 7
141 1
46 7
41 195
181 14
47 17
72 1
92 131
113 3
165 4
55 120
83 0
32 13
122 10
130 169
93 165
178 0
44 17
90 182
11 15
149 1
97 13
165 13
25 109
67 71
46 14
134 18
150 5
163 171
75 96
153 15
188 18
32 6
118 158
174 14
26 12
44 186
82 17
68 15
161 8
76 0
140 8
76 148
110 12
123 15
12 15
72 18
131 17
174 19
123 175
199 10
35 12
81 9
86 9
4 8
127 174
122 126
28 127
41 167
186 1
131 3
67 18
77 12
147 8
191 4
113 185
62 19
116 11
127 154
129 8
118 151
39 94
158 12
44 163
135 7
107 161
42 159
172 1
115 12
45 192
2 6
177 17
61 18
86 124
21 8
50 166
150 197
124 2
148 18
152 19
110 0
78 2
82 5
88 102
148 19
108 144
194 19
96 19
73 0
26 19
120 158
38 9
27 191
1 10
127 158
91 10
56 14
192 8
1 16
134 6
90 17
60 13
110 1
32 10
72 131
149 17
36 64
116 15
158 17
70 132
106 108
174 13
65 14
77 129
46 2
92 4
161 198
135 14
48 6
41 135
86 161
85 15
121 12
144 198
92 12
1 19
137 13
174 6
150 8
177 7
86 178
10 15
63 157
154 18
88 110
100 0
129 1
108 14
115 6
151 9
0 13
135 6
187 18
97 6
98 0
113 7
33 5
113 2
88 4
125 13
196 6
53 12
146 11
187 17
33 193
37 157
92 2
176 2
139 6
57 6
23 8
125 6
76 5
165 6
157 16
144 4
163 168
170 6
128 6
178 2
190 12
22 2
76 10
110 17
32 105
48 8
186 19
80 7
6 7
26 8
97 14
143 4
9 17
160 13
70 177
185 7
59 177
46 89
190 5
141 183
72 13
114 16
35 125
159 188
87 13
88 14
84 127
161 18
182 19
11 16
34 12
177 189
156 1
93 168
78 3
20 5
46 3
32 12
87 12
61 81
33 19
72 10
73 5
62 17
38 150
88 1
181 7
56 15
71 1
24 120
55 18
40 8
10 17
34 7
117 9
81 188
102 2
40 2
155 12
101 19
118 6
115 16
95 15
166 18
33 51
171 0
198 10
146 13
162 12
112 4
156 17
70 7
99 176
86 88
184 13
5 12
84 97
103 9
143 144
25 8
164 167
156 13
196 9
129 9
3 13
56 0
160 9
132 2
39 137
74 141
190 19
3 9
39 9
26 190
173 12
68 194
58 4
133 12
89 15
57 3
55 11
47 9
25 76
124 9
109 14
151 166
142 9
123 16
132 11
91 9
69 18
92 7
138 2
192 2
2 9
65 12
80 5
186 0
41 18
196 4
0 9
53 19
126 2
115 149
93 7
57 9
95 12
97 116
58 166
67 7
176 7
182 6
92 18
71 8
169 8
106 9
102 4
130 1
122 18
153 9
159 1
125 2
1 7
1 9
37 131
194 11
67 5
136 14
40 19
187 14
24 19
0 16
198 6
144 167
147 1
70 11
57 12
48 9
89 90
80 12
32 154
172 9
48 10
35 1
174 8
107 7
44 1
32 16
4 18
61 197
61 14
38 15
48 122
170 2
128 8
141 11
26 79
87 153
123 17
63 5
32 86
103 15
83 117
186 6
59 67
47 1
107 180
88 2
55 10
45 156
113 0
22 189
48 99
77 161
24 10
61 3
56 9
133 9
80 0
97 4
132 3
174 11
24 14
20 14
138 188
112 14
49 119
161 5
38 13
90 118
39 2
146 1
126 182
60 5
103 170
188 17
84 138
64 120
157 11
78 139
107 186
87 8
175 14
3 19
87 144
118 0
56 4
185 18
64 18
129 137
102 15
34 108
30 107
113 116
125 17
182 7
97 15
116 19
46 87
115 9
160 14
30 12
122 11
22 6
131 4
138 11
6 8
145 10
113 4
130 6
32 15
124 16
92 19
131 9
126 17
84 7
59 6
130 140
21 14
58 70
101 0
70 3
143 13
35 5
124 19
168 190
94 10
105 13
86 2
44 12
168 10
155 3
188 10
64 3
8 17
28 1
139 3
142 17
83 5
160 18
183 4
199 14
96 18
59 19
144 7
95 4
111 18
178 4
79 18
84 190
166 16
132 154
138 13
43 140
1 2
146 174
9 15
9 18
196 2
23 16
80 133
119 175
28 74
180 17
181 16
20 6
5 7
66 8
137 15
154 13
76 17
56 19
143 153
75 164
124 143
97 12
2 18
127 12
95 8
161 12
69 78
182 1
84 95
41 6
176 194
126 0
198 1
25 2
74 19
13 15
76 8
29 5
175 16
171 14
153 2
169 19
147 5
81 14
121 7
130 13
178 19
57 146
64 11
150 18
30 11
132 10
85 6
124 188
87 17
147 18
177 8
29 176
59 14
86 119
189 4
60 107
29 0
58 88
98 138
102 125
109 15
154 194
160 1
27 0
3 18
141 171
161 4
7 18
178 9
84 13
3 5
154 181
29 4
92 153
101 152
133 0
119 6
59 172
148 0
22 1
197 4
109 1
142 192
79 19
115 5
55 129
85 112
115 166
81 16
167 11
189 8
78 173
126 10
118 130
104 17
61 165
142 3
113 5
166 4
183 8
2 15
31 1
73 126
123 14
45 0
154 17
145 3
42 12
60 16
168 6
98 11
33 17
6 19
114 7
53 10
128 5
111 13
103 107
169 7
73 17
170 8
6 17
61 11
179 9
15 16
103 137
198 4
98 9
23 2
147 6
171 173
84 4
118 127
121 1
165 180
188 3
164 3
75 10
163 16
156 3
125 9
54 144
14 17
161 189
59 196
96 11
119 145
103 18
186 17
123 5
4 17
42 2
47 67
27 137
31 108
38 5
184 19
45 78
88 10
194 13
144 13
82 123
81 91
94 188
65 6
152 15
138 19
138 6
140 0
91 92
102 13
25 121
36 79
84 143
122 14
142 8
185 6
198 18
125 172
103 14
71 10
158 162
27 91
171 4
55 192
152 6
52 10
173 16
29 11
2 14
172 7
25 1
46 17
180 9
36 150
86 144
145 7
151 158
82 108
187 10
61 4
21 39
164 188
137 6
136 13
42 106
170 4
121 192
120 10
133 1
166 181
32 0
115 7
28 4
52 13
105 18
67 10
35 10
134 13
54 14
62 177
167 14
89 11
32 40
189 9
190 197
5 6
78 158
92 165
53 56
107 3
63 4
21 3
1 13
109 165
100 6
105 2
68 2
3 16
56 11
153 14
121 131
23 14
28 185
165 17
6 16
60 131
149 10
145 13
181 15
117 123
64 14
55 56
31 3
39 1
113 11
182 18
35 18
117 128
127 176
1 3
105 12
104 146
71 12
102 19
139 1
86 176
2 19
162 4
117 18
151 152
54 196
24 2
6 9
104 12
116 17
74 13
137 12
161 7
86 183
121 195
21 2
91 3
40 79
138 16
42 186
116 16
133 18
117 14
31 10
31 18
167 16
144 164
111 193
199 11
23 1
64 8
6 18
169 4
57 18
26 157
141 4
26 11
197 14
55 19
116 2
49 4
163 10
27 9
135 13
12 18
68 76
102 136
158 6
187 19
98 173
12 19
22 3
152 157
40 6
113 17
24 166
173 19
54 89
6 12
137 4
54 150
195 18
181 0
104 10
20 131
143 182
131 153
152 156
137 0
84 122
187 5
34 122
79 9
129 4
174 12
71 17
70 86
36 17
4 15
47 80
132 192
67 12
132 189
171 6
48 19
38 144
188 11
64 112
59 153
91 144
66 134
125 12
127 2
156 8
27 93
74 2
178 7
128 3
76 132
188 4
80 9
70 16
68 12
86 17
192 9
76 19
56 169
59 1
63 11
124 1
96 105
55 175
135 17
109 7
71 81
105 5
180 6
45 67
75 1
183 5
70 8
38 91
138 10
141 2
162 3
162 15
119 136
92 5
29 15
151 5
126 5
4 7
169 17
56 191
59 18
43 17
35 7
141 8
82 18
4 5
195 14
88 99
103 117
31 158
36 12
75 97
23 199
46 132
24 34
51 116
5 14
123 6
36 50
124 0
111 129
23 11
67 13
82 181
114 149
131 13
143 1
71 121
85 183
188 7
104 3
49 16
27 5
45 11
166 6
172 19
24 26
161 19
103 17
116 174
168 1
0 14
26 5
123 1
172 11
42 5
189 5
134 15
26 73
42 49
173 15
107 133
171 13
131 8
195 1
178 184
94 16
99 12
117 183
156 189
146 14
126 16
36 80
51 11
104 151
127 142
124 153
151 14
196 13
31 7
78 179
73 12
78 18
176 188
197 2
175 8
159 0
86 13
193 1
49 56
87 19
173 189
187 16
163 6
4 6
177 0
63 9
76 7
80 154
80 127
91 192
69 159
182 9
86 10
42 122
7 14
49 3
77 5
171 185
73 146
171 18
115 15
27 89
99 11
173 18
119 1
72 11
78 9
25 14
3 4
64 156
179 2
135 141
61 114
56 2
69 1
120 5
49 2
158 2
188 16
68 19
123 8
45 96
117 153
116 12
94 129
90 132
160 0
133 8
31 13
0 7
128 16
91 8
92 10
82 155
100 2
50 9
36 148
85 121
119 0
141 3
126 1
169 14
149 161
83 19
154 12
76 18
60 0
47 191
60 6
112 10
114 127
56 198
170 15
52 7
126 15
32 7
25 41
7 10
156 6
36 14
85 3
166 14
70 5
190 11
172 15
23 131
9 13
0 19
99 18
84 15
70 18
75 142
116 7
180 0
141 197
73 156
113 6
36 159
111 8
175 18
51 101
66 122
128 13
67 68
181 12
71 15
112 140
197 15
112 157
183 7
136 6
55 81
151 186
147 7
33 122
73 8
139 9
31 6
79 4
41 89
9 14
131 7
115 130
44 4
82 7
29 89
114 15
94 182
7 13
152 10
156 4
79 84
36 73
149 19
72 8
112 127
34 2
127 8
97 134
177 13
104 13
186 3
166 8
161 16
168 11
85 13
151 3
26 175
93 104
100 153
37 102
79 11
166 10
154 16
149 14
3 12
22 5
190 9
135 3
85 9
140 1
119 14
21 7
50 0
28 79
92 6
112 7
142 186
8 11
79 181
128 2
163 14
110 155
146 17
53 131
30 151
24 1
82 197
74 14
122 5
166 17
149 0
193 13
74 9
124 7
50 13
117 13
10 13
123 144
2 11
54 57
135 185
144 1
96 150
59 10
105 17
107 19
127 3
62 105
130 181
2 8
38 4
107 10
155 180
163 3
63 139
11 18
3 8
180 11
137 8
28 9
34 50
195 17
102 147
167 17
125 143
92 99
147 9
46 9
135 153
100 16
44 189
62 12
89 150
159 7
77 1
84 0
106 12
191 12
155 15
70 4
142 10
128 12
149 7
180 3
42 14
130 10
72 12
85 18
77 15
26 16
184 6
36 0
12 14
38 14
76 3
186 2
127 134
46 100
62 137
87 164
22 13
165 19
23 6
86 6
187 12
196 7
38 0
8 16
5 19
31 17
60 19
4 9
161 190
84 2
60 4
77 165
95 18
38 2
151 1
51 194
198 14
111 7
163 5
80 197
120 11
48 88
136 139
41 19
92 9
43 13
36 2
78 10
112 164
145 15
23 134
167 1
3 17
61 0
16 18
24 18
109 159
34 4
67 3
45 159
177 5
62 141
65 18
0 5
155 11
82 14
67 9
1 14
83 13
32 33
170 14
156 7
63 191
21 0
21 179
113 199
24 11
0 4
194 9
48 74
94 8
148 10
44 2
32 93
74 16
46 13
77 19
60 99
192 6
40 4
22 19
78 4
175 15
193 3
133 161
121 186
62 1
9 16
22 173
142 11
164 8
86 15
43 154
61 8
139 7
193 9
162 16
86 16
20 74
132 17
99 166
120 7
84 12
122 2
38 8
188 0
81 88
79 157
51 9
97 2
127 6
27 87
169 16
194 16
148 8
129 138
121 16
141 6
62 18
195 13
57 7
7 11
6 10
14 18
42 15
28 76
156 18
31 4
73 14
121 169
159 3
43 0
115 14
36 173
59 11
98 6
191 6
73 7
162 184
197 16
38 195
180 7
61 95
99 9
83 6
181 4
108 1
11 12
93 4
55 58
29 162
151 15
46 180
5 13
35 3
37 58
124 157
97 19
60 2
90 14
99 5
188 15
189 17
21 148
61 1
40 7
109 19
95 17
59 89
103 11
46 19
49 11
97 5
24 16
55 15
44 13
119 176
165 7
51 52
68 16
62 94
118 15
129 180
161 17
185 13
39 161
105 185
192 13
70 1
172 186
29 166
182 12
66 9
34 197
74 121
67 162
37 15
170 17
156 11
170 0
127 197
137 167
64 0
146 157
88 182
174 0
65 118
53 105
160 2
5 9
44 83
50 189
62 190
102 11
109 125
94 99
148 7
59 80
21 9
99 1
122 136
104 2
154 174
148 12
32 193
1 5
160 178
66 16
124 15
56 5
123 19
31 38
158 8
138 1
159 190
100 15
93 8
37 68
197 18
27 32
164 6
102 120
90 144
10 16
2 7
140 16
90 16
68 5
180 13
2 17
132 14
170 7
38 63
142 146
136 12
45 170
57 13
23 76
50 14
40 170
176 15
115 2
20 18
81 19
77 131
148 3
132 8
140 11
139 178
102 18
21 12
60 10
80 8
58 12
47 192
3 6
86 1
56 104
56 10
183 11
142 1
128 11
132 9
147 13
139 2
28 14
32 94
106 8
76 14
123 18
172 3
22 112
45 19
69 132
88 5
52 1
112 149
72 86
32 1
59 77
116 9
118 153
169 10
8 18
79 0
193 17
172 0
55 95
27 18
1 11
39 19
169 196
54 3
133 196
77 6
24 4
195 8
85 4
45 5
119 135
87 4
85 117
3 10
107 179
101 18
42 16
99 19
37 18
130 12
91 4
13 17
185 17
153 19
71 11
190 1
144 17
86 14
64 15
199 7
142 162
20 1
25 4
92 16
195 6
65 2
113 16
37 4
125 141
87 18
97 16
4 10
47 18
181 195
110 8
46 66
94 11
44 18
32 14
118 163
122 179
95 9
54 4
44 7
23 18
84 117
68 14
94 3
67 99
122 3
0 12
44 155
39 181
96 188
130 3
33 96
179 19
5 18
161 13
179 14
141 157
38 39
15 19
198 11
96 4
67 124
73 3
184 17
199 15
47 2
44 19
33 3
80 146
131 5
61 10
53 16
33 159
27 12
35 167
155 5
44 152
78 6
54 0
102 186
41 2
131 1
65 198
52 117
37 130
136 4
96 14
121 139
102 6
164 15
92 3
114 10
166 178
42 19
87 0
2 5
150 2
150 171
83 14
121 8
140 2
61 13
109 0
173 8
23 148
136 11
82 0
73 10
116 157
16 17
75 143
116 185
40 1
159 14
177 9
9 11
127 4
11 17
93 137
64 16
151 180
20 11
178 180
173 17
68 80
25 9
34 1
23 0
89 1
174 4
116 3
39 13
119 10
2 13
152 12
23 66
30 19
65 0
127 5
138 4
70 197
113 14
99 4
34 8
117 8
164 9
109 18
131 15
42 13
147 11
116 183
60 7
124 17
31 16
60 93
134 157
105 15
189 190
41 7
39 130
21 6
173 4
146 4
44 0
118 4
27 15
26 36
113 1
140 10
138 5
70 15
95 146
175 2
12 17
148 5
25 10
31 88
47 4
117 19
44 115
190 6
147 10
33 39
37 125
72 101
105 7
96 8
127 15
45 75
199 2
157 3
29 145
136 18
59 12
191 10
17 18
153 192
39 0
188 194
100 8
135 12
199 9
0 18
53 177
187 8
54 132
143 5
94 18
82 3
131 16
45 16
171 1
112 17
113 148
58 17
37 163
134 12
149 13
20 48
180 15
157 9
43 12
96 6
176 3
183 3
90 6
120 15
83 11
27 10
180 4
67 199
139 175
13 19
173 6
47 7
59 107
147 157
29 14
58 11
11 13
188 1
26 4
27 14
4 16
94 13
16 19
158 1
57 8
36 52
89 10
192 5
195 0
93 149
52 77
162 7
48 14
189 18
93 17
79 13
37 2
22 18
117 188
31 137
112 18
6 11
129 0
34 127
83 9
40 168
53 3
69 183
171 179
112 11
80 111
154 5
144 169
156 169
119 180
54 2
144 8
117 12
178 10
36 67
105 127
168 19
41 152
29 12
52 2
