26 10
69 86
24 102
70 84
113 11
138 7
59 17
85 104
74 171
156 10
45 60
169 175
179 0
158 19
59 7
52 0
5 19
48 126
66 78
137 199
129 8
45 169
108 183
122 6
113 1
67 150
165 10
76 156
74 103
123 6
149 14
69 10
130 9
154 157
165 175
80 190
161 18
37 135
39 90
128 5
94 106
145 165
84 93
0 13
44 187
59 115
62 132
112 12
119 192
130 0
57 115
34 123
26 193
24 77
87 127
66 176
42 187
46 161
71 2
177 180
30 19
125 4
155 4
194 0
79 113
164 6
72 147
58 171
75 124
199 10
24 106
32 33
90 178
41 44
41 191
76 10
94 13
4 18
95 96
121 187
54 168
51 6
139 177
116 5
41 78
25 154
33 139
67 11
101 18
123 1
20 15
54 141
171 180
39 170
34 9
93 95
58 83
94 179
94 19
64 4
2 13
8 9
46 14
10 19
169 12
152 179
50 85
6 15
25 144
4 16
95 126
151 11
68 117
167 18
173 13
106 143
130 13
130 5
57 9
110 119
141 199
139 17
157 164
106 135
22 132
25 30
36 17
193 0
93 4
23 32
129 7
51 17
24 148
130 164
7 8
93 107
101 151
156 15
188 6
52 110
49 17
105 4
45 6
52 2
32 182
119 147
199 5
191 10
24 182
124 157
48 157
192 11
123 18
171 13
60 3
88 123
0 3
9 16
28 53
121 12
65 17
175 12
37 55
93 7
63 192
7 13
91 180
177 14
22 19
79 131
157 11
127 6
32 124
148 17
71 11
189 15
23 2
146 147
65 102
175 180
100 17
128 18
129 16
41 12
106 10
199 19
168 6
66 168
24 38
97 187
73 197
23 115
13 16
123 0
140 15
66 8
37 141
119 134
44 4
114 14
55 90
27 101
78 0
28 121
184 12
51 193
23 133
143 10
163 180
105 15
150 10
61 170
21 2
70 88
64 18
121 11
62 112
8 16
23 103
194 16
96 3
139 9
89 111
118 124
21 13
82 5
105 175
119 10
89 4
4 17
60 115
142 16
32 76
96 116
95 116
65 0
3 10
67 8
80 7
166 8
83 176
56 145
111 5
73 13
147 7
5 16
138 5
101 104
92 16
31 40
83 135
95 103
191 16
99 113
0 2
93 117
65 19
104 8
70 159
33 41
92 100
46 187
42 163
26 8
153 13
24 33
39 0
63 71
109 125
45 161
155 13
151 172
182 4
23 94
28 11
66 142
82 98
48 96
87 104
110 18
24 10
94 142
21 25
159 17
87 1
158 162
92 17
151 10
22 102
77 80
44 19
93 192
120 174
103 141
42 194
76 82
114 135
131 183
118 0
25 151
88 5
49 109
121 154
46 12
112 7
45 18
171 0
22 112
42 47
53 10
26 9
154 1
101 9
75 10
53 120
193 19
21 40
172 198
62 121
28 8
59 15
25 14
44 104
62 156
165 15
180 183
196 13
96 174
56 17
91 120
181 3
112 3
1 9
101 109
114 10
24 121
118 145
50 12
0 4
156 0
118 196
47 2
99 123
50 18
85 141
149 17
130 197
46 139
99 4
129 19
136 163
86 189
77 198
56 8
1 11
156 184
165 8
109 10
65 15
94 8
42 46
24 4
8 11
187 1
66 85
21 48
175 6
85 2
60 85
163 2
66 86
175 1
36 106
51 86
84 6
41 14
108 178
134 6
2 6
77 103
27 12
144 195
113 6
105 144
96 152
122 16
111 122
168 19
57 136
26 173
71 3
180 2
102 134
44 190
22 40
9 11
3 4
79 17
8 15
138 156
128 1
165 5
93 162
100 6
79 10
55 7
78 97
122 166
69 111
86 119
77 15
138 15
56 188
55 198
199 17
1 3
38 195
53 109
39 3
174 18
164 3
91 181
74 1
23 148
93 1
60 110
83 15
104 163
37 58
58 117
36 175
111 145
193 16
156 175
30 46
129 145
39 7
109 165
70 1
46 16
189 14
67 18
192 0
90 5
146 19
50 101
40 11
142 1
76 128
146 16
169 4
125 1
60 67
160 19
69 103
196 197
168 12
97 1
51 131
59 60
164 19
142 165
135 5
20 16
3 17
2 14
187 0
112 16
38 59
4 10
84 172
25 6
37 176
61 18
152 0
83 18
109 15
128 11
29 191
66 106
130 154
170 15
136 17
47 185
94 139
62 161
138 11
71 13
170 199
131 160
27 118
67 129
78 145
137 178
76 184
156 162
68 4
85 4
118 6
44 64
11 18
88 2
169 9
115 6
104 10
112 14
21 150
121 6
196 16
192 7
105 127
112 9
0 6
120 10
128 16
66 5
25 0
146 18
80 164
53 81
151 18
143 158
157 172
6 8
131 174
119 171
113 140
87 187
70 157
70 179
109 3
97 13
88 11
72 98
187 12
117 144
106 172
150 8
44 62
143 17
167 13
70 196
46 69
187 193
66 13
59 155
111 17
148 199
86 184
127 155
119 15
72 116
44 3
120 9
77 2
52 109
100 129
176 6
112 13
33 119
89 128
170 10
109 194
34 191
174 15
43 70
44 157
29 176
121 141
101 136
94 1
99 18
73 133
161 7
63 163
100 18
61 160
51 196
70 8
141 158
143 172
23 39
44 166
109 11
120 193
40 5
141 8
7 18
133 15
84 5
192 1
5 9
53 108
151 6
46 179
21 187
124 7
131 134
112 17
55 5
23 34
155 7
92 129
94 186
64 191
151 163
33 15
198 9
45 7
23 10
142 18
150 6
173 198
49 53
171 2
33 187
84 1
48 152
7 10
100 2
5 18
46 9
40 131
121 16
72 7
122 141
71 122
100 19
25 90
3 8
102 17
129 3
133 12
80 19
35 3
30 89
65 12
24 132
1 2
133 173
68 147
37 170
172 7
173 179
35 165
63 94
38 14
75 194
113 156
38 1
53 18
75 7
188 3
40 137
79 6
139 190
65 134
126 5
53 2
131 5
83 164
95 11
37 125
89 171
98 168
37 48
180 10
89 180
69 116
118 151
32 7
37 16
98 18
5 17
38 140
144 7
39 173
17 19
112 4
68 70
152 183
124 1
45 99
104 183
84 173
41 16
106 153
75 5
64 12
125 129
52 15
14 19
55 129
108 15
56 199
115 11
90 162
39 6
90 118
30 42
90 7
158 11
116 149
38 13
73 151
159 199
20 49
47 105
72 15
32 17
40 15
161 16
55 19
43 119
122 133
159 195
40 163
73 125
92 123
73 169
108 3
83 170
170 174
66 115
125 148
72 167
150 184
31 160
89 149
73 11
128 3
72 19
178 6
14 16
72 156
113 7
130 137
62 176
67 9
63 90
105 188
191 14
137 13
29 86
22 12
198 12
71 141
109 13
130 11
76 177
40 123
8 19
82 4
136 7
190 1
124 182
38 72
144 149
185 188
67 90
46 2
69 162
93 9
158 5
42 1
76 105
192 198
41 119
35 181
183 1
49 60
136 146
10 12
40 189
36 58
82 0
42 7
42 13
193 12
183 13
120 13
119 9
41 60
42 172
160 173
170 13
11 16
45 124
34 162
139 3
91 5
27 15
21 15
60 164
92 132
45 114
2 8
33 197
43 48
20 197
86 0
51 141
57 148
24 137
21 4
34 11
36 95
117 0
94 10
161 11
103 11
83 11
146 2
67 139
142 17
36 3
185 15
82 171
169 5
106 15
191 198
98 11
126 19
34 165
161 6
31 110
127 182
58 139
78 1
140 9
187 8
34 116
79 107
140 145
126 7
165 18
118 15
33 72
139 185
89 192
66 9
141 11
106 156
70 128
194 198
13 15
142 155
93 184
119 146
80 10
151 171
139 15
35 105
78 139
57 149
88 165
151 191
78 179
116 198
198 199
59 99
29 101
167 7
105 153
65 67
0 10
140 10
173 180
117 9
80 138
28 82
180 0
138 6
186 17
73 12
79 1
101 148
80 132
5 8
36 1
88 1
30 14
74 170
91 19
22 16
53 8
199 7
126 182
63 4
59 8
26 113
29 127
93 11
82 89
85 99
57 173
167 12
73 83
101 165
122 142
77 129
130 6
51 15
96 101
47 58
92 195
56 10
164 165
82 14
26 85
193 4
97 6
73 118
3 11
49 87
72 5
28 161
43 123
198 8
157 19
153 6
32 161
3 7
154 13
66 3
105 107
63 5
178 18
172 16
66 181
41 144
100 1
155 19
105 16
68 17
92 3
153 19
169 171
20 142
88 171
66 14
186 6
35 51
32 150
23 13
82 111
190 15
29 1
105 6
69 186
67 98
31 150
34 5
2 18
129 185
35 182
78 157
61 180
71 97
61 114
120 135
29 6
27 49
197 7
30 48
150 178
89 150
184 6
87 11
1 6
2 5
43 1
73 126
105 125
194 15
20 1
186 1
150 16
174 186
94 4
30 8
3 14
63 75
121 0
191 18
160 12
76 9
43 53
41 109
110 14
56 3
29 79
60 83
37 104
63 1
107 13
94 14
44 60
1 8
50 15
137 169
169 7
138 10
78 159
101 129
177 6
52 4
170 8
16 19
66 2
85 170
164 12
115 8
149 180
51 16
54 68
21 186
34 41
7 14
38 3
76 1
15 16
150 4
94 18
159 173
65 193
170 9
100 16
159 6
91 195
177 7
98 196
32 160
49 19
10 15
88 140
140 188
158 178
43 8
133 19
172 189
123 7
133 3
54 163
21 169
110 13
196 2
46 175
119 0
69 9
54 91
103 0
56 161
118 119
64 165
191 9
143 18
81 192
53 7
40 158
132 137
185 13
52 171
41 132
164 193
117 11
57 144
8 17
43 177
24 1
167 192
71 17
57 14
63 171
40 2
169 18
87 190
128 160
61 1
73 4
190 0
63 97
48 155
84 18
46 57
69 155
120 186
134 0
76 18
34 133
62 7
81 12
71 77
56 64
24 74
69 82
75 0
99 6
136 159
139 11
131 16
78 112
31 4
43 3
63 2
124 14
173 8
67 156
56 18
9 17
43 164
86 108
108 13
0 14
138 141
110 4
40 198
199 2
127 16
59 194
114 198
0 17
132 3
58 17
157 2
73 17
68 74
56 19
112 145
66 19
83 0
103 178
20 130
92 104
91 6
29 11
79 173
72 75
32 18
22 15
36 105
147 176
162 19
92 97
37 19
75 106
53 69
97 5
163 187
176 2
118 3
84 116
135 4
79 189
146 151
108 8
43 7
74 139
192 6
25 17
30 1
10 13
134 137
179 1
176 19
66 196
74 5
21 179
131 19
83 144
161 19
179 8
28 78
43 187
37 145
115 198
7 11
124 0
74 3
127 152
143 192
91 155
43 10
141 15
34 10
31 119
106 137
21 23
99 14
118 187
4 13
53 105
49 12
109 7
28 159
192 13
67 113
176 5
114 191
128 4
135 176
155 2
42 11
143 8
102 186
35 14
159 5
27 8
28 81
63 169
174 9
55 191
35 44
30 190
143 11
150 18
85 133
77 12
46 132
178 182
33 60
180 14
9 19
64 17
32 14
197 9
62 64
152 4
157 174
55 10
184 10
178 3
61 66
36 138
53 159
40 54
94 125
35 4
116 172
84 16
25 135
26 1
74 124
103 8
49 133
58 13
191 19
80 5
127 129
95 189
29 143
133 138
186 16
100 155
143 16
116 7
184 193
139 12
46 1
79 114
78 158
3 6
164 7
26 76
136 167
119 11
57 183
141 7
96 2
73 19
42 164
154 162
20 12
36 191
25 16
134 138
178 19
167 8
187 9
159 18
119 148
4 11
113 3
75 197
104 14
49 8
64 9
11 13
130 7
43 0
96 140
70 184
34 174
35 163
81 17
75 193
172 18
39 5
194 14
91 92
117 18
150 3
145 12
60 129
190 13
74 187
115 1
38 84
139 6
99 109
52 114
148 11
150 174
99 9
0 9
42 10
34 125
162 15
95 1
65 138
58 177
31 82
66 125
125 174
99 5
39 125
39 167
175 15
149 182
32 108
90 123
121 163
94 190
152 15
163 6
98 12
163 188
25 7
62 173
137 8
58 72
26 147
55 144
82 3
162 5
96 114
127 19
187 4
141 1
182 197
175 7
157 9
116 11
43 133
124 146
31 12
98 6
147 14
43 14
99 182
144 0
182 183
62 73
150 5
129 0
66 190
168 191
87 18
87 10
142 198
45 52
194 1
87 9
34 84
20 129
33 35
79 167
111 179
94 3
77 5
42 113
63 170
2 12
105 184
54 17
47 9
148 18
84 91
27 4
93 0
188 12
28 17
129 164
61 74
66 91
55 169
140 161
123 10
146 153
144 194
52 16
168 2
65 16
155 178
83 151
5 13
130 10
110 17
133 16
42 179
117 5
149 19
70 120
45 67
86 4
37 112
58 129
133 17
108 193
129 4
85 0
1 10
99 16
87 131
89 5
140 13
27 10
38 144
95 4
44 122
31 8
83 155
68 126
89 13
167 177
53 101
62 16
103 160
73 111
75 115
113 2
72 13
29 9
138 139
52 166
135 8
138 155
43 16
187 7
107 183
130 18
28 14
22 7
104 181
8 13
81 170
151 2
116 18
121 13
63 13
137 189
115 4
6 11
4 5
146 17
22 195
160 8
175 177
80 82
155 18
181 13
84 19
6 12
115 12
61 72
149 3
157 181
78 10
67 108
23 12
68 14
7 16
96 5
137 145
51 67
158 7
197 13
56 162
31 6
79 4
142 181
68 16
89 6
167 2
44 16
168 7
57 7
84 101
51 19
152 9
107 12
28 10
164 172
167 15
62 194
47 80
72 18
53 6
143 4
149 2
30 16
25 110
127 14
108 133
102 15
139 18
133 147
193 14
38 143
45 165
105 0
58 11
26 5
32 52
131 198
48 14
78 18
177 199
136 19
155 17
144 196
193 3
20 154
46 134
29 14
162 14
152 158
59 2
52 189
21 6
55 4
38 146
88 175
133 170
101 1
64 3
163 16
42 199
158 194
112 192
150 19
14 15
108 19
36 196
2 16
33 95
5 12
44 91
73 14
26 0
105 129
127 175
152 162
134 192
142 14
56 5
167 10
20 181
107 10
63 185
150 14
160 162
169 11
105 109
190 12
39 169
175 18
86 3
133 2
77 18
31 191
177 1
135 160
106 0
120 170
161 9
150 2
148 189
33 3
35 48
30 58
70 104
137 9
64 5
160 4
44 17
170 1
43 13
119 18
100 9
59 65
173 19
51 107
57 184
28 136
2 15
195 1
126 6
84 132
27 186
154 165
40 52
4 7
145 18
38 17
91 161
61 3
172 194
47 136
122 152
102 173
70 136
161 8
27 30
120 132
36 18
141 16
67 109
44 10
63 8
78 2
94 160
81 114
140 16
98 150
134 149
32 2
64 154
156 12
28 63
198 3
98 7
166 6
133 164
145 14
49 10
38 133
90 112
122 13
174 5
48 1
21 136
70 13
73 3
5 15
137 149
146 186
23 190
56 183
62 3
134 147
148 1
49 166
23 18
185 4
166 18
27 123
123 135
172 183
35 109
68 12
140 0
73 165
44 169
49 15
134 18
137 164
23 17
32 12
78 115
123 13
98 10
64 0
124 9
9 12
142 197
119 2
189 19
34 196
129 1
33 6
156 18
8 14
43 150
29 121
80 198
21 194
88 128
180 8
119 178
24 165
122 17
160 5
92 9
67 0
49 13
82 10
8 10
81 15
47 0
94 15
144 18
110 139
20 64
43 9
67 118
159 19
141 143
42 16
122 178
71 19
87 15
12 14
23 138
29 164
158 2
136 11
168 3
199 16
181 12
54 19
79 185
97 190
114 13
147 171
58 119
180 185
132 142
81 178
61 196
54 177
159 175
115 139
28 0
112 189
58 10
89 1
10 17
77 108
92 134
64 76
6 16
102 111
164 9
103 169
22 71
129 11
51 136
184 18
124 8
116 6
82 19
22 54
140 6
166 15
170 3
196 17
38 196
20 158
134 193
39 14
56 164
87 144
96 10
78 192
6 14
104 146
28 54
148 15
96 8
39 151
13 14
86 166
98 9
60 163
95 19
148 170
64 19
168 171
184 19
25 141
185 190
2 10
182 14
78 175
29 36
12 19
26 167
107 8
141 6
72 153
130 15
184 0
83 87
153 14
105 5
36 5
59 5
84 160
24 78
115 7
75 131
153 3
35 115
158 197
62 10
82 163
0 11
93 146
76 77
51 102
29 19
68 11
23 4
58 198
106 148
105 9
111 186
85 16
62 74
109 167
199 8
151 168
61 119
57 188
24 187
42 120
90 101
163 17
2 11
183 0
125 199
168 183
174 1
107 114
102 166
24 65
88 168
114 17
67 170
98 8
147 19
190 14
29 194
149 12
12 17
105 18
44 52
50 143
124 199
125 179
186 9
81 166
145 146
187 189
89 164
93 18
13 17
65 5
154 14
116 0
44 84
150 7
160 163
125 2
161 190
20 27
134 3
189 0
136 4
47 6
48 62
77 199
179 6
66 147
173 18
51 150
136 162
156 3
135 0
45 105
48 0
124 6
144 15
143 195
23 175
127 18
113 0
28 166
51 147
50 152
188 13
131 7
89 161
53 62
72 121
103 196
120 146
97 15
27 113
65 152
189 7
10 11
190 3
60 87
117 146
57 11
45 11
22 116
55 160
35 16
182 12
52 150
122 130
67 141
198 14
1 13
84 2
197 3
163 13
176 188
61 13
60 8
66 100
78 106
90 10
3 15
103 14
50 16
176 12
118 127
153 18
89 17
179 19
59 116
165 6
145 4
70 98
145 1
142 164
51 125
138 16
171 3
31 143
106 19
124 174
137 151
75 149
180 5
187 15
73 16
39 83
7 19
172 173
158 165
119 12
139 162
28 124
81 174
46 3
59 18
52 14
67 16
55 106
120 194
25 12
117 129
51 7
176 7
83 181
59 10
141 9
114 6
158 12
51 143
176 16
65 133
27 188
144 178
38 106
32 10
1 14
0 8
73 192
67 157
118 19
60 5
135 15
24 52
46 52
192 4
43 2
127 5
23 196
64 97
40 148
119 155
65 144
118 9
21 34
167 184
106 129
88 195
125 13
134 156
77 147
152 2
39 11
38 111
100 196
152 167
170 11
23 55
190 2
101 108
73 18
76 162
90 8
72 192
48 89
122 7
34 175
47 81
181 188
80 18
38 107
28 143
68 7
35 146
155 10
138 19
122 8
33 18
42 160
162 168
76 8
87 148
94 118
138 14
86 18
59 197
104 166
37 56
21 197
1 7
83 13
59 141
65 97
6 10
41 128
14 17
98 3
74 9
115 18
74 11
69 11
101 5
94 108
110 191
46 173
107 14
148 156
27 64
128 182
125 15
171 1
144 19
59 131
70 111
88 154
47 13
154 7
34 45
150 179
159 180
122 10
151 13
111 4
81 133
196 7
75 3
72 6
34 19
61 189
153 11
196 198
53 3
110 123
66 16
69 97
36 180
66 11
52 132
89 104
113 157
88 14
29 10
183 16
1 12
172 6
76 19
103 6
90 192
194 3
30 17
39 133
167 178
128 14
183 9
44 146
58 68
155 9
31 166
169 0
79 5
55 104
47 15
39 163
142 162
114 9
36 55
44 139
127 13
4 15
171 9
73 110
52 9
197 11
81 183
88 15
191 12
38 191
131 1
150 9
61 4
176 17
89 156
10 16
129 12
40 19
136 2
158 16
43 122
6 13
131 2
3 13
45 2
10 14
101 6
164 11
162 13
105 171
171 18
113 127
127 12
110 124
52 148
8 12
82 118
118 16
152 12
24 6
156 180
167 1
120 3
156 193
78 5
116 3
80 187
86 115
135 159
195 18
142 183
12 13
188 16
118 173
101 142
110 5
60 112
15 19
41 111
28 64
72 169
44 199
40 0
47 17
194 13
84 12
46 17
27 125
146 4
24 9
152 10
77 79
110 6
59 142
41 13
47 10
86 94
97 18
156 19
57 97
155 6
55 11
153 158
87 16
43 156
26 115
32 118
35 74
159 8
157 191
60 191
121 9
179 7
103 110
29 117
20 6
144 167
30 11
39 127
139 155
153 16
71 4
98 19
163 15
178 8
172 17
196 4
32 49
148 13
69 17
161 15
33 16
102 9
121 135
128 6
107 6
152 190
91 8
187 19
64 196
70 73
195 4
55 147
123 2
195 10
121 198
157 3
50 138
116 165
39 64
22 199
40 114
126 0
105 3
86 138
100 8
187 199
164 1
30 132
195 13
2 7
112 158
189 9
97 0
143 5
133 14
83 19
66 159
4 12
74 7
118 134
37 15
145 5
191 13
80 168
173 176
25 11
160 16
31 192
22 18
87 155
188 15
168 9
5 6
144 4
137 184
161 13
36 130
79 19
182 15
78 3
21 18
161 165
101 14
9 10
29 59
88 108
162 9
163 8
63 78
165 16
190 17
157 199
79 8
131 196
172 8
49 134
11 19
133 1
175 188
195 198
66 157
195 6
59 70
59 143
147 9
90 187
26 51
132 152
30 68
87 159
48 15
33 13
118 2
75 119
94 183
58 9
48 16
27 93
82 116
112 11
104 0
60 168
60 139
142 3
60 93
49 190
3 19
1 18
105 12
89 170
54 96
41 154
198 18
67 149
145 10
123 9
177 0
96 194
68 5
131 173
137 12
67 164
3 5
63 130
116 161
176 1
31 158
125 184
132 8
140 14
162 166
9 13
169 194
123 12
199 3
54 159
20 17
23 6
58 8
130 3
4 19
132 2
126 153
72 85
70 9
196 19
142 157
121 1
72 112
198 2
132 10
56 149
50 55
112 153
43 17
27 32
53 98
58 2
20 68
114 7
62 0
174 11
126 187
89 199
80 1
56 15
62 17
173 7
98 17
105 154
77 88
26 198
63 91
179 4
21 116
22 100
1 15
84 124
37 142
187 11
102 10
122 2
77 14
83 86
196 10
73 183
198 17
124 4
11 12
168 8
27 155
128 10
191 8
35 178
125 16
44 92
123 194
109 114
118 11
36 9
164 17
107 129
119 3
123 142
47 7
21 57
31 147
1 4
109 17
36 193
63 181
37 166
10 18
34 12
20 9
28 15
42 6
40 4
132 11
117 159
144 12
96 13
126 17
51 103
184 3
122 184
40 8
103 17
137 17
55 141
89 11
44 195
33 52
62 123
72 3
180 15
97 111
174 196
75 2
52 5
123 14
29 13
83 103
54 14
33 196
46 59
30 194
133 5
95 2
167 4
78 195
43 61
149 8
54 94
22 4
110 165
75 8
151 1
41 10
29 187
45 9
127 173
105 173
36 63
181 8
84 10
0 19
107 0
174 6
82 2
88 19
0 16
54 9
194 2
56 4
86 16
114 8
85 17
153 165
12 18
131 6
3 12
190 5
175 9
71 105
143 1
162 16
79 83
21 144
46 81
22 158
99 163
114 151
165 7
67 73
6 9
111 175
183 3
140 173
104 4
0 15
167 9
37 7
25 70
32 41
63 116
64 99
60 15
88 186
66 6
109 188
170 189
102 163
41 83
7 17
177 13
24 18
117 198
48 7
49 196
147 12
58 6
161 191
59 79
156 4
96 1
85 116
67 148
115 177
9 14
88 178
115 187
46 100
33 78
147 15
21 154
172 3
165 177
79 9
31 156
121 17
86 88
77 110
183 8
47 174
74 12
61 197
93 97
169 6
26 67
2 3
114 176
184 7
65 10
90 17
105 142
148 7
181 18
109 152
180 3
40 57
90 9
88 121
78 19
42 58
148 2
48 2
62 141
22 10
81 149
174 179
40 45
42 85
179 181
110 11
67 130
157 171
68 102
112 131
175 4
1 16
147 2
37 12
136 8
35 154
11 14
87 186
37 147
144 158
23 117
7 12
121 171
144 163
88 90
67 138
120 7
58 14
101 158
37 85
86 171
121 176
29 142
184 16
171 10
27 17
31 69
92 109
46 5
54 18
75 6
162 7
181 10
147 11
61 127
64 107
155 15
111 1
139 140
182 2
2 17
22 145
69 108
84 14
48 95
164 0
146 12
113 5
3 16
187 18
84 13
76 11
137 6
172 9
123 124
36 167
51 85
134 7
114 180
198 11
40 83
25 19
50 8
85 161
56 122
97 8
45 63
73 78
23 77
60 180
93 16
93 128
34 6
31 193
61 118
120 1
15 18
61 90
6 7
172 196
95 13
127 0
44 0
37 18
28 138
20 110
33 8
132 16
188 7
115 118
107 11
60 12
29 35
145 7
165 167
30 174
149 16
141 13
157 10
116 132
111 13
182 191
91 2
184 199
22 38
117 157
135 175
54 149
37 17
104 148
107 162
50 4
31 2
64 8
3 18
168 1
155 5
111 121
174 193
115 184
131 136
6 18
161 17
160 169
184 8
188 17
145 8
38 50
89 9
31 17
100 101
31 165
97 4
154 2
34 79
63 0
73 114
80 194
35 56
130 19
161 175
165 9
196 0
63 14
174 16
119 160
49 0
39 4
20 10
34 60
4 6
186 19
13 19
192 17
31 14
148 152
93 17
193 17
102 176
139 16
137 19
75 15
58 0
93 15
103 18
35 19
47 116
6 19
49 160
37 186
20 5
48 19
38 192
152 5
61 63
97 3
158 9
28 3
127 185
28 33
26 3
120 140
148 10
184 17
77 169
45 196
72 10
30 72
22 129
160 14
4 8
98 185
50 127
124 127
24 174
5 11
166 7
128 17
127 9
24 19
119 8
95 110
97 14
46 6
142 6
152 13
23 9
66 95
115 134
46 97
57 152
41 64
67 80
21 7
123 147
29 17
177 10
70 131
80 125
20 171
157 14
54 10
121 19
60 96
82 147
89 184
36 122
5 14
40 14
52 55
38 114
103 142
38 16
170 5
143 178
122 19
28 164
179 12
32 111
87 165
32 197
60 13
25 103
150 1
156 9
52 13
88 0
122 11
2 19
196 18
195 3
152 16
82 183
181 15
95 16
68 175
103 13
102 3
39 60
37 127
29 90
44 115
167 11
70 0
109 12
82 17
177 187
161 188
191 0
93 2
156 7
152 195
39 54
98 127
6 17
198 13
183 17
61 6
87 8
76 157
42 18
71 18
68 109
143 15
181 186
50 100
137 14
64 101
118 18
122 164
44 66
164 5
61 0
106 2
114 11
189 3
70 153
65 4
180 9
22 90
187 14
69 168
38 99
30 168
124 131
42 135
39 191
68 88
83 12
195 19
0 12
151 12
131 15
20 18
179 3
39 187
66 4
37 148
0 7
84 134
166 191
59 1
81 150
120 0
149 177
90 6
166 188
48 191
86 152
108 185
54 144
93 12
43 129
109 156
134 161
68 0
195 196
124 5
180 11
23 126
192 8
26 176
171 17
47 19
119 17
51 68
91 110
158 17
44 14
90 19
92 7
29 198
112 18
143 177
40 63
74 16
90 146
41 107
41 69
158 10
63 161
48 56
133 10
96 115
170 4
124 17
75 171
104 9
131 168
63 3
51 11
48 53
129 2
32 0
33 149
46 155
167 5
74 105
74 75
37 4
86 99
95 196
180 16
107 3
76 111
114 3
193 8
108 194
9 18
176 11
112 136
182 16
108 130
103 132
143 191
61 14
95 143
123 161
172 2
82 86
185 8
132 6
155 8
73 7
24 151
29 180
29 64
34 13
39 71
73 196
23 15
94 136
66 15
44 5
32 8
67 124
86 145
47 11
60 1
113 189
35 137
38 15
62 11
189 6
62 115
35 145
52 1
65 11
70 163
141 17
36 15
29 172
37 179
159 10
29 5
48 87
129 191
36 101
88 127
27 119
163 10
110 126
59 139
168 16
27 85
33 177
129 170
29 96
149 10
101 114
117 153
23 8
83 9
35 6
41 9
116 156
68 13
140 165
53 147
116 122
86 161
113 183
75 155
32 55
117 14
123 5
32 38
70 103
80 103
57 6
76 161
30 10
106 4
183 198
140 186
190 18
40 192
127 4
29 123
126 138
76 0
178 16
108 152
63 125
48 81
196 9
111 169
39 129
104 122
65 106
109 19
86 12
169 19
141 4
83 186
91 135
38 4
32 128
59 0
80 6
125 178
188 18
159 1
108 0
49 145
50 155
131 140
110 16
127 156
127 7
8 18
69 3
81 13
42 17
40 62
41 19
162 4
134 143
62 148
163 176
77 106
168 18
110 125
115 16
43 198
121 7
181 192
33 154
149 1
36 19
51 178
49 9
184 4
78 13
163 12
57 163
32 40
31 41
192 3
14 18
17 18
52 64
118 132
78 151
43 134
81 0
91 138
152 198
126 193
99 11
66 143
103 9
27 9
18 19
62 146
52 19
114 199
101 4
80 15
41 163
139 165
47 14
102 14
151 156
140 159
89 169
62 6
65 149
74 0
62 178
48 158
121 3
109 4
56 7
31 58
56 110
121 2
119 19
192 19
199 15
170 176
137 187
64 131
4 9
26 142
64 16
167 16
118 156
129 6
147 3
134 196
90 125
76 4
57 18
81 4
110 8
37 8
53 188
45 81
148 16
126 184
40 6
97 11
85 8
92 19
0 5
99 178
132 0
64 103
124 141
26 15
29 189
52 10
104 121
38 2
46 4
66 93
48 10
119 156
65 6
20 175
53 135
183 195
12 16
98 170
91 11
38 12
123 170
136 189
30 9
41 0
89 130
118 184
11 15
73 8
120 17
85 18
85 146
82 124
80 12
65 2
111 12
54 184
195 14
71 5
66 1
108 4
44 9
113 19
176 14
112 144
108 192
186 13
178 12
100 152
53 1
90 11
197 14
156 17
71 12
31 155
151 16
198 1
41 141
45 93
42 144
66 194
163 3
175 3
106 163
115 10
33 17
181 5
5 10
26 118
122 5
63 159
65 9
121 8
81 140
81 11
172 12
41 100
66 7
157 1
102 130
26 99
58 112
69 1
59 12
127 2
113 9
29 91
132 184
128 174
102 110
67 15
96 14
108 6
114 172
105 13
168 196
44 130
180 6
111 19
1 5
71 8
47 127
140 166
199 11
78 11
160 13
44 12
132 173
144 6
107 19
