155 19
157 183
142 178
91 17
70 2
51 4
30 2
122 132
70 95
117 183
53 64
0 1
23 78
77 16
70 11
44 172
24 124
70 17
98 157
40 18
21 156
167 17
31 177
104 120
67 108
96 140
2 8
67 6
88 10
135 179
131 13
138 14
132 8
78 161
103 6
81 6
183 19
122 169
182 2
0 7
31 119
99 158
137 7
66 184
77 178
28 177
44 58
131 14
20 115
73 83
98 10
26 12
68 169
126 146
15 16
3 9
63 111
36 41
193 0
51 16
135 136
105 2
87 199
13 15
155 16
173 15
87 15
83 154
30 32
50 182
21 0
7 10
166 6
126 148
152 5
94 119
21 123
149 16
94 10
125 8
71 188
155 0
46 1
38 174
27 15
186 13
130 14
82 163
111 11
44 100
67 72
13 16
109 14
126 2
86 122
188 15
156 178
185 11
45 182
30 4
161 174
79 9
48 153
85 195
17 18
109 136
47 137
58 123
121 6
20 191
27 75
130 196
60 13
92 16
149 19
91 3
90 5
36 57
64 1
58 136
39 6
154 181
153 16
69 9
177 19
101 106
74 133
169 190
136 145
128 132
120 5
92 173
196 10
101 159
123 10
6 17
158 13
32 3
120 156
43 9
98 188
148 5
84 118
12 16
173 198
20 111
156 4
26 33
67 9
14 18
181 14
25 50
192 19
151 6
81 107
58 122
49 63
65 8
39 194
189 16
59 183
157 4
157 13
168 5
132 143
107 109
170 14
100 129
49 193
157 196
188 1
91 18
22 159
6 9
22 106
132 6
89 5
180 15
166 4
27 100
26 141
90 10
77 12
50 102
6 18
96 141
156 164
3 11
92 135
52 16
42 7
137 176
45 18
75 152
30 3
62 14
184 10
100 124
91 121
59 100
162 13
138 5
151 168
40 189
105 131
54 9
118 167
115 168
33 3
83 172
96 151
189 191
77 180
81 185
139 8
173 19
46 16
56 119
173 178
50 19
164 177
95 13
63 173
39 5
1 19
43 5
144 14
119 137
68 164
60 159
54 115
62 70
53 165
119 3
118 8
130 10
44 0
80 189
32 129
49 7
67 127
8 19
69 151
32 9
104 127
41 163
142 6
35 65
195 3
77 6
6 19
44 190
61 120
49 140
64 106
169 14
79 7
134 9
179 8
170 0
38 53
92 197
63 4
77 162
89 169
145 176
140 19
51 142
130 161
165 5
84 6
98 3
88 18
157 171
121 3
48 12
172 3
53 6
27 197
172 15
134 172
154 7
97 114
56 4
33 172
188 16
163 11
46 12
165 7
8 14
149 1
192 10
30 19
49 62
180 10
104 13
186 16
108 197
149 4
20 48
117 4
106 110
178 0
110 19
122 141
27 84
163 17
82 108
52 2
174 194
55 80
68 17
20 28
65 13
45 8
55 14
8 15
50 90
98 177
108 123
126 11
143 1
171 195
143 17
171 8
80 169
143 7
102 183
142 197
166 19
87 109
83 105
0 10
86 9
185 8
39 79
163 19
143 0
123 9
34 155
20 70
55 164
156 1
37 13
86 119
185 2
85 163
175 18
192 7
60 7
157 15
112 126
57 157
10 17
195 7
59 75
70 176
80 153
73 93
45 57
129 193
28 186
119 185
198 6
22 15
81 15
60 8
99 17
99 1
165 1
49 88
71 2
92 125
64 16
102 0
187 7
41 18
86 180
49 123
91 9
163 198
46 99
7 16
15 18
64 4
135 189
198 3
171 177
186 11
124 13
82 12
95 7
177 0
117 14
140 11
92 114
59 4
135 184
157 9
34 11
128 6
4 18
116 6
67 16
197 3
120 152
79 17
39 105
134 14
103 140
171 7
26 38
108 111
98 6
113 141
124 16
82 8
24 75
188 0
83 10
55 5
28 60
11 14
138 12
86 107
181 2
77 9
26 167
60 158
25 102
89 198
23 188
126 151
131 196
30 45
62 129
31 57
107 10
46 19
183 4
70 179
131 1
58 135
119 177
36 82
166 196
25 6
42 9
54 179
119 14
113 0
159 197
0 2
79 15
118 9
94 96
80 7
77 15
30 95
42 18
47 188
172 18
51 2
63 10
93 170
154 155
120 14
137 8
34 110
38 52
117 197
101 131
64 7
39 171
61 71
151 3
194 18
47 9
95 107
2 15
109 168
120 12
49 53
105 13
20 155
58 92
112 195
152 13
33 48
125 11
199 16
10 16
34 97
51 8
83 8
144 8
112 7
44 91
129 155
92 182
115 11
118 3
40 149
31 46
102 125
91 16
109 7
29 132
103 17
88 151
116 11
79 166
13 17
86 19
110 163
59 19
20 143
3 16
50 117
66 16
118 154
86 114
175 16
36 99
37 122
95 15
31 73
192 198
92 3
49 3
154 172
192 11
118 139
74 5
69 159
159 172
135 182
51 174
73 6
38 12
25 186
65 98
165 0
179 194
144 198
23 152
1 4
94 4
134 12
21 7
87 13
61 17
28 6
74 8
81 169
26 17
86 13
15 17
168 190
41 15
133 158
57 80
117 10
115 129
58 4
49 170
137 146
70 14
106 18
87 190
96 17
65 190
30 98
34 171
60 10
47 108
81 190
33 10
116 0
122 5
69 15
170 17
131 180
136 199
0 14
153 192
24 150
65 0
25 5
176 17
59 16
74 16
109 196
77 19
182 186
158 6
128 12
128 199
128 169
45 0
64 111
63 108
109 13
49 180
28 195
68 75
28 92
47 19
38 124
124 153
49 66
136 175
180 19
24 145
34 108
160 19
46 80
62 9
21 11
109 8
173 5
157 0
135 198
161 19
167 15
117 144
190 6
114 17
43 176
38 108
148 17
26 50
131 12
153 10
0 3
23 17
3 14
78 15
32 73
35 132
34 13
71 99
25 160
48 52
52 183
110 165
114 11
2 5
37 140
104 189
57 70
161 12
106 4
196 1
0 15
104 114
115 0
160 170
35 192
116 13
116 140
51 88
127 152
164 14
122 9
79 117
136 179
131 160
103 15
146 3
183 9
48 130
5 18
112 17
26 151
167 5
2 7
47 198
77 191
38 5
69 5
34 151
12 15
107 2
117 5
1 15
79 179
75 156
116 4
80 163
120 9
162 198
115 167
146 166
55 191
63 138
104 19
114 145
76 165
44 11
25 9
53 117
103 7
67 138
169 18
177 18
81 13
185 0
25 73
52 168
67 187
93 12
109 11
73 176
35 185
118 170
81 157
133 170
39 133
143 11
38 9
40 122
104 10
50 14
26 111
162 1
109 2
176 8
84 92
6 12
191 14
56 17
139 2
36 8
127 14
38 78
168 3
88 165
59 2
125 143
36 12
21 10
149 13
58 124
68 141
115 15
65 9
80 107
134 18
20 9
129 177
94 171
21 36
123 2
149 9
158 167
73 16
79 101
62 10
68 136
132 9
137 17
30 9
27 46
41 122
64 122
96 194
94 157
41 192
62 1
102 1
98 5
41 12
39 100
62 170
115 152
25 86
50 145
21 185
30 60
11 15
171 174
49 6
30 11
51 83
128 18
12 13
174 1
122 170
150 0
179 193
47 73
75 166
176 16
192 16
135 13
181 11
138 1
147 12
5 15
33 121
28 9
152 9
63 12
3 12
119 10
51 185
53 184
31 59
165 16
54 11
115 12
77 98
143 5
52 113
88 168
29 188
100 19
190 1
74 4
23 10
78 0
106 16
152 190
1 13
26 128
191 19
96 154
4 11
191 13
26 11
140 191
7 9
176 3
116 7
89 12
22 19
26 195
48 70
186 0
143 15
46 71
73 4
113 14
153 7
111 178
103 1
51 125
13 19
79 146
91 197
75 160
60 3
63 16
20 68
37 182
36 175
108 188
51 1
175 14
64 190
64 72
157 161
95 16
107 17
90 2
40 73
92 164
6 8
32 2
119 186
108 6
74 14
64 150
33 15
146 19
2 10
88 144
121 4
27 8
33 13
74 10
56 150
123 180
122 2
78 190
167 19
130 167
92 9
31 37
108 9
31 3
90 165
31 8
49 5
3 19
124 141
118 171
176 13
25 38
101 113
59 142
33 100
52 186
24 14
32 185
88 133
176 4
26 1
139 17
114 2
178 190
130 173
118 17
26 10
36 68
99 191
145 15
32 1
124 18
141 13
52 55
52 10
32 78
59 9
21 24
94 195
75 112
128 1
184 196
133 18
67 3
93 10
53 13
46 192
192 18
82 14
91 111
41 4
170 11
37 1
25 3
3 7
147 10
53 109
91 106
130 11
29 0
35 156
172 0
138 13
27 188
121 122
87 6
189 5
159 9
164 15
95 1
93 109
21 1
61 148
152 173
180 4
40 102
50 169
41 0
120 188
90 11
125 17
175 17
143 3
34 8
70 167
172 6
32 156
39 4
82 116
150 8
165 11
82 118
60 161
23 38
131 150
28 179
0 9
58 13
3 5
98 14
195 19
100 1
146 10
35 154
100 170
145 14
22 25
55 4
196 13
24 147
87 12
56 179
93 0
63 169
182 13
69 1
168 14
159 12
31 11
80 122
30 191
35 120
114 10
46 115
37 180
146 186
74 171
109 114
85 164
164 191
49 17
100 189
33 160
154 12
149 0
20 107
43 17
25 18
148 12
65 155
60 142
122 8
118 179
28 10
38 15
137 16
45 125
30 68
180 192
35 12
157 176
51 180
158 18
53 10
132 199
102 14
32 109
22 11
92 11
39 69
180 1
27 149
78 159
86 136
108 2
61 16
34 90
49 65
129 8
136 10
179 5
76 119
111 2
20 168
187 13
79 93
180 17
130 8
108 151
48 168
43 103
175 181
163 14
68 3
66 114
188 17
144 6
149 17
100 11
41 71
161 16
134 3
126 10
63 140
90 0
73 8
106 148
25 10
26 9
135 199
173 0
66 124
106 178
47 14
81 164
147 182
166 18
62 15
53 5
53 4
156 157
29 176
121 127
118 10
64 117
76 162
176 14
75 114
66 14
191 16
62 19
112 124
119 178
165 18
37 109
118 146
157 8
177 13
134 140
133 12
148 161
95 182
3 10
142 4
101 1
56 15
79 19
173 194
101 115
95 17
68 78
40 97
157 170
22 18
98 168
191 3
129 166
60 14
38 2
90 13
151 2
81 5
17 19
67 163
46 88
73 77
26 15
178 5
43 87
21 30
0 4
45 166
42 94
98 189
185 1
109 5
146 4
12 19
74 109
118 128
102 5
174 12
52 15
7 14
187 18
105 1
173 8
71 186
34 56
84 194
117 13
34 180
146 181
94 188
86 182
28 49
57 73
148 8
109 138
172 8
6 14
142 0
23 42
180 7
104 124
96 101
83 147
173 12
35 136
165 15
99 121
95 149
96 19
98 142
145 5
148 157
160 166
37 76
57 86
0 6
28 183
145 13
79 102
116 3
23 18
156 158
195 15
82 9
83 5
147 5
113 134
30 16
146 154
142 7
33 12
59 5
76 15
131 137
98 1
83 13
138 8
20 181
190 9
96 12
40 9
111 8
82 120
123 0
176 11
193 6
48 18
82 94
73 184
117 8
136 159
97 107
79 8
28 8
96 3
92 10
112 0
146 2
67 156
29 38
41 136
33 14
82 7
91 125
10 19
120 151
32 17
128 19
133 1
132 144
42 12
172 181
84 199
187 8
180 184
43 79
24 10
102 186
94 182
67 87
182 0
176 1
94 8
119 194
32 147
106 192
193 1
125 10
29 96
152 11
35 1
5 17
25 33
8 17
126 198
6 13
182 7
124 11
90 16
42 168
52 11
36 138
113 9
72 184
37 7
38 6
63 186
163 196
109 0
92 199
81 2
66 6
25 59
23 131
27 116
149 159
59 0
103 14
67 0
192 14
126 4
55 71
100 154
131 17
175 19
155 18
15 19
131 195
33 136
33 187
152 18
29 94
44 10
102 18
187 4
140 6
78 98
94 128
181 10
176 180
1 17
71 192
64 86
118 11
57 63
23 15
116 162
8 10
164 17
145 2
136 0
157 16
31 83
70 172
58 153
27 38
27 2
23 169
40 7
41 5
53 170
21 184
0 17
2 18
1 3
145 16
86 5
39 122
117 154
85 115
80 102
48 14
133 178
125 2
184 13
31 16
55 8
78 81
25 12
102 2
64 10
135 8
189 3
165 3
0 13
124 15
104 129
168 9
65 163
37 125
46 13
44 112
198 13
69 0
97 161
32 83
42 0
169 12
191 195
172 180
77 197
39 87
23 16
20 18
6 16
39 8
163 9
56 186
58 63
97 12
67 8
108 156
159 6
139 3
88 17
71 102
150 187
55 2
150 193
97 138
123 11
21 146
165 13
129 1
85 154
95 106
36 14
7 12
27 5
122 6
75 78
49 4
60 113
23 102
117 2
40 8
152 2
90 1
87 17
61 187
23 85
37 145
42 134
89 153
103 139
30 12
103 18
125 170
150 19
179 13
180 2
24 101
20 122
167 9
120 16
21 9
83 0
112 155
41 182
21 171
122 17
166 14
20 43
119 1
112 12
35 61
119 150
75 132
66 126
111 143
175 185
168 2
142 10
99 2
67 4
189 11
93 11
98 9
187 16
14 19
153 4
0 8
174 177
128 146
83 189
192 17
79 11
82 129
22 17
61 110
160 174
171 1
72 12
110 5
40 170
194 9
160 176
41 8
35 17
115 8
92 1
85 190
95 11
46 114
31 0
1 8
88 122
173 2
154 19
99 137
140 161
147 14
47 143
44 5
101 2
85 126
26 19
23 46
123 142
30 78
172 5
112 145
36 137
37 8
88 159
133 5
60 4
53 18
62 93
29 104
193 19
185 15
93 152
24 191
36 190
195 12
138 155
82 143
65 92
55 174
10 15
47 11
169 8
80 114
89 3
74 119
52 93
98 124
80 1
127 13
78 2
44 136
170 2
108 171
18 19
181 0
85 94
22 73
54 7
20 106
72 147
2 4
63 3
144 3
0 18
70 0
71 14
157 5
167 186
23 185
34 14
91 128
49 177
161 176
111 150
53 69
29 70
20 177
76 149
42 97
79 10
88 3
166 12
146 15
168 17
130 13
160 14
49 174
21 17
45 102
26 147
131 8
66 1
47 118
36 154
182 18
75 1
114 5
5 11
140 17
41 89
8 12
123 18
50 2
38 11
159 10
100 194
71 120
31 132
80 15
190 7
29 148
188 18
47 119
147 0
133 2
126 196
40 3
55 172
101 152
117 158
179 2
115 193
73 17
121 12
195 16
9 18
44 17
174 14
138 192
117 1
20 10
52 0
114 175
52 160
75 119
175 4
23 156
37 150
111 164
169 0
37 164
82 15
183 186
36 153
125 186
108 12
166 11
28 96
20 4
86 110
108 3
67 81
74 11
190 197
104 165
139 12
65 1
90 12
118 124
98 119
88 154
5 7
168 18
40 58
111 187
124 168
58 2
98 16
32 191
41 130
82 189
48 159
34 64
31 43
56 167
0 16
88 11
197 2
133 17
47 169
51 7
100 198
104 182
189 2
28 95
36 61
20 98
35 7
97 166
51 196
131 11
24 12
179 0
99 133
164 8
198 10
66 10
20 13
35 2
60 19
33 91
82 13
50 0
193 7
121 15
35 111
65 107
84 11
138 16
57 184
124 8
146 0
127 6
188 10
74 172
82 172
128 179
150 164
77 89
150 199
161 4
44 142
144 181
5 13
175 10
45 66
149 7
183 18
48 8
46 170
27 170
37 132
27 66
110 17
150 16
131 143
36 9
89 125
58 15
67 165
136 18
118 158
26 71
26 87
98 4
37 15
29 159
42 3
110 133
171 4
75 10
133 7
148 186
86 126
33 11
4 9
71 19
127 151
111 0
47 6
154 11
156 7
27 10
98 12
22 177
188 3
84 127
162 3
59 120
180 13
174 5
51 80
100 6
101 14
150 11
178 14
56 8
103 153
133 195
23 30
73 1
49 98
69 174
106 136
33 88
42 165
136 152
81 16
181 15
52 82
45 9
81 152
125 13
55 6
197 13
102 10
81 1
100 15
80 111
155 9
14 17
52 7
53 102
152 0
46 159
55 105
174 4
84 2
173 4
20 79
175 8
167 0
115 144
21 16
192 3
42 195
59 3
92 145
64 147
113 118
36 19
43 6
141 2
26 13
83 109
83 114
84 171
40 2
151 13
40 17
47 139
182 6
80 19
33 81
27 1
8 18
25 129
49 106
105 11
71 143
117 7
187 14
75 14
5 6
77 11
4 12
178 181
76 130
138 171
5 16
46 84
58 11
59 118
36 11
190 10
50 137
126 173
91 188
95 4
51 9
139 1
171 19
52 18
47 94
76 6
134 2
142 184
50 16
36 2
21 80
122 11
31 52
141 0
45 1
50 10
154 4
100 7
105 187
43 2
88 130
114 15
86 18
198 19
103 137
124 188
33 183
135 7
84 8
153 159
40 11
103 187
83 7
108 189
93 193
182 17
83 160
40 165
28 5
51 110
141 159
103 161
49 16
124 4
59 15
148 14
132 184
140 10
102 182
94 9
54 103
88 12
51 19
49 92
162 16
160 17
30 13
3 6
59 1
76 180
27 55
182 10
148 177
62 16
196 7
48 94
33 76
50 3
31 7
91 19
78 150
59 60
135 9
102 162
70 127
5 9
20 16
98 104
133 175
120 6
102 16
40 16
35 194
32 42
42 15
147 149
5 14
158 1
147 3
73 193
25 89
136 165
46 94
33 46
80 88
29 48
41 180
175 13
76 199
160 175
111 7
21 19
83 161
147 13
52 9
63 6
92 0
89 0
125 15
152 15
34 65
178 19
113 17
28 79
143 155
148 10
70 81
11 18
58 3
50 8
22 2
195 10
100 183
96 11
28 123
54 111
119 9
126 14
114 119
180 182
29 184
198 16
49 12
76 95
113 15
99 181
63 0
184 7
37 5
123 17
181 16
165 181
91 93
143 6
25 152
78 169
51 73
74 9
42 129
127 4
60 12
159 14
96 1
113 18
9 10
190 196
99 162
159 5
20 91
107 156
52 58
79 2
64 18
74 169
139 18
1 5
37 174
114 126
128 135
50 122
102 17
77 93
71 93
121 157
36 169
81 7
143 156
131 2
117 18
43 1
46 121
173 14
47 159
136 185
28 19
180 11
23 150
85 118
48 137
148 179
94 149
51 52
117 142
155 2
156 198
169 19
99 18
127 144
93 15
101 16
139 9
47 10
116 2
54 148
123 8
103 4
185 9
86 16
105 198
100 0
73 3
106 162
75 181
21 59
132 17
25 55
130 2
22 84
28 86
162 6
86 6
35 107
134 0
113 189
131 10
44 103
29 4
85 3
87 133
22 179
115 7
89 106
38 18
65 12
31 174
199 17
106 13
92 117
107 148
145 148
58 17
10 18
93 172
170 189
183 17
40 163
47 7
108 0
80 12
146 17
27 14
112 2
133 179
166 7
154 192
110 9
52 3
130 1
0 11
66 0
40 50
113 170
37 88
93 162
183 11
66 12
34 147
83 155
102 6
2 12
77 2
25 105
5 8
127 12
73 18
54 96
173 196
174 2
122 130
107 8
29 17
112 170
12 14
60 167
0 12
62 8
135 2
68 149
169 15
166 0
176 18
188 12
93 184
172 183
182 14
40 86
9 19
145 12
59 167
32 10
143 12
23 13
49 163
48 149
154 2
136 2
87 108
54 14
161 2
140 5
194 14
30 71
37 63
94 135
49 2
124 135
87 137
47 89
98 109
141 161
114 14
53 15
162 170
98 138
109 145
116 8
80 157
1 11
73 149
25 72
58 66
48 156
160 2
184 0
113 176
39 120
112 174
54 158
51 15
121 195
77 82
56 11
46 195
173 179
102 15
52 135
156 14
50 4
115 18
183 10
48 10
41 13
144 149
129 19
72 14
144 0
155 182
110 3
45 82
93 115
148 16
64 73
26 186
169 3
45 19
173 9
115 164
40 5
66 4
40 127
48 0
42 144
109 117
46 107
9 12
47 4
46 149
182 9
191 199
25 44
130 7
122 13
110 120
81 17
9 11
128 11
119 13
174 18
54 19
108 1
143 159
32 119
32 105
174 9
51 151
5 10
75 85
70 101
76 8
137 15
8 13
74 180
86 172
199 19
148 191
69 100
57 7
49 131
190 14
102 111
196 6
149 2
44 1
21 3
133 8
115 13
166 167
7 18
46 62
36 131
82 178
54 154
188 6
30 163
61 2
151 10
3 8
87 174
131 197
174 179
44 188
102 13
25 153
27 17
84 100
51 111
39 176
187 15
36 133
50 89
155 6
53 3
32 11
116 12
36 10
135 12
124 3
22 96
78 152
48 115
108 144
10 14
67 17
42 107
91 123
93 185
80 9
93 17
56 6
106 12
164 182
87 99
72 2
8 16
199 9
45 79
184 193
129 139
78 16
46 128
86 17
63 1
71 0
80 140
35 5
45 10
102 164
93 180
40 148
82 1
14 16
136 7
80 98
34 83
93 128
171 181
144 4
69 171
29 59
92 177
63 19
172 16
130 16
28 56
99 144
2 17
80 14
177 2
127 9
78 187
119 4
120 10
98 131
1 14
94 18
25 48
25 66
76 78
46 15
119 12
20 2
176 10
88 157
45 143
48 9
159 179
199 4
70 71
87 96
135 10
43 7
166 172
34 15
87 16
45 147
131 5
64 120
170 5
85 165
129 15
24 70
34 78
177 1
160 9
162 9
183 1
112 143
124 192
62 147
80 136
29 86
198 12
29 19
55 0
20 194
150 13
23 47
128 191
54 157
171 13
108 5
68 196
157 166
108 19
85 8
154 167
196 4
30 65
52 56
23 94
57 135
147 7
24 8
36 17
124 2
38 68
59 123
185 19
34 121
87 149
83 136
101 197
74 17
135 180
139 0
40 4
28 2
133 192
136 4
90 116
80 6
162 15
72 10
54 114
69 2
49 10
147 2
119 134
125 173
47 190
141 147
122 14
107 3
94 127
46 169
103 2
92 161
73 14
23 0
107 5
75 76
63 122
39 186
160 192
89 93
69 16
79 104
68 117
182 4
95 0
150 18
145 9
32 70
58 6
88 156
52 159
172 7
88 117
113 10
65 120
48 143
21 12
64 83
161 3
128 9
56 57
31 54
36 15
54 182
65 69
72 4
68 19
138 0
103 189
21 186
34 2
183 7
39 70
57 3
34 119
94 109
28 181
122 192
55 18
171 176
29 12
128 4
143 2
118 137
150 7
197 16
42 4
88 150
37 9
96 152
121 188
144 174
45 6
72 84
32 68
50 63
104 171
53 167
152 7
61 118
2 9
115 9
66 73
36 60
177 14
115 195
24 103
26 96
185 16
46 189
135 181
75 2
31 5
21 18
178 9
25 14
65 192
72 6
36 186
44 82
90 3
144 19
92 118
115 191
147 186
79 81
102 136
23 132
119 15
66 136
74 179
78 7
71 1
114 115
199 18
159 2
23 33
77 177
43 165
137 9
84 93
44 16
149 162
91 175
90 103
99 16
39 12
197 15
108 183
71 4
122 1
70 119
1 9
119 6
129 10
2 19
43 10
35 4
173 193
31 107
33 142
153 12
63 159
49 0
87 186
122 181
72 111
16 17
23 124
196 18
102 126
104 1
168 189
56 3
89 16
95 8
147 19
46 95
22 143
11 13
134 15
97 101
101 7
96 134
143 10
33 53
51 115
126 13
64 19
70 8
158 181
159 1
47 63
23 34
188 9
4 8
36 7
75 86
48 1
103 5
55 147
55 173
132 142
82 146
103 194
73 7
113 7
28 18
88 194
99 19
23 69
95 18
53 19
23 12
151 17
190 0
1 7
174 17
121 199
148 18
112 8
146 5
51 135
49 118
127 157
111 192
29 11
150 165
44 150
47 16
142 12
43 65
93 98
194 6
28 129
100 2
97 18
102 197
58 185
74 15
4 7
151 1
52 67
31 89
31 84
94 6
86 0
50 74
31 166
90 127
69 11
169 1
119 16
57 113
141 155
86 111
147 196
65 6
102 3
57 9
179 4
37 3
98 199
55 15
129 11
51 14
186 2
44 19
155 10
160 169
85 112
96 119
59 11
148 199
20 135
41 91
54 199
69 194
98 135
76 171
90 113
114 137
96 5
172 9
83 15
67 18
41 10
153 180
63 7
117 9
85 176
76 174
160 5
78 136
28 7
22 109
51 69
107 9
116 1
133 147
27 135
137 10
40 110
76 102
65 90
195 11
72 182
27 16
180 0
108 158
119 5
166 3
36 3
16 18
155 1
53 106
143 16
64 14
119 19
83 125
182 16
52 110
95 193
58 89
128 14
158 162
132 18
109 6
26 69
60 0
168 6
138 7
32 138
25 19
39 101
184 14
33 114
159 190
41 103
33 94
43 180
40 45
81 146
32 15
103 19
139 192
184 186
142 172
70 16
2 3
164 0
35 9
64 2
126 6
176 2
40 166
73 11
68 15
197 4
146 18
114 13
28 143
50 9
40 146
121 182
171 5
118 155
66 69
111 14
91 5
156 182
24 61
58 0
152 179
88 110
20 67
94 17
67 186
160 12
116 198
43 8
21 134
58 75
137 14
179 6
136 9
76 17
147 154
95 121
104 5
39 16
42 88
127 155
121 175
148 149
132 2
116 15
186 19
127 183
41 1
38 0
35 137
112 13
27 175
54 4
67 174
50 115
97 13
174 3
127 16
115 171
107 167
115 127
156 9
76 158
45 47
59 18
149 18
72 0
81 98
7 17
74 86
133 3
146 177
52 12
125 128
178 3
128 163
107 121
147 171
139 145
54 5
22 3
58 145
9 14
26 8
34 152
24 9
50 175
25 8
34 1
37 43
56 7
46 134
26 45
117 121
175 191
99 5
11 12
199 14
37 6
75 11
2 6
125 7
96 8
179 10
25 68
24 119
41 129
71 170
72 179
171 9
115 124
20 14
100 160
41 57
48 6
48 16
38 76
43 88
35 197
64 90
9 16
25 183
79 160
178 17
151 152
103 108
25 26
100 10
150 5
168 0
109 16
83 19
145 8
73 5
2 14
165 4
24 3
170 1
115 142
147 17
42 100
88 164
76 166
21 81
35 3
27 74
32 56
32 19
100 185
104 15
60 173
42 96
71 119
30 167
4 16
67 19
120 194
0 19
142 168
89 180
199 2
64 159
163 18
79 95
30 39
165 17
113 195
92 8
28 4
54 17
67 169
44 66
151 11
106 11
148 162
72 18
135 166
66 19
99 12
105 0
68 1
118 13
26 89
117 139
127 148
67 10
80 183
3 15
153 2
45 97
73 171
177 8
62 173
67 7
83 14
117 11
83 177
53 77
2 13
62 113
67 5
44 83
98 172
1 18
72 3
149 3
52 199
23 19
146 199
135 5
57 96
65 142
82 160
111 142
71 9
101 139
141 14
109 18
69 154
101 133
83 144
73 161
147 9
90 162
152 198
139 14
171 2
31 134
131 0
43 142
156 189
76 150
119 18
194 4
75 6
185 3
154 191
141 1
54 106
100 4
109 4
20 33
119 0
162 17
192 9
153 173
38 177
54 107
45 67
184 6
51 120
71 86
24 17
160 8
134 19
24 52
82 193
132 175
162 18
150 10
113 1
190 4
54 151
1 16
100 3
2 16
137 192
20 38
39 2
9 13
121 8
60 183
43 53
21 181
51 10
13 18
147 179
27 126
26 5
77 0
31 33
61 117
119 159
89 160
170 19
34 150
4 5
174 16
30 67
161 9
29 172
64 67
152 14
99 196
31 135
26 76
66 111
6 11
85 105
81 110
70 4
94 185
52 5
24 198
165 9
32 12
46 111
83 117
12 17
142 2
93 156
1 12
22 123
65 66
159 171
20 15
104 4
52 122
170 13
86 134
36 18
95 19
86 10
130 171
73 152
68 10
190 15
106 117
23 40
188 7
94 107
147 194
146 7
160 4
49 87
87 135
40 159
96 4
23 44
87 145
36 132
164 10
90 136
183 15
184 19
116 144
184 16
159 194
122 19
155 7
166 9
149 150
4 17
114 18
193 10
79 5
94 1
56 174
29 163
55 170
148 170
23 172
131 153
169 17
117 133
127 5
47 163
29 14
115 163
65 134
199 1
65 198
46 190
145 0
25 1
159 16
129 0
160 164
21 94
7 15
99 116
103 151
40 41
149 187
195 13
177 16
75 9
16 19
92 19
121 126
160 7
75 7
41 6
20 84
64 126
186 14
33 45
78 153
37 118
44 14
137 155
94 193
154 13
75 173
121 14
129 12
191 0
110 18
56 13
113 154
86 154
28 1
172 1
36 140
120 8
102 163
189 6
83 152
193 14
53 1
57 16
94 0
190 192
33 182
121 151
111 138
53 104
172 19
92 154
169 2
107 18
147 199
81 115
160 16
35 63
116 165
84 17
62 3
191 1
35 36
45 17
50 17
98 112
54 8
104 118
144 9
108 4
112 156
45 59
62 198
25 143
75 180
195 5
76 141
55 3
3 4
69 4
81 85
143 18
1 2
101 3
120 11
194 8
73 134
52 72
86 100
26 140
197 8
57 18
4 6
156 17
158 10
185 6
78 11
75 116
28 15
181 8
156 2
158 0
41 14
132 13
3 18
58 139
102 8
87 3
187 9
69 199
190 19
120 143
103 123
67 105
56 1
34 186
161 11
126 0
30 7
175 6
127 10
33 104
87 161
52 95
13 14
108 10
82 165
94 178
184 17
52 158
73 19
122 3
195 197
144 15
90 195
3 17
89 2
66 193
58 68
46 157
78 143
72 5
31 85
111 5
35 14
107 11
40 6
114 9
165 10
72 152
4 10
49 9
95 145
170 15
94 14
84 9
147 169
23 14
52 156
175 9
35 15
156 15
65 17
91 11
141 18
88 8
63 129
8 11
163 0
196 199
183 0
133 6
146 183
176 0
112 19
173 6
42 10
169 16
96 18
54 65
51 11
119 156
43 13
84 5
29 62
111 12
73 78
4 14
91 12
79 100
1 10
176 15
163 10
63 17
78 6
21 8
38 85
35 41
77 7
35 8
185 7
58 19
162 5
73 150
117 131
56 171
145 17
58 148
158 12
99 7
56 59
51 93
169 6
57 77
129 131
56 14
2 11
98 13
195 8
113 2
121 1
29 84
66 3
24 133
159 15
121 13
28 13
98 175
44 12
54 61
58 78
130 6
97 180
99 143
58 167
61 95
55 7
62 136
57 185
141 185
70 100
23 1
153 11
186 10
