31 3
22 186
33 14
74 2
70 11
33 19
170 181
121 192
30 183
188 191
107 8
121 15
29 173
66 11
150 6
195 17
49 129
135 15
197 12
64 12
68 8
173 195
152 17
164 17
35 136
74 125
43 149
105 160
20 157
179 14
79 176
8 17
6 16
96 16
161 15
70 12
38 177
59 173
158 5
75 18
135 9
68 106
52 181
159 9
84 144
91 8
29 10
120 141
112 10
197 4
128 13
21 7
185 7
152 7
39 106
28 134
93 14
40 12
65 13
145 192
101 171
116 150
161 19
61 16
29 9
95 115
21 108
109 180
21 96
79 0
27 161
173 16
85 149
30 116
42 69
144 11
165 175
117 1
162 0
70 89
178 19
92 2
2 11
70 15
34 144
54 57
131 8
23 73
163 1
83 120
31 0
137 3
181 184
180 189
125 0
139 8
68 197
31 1
12 18
32 19
83 125
138 16
85 144
148 192
157 11
69 1
40 115
182 199
139 145
29 18
28 120
43 147
53 191
83 149
91 196
175 18
10 12
38 138
75 13
131 10
94 13
77 79
175 9
64 2
98 4
189 3
155 12
114 158
141 6
32 134
105 111
181 12
58 111
196 6
24 7
99 187
74 90
127 129
21 24
154 197
95 4
69 135
31 17
97 164
165 18
131 4
144 14
163 197
58 10
13 17
156 166
27 10
83 172
141 14
93 157
111 148
82 14
14 17
112 12
64 11
63 191
177 1
81 9
87 160
47 0
73 91
26 30
109 10
131 139
113 141
135 14
197 8
102 9
105 180
20 8
84 128
151 5
51 86
31 191
90 108
128 2
104 135
5 10
51 162
54 73
102 2
141 3
53 155
99 153
110 18
124 11
83 1
156 11
121 18
86 105
123 1
52 6
164 165
76 104
47 2
24 87
52 1
161 18
32 83
157 4
45 175
160 19
30 1
164 15
114 189
50 158
71 95
45 111
34 137
39 184
64 0
52 14
88 102
40 86
73 4
106 124
105 191
158 165
34 18
100 12
88 172
107 11
88 9
108 0
31 198
130 3
2 13
68 70
38 152
90 124
52 0
106 196
75 117
32 97
17 18
132 157
193 6
48 140
105 183
194 5
83 90
128 3
35 4
105 190
171 2
143 9
106 4
99 146
72 115
23 18
120 162
51 19
133 178
38 185
57 115
152 189
98 9
152 2
183 19
138 13
52 18
21 13
104 137
108 150
125 160
82 12
82 120
99 169
94 193
26 51
57 19
38 61
168 7
104 13
47 185
127 167
43 184
58 7
67 6
102 134
70 17
125 15
6 17
44 66
139 5
130 0
93 6
10 16
107 193
91 198
199 17
158 12
174 5
20 189
68 82
177 181
46 0
178 17
0 2
26 12
39 3
67 12
37 12
22 77
36 159
84 4
82 150
0 5
121 19
52 8
48 0
37 9
189 10
81 132
162 18
172 1
165 195
109 1
53 118
25 101
121 136
102 111
7 9
86 9
78 10
166 3
127 6
31 49
46 15
138 194
175 14
27 121
30 46
103 5
3 15
25 9
103 105
61 10
66 91
102 190
71 3
192 17
110 6
54 4
43 153
64 169
166 5
182 0
33 4
176 194
125 17
43 2
183 18
37 101
45 91
6 11
134 3
177 8
158 184
57 10
97 111
56 3
24 89
122 7
106 151
51 172
121 175
120 197
48 5
33 187
171 15
90 14
33 133
103 19
136 141
181 188
43 17
41 10
30 119
55 129
86 7
147 0
126 7
58 158
166 19
10 15
126 161
194 6
48 197
165 17
66 7
125 11
144 194
108 3
176 198
132 7
144 9
98 195
48 92
37 199
102 159
36 193
99 145
74 15
139 185
42 47
28 14
42 122
183 14
69 9
142 149
125 153
155 195
172 12
199 13
37 6
55 3
112 11
25 143
48 118
30 56
98 8
74 157
148 1
11 18
61 195
194 11
126 1
50 84
136 182
30 112
58 117
124 8
28 185
50 183
114 18
121 125
80 109
55 190
138 147
109 176
93 160
190 197
170 1
75 171
123 128
24 66
98 17
151 152
36 149
73 102
50 10
188 16
49 197
58 17
75 110
166 17
129 19
53 15
23 161
39 167
100 9
130 15
153 8
183 13
88 146
30 92
115 162
111 0
99 0
143 0
63 18
60 188
131 190
4 7
77 119
55 6
1 5
172 10
70 167
53 145
4 13
189 15
26 138
22 174
92 10
25 12
13 16
97 16
128 19
82 91
151 158
66 81
87 16
131 7
23 179
115 169
134 157
103 127
55 13
137 7
159 0
80 179
176 189
158 185
66 160
1 17
38 11
57 140
194 18
154 186
185 8
25 64
21 194
122 143
109 4
59 9
80 11
116 128
38 15
93 1
103 140
118 9
94 19
95 96
152 5
21 105
29 159
30 18
153 191
1 8
112 5
47 94
48 175
73 176
95 198
95 5
36 18
57 16
90 164
117 141
71 18
193 14
116 18
3 7
149 17
185 6
69 17
184 196
32 161
67 189
82 165
108 161
123 13
165 3
95 3
0 9
127 140
60 9
52 79
155 1
136 193
26 83
20 163
32 129
106 7
188 5
196 19
130 2
136 189
166 193
141 13
6 14
70 6
69 3
102 4
192 13
191 2
190 0
134 6
114 197
54 0
156 194
2 17
183 190
4 14
7 17
117 126
51 115
137 184
111 15
83 188
124 152
103 173
102 154
156 8
195 11
105 2
114 6
28 197
198 19
63 159
112 4
199 16
118 1
75 172
6 18
103 3
23 36
133 4
37 139
89 17
67 73
85 188
71 19
30 2
38 16
191 17
48 16
113 196
5 8
95 106
125 152
68 3
23 50
130 1
68 19
29 1
127 169
126 4
39 122
32 126
60 195
155 8
164 12
120 138
134 151
36 167
165 2
112 16
174 191
101 4
143 4
31 103
104 192
51 3
187 11
163 17
41 188
188 199
54 178
101 118
109 184
73 16
194 14
107 18
61 138
60 18
57 174
50 92
22 15
128 16
44 169
85 125
59 6
35 79
65 188
22 106
69 151
90 9
46 7
163 3
11 15
52 76
21 167
63 2
57 15
83 6
109 143
134 169
162 179
167 11
27 5
146 169
80 189
92 7
76 18
29 81
75 15
182 7
134 7
111 121
6 7
45 158
68 158
76 141
145 6
84 3
62 0
43 156
172 15
135 3
71 1
112 191
130 174
91 159
179 3
34 88
57 8
165 16
29 69
124 136
21 9
199 1
74 19
24 103
37 18
48 110
68 15
39 6
33 34
42 152
20 176
197 14
181 5
110 128
86 97
68 184
55 194
155 169
135 145
150 16
128 152
176 193
52 152
187 8
162 170
65 3
177 187
39 15
45 66
59 100
156 7
37 173
48 131
193 195
72 86
143 18
161 8
103 192
32 16
1 15
92 120
20 10
107 122
22 175
60 102
163 10
127 16
186 19
5 13
3 6
121 154
24 131
53 177
105 13
100 15
109 114
171 1
45 135
149 7
67 196
144 0
61 19
141 19
133 139
47 156
59 89
23 60
43 44
3 14
108 4
64 142
39 123
139 179
108 14
168 179
40 0
112 3
68 7
2 6
24 96
116 0
104 142
109 17
45 161
40 69
69 143
148 191
182 192
8 14
123 0
163 6
24 159
85 16
150 14
133 19
93 12
183 6
43 93
59 16
107 115
154 157
123 7
37 159
170 198
67 181
70 18
101 7
52 85
138 198
128 14
112 179
187 1
158 3
39 192
129 13
64 3
57 195
81 5
67 8
29 115
50 16
37 5
186 190
45 78
49 8
121 14
24 113
168 5
86 186
166 14
9 14
76 4
133 18
70 126
44 18
80 17
51 61
98 105
127 134
79 106
54 12
133 189
38 12
129 15
137 150
188 193
50 1
20 58
26 6
41 18
61 13
134 14
112 156
27 62
150 1
179 11
62 161
140 179
154 1
70 77
149 151
173 9
87 19
101 126
62 115
94 15
88 96
141 9
62 81
67 19
161 14
24 10
31 159
76 135
35 198
51 7
93 173
82 151
105 198
28 83
75 163
60 134
57 185
68 93
50 177
167 0
22 134
26 58
34 2
62 178
129 5
33 0
40 4
25 72
100 134
151 6
119 182
31 135
149 13
167 185
23 126
2 12
24 114
98 13
162 2
36 121
8 19
22 18
30 43
41 199
102 5
4 17
28 13
92 160
136 6
124 14
197 1
121 7
59 82
167 186
56 18
134 164
126 169
5 11
133 194
146 19
183 4
97 151
83 9
98 114
55 19
191 198
47 122
68 5
154 7
87 0
57 9
20 13
86 155
46 106
68 183
34 124
160 0
29 148
183 8
113 151
87 186
149 157
0 3
71 14
72 90
160 12
69 126
57 76
92 124
43 121
24 67
33 57
68 135
51 11
150 181
105 5
50 174
78 161
121 8
33 126
101 18
29 43
60 6
93 165
32 119
187 18
77 19
187 16
140 150
184 18
195 10
20 186
34 14
174 179
120 166
21 152
163 0
93 19
163 19
9 10
38 178
163 14
22 138
56 14
48 105
123 6
171 9
130 193
28 9
188 196
117 188
181 2
53 127
31 149
159 17
22 104
190 14
11 17
97 127
120 10
125 16
58 5
20 76
47 4
95 0
37 162
105 181
26 62
21 92
27 74
98 19
82 8
85 165
96 11
117 12
68 78
114 119
81 6
21 8
31 12
153 19
80 106
148 17
90 19
61 181
127 18
131 181
133 14
25 129
100 2
144 169
102 0
11 13
184 16
26 14
119 11
111 155
51 73
153 17
183 11
82 171
123 10
22 7
154 170
158 177
62 66
77 92
35 15
68 175
28 10
50 3
42 1
50 17
101 6
131 195
198 11
149 162
37 121
54 95
109 16
74 10
38 14
107 117
186 12
153 0
102 129
143 2
139 198
105 7
67 86
171 191
91 6
57 12
196 2
17 19
52 13
28 6
146 158
64 79
161 9
105 164
115 163
22 59
107 12
56 16
67 115
99 13
48 82
42 191
93 133
97 199
22 154
146 5
49 5
111 197
53 199
1 10
194 10
78 144
53 158
165 15
165 9
43 16
136 176
25 3
78 152
70 92
2 19
25 158
79 109
104 109
52 156
45 105
176 14
76 3
88 10
119 155
25 11
1 3
131 13
145 17
67 146
93 5
131 160
122 4
36 3
188 8
136 199
76 6
77 173
31 65
83 18
122 1
105 14
76 146
68 120
83 96
161 4
100 19
145 189
114 139
21 11
24 184
21 27
37 188
135 12
118 164
194 8
87 15
188 11
141 16
184 7
51 147
127 15
136 143
85 153
30 44
182 18
10 11
196 12
44 117
47 16
121 9
161 199
29 136
67 16
53 19
109 6
48 3
84 87
100 182
72 193
38 154
184 15
153 11
111 171
156 192
141 11
129 12
67 128
74 11
46 2
51 96
65 117
65 7
70 128
105 17
22 0
98 14
136 148
136 8
80 119
51 6
0 7
109 138
136 138
53 10
74 1
100 173
31 60
67 98
27 187
97 19
106 166
28 123
49 191
58 134
44 178
45 73
66 138
115 5
89 103
141 160
143 6
174 13
153 13
134 141
108 17
65 166
20 3
168 175
25 179
100 0
133 3
53 186
78 176
75 119
82 3
55 155
39 76
6 19
166 167
167 9
73 6
114 3
178 186
162 182
84 2
82 112
117 10
118 16
99 161
39 14
29 94
186 3
36 16
92 180
85 162
159 177
169 191
113 169
147 170
58 4
73 124
28 18
103 132
107 179
68 6
140 3
9 12
7 10
22 16
75 17
28 194
49 12
61 68
48 10
198 6
22 132
3 5
117 13
96 10
140 13
31 37
84 163
37 153
22 1
181 17
123 176
167 19
118 13
156 1
70 187
178 190
108 19
160 2
28 68
195 5
30 3
4 9
57 167
36 2
38 98
102 163
115 2
107 2
141 194
144 151
28 92
171 13
79 16
110 180
44 73
63 1
104 198
142 12
43 0
158 14
79 1
79 128
91 3
143 10
42 11
79 11
1 11
104 5
129 142
50 9
82 10
125 5
178 185
146 17
91 9
26 0
189 9
172 16
30 198
29 166
143 12
68 14
82 127
106 152
54 60
23 164
46 3
76 130
4 19
78 6
138 145
53 83
22 93
110 148
137 2
41 5
27 144
70 2
90 13
115 6
8 10
34 122
196 3
122 129
153 175
38 17
163 7
132 150
8 11
86 166
46 4
36 176
100 107
64 104
179 190
43 5
79 12
116 2
25 118
122 183
88 15
106 6
55 118
129 8
95 9
94 139
81 86
70 0
9 18
165 191
158 194
42 169
135 19
49 56
147 16
12 13
68 85
93 116
36 152
79 170
152 157
68 196
106 1
67 4
76 19
146 18
35 128
41 157
110 10
118 199
145 178
33 37
85 198
156 0
122 13
131 5
25 77
157 13
48 104
22 44
73 18
108 109
60 3
118 7
139 191
56 116
45 0
147 11
35 131
172 8
30 190
102 12
2 16
60 185
134 135
5 17
115 176
88 3
35 129
46 8
63 105
38 50
176 177
105 141
76 10
64 130
121 3
65 10
5 15
88 193
72 0
83 148
188 4
32 136
90 168
93 131
26 196
22 108
158 4
169 194
189 5
64 171
21 74
59 79
23 12
108 163
157 17
148 6
147 2
125 14
131 6
14 16
115 148
25 13
43 79
146 2
27 11
126 13
64 132
1 7
199 12
189 18
103 13
28 16
33 40
12 15
56 12
24 127
195 13
177 7
20 136
42 53
69 82
128 180
59 4
121 13
67 175
42 44
69 156
56 17
41 48
70 156
34 0
37 10
95 194
32 13
151 8
136 16
145 158
154 14
36 9
133 15
99 197
131 148
24 1
128 9
182 8
49 13
197 9
137 6
142 2
23 62
173 180
181 8
191 4
98 18
46 85
168 6
117 133
29 8
168 186
189 193
46 148
45 52
106 15
48 149
5 14
71 9
45 164
62 175
35 170
47 181
44 71
54 183
169 11
109 19
120 5
40 16
112 7
116 122
110 0
104 18
33 168
49 15
119 1
117 18
6 9
122 140
107 143
26 78
61 4
93 13
157 8
24 6
135 10
70 154
179 1
65 99
178 3
80 19
149 6
176 10
86 108
92 5
33 139
178 18
156 5
32 42
173 190
1 14
160 13
91 108
3 8
34 72
104 128
137 143
38 40
122 8
60 126
20 22
69 157
59 191
32 1
37 92
118 12
145 8
40 70
188 194
46 174
159 18
130 5
38 2
68 187
188 9
14 19
70 127
25 100
71 17
90 167
66 16
93 107
117 195
143 15
102 10
114 174
166 2
47 18
70 14
23 30
16 19
117 158
133 5
130 12
41 126
118 19
42 170
187 7
3 18
57 107
26 81
132 3
174 189
49 6
184 11
108 143
20 197
66 8
46 156
73 112
117 16
143 175
34 142
35 55
97 135
75 2
192 19
36 157
116 198
54 11
81 11
80 0
58 102
179 13
84 180
60 8
53 112
0 15
147 17
24 8
105 152
159 15
74 151
30 6
146 6
193 3
191 10
54 2
73 142
179 19
78 127
142 16
119 9
146 196
145 176
173 13
130 146
91 114
31 15
81 99
125 2
33 184
91 16
136 7
164 16
127 10
148 5
46 82
29 7
73 13
94 9
51 98
136 2
52 11
136 198
104 152
27 99
165 172
63 99
21 59
35 178
125 12
113 3
102 11
33 72
107 14
115 8
87 14
73 10
106 19
42 181
198 16
142 15
114 4
79 14
115 0
118 2
81 17
63 7
85 18
40 192
30 40
4 12
26 1
24 19
113 19
190 10
44 160
39 82
93 98
46 143
147 157
189 6
173 0
36 191
125 164
47 9
166 10
82 193
199 3
53 18
36 66
60 7
67 18
180 5
50 6
189 1
92 8
125 3
114 13
1 9
48 179
4 11
140 2
86 123
125 168
127 13
129 2
175 12
119 163
114 5
160 10
62 103
41 133
87 179
193 196
92 12
68 11
139 19
93 0
4 10
3 13
124 12
44 141
37 13
32 177
75 7
23 11
154 176
35 84
65 74
98 138
57 104
57 6
5 12
35 43
162 175
41 13
22 136
63 138
176 1
30 135
94 10
35 19
37 113
126 19
46 179
39 173
23 135
110 183
61 11
23 130
109 5
100 151
34 167
178 187
67 15
61 15
78 139
64 170
82 110
123 181
2 5
79 8
44 171
152 173
85 118
139 11
133 190
97 3
79 196
88 94
62 4
77 86
56 4
176 0
119 164
100 10
117 7
119 153
80 12
81 138
16 18
77 14
86 149
41 19
164 19
146 4
94 174
113 8
118 153
22 14
181 19
1 19
145 15
38 7
60 13
79 9
163 180
174 187
93 108
42 16
151 14
164 8
108 2
142 6
18 19
56 114
155 184
116 11
155 5
118 168
137 1
73 0
135 18
184 185
72 12
159 2
183 5
143 13
37 15
108 144
39 7
50 18
155 4
62 179
34 17
101 181
92 192
69 11
40 57
0 17
144 5
117 4
196 13
156 9
1 6
77 13
89 18
33 140
96 138
124 171
126 11
32 117
42 90
87 169
149 159
70 162
69 0
134 19
87 104
0 10
167 8
126 194
136 3
77 143
139 188
164 18
145 7
180 4
43 144
66 183
162 185
62 131
151 0
5 19
111 12
69 169
56 93
28 153
159 172
49 78
70 4
134 167
66 10
144 181
30 164
69 133
28 139
24 112
56 83
178 5
92 130
124 142
124 167
131 138
124 190
113 2
60 2
117 136
27 106
44 2
83 4
48 2
73 19
94 1
89 7
74 114
176 9
80 18
85 15
144 184
136 10
145 155
132 173
98 7
127 5
143 183
98 187
74 87
99 111
159 183
28 19
99 14
166 198
60 72
100 101
21 149
45 11
90 148
158 16
39 176
96 146
103 11
172 13
51 18
72 186
11 12
64 7
65 66
119 17
157 177
69 104
46 158
80 16
39 11
5 18
157 19
37 17
187 9
69 177
85 183
191 7
86 0
123 180
191 15
76 9
59 10
118 151
41 15
36 17
176 192
129 1
190 11
123 193
111 120
40 3
66 12
111 162
56 125
38 1
116 7
25 126
192 3
50 114
68 108
162 12
108 129
83 3
59 162
63 5
64 18
45 177
106 11
45 138
91 10
26 98
20 2
25 157
107 10
43 4
62 160
61 18
21 120
15 19
16 17
161 10
33 114
21 2
164 171
139 3
108 127
21 1
167 5
25 107
28 126
60 77
164 3
154 174
25 104
156 163
72 164
56 173
115 19
54 71
35 96
74 75
108 132
60 155
128 8
154 0
97 122
70 13
102 131
60 150
56 87
22 123
33 17
129 186
84 194
7 8
119 166
169 3
167 16
154 3
72 91
193 7
142 19
117 166
62 111
10 18
196 10
69 16
84 1
27 189
20 65
34 6
50 118
150 11
104 159
68 174
2 7
57 5
6 8
139 2
73 157
107 171
32 4
111 127
172 183
153 2
93 2
4 8
31 16
35 7
89 19
163 176
77 130
36 189
84 7
51 78
127 3
42 4
134 161
161 2
121 2
30 16
115 173
111 134
34 120
160 4
122 14
159 14
49 16
35 143
65 9
118 178
46 89
85 128
174 198
68 123
103 174
38 5
31 185
133 9
55 182
8 16
111 172
127 138
87 1
154 195
143 17
152 4
140 6
30 60
36 76
2 8
57 18
180 8
88 98
121 161
125 7
144 16
91 1
155 6
157 187
105 19
60 145
191 11
82 13
96 100
0 19
168 11
41 0
0 8
50 105
48 12
30 63
104 184
154 182
62 70
96 14
177 18
27 4
37 50
78 15
176 13
163 13
90 17
51 166
135 198
142 0
111 137
151 159
23 1
126 5
60 0
78 4
47 11
156 6
157 2
47 190
90 12
74 13
43 12
66 122
165 13
97 12
193 5
92 9
32 164
91 103
165 167
42 129
62 8
107 142
99 16
86 17
44 10
167 7
157 12
35 173
112 19
115 121
68 76
192 2
58 12
0 13
4 15
158 1
46 5
65 97
125 199
31 101
91 115
59 76
113 123
167 3
101 169
49 198
168 178
22 110
63 167
74 5
113 156
92 121
30 19
160 6
78 12
78 7
81 178
120 150
135 4
149 18
71 7
23 80
116 9
111 14
169 170
134 142
131 180
88 157
71 100
82 111
117 124
147 9
196 18
148 4
105 3
104 140
91 106
24 18
83 136
189 4
169 1
80 87
81 16
29 116
60 84
111 19
24 35
34 159
34 115
185 12
54 88
68 2
81 84
157 16
52 58
41 168
175 8
128 139
110 124
95 113
176 8
23 148
46 99
70 96
111 165
156 2
96 19
82 86
42 185
27 78
67 0
28 95
21 66
179 15
140 4
79 158
176 182
130 143
190 198
194 197
196 15
38 142
81 7
95 1
168 0
57 92
192 11
14 15
169 8
91 0
103 9
183 3
50 7
50 112
6 15
64 90
53 156
41 70
84 105
62 11
47 61
142 11
179 9
5 7
23 191
105 112
53 122
53 3
84 143
101 165
133 17
28 111
44 165
93 189
100 188
22 29
149 186
182 11
123 133
142 4
78 18
116 16
110 153
190 16
93 11
140 167
42 2
47 49
115 17
28 11
158 195
140 187
71 194
59 131
41 64
31 7
2 18
59 133
183 10
138 10
119 149
157 5
142 17
118 175
25 16
3 11
159 190
117 15
98 156
113 122
68 16
29 52
49 123
21 83
102 116
44 134
169 0
75 160
61 12
13 14
63 8
36 77
132 136
98 10
85 0
135 190
147 166
5 16
124 184
39 98
38 140
89 116
168 181
21 10
56 13
31 148
164 7
170 17
90 3
71 5
185 4
111 164
100 18
118 4
153 12
67 170
99 11
118 119
48 177
35 1
93 7
39 5
94 151
63 127
134 9
107 148
45 10
35 121
40 189
45 8
21 3
139 168
122 180
103 137
54 153
1 18
101 19
148 155
101 179
68 163
0 1
99 176
78 13
159 16
9 19
86 10
32 47
137 186
3 9
36 65
24 121
174 11
69 92
119 160
84 14
138 19
183 15
173 176
187 0
27 85
183 17
44 9
53 136
152 199
115 191
24 51
34 7
90 2
68 97
29 99
95 19
103 2
6 13
13 18
115 14
180 196
50 187
26 87
68 0
72 97
54 148
26 77
81 4
25 149
4 6
195 0
69 76
174 196
81 167
125 6
114 194
150 4
172 7
84 159
149 160
37 127
159 182
161 6
106 3
88 11
138 0
74 77
113 14
151 4
154 10
132 19
66 17
90 16
126 148
196 0
27 12
183 16
32 3
15 18
46 184
79 154
178 11
66 107
48 19
39 129
65 88
197 6
120 176
55 105
171 3
166 6
132 6
174 15
91 18
31 67
192 9
67 108
166 1
24 169
42 48
95 11
130 133
32 102
36 89
85 1
67 3
70 161
50 108
45 65
96 118
169 199
23 14
86 157
109 177
58 190
42 0
116 152
58 2
128 186
38 13
71 156
180 14
195 8
67 99
64 9
191 9
116 5
10 13
25 57
42 17
137 166
111 16
66 176
65 105
106 144
158 164
51 15
170 15
53 187
29 16
177 9
167 6
69 193
97 8
51 53
22 153
118 137
173 4
161 185
143 7
65 123
58 6
25 91
23 145
101 141
83 86
182 17
196 16
153 4
155 10
122 11
144 163
24 172
171 12
70 5
66 2
87 103
31 13
69 150
80 5
28 0
1 4
184 2
145 4
30 117
2 4
123 11
27 197
128 164
100 155
55 125
57 13
143 178
176 18
124 2
47 99
151 186
96 119
75 6
46 91
70 16
134 4
120 13
108 182
69 2
41 42
61 5
29 13
24 126
34 98
113 120
182 9
39 158
43 125
64 182
101 104
132 182
12 19
184 14
115 164
35 10
114 146
50 72
30 174
103 1
95 130
55 82
120 145
102 1
62 157
167 18
71 103
26 111
141 5
135 151
122 196
163 195
104 0
2 10
45 179
28 4
156 12
103 147
155 17
190 192
49 74
50 13
42 151
26 118
103 18
22 10
196 1
50 123
29 4
67 167
123 4
187 12
100 7
82 6
141 12
175 4
62 84
134 8
72 180
64 96
74 163
38 18
158 13
65 196
9 17
48 89
117 197
149 177
100 197
56 168
25 10
81 173
180 17
54 199
46 11
109 167
141 18
40 126
20 119
78 184
119 6
159 4
85 146
55 169
111 3
83 111
10 14
63 16
170 7
118 18
147 14
186 193
58 171
114 157
197 3
105 148
23 70
66 133
112 0
121 12
21 137
64 4
89 6
56 9
21 73
155 185
85 176
45 88
76 171
46 9
110 11
92 17
57 2
92 134
34 187
111 5
3 10
137 18
118 156
127 9
186 15
177 185
70 165
60 5
74 136
110 121
118 14
144 1
104 168
8 18
114 7
51 150
63 10
46 6
22 131
27 195
45 139
45 9
121 145
107 196
195 15
86 180
86 94
174 7
159 1
113 13
186 4
3 17
105 195
75 174
129 176
2 15
152 10
43 133
55 8
136 11
79 155
106 177
124 10
49 18
163 12
57 124
157 1
90 197
55 4
175 181
27 190
196 7
0 4
125 184
117 185
52 106
97 176
95 180
124 9
122 172
74 153
77 5
184 4
22 17
164 192
68 161
21 65
47 107
172 4
35 12
178 2
80 169
83 8
51 132
29 129
67 89
39 177
48 11
35 101
165 10
191 12
150 0
132 5
29 44
143 150
140 1
98 115
13 19
173 8
119 3
7 15
102 6
59 92
31 71
185 16
98 11
141 183
136 14
36 4
101 166
96 4
61 9
64 141
20 106
121 172
106 134
30 50
89 191
104 2
33 181
24 0
14 18
59 14
95 6
53 74
114 173
25 35
169 16
89 127
37 7
132 18
175 1
85 6
28 119
8 12
56 10
72 190
25 0
49 9
2 14
118 6
158 17
60 127
80 146
127 12
176 199
99 17
136 163
84 121
84 131
113 0
32 115
37 11
148 7
33 78
174 175
87 3
178 193
169 5
102 18
31 152
68 99
42 92
62 5
59 134
15 17
39 189
136 0
73 87
101 113
143 191
67 10
21 5
174 17
177 13
112 188
2 9
79 13
119 126
74 16
45 51
34 80
138 139
79 193
24 73
136 18
46 116
113 176
189 199
32 81
100 168
148 13
65 144
59 17
64 1
182 16
35 16
83 166
68 17
26 107
30 14
8 9
54 17
80 187
5 9
74 3
104 16
88 12
89 104
85 166
194 4
39 107
0 6
145 2
152 3
62 183
29 11
69 6
60 111
30 159
182 15
36 13
107 170
137 199
15 16
88 8
95 10
151 18
94 124
173 181
126 174
22 177
66 158
168 198
158 15
186 9
194 9
0 16
59 189
22 4
134 154
90 146
49 3
166 0
71 2
47 12
49 2
65 2
149 8
47 15
50 96
91 155
86 119
22 133
88 153
134 152
27 143
34 15
57 75
90 7
109 168
9 15
20 4
142 169
167 15
124 139
34 9
21 55
107 169
67 157
61 116
95 17
26 127
143 1
164 188
62 91
45 49
144 17
135 189
43 19
46 49
59 15
38 192
106 178
53 5
7 11
11 16
22 129
168 1
41 11
139 7
125 147
87 4
54 121
32 145
92 16
35 109
79 7
100 184
77 114
198 4
98 198
73 117
97 7
75 16
190 9
97 6
37 14
84 13
58 19
40 8
93 175
39 9
91 19
37 130
32 91
12 14
75 91
120 19
152 8
70 81
69 111
40 81
159 164
114 19
122 199
92 111
20 1
30 163
91 138
160 17
146 178
77 10
11 14
7 19
199 10
20 30
145 1
4 5
79 3
66 170
0 18
45 166
185 13
55 16
74 4
9 16
108 154
116 146
156 193
139 14
52 65
50 159
11 19
44 174
34 13
60 11
26 47
192 7
105 133
150 13
138 1
43 7
23 19
61 95
34 12
71 10
44 102
169 12
101 153
61 137
29 55
27 34
32 152
106 17
75 126
93 187
181 4
29 109
95 125
61 1
94 188
83 19
114 131
104 12
49 10
9 11
164 190
48 7
44 130
186 0
103 124
38 0
26 61
24 177
122 185
162 11
74 167
147 15
181 7
23 112
55 15
108 7
3 19
81 14
185 17
87 2
38 43
91 111
193 0
98 159
174 2
27 6
40 15
131 17
77 96
50 4
93 169
64 65
139 190
75 12
20 9
87 153
96 133
128 6
71 110
85 103
85 3
152 13
135 155
22 107
94 149
176 4
84 140
151 180
48 128
73 110
86 19
70 153
34 8
134 176
4 16
48 6
0 12
100 139
42 15
115 186
60 176
60 12
107 150
55 127
94 112
62 169
85 5
76 125
83 180
149 11
104 4
61 2
97 4
32 38
64 10
101 11
182 10
52 178
183 193
148 16
109 8
126 127
145 3
147 177
141 174
170 4
3 12
121 16
46 198
134 198
35 58
65 19
114 16
164 2
130 18
45 4
141 175
132 147
160 15
73 17
133 136
38 103
67 141
78 167
180 12
73 168
183 7
45 98
28 1
33 15
127 181
119 5
58 91
80 125
75 5
118 130
83 16
25 6
150 3
77 179
58 114
40 17
33 8
27 168
169 19
116 138
64 91
162 192
41 178
156 15
72 14
66 126
143 5
100 17
25 84
47 3
7 14
65 135
51 84
47 197
38 19
90 199
29 114
35 5
122 9
72 156
24 59
141 163
31 10
68 12
86 93
115 194
198 17
24 62
45 3
170 18
185 11
23 96
115 12
83 186
93 163
81 177
86 122
147 173
107 159
183 12
54 104
144 6
77 165
23 124
27 8
116 144
132 14
88 109
140 19
126 145
123 197
46 183
135 140
151 11
52 117
54 19
28 168
26 156
20 61
143 11
21 82
23 103
133 174
157 0
122 19
198 12
177 10
105 6
69 13
79 4
188 14
75 181
32 18
12 17
89 13
135 183
25 89
137 8
60 10
73 133
90 6
98 0
86 176
126 0
102 136
32 166
23 121
142 183
45 62
84 134
12 16
35 6
63 188
82 191
109 3
108 190
21 139
112 1
91 7
198 3
39 8
113 1
54 78
91 11
122 144
21 0
132 9
59 186
57 168
166 179
179 17
124 187
59 19
58 18
159 165
60 192
60 81
119 19
40 173
61 142
95 12
59 111
51 17
78 1
75 187
65 110
3 16
135 6
69 10
114 166
23 2
42 110
127 157
73 15
162 4
32 8
65 18
1 13
193 9
6 10
87 13
127 19
73 198
50 91
77 3
182 2
47 72
158 19
