74 145
154 9
153 196
9 10
62 126
195 1
32 125
104 106
121 16
34 150
171 6
71 13
11 16
190 0
25 183
64 4
63 76
51 19
44 139
30 14
27 118
40 7
79 190
50 11
33 119
65 18
149 5
132 14
52 90
31 63
146 10
84 19
134 191
51 9
11 14
48 131
111 5
44 128
128 144
3 8
28 113
43 14
49 99
50 10
26 19
171 198
126 15
101 0
93 142
3 4
31 138
127 3
62 116
106 2
151 6
100 16
49 177
196 15
162 2
186 4
112 135
23 41
31 175
65 151
42 102
89 132
26 48
131 153
156 0
85 7
43 137
176 18
28 14
107 3
57 167
177 13
26 76
30 59
84 144
79 8
154 1
53 14
47 6
144 16
96 11
23 7
3 17
77 198
162 13
59 111
45 191
63 73
81 149
21 40
134 13
193 16
175 197
121 7
37 16
105 120
103 0
82 159
79 13
7 18
178 0
138 13
195 6
32 177
139 0
94 136
178 16
152 7
150 8
112 17
110 10
148 9
126 17
90 153
3 14
58 125
172 13
150 3
163 1
27 19
22 14
76 112
28 11
70 77
67 13
22 72
184 188
66 146
139 9
56 117
31 136
161 19
5 8
187 3
28 81
176 187
68 159
178 14
50 15
75 82
31 17
73 14
86 17
192 14
26 91
30 12
104 124
102 13
80 2
155 182
118 180
100 124
25 169
124 7
85 116
84 18
164 13
58 61
23 9
42 19
88 124
126 19
171 8
124 135
57 1
58 137
41 72
130 178
127 19
49 16
141 19
24 170
63 4
91 102
33 6
105 4
151 1
21 35
56 89
34 115
61 19
30 62
55 11
39 126
64 170
55 79
85 147
24 29
89 18
125 169
89 183
160 11
66 7
90 1
149 154
26 13
80 119
29 56
2 7
192 12
1 8
24 163
104 1
98 166
97 128
48 106
82 3
94 5
23 114
58 192
144 1
60 12
91 152
3 5
55 75
129 8
106 194
106 6
37 96
104 123
99 188
72 17
93 103
36 3
149 10
142 17
50 52
87 114
41 136
74 0
120 17
51 10
91 106
106 14
90 164
87 2
179 11
119 1
83 199
44 151
28 13
4 9
51 160
24 2
90 102
63 8
79 4
61 138
10 15
115 1
142 13
95 96
169 5
119 11
108 136
82 19
76 134
70 99
53 65
62 4
90 18
171 184
127 191
62 136
40 195
113 17
167 15
96 0
188 19
169 16
88 15
140 7
56 95
157 171
125 178
88 1
140 182
104 196
47 16
98 120
91 6
133 15
4 8
94 121
59 155
57 168
167 184
126 3
54 3
181 9
24 134
113 1
61 105
45 58
165 5
123 3
27 176
74 186
60 5
25 172
12 15
94 170
37 152
123 134
36 165
120 2
96 174
111 152
38 5
36 99
122 191
88 142
80 14
150 169
31 86
62 5
53 2
127 16
121 6
142 199
144 12
117 161
68 72
73 88
5 14
146 0
99 157
131 6
90 2
195 16
194 198
41 135
196 13
157 16
126 195
32 183
70 151
110 112
89 3
35 196
80 125
134 178
129 3
81 124
115 175
47 175
63 9
155 186
138 168
9 19
82 181
48 104
28 108
39 0
47 17
50 176
24 28
7 8
38 13
0 1
13 19
167 191
172 3
148 161
198 14
63 146
84 175
97 117
29 134
124 18
71 6
50 171
1 16
99 166
30 53
51 137
22 183
27 0
84 1
36 70
136 4
51 168
186 15
111 190
100 0
192 193
121 1
49 153
148 4
198 6
85 168
52 18
91 14
142 174
89 15
43 88
116 8
173 176
125 19
48 2
8 17
181 3
31 14
52 70
152 2
111 18
117 164
103 153
173 11
12 13
95 102
130 0
86 8
95 17
56 143
155 160
70 1
159 184
120 4
42 168
156 1
124 129
138 15
84 198
43 0
95 3
105 160
43 195
90 16
123 190
66 130
119 13
156 13
120 6
57 7
34 19
179 7
67 85
130 135
58 147
78 145
26 181
101 190
172 14
191 195
64 3
86 175
29 90
108 150
187 4
84 17
87 191
184 2
43 6
34 170
93 8
24 12
110 3
39 160
71 131
33 146
80 1
173 9
196 8
79 12
96 107
24 149
142 11
161 3
41 146
94 188
88 104
47 165
140 8
50 114
31 94
118 5
69 15
124 1
144 188
86 5
117 16
153 10
8 18
64 15
31 39
49 84
99 0
35 113
21 14
81 2
192 5
172 16
148 17
36 120
152 19
37 179
91 167
61 0
125 16
54 177
27 195
106 108
72 161
75 17
26 8
48 97
28 17
49 3
31 1
137 170
4 17
27 8
34 100
106 16
120 172
138 160
24 11
131 178
76 163
89 110
194 12
177 8
70 4
162 10
36 72
194 4
102 142
149 14
150 7
46 47
21 17
73 0
6 8
69 184
72 84
82 0
5 17
93 2
33 2
6 12
133 8
25 121
103 14
70 176
169 13
117 9
80 187
83 183
172 10
85 18
162 0
34 66
112 16
6 18
197 17
107 163
68 142
129 0
12 16
139 185
28 70
161 5
35 68
0 13
79 183
1 7
97 6
173 4
29 158
86 132
137 6
78 16
53 139
56 116
118 9
168 8
35 45
89 169
179 198
28 1
177 18
149 9
112 185
112 195
60 180
186 5
47 137
69 14
73 104
122 173
26 137
136 6
22 169
50 3
43 149
63 11
143 4
105 3
12 18
180 5
135 6
91 189
193 8
120 0
125 153
80 107
100 4
104 174
105 168
123 12
0 10
29 37
55 4
85 0
74 16
92 155
49 143
25 58
23 1
161 182
33 155
192 17
44 16
2 8
11 19
47 2
9 14
14 18
99 2
96 6
40 154
100 193
101 13
52 0
153 3
90 108
37 6
105 189
199 19
40 17
155 7
36 159
31 60
141 170
178 181
36 100
40 3
53 15
47 120
98 18
4 6
83 171
124 191
73 91
101 119
148 6
25 10
188 18
91 9
33 19
106 17
68 9
85 199
86 1
47 184
10 11
164 12
148 180
108 13
51 16
13 14
80 9
191 5
161 178
53 170
29 5
89 175
50 19
90 13
32 138
100 5
133 1
34 9
32 180
125 166
116 13
23 15
109 8
37 72
24 126
71 106
170 182
34 6
102 19
90 179
23 181
30 65
9 16
175 18
2 9
55 172
63 3
38 87
20 134
73 1
36 2
37 15
128 19
139 175
106 12
121 159
85 133
167 196
68 119
56 13
183 185
46 11
36 128
61 3
103 183
145 6
85 182
93 172
176 5
151 12
21 60
98 13
168 11
115 16
29 154
164 2
52 129
26 57
94 6
77 5
117 166
130 7
130 6
189 3
77 7
43 198
67 132
83 3
40 190
71 145
20 7
37 186
25 7
43 145
50 139
1 9
63 12
165 3
185 194
24 68
41 5
33 14
46 19
37 2
110 148
55 0
178 15
0 14
45 10
138 17
185 17
29 40
36 69
194 15
69 190
104 16
109 129
119 12
0 7
188 11
90 144
138 12
6 11
176 0
102 168
40 14
199 8
196 3
22 84
106 128
69 83
103 12
43 151
120 194
31 159
109 2
50 138
99 104
21 167
181 8
54 9
194 197
39 8
81 193
138 3
117 7
186 189
150 13
69 1
183 9
166 199
99 189
183 7
42 81
191 9
111 10
9 17
59 0
68 17
37 7
4 14
107 2
40 95
90 163
93 147
76 162
37 18
81 100
33 9
104 7
161 13
30 0
71 16
95 5
71 127
129 10
148 2
180 0
137 140
118 19
72 120
188 7
10 17
43 175
165 16
105 135
48 139
163 12
83 146
108 160
178 17
49 83
10 12
12 14
164 19
177 186
100 109
77 4
46 121
122 1
102 11
135 171
93 17
148 186
21 78
82 176
25 6
67 3
41 6
34 112
54 121
170 6
121 196
93 19
33 125
26 117
38 12
131 181
71 5
55 1
67 8
171 183
158 172
14 16
39 6
136 155
81 196
23 29
29 125
55 10
103 19
183 10
160 8
40 83
138 178
181 15
77 97
28 41
107 131
29 54
134 9
100 7
44 155
89 96
44 177
102 4
193 13
65 183
25 44
52 8
89 11
44 102
122 180
180 19
187 8
47 8
26 99
73 75
88 9
172 191
141 2
116 179
119 151
190 5
196 14
85 3
115 179
194 14
146 154
96 12
41 164
78 12
59 96
164 3
178 9
103 13
36 9
191 10
43 13
155 1
38 41
101 1
58 175
70 9
115 196
174 11
44 183
182 187
36 98
30 162
25 117
152 159
20 13
162 19
20 19
117 167
74 1
177 19
77 1
59 93
147 13
136 177
23 107
55 86
141 3
102 144
82 6
173 16
51 5
28 142
23 101
80 123
179 17
116 117
138 16
72 6
82 14
101 18
187 0
127 158
135 156
34 191
79 9
43 18
184 10
93 166
79 111
62 1
57 13
37 14
48 68
164 6
23 70
23 193
92 169
61 92
87 7
169 193
88 129
152 16
107 5
29 69
43 10
32 159
127 168
47 11
22 4
138 141
4 11
196 10
148 11
181 6
35 9
66 143
34 72
60 73
182 6
101 15
176 6
130 188
52 180
39 1
149 4
95 178
44 6
77 111
80 6
138 6
59 12
125 8
122 18
192 10
170 17
95 189
131 19
109 144
24 185
197 1
25 11
100 3
191 0
97 141
134 197
63 6
82 107
74 14
77 85
46 112
63 117
84 12
92 6
140 4
43 154
33 63
46 125
7 11
163 15
129 1
39 14
49 17
84 96
64 178
181 195
120 160
93 194
177 6
161 10
48 5
52 94
87 16
186 196
112 5
50 197
92 7
40 191
115 178
39 10
50 74
33 13
34 153
36 147
183 19
94 131
160 180
150 17
197 13
159 15
184 8
185 4
180 12
193 18
142 0
154 3
5 6
97 154
105 186
102 5
71 186
95 121
53 121
87 1
125 126
3 9
155 0
63 5
46 70
146 19
53 124
5 18
85 19
182 11
41 88
34 14
132 6
139 13
155 156
142 183
50 146
3 6
190 19
108 3
137 4
193 6
189 8
62 191
191 16
36 8
128 193
105 6
94 193
156 6
116 128
152 11
38 191
169 8
60 145
21 164
53 77
117 6
36 104
79 0
117 15
120 152
89 197
103 11
50 14
197 6
190 16
53 176
72 3
22 15
91 1
74 4
61 2
128 5
20 126
99 130
0 2
41 10
76 159
88 7
83 13
1 4
25 93
28 4
197 16
52 14
80 141
180 199
43 191
122 4
161 0
133 5
117 11
135 3
70 16
74 17
87 10
74 18
5 11
177 14
99 1
108 196
22 117
195 5
63 193
53 126
35 36
6 15
50 173
59 173
87 127
93 13
57 197
29 17
40 155
69 4
87 17
33 177
78 148
54 122
38 77
6 16
119 17
191 6
162 186
23 116
96 10
93 180
103 124
168 10
104 184
135 188
73 118
107 179
92 9
118 15
83 136
158 166
8 9
178 6
75 134
21 144
8 10
126 150
149 16
41 172
56 18
112 9
103 144
92 189
39 179
98 145
56 6
61 8
104 199
27 5
187 1
71 187
56 75
61 14
171 187
74 11
110 118
58 9
49 128
122 13
112 15
76 185
70 161
130 1
99 168
45 199
0 19
149 3
31 3
53 1
46 55
80 136
34 123
41 92
174 186
175 13
54 74
53 9
28 63
147 9
56 17
70 11
162 12
148 8
139 6
32 49
80 193
110 13
25 178
21 11
175 11
34 75
160 17
26 133
8 15
167 19
20 98
74 19
47 156
150 0
74 5
147 168
108 18
158 0
87 172
185 12
25 159
186 6
174 18
64 124
106 144
54 133
80 145
153 17
21 117
98 5
39 56
122 143
173 5
81 102
3 10
31 5
31 2
110 19
57 193
123 125
157 9
171 5
171 10
78 11
93 12
166 14
51 163
76 116
97 120
106 120
33 7
57 14
109 10
95 1
70 17
55 168
81 17
141 143
136 11
23 12
45 136
54 13
182 1
97 126
108 4
80 16
11 18
191 2
114 145
39 86
132 11
70 194
128 2
88 173
21 15
128 188
28 152
57 122
60 181
50 51
108 188
191 4
114 160
101 181
136 151
17 19
58 103
41 11
22 189
125 15
199 15
121 8
42 80
191 12
98 127
151 167
188 15
127 173
37 11
127 13
199 0
87 97
164 5
112 183
64 198
156 11
130 186
84 4
118 134
28 127
117 12
2 10
110 180
147 11
112 118
198 0
74 131
81 89
10 19
195 13
130 16
101 177
105 122
78 196
26 116
69 70
129 152
130 189
24 195
69 17
23 69
153 194
57 138
155 17
106 176
142 3
167 172
113 7
136 9
37 77
55 14
172 174
95 98
115 8
72 154
95 4
56 193
58 6
3 18
40 19
136 170
21 23
6 7
154 173
29 1
41 147
41 96
7 13
43 12
169 194
53 5
60 15
127 130
75 171
1 18
78 17
48 128
68 10
54 156
139 187
113 126
79 180
181 11
113 153
188 16
133 19
94 9
69 7
198 10
74 132
80 120
76 161
76 9
51 151
56 7
133 12
2 3
13 15
57 11
165 11
86 95
44 184
37 52
62 83
179 186
189 17
54 189
127 10
97 11
71 18
56 152
42 12
91 12
112 158
199 2
147 161
26 1
30 188
27 60
158 13
162 3
109 14
49 194
163 195
128 6
98 99
38 158
175 0
58 123
41 176
52 10
147 184
149 160
157 2
47 128
159 9
29 18
71 1
36 43
67 121
51 11
118 165
68 197
91 96
28 196
46 139
100 19
98 15
175 185
104 183
49 14
48 4
42 18
31 7
71 12
184 0
178 18
173 8
72 175
90 185
48 12
96 7
123 146
123 152
31 127
52 6
198 15
40 167
135 18
62 19
116 195
102 123
116 181
57 9
48 148
112 13
45 3
22 109
148 179
110 12
3 13
28 16
167 4
88 149
48 111
95 7
154 11
20 10
153 187
146 192
91 4
6 17
147 153
59 103
41 47
168 4
137 5
97 8
136 8
22 98
79 193
25 190
109 6
59 7
37 47
83 122
123 129
72 5
129 18
103 3
120 123
93 160
125 139
139 16
179 10
89 10
22 65
57 199
118 13
69 165
86 13
118 172
171 11
110 14
121 4
72 2
150 151
135 12
97 123
52 120
61 177
149 8
146 12
95 99
84 0
191 17
116 141
1 15
47 18
2 15
39 49
104 169
145 16
35 98
68 146
46 198
30 92
35 4
126 5
166 16
33 87
143 13
160 12
35 62
123 11
106 5
52 15
184 19
22 197
28 145
197 15
156 176
149 6
28 5
67 139
33 8
40 15
114 3
125 13
49 169
38 11
187 10
110 1
126 14
55 174
195 9
159 187
48 19
35 79
72 109
188 14
42 6
55 66
158 14
53 99
142 4
88 13
78 99
83 8
173 14
129 14
106 189
106 11
60 112
47 138
77 162
42 97
154 10
81 135
84 94
122 187
73 78
58 188
122 132
74 7
175 17
7 17
196 19
14 17
127 4
31 123
66 8
63 85
42 160
58 107
144 9
51 1
126 167
70 152
79 191
120 18
81 83
110 188
42 8
32 3
199 13
38 3
0 16
132 15
45 88
45 134
40 193
132 17
98 3
189 2
9 18
86 7
107 13
71 2
138 2
28 138
114 141
67 18
27 72
92 2
93 6
107 18
37 1
91 104
146 170
30 10
177 198
24 190
91 8
174 199
62 143
69 193
176 195
108 148
43 3
184 13
102 164
122 146
29 171
69 117
92 13
163 0
76 148
0 9
34 121
22 74
5 7
32 76
70 113
27 122
164 17
106 15
90 19
112 163
157 10
24 18
5 12
68 148
141 144
175 2
93 3
117 3
94 112
27 4
194 5
112 147
30 160
112 19
112 18
11 17
56 155
177 15
21 71
123 184
61 196
141 10
119 2
25 163
150 11
98 148
99 107
67 95
42 2
31 120
114 14
66 4
88 184
64 191
72 130
186 188
120 7
170 199
35 132
82 147
17 18
23 191
163 181
189 18
190 9
68 138
100 150
70 7
73 124
99 4
120 10
1 19
98 123
47 19
104 6
196 5
101 2
164 11
59 18
84 111
74 154
40 18
23 16
118 123
65 180
103 2
14 19
21 109
130 9
131 134
30 15
164 1
39 166
27 104
9 13
57 8
172 11
134 12
111 17
23 190
20 80
85 13
94 141
86 15
63 18
23 104
143 159
28 121
149 196
29 2
134 148
97 1
112 136
131 14
90 5
157 0
43 17
42 63
49 12
52 105
85 16
125 12
23 192
82 102
135 16
41 101
186 192
45 71
50 6
95 153
48 98
40 10
129 186
112 197
122 7
131 165
146 7
82 9
28 115
158 6
37 8
55 88
30 58
63 147
132 169
32 55
54 55
86 184
29 15
180 18
24 198
59 6
46 193
60 10
46 144
41 16
111 196
25 1
48 94
92 17
2 17
44 60
128 18
88 4
105 148
51 17
36 82
42 179
111 4
140 162
102 18
82 157
40 12
135 197
94 7
185 18
29 113
28 102
134 198
44 0
53 69
96 104
24 7
37 159
89 19
66 81
99 18
104 14
125 5
156 16
130 14
1 13
75 151
131 4
37 124
92 98
49 152
99 15
116 10
135 11
198 19
49 9
162 8
123 13
113 4
118 0
135 8
100 145
69 5
76 5
27 13
168 12
90 169
4 10
90 155
81 155
181 19
52 138
94 169
36 0
144 13
98 187
93 129
48 61
32 17
113 165
73 151
115 5
125 136
39 67
4 19
54 194
189 195
113 131
31 135
130 3
171 13
35 0
103 119
0 18
102 179
183 2
28 6
35 10
143 17
56 62
145 18
16 19
83 94
142 6
86 100
21 116
93 95
92 119
116 145
21 42
35 154
68 6
82 4
196 18
64 109
149 11
105 176
139 142
83 11
30 193
47 14
143 16
69 180
0 15
163 19
40 16
24 188
28 29
174 8
51 90
2 18
113 157
99 3
47 92
61 188
50 100
195 11
15 19
154 167
150 19
77 195
40 162
104 107
40 9
77 129
198 11
52 146
94 185
167 195
110 171
30 1
8 16
51 197
94 1
40 4
54 8
48 107
63 17
34 15
141 17
40 192
61 121
186 16
57 92
126 145
87 9
153 18
137 7
38 48
114 191
80 175
5 10
1 10
49 1
31 6
50 58
126 2
171 9
37 5
197 5
89 179
61 186
44 192
96 19
7 10
2 11
8 14
37 107
92 0
160 13
128 3
66 2
120 158
82 124
97 119
83 168
33 162
24 110
71 14
72 95
48 1
127 6
1 6
165 15
135 14
49 147
195 3
149 17
140 151
102 8
187 16
172 7
132 0
72 9
49 185
55 7
113 16
41 7
16 18
174 5
56 186
40 77
188 13
151 195
91 15
40 0
149 1
25 77
42 17
74 147
101 146
146 6
36 7
67 7
122 12
77 189
112 137
79 127
145 185
76 16
54 11
62 198
64 159
124 19
83 16
45 194
97 142
59 2
3 16
165 12
62 170
56 82
119 4
20 195
77 13
164 193
49 179
47 12
74 119
101 3
166 15
54 152
58 170
154 15
129 19
121 128
126 160
99 171
49 11
29 11
24 13
178 10
162 11
179 5
131 198
34 77
86 133
130 19
29 83
42 140
62 152
183 0
140 19
169 18
131 0
85 10
182 14
120 121
145 154
108 6
114 133
20 197
199 11
122 5
24 42
115 127
43 11
46 82
42 145
43 59
13 18
114 198
69 16
49 13
134 7
121 9
79 114
24 0
38 142
145 17
92 1
128 4
45 54
171 181
106 161
31 141
107 4
154 0
116 19
145 179
174 3
79 131
36 177
1 2
126 18
154 14
89 194
60 1
139 19
21 199
145 7
11 12
26 167
79 1
31 76
51 2
139 178
72 1
23 148
112 8
97 3
46 1
36 16
116 2
59 133
190 193
82 13
163 13
56 11
97 107
32 153
29 43
67 192
70 183
87 102
31 147
102 150
155 12
150 10
55 56
63 157
126 139
91 107
72 115
46 148
34 11
39 46
24 182
134 144
33 4
182 2
177 9
93 139
73 116
127 167
195 17
23 14
96 167
37 56
144 5
124 17
99 119
102 133
186 11
75 94
39 19
163 171
75 79
35 18
0 8
108 149
104 15
98 100
20 3
41 2
127 152
3 15
157 19
26 17
32 0
109 190
47 0
6 9
153 8
156 19
151 3
179 13
73 165
58 114
170 14
101 5
52 86
103 192
135 157
147 183
54 14
25 146
35 7
26 114
142 186
119 180
22 11
113 10
57 130
85 144
199 10
126 153
47 60
101 180
20 36
114 12
134 8
124 12
79 175
108 5
53 110
41 76
70 119
142 14
97 121
40 125
60 169
160 4
34 193
80 87
144 158
153 4
21 66
79 157
103 10
103 162
80 11
81 4
37 158
115 170
108 199
40 1
108 123
167 0
164 18
77 130
27 107
87 189
51 139
32 167
137 16
49 92
111 164
52 172
113 119
0 4
161 184
23 175
197 8
28 0
70 120
148 1
142 7
48 181
165 178
49 76
65 4
106 7
23 3
86 10
144 15
139 155
168 16
61 125
15 17
137 17
148 19
44 81
38 67
109 1
66 15
29 8
75 0
110 182
43 188
41 152
33 73
190 15
40 78
160 10
152 8
4 18
45 47
25 61
117 179
99 192
127 8
82 154
81 5
127 0
31 109
81 91
12 17
128 183
127 11
91 149
106 162
63 109
169 178
67 169
38 62
120 9
30 49
108 10
51 155
141 151
84 174
184 193
83 7
100 147
50 93
129 12
48 113
196 9
5 13
48 74
137 179
86 14
39 113
171 19
77 153
190 4
103 190
52 151
55 9
79 107
137 10
185 11
179 18
148 10
162 199
11 15
180 16
115 10
163 196
188 0
85 139
135 185
68 99
111 3
57 3
21 159
37 3
198 7
87 99
176 199
66 164
47 111
31 172
105 7
121 125
119 135
20 11
65 128
35 129
100 13
96 149
131 7
63 120
185 7
123 6
26 15
91 151
87 3
56 196
70 190
46 173
71 104
80 192
89 1
173 15
56 9
34 37
190 8
125 11
40 85
119 7
42 77
148 13
66 184
38 4
37 154
78 94
190 3
81 12
163 2
105 16
130 150
46 14
170 13
128 148
67 174
66 117
74 13
55 87
75 15
148 7
53 73
115 145
58 95
37 156
82 142
68 156
29 159
178 5
53 168
52 17
73 3
177 12
159 5
46 17
180 7
50 126
75 4
64 18
33 0
23 122
156 4
114 143
151 15
58 166
34 163
86 91
33 10
199 4
62 120
39 147
93 10
3 11
76 19
100 166
40 101
140 13
10 18
69 195
96 17
135 19
8 13
168 179
65 147
71 4
82 144
44 10
1 11
63 90
77 14
186 8
91 5
146 173
59 19
164 7
56 68
174 1
21 150
59 123
64 8
35 72
63 132
178 7
117 148
70 0
21 9
31 8
32 11
64 127
192 4
64 1
92 133
56 14
95 119
97 10
32 191
145 15
114 16
38 183
31 65
37 176
61 13
56 15
86 164
153 179
42 192
78 119
193 17
87 100
22 6
159 12
61 103
2 5
32 145
94 17
104 132
76 158
120 3
107 147
142 8
22 90
73 7
96 142
23 11
135 177
70 18
0 17
127 128
72 18
80 15
27 17
167 190
39 101
64 0
71 17
123 2
151 16
138 11
167 18
24 94
153 15
26 120
158 191
28 83
173 197
74 81
76 164
47 129
34 120
30 175
36 77
20 66
192 8
146 18
181 12
41 13
179 182
74 188
47 102
108 186
122 150
91 0
0 6
34 71
111 171
143 6
44 12
88 100
141 150
96 197
47 103
86 104
22 179
137 174
149 186
106 8
74 8
72 193
3 19
62 10
199 6
68 182
43 185
74 193
193 19
119 8
75 90
79 135
86 193
95 109
69 2
89 0
54 173
31 184
28 86
69 164
44 61
181 10
170 16
96 170
173 7
40 108
174 19
155 162
36 143
54 157
34 16
93 151
155 19
118 144
56 123
77 19
196 0
142 181
92 145
30 114
124 5
111 159
186 9
137 178
81 0
161 12
126 12
163 5
41 132
87 134
65 8
71 15
30 144
78 8
57 6
64 162
131 188
102 174
80 13
186 12
31 11
86 11
63 71
158 180
178 12
57 16
63 7
78 13
107 17
27 12
42 156
116 15
85 12
50 156
94 111
30 19
168 196
124 133
118 136
63 2
188 192
37 194
107 6
124 3
77 11
80 8
12 19
71 163
135 7
63 161
159 14
104 3
189 11
114 183
162 5
95 19
45 11
172 17
144 2
98 177
161 7
66 11
147 3
36 198
172 0
115 172
84 170
74 111
153 19
167 194
67 109
117 13
23 28
27 182
146 9
159 10
93 15
183 13
85 160
41 3
93 178
163 18
100 18
144 184
65 14
129 142
111 14
114 0
90 10
60 187
50 95
126 7
118 18
65 182
186 0
101 108
113 128
41 0
25 149
128 195
83 99
37 12
137 1
171 0
143 7
154 177
70 91
108 12
6 10
7 15
140 3
97 150
97 12
30 150
67 0
44 52
53 63
28 64
160 173
168 199
190 196
49 0
27 135
92 10
124 141
55 130
34 1
35 2
110 16
93 130
158 4
69 153
125 4
20 152
64 12
85 161
104 18
78 129
50 5
47 68
185 14
152 18
81 150
20 143
26 106
107 16
21 7
128 129
156 9
69 9
196 4
5 16
55 90
173 3
122 10
44 188
115 14
69 19
100 118
136 169
2 6
125 163
42 159
41 66
32 178
60 13
163 188
142 15
134 11
24 187
34 51
124 159
26 16
188 3
138 139
173 0
97 162
129 13
96 18
22 56
29 116
136 15
55 170
173 19
78 192
88 0
188 6
69 3
75 18
107 140
38 81
60 62
54 7
46 184
66 98
37 10
69 131
170 1
21 6
58 79
145 4
113 155
112 148
43 82
154 12
91 3
181 18
140 142
165 14
73 4
65 87
178 19
37 133
44 19
53 153
183 18
96 1
63 118
121 13
185 16
74 168
79 163
99 132
50 0
70 3
178 187
182 183
28 174
47 101
63 165
123 198
7 19
182 9
196 16
88 107
62 107
83 197
44 8
144 168
59 14
156 7
21 68
33 141
157 12
24 1
51 88
58 7
27 32
53 150
156 160
164 0
170 8
184 11
82 8
174 13
32 19
46 7
63 100
21 62
108 1
60 11
66 165
56 103
23 106
52 191
7 12
72 19
56 83
45 83
146 159
163 167
24 76
90 161
96 169
138 173
70 93
6 14
65 16
30 153
25 16
1 3
57 10
49 19
49 135
67 189
80 4
2 13
80 116
168 2
30 7
127 14
66 5
164 9
33 131
47 13
182 10
154 189
156 14
32 1
174 180
83 170
51 60
62 118
45 74
77 81
31 119
22 8
26 56
68 115
124 176
47 188
44 5
73 12
22 199
99 125
27 16
67 164
54 0
72 108
127 150
57 67
45 59
101 192
136 0
25 199
63 104
117 137
155 13
45 154
120 8
58 162
56 110
2 14
114 18
43 97
4 13
53 141
21 38
31 38
72 114
32 4
71 82
93 192
10 16
101 153
20 0
68 199
176 9
39 7
118 166
44 4
106 159
32 69
110 186
1 5
175 5
65 11
122 128
111 183
104 120
63 14
95 0
190 197
96 189
104 163
119 19
51 3
187 12
113 19
32 120
100 154
195 8
30 36
60 151
116 1
82 10
102 131
79 11
147 15
99 12
56 70
122 196
26 2
84 3
125 197
81 106
86 12
74 103
188 4
111 144
178 3
151 2
185 19
141 8
102 6
68 3
109 9
8 19
91 94
96 101
55 13
115 146
154 169
60 192
89 9
26 3
138 8
132 165
139 17
9 15
94 163
164 165
106 133
22 7
61 11
183 1
68 155
176 179
26 196
52 5
45 16
3 12
22 0
26 40
132 12
40 137
68 97
35 188
113 9
110 111
197 10
26 195
106 188
85 132
83 153
93 143
135 180
53 84
190 7
127 160
154 191
52 166
21 86
125 131
159 13
175 10
58 117
20 124
11 13
101 165
30 31
106 129
123 5
148 197
126 13
39 18
75 19
33 1
81 119
41 106
47 1
7 14
93 99
90 3
29 181
29 97
173 18
112 14
158 7
136 14
108 164
138 187
65 131
56 16
87 18
187 14
104 9
154 4
159 1
52 194
175 196
78 1
54 193
47 3
58 15
69 85
61 16
53 12
82 117
55 15
30 183
32 8
141 18
66 91
124 172
168 6
172 182
1 17
68 16
53 4
36 1
125 184
1 12
34 138
45 12
13 17
133 13
34 13
199 5
147 6
13 16
72 14
142 16
178 8
197 3
84 14
113 176
49 108
122 179
2 12
125 135
179 14
35 131
137 12
103 141
60 120
84 9
85 9
119 5
48 9
177 11
70 106
4 5
33 17
70 8
79 17
117 128
150 194
119 128
52 7
116 186
148 0
0 12
142 19
168 197
193 4
26 11
44 106
59 8
63 182
93 102
88 16
156 187
120 167
117 118
59 79
145 177
48 8
82 87
135 1
48 16
27 130
62 11
1 14
85 102
127 9
66 1
45 92
7 16
38 9
194 18
135 5
45 147
30 126
50 111
121 19
135 143
160 0
0 11
48 7
97 193
132 19
180 8
161 8
43 171
85 126
168 13
26 82
66 19
91 7
83 169
123 9
21 10
77 188
99 108
117 175
70 83
181 4
55 96
98 134
5 9
184 4
15 18
82 12
143 168
6 19
64 96
103 140
96 4
20 49
120 13
118 192
140 15
61 156
193 9
67 196
58 8
110 11
38 44
63 175
46 153
27 7
138 180
63 19
121 15
73 138
133 2
91 11
120 5
85 143
141 168
8 12
78 9
24 6
32 2
52 68
95 11
143 8
24 97
20 6
155 194
25 143
163 168
124 150
186 18
181 192
65 9
184 187
116 119
29 16
67 2
63 87
36 14
32 148
25 184
90 8
20 1
32 52
142 162
149 2
62 168
77 176
31 48
21 8
100 155
30 130
87 192
86 19
47 116
79 19
4 12
68 1
107 123
33 52
2 16
27 1
160 16
148 182
16 17
29 184
33 90
43 107
128 9
6 13
46 194
42 10
113 3
192 3
43 139
21 19
36 67
169 11
178 13
145 152
116 172
98 14
74 84
135 195
35 71
81 101
174 185
80 94
90 12
109 4
65 93
148 18
136 5
32 108
30 42
161 11
63 107
113 12
92 188
70 170
102 135
98 10
124 138
35 124
163 7
144 18
34 134
22 10
22 113
0 3
171 2
55 164
96 14
68 86
25 2
112 128
