99 12
20 136
85 143
66 108
102 192
49 5
73 9
72 121
7 15
25 15
43 12
41 70
115 170
42 5
20 23
10 12
26 13
82 143
47 136
145 2
158 6
102 168
44 60
63 196
101 105
33 116
113 16
73 147
26 160
127 129
85 120
0 13
129 15
5 13
49 158
130 16
28 12
106 5
123 169
54 12
26 156
137 5
178 195
183 0
118 7
118 0
33 103
166 11
63 125
27 116
131 17
72 4
55 5
36 11
52 65
74 81
56 3
28 18
70 129
22 100
79 14
30 148
75 0
135 18
191 12
93 13
195 1
11 13
41 13
45 197
106 143
31 50
118 19
75 92
86 165
0 10
41 162
88 15
29 114
32 135
69 136
94 128
35 18
170 194
28 36
36 100
35 97
145 6
143 7
142 160
119 17
180 17
12 17
127 150
45 73
105 16
126 13
31 196
148 7
101 164
103 188
127 18
56 170
92 11
174 3
20 69
78 0
156 11
56 0
5 7
90 5
122 13
27 13
116 125
59 0
72 164
27 106
112 5
124 12
54 194
146 9
137 161
140 13
72 2
101 13
95 4
53 180
44 137
198 5
75 100
40 1
53 125
15 17
51 154
67 12
102 4
49 196
63 152
49 88
41 61
42 105
56 63
113 148
25 133
97 3
193 197
45 183
174 176
186 7
75 9
139 12
120 7
27 167
63 0
94 0
116 8
171 13
14 18
72 185
72 196
98 9
45 104
149 174
57 63
38 127
55 11
95 193
34 18
29 54
63 18
188 199
54 177
32 130
73 10
60 4
48 196
41 4
30 115
79 160
71 84
189 2
136 197
90 137
20 38
50 19
53 6
190 192
67 132
48 74
49 164
198 11
118 183
20 59
101 7
156 194
182 18
87 19
107 14
24 196
27 63
36 2
81 137
80 5
42 189
143 147
32 9
86 11
179 6
108 187
138 159
24 177
96 167
197 4
76 117
150 16
127 140
118 12
125 14
93 19
61 18
147 19
173 183
138 171
42 163
99 142
92 18
189 195
99 129
192 13
67 173
176 6
91 18
79 17
114 122
22 11
63 110
197 5
89 98
69 94
144 175
192 19
121 187
137 7
176 7
125 15
138 146
105 156
58 98
163 15
198 13
45 140
124 18
73 112
194 12
28 100
125 18
76 7
0 18
71 89
2 16
192 3
175 180
61 89
47 5
81 83
147 173
4 12
101 1
149 185
88 9
27 11
35 158
39 178
135 6
22 10
29 104
134 161
162 10
104 19
193 12
178 8
76 1
131 8
48 11
50 111
123 5
88 19
122 172
70 105
67 7
160 8
63 135
63 83
155 184
171 5
68 15
136 7
37 10
41 89
49 141
74 161
62 158
47 4
124 147
93 150
69 95
94 197
24 40
148 4
47 165
55 158
156 1
56 7
60 2
117 128
110 135
111 173
69 8
163 187
180 14
35 126
40 111
70 93
184 16
103 18
186 193
188 17
37 122
143 197
108 4
67 143
88 101
61 9
60 9
160 15
95 123
188 15
180 8
87 91
108 14
154 14
20 157
25 85
187 18
0 2
65 75
157 6
65 1
186 13
126 148
154 19
185 7
125 182
152 199
170 174
136 193
69 12
68 140
87 190
30 14
122 16
87 177
57 151
104 151
93 112
32 112
21 7
66 102
78 193
48 165
109 176
189 15
167 18
68 139
135 9
60 77
196 7
133 19
85 178
53 67
93 110
97 10
79 5
97 151
129 14
131 142
52 14
84 95
177 1
138 1
89 165
80 173
191 7
5 19
162 0
179 15
94 13
182 8
38 119
45 110
20 174
132 183
75 4
110 144
151 7
147 148
126 0
130 157
49 18
73 165
77 122
32 13
74 0
57 101
3 12
172 4
106 193
121 12
156 187
94 5
86 97
4 19
62 81
163 164
48 12
3 8
169 15
85 166
1 11
28 19
143 194
35 19
180 2
132 148
63 151
40 199
126 166
10 18
99 193
100 7
87 174
159 193
63 73
11 18
25 13
149 181
197 198
54 139
98 6
64 151
3 5
43 129
130 187
163 182
172 3
38 19
108 172
117 8
81 149
88 194
87 2
108 8
26 98
87 123
86 6
26 174
165 0
46 9
65 5
69 135
159 0
105 8
152 4
71 17
138 180
190 10
135 197
58 14
85 18
73 1
24 31
94 16
162 12
83 85
62 160
89 15
24 17
29 148
50 6
119 142
14 15
55 67
56 5
3 4
130 8
21 38
88 176
103 7
109 2
181 17
49 138
44 3
174 178
27 56
168 178
168 5
97 16
101 185
124 16
88 96
64 185
90 107
121 191
72 17
118 9
24 7
63 194
113 5
117 13
10 17
151 4
138 8
189 199
60 0
176 16
131 13
28 37
150 19
57 166
88 7
28 6
59 5
78 143
35 144
172 181
98 3
4 17
127 148
70 96
36 135
39 167
165 188
179 5
34 11
137 13
27 132
79 6
2 7
45 177
189 1
5 10
118 131
105 167
32 17
98 168
193 198
152 17
95 17
139 190
186 11
107 11
79 7
159 7
194 4
82 96
114 3
167 192
79 106
4 9
187 0
33 194
22 88
42 55
152 8
66 16
134 19
119 1
54 90
104 8
58 13
80 17
182 19
58 11
152 7
75 80
30 127
188 16
180 11
10 19
46 15
89 6
96 98
144 9
101 149
145 180
10 16
46 0
32 1
70 118
121 182
37 178
130 178
48 161
24 98
91 0
50 96
104 140
47 144
6 8
113 9
109 18
119 2
154 159
76 110
81 184
91 127
108 116
83 108
66 3
98 16
182 6
168 7
165 17
190 12
96 147
45 181
2 3
0 8
175 10
44 13
185 15
44 103
158 17
49 135
31 124
112 3
7 8
149 165
51 10
75 123
36 43
45 87
137 14
76 12
146 2
2 13
7 14
189 8
163 19
31 144
107 3
60 18
133 175
63 8
146 151
20 0
62 159
126 127
37 8
116 0
187 9
79 148
45 50
133 3
91 155
50 119
152 168
122 10
130 179
131 152
176 9
61 113
2 15
166 7
84 1
45 135
35 13
158 9
74 16
4 11
119 4
140 15
31 147
87 144
58 133
89 168
80 157
44 17
130 142
129 175
93 6
93 12
129 193
20 17
143 157
71 3
92 15
93 161
84 108
42 171
190 0
2 18
35 5
20 98
26 158
90 147
173 10
58 154
21 173
181 4
43 10
52 97
22 175
99 162
90 110
184 197
136 181
12 16
145 8
104 112
63 179
33 51
79 190
128 7
35 16
9 16
25 109
153 2
48 18
41 14
62 15
47 153
50 153
21 112
98 159
164 13
43 131
25 140
28 125
121 177
197 18
22 9
120 15
28 93
45 63
37 11
110 17
132 18
143 10
102 3
44 133
117 4
39 18
122 140
73 16
199 5
1 6
24 28
157 188
108 7
25 73
176 14
3 13
115 9
128 154
79 3
150 15
90 167
77 0
40 19
108 2
133 154
58 15
74 185
192 1
69 0
116 19
93 113
52 159
149 192
10 14
57 5
53 82
88 1
96 4
142 194
118 11
109 17
33 118
97 197
65 12
50 80
27 5
71 145
123 171
29 72
30 69
176 0
125 167
33 50
177 2
61 154
125 162
96 14
95 124
23 160
172 190
93 123
110 2
23 59
45 12
29 85
188 13
120 17
32 124
62 8
102 144
94 19
167 4
81 139
65 176
3 6
96 8
51 14
185 8
95 177
121 5
120 154
50 138
37 5
143 8
107 167
138 17
83 91
39 179
76 15
4 14
30 156
195 14
142 149
39 13
52 115
199 13
67 103
68 77
31 110
59 134
44 14
148 18
60 157
53 183
61 0
160 12
67 0
132 158
62 126
30 152
58 164
111 189
83 3
42 186
97 2
180 0
21 165
43 63
162 8
58 147
21 8
61 8
39 76
40 3
0 11
62 78
24 89
194 14
64 111
182 2
165 3
5 12
113 19
70 106
107 148
198 1
35 76
123 12
194 0
162 165
77 7
191 15
73 116
21 19
181 18
97 7
127 193
71 195
166 181
63 14
62 190
43 1
23 6
123 2
47 13
113 117
5 9
183 1
23 157
88 100
198 17
22 14
64 187
11 15
58 5
43 107
75 1
157 172
45 101
146 183
151 180
48 120
69 3
71 15
181 11
138 13
68 5
106 158
59 169
81 196
46 118
181 16
98 189
179 7
87 11
46 79
25 16
156 4
140 17
67 119
62 164
76 139
185 3
111 3
33 65
32 83
183 12
41 140
33 56
76 18
131 14
75 119
155 6
45 117
160 16
106 17
102 108
191 17
51 12
199 3
35 142
164 184
182 191
111 182
191 3
39 66
89 3
40 147
105 116
46 87
69 114
82 9
88 12
35 154
74 14
190 15
108 140
36 17
157 8
76 111
81 104
55 66
92 10
176 17
95 119
83 115
63 172
126 171
103 3
152 183
133 153
153 5
45 79
77 19
31 87
54 13
41 171
88 10
88 108
124 13
27 19
132 6
75 143
84 175
98 18
75 8
77 175
29 7
64 80
78 114
184 18
64 8
121 149
24 106
6 14
37 41
121 190
106 140
23 16
153 9
136 15
129 161
179 16
82 5
124 9
155 18
50 0
58 123
35 123
85 88
97 166
178 12
57 58
134 0
72 11
104 107
118 144
0 7
45 191
100 15
155 8
29 119
66 2
80 15
82 119
95 192
107 12
152 153
31 184
139 147
84 158
0 14
23 113
163 13
104 183
24 195
138 195
43 58
127 13
79 9
91 180
9 12
138 145
29 91
132 2
54 15
46 144
154 9
199 8
80 182
177 19
26 12
56 163
142 4
73 7
65 6
138 4
158 3
132 11
26 19
133 17
127 3
119 5
89 113
71 11
129 12
145 0
86 15
134 14
30 73
83 97
118 16
183 16
21 4
61 17
26 112
129 146
83 111
163 12
151 175
90 6
160 7
97 4
26 16
116 195
110 7
29 142
61 2
47 3
99 178
52 140
90 7
21 40
61 99
121 11
33 185
94 125
48 54
116 1
42 135
171 0
32 15
117 151
54 62
56 17
66 7
130 162
143 4
31 4
146 191
38 101
66 173
63 5
115 8
137 17
91 16
53 13
182 185
67 4
108 181
62 17
81 9
51 113
84 169
195 16
180 5
47 84
96 159
16 17
39 166
113 119
123 15
113 152
196 11
40 67
30 19
60 144
101 0
149 159
26 188
94 127
182 198
99 116
21 13
45 129
98 5
29 33
41 176
15 19
132 166
87 127
97 122
41 154
79 19
167 11
39 42
86 8
28 9
49 17
143 6
57 3
129 163
181 7
165 12
117 11
16 18
187 196
50 68
193 0
68 165
43 4
77 4
167 8
178 9
4 15
37 16
6 19
59 10
85 3
116 16
137 144
42 190
97 14
104 2
152 3
86 7
21 187
95 3
52 122
28 40
144 179
54 1
87 124
98 1
79 171
133 7
96 13
28 195
20 156
116 198
67 153
45 5
54 189
35 78
180 10
46 182
117 185
168 0
85 199
48 111
87 12
111 121
149 157
0 12
35 15
156 0
29 2
118 18
63 84
22 143
191 13
26 32
199 6
49 10
57 100
160 183
134 164
140 11
9 14
6 17
60 180
164 199
177 4
32 3
177 16
32 170
52 180
20 1
52 102
141 16
76 10
26 18
48 14
22 104
66 98
29 35
128 17
78 195
50 8
152 188
92 177
64 0
95 174
120 13
77 164
139 3
74 102
77 136
142 13
64 11
95 122
104 1
52 1
32 176
71 12
28 53
13 17
78 5
22 2
51 140
108 10
122 178
32 67
134 192
31 17
46 134
133 180
114 8
168 15
157 199
87 150
105 173
102 16
15 18
90 120
32 137
54 2
93 146
105 13
121 178
80 166
137 12
39 88
115 190
103 16
68 129
68 69
2 10
31 97
61 4
179 1
58 171
61 96
47 175
141 18
21 67
21 2
62 106
145 17
160 1
149 8
52 19
81 1
72 155
41 17
86 183
86 181
8 18
123 18
119 173
137 193
174 6
56 178
39 14
62 166
49 136
67 18
107 146
43 2
31 101
121 196
71 169
141 12
72 6
114 191
104 18
166 9
30 149
144 0
136 142
117 5
38 18
98 197
4 16
87 160
163 0
34 193
125 193
80 8
6 9
47 17
111 4
52 4
25 51
64 160
46 184
112 185
157 182
41 10
163 199
20 143
0 5
188 190
85 125
153 163
153 172
58 61
84 105
129 10
137 168
192 0
101 194
124 14
69 80
176 8
176 15
122 153
29 141
93 8
62 85
139 13
105 12
123 0
9 18
180 1
129 189
62 136
124 5
37 193
197 2
127 17
26 17
95 150
109 182
32 0
62 131
91 188
7 19
172 182
132 16
109 140
142 10
77 143
22 129
116 166
106 1
21 150
121 153
188 9
90 121
151 157
48 143
7 10
158 5
35 111
183 5
118 134
122 151
26 144
180 4
117 158
38 47
37 136
181 6
75 6
22 116
174 16
69 185
161 188
181 13
22 102
66 157
80 91
35 166
109 132
39 187
30 119
182 11
33 6
109 8
51 93
144 19
43 195
23 61
123 131
158 169
183 191
20 19
68 6
33 4
35 1
114 9
1 19
117 124
88 111
100 120
114 188
56 186
175 4
199 12
86 116
45 124
24 138
155 12
170 3
36 55
57 180
98 145
3 19
143 14
163 3
96 17
85 135
53 169
124 178
83 13
32 18
77 14
17 18
152 15
152 11
37 3
43 144
82 93
48 64
196 2
34 39
6 7
187 3
114 167
178 3
68 9
61 10
94 187
93 2
21 12
53 185
9 19
110 13
99 159
129 0
3 16
110 124
70 2
94 8
116 2
27 30
150 194
38 4
101 6
88 136
26 154
50 64
71 18
97 105
94 155
108 12
29 176
21 63
88 162
123 8
132 167
181 0
46 108
144 17
87 0
65 111
61 119
25 7
45 131
33 147
63 2
5 17
47 11
112 18
177 15
170 12
3 9
129 143
73 5
116 12
159 1
147 17
70 14
103 13
58 156
130 12
39 16
116 140
52 18
6 10
96 128
169 192
132 10
107 121
164 9
53 15
187 11
41 11
27 70
32 171
116 138
14 17
79 163
46 5
76 173
52 61
39 1
60 14
181 10
53 126
132 12
51 177
67 197
59 183
52 182
43 121
112 11
76 94
125 197
138 186
38 16
49 16
198 19
32 94
83 142
51 145
49 125
57 177
57 107
47 74
36 108
40 83
68 147
57 193
22 47
42 4
90 125
83 17
141 8
1 12
95 197
186 188
21 37
25 135
175 15
23 14
162 18
123 16
125 10
21 186
20 165
112 149
110 19
120 14
138 6
149 1
88 159
117 14
42 51
5 16
172 10
150 10
119 194
14 16
169 3
51 80
60 142
89 10
155 7
193 10
31 92
116 6
121 17
40 58
103 1
41 63
35 8
76 90
43 65
128 147
100 2
30 9
110 127
90 171
83 5
187 19
35 6
12 15
163 5
47 155
140 10
27 79
12 14
30 15
28 4
95 137
145 19
98 193
192 9
141 187
48 94
108 5
54 6
40 157
59 1
90 14
54 3
38 172
36 134
93 120
142 9
71 97
95 16
57 197
142 143
167 169
134 186
60 12
173 13
195 9
155 179
45 149
22 146
20 176
0 4
126 129
125 17
148 1
135 3
7 16
0 3
98 17
51 130
111 10
47 64
184 198
48 186
119 19
166 191
75 154
41 117
33 114
89 190
50 162
70 71
154 5
38 138
123 126
25 1
70 10
145 177
41 108
87 120
64 1
83 168
34 181
121 130
192 7
60 135
32 180
91 14
107 0
43 87
173 19
38 5
22 126
146 10
21 128
52 11
41 53
110 8
133 6
139 4
28 77
73 172
74 103
113 3
92 111
80 18
32 2
49 19
51 5
139 160
29 16
76 198
92 93
23 169
129 18
98 13
117 1
94 172
32 140
79 170
146 149
88 113
117 187
88 3
56 180
148 151
195 6
6 18
146 11
52 67
13 18
156 182
1 13
156 164
89 18
155 14
86 13
86 143
137 16
76 6
181 12
114 169
38 84
17 19
83 186
81 7
59 190
124 1
104 126
74 19
30 5
61 129
58 8
147 12
113 8
115 13
156 12
5 8
194 196
112 9
73 6
2 17
190 9
69 154
82 1
68 173
27 88
177 179
75 160
73 88
89 108
56 185
53 95
56 1
100 5
88 104
191 2
157 195
22 82
42 97
168 197
125 175
104 167
114 7
31 151
69 119
71 159
96 165
29 13
51 55
112 146
126 4
116 164
32 5
116 4
173 182
25 196
31 39
31 41
97 123
2 8
199 4
2 19
127 0
77 113
94 102
27 6
137 8
140 7
9 15
76 164
33 149
129 157
73 139
143 159
9 13
26 69
97 195
67 14
84 13
49 195
184 0
163 2
189 13
76 16
101 4
152 184
145 182
155 5
33 193
39 3
165 11
106 163
101 5
51 2
190 16
107 152
95 7
47 191
145 9
119 3
43 166
67 161
34 8
73 196
43 76
129 1
161 15
156 5
72 83
117 19
115 172
137 192
129 144
153 7
23 133
62 13
25 188
29 5
22 130
44 45
108 1
73 97
117 175
115 128
57 6
33 80
115 141
26 198
103 146
49 4
141 11
22 121
71 181
35 153
101 18
177 12
50 7
41 72
70 11
56 62
143 180
185 0
47 121
50 125
42 58
72 128
98 113
23 2
102 133
110 143
35 7
63 94
26 3
68 4
97 145
111 7
23 183
60 15
45 18
144 3
142 17
133 155
71 128
63 117
152 13
165 194
105 14
28 14
110 18
32 34
66 114
133 174
139 17
54 147
66 76
93 7
113 192
104 155
158 14
16 19
165 168
134 144
43 16
111 186
106 13
15 16
29 10
42 75
176 12
139 199
50 16
151 172
47 59
82 83
62 105
118 5
105 11
89 155
64 2
44 55
10 11
142 16
161 4
144 5
161 169
137 18
55 0
22 94
56 19
39 6
162 19
73 102
83 100
196 17
80 177
173 1
95 167
51 7
103 155
79 188
57 188
153 1
147 2
75 132
153 194
40 8
25 49
113 7
47 196
42 2
161 5
27 32
44 4
82 163
48 1
58 16
23 82
99 140
112 165
141 0
27 0
99 107
81 18
131 161
30 169
30 4
151 17
136 3
107 182
149 180
126 172
164 5
54 8
93 178
59 9
128 6
61 19
166 3
37 1
53 187
54 0
90 97
101 17
84 6
49 95
107 8
59 125
69 19
36 168
112 7
112 13
169 0
115 17
126 2
124 7
140 170
93 5
160 17
66 4
37 15
36 124
41 6
133 18
28 168
78 117
117 119
70 15
20 5
34 187
82 15
121 3
39 96
1 4
25 195
71 161
164 12
145 193
66 91
31 106
102 139
184 13
48 159
137 187
72 12
68 8
109 166
72 125
182 183
90 1
72 16
112 198
22 67
23 143
185 18
49 12
123 1
148 169
119 176
96 9
38 168
197 16
190 1
82 198
117 139
134 15
165 4
99 2
27 103
34 156
96 10
78 134
71 121
21 172
124 139
145 7
136 145
162 11
78 116
105 17
49 0
125 181
169 14
174 18
59 3
74 79
162 187
83 150
26 80
85 8
45 8
111 6
55 187
112 156
33 61
117 142
129 2
35 161
81 129
199 16
1 2
5 18
13 19
115 4
48 100
3 10
181 14
88 175
61 164
170 18
100 129
188 7
72 19
139 1
61 6
69 13
29 4
75 3
197 15
83 102
102 115
39 2
156 167
85 126
164 165
167 7
188 1
78 19
86 117
71 2
175 3
32 105
141 6
107 140
67 13
161 12
1 15
165 7
82 3
90 8
166 5
20 158
29 49
37 77
25 18
143 18
65 104
62 83
146 16
92 13
4 8
36 14
23 65
58 189
39 189
72 127
79 15
80 108
33 39
27 28
119 192
86 122
40 48
87 92
167 13
113 11
40 137
49 55
115 14
57 13
47 19
159 10
147 0
133 15
70 76
62 11
54 64
135 7
129 11
131 157
72 7
119 133
132 191
187 15
54 119
78 90
126 16
34 15
90 3
103 141
195 17
111 8
157 5
23 12
156 9
23 0
20 191
70 4
21 198
154 167
34 2
108 112
133 179
97 143
55 9
81 13
103 10
112 16
28 15
61 7
157 171
186 19
64 13
188 10
3 11
130 155
82 150
40 0
118 3
164 3
74 142
40 6
7 13
83 10
93 108
48 117
148 179
2 5
8 15
134 5
107 177
129 180
25 2
102 8
172 19
126 152
70 110
93 157
128 194
29 14
141 183
95 118
115 173
169 8
51 129
82 148
45 61
46 3
136 6
21 100
157 12
123 172
198 10
143 9
21 137
132 181
146 0
105 194
159 8
26 199
177 13
53 54
161 18
89 13
77 8
94 3
103 189
133 16
57 69
119 15
62 19
3 17
149 156
124 6
25 169
100 16
134 3
82 6
45 7
118 14
140 5
105 181
124 150
4 18
78 3
186 0
148 6
44 18
60 181
124 3
137 0
13 14
89 121
198 9
41 0
119 195
83 162
141 7
28 52
159 19
42 17
175 11
91 123
138 9
74 17
38 98
141 10
64 69
104 0
173 2
20 94
154 8
148 196
30 93
13 16
167 188
34 51
70 119
143 19
103 193
22 144
73 152
60 162
149 6
77 13
2 14
89 2
183 197
128 10
100 190
56 193
67 133
194 2
146 12
179 10
96 197
55 15
160 14
45 17
75 18
162 4
56 146
8 14
79 11
135 16
101 15
49 7
69 9
39 124
149 0
103 159
23 10
30 171
164 8
163 173
164 172
184 12
30 189
24 3
4 13
63 138
42 0
197 0
136 186
59 16
46 64
41 101
106 12
7 11
121 9
133 134
171 16
101 115
130 149
95 115
131 193
20 9
82 90
78 104
66 119
89 116
140 0
171 14
133 9
180 181
28 0
69 97
50 117
112 166
199 15
96 164
144 13
192 4
100 6
31 8
120 131
157 194
102 11
54 65
111 177
52 168
154 13
29 0
73 15
160 197
39 12
40 149
33 158
195 3
32 121
73 108
3 15
41 160
93 18
175 8
164 4
127 130
73 12
38 54
39 98
91 172
96 106
33 105
138 5
181 2
23 128
79 18
118 188
122 160
49 70
130 4
112 194
107 192
92 139
42 160
0 16
21 60
137 4
26 152
168 191
187 7
197 19
186 4
97 19
50 51
176 3
63 7
50 171
43 14
144 198
54 7
27 115
166 8
169 17
146 15
125 144
131 1
1 18
32 146
78 96
118 191
116 3
80 4
24 179
118 6
29 107
54 94
70 12
56 168
68 10
162 7
177 186
82 185
98 8
67 154
195 198
65 124
87 1
72 134
5 15
151 5
34 73
161 8
104 143
42 193
128 139
85 122
50 151
46 84
8 16
22 195
162 5
49 114
42 74
59 64
113 180
103 135
28 58
177 9
0 19
174 5
106 8
8 10
40 7
63 6
139 0
92 148
42 157
40 57
140 181
76 2
27 166
96 111
21 168
109 5
37 155
195 4
8 12
110 15
76 93
75 19
45 0
80 180
140 157
77 129
162 186
189 19
164 14
27 179
86 10
113 13
51 17
11 12
120 124
129 176
24 65
113 4
41 62
162 197
63 19
174 13
150 181
33 89
163 7
26 15
84 112
49 66
6 12
30 185
2 11
92 143
52 124
25 101
134 167
9 17
72 15
71 14
60 126
101 19
49 61
129 8
192 17
61 110
116 187
29 183
82 10
147 191
68 127
104 5
40 162
100 3
84 19
22 166
26 147
41 86
30 46
104 122
49 186
163 11
6 15
70 166
185 4
11 17
155 168
7 9
86 140
89 124
9 11
34 116
52 78
132 19
134 179
94 191
55 137
98 19
101 189
20 10
96 16
76 127
58 162
58 64
87 89
40 10
117 131
148 11
112 160
125 178
138 149
119 18
193 16
83 2
193 8
78 9
25 0
43 54
39 144
27 43
4 10
145 13
20 15
23 9
64 172
76 137
185 13
39 65
52 10
59 184
69 179
44 87
150 17
43 104
120 178
97 9
191 5
59 19
67 5
58 2
88 5
43 83
41 9
128 12
1 5
124 164
99 4
35 85
65 169
59 4
175 12
72 13
111 112
55 78
90 2
92 19
111 139
103 137
42 178
68 111
199 0
112 126
121 18
164 182
30 165
117 129
35 11
23 184
103 0
95 105
66 17
55 87
55 192
55 86
25 181
112 8
114 143
48 3
31 181
113 2
46 51
115 119
44 80
66 10
84 3
125 9
123 199
146 13
168 19
196 10
62 1
191 14
75 15
137 140
34 81
106 19
102 157
98 183
36 191
103 4
192 8
167 9
123 157
173 0
22 5
136 162
26 6
199 10
40 65
82 18
100 11
48 53
74 166
64 3
146 19
103 190
78 16
111 0
147 5
137 174
116 177
83 11
35 157
164 177
152 167
56 9
39 43
155 189
86 5
158 8
124 4
33 2
92 135
127 5
72 192
131 19
43 90
44 144
140 18
44 12
24 58
132 15
67 136
142 1
69 180
57 1
41 7
27 53
116 127
30 7
131 197
76 3
110 5
187 17
53 12
94 18
172 13
52 82
112 171
110 183
32 197
74 84
53 11
41 144
21 136
74 75
71 7
57 133
59 130
155 171
196 16
24 70
8 13
196 5
117 192
53 16
27 77
66 15
68 157
72 120
22 17
143 189
78 2
137 2
96 7
47 1
151 10
61 139
22 1
76 19
23 141
161 2
71 166
0 9
159 14
189 11
165 166
73 11
159 2
50 14
142 150
75 89
128 8
99 10
190 13
116 14
44 10
40 14
169 13
77 176
3 18
78 80
119 199
84 137
49 71
164 10
103 8
38 74
90 11
113 138
48 193
108 9
101 158
128 164
188 18
24 186
122 18
35 14
157 9
109 126
37 198
52 181
82 19
171 10
160 19
66 5
4 5
32 122
189 14
112 130
86 120
84 14
96 170
154 15
101 191
122 4
195 15
89 109
23 4
90 153
165 2
183 15
118 4
138 7
87 6
53 115
61 75
186 1
117 171
61 1
135 167
23 35
125 7
104 136
166 15
127 11
83 7
32 81
188 5
6 13
38 55
131 2
86 152
1 10
179 19
173 14
185 14
54 146
168 17
146 17
46 130
76 113
199 1
92 116
85 193
148 12
110 185
159 192
44 15
124 2
75 106
152 1
61 13
80 3
151 9
42 102
25 164
24 0
71 148
53 19
70 3
196 8
112 19
30 0
161 186
52 175
184 1
59 156
110 11
92 110
99 121
168 18
69 11
106 191
25 14
62 135
188 198
147 11
21 0
192 6
95 101
110 160
194 7
40 168
91 1
81 96
177 199
191 0
78 186
22 142
106 15
138 2
21 196
134 149
32 7
42 19
123 10
105 130
94 139
50 199
0 17
131 145
35 139
182 17
102 1
83 19
134 4
120 173
98 14
75 16
43 15
59 79
157 10
38 8
12 13
187 10
28 43
44 168
167 15
188 11
164 18
176 1
192 11
124 163
102 14
110 175
36 4
27 75
118 132
44 114
145 11
23 8
168 189
80 13
134 2
129 13
191 4
49 50
64 156
182 0
129 19
68 3
99 6
28 50
65 105
33 130
61 82
135 0
41 19
161 17
144 171
174 9
34 76
53 162
48 10
98 198
55 79
50 1
79 183
3 14
136 1
48 103
144 168
113 114
95 15
62 194
174 7
149 154
35 51
48 9
49 127
25 153
108 114
42 120
100 153
74 121
58 69
123 152
100 179
134 152
106 183
135 190
112 177
117 0
122 152
30 2
20 62
10 15
178 2
77 153
120 161
89 0
24 53
112 4
57 7
187 5
142 0
107 183
87 15
111 118
28 107
167 190
34 6
100 163
52 7
39 110
27 122
165 175
35 53
39 17
66 6
153 16
167 16
42 169
125 11
82 2
107 16
149 5
122 5
65 172
77 160
129 153
149 7
20 6
88 185
115 1
147 155
57 105
83 127
69 7
152 165
83 180
65 117
119 0
139 8
125 8
169 9
52 5
176 11
28 154
34 179
39 174
102 19
39 0
96 3
128 5
6 11
70 148
52 3
122 129
84 11
33 122
174 4
74 18
35 190
64 197
141 182
59 101
37 129
65 2
149 15
139 173
82 4
35 56
32 76
106 10
140 159
24 62
111 134
104 119
31 111
83 101
120 16
26 39
55 108
90 175
49 80
90 18
14 19
29 19
115 18
27 10
71 8
115 185
34 9
58 6
193 1
158 12
24 103
177 11
35 3
184 11
88 132
30 150
34 136
7 17
102 17
138 139
80 158
54 70
136 9
55 1
193 5
109 6
104 14
157 13
151 163
74 198
29 44
99 101
40 9
27 131
20 79
114 13
54 163
51 126
21 16
60 78
128 16
9 10
66 9
103 111
63 127
79 168
185 188
10 13
45 121
66 18
56 4
173 7
118 150
75 101
41 131
129 7
114 135
182 9
36 16
100 19
114 17
31 59
179 4
89 96
7 18
139 14
13 15
68 2
144 12
85 16
61 144
34 77
38 139
33 91
33 170
172 6
101 12
72 81
55 124
82 13
30 43
130 10
111 1
61 100
170 7
34 58
128 2
164 6
194 6
136 0
3 7
55 7
75 115
145 1
172 8
119 137
37 83
35 155
57 15
115 165
58 12
34 61
21 5
81 174
180 3
67 176
37 74
99 179
43 181
80 14
28 109
52 94
173 18
112 139
67 3
34 192
46 85
124 186
130 158
48 123
48 156
143 174
101 136
42 86
65 10
81 130
54 190
84 174
36 10
0 6
109 0
49 11
172 174
107 10
30 1
69 70
166 184
58 3
103 186
5 14
44 67
94 104
36 198
31 5
173 194
48 162
151 12
30 121
177 14
5 11
186 14
122 167
40 170
133 2
136 2
57 106
126 157
159 13
152 18
178 180
40 11
12 18
62 178
95 11
46 73
190 6
41 157
36 1
86 3
69 17
22 7
91 9
51 13
21 18
33 140
115 11
170 5
69 83
109 133
8 19
48 184
36 3
136 17
2 6
166 19
36 74
107 130
69 163
86 174
67 15
50 57
52 63
140 8
1 8
161 185
23 107
107 159
169 16
108 0
22 16
156 17
158 166
21 152
190 19
140 168
130 17
83 6
99 9
67 10
65 4
69 15
63 162
158 180
159 12
38 17
30 83
48 174
27 165
98 111
122 12
109 15
58 82
102 112
123 9
74 4
80 176
93 128
44 161
67 122
136 18
147 6
118 138
108 150
21 14
105 106
152 16
48 107
171 18
176 18
153 171
175 179
54 198
73 86
1 17
128 166
171 9
114 176
116 119
64 5
0 1
99 126
55 76
23 18
29 18
87 14
147 4
29 81
193 17
128 0
59 118
117 159
44 72
136 16
60 73
163 168
146 3
74 3
99 7
24 71
102 18
2 4
42 148
51 137
82 110
49 9
27 15
163 8
168 9
25 152
26 4
134 194
23 72
85 4
160 3
156 6
76 8
99 111
88 165
78 170
148 15
145 15
173 9
20 28
35 17
