6 7
94 111
190 18
28 10
64 120
150 19
155 18
110 126
46 154
73 1
97 124
148 193
99 16
190 4
37 84
157 6
186 15
76 165
25 27
85 168
126 11
54 168
42 6
151 1
48 0
102 19
138 16
146 12
23 11
154 17
84 182
52 13
9 11
175 0
148 176
111 150
127 8
30 185
169 5
165 12
35 17
108 178
98 168
87 125
142 149
136 159
50 19
84 12
80 143
87 178
171 10
191 18
142 146
162 15
86 3
41 2
57 16
71 147
31 16
51 182
90 19
49 193
95 130
67 124
122 11
52 138
73 19
56 14
3 5
50 143
35 146
43 61
111 154
143 7
61 161
82 17
54 13
121 128
44 12
20 5
90 160
192 18
96 13
152 14
128 158
146 16
175 5
50 116
175 177
114 127
49 18
137 5
66 117
80 92
117 10
158 10
52 142
137 19
139 13
90 183
12 13
64 2
124 171
136 10
59 180
157 165
158 3
59 15
145 190
3 4
176 19
72 80
36 182
168 2
129 2
120 163
57 195
101 10
141 0
71 6
143 17
141 13
57 2
70 129
37 111
109 5
34 7
53 110
77 141
79 164
144 167
178 17
92 191
111 116
181 16
84 0
90 7
191 14
63 154
52 5
110 9
111 165
72 15
60 8
98 108
52 152
147 0
169 2
194 13
76 171
87 198
196 3
24 0
118 133
39 14
62 19
22 53
37 195
151 5
43 159
108 186
46 174
146 167
91 101
152 9
143 145
84 188
189 3
192 3
170 19
72 95
8 13
131 7
142 187
83 191
117 14
102 14
83 5
125 163
75 15
129 0
143 148
89 15
81 11
70 14
53 154
46 11
126 141
96 16
35 12
185 15
104 157
146 6
21 153
37 155
106 5
57 10
57 12
105 7
36 5
51 141
37 18
65 175
12 17
185 17
162 166
65 148
149 156
3 16
54 189
52 15
125 2
36 1
58 15
37 162
153 158
100 14
57 89
81 0
44 108
113 12
44 165
174 6
150 187
87 9
20 9
77 112
54 69
5 15
55 7
105 181
65 0
151 160
4 7
54 119
137 143
54 161
51 14
171 19
50 140
165 194
66 164
56 79
91 16
158 9
95 186
139 2
86 169
46 150
44 5
7 15
59 2
45 115
25 73
85 108
129 1
31 35
116 3
85 17
8 19
192 1
188 198
140 3
137 3
112 151
29 12
128 7
189 11
127 133
41 171
152 176
17 18
46 16
177 5
166 174
137 197
42 3
0 2
69 134
52 169
86 15
114 118
1 6
31 105
67 144
45 15
74 1
36 191
21 10
180 187
34 131
46 2
176 6
191 15
174 192
2 3
31 8
115 2
140 18
179 16
164 198
75 133
72 13
69 89
169 9
75 127
43 169
80 134
62 73
155 167
58 75
35 133
40 2
198 18
38 88
89 144
159 9
84 104
31 145
44 134
37 80
51 96
42 146
72 11
22 10
84 111
184 0
21 4
92 5
157 167
56 5
162 1
89 118
173 2
92 3
22 0
64 9
76 159
52 11
85 199
154 4
50 17
54 19
8 17
34 2
37 1
167 10
56 77
33 0
51 10
67 92
152 3
48 185
44 15
80 3
111 15
108 10
97 5
67 82
35 128
45 110
72 129
195 13
172 181
85 5
47 114
179 196
182 9
119 10
124 11
43 50
117 9
76 0
10 15
65 112
151 13
27 6
79 18
28 67
151 14
101 177
11 15
185 19
6 12
146 4
34 185
51 19
165 16
29 178
13 15
108 1
69 18
124 188
169 18
94 170
64 193
72 164
117 8
76 110
147 13
72 1
20 16
160 2
162 6
86 179
22 143
34 45
186 6
21 162
102 114
23 62
168 182
57 5
27 98
137 194
190 17
36 104
47 154
52 12
74 122
84 175
90 11
178 182
68 14
105 13
44 88
153 188
148 167
177 15
89 143
34 17
96 116
118 1
27 15
170 0
78 115
67 12
94 176
22 151
118 6
154 19
65 6
102 165
33 41
65 14
50 191
49 103
30 5
42 155
164 18
133 140
162 12
56 2
29 117
67 188
151 153
51 175
3 6
42 80
36 45
171 199
43 194
51 117
11 17
160 13
21 152
103 165
144 1
67 9
41 19
156 170
198 9
115 160
70 141
198 13
26 88
54 141
155 5
63 9
98 159
77 10
130 9
143 178
58 13
121 188
105 19
70 84
21 98
28 72
8 16
153 0
134 186
82 18
194 16
181 5
124 9
113 164
29 93
50 85
27 9
50 106
112 9
82 125
57 138
141 15
24 93
79 120
23 68
123 1
178 191
77 16
28 2
183 9
127 150
194 8
41 57
95 17
173 181
31 111
43 0
0 11
167 186
178 10
36 79
120 13
36 6
6 19
98 169
101 18
173 8
21 100
139 159
175 19
158 6
5 13
92 11
62 18
90 126
96 10
31 7
110 137
56 7
59 18
166 184
45 198
44 175
42 72
1 14
51 0
184 1
105 122
132 159
143 2
151 186
86 114
52 0
32 2
89 0
10 16
176 188
22 71
44 69
25 168
132 2
83 128
116 175
156 7
127 154
31 5
66 179
29 118
46 17
21 49
131 9
113 184
84 155
73 2
106 109
161 13
25 183
123 194
134 8
63 6
50 96
27 63
186 4
61 105
71 128
31 15
161 12
142 189
74 153
78 3
26 4
73 171
167 181
22 8
65 108
59 14
48 162
107 8
49 17
149 18
82 19
172 3
142 17
165 7
71 99
38 157
119 15
1 5
26 194
177 13
112 0
134 15
54 127
158 184
197 1
65 193
38 14
91 11
32 95
67 126
5 9
109 15
35 104
65 158
138 14
47 17
173 19
73 4
191 2
25 194
2 11
84 3
49 1
62 174
77 1
25 10
102 3
73 131
14 17
6 17
83 13
62 90
31 172
24 58
99 19
31 115
92 2
50 7
50 1
152 7
8 11
88 5
39 53
93 100
115 195
7 10
54 106
154 187
149 165
139 153
135 194
44 187
43 6
126 1
196 4
124 13
118 17
76 170
168 13
27 123
49 10
132 152
134 3
134 10
115 13
98 177
62 1
186 7
62 118
139 19
123 0
75 166
59 117
32 1
68 9
140 12
39 104
46 12
108 123
56 6
127 183
171 0
20 10
26 189
189 12
94 19
120 9
105 156
37 4
55 5
149 196
32 89
31 13
51 3
80 5
30 11
61 19
91 93
40 10
59 12
25 19
106 141
49 169
91 98
165 10
134 167
86 93
132 13
66 11
83 176
48 10
26 131
121 162
41 116
28 124
47 92
29 128
177 187
181 12
38 18
105 8
10 12
160 18
96 17
49 13
33 172
49 64
86 182
4 18
43 12
38 74
165 2
57 0
14 18
39 187
197 16
84 15
87 14
114 181
27 44
67 7
190 16
132 135
30 0
183 12
112 17
48 97
122 181
59 73
39 13
126 160
29 34
154 13
83 127
79 11
167 14
87 17
36 119
100 12
55 164
7 18
102 5
16 17
53 95
32 5
155 1
121 137
144 10
107 166
87 103
90 1
98 151
121 15
44 154
126 17
84 125
41 154
24 172
91 18
39 41
145 181
58 185
159 17
30 158
41 127
35 86
36 60
60 175
92 145
80 16
54 142
62 7
150 164
137 1
85 19
39 168
107 189
145 1
93 148
157 12
43 15
140 193
105 17
119 180
66 194
188 4
152 10
41 99
28 3
47 181
82 13
130 15
52 178
76 99
196 7
110 15
185 1
177 12
26 109
57 156
97 193
117 6
113 199
113 176
42 115
46 164
53 17
43 190
158 2
21 40
38 86
46 177
50 195
44 85
71 2
22 12
0 3
127 139
153 6
95 161
182 18
93 12
122 19
95 4
24 26
28 140
52 187
166 8
47 4
182 0
34 6
127 13
33 104
123 19
178 0
82 98
165 17
11 12
75 5
79 15
87 137
121 9
63 147
192 16
0 13
115 8
114 19
147 15
36 0
67 112
102 117
39 16
146 15
161 175
53 160
68 77
186 3
73 9
142 7
43 152
33 88
61 168
3 12
144 9
98 139
24 8
81 103
83 8
62 16
50 146
59 126
139 1
182 13
136 7
42 0
106 13
156 8
75 80
141 1
49 110
71 104
32 124
54 145
77 182
144 0
22 16
55 14
155 2
174 11
147 183
23 165
79 0
131 18
103 9
170 9
64 189
48 198
68 95
90 175
91 177
55 0
144 13
41 43
39 62
67 11
0 9
117 153
24 85
23 85
31 128
99 7
65 19
54 0
71 0
102 10
95 7
35 13
149 171
151 3
22 47
61 139
20 158
88 146
54 3
33 83
80 151
44 19
172 8
21 163
143 5
164 11
198 4
138 13
136 182
68 85
175 2
190 5
98 129
119 193
140 5
172 16
28 13
46 182
53 0
133 168
111 5
180 192
72 128
79 97
74 13
61 115
58 154
71 138
149 8
81 2
192 6
96 18
101 168
118 8
9 15
39 4
5 12
138 139
117 174
4 8
170 1
23 8
52 16
144 17
67 118
158 1
125 5
43 81
101 19
137 176
62 103
63 8
82 11
157 13
48 145
0 19
65 142
150 13
101 14
40 67
135 16
22 42
53 189
81 102
132 151
95 118
56 153
139 0
72 141
47 57
99 4
130 191
49 80
107 116
139 16
23 189
46 192
113 2
61 18
34 99
41 131
111 148
39 2
23 49
126 163
60 152
110 197
129 12
54 155
94 9
191 7
101 11
69 198
124 12
40 99
88 4
102 160
162 191
64 179
20 17
189 0
57 170
102 125
0 14
13 14
189 6
103 120
79 14
12 14
131 17
125 136
72 5
102 106
102 4
181 195
159 163
40 118
106 16
183 15
111 171
164 3
10 19
25 39
98 18
177 194
40 146
92 151
49 85
105 12
136 4
66 1
47 165
169 171
49 52
120 6
138 8
90 187
29 143
42 57
33 4
27 194
118 176
42 59
137 161
37 194
39 198
83 86
54 63
100 3
71 183
34 179
27 14
122 179
57 58
44 110
163 189
116 149
67 190
171 2
60 140
48 176
80 196
58 161
49 88
119 2
102 11
118 13
194 4
81 186
95 0
122 158
44 151
57 17
178 11
163 2
78 19
108 127
126 0
45 118
3 9
130 150
27 171
54 11
154 190
106 19
77 81
59 97
163 3
78 136
26 1
172 12
181 15
109 194
149 12
77 2
102 115
55 131
79 158
152 1
195 18
95 104
118 196
178 15
67 18
120 177
115 11
98 9
92 122
67 13
147 16
61 13
56 111
112 18
44 45
26 85
35 113
61 78
176 14
99 0
62 88
51 95
176 10
176 9
51 18
128 192
104 6
102 6
23 12
107 144
63 13
147 12
105 198
53 103
67 163
48 3
129 19
55 13
28 14
169 190
55 143
134 6
134 9
88 2
153 156
62 113
35 38
98 116
90 113
66 109
175 7
32 16
89 151
31 62
102 133
120 5
30 176
108 189
158 15
143 8
174 13
103 1
193 8
103 18
81 14
68 83
148 153
30 189
182 4
33 130
89 12
23 88
128 19
87 91
81 15
59 121
57 140
20 189
13 18
133 6
73 168
101 12
159 10
180 5
28 5
112 19
42 54
96 174
145 17
103 3
199 7
136 181
148 17
93 11
25 17
23 97
38 138
26 17
166 17
9 14
73 16
162 4
35 18
136 2
112 142
103 163
119 16
29 182
60 2
53 11
104 5
73 197
146 1
20 8
86 183
3 7
36 127
70 125
111 11
16 19
62 92
133 197
113 3
35 14
39 96
167 6
1 11
113 18
89 2
40 75
148 191
68 101
39 12
166 0
71 169
28 36
63 85
183 14
197 7
187 1
75 4
171 189
140 9
54 185
37 86
70 9
149 4
72 4
188 14
95 13
160 6
68 199
177 8
64 16
28 44
104 12
28 193
62 14
26 168
49 145
32 12
69 19
71 1
66 79
43 67
47 6
119 18
65 159
32 8
85 3
65 8
188 9
85 194
151 18
108 8
155 19
29 120
53 18
174 188
38 159
137 196
37 75
136 18
109 14
35 109
171 15
26 5
103 17
67 14
5 16
80 170
82 114
188 16
48 141
95 117
28 18
113 151
189 4
101 0
111 7
94 192
88 171
42 10
118 178
139 9
51 15
79 16
114 1
49 148
61 76
24 159
193 14
68 115
64 0
66 2
61 6
54 65
21 106
134 12
150 16
87 100
41 6
190 2
73 154
66 7
190 9
91 0
33 6
63 88
100 8
170 16
118 172
76 197
141 6
86 131
24 18
26 11
9 13
33 179
51 106
52 7
40 94
87 12
143 6
126 173
50 186
23 141
31 132
101 191
73 81
176 5
90 133
55 183
122 0
193 12
107 174
52 53
173 18
137 17
11 14
144 12
95 143
33 39
46 62
198 3
162 0
172 11
99 152
20 50
41 45
24 193
88 128
29 43
49 141
22 72
81 175
14 19
194 0
32 18
181 19
133 9
1 18
99 127
82 7
45 4
51 140
61 88
122 136
38 2
172 178
36 16
20 24
55 65
5 17
41 5
26 76
125 143
160 195
102 2
91 14
82 131
40 154
57 6
164 19
40 17
169 12
128 9
146 161
187 17
31 114
29 2
103 150
50 18
81 182
25 167
124 151
128 0
164 0
95 9
59 134
138 4
113 1
93 188
99 158
61 107
74 4
141 19
172 185
100 142
46 123
30 100
73 135
0 1
87 173
50 122
133 13
159 13
94 10
51 146
38 123
62 191
31 11
35 82
166 3
145 12
73 18
159 8
104 11
67 197
132 7
111 10
103 14
109 180
115 7
91 128
86 87
77 82
39 78
114 18
26 7
61 176
47 186
42 149
40 142
5 11
156 166
46 168
26 128
189 15
64 4
22 194
152 11
125 7
89 13
130 4
30 6
117 171
28 152
128 144
45 182
189 17
53 2
97 130
70 5
29 8
116 5
73 3
121 190
81 16
99 18
140 17
89 7
64 169
75 7
58 122
113 189
79 7
48 191
40 1
56 15
43 48
101 2
26 16
126 157
89 121
73 122
56 4
2 17
106 160
74 79
31 148
160 16
131 132
185 2
158 175
79 13
24 136
68 12
85 0
83 19
30 93
60 131
140 10
86 192
104 15
67 15
161 9
83 2
34 174
167 19
58 18
63 11
21 50
65 18
38 101
117 15
25 12
166 2
113 123
164 1
24 13
98 181
77 162
64 103
98 16
97 7
25 1
84 121
9 19
195 8
127 5
109 13
15 17
6 14
37 93
104 17
121 158
180 1
38 119
147 166
29 6
59 140
47 1
199 14
61 69
29 66
20 97
57 178
98 120
30 184
88 109
63 133
89 8
28 11
94 95
81 179
78 120
159 176
51 99
73 99
31 82
133 170
67 110
65 83
111 128
172 19
74 115
84 158
6 11
89 136
117 2
171 12
194 17
135 7
112 197
143 14
108 115
51 69
46 108
148 7
69 10
144 8
184 5
98 163
116 2
194 7
146 18
125 137
176 18
93 16
199 12
57 8
180 0
68 178
165 18
178 19
84 1
179 8
78 131
167 15
70 152
52 10
20 171
159 18
37 2
107 19
69 116
102 15
134 199
133 2
53 72
36 13
146 10
51 12
136 11
29 146
42 9
23 115
58 118
11 18
118 10
27 1
160 15
54 18
3 11
77 7
76 17
130 17
101 176
75 122
104 139
174 2
88 14
88 108
128 168
45 186
24 126
113 168
2 12
121 170
135 10
102 8
164 175
9 10
21 132
51 109
46 119
129 13
72 91
96 3
97 17
7 8
195 7
147 4
26 145
22 1
112 4
8 12
27 60
151 16
130 12
20 12
20 194
13 16
120 187
117 11
64 80
137 18
17 19
31 12
144 179
93 0
101 195
149 185
146 14
95 136
162 17
136 3
29 4
53 79
104 19
23 98
71 157
160 163
96 9
109 8
32 17
65 116
183 3
166 5
8 14
82 139
23 18
93 150
32 19
147 158
144 175
108 11
91 95
148 3
161 4
126 145
2 8
183 8
175 186
122 17
124 144
82 92
4 19
6 18
97 171
119 17
27 17
124 3
99 168
91 4
86 108
51 84
42 49
32 96
179 3
137 151
76 195
69 135
71 172
8 18
34 4
124 8
84 134
155 192
43 115
135 180
82 6
25 6
121 130
83 144
29 17
93 119
143 18
179 10
118 7
11 16
152 12
162 8
26 118
32 66
67 104
49 58
58 99
131 4
163 19
72 178
75 9
80 18
36 3
58 3
114 7
86 11
22 52
144 4
74 5
56 8
171 191
101 5
33 49
54 110
37 60
21 8
20 115
113 7
169 6
92 176
186 11
94 188
159 172
116 17
74 154
121 0
26 98
190 14
166 10
88 0
176 4
185 8
20 98
62 4
82 153
155 9
143 16
109 0
108 145
140 4
103 146
87 0
128 154
170 7
165 1
31 0
149 17
35 19
75 155
33 126
167 9
53 1
76 1
108 18
2 15
102 142
96 115
118 192
128 1
51 194
40 180
139 7
36 15
94 127
73 87
24 106
78 194
110 7
107 17
143 189
50 117
49 81
81 85
170 192
91 17
125 8
34 13
59 175
55 151
152 189
22 4
27 55
55 117
65 7
1 19
34 53
21 1
191 16
116 4
100 165
37 98
26 170
66 17
157 194
172 7
101 185
50 11
75 97
32 163
67 16
65 72
78 132
26 19
83 115
27 18
157 16
91 7
100 17
116 160
41 17
29 5
86 109
79 183
100 175
83 0
156 5
62 110
93 159
40 114
125 3
199 3
107 7
51 2
21 123
161 162
35 43
68 125
160 7
22 166
92 1
44 4
30 7
134 19
1 7
165 9
116 157
1 12
2 18
109 172
148 9
48 126
79 19
44 131
135 145
59 125
103 164
140 180
50 0
179 1
103 198
131 196
127 19
133 136
53 16
83 6
157 184
53 125
49 93
41 8
59 78
186 188
98 122
32 33
78 101
86 122
145 19
60 77
174 191
54 170
61 1
39 166
72 2
149 16
73 140
104 182
66 19
163 11
64 3
49 91
68 134
116 134
35 7
2 6
196 14
59 166
46 152
114 6
80 177
34 163
112 192
131 147
85 10
96 173
142 9
48 1
160 171
94 7
97 9
87 88
40 3
73 188
34 184
34 18
100 19
55 114
171 8
47 51
75 16
91 8
68 142
60 9
143 1
121 6
198 19
34 0
47 15
41 89
88 12
24 10
119 171
107 181
32 14
163 166
37 46
81 187
175 12
105 16
89 187
76 153
1 13
174 193
123 3
155 14
36 10
52 177
72 14
20 21
41 10
187 8
134 18
31 90
23 34
80 160
95 169
165 13
30 9
145 196
27 187
89 91
116 18
45 11
188 3
129 4
173 5
61 14
141 4
68 149
76 8
61 63
100 13
146 183
177 9
59 69
134 5
102 9
180 185
31 69
121 12
2 19
185 5
93 8
80 7
52 95
109 130
120 7
25 59
56 0
124 0
69 151
64 171
112 10
73 17
70 163
35 81
154 1
60 155
6 9
23 99
111 130
39 5
188 15
40 166
127 10
185 0
42 87
28 41
27 184
131 157
70 144
175 4
147 5
71 12
33 17
31 130
36 143
57 7
179 13
184 11
118 132
147 19
116 171
131 170
50 153
67 192
42 179
2 4
50 2
45 1
24 120
135 3
109 171
197 14
120 16
81 108
151 164
124 7
152 184
108 199
21 73
62 100
75 105
193 3
49 72
136 6
144 16
115 164
67 77
43 196
50 187
44 11
5 7
44 18
24 16
35 100
80 174
87 4
105 192
42 170
140 191
34 16
48 119
0 6
36 12
113 19
117 180
77 14
150 8
127 16
179 6
24 75
115 152
111 12
54 17
93 19
71 161
174 7
24 11
22 155
76 129
94 109
60 5
51 165
53 12
93 151
144 189
57 15
32 131
56 10
48 175
112 178
77 85
39 65
73 166
124 4
179 0
168 9
71 106
90 8
122 196
26 78
27 150
65 5
5 19
145 11
135 178
63 91
40 9
122 141
192 15
93 13
36 19
24 4
138 7
131 0
50 16
156 14
173 13
159 191
154 3
83 11
193 15
67 167
75 185
56 13
26 10
152 2
45 98
134 7
45 151
153 174
52 1
43 19
99 17
154 16
135 181
55 148
94 3
36 185
59 86
83 164
181 8
41 12
180 18
65 131
27 89
182 11
24 67
110 117
21 99
88 114
170 12
72 117
8 9
73 128
100 191
197 8
4 16
108 137
89 10
124 15
47 101
39 49
107 0
52 147
59 13
196 0
184 15
77 11
89 16
28 4
27 41
30 110
65 16
48 125
87 156
83 95
21 9
91 5
92 197
178 186
153 18
113 9
75 107
1 9
121 184
50 129
136 5
1 8
22 13
57 13
45 0
86 10
188 5
85 188
112 143
104 116
96 151
95 109
39 6
147 18
121 16
46 14
143 10
69 181
40 16
175 11
55 3
166 12
150 1
131 185
159 6
169 3
59 131
23 93
57 146
83 14
147 2
27 13
182 6
86 113
136 165
156 4
72 190
27 4
172 13
23 127
22 189
173 7
138 164
32 37
30 96
169 11
4 5
100 180
67 108
126 151
18 19
38 77
1 17
20 19
26 0
110 198
60 14
78 17
90 9
64 18
67 106
33 15
184 4
82 5
0 8
111 145
142 170
180 17
36 162
74 178
184 18
134 0
154 11
157 11
84 126
140 145
54 90
40 7
92 8
175 189
120 11
118 160
66 170
3 15
163 194
48 124
21 131
32 47
51 111
110 161
60 192
74 17
21 31
53 14
118 2
67 19
117 134
32 115
15 18
142 163
90 6
22 14
40 55
23 94
46 10
56 167
68 108
143 15
149 187
83 101
69 79
55 178
13 19
199 17
23 4
114 3
37 13
54 160
28 35
64 164
75 3
57 185
165 198
94 115
39 7
61 9
136 15
186 187
188 12
80 120
10 13
160 189
23 14
75 6
106 174
107 138
67 156
44 196
174 198
104 3
63 100
169 16
13 17
131 14
197 9
191 11
192 11
84 8
46 6
126 132
125 19
12 19
57 172
48 107
103 145
38 79
80 106
105 110
43 168
23 45
57 134
40 11
77 80
194 9
111 9
87 1
130 194
50 128
149 19
92 17
131 8
143 194
90 185
108 9
3 19
33 54
168 14
172 184
124 18
43 10
55 171
45 63
47 11
68 170
46 167
30 10
93 5
94 15
47 72
55 9
25 119
112 8
133 171
172 17
165 173
21 24
177 14
183 186
0 7
48 15
69 101
98 165
106 182
37 192
74 92
62 147
88 9
101 3
48 77
76 5
63 129
60 146
40 90
121 5
121 182
43 7
22 32
60 109
11 13
87 3
66 119
144 196
106 8
141 169
188 13
86 165
55 172
81 5
27 61
26 127
82 0
74 0
119 5
20 100
77 144
21 59
73 13
68 1
188 196
61 11
61 71
66 4
174 195
133 17
102 7
102 198
49 9
45 78
142 176
55 176
66 0
123 133
162 3
44 137
122 14
76 183
58 61
35 105
102 173
116 11
66 73
30 107
97 148
52 6
41 46
21 144
145 146
170 6
7 17
148 16
107 14
37 7
21 154
192 0
41 60
22 156
65 67
154 166
171 9
127 14
98 175
31 192
99 123
91 112
33 12
60 15
149 0
137 157
29 124
162 16
126 2
44 100
31 134
40 5
75 141
126 179
188 199
134 17
1 2
39 8
100 132
23 52
186 9
81 10
21 17
182 19
183 191
23 19
193 18
149 151
27 90
170 11
184 193
193 5
159 14
67 101
39 84
122 154
84 129
136 16
6 15
39 151
138 15
99 15
47 188
2 5
2 16
70 96
27 3
142 8
142 6
82 181
30 177
49 105
99 115
122 13
190 12
160 161
126 19
67 5
134 1
173 1
45 17
160 176
164 9
113 15
95 1
125 166
56 174
92 110
59 4
79 144
146 0
164 183
150 11
48 14
81 18
112 139
44 49
4 9
121 135
74 174
186 18
32 71
136 169
46 1
60 123
76 10
28 154
57 197
114 0
20 106
99 177
56 114
57 111
181 10
55 11
78 197
85 134
51 176
100 143
159 2
53 57
23 42
163 17
7 14
189 197
29 145
107 18
143 147
102 12
28 146
48 160
41 0
72 172
195 10
115 16
168 19
82 89
34 115
62 83
101 15
77 187
70 16
113 156
2 9
120 156
80 111
174 8
180 7
93 1
7 12
86 133
9 12
100 1
37 9
58 171
146 165
123 13
112 12
63 1
113 136
129 14
103 155
176 189
80 169
146 176
4 17
53 15
133 194
198 199
109 160
52 62
97 149
72 146
24 96
46 13
74 10
138 6
146 188
122 155
104 199
144 6
160 10
40 0
181 14
190 13
51 5
63 141
50 9
148 6
43 120
98 17
85 103
1 15
29 13
179 7
90 13
53 5
83 18
46 47
87 119
159 15
96 182
80 11
117 13
140 179
91 9
47 88
139 11
68 183
47 138
154 6
60 18
175 15
16 18
131 6
147 156
24 14
129 17
4 10
46 147
133 12
39 10
93 17
92 13
12 15
54 15
42 105
152 5
83 198
102 191
197 6
154 164
170 10
62 152
60 184
1 3
23 113
148 0
84 7
193 9
30 1
117 7
182 5
164 10
85 6
174 179
27 178
46 7
103 111
31 175
67 96
166 9
74 19
76 6
35 120
46 8
7 16
23 17
71 11
66 68
33 18
95 191
113 13
10 11
40 8
110 164
6 13
51 9
157 5
160 12
151 161
158 196
35 79
26 86
72 16
197 0
54 111
3 14
23 13
149 188
78 143
28 33
158 18
20 35
64 11
160 19
180 2
0 4
25 96
106 9
64 166
181 11
32 86
76 15
86 16
58 177
180 12
179 17
153 14
31 87
126 149
144 151
132 8
29 179
136 17
32 43
46 133
191 194
47 12
60 165
125 174
3 13
22 17
77 191
107 5
88 164
155 160
118 4
114 14
26 107
124 199
26 28
4 15
22 38
187 7
108 171
35 2
36 166
48 131
38 126
32 137
145 156
99 12
110 4
25 62
150 7
87 8
72 0
58 128
33 3
119 175
41 9
108 183
151 0
85 190
8 15
61 85
41 184
153 8
36 179
41 121
89 6
84 13
47 13
48 95
29 75
72 153
119 140
192 8
83 108
46 0
83 105
68 8
8 10
72 8
31 10
131 183
39 11
102 108
181 4
50 164
36 4
66 156
61 157
46 18
34 194
101 187
39 17
98 8
24 167
79 178
175 13
34 12
161 199
69 6
65 66
176 8
81 4
93 7
82 122
136 137
81 157
75 156
65 70
154 14
169 17
59 133
49 15
108 16
30 101
50 3
11 19
42 8
82 85
133 153
107 132
156 11
25 132
59 5
104 176
100 181
115 1
47 94
36 190
139 18
50 137
105 15
95 122
110 186
69 13
169 195
185 11
85 87
34 10
58 134
58 11
104 4
128 13
179 12
43 8
51 92
29 18
124 185
22 101
93 137
40 186
157 8
199 16
194 18
71 155
119 191
118 11
33 129
158 13
130 152
147 8
33 11
189 18
63 2
110 18
6 16
53 172
189 2
90 176
150 17
66 3
42 84
47 144
3 17
47 102
27 35
83 93
32 91
130 13
88 7
198 16
9 18
171 6
110 183
43 93
83 94
176 7
49 135
67 154
113 178
158 172
66 143
23 16
120 178
191 199
61 16
193 1
35 159
103 6
5 8
96 175
120 12
102 105
138 148
95 5
199 1
130 6
65 127
154 163
21 7
197 4
168 4
170 15
98 1
37 14
70 199
0 12
173 10
161 16
115 133
150 185
75 125
93 116
54 182
185 190
37 8
75 113
136 140
14 16
22 167
68 18
37 81
43 45
34 8
69 108
34 14
191 17
45 16
78 141
23 6
126 15
163 5
33 5
5 18
30 12
76 94
25 142
35 10
3 8
92 142
26 134
157 17
95 108
100 119
29 187
138 19
93 94
98 109
35 6
37 116
130 11
10 18
45 5
156 15
32 6
5 10
122 182
85 12
143 186
35 48
117 147
174 19
32 112
20 14
88 3
86 96
23 46
141 8
64 197
123 4
86 106
0 16
3 10
135 157
0 15
57 167
119 145
30 46
146 193
71 124
142 10
27 139
56 18
89 1
86 143
37 6
135 5
189 5
31 37
100 0
198 2
107 157
97 154
143 19
76 179
6 8
132 175
182 190
44 71
94 142
81 92
0 10
170 3
192 2
6 10
67 160
74 16
113 172
59 112
58 12
88 190
53 194
36 171
66 183
139 166
68 147
64 5
34 111
132 10
28 78
88 16
108 120
38 103
72 101
105 18
136 149
178 8
41 115
22 179
153 10
27 96
59 188
42 77
87 2
72 185
61 84
155 3
25 190
198 15
103 15
75 194
47 142
48 18
38 0
47 54
87 19
69 199
105 4
73 8
119 186
76 16
140 8
144 19
0 5
45 57
77 3
4 14
83 184
43 5
154 18
115 5
131 12
142 2
154 7
90 112
29 160
167 8
73 162
127 166
77 156
26 172
133 4
133 147
171 11
155 191
130 8
34 62
150 5
78 109
133 18
83 109
190 198
61 104
25 30
51 16
78 99
141 2
95 18
39 0
31 4
156 9
97 16
34 11
78 5
53 10
68 4
132 11
195 17
106 15
90 169
139 177
145 4
37 187
61 7
167 0
128 172
158 173
72 180
44 111
40 124
93 182
160 14
124 145
129 16
101 119
7 9
53 151
104 135
31 1
130 187
60 166
128 166
178 18
157 7
50 14
42 15
182 1
143 4
101 16
25 143
141 11
109 4
93 175
97 179
27 135
38 137
15 16
57 98
52 2
149 9
45 156
142 15
23 136
130 144
149 2
79 139
55 6
30 138
90 4
80 15
126 3
85 7
154 8
166 7
82 4
5 6
37 54
40 6
58 186
118 142
41 3
80 116
32 150
57 136
65 13
160 168
21 135
73 80
100 157
156 19
50 124
114 15
55 15
67 148
47 147
115 132
112 11
34 196
189 7
143 13
140 0
93 109
175 6
115 15
192 17
45 113
118 0
115 18
117 19
32 189
61 8
136 155
198 17
25 8
45 129
44 13
34 67
69 11
137 144
57 59
183 16
153 1
69 1
139 155
20 42
106 0
60 144
194 19
34 43
132 4
24 59
126 5
52 3
110 151
28 172
75 17
48 177
71 4
129 18
43 138
75 154
195 3
34 3
61 135
167 17
105 108
64 147
36 181
75 2
63 75
49 59
142 4
74 7
42 11
72 76
69 87
188 17
65 4
43 130
21 52
127 12
131 181
69 9
103 0
53 88
65 85
133 196
135 192
64 157
85 14
151 7
166 191
153 5
24 7
166 11
157 15
104 154
78 4
