163 12
34 153
36 135
132 194
77 14
133 170
93 135
75 2
143 16
150 187
97 10
59 122
38 17
159 15
22 17
112 155
157 179
105 15
52 83
12 13
106 152
52 2
130 192
84 5
80 17
64 8
155 7
23 55
0 11
35 106
146 152
62 1
191 8
58 146
123 1
32 12
164 0
70 145
116 4
67 10
103 7
155 15
35 1
110 138
146 11
118 2
192 5
58 181
95 168
88 6
3 19
119 10
181 8
76 1
195 13
79 15
149 10
184 8
113 15
147 187
160 18
26 16
48 142
108 7
96 168
81 19
140 164
163 179
54 172
45 172
13 16
166 14
79 95
66 102
157 12
118 6
75 17
51 128
98 2
108 114
73 10
70 19
120 15
152 18
115 12
37 10
85 150
111 182
71 13
63 2
105 177
89 140
20 61
79 99
102 199
8 9
132 14
96 10
9 10
86 134
196 14
89 101
195 1
130 165
26 71
61 17
194 8
142 8
24 5
103 170
57 11
129 156
82 99
56 122
105 187
87 14
23 102
109 13
146 9
35 93
44 19
98 170
29 62
110 123
51 7
50 173
127 19
134 138
146 3
44 9
38 19
72 154
61 10
76 139
82 149
39 13
193 11
65 7
172 10
21 35
45 3
58 13
39 189
45 0
186 3
82 148
144 149
41 195
165 180
106 11
2 11
0 13
75 166
2 5
76 129
26 4
76 194
25 4
82 125
101 114
80 145
152 6
41 190
58 10
125 12
20 154
109 3
111 140
66 9
83 106
51 18
3 11
76 87
173 3
105 4
73 13
108 16
68 12
149 11
87 186
150 195
56 106
66 91
144 146
141 12
186 16
82 17
23 11
60 17
132 18
59 8
80 196
135 147
166 9
95 3
78 0
168 175
185 12
110 172
59 10
73 15
25 92
136 3
77 0
109 182
125 1
33 1
150 2
49 194
196 8
101 13
160 13
107 128
148 169
50 128
40 16
169 2
187 15
50 191
168 5
131 134
98 119
60 16
98 18
23 100
34 139
74 4
72 19
127 5
48 1
27 28
106 150
158 184
159 3
61 2
147 173
75 4
76 188
138 141
108 169
38 152
158 175
130 5
21 154
38 4
60 14
153 164
35 185
66 189
66 169
78 173
50 90
115 140
94 2
87 138
76 6
22 181
112 15
139 185
151 9
23 91
62 63
39 176
65 0
187 8
57 19
36 69
26 41
172 13
83 6
101 4
165 0
44 58
187 189
110 152
94 139
170 14
99 19
165 19
159 196
113 148
113 170
183 9
193 6
110 8
66 12
27 0
100 10
196 11
124 10
125 15
86 98
35 13
75 154
174 175
171 192
86 2
106 154
56 3
47 54
172 18
104 11
130 195
54 146
75 148
91 166
22 107
75 192
162 10
85 180
43 176
91 155
115 136
143 151
178 5
60 190
114 147
62 94
91 152
187 17
142 149
134 136
49 98
113 13
86 184
58 157
62 157
58 186
36 102
124 142
146 18
61 135
131 10
15 16
161 178
97 100
185 4
106 162
183 6
128 13
32 76
77 150
197 18
146 7
66 2
117 167
45 75
155 16
116 19
125 10
110 161
118 158
169 17
44 5
26 94
92 18
42 9
117 160
2 7
38 10
100 169
183 12
147 15
102 134
110 3
197 13
67 103
84 155
77 121
138 9
23 3
175 1
35 161
28 33
128 15
111 17
99 130
25 63
43 182
150 189
75 0
119 13
90 128
62 13
4 6
182 4
72 163
112 133
32 187
150 17
119 189
174 19
66 0
142 9
63 3
80 16
35 120
114 134
25 33
69 5
4 14
132 181
124 188
130 19
47 12
46 89
84 10
64 199
192 15
43 2
106 17
177 14
98 17
33 6
81 193
196 17
52 67
171 3
24 48
146 5
35 51
80 173
87 0
35 163
40 133
105 124
159 12
174 4
76 16
92 190
22 11
29 171
79 136
26 50
4 5
191 14
71 74
93 133
62 77
107 18
20 120
84 4
90 163
73 96
39 6
127 181
137 15
84 119
63 12
44 59
112 176
99 173
136 19
43 82
122 151
191 7
53 76
34 17
2 10
47 121
107 164
83 137
191 19
103 10
102 17
106 132
44 95
118 3
104 6
86 143
103 12
70 14
130 167
59 84
182 2
160 187
130 173
95 13
77 176
28 1
162 15
138 10
2 3
164 15
59 74
31 12
73 181
92 13
165 11
48 102
39 15
93 12
79 1
144 162
60 10
23 16
20 70
162 3
117 151
126 190
114 19
198 6
1 10
21 122
47 154
89 108
32 13
88 184
141 13
60 98
136 137
37 2
181 19
121 14
122 14
155 1
106 174
27 111
163 6
108 2
39 137
100 130
64 1
172 191
74 14
97 15
68 110
88 131
1 17
1 19
6 14
80 13
102 172
198 12
24 11
82 180
62 0
194 11
43 170
156 1
113 182
43 191
170 10
132 193
7 17
184 17
49 53
115 191
48 154
10 13
152 5
4 8
124 11
42 8
41 81
46 14
45 187
29 2
84 99
0 17
126 2
58 68
141 4
38 57
118 8
24 19
78 140
33 171
77 8
60 3
82 13
51 127
70 193
55 0
113 158
22 158
37 130
113 163
102 9
47 98
110 9
71 19
114 10
139 162
143 4
40 159
180 1
102 10
151 183
83 87
151 154
99 185
96 8
66 18
179 186
76 78
6 9
26 182
118 5
89 139
127 130
59 111
57 18
73 98
115 9
177 3
73 112
119 158
71 120
94 138
149 2
153 194
33 97
22 25
51 1
69 195
83 147
86 189
117 10
154 1
22 198
82 14
151 7
29 19
188 2
78 81
192 6
139 8
93 126
35 171
55 193
89 9
25 3
93 8
35 123
115 171
97 161
114 18
48 61
97 133
164 199
150 13
26 8
188 18
124 17
40 11
133 16
155 4
50 18
22 105
65 79
169 4
151 18
130 11
21 151
64 69
44 110
157 160
94 16
78 125
107 3
24 88
82 107
61 15
157 5
157 167
73 127
187 6
91 14
60 12
69 3
172 15
117 13
36 194
156 8
32 142
28 48
105 12
133 6
106 181
141 11
34 74
57 13
6 16
0 6
30 6
0 16
162 164
28 3
1 11
114 116
52 60
118 157
44 144
64 4
33 160
7 8
113 17
133 12
191 15
31 11
92 191
79 7
28 14
150 7
36 5
151 152
158 11
164 19
108 13
73 4
54 162
24 47
145 0
71 132
193 2
56 79
132 17
161 198
54 138
73 19
2 9
102 16
160 12
196 2
83 152
64 111
32 7
71 73
32 77
52 105
60 169
164 11
151 19
53 141
44 3
35 81
86 126
80 181
31 10
22 2
160 161
158 187
23 32
60 4
150 198
50 85
26 166
65 142
167 18
95 161
128 16
76 13
130 145
22 0
59 1
126 12
67 162
53 177
172 9
140 196
69 137
143 8
47 110
7 18
155 10
2 8
154 12
87 114
52 89
125 0
104 3
59 7
165 12
47 6
106 145
185 1
172 19
54 118
29 50
51 108
93 167
21 1
184 6
5 13
152 185
140 18
176 14
177 18
167 19
51 86
34 59
90 18
22 12
72 11
30 117
114 12
80 162
121 160
123 180
23 71
76 197
109 155
92 19
89 121
133 19
47 93
46 86
186 19
20 145
70 137
24 138
194 13
58 151
90 8
28 99
54 97
172 173
46 6
189 14
166 174
96 18
165 18
134 0
89 10
30 0
33 139
165 10
96 4
116 5
94 110
7 19
73 190
36 192
44 196
197 1
64 10
163 0
96 140
49 63
28 138
54 168
67 0
195 5
20 35
51 4
163 196
64 14
143 13
118 131
47 112
5 12
142 12
60 1
26 181
48 3
123 167
82 18
190 11
69 4
82 181
7 10
73 17
35 122
173 9
40 82
182 12
103 5
65 9
197 17
86 89
9 16
167 169
101 9
39 151
32 159
33 176
47 133
148 187
65 4
53 3
168 199
24 55
136 17
100 173
198 10
164 185
39 130
86 92
23 155
94 18
28 172
92 128
117 157
5 8
68 172
36 1
46 129
13 17
24 1
148 12
15 17
119 184
48 9
109 167
66 157
109 14
21 9
37 184
49 88
105 8
158 19
125 18
77 106
26 12
78 1
41 8
128 19
149 12
70 12
5 16
75 136
153 15
36 41
59 14
64 100
172 196
26 34
23 70
32 2
64 72
57 184
151 5
108 8
119 11
136 10
87 180
21 31
107 15
11 17
41 17
24 69
142 183
93 14
133 10
101 1
80 108
44 12
73 195
5 18
70 144
20 15
101 163
198 13
58 75
161 12
137 160
159 10
38 56
23 18
109 10
58 77
81 104
6 15
67 195
114 9
117 11
80 5
62 142
152 157
107 160
100 185
148 2
154 11
45 102
63 14
106 182
34 69
175 19
129 3
182 11
28 4
167 180
176 11
174 7
132 12
44 80
184 7
94 8
196 1
185 189
138 5
112 167
160 16
87 18
43 74
48 117
27 17
31 180
10 16
58 19
123 126
173 14
63 0
115 19
161 183
42 57
110 15
64 93
14 18
79 135
94 188
36 196
89 13
96 7
44 152
72 83
47 176
118 18
114 8
22 54
50 178
151 175
60 85
55 78
72 100
156 9
64 105
1 8
110 176
128 139
57 1
80 148
89 0
23 15
53 109
93 0
59 121
85 166
27 132
199 4
131 1
63 78
58 6
34 48
48 10
3 9
158 4
95 162
42 140
106 129
177 5
166 183
23 181
134 141
8 17
66 162
58 195
167 10
112 136
192 2
178 16
64 138
169 3
184 199
122 12
48 169
22 7
137 11
25 172
23 10
110 159
21 15
43 76
151 2
143 5
83 146
58 180
95 8
27 48
85 9
54 180
47 16
29 195
170 9
64 7
56 17
120 11
40 0
28 132
74 133
83 141
110 14
36 15
49 133
100 12
127 9
121 6
20 163
55 141
23 25
146 15
92 126
98 165
123 11
182 17
190 12
80 12
153 191
151 192
71 14
178 17
47 7
146 8
176 198
29 4
26 10
98 114
138 187
47 186
102 146
186 15
59 72
124 16
178 185
27 160
74 163
179 13
127 132
119 3
90 19
117 4
142 0
170 178
118 16
128 144
38 5
109 191
146 159
133 14
129 195
68 73
123 143
25 0
163 3
60 139
121 16
62 4
52 94
39 157
61 12
32 125
34 99
62 114
84 110
111 12
33 165
47 129
54 176
76 121
28 110
37 187
61 1
122 4
26 56
72 18
60 193
129 6
156 18
37 64
32 177
59 65
7 11
28 15
10 14
5 17
133 5
193 4
27 8
116 16
24 151
30 124
168 2
9 11
156 4
89 97
176 6
46 1
76 0
49 77
119 178
88 0
101 175
82 1
99 180
167 2
91 7
160 19
77 186
76 91
57 174
22 175
187 13
58 130
97 186
102 18
71 151
49 166
93 10
126 151
61 147
120 0
74 1
109 7
0 2
20 5
141 145
56 134
192 17
0 5
116 136
98 137
97 16
104 183
107 188
81 199
54 179
97 12
38 8
26 19
104 175
58 199
129 1
65 192
173 11
123 182
54 72
157 18
49 153
9 19
94 178
88 114
12 18
162 4
20 17
161 7
198 19
130 152
57 16
26 112
70 11
84 106
65 163
114 184
116 18
136 7
108 18
55 2
71 17
41 46
158 2
111 168
60 67
158 13
175 15
0 8
170 183
98 179
47 162
118 161
174 9
131 167
74 143
86 12
130 132
36 164
17 18
88 105
59 11
50 99
20 142
29 158
157 189
56 140
51 147
188 19
1 5
44 87
115 2
27 15
52 162
46 11
96 129
61 184
63 13
144 7
158 178
31 52
12 17
71 118
64 18
155 159
134 194
113 159
110 10
98 109
190 195
50 156
163 184
82 12
99 10
176 196
131 144
180 8
193 14
30 176
52 132
38 182
136 4
85 1
20 180
93 7
112 7
52 158
7 16
69 1
135 10
86 140
110 13
116 125
119 152
66 113
41 146
139 5
162 13
151 15
143 15
108 11
57 132
57 120
185 14
47 116
31 125
87 169
162 19
85 147
21 102
112 14
91 102
95 16
24 144
4 13
140 3
79 14
96 6
177 0
54 122
84 105
81 119
29 188
54 63
81 6
43 155
138 7
151 3
148 162
35 46
73 93
40 90
142 1
167 1
58 2
9 13
122 186
78 182
34 18
48 107
127 164
25 151
69 130
104 19
26 58
56 125
36 49
62 65
25 77
26 82
31 152
40 18
28 101
122 16
97 131
58 123
178 13
144 4
58 98
4 18
95 105
47 2
74 89
84 12
88 109
73 90
68 6
157 19
108 9
74 187
124 4
168 8
55 130
61 7
53 80
161 4
90 3
124 174
88 11
123 5
21 157
111 158
39 8
40 124
47 17
41 9
114 185
41 184
195 16
36 101
65 123
40 19
58 14
101 7
162 18
34 5
74 13
193 16
120 144
136 140
39 120
168 16
75 199
155 14
81 143
64 96
53 2
154 176
31 19
111 3
146 189
103 181
160 1
175 17
160 4
32 43
62 154
188 190
35 12
46 13
28 125
54 77
92 170
58 92
37 163
189 16
56 190
6 13
33 15
98 105
78 13
139 12
188 192
10 11
27 78
78 168
67 106
109 1
98 128
93 188
53 162
122 145
20 8
68 16
35 49
99 11
46 74
115 13
145 1
37 17
21 197
148 183
86 137
91 8
64 5
87 132
55 5
28 70
35 15
71 7
44 1
162 9
154 14
87 121
132 180
143 1
69 191
167 9
52 178
174 8
139 11
199 0
63 179
192 199
6 17
188 12
83 108
24 40
42 12
46 10
49 14
77 17
14 17
5 15
83 13
133 138
26 155
17 19
104 5
107 0
88 8
182 193
97 168
170 15
4 16
62 78
89 146
25 62
94 6
86 4
41 7
73 12
34 3
23 143
67 14
95 116
93 9
96 138
188 9
81 151
184 187
64 193
95 173
51 137
57 195
63 163
111 142
44 7
29 30
111 179
186 18
144 171
37 66
158 7
29 15
156 164
93 15
67 121
59 2
22 8
106 191
197 10
150 152
85 5
81 91
78 84
70 160
45 10
146 2
199 1
164 7
120 133
45 70
50 188
32 80
128 5
149 183
1 18
176 2
89 177
97 11
69 76
110 195
188 7
26 17
111 10
99 13
92 188
88 143
11 14
108 129
24 174
95 187
38 158
85 168
1 6
104 9
151 197
58 74
8 15
61 13
52 13
93 4
79 172
189 11
40 145
2 4
175 0
132 6
63 130
9 15
102 186
120 9
95 12
4 19
197 0
192 16
42 137
190 194
62 148
43 159
76 4
73 108
48 4
20 138
29 111
73 106
21 79
78 19
70 15
163 181
127 3
32 124
38 11
37 172
72 10
133 165
177 10
25 54
87 1
50 2
118 139
145 173
23 38
103 15
35 44
141 186
99 184
56 150
112 10
53 8
85 137
118 166
186 9
49 99
40 2
68 2
81 160
54 78
33 18
139 146
148 14
31 198
26 9
47 144
117 3
184 19
86 9
24 10
52 19
106 14
100 163
147 13
8 12
109 139
57 154
161 11
126 7
88 150
53 5
11 16
102 11
20 34
137 140
105 110
132 19
2 16
167 15
174 196
37 140
97 14
144 9
98 103
94 19
127 136
13 19
189 19
130 185
100 174
53 9
60 100
136 145
78 139
156 174
21 133
5 7
116 140
80 1
33 167
98 6
154 162
33 40
45 13
110 184
29 17
117 125
88 102
22 50
34 60
162 6
157 9
108 171
179 2
111 116
44 8
104 154
85 6
145 16
8 16
43 11
85 120
64 6
99 8
156 17
72 188
33 62
35 0
137 1
148 167
109 187
137 2
134 2
99 175
32 57
176 1
166 12
78 164
166 180
138 6
13 18
74 11
121 3
111 7
131 152
93 199
119 9
156 10
96 148
106 187
107 7
82 85
2 19
38 77
165 2
29 164
110 160
33 3
22 74
63 8
78 151
23 136
68 8
30 10
20 74
164 167
153 178
138 166
116 141
61 148
148 154
86 155
20 89
80 8
11 13
44 159
47 90
0 1
189 5
56 8
108 17
170 1
37 118
81 96
38 194
44 18
10 17
33 135
34 15
137 3
75 8
104 7
88 2
31 116
41 5
189 6
133 4
33 168
52 18
127 168
173 0
133 11
10 18
113 199
129 16
183 14
28 199
8 10
13 14
134 4
67 141
117 152
54 3
56 115
110 6
119 19
59 133
44 15
54 2
85 8
142 13
29 96
128 167
55 7
98 4
59 16
130 163
136 0
89 100
45 168
89 4
94 12
73 116
39 60
83 16
153 12
38 154
100 191
46 70
46 68
41 6
179 5
109 123
1 14
88 147
40 6
99 1
6 12
30 186
185 7
133 15
24 52
85 14
78 155
20 92
44 0
108 191
132 4
91 144
170 3
68 147
71 11
20 71
81 0
121 125
39 79
64 145
45 177
129 10
126 17
121 18
33 14
94 7
72 14
153 0
40 63
155 177
6 11
145 182
123 10
66 188
22 18
37 9
188 16
135 152
134 14
171 1
3 10
94 177
91 13
113 5
39 68
28 73
113 0
0 12
161 168
178 7
78 179
4 11
48 171
122 139
110 182
199 2
40 61
68 15
158 12
95 113
56 14
27 104
100 3
101 122
41 182
32 62
77 2
116 181
72 103
91 18
95 150
114 14
129 12
70 2
43 163
68 7
11 19
116 197
42 116
76 19
6 19
74 107
184 18
39 162
90 11
145 12
20 49
97 142
7 12
133 156
55 185
86 18
38 9
79 134
178 0
51 164
39 182
104 182
42 11
176 13
34 144
157 0
138 171
96 167
54 190
114 141
26 15
132 135
50 3
45 16
38 0
60 15
5 9
25 129
40 10
24 93
20 128
96 172
42 168
12 16
31 131
92 15
140 159
148 175
130 135
56 161
53 77
103 0
27 178
189 2
3 7
123 174
15 18
10 12
39 43
38 3
147 6
118 4
112 170
31 16
150 6
167 17
60 191
55 143
96 17
124 9
26 18
108 118
99 110
119 17
43 71
144 186
103 16
140 163
179 199
127 156
87 113
78 9
40 137
25 168
80 4
51 114
50 0
61 76
94 5
52 17
133 2
82 15
44 6
191 3
41 130
191 16
26 188
82 7
97 114
66 118
183 10
146 4
70 1
70 89
129 9
150 9
122 134
53 123
32 4
105 193
125 13
74 84
145 14
121 122
20 152
25 6
109 11
30 32
185 10
62 170
115 155
45 12
87 10
22 6
115 182
82 155
115 3
45 1
130 4
129 7
31 109
105 155
105 17
102 108
196 5
96 1
36 4
132 7
138 160
53 86
114 6
154 157
105 133
114 16
91 153
133 185
33 19
21 19
158 9
20 132
24 12
24 103
37 108
78 8
21 186
57 185
72 178
33 159
68 5
100 4
35 8
180 17
125 180
27 19
14 16
92 133
103 8
184 13
58 3
152 11
104 17
42 10
63 83
80 184
179 10
54 188
174 18
86 97
9 18
33 196
153 171
92 6
143 11
126 156
20 3
109 15
22 176
49 8
75 19
8 19
62 141
3 17
57 12
22 184
68 186
66 6
47 134
102 184
39 7
119 162
66 73
155 18
129 17
22 147
56 185
20 107
75 134
61 16
67 19
67 79
34 82
120 165
127 11
27 116
92 3
28 193
68 196
77 9
24 34
134 7
165 6
164 189
111 151
138 19
95 133
88 5
55 144
113 178
63 70
169 9
191 0
171 13
44 105
30 5
74 6
111 2
85 2
181 3
51 17
27 120
58 64
49 57
59 4
90 17
50 121
168 4
194 3
114 15
107 158
91 0
126 19
140 16
129 187
137 0
21 125
151 181
195 17
143 148
128 186
179 18
155 11
103 19
127 143
131 3
114 166
199 9
137 173
190 9
155 8
85 16
105 10
155 174
23 4
95 10
98 127
107 10
73 191
69 0
84 158
194 0
157 174
57 7
171 179
117 0
109 160
59 13
114 11
186 17
33 92
55 61
49 9
68 106
67 198
73 85
31 0
46 91
196 12
27 3
67 159
120 18
154 16
35 101
94 154
76 158
154 8
89 91
35 110
36 2
87 135
115 5
37 7
96 128
113 125
140 150
119 15
156 14
71 196
131 12
94 17
108 10
97 128
109 6
39 76
62 195
53 126
110 17
67 3
134 9
22 120
68 163
37 189
132 8
190 2
22 133
38 161
33 37
27 14
75 102
54 60
4 17
126 127
98 8
155 0
157 14
55 18
107 2
2 6
37 132
76 18
84 7
183 19
33 106
6 10
55 111
32 167
64 68
78 126
145 17
33 17
7 15
69 16
3 15
20 119
139 153
120 17
119 151
96 15
62 131
88 9
109 8
26 3
27 144
185 199
90 2
118 182
95 4
88 18
101 8
157 194
193 17
39 159
94 14
58 15
54 18
21 148
80 174
71 10
83 103
37 8
81 173
124 12
56 10
42 110
99 14
171 4
134 13
75 77
140 176
23 182
144 11
33 56
24 18
47 4
117 19
61 63
39 1
110 2
35 14
77 19
3 13
147 199
61 120
106 175
163 165
171 15
176 12
185 2
185 191
153 167
131 155
148 156
125 127
134 150
79 17
50 77
65 6
123 16
174 6
52 61
122 199
46 3
138 12
44 4
94 10
16 19
53 150
86 178
172 3
44 53
91 4
153 19
54 13
86 0
49 145
21 195
113 128
22 9
24 68
24 36
178 9
166 7
149 152
22 141
80 11
59 15
174 197
116 12
196 198
28 121
143 2
0 9
78 175
21 152
171 11
66 174
68 138
145 9
75 139
22 46
68 164
92 17
140 9
109 120
155 19
92 156
56 5
24 86
189 9
189 18
56 114
156 7
100 1
36 9
79 9
46 138
49 16
57 2
161 181
89 159
0 10
74 191
71 103
188 3
85 167
105 146
60 116
151 11
35 47
86 8
65 19
35 138
88 132
89 118
184 1
115 8
117 131
36 3
24 44
69 103
110 122
191 18
56 189
123 7
47 84
127 14
33 111
40 72
183 5
12 19
105 194
32 15
90 178
123 17
49 111
62 7
112 8
101 152
148 171
48 128
44 188
45 178
57 148
29 3
59 136
125 7
1 3
39 9
8 18
193 18
98 7
24 63
59 117
96 177
41 1
119 153
42 188
104 140
63 151
44 137
45 6
199 15
56 9
36 125
67 1
32 64
5 11
69 179
169 15
110 144
51 158
175 16
120 5
80 9
69 74
55 66
120 4
70 0
21 7
25 106
28 50
184 9
43 10
142 15
150 0
96 5
133 9
140 191
92 114
126 15
50 11
192 12
79 175
193 10
57 173
114 149
172 11
54 12
163 187
46 76
67 18
153 8
58 78
96 14
54 173
170 17
177 197
123 147
39 52
53 129
28 85
77 108
84 18
100 14
150 160
31 159
108 1
127 18
156 165
188 11
133 191
100 19
39 124
41 12
23 112
123 190
58 99
102 7
67 93
35 9
43 14
64 11
30 109
51 107
86 197
46 12
131 8
42 6
110 18
93 171
47 175
90 110
47 137
70 141
126 6
73 124
128 14
152 153
39 14
113 12
117 195
78 4
40 195
81 7
58 152
103 187
0 4
90 15
34 2
49 177
90 133
183 16
47 94
114 152
50 71
39 147
177 4
175 10
31 2
71 141
32 16
69 7
28 13
199 12
171 10
25 171
128 1
69 128
31 9
178 10
172 8
116 0
43 183
48 119
39 167
75 96
44 141
179 8
131 174
126 139
104 16
176 17
52 7
3 8
9 17
43 167
51 167
45 47
4 9
41 14
48 19
163 2
132 169
197 11
67 6
154 15
127 173
15 19
67 123
67 114
49 118
11 18
131 19
179 19
64 120
76 171
102 165
155 17
199 3
57 171
79 177
52 91
149 174
34 6
89 150
47 18
141 193
177 9
95 14
65 151
82 135
195 11
2 14
88 129
90 0
28 7
168 15
12 14
95 145
56 174
26 123
27 89
77 5
1 13
46 60
165 179
58 67
30 84
41 84
131 4
43 7
111 9
85 12
156 16
24 96
120 153
52 92
148 10
123 139
1 4
23 199
117 158
78 16
180 15
128 7
42 136
48 73
65 122
49 64
157 6
140 4
71 1
136 13
153 3
149 161
34 197
69 88
25 14
167 188
197 9
197 4
73 170
141 14
28 135
67 88
34 73
46 16
35 64
106 190
148 0
96 146
25 19
30 187
90 6
63 126
149 193
153 198
22 117
151 12
169 8
29 146
195 6
166 8
47 13
61 87
25 44
135 17
47 0
102 107
95 164
76 98
141 158
111 192
90 161
132 0
110 165
84 3
78 3
35 37
103 3
80 156
148 158
30 130
38 86
149 15
193 13
85 7
46 115
57 135
31 18
29 14
83 167
85 0
106 13
116 10
134 8
112 17
33 11
67 7
41 4
55 4
78 100
112 12
186 6
98 11
59 178
110 129
92 169
48 82
30 7
22 70
61 97
70 112
183 4
143 19
116 133
102 12
183 15
109 190
133 196
103 198
106 124
90 105
0 18
168 174
68 119
139 13
36 45
21 25
118 171
125 190
78 183
45 80
155 169
77 91
177 6
80 199
92 16
149 7
54 16
61 6
101 157
125 199
163 5
8 11
169 19
78 152
30 105
59 3
73 11
66 8
124 141
22 146
188 10
32 18
135 18
31 156
68 9
130 2
63 11
47 60
148 13
119 134
83 0
141 196
48 7
59 66
117 145
125 157
77 4
172 6
11 15
3 5
91 170
22 104
180 11
118 17
42 123
73 6
5 19
82 143
105 18
90 5
54 130
93 104
150 1
196 16
108 189
60 8
0 15
55 6
192 8
146 6
121 141
2 17
131 2
112 2
156 159
50 4
90 152
38 199
166 17
181 9
36 77
70 7
123 14
3 12
144 13
182 14
1 7
81 3
22 40
96 130
25 124
45 54
112 1
50 197
128 12
62 130
51 10
82 162
45 140
62 16
59 118
98 0
72 137
79 107
62 181
29 76
121 15
150 12
146 194
107 6
133 162
118 180
153 169
162 0
51 125
157 186
177 1
29 8
32 127
49 7
180 18
170 0
4 15
131 9
31 17
74 2
44 172
56 194
1 15
101 19
137 159
50 167
62 5
91 128
28 90
42 45
106 156
122 9
21 140
75 83
97 5
53 11
134 172
58 101
49 10
53 16
43 195
111 8
157 11
142 4
107 118
101 143
77 15
95 15
34 137
110 11
140 143
164 1
132 163
195 18
102 124
33 138
136 11
92 94
118 0
57 129
178 4
46 17
37 159
53 153
174 14
91 193
184 10
94 190
131 13
29 87
54 95
161 2
70 3
38 6
45 62
70 17
194 7
32 123
50 57
82 189
145 163
46 75
50 125
71 16
86 193
81 130
86 17
89 16
32 53
90 100
28 179
59 100
27 68
54 88
27 6
20 141
166 173
170 4
106 19
34 176
4 12
86 95
90 182
133 145
133 1
4 10
42 181
177 191
2 18
44 176
4 7
96 187
88 121
57 125
158 8
90 131
132 3
102 122
93 175
18 19
71 143
108 198
151 17
146 19
52 160
67 160
35 105
189 7
43 127
34 13
26 77
84 8
77 120
66 186
94 173
126 134
149 19
44 13
62 122
49 15
181 6
23 31
145 158
31 14
14 15
107 121
149 4
142 17
73 105
29 178
112 145
141 189
112 11
166 0
67 150
47 149
92 96
108 147
60 129
52 99
2 15
50 105
57 147
76 96
170 13
38 195
149 16
114 179
167 14
106 140
132 148
33 59
115 6
75 138
69 174
106 18
117 147
30 197
25 78
38 98
81 134
98 5
156 157
145 191
73 18
114 7
78 12
105 183
23 61
27 115
80 139
53 17
81 13
69 83
39 92
146 1
70 90
38 15
62 74
147 180
151 167
34 135
105 11
138 17
49 163
162 11
36 75
68 135
62 11
54 80
129 11
57 4
40 79
122 15
20 159
182 6
79 10
115 16
34 0
80 19
25 70
29 6
149 184
166 18
76 15
55 165
75 12
20 24
127 142
188 1
54 10
3 14
166 11
155 188
0 7
97 188
26 6
1 16
146 177
73 7
53 97
105 0
63 173
187 16
197 15
79 3
167 5
1 12
36 8
35 16
39 70
35 2
85 157
41 179
101 133
48 85
88 1
149 1
37 4
68 83
135 11
135 176
55 88
92 5
129 190
190 5
57 142
69 70
132 190
143 0
156 185
35 159
2 12
192 14
56 6
158 3
142 10
94 13
48 97
41 10
131 143
53 163
56 135
43 132
143 18
185 18
75 9
166 197
100 15
164 10
81 5
76 152
74 3
174 16
80 188
39 41
44 113
141 18
181 11
126 130
96 101
76 8
123 3
8 13
34 140
110 4
10 19
137 17
66 15
117 18
101 5
141 17
1 9
38 62
141 5
87 5
32 194
102 15
115 17
7 14
160 10
66 100
106 10
53 7
64 119
51 182
5 14
65 90
23 171
58 0
24 8
45 61
71 5
61 19
180 12
49 69
66 10
40 139
23 97
31 3
129 175
70 103
49 11
33 86
165 1
165 4
57 10
145 153
137 6
60 64
130 16
176 15
29 43
159 194
150 5
126 128
131 18
78 132
61 117
176 5
196 10
130 186
23 0
93 140
108 0
24 111
1 2
196 13
100 156
75 14
41 97
120 10
183 13
135 14
31 140
64 191
79 198
95 2
43 0
72 17
119 4
87 7
105 16
77 139
63 196
163 19
45 189
151 173
37 82
48 124
33 130
9 14
149 17
178 198
81 18
199 18
84 15
149 8
85 102
22 190
138 193
100 8
32 11
122 11
45 171
47 120
23 13
39 10
71 84
51 99
174 10
26 115
42 15
145 10
70 10
116 147
85 13
115 11
120 161
140 8
64 15
93 136
42 58
198 14
21 121
163 9
27 94
130 1
165 3
173 5
101 149
164 180
134 195
108 15
63 129
67 91
54 5
48 12
86 125
62 109
42 180
25 2
188 15
21 177
73 84
117 127
46 96
87 3
8 14
101 14
21 97
199 19
128 18
70 157
120 156
80 134
20 36
141 9
33 162
3 16
66 19
117 146
193 3
61 73
23 190
60 177
148 9
104 10
174 195
194 2
30 97
39 16
65 117
60 117
101 178
53 71
62 125
6 18
137 193
186 12
45 97
46 180
93 115
69 8
13 15
87 187
182 183
88 10
99 189
16 18
130 178
40 130
6 8
53 91
158 18
101 12
156 171
36 66
169 1
168 188
194 12
159 1
