61 91
171 183
171 12
147 11
168 17
145 14
177 190
92 105
20 75
99 18
158 5
94 13
62 104
128 154
24 119
195 0
123 8
41 11
147 17
186 191
188 14
70 76
3 19
47 198
53 18
77 19
94 1
123 12
155 8
5 12
55 74
129 154
27 8
32 155
48 9
168 5
153 161
118 168
157 10
42 135
65 72
166 18
150 15
177 12
92 8
96 15
105 8
102 177
186 14
190 9
142 193
60 188
58 60
55 4
156 15
98 14
157 6
157 17
81 119
96 1
185 10
70 102
139 193
190 1
49 6
50 126
29 70
119 2
32 16
81 16
108 17
31 44
109 9
30 90
87 176
53 165
185 11
114 9
41 9
97 193
56 0
188 7
180 12
92 0
159 11
173 15
168 3
120 0
51 5
193 199
142 0
49 11
4 6
116 2
41 197
82 148
87 124
85 142
34 0
78 95
102 140
65 112
53 188
26 184
33 193
140 5
81 0
17 18
100 9
139 15
132 171
98 9
28 39
40 154
102 112
184 14
84 15
161 14
5 10
28 156
152 161
128 1
100 8
66 9
41 143
88 5
52 96
116 118
91 17
193 14
151 173
21 11
35 19
44 15
118 10
121 193
66 14
154 18
189 19
110 16
121 134
91 2
28 125
83 9
128 151
74 17
59 64
142 5
86 18
115 129
177 6
21 17
41 14
162 4
122 19
38 142
0 2
168 189
31 52
34 5
64 72
119 171
146 17
124 10
129 5
147 13
100 103
58 115
151 166
70 143
58 5
47 3
122 158
45 15
168 16
169 13
108 9
77 123
134 16
78 15
143 179
15 17
112 19
67 157
49 154
136 18
82 113
186 2
124 15
82 13
81 191
88 136
170 14
162 171
129 12
146 12
29 52
146 147
99 5
50 182
77 164
51 151
42 116
32 130
165 188
24 19
98 188
106 5
124 139
37 135
53 1
83 177
46 191
196 17
155 162
136 189
5 17
145 166
55 153
31 138
174 5
32 17
55 128
116 157
46 137
20 14
24 3
102 127
159 176
23 16
102 145
76 16
149 18
123 178
75 132
136 171
27 180
35 102
39 41
159 14
144 157
198 7
173 13
62 16
95 15
76 91
106 17
82 184
137 4
7 8
123 11
159 8
152 170
31 8
119 8
111 7
37 69
63 103
114 159
135 186
140 19
102 173
40 4
80 120
71 192
175 1
98 8
86 13
103 176
66 160
128 5
84 14
175 12
145 191
73 107
125 168
113 7
86 8
9 14
149 2
103 186
34 137
133 8
64 1
42 136
109 19
103 152
94 169
128 140
173 195
92 4
27 173
64 167
138 7
93 102
166 5
74 195
78 140
0 1
86 4
69 153
89 114
170 13
41 0
98 168
74 187
9 12
66 12
7 9
45 4
163 12
40 2
162 178
58 165
117 185
198 10
175 198
193 7
145 1
167 15
14 19
63 86
188 9
180 18
192 18
78 143
71 80
80 84
196 10
85 126
81 182
107 17
104 15
10 14
70 8
69 150
150 4
75 135
155 185
24 17
115 15
34 89
193 16
38 0
116 136
139 190
59 119
113 13
77 100
57 170
62 8
66 7
97 17
199 13
82 151
103 107
43 5
132 18
87 107
175 14
115 167
182 2
66 6
111 114
49 144
144 9
195 17
88 91
79 18
76 15
117 188
126 1
143 157
68 11
135 11
190 6
2 13
149 19
135 8
33 42
191 17
124 7
71 143
96 7
169 3
44 11
24 170
155 11
37 120
33 10
31 196
41 10
99 15
26 169
64 3
180 2
104 13
103 13
45 77
21 130
51 104
102 8
97 121
25 89
41 141
114 18
26 11
83 2
50 83
118 173
82 11
22 72
6 19
98 114
50 156
88 120
79 163
112 185
32 113
104 183
103 134
38 15
163 2
23 167
135 161
60 62
77 88
144 173
139 147
80 16
121 171
123 126
124 16
33 4
53 101
164 4
178 192
186 17
47 82
10 17
114 158
145 189
26 163
163 8
59 194
138 184
107 13
164 11
102 13
30 122
62 65
149 11
100 14
143 18
72 161
162 7
109 153
149 17
72 16
26 10
108 120
98 17
146 18
94 162
5 14
143 3
35 9
73 138
186 12
77 10
107 11
5 8
53 16
49 117
110 8
42 17
99 6
175 4
33 6
7 15
166 19
23 40
1 15
155 18
27 0
26 132
195 3
85 13
63 80
124 143
58 9
76 176
188 6
57 6
64 5
109 6
43 94
134 3
143 188
63 193
131 143
27 102
62 182
28 1
79 152
113 132
112 7
12 17
125 10
53 5
130 145
77 146
33 173
83 84
65 0
33 18
40 72
93 5
92 98
90 2
8 11
52 151
64 18
50 58
68 5
84 90
114 7
132 10
49 182
128 192
66 77
58 6
31 11
117 12
122 145
125 169
91 18
123 14
118 171
197 18
88 14
168 2
181 0
98 186
43 8
25 94
46 7
149 15
49 19
134 14
122 142
94 197
96 182
104 195
91 13
155 172
130 10
102 107
6 7
42 48
124 125
134 18
62 172
72 147
156 4
34 125
4 19
158 1
184 12
82 175
148 15
62 10
109 156
189 18
30 34
114 115
52 16
35 103
162 2
41 196
132 176
133 140
89 145
99 158
135 10
116 171
77 187
157 1
180 11
37 44
89 157
29 11
54 106
116 139
48 1
158 17
35 12
132 9
135 6
196 2
114 155
32 102
127 181
154 19
73 16
140 2
20 153
65 79
39 83
89 9
33 2
22 9
42 131
140 142
99 7
34 12
143 17
182 11
91 14
23 5
120 122
166 13
77 5
177 7
113 187
106 147
145 16
93 19
60 19
55 19
178 193
54 180
39 189
88 145
73 178
150 155
99 118
191 9
35 100
115 123
119 120
145 184
60 192
59 132
86 12
72 194
137 16
18 19
190 3
93 3
100 104
108 6
99 117
94 173
74 164
59 172
106 15
61 139
169 11
159 12
192 15
39 190
32 10
81 8
1 18
86 190
169 18
49 123
97 3
57 106
91 6
160 19
152 17
191 18
59 186
1 11
45 53
102 4
25 27
119 14
66 82
157 3
148 8
63 15
68 97
195 15
42 143
36 113
183 18
5 6
169 6
106 118
136 10
118 119
100 151
187 7
104 198
2 15
85 19
125 7
120 183
132 6
48 16
112 138
187 19
28 195
147 2
2 5
4 14
50 4
154 171
40 19
67 188
0 3
147 151
148 5
112 113
180 6
26 110
176 19
117 17
169 8
78 11
166 199
88 17
183 15
104 177
23 125
52 8
88 10
51 184
73 82
181 19
175 194
68 15
105 175
164 180
165 18
120 198
77 13
88 103
54 0
48 95
108 3
79 138
110 5
132 0
95 118
185 16
61 184
89 155
101 112
143 10
136 16
78 121
73 173
23 109
87 13
154 11
83 10
24 11
90 150
67 12
150 2
181 4
127 186
4 17
133 135
47 99
169 187
29 4
41 75
121 2
35 0
63 7
94 5
103 10
52 125
150 194
57 159
178 9
131 3
58 2
37 16
77 118
153 186
9 11
0 15
1 14
167 17
186 16
58 171
51 3
156 10
175 7
56 13
136 4
23 18
122 156
60 10
73 11
185 5
75 129
28 7
115 9
49 171
64 9
63 2
88 92
7 19
20 100
132 12
1 5
26 60
134 8
97 16
114 8
152 9
78 8
46 178
140 143
101 5
30 95
3 6
51 90
20 141
33 87
60 72
127 164
64 0
70 176
142 195
90 14
113 11
192 2
179 199
47 77
129 4
50 167
64 65
76 84
184 17
161 170
89 12
173 17
170 18
123 175
3 11
32 108
20 8
58 1
88 102
77 16
138 10
51 7
71 4
191 1
151 9
2 8
75 15
50 199
23 12
91 11
154 17
95 4
136 137
31 57
80 5
99 199
101 194
41 7
9 10
69 7
73 130
112 152
89 18
64 99
176 5
128 4
194 9
124 13
22 137
196 16
84 3
181 16
39 9
176 179
45 180
45 78
140 171
25 170
163 7
134 1
174 12
35 152
180 181
81 190
126 10
131 133
199 0
88 4
1 13
52 13
136 11
60 8
20 37
120 136
134 144
20 39
41 114
23 149
32 2
61 3
48 58
46 2
60 155
80 163
176 15
132 8
178 0
69 11
88 127
173 11
101 138
91 127
62 17
138 153
64 12
32 119
145 5
101 15
195 9
166 2
79 8
62 133
184 5
127 17
46 12
143 15
54 4
183 12
59 13
26 2
94 6
137 174
14 18
152 5
67 11
75 3
4 16
79 119
120 166
51 107
57 16
113 1
36 167
53 173
141 178
172 3
4 18
133 152
81 178
90 18
104 162
161 189
104 6
178 10
0 17
1 9
172 16
28 182
128 193
170 189
59 8
26 150
4 7
34 154
32 109
64 140
106 14
25 81
36 14
135 1
75 119
91 112
93 153
96 14
56 154
192 11
54 123
51 94
88 138
58 169
130 16
37 14
101 108
60 17
88 1
126 7
62 90
30 179
49 1
123 0
144 1
63 145
91 193
50 150
6 12
88 3
110 158
68 111
91 174
85 12
4 12
96 13
123 10
47 15
138 198
29 7
137 2
168 171
168 0
103 3
143 5
186 19
106 121
35 69
110 199
56 63
67 170
67 181
133 184
59 143
23 168
56 89
42 70
54 16
108 199
100 10
43 198
174 7
111 6
161 181
82 150
194 8
27 86
39 52
55 63
87 7
187 192
180 8
90 110
198 1
135 17
31 122
37 46
103 192
124 136
61 18
28 12
160 6
50 12
74 0
153 6
33 81
116 138
104 161
31 83
40 91
167 2
32 178
155 2
112 17
68 109
143 19
72 155
45 142
173 10
80 140
116 14
117 5
119 156
78 14
75 179
119 13
182 12
147 8
160 17
120 18
50 18
98 127
139 199
168 193
118 148
45 13
148 6
51 56
48 3
90 115
25 15
89 149
21 143
123 179
23 104
55 196
110 189
186 13
46 158
3 15
4 8
160 197
131 17
27 150
172 5
79 122
143 172
23 7
26 33
12 13
34 16
72 2
68 1
88 104
68 107
51 188
114 122
39 103
128 9
3 4
53 2
129 174
27 174
98 176
47 151
129 184
27 108
69 117
54 18
100 15
23 2
63 16
118 3
196 5
118 4
99 182
60 14
9 13
175 18
139 1
34 3
185 8
45 72
132 11
164 169
63 125
46 11
23 172
118 158
88 185
38 11
141 144
132 4
26 41
198 4
167 11
46 64
126 12
28 140
142 151
101 192
73 7
79 10
141 10
129 13
29 97
157 169
154 6
183 198
63 19
196 3
181 13
5 19
77 139
5 18
141 1
111 132
50 15
28 170
145 11
22 12
152 180
156 2
47 17
75 12
29 79
35 82
95 5
34 69
172 194
137 7
37 6
39 1
84 7
1 2
25 104
108 139
40 60
186 6
156 1
37 4
78 17
37 146
120 10
125 2
141 8
3 9
70 5
132 16
37 160
41 19
44 190
20 162
83 19
199 8
94 4
82 158
71 15
61 17
2 19
94 19
70 106
63 14
78 9
51 16
122 3
62 5
177 17
143 16
21 44
199 18
195 7
160 10
40 172
37 19
106 189
197 8
68 103
129 192
25 195
106 3
141 18
109 10
92 148
150 17
125 1
148 18
184 1
56 182
109 2
167 169
44 176
41 6
36 188
2 9
145 10
181 3
70 98
6 15
60 144
37 178
142 15
158 165
88 195
142 179
63 13
104 152
64 17
56 14
48 175
144 16
76 186
107 12
66 154
129 1
161 196
34 17
35 176
13 16
55 2
24 80
23 198
126 17
136 167
75 16
99 120
56 4
42 2
110 178
67 160
72 158
24 9
11 19
104 16
70 113
0 7
141 17
152 173
133 17
27 30
32 6
130 1
73 15
101 7
103 114
198 12
14 17
198 9
166 6
90 19
60 16
3 12
98 7
45 6
151 11
57 144
199 9
84 12
50 9
43 13
43 119
58 182
7 10
106 9
23 102
31 108
81 15
37 42
57 76
148 3
3 13
137 165
28 127
98 3
66 172
60 135
186 3
36 17
170 12
152 175
27 5
20 143
153 19
75 2
194 5
147 9
50 51
10 16
80 98
44 10
61 84
130 17
162 8
102 169
67 1
146 10
140 17
57 19
52 195
97 171
42 60
77 85
23 163
98 2
93 161
75 103
88 19
130 15
1 4
39 8
98 18
185 19
182 13
59 16
111 154
108 181
42 9
134 9
30 40
90 191
87 16
62 124
96 146
24 13
179 10
36 156
59 144
162 180
161 8
31 51
10 13
89 102
59 6
129 165
28 102
81 5
108 8
45 132
36 133
83 155
84 172
183 10
4 9
115 2
75 4
169 17
25 152
121 7
61 106
23 136
68 169
101 131
26 131
108 119
41 13
21 110
191 6
50 6
130 11
63 71
66 157
110 186
46 8
8 18
168 195
105 116
98 192
59 86
151 5
68 3
139 7
71 16
23 62
151 15
123 9
65 12
126 130
132 184
199 2
68 108
183 185
144 172
177 11
85 17
49 51
22 64
79 102
146 197
108 124
34 46
74 15
36 110
85 7
22 10
118 134
49 159
118 196
107 128
39 118
138 0
155 181
100 19
195 10
198 2
55 62
108 188
107 195
59 190
28 8
189 2
178 16
33 80
27 17
100 159
65 183
153 10
127 10
61 2
46 5
104 1
83 160
48 187
130 196
119 122
135 3
89 139
30 87
47 59
109 181
37 148
145 174
76 195
93 10
52 4
62 118
68 6
113 147
136 19
58 123
41 183
159 7
77 135
2 12
63 178
152 10
144 154
98 100
55 80
197 0
14 16
129 9
78 1
138 14
161 18
92 19
192 19
21 72
143 159
48 55
27 182
62 157
144 2
3 8
179 12
170 10
101 158
82 5
39 115
131 6
142 19
174 2
128 11
68 7
65 8
132 1
36 18
24 60
151 7
110 17
30 113
150 159
46 78
104 9
69 14
133 11
26 17
20 7
54 137
64 136
93 120
118 159
136 14
37 99
73 152
50 132
90 1
6 18
109 175
24 145
3 18
10 15
62 89
28 79
107 191
150 173
75 93
186 0
28 198
172 0
95 6
78 142
146 7
143 11
180 1
137 13
37 141
28 164
196 9
4 5
26 128
59 5
36 138
135 159
75 14
22 66
0 4
42 65
128 159
158 172
153 190
85 9
51 10
21 78
61 168
26 88
175 13
2 6
51 159
59 1
174 189
25 10
22 0
81 134
127 152
32 141
116 191
136 6
100 131
54 95
183 17
41 12
172 181
35 8
83 12
89 4
187 4
41 69
135 13
194 4
57 194
78 5
21 135
151 152
23 117
92 3
76 165
117 14
98 19
43 152
39 139
20 96
190 13
161 15
178 13
176 14
143 9
178 2
172 197
126 14
85 130
92 144
102 0
95 12
42 109
157 7
189 8
76 18
122 9
93 172
190 0
59 10
21 152
43 127
42 77
196 12
30 151
65 197
60 145
26 18
91 140
59 19
165 12
42 10
46 75
146 19
23 41
38 5
191 10
121 137
76 162
63 136
53 174
77 134
113 3
90 0
174 1
119 160
60 159
60 96
0 10
80 12
36 115
102 184
30 97
86 138
149 9
158 189
52 169
181 2
81 3
27 90
126 19
114 194
179 2
37 81
174 9
48 178
56 6
141 12
109 158
122 141
38 81
26 108
38 10
33 14
52 1
121 187
106 168
107 15
81 127
29 36
111 16
189 5
17 19
36 9
54 158
63 160
63 94
117 159
107 6
61 9
184 7
35 186
50 158
195 11
60 18
49 198
53 17
8 14
126 196
47 57
110 166
163 185
48 8
40 14
1 7
51 125
158 3
0 19
26 9
58 141
66 3
112 14
146 4
152 162
48 162
145 9
127 13
20 101
67 82
109 118
88 154
44 98
99 143
135 5
114 132
58 85
161 0
23 6
122 0
32 99
59 3
68 155
103 1
160 190
138 6
123 164
28 9
32 1
187 16
146 164
129 2
160 0
127 179
35 11
8 13
99 2
54 152
55 13
64 4
87 119
92 14
58 10
63 5
43 11
64 178
6 13
80 165
99 180
20 65
30 152
81 11
173 16
159 1
66 187
94 119
122 5
183 19
36 47
107 162
186 4
121 9
93 8
126 6
61 11
130 135
121 131
156 160
102 1
13 19
66 102
180 10
159 13
84 13
101 19
173 2
77 158
85 192
92 184
117 8
46 15
24 132
46 140
79 17
170 3
71 19
121 12
193 3
56 195
165 0
68 92
121 15
97 7
108 5
100 3
7 17
53 146
52 0
67 14
93 2
67 166
70 6
8 10
160 15
29 195
47 0
2 7
130 14
21 70
25 101
111 187
133 154
130 172
117 125
78 18
179 3
8 17
31 4
106 119
132 2
141 4
171 3
115 180
68 191
157 5
25 175
55 58
183 4
139 13
44 0
167 7
44 191
105 150
184 11
164 0
189 191
36 176
176 8
91 148
129 135
168 11
31 111
15 19
41 191
3 5
176 12
148 187
38 176
41 194
173 9
67 16
97 148
133 176
12 14
33 164
150 19
38 101
53 119
48 194
162 5
71 75
79 139
74 163
28 86
21 31
129 8
132 177
115 192
102 3
36 165
164 5
177 18
177 4
30 0
59 113
186 9
113 174
45 18
30 137
191 8
183 8
52 11
29 65
81 158
47 11
50 107
84 117
107 5
184 8
28 10
46 9
66 5
197 15
40 16
194 11
51 79
82 125
189 194
76 196
133 15
122 12
164 10
76 6
198 15
148 159
72 18
69 10
22 78
24 104
80 1
74 1
109 8
30 51
47 2
43 111
37 49
52 65
73 10
96 114
36 177
119 198
111 120
187 0
105 181
80 4
136 17
108 174
51 9
104 128
41 166
184 199
130 12
47 123
43 130
66 16
160 12
31 121
96 4
127 168
56 187
121 8
142 7
85 93
105 121
55 96
60 139
28 52
162 16
190 19
87 9
41 170
109 145
184 18
26 187
68 181
189 12
108 150
24 150
101 155
192 1
80 144
126 152
96 160
181 5
22 15
62 173
85 3
55 131
54 177
199 4
74 151
45 81
37 186
63 184
38 184
140 12
36 1
164 9
36 103
72 14
6 11
150 8
61 183
129 175
118 8
105 6
91 199
133 138
3 17
45 56
51 17
33 8
31 19
135 143
96 9
119 199
159 18
41 145
40 146
163 15
68 115
86 16
87 15
54 140
152 184
187 189
40 3
80 7
66 186
137 143
100 11
42 184
49 9
130 178
182 6
99 19
55 156
94 14
38 69
167 4
23 57
102 18
144 191
71 3
83 14
35 131
105 3
47 196
26 123
122 10
26 107
89 99
83 0
37 8
85 135
72 15
163 0
180 14
67 177
102 105
81 172
136 13
26 13
91 121
94 16
22 115
44 9
40 6
66 0
6 16
20 0
167 1
101 115
159 0
116 198
49 81
25 63
108 126
92 13
93 11
168 8
118 13
95 198
126 15
154 15
60 178
1 17
191 0
35 13
148 160
38 121
140 3
129 18
57 185
178 180
32 135
103 4
159 5
189 3
103 7
154 16
149 6
111 189
138 148
197 12
29 130
125 8
115 12
1 12
127 8
62 4
170 4
100 160
161 19
59 184
160 179
95 151
193 6
22 154
38 91
86 114
81 9
174 3
121 11
69 18
121 3
47 65
48 118
24 184
52 113
105 18
20 126
94 117
53 74
138 11
64 157
134 153
42 12
60 169
20 1
68 167
133 12
112 1
66 109
13 17
10 19
188 15
9 15
88 123
158 14
20 105
106 13
71 100
192 0
36 3
47 10
119 142
186 7
139 11
4 10
63 79
55 11
133 190
90 157
112 15
147 18
110 157
0 13
32 169
24 8
38 6
91 8
178 7
85 121
179 1
13 15
39 127
30 72
72 150
182 4
34 7
148 178
164 18
130 18
64 13
183 191
181 12
64 2
170 7
113 0
53 144
105 10
176 177
76 11
163 13
16 17
145 8
35 55
74 11
111 139
191 5
57 12
55 86
44 84
45 19
42 158
108 161
9 18
42 168
105 0
75 11
108 4
26 175
22 19
22 32
134 15
164 14
28 130
101 14
176 7
156 162
97 9
118 9
65 136
139 14
98 1
0 8
38 12
170 17
99 141
56 126
88 159
86 104
38 14
181 18
50 139
139 183
96 136
133 3
45 70
56 171
137 11
64 8
61 13
142 198
49 80
155 4
41 80
135 16
75 0
95 125
151 18
115 16
160 8
34 10
171 188
51 6
62 12
49 157
114 10
93 14
13 14
98 15
32 5
177 8
107 18
179 7
21 79
109 117
159 162
154 181
31 85
117 15
135 157
156 169
63 11
181 1
136 2
169 9
116 15
169 177
34 101
151 0
89 11
33 64
27 16
60 76
190 16
80 19
75 143
44 193
195 14
82 0
39 11
16 19
52 184
82 7
58 91
24 1
61 8
119 16
35 157
7 12
140 175
151 6
50 165
158 9
85 16
106 172
199 6
146 157
137 161
153 9
36 16
150 18
65 5
9 19
143 14
84 119
38 59
150 190
46 94
53 92
20 165
95 197
53 195
80 147
64 95
26 14
44 140
25 9
113 4
43 132
31 12
1 16
49 104
158 11
63 12
164 1
22 14
114 1
123 18
120 3
32 40
158 13
20 36
35 53
48 152
30 136
75 187
155 156
21 22
141 15
21 12
118 186
32 89
41 16
139 4
50 1
48 19
64 96
179 13
146 3
134 182
65 128
112 156
114 147
51 75
193 17
184 16
73 0
89 5
139 157
45 83
93 9
140 8
63 8
136 179
159 198
105 198
114 0
124 0
20 198
68 187
67 133
43 60
24 165
133 181
50 151
134 11
164 19
36 98
159 186
65 10
160 11
57 17
72 191
82 15
6 14
129 3
67 9
164 15
57 15
43 0
64 11
163 192
45 134
95 127
65 114
147 6
58 12
70 179
87 6
177 10
34 78
138 182
72 12
72 169
199 15
123 185
51 4
194 0
163 194
109 16
129 161
27 167
82 12
20 84
44 156
171 193
91 152
175 8
180 9
128 139
59 85
82 93
126 8
188 19
102 171
39 45
63 155
68 70
76 19
158 7
118 16
27 73
75 186
73 179
144 166
58 191
95 187
79 16
28 133
22 45
20 185
170 171
46 192
30 68
185 2
43 72
46 49
97 124
45 65
107 189
199 3
74 149
94 2
65 9
93 179
75 151
44 166
20 134
68 17
51 170
130 147
54 190
121 17
5 9
124 8
177 16
115 135
83 15
73 122
54 11
30 3
122 150
166 189
137 139
115 176
41 179
70 4
153 187
90 7
60 83
28 82
87 95
111 12
49 72
49 14
135 191
54 17
114 6
173 0
62 122
48 120
44 145
77 130
64 181
92 6
81 2
52 172
55 15
54 142
93 1
44 12
34 117
191 14
23 178
100 142
80 18
83 191
67 106
101 187
4 13
58 187
77 104
27 156
100 133
119 169
31 16
39 86
80 152
93 114
174 194
49 199
115 6
38 139
163 166
57 13
88 150
161 162
72 11
33 9
130 8
123 167
46 90
161 13
80 8
197 7
197 3
32 12
20 16
146 5
44 56
84 160
2 18
50 17
103 19
136 182
106 196
44 112
22 145
54 133
159 174
74 100
85 6
110 183
45 118
22 8
48 196
38 135
59 15
156 170
45 11
24 71
92 151
40 5
101 11
112 18
61 131
116 6
92 18
186 10
128 13
138 166
25 4
74 139
106 10
96 119
32 0
21 50
34 1
127 3
29 134
31 133
109 7
91 94
107 16
167 16
92 179
86 139
64 16
102 182
87 116
73 190
117 4
169 5
163 189
191 193
90 9
174 14
23 4
171 7
95 11
90 142
61 158
36 81
147 159
142 2
187 13
44 46
117 10
39 90
24 155
53 142
12 15
43 2
9 17
28 144
155 10
194 16
114 176
78 19
31 191
52 84
152 190
185 198
126 2
66 184
86 101
12 18
168 1
23 95
98 128
85 146
95 3
146 9
177 5
167 199
60 11
45 8
91 158
42 69
22 134
114 3
74 18
119 7
40 9
165 169
115 145
176 11
133 9
173 14
83 154
112 131
41 89
125 132
111 8
53 128
175 17
31 61
85 179
129 16
59 127
111 14
35 194
146 6
91 1
1 10
10 11
54 8
175 5
65 118
29 14
13 18
48 149
91 168
93 12
97 18
175 9
163 17
178 12
113 16
124 12
51 185
187 5
28 72
92 140
135 18
32 13
92 16
83 126
4 15
141 13
191 13
99 17
105 154
61 173
142 12
127 150
61 137
38 19
0 18
34 191
23 34
42 19
127 159
89 189
68 13
107 167
146 163
30 64
198 3
105 185
86 19
179 5
77 153
76 116
102 11
62 6
2 16
66 11
85 169
122 143
129 138
79 91
111 15
114 11
132 182
49 121
46 71
109 176
26 19
70 115
103 18
116 141
33 162
0 12
127 139
79 176
26 87
69 198
28 63
104 123
76 8
2 11
59 111
82 9
97 140
114 4
105 174
179 15
140 0
50 13
5 15
68 2
40 7
80 121
145 4
38 60
60 154
113 197
37 145
58 93
191 197
58 114
20 195
64 151
92 158
80 6
37 163
169 1
171 13
104 2
116 3
115 11
103 14
48 17
97 116
113 14
157 19
45 10
68 12
124 179
53 0
196 18
26 5
33 11
14 15
184 194
88 175
149 16
141 16
55 111
33 7
69 5
99 125
97 13
143 144
97 152
49 103
165 6
49 88
82 124
34 66
92 17
134 6
49 13
91 156
118 151
186 5
153 12
66 8
172 18
97 104
83 16
120 8
63 6
20 9
32 19
39 122
21 158
39 48
75 194
34 14
134 12
21 76
48 192
45 138
50 84
114 17
52 12
91 178
101 119
39 107
117 199
173 12
96 193
151 172
119 144
38 7
87 19
162 17
199 17
76 12
15 18
188 5
3 10
65 13
27 107
166 168
30 180
21 16
158 8
119 179
126 9
77 1
164 17
23 112
52 194
69 15
104 170
8 9
58 17
155 7
155 9
151 1
183 14
157 11
93 150
38 8
143 8
44 93
31 116
74 137
71 18
101 18
23 37
22 49
125 5
74 9
107 192
191 7
160 14
142 10
186 18
47 9
37 54
22 198
121 19
22 16
176 9
94 0
102 135
57 74
37 13
151 165
116 174
52 7
38 92
91 162
25 6
22 3
146 15
52 58
169 178
35 95
46 59
96 115
27 3
136 8
95 0
46 76
51 156
110 153
43 6
92 12
105 17
38 185
37 79
49 194
109 122
58 16
65 189
156 12
39 94
35 172
5 7
92 196
137 18
37 184
78 0
119 158
48 176
179 0
75 18
65 177
69 185
24 76
114 127
51 13
190 4
23 8
129 130
145 6
22 160
182 14
93 15
31 17
61 62
192 3
165 17
163 176
40 1
79 140
190 8
47 116
83 134
169 192
91 176
102 130
187 2
139 6
28 142
91 19
56 3
190 17
11 13
38 4
84 154
109 0
133 6
194 17
73 2
67 2
41 160
174 10
68 72
48 127
34 187
103 12
100 7
107 19
27 9
45 79
54 139
132 150
2 17
99 0
33 112
73 183
94 187
89 186
49 4
132 148
94 188
105 4
43 131
39 157
181 187
107 176
96 17
171 5
133 4
35 42
23 139
48 74
63 144
93 18
163 9
79 19
45 92
190 5
112 10
70 92
51 99
169 191
69 74
119 126
48 18
120 7
26 12
52 93
20 19
57 64
0 11
5 16
58 3
159 177
120 6
169 0
40 10
198 6
44 3
62 130
31 5
98 167
66 15
114 188
6 10
177 15
37 87
100 177
70 187
46 16
122 13
22 144
29 5
16 18
81 170
86 113
69 9
167 19
97 132
126 147
51 95
143 177
139 167
44 113
45 149
105 12
111 117
102 14
144 5
115 156
158 0
60 118
44 134
145 197
105 7
7 13
38 175
75 180
33 74
91 167
30 19
31 0
43 117
42 14
186 11
151 3
138 15
75 7
155 163
129 193
32 105
33 17
110 115
186 194
55 10
20 157
159 16
193 5
45 84
129 198
22 148
113 18
74 85
67 144
162 198
117 174
103 118
63 195
55 108
175 10
89 191
126 179
6 17
65 184
46 110
35 18
152 0
161 9
118 1
115 13
1 3
32 18
58 117
2 4
129 6
145 7
56 67
51 12
138 3
22 58
116 152
96 2
74 7
89 97
78 195
69 72
148 10
94 11
93 122
47 4
63 89
39 150
91 109
25 18
45 153
119 190
71 5
90 16
111 183
172 7
109 178
71 139
196 19
182 9
99 189
179 197
38 192
29 165
72 137
8 15
107 1
133 193
159 6
11 17
82 6
54 3
182 0
101 120
109 1
187 8
165 11
168 18
104 0
64 124
80 172
138 9
133 13
37 47
167 180
141 14
158 10
155 184
0 16
125 188
36 119
50 113
22 141
45 50
11 14
178 6
25 187
10 12
106 128
65 103
43 12
35 7
26 125
49 10
150 5
122 124
116 12
23 49
168 15
108 13
44 2
81 18
8 12
153 13
57 5
98 13
83 8
143 12
21 19
44 172
5 11
30 18
110 133
35 140
59 11
72 8
53 10
7 18
32 4
65 117
67 95
76 13
154 9
0 6
168 173
127 6
67 15
51 11
156 17
166 10
116 145
61 109
112 16
67 7
78 129
85 14
165 7
90 17
141 5
179 11
67 90
95 2
160 18
103 161
133 18
77 115
121 6
166 8
29 199
65 6
29 19
163 1
164 7
47 86
69 78
21 113
178 11
2 14
82 4
147 184
179 16
32 9
93 147
77 108
166 4
79 130
151 17
33 15
27 2
148 1
123 3
142 11
100 116
193 18
134 2
43 121
52 106
150 157
87 12
161 163
93 16
151 13
137 10
48 60
57 7
152 4
187 1
11 16
143 4
148 192
107 122
12 19
41 58
8 19
104 184
1 8
114 178
118 149
96 5
87 186
70 9
130 5
148 2
148 199
56 8
22 189
44 16
45 48
166 197
88 7
58 14
30 140
124 19
142 18
104 112
80 14
28 18
123 15
150 183
36 151
68 9
168 9
56 109
31 45
84 11
137 1
124 11
45 17
79 131
76 197
91 12
116 0
165 3
58 18
67 164
60 12
63 18
39 191
56 155
128 135
39 167
99 147
63 4
187 9
105 144
171 6
76 172
151 16
117 6
2 3
101 4
170 2
91 3
39 15
154 8
69 4
93 111
169 15
99 130
36 166
187 3
92 170
26 122
