20 155
34 14
73 108
120 0
64 5
45 199
20 123
158 18
73 167
153 8
25 122
117 7
181 8
51 14
121 8
1 10
121 125
29 185
123 194
158 17
20 6
44 97
64 19
46 119
101 172
42 10
126 155
115 3
104 152
193 16
166 11
186 9
150 198
70 148
33 65
192 11
131 167
40 119
22 106
30 7
11 14
180 16
175 5
23 186
138 152
127 19
91 184
92 7
97 149
9 17
99 2
40 14
136 152
166 8
0 12
183 14
115 14
95 15
31 13
133 167
29 7
192 2
61 185
112 132
72 100
122 161
60 13
67 16
156 171
123 132
73 163
35 1
15 17
21 55
88 3
87 14
81 152
199 11
123 19
96 114
50 180
86 13
145 150
25 74
1 8
69 159
25 4
76 77
60 112
53 146
65 73
66 103
33 54
57 17
54 12
65 198
111 16
0 19
120 7
99 16
88 159
178 6
74 79
68 11
108 10
122 193
26 195
174 17
147 199
165 169
179 191
106 16
172 10
24 166
163 167
152 5
42 70
20 160
195 7
110 146
193 11
54 0
61 5
173 19
190 12
114 16
189 15
50 10
191 10
10 14
132 3
49 17
65 196
54 86
86 103
146 4
137 11
60 3
32 11
30 179
80 5
167 186
114 128
166 4
85 127
30 43
75 186
53 11
191 4
29 145
77 7
30 12
109 3
5 14
50 62
54 4
176 17
90 144
53 14
164 179
108 136
182 14
61 136
143 9
136 14
119 15
61 190
112 3
56 15
130 187
31 87
44 1
27 186
101 148
98 106
50 58
37 12
71 125
72 92
32 143
49 127
192 4
85 131
38 18
122 7
25 118
153 7
144 154
190 4
183 1
71 142
47 3
41 19
23 65
137 18
12 15
14 15
67 70
110 14
144 1
70 133
43 4
41 172
129 199
150 13
157 3
120 127
34 84
44 68
11 18
145 165
87 19
61 9
28 89
139 3
41 192
71 171
120 12
84 8
79 13
43 1
155 14
47 71
57 179
166 1
131 194
96 194
174 9
58 154
121 15
73 83
155 182
105 15
72 96
39 172
113 18
107 11
187 4
104 5
140 15
60 11
191 18
58 60
82 9
181 12
44 193
51 19
90 4
113 2
49 7
146 192
117 151
88 144
42 51
49 12
176 3
171 19
80 141
104 3
83 10
83 107
31 12
65 18
147 171
53 147
166 19
40 106
26 199
105 1
122 3
108 198
89 11
101 13
46 165
93 14
76 7
114 8
25 10
63 167
64 198
152 9
62 177
106 191
148 182
156 18
44 52
81 13
126 1
109 191
69 19
139 14
96 193
34 118
22 152
105 0
168 4
6 9
127 4
27 12
135 176
34 110
129 150
45 1
74 9
25 133
0 2
78 12
14 16
22 107
173 6
91 18
175 187
27 2
75 15
94 117
145 153
195 15
90 5
48 106
26 51
114 13
62 105
133 15
64 13
115 16
160 170
1 2
105 159
66 15
43 18
113 131
163 12
100 13
71 10
84 120
152 7
120 3
80 94
116 138
79 5
39 3
190 3
59 199
70 166
91 5
131 0
127 1
161 3
42 164
87 4
168 186
139 178
85 7
122 0
38 16
23 9
38 118
49 11
50 12
74 174
58 111
99 14
5 11
61 170
106 4
107 13
80 147
124 11
72 18
121 10
23 61
42 103
73 109
41 151
111 7
35 157
187 2
102 1
29 0
42 175
32 180
134 150
92 110
105 2
87 144
195 8
125 156
168 1
88 10
131 170
36 174
28 12
199 18
73 85
82 6
79 176
41 91
143 1
84 166
169 11
46 170
182 13
42 64
146 190
1 19
93 11
110 13
116 12
91 155
96 174
57 88
64 156
72 144
153 193
59 117
44 12
107 150
23 139
41 125
92 130
135 194
181 10
110 9
30 75
49 162
143 11
38 59
185 7
126 9
121 4
177 10
143 177
137 145
159 11
93 18
77 8
96 154
124 16
129 7
137 19
40 138
31 179
27 18
33 1
55 63
41 75
30 79
169 10
57 104
72 8
90 9
25 155
43 71
60 118
118 6
32 12
135 17
87 8
25 132
45 12
9 13
68 185
154 17
174 12
66 120
180 19
110 141
44 60
57 174
187 3
62 133
47 166
159 6
2 17
59 0
84 19
27 6
109 160
29 4
71 185
132 8
68 85
20 52
82 134
53 178
161 13
59 95
114 153
98 7
112 134
36 111
49 90
6 17
41 18
105 131
33 19
1 11
133 9
46 6
44 79
111 3
94 5
186 6
113 13
77 94
77 197
61 128
127 133
106 163
88 99
188 3
168 5
87 1
48 1
186 4
99 140
37 2
44 13
60 193
166 180
93 94
35 181
97 106
30 92
151 175
140 11
31 18
165 6
56 9
21 153
152 15
153 161
134 168
193 14
196 15
126 17
81 0
34 166
97 9
4 16
35 84
185 6
172 9
39 48
40 10
40 17
130 14
70 6
37 120
25 146
179 8
178 17
126 134
45 84
52 153
67 181
85 5
117 134
57 7
61 123
11 13
52 1
48 4
88 13
33 137
77 5
113 1
181 13
64 10
26 4
140 164
42 71
66 5
41 124
118 164
47 163
73 13
181 1
133 11
42 58
122 4
186 192
134 189
148 159
20 158
69 10
25 110
199 15
189 6
153 11
175 12
122 17
107 115
26 11
24 168
31 121
107 1
58 172
58 3
145 16
59 164
55 161
196 3
36 138
73 11
89 16
105 4
67 4
92 183
76 9
24 7
32 122
110 18
81 116
48 125
157 11
40 61
126 8
116 8
160 12
175 193
120 5
171 193
150 11
51 132
46 53
175 6
172 12
110 166
194 8
52 57
87 2
118 134
97 5
86 190
140 17
41 153
42 3
166 6
80 81
2 4
142 3
108 195
95 10
36 184
27 8
125 6
58 168
183 4
196 199
77 169
100 153
181 3
156 19
46 19
47 4
28 115
188 17
47 97
156 13
66 14
155 12
26 29
52 156
52 0
105 14
38 14
50 1
68 4
115 137
75 151
182 16
136 15
43 14
114 119
128 16
96 191
41 3
119 187
160 8
104 17
80 96
129 190
158 181
8 16
167 3
43 133
104 1
166 17
168 17
40 9
57 106
64 15
116 7
35 179
196 7
45 46
164 0
9 16
149 18
38 182
25 129
116 128
177 196
70 18
12 17
83 187
4 6
1 9
39 143
171 10
104 169
152 163
58 61
123 142
43 147
34 15
65 90
124 147
57 75
70 0
47 190
42 6
175 197
172 17
45 108
199 10
46 127
151 7
54 95
25 27
38 163
102 19
147 4
132 1
135 160
67 161
31 175
38 5
128 6
57 13
124 150
164 13
113 3
80 11
135 6
59 1
133 12
5 17
111 14
105 9
63 18
141 10
23 46
73 194
104 14
118 7
26 173
3 8
82 2
39 17
123 12
39 91
32 19
135 159
56 137
171 11
124 3
198 3
79 18
149 14
101 125
95 1
71 2
90 8
1 16
102 18
147 178
149 165
197 11
136 17
96 10
71 8
166 14
42 16
133 17
85 11
44 6
52 2
94 164
174 6
71 1
80 133
95 156
132 175
91 9
51 137
48 190
155 161
122 189
70 16
137 173
2 13
98 13
37 52
0 9
72 139
68 3
194 9
185 11
191 0
65 6
32 176
6 7
92 121
5 18
5 13
21 128
76 165
39 10
27 13
96 1
143 8
147 10
154 185
52 10
4 5
31 9
42 95
93 4
117 175
165 13
36 160
128 11
37 7
169 13
29 100
143 179
45 189
147 160
55 158
142 170
29 5
34 160
157 0
193 8
63 101
81 6
62 124
144 18
60 6
5 15
59 13
73 17
8 13
12 16
197 4
114 134
153 18
47 148
95 161
129 186
183 2
122 173
194 13
62 80
36 163
6 15
117 15
14 17
156 5
195 14
42 184
103 2
155 16
163 7
98 110
50 151
97 166
28 108
3 9
130 6
108 182
84 3
62 127
39 0
36 5
9 11
80 6
149 170
141 2
155 9
35 98
101 1
186 14
21 163
26 166
157 163
115 177
179 4
75 94
56 11
104 178
114 17
56 96
128 2
112 155
195 197
139 16
69 6
30 3
125 11
101 105
92 0
37 128
173 12
70 95
2 10
107 15
57 177
34 65
46 16
57 189
30 6
36 104
55 69
94 1
25 192
127 154
59 6
33 80
176 7
190 7
24 17
98 168
174 7
30 15
34 102
54 11
96 136
25 98
196 2
36 19
82 196
139 188
35 103
85 13
98 6
50 11
84 187
149 12
169 2
7 15
22 14
11 19
153 9
33 62
2 15
74 8
37 18
71 175
139 157
57 80
128 191
56 91
20 119
91 10
62 107
78 0
44 11
28 187
86 9
71 186
189 17
50 161
63 15
60 1
103 116
170 4
126 158
104 15
44 123
194 0
85 113
46 14
36 124
51 18
64 117
160 0
22 55
95 106
163 4
163 17
69 8
71 6
118 167
24 73
46 100
49 191
194 10
113 0
171 16
84 134
72 80
166 18
34 2
22 192
28 163
151 1
88 2
55 173
179 185
154 9
129 178
65 104
128 15
150 155
141 18
171 2
106 139
43 81
118 13
152 10
114 185
76 137
46 13
139 189
141 14
34 13
61 168
129 164
136 149
118 187
92 133
32 13
29 14
59 9
117 185
195 4
104 13
138 16
73 115
188 18
145 13
73 182
36 122
67 183
97 107
102 111
75 92
143 4
127 163
74 76
75 125
27 63
88 180
52 104
140 14
3 4
48 181
95 19
165 15
129 156
179 7
162 179
74 159
87 110
29 10
152 16
47 11
41 173
154 1
42 92
137 12
50 94
131 9
106 128
24 80
48 147
102 122
117 19
55 2
1 3
57 18
50 113
69 181
61 127
154 13
192 194
188 191
32 7
45 18
23 2
72 16
33 91
109 8
54 74
73 16
169 5
3 16
22 140
167 8
173 10
25 83
83 175
138 141
187 5
109 140
101 18
115 130
51 115
91 8
108 117
88 189
122 138
155 179
9 19
28 166
24 181
181 9
85 6
53 1
112 153
94 168
94 6
191 6
45 16
23 34
40 87
85 2
127 9
58 10
52 115
149 7
61 137
58 110
140 176
81 101
20 11
80 165
40 13
64 193
144 19
174 13
187 196
39 7
174 16
52 16
58 1
123 13
83 4
107 191
23 63
86 127
94 7
22 83
48 154
28 152
68 7
91 114
23 94
66 73
128 135
186 3
157 189
85 18
33 55
2 18
34 117
26 9
102 151
184 11
148 1
84 137
179 1
3 13
70 4
143 13
188 15
69 124
122 6
58 141
52 146
97 148
53 89
51 5
59 173
154 6
60 19
147 168
110 129
116 121
179 196
156 175
103 16
180 1
55 144
158 2
155 6
126 162
197 0
62 144
31 16
31 149
105 118
40 90
3 14
89 1
175 3
62 172
145 19
82 162
45 4
152 19
2 19
69 3
135 8
30 67
71 18
145 189
63 184
33 61
195 11
83 6
2 8
111 10
78 11
1 13
56 136
79 14
34 143
63 66
147 18
52 98
59 15
77 78
49 5
126 179
134 11
131 19
60 181
116 6
45 171
96 14
80 82
81 121
80 9
62 10
139 5
192 19
33 0
33 58
80 95
118 190
41 164
60 139
166 0
95 5
82 17
38 55
51 166
45 174
180 0
185 9
8 11
63 176
69 191
59 65
74 16
85 151
38 15
20 88
128 12
31 168
133 188
52 114
39 126
110 8
32 17
34 138
156 14
72 114
178 18
75 188
129 187
99 128
38 7
48 17
83 14
82 7
98 117
57 195
101 132
106 136
51 16
5 10
57 16
39 129
169 0
84 7
90 17
44 189
106 127
54 18
118 182
22 111
121 176
59 60
21 6
34 185
137 1
130 181
170 171
59 66
123 0
8 14
39 50
125 163
187 12
38 171
52 13
47 63
79 116
39 64
79 125
37 80
45 151
63 13
182 19
106 11
0 3
180 191
69 5
78 190
75 183
24 2
152 4
125 180
52 163
152 8
135 16
41 98
83 103
38 135
127 172
31 11
22 10
172 11
68 12
189 7
31 170
76 19
150 174
64 101
135 10
128 179
77 100
35 90
25 69
23 141
30 99
170 198
101 186
117 8
42 11
80 12
67 2
191 15
71 81
31 139
108 19
184 190
16 18
69 146
107 2
41 76
0 14
52 166
62 12
133 187
103 150
75 1
133 0
38 11
49 54
11 17
173 180
12 19
48 11
43 17
37 137
8 18
81 177
66 1
33 108
120 18
136 16
138 14
29 152
161 185
36 169
94 0
10 15
165 8
101 19
61 12
34 176
93 16
113 157
133 14
129 168
100 11
99 154
54 10
75 18
77 184
58 6
20 135
129 17
162 12
111 168
81 199
67 9
61 10
105 142
36 177
38 193
114 19
136 19
168 3
150 180
30 1
77 2
127 190
49 114
13 15
25 0
196 4
75 14
51 77
74 19
143 148
59 111
33 13
46 4
115 7
150 196
125 186
57 108
53 10
55 183
38 190
126 177
137 162
41 8
28 116
189 3
119 127
48 140
85 16
86 6
187 1
38 73
183 7
166 189
39 61
122 151
176 6
81 18
73 15
165 18
23 181
56 95
100 2
89 136
87 198
106 154
64 3
180 15
55 189
51 56
56 70
165 19
126 152
168 11
40 153
26 43
75 11
33 94
21 184
80 4
103 113
84 9
3 17
38 96
156 4
141 180
102 139
73 195
148 7
125 9
144 149
128 0
22 103
144 12
109 144
21 81
77 15
89 12
66 10
181 5
178 191
55 64
63 137
199 17
46 116
75 179
76 155
107 3
128 7
181 6
34 167
58 12
55 9
37 9
62 174
95 152
109 189
61 117
34 177
84 149
34 12
165 3
31 19
187 0
22 7
1 6
38 114
169 181
68 125
31 36
36 17
73 169
173 8
119 10
25 78
108 124
42 2
43 60
162 190
120 143
81 102
114 124
35 147
64 171
57 95
176 14
49 13
90 116
57 131
7 11
6 18
37 15
39 59
127 14
120 4
127 17
110 19
54 83
100 18
131 146
57 181
21 4
78 18
27 64
178 0
52 134
27 3
41 16
62 15
74 15
90 141
53 8
124 19
56 14
93 152
87 6
120 179
23 5
0 18
68 102
150 10
195 2
66 196
49 169
83 94
89 7
124 8
28 189
29 1
87 193
27 19
152 2
138 148
53 55
194 17
190 193
96 4
51 131
20 15
110 148
35 15
36 102
143 7
192 15
114 12
183 19
25 113
137 3
135 3
0 8
11 15
98 129
101 7
102 177
32 181
33 43
65 112
29 136
196 6
47 17
50 56
59 84
29 84
150 7
66 153
96 7
40 126
86 101
145 11
187 19
51 82
39 14
5 12
39 122
126 12
92 17
197 8
55 163
97 10
157 6
115 172
75 142
57 97
87 166
193 195
31 8
91 128
20 18
150 199
179 16
77 119
62 9
159 179
179 19
153 13
43 74
73 9
88 12
125 160
179 9
127 189
93 136
21 115
188 2
41 17
154 3
187 11
165 196
25 75
105 166
54 163
117 9
185 0
62 101
156 16
147 3
92 4
33 38
41 102
146 0
157 197
46 180
98 107
67 119
151 9
191 2
32 57
106 110
40 157
116 14
55 126
149 186
174 5
28 11
109 199
82 1
47 176
173 1
89 135
72 162
29 9
20 27
45 103
79 192
57 125
33 122
146 16
128 1
88 7
168 14
27 124
64 103
117 6
20 2
174 2
129 189
21 74
110 5
183 3
128 5
90 12
122 10
27 179
93 6
150 172
7 14
104 185
2 14
82 4
58 170
124 171
155 8
8 9
122 14
132 0
129 148
192 17
30 89
21 17
23 100
171 1
135 191
179 3
81 16
39 19
179 187
33 35
50 19
90 195
145 18
6 12
157 4
179 193
129 11
99 182
35 124
84 16
76 83
65 12
88 143
122 12
92 5
188 11
57 76
82 3
6 8
3 15
89 5
172 16
112 0
7 17
23 122
50 177
13 18
74 102
41 9
118 10
26 75
48 82
32 16
116 146
111 176
0 11
23 124
43 45
182 185
13 14
77 91
179 0
182 2
133 196
196 18
2 3
48 107
94 176
110 165
172 3
65 7
97 8
80 19
145 172
183 6
184 7
31 122
157 188
40 6
175 2
52 129
193 17
70 150
162 16
102 15
153 0
70 115
133 181
3 5
172 0
118 8
197 9
22 48
74 195
64 115
58 190
123 9
90 2
64 11
55 3
29 3
140 1
163 16
25 17
117 2
191 9
0 4
76 177
27 120
29 176
63 105
87 9
104 161
52 131
32 93
137 8
36 178
168 178
28 8
35 2
64 130
74 78
29 2
36 187
53 114
175 181
62 138
94 3
150 8
88 101
129 1
34 19
88 14
81 178
57 15
88 89
119 135
4 13
191 8
171 3
21 5
49 158
60 141
190 16
34 116
50 5
135 189
65 139
38 82
48 61
108 15
157 164
81 1
33 12
50 15
57 98
112 185
98 0
42 169
36 142
65 17
97 2
176 4
40 103
131 11
67 7
110 139
104 188
52 19
151 0
140 157
62 2
165 14
0 10
68 91
72 136
50 179
27 98
21 161
164 187
22 88
146 10
121 132
81 15
25 38
102 10
8 19
8 10
53 83
110 10
73 2
35 8
179 11
68 5
156 177
32 4
193 10
93 7
26 31
41 144
161 15
134 8
143 16
82 167
87 150
74 119
21 7
101 151
121 147
151 193
88 16
178 8
131 8
187 9
112 195
189 11
82 15
104 4
166 168
40 72
30 8
55 74
183 12
4 9
57 105
124 18
113 8
156 158
179 13
149 174
49 19
129 13
90 112
151 4
54 77
66 132
79 162
50 13
186 17
59 163
117 156
94 190
190 0
145 193
138 10
146 164
42 15
54 160
52 18
76 17
40 8
119 178
33 167
82 91
22 23
96 163
198 8
196 12
72 15
70 164
51 138
64 1
96 18
10 18
83 199
30 49
110 115
111 170
28 15
97 116
80 14
78 118
95 12
61 63
137 4
138 9
6 13
58 133
153 12
69 197
167 14
56 105
120 137
10 11
143 0
60 155
90 6
32 1
68 119
153 159
172 6
28 195
142 18
119 2
67 71
128 13
58 15
144 8
130 18
82 18
192 13
103 12
65 16
88 157
105 7
98 18
94 157
71 146
1 7
29 118
47 118
108 11
41 178
89 3
90 11
42 17
57 11
139 174
82 85
144 0
175 15
51 94
64 90
74 17
45 185
80 107
142 19
0 15
198 14
165 9
143 15
189 13
83 125
37 10
53 94
118 191
192 18
108 173
124 198
109 16
98 130
104 111
38 113
60 174
148 19
20 146
180 7
89 10
119 157
139 140
163 11
70 14
45 9
91 199
167 178
45 142
26 144
24 173
5 16
114 10
16 17
115 4
109 168
183 185
130 1
98 15
55 140
97 190
198 9
70 3
29 108
26 46
21 110
37 121
100 159
141 0
97 16
118 19
80 151
158 0
6 11
81 135
113 194
76 119
106 119
111 5
3 18
174 18
137 141
142 10
2 7
22 15
164 10
84 17
199 7
105 17
178 180
129 173
25 1
90 148
61 154
58 18
8 17
65 10
46 2
46 18
147 190
102 190
120 186
142 151
94 160
124 4
59 137
112 14
56 125
146 169
35 133
43 8
154 4
177 8
81 7
9 10
131 3
184 10
95 144
60 10
32 186
129 10
175 13
47 122
98 9
57 114
65 15
56 3
92 16
57 4
63 93
80 148
146 2
75 195
153 170
142 167
3 7
54 186
120 130
107 18
121 17
26 13
191 5
50 8
0 16
59 2
159 193
72 75
139 11
35 129
109 110
109 173
98 16
121 3
104 6
32 95
42 53
57 0
138 145
92 9
47 2
20 4
130 10
81 4
131 6
48 133
171 17
76 10
25 168
135 1
186 11
189 5
154 14
85 19
56 10
137 16
176 190
36 41
42 12
82 118
153 186
90 99
40 7
64 146
52 15
66 2
44 124
158 3
41 74
46 11
94 13
92 197
133 1
22 67
55 7
99 176
136 172
90 170
32 177
60 92
71 3
52 149
25 65
118 0
120 8
99 139
46 84
33 128
168 8
116 124
87 167
149 5
117 147
95 104
143 169
67 15
36 12
112 8
69 82
44 154
41 4
32 48
87 5
58 14
156 12
151 12
29 6
20 111
99 11
42 0
23 11
115 117
80 104
96 11
35 92
175 16
42 8
71 193
173 11
62 81
51 57
153 3
22 18
167 12
5 6
116 181
96 9
114 189
149 4
107 145
86 165
121 13
39 18
80 160
116 2
131 174
67 111
22 6
153 155
158 12
141 17
175 196
64 4
64 2
14 18
21 118
27 159
148 5
142 16
66 112
118 154
55 17
63 131
17 18
25 2
126 3
61 143
43 5
193 3
124 6
127 3
74 185
68 90
167 194
184 3
85 188
87 161
23 17
108 12
48 175
116 0
56 89
45 14
27 55
4 12
150 15
42 13
163 6
84 2
39 2
77 180
95 145
96 17
60 12
184 13
91 198
50 4
136 4
41 13
3 11
101 2
133 5
60 15
81 184
111 125
164 19
95 173
78 110
102 13
110 152
150 177
26 18
168 18
26 17
24 18
36 87
187 6
88 104
49 136
105 5
32 18
119 16
97 130
63 91
90 110
79 80
46 139
60 9
49 159
160 4
176 1
173 16
61 199
49 141
119 146
93 116
49 52
130 165
35 79
139 199
59 144
128 159
67 159
166 2
50 116
33 3
182 6
189 19
161 5
176 18
43 182
181 15
33 5
25 8
164 4
152 166
128 154
113 192
57 154
64 89
66 11
77 170
68 166
141 143
95 16
183 0
149 3
57 99
93 117
165 184
118 155
127 15
60 111
150 1
194 12
185 10
129 19
24 43
93 2
50 153
182 15
59 119
49 9
182 18
31 82
158 10
120 9
0 5
21 9
123 8
96 173
64 105
149 173
23 137
158 191
163 166
45 99
154 192
113 10
94 10
96 196
1 15
86 119
78 19
109 14
126 6
127 147
131 161
88 8
79 12
128 181
121 182
70 187
123 6
172 8
117 0
164 9
96 0
153 6
108 4
69 173
77 162
69 79
139 10
75 4
133 7
129 195
94 187
66 4
44 88
39 87
89 125
102 0
99 117
96 151
83 16
68 78
105 180
164 5
169 15
65 176
47 10
62 69
20 178
180 10
77 140
23 14
98 189
133 158
63 14
125 178
10 16
102 12
138 140
54 16
54 185
170 19
38 4
104 140
66 12
101 179
3 6
118 9
106 6
44 45
62 135
57 19
55 162
130 19
147 7
0 1
48 13
181 182
139 150
54 1
38 8
97 1
122 16
144 7
28 4
20 145
6 16
80 17
153 15
125 15
32 116
92 1
147 9
83 147
67 12
88 11
1 12
84 85
72 164
63 0
35 65
164 1
59 3
28 6
34 97
22 187
37 64
93 121
125 168
26 85
92 6
78 81
35 56
169 198
23 0
187 191
8 15
138 199
147 186
50 109
150 12
49 125
192 9
92 161
145 6
76 4
26 32
37 150
53 192
83 84
22 49
189 16
54 5
32 39
73 142
64 116
21 165
64 65
153 16
172 4
91 1
20 139
82 0
149 162
52 107
75 173
160 7
176 15
7 16
3 12
88 185
44 10
60 91
62 7
49 139
113 7
85 9
86 10
96 12
24 53
170 9
46 113
147 192
45 190
126 14
108 140
149 172
43 169
95 175
162 1
141 19
155 19
116 11
148 9
140 198
106 8
64 74
98 14
155 17
63 83
61 8
55 15
174 19
176 16
135 18
81 115
62 16
69 92
38 147
171 192
55 185
6 10
43 167
179 2
114 131
171 7
170 13
35 112
123 5
58 59
176 191
46 9
83 184
151 19
38 1
118 119
123 15
75 5
126 194
133 136
5 9
93 188
109 13
101 12
46 105
50 111
99 8
21 0
31 123
133 146
129 8
142 2
151 15
98 188
12 18
106 14
170 1
129 16
79 11
49 3
110 127
156 0
25 7
140 169
91 16
121 18
103 104
130 183
1 5
156 17
153 19
84 6
29 173
7 9
92 157
182 11
66 9
88 188
34 63
103 132
126 11
44 109
131 15
112 127
92 106
85 108
150 193
158 4
181 2
95 158
141 144
132 133
63 182
37 5
30 50
28 14
103 1
37 113
56 12
160 3
144 15
146 1
116 16
1 18
55 199
33 138
58 17
190 15
82 19
73 180
7 12
89 182
119 8
134 2
111 136
46 57
157 172
61 173
96 165
76 1
0 6
46 174
104 183
105 128
7 8
106 194
136 183
121 195
133 18
7 13
143 171
39 6
55 13
61 18
102 136
131 5
24 8
108 163
53 101
124 158
155 10
20 187
30 32
94 154
159 8
64 98
34 75
147 6
132 157
5 8
136 8
171 185
176 199
28 45
83 120
156 6
73 188
115 12
72 3
99 189
29 81
146 7
177 11
106 5
65 130
1 4
29 61
70 19
28 84
34 162
130 17
113 124
197 17
26 120
0 7
185 16
22 11
52 151
199 6
114 171
75 16
15 16
53 182
21 62
58 69
36 16
58 13
132 197
142 14
65 83
37 41
31 132
65 8
91 6
65 148
163 182
22 12
50 7
31 154
114 155
39 9
21 38
138 143
36 119
41 68
178 1
89 15
23 48
178 10
169 195
48 2
119 174
132 10
72 5
178 196
56 172
167 0
90 10
33 190
82 94
40 73
51 155
121 163
163 14
29 86
117 11
164 14
35 18
77 173
147 164
153 174
161 7
122 13
39 145
46 199
57 3
23 7
84 18
103 15
110 137
32 15
145 5
164 17
82 150
62 72
136 189
180 2
187 14
4 8
154 15
151 181
21 178
155 7
91 159
95 149
62 17
130 172
136 13
103 3
120 160
84 177
114 7
30 127
118 183
102 11
157 17
121 0
164 195
49 2
89 0
34 16
91 4
83 171
29 119
102 173
29 85
116 15
27 7
173 14
28 55
190 5
169 12
5 19
87 165
133 13
104 0
33 74
41 108
44 8
52 183
70 12
138 180
45 0
69 2
113 19
117 18
179 10
95 183
61 1
155 1
3 10
46 182
101 129
40 127
68 87
108 9
89 4
137 196
142 150
183 187
182 17
135 5
54 155
25 105
60 113
130 5
161 8
142 148
148 172
155 190
98 182
31 102
62 128
132 6
18 19
66 104
162 169
21 132
4 18
48 58
105 121
87 16
32 126
130 168
2 6
144 5
26 59
117 123
26 118
51 8
163 179
183 15
40 116
179 14
63 9
93 1
151 11
29 76
71 130
21 14
45 117
95 196
99 138
44 59
77 114
30 45
159 16
6 19
191 19
55 110
61 85
89 134
65 171
91 19
11 12
149 15
1 17
103 6
171 8
133 179
102 5
86 96
160 1
139 6
71 16
37 161
127 0
34 124
157 12
32 6
17 19
41 0
80 13
51 12
185 1
92 150
163 13
91 149
185 3
162 18
84 144
49 194
33 104
72 17
31 114
196 13
185 13
53 191
123 17
143 17
27 114
89 145
79 3
132 186
24 5
37 69
137 0
116 141
83 129
2 9
46 142
168 12
167 19
36 2
145 162
113 165
46 1
77 0
131 158
114 0
148 10
87 17
10 12
21 34
91 11
142 11
78 13
86 193
153 188
21 3
106 121
126 135
62 178
35 197
38 149
21 11
50 6
67 192
131 13
30 0
30 151
71 98
184 8
161 189
158 8
184 189
101 122
100 17
27 16
39 92
93 134
108 13
42 133
114 6
126 199
3 19
134 5
101 158
33 42
85 10
45 195
151 8
133 192
142 8
143 2
132 14
68 153
83 8
58 160
26 143
105 108
168 13
2 16
119 5
113 172
164 7
177 19
86 112
27 175
100 102
99 0
91 148
119 9
151 10
89 8
68 120
56 19
149 19
189 12
95 133
34 64
91 120
55 12
38 196
118 12
177 2
31 50
84 127
63 168
134 10
54 65
99 6
71 184
173 4
168 9
74 100
10 19
183 17
84 10
36 43
36 3
43 64
157 19
74 12
59 10
41 101
124 0
119 0
81 87
33 2
62 18
7 18
199 2
72 13
63 17
53 18
89 168
130 9
109 12
143 147
62 126
65 0
174 1
68 19
44 2
146 178
158 175
170 10
173 5
82 8
198 11
163 10
192 10
31 166
52 4
39 177
123 126
89 9
13 17
68 180
12 14
56 4
72 79
156 3
199 16
93 19
23 192
86 14
176 11
22 113
74 1
195 0
134 193
79 4
193 0
22 0
181 4
182 3
140 8
84 192
76 6
82 197
32 89
150 5
161 6
166 16
24 143
40 191
100 165
80 18
4 15
49 109
31 68
196 14
54 159
161 170
66 118
28 105
105 116
7 19
33 8
71 123
54 191
172 2
106 186
138 189
124 14
60 127
70 189
67 13
34 178
31 192
46 89
37 123
58 100
58 11
174 11
184 5
30 10
169 7
182 196
31 10
196 11
98 11
89 97
94 147
166 179
110 188
164 15
29 55
105 8
117 138
176 183
63 112
39 190
25 142
81 153
103 183
25 35
107 130
85 4
99 5
121 138
24 10
154 184
128 195
104 173
35 39
69 155
144 17
163 184
33 145
44 14
145 1
117 13
172 1
45 125
132 2
198 13
172 15
91 126
136 3
125 16
49 81
167 5
4 10
116 17
104 11
77 19
159 197
162 10
106 0
20 100
130 15
103 115
94 118
131 2
29 17
61 141
35 7
75 166
75 144
121 191
199 1
33 184
195 6
41 12
195 3
59 8
4 7
53 78
38 144
59 19
190 18
81 17
72 88
15 19
149 0
9 12
101 191
90 199
21 180
96 118
78 177
81 2
33 118
35 107
161 18
1 14
71 156
132 11
112 120
41 137
132 145
77 79
48 104
97 18
27 178
62 77
189 4
100 184
97 142
13 16
83 189
11 16
71 122
71 4
192 1
48 198
66 8
196 0
130 12
199 19
136 7
65 197
29 11
25 30
68 149
75 80
27 131
105 6
173 0
25 188
44 141
22 166
119 124
188 12
46 7
135 11
148 2
169 188
60 73
158 14
39 11
129 147
5 7
111 179
53 5
2 5
73 3
101 182
103 157
103 179
80 3
170 8
55 122
160 19
159 185
38 167
188 7
45 168
166 188
161 19
30 16
52 130
23 38
108 14
199 8
95 136
183 190
35 13
41 140
101 11
97 169
99 18
16 19
66 190
185 4
121 153
62 116
53 13
88 19
123 146
157 13
94 8
110 182
24 135
34 142
67 131
121 142
88 18
2 11
112 193
134 139
39 4
26 117
123 18
111 124
32 36
76 168
82 10
2 12
114 150
35 3
84 158
90 171
51 72
46 58
71 180
194 7
74 5
159 4
30 46
159 7
37 136
44 176
76 11
52 14
78 130
4 19
103 9
56 156
186 196
55 165
77 11
94 194
100 9
88 114
79 91
57 199
176 2
60 7
73 106
9 14
36 61
