79 4
133 2
189 6
120 1
44 18
58 69
188 19
94 183
125 158
51 9
9 14
172 18
1 9
27 19
131 188
82 152
66 16
73 3
124 134
2 17
117 16
23 139
102 162
166 16
54 59
138 13
97 9
51 16
102 106
40 151
6 8
117 159
177 11
160 1
105 158
185 19
136 11
50 124
67 13
4 12
105 110
196 16
9 19
144 194
8 15
39 63
42 8
117 7
58 12
124 3
35 140
48 169
70 163
86 6
176 3
77 86
69 85
163 179
90 7
121 12
135 170
75 155
168 13
166 15
160 3
60 78
106 169
50 180
186 15
162 3
113 7
50 149
197 3
88 163
66 8
57 1
94 7
66 18
30 124
40 173
53 19
131 7
48 13
177 10
182 12
193 17
192 19
155 8
191 16
114 188
198 15
140 5
72 6
14 18
7 12
60 150
182 8
40 65
38 106
115 198
158 9
95 18
171 10
123 14
77 166
153 11
82 106
24 11
88 2
115 1
140 198
7 17
6 19
166 5
124 17
29 93
25 37
96 8
52 9
26 10
36 70
129 170
198 7
198 6
167 15
131 184
147 0
66 112
15 17
110 3
142 9
129 7
142 2
27 129
22 187
65 76
27 6
49 137
16 17
36 8
20 7
27 16
30 105
91 130
37 4
90 9
20 8
2 4
173 11
113 4
167 17
84 124
87 198
22 132
21 183
41 9
101 154
101 161
78 14
140 172
36 2
47 136
27 92
90 196
162 17
103 123
148 162
42 139
70 10
127 3
31 130
153 7
42 180
148 7
82 169
26 114
26 27
77 103
41 83
105 131
157 15
139 162
140 194
41 95
37 170
21 85
180 16
172 2
104 157
175 179
190 2
32 144
22 0
71 159
138 188
116 1
34 10
29 7
60 98
119 191
8 17
25 0
20 118
21 6
135 1
66 15
0 3
66 9
177 15
194 12
117 2
42 0
31 71
55 77
145 194
42 196
62 173
65 93
69 78
37 12
65 121
76 98
77 87
25 160
84 192
115 3
7 16
182 19
115 178
180 7
98 199
27 168
23 3
47 106
160 19
78 4
184 8
35 184
185 11
2 3
113 13
29 36
23 0
132 0
120 153
97 131
138 3
132 5
103 128
34 184
141 2
73 17
65 138
197 7
36 10
5 7
145 0
75 10
8 19
75 132
199 7
39 12
51 11
70 9
79 194
75 137
113 0
108 143
4 13
49 5
39 125
41 6
69 189
106 15
92 94
192 193
36 190
120 167
57 78
81 2
147 2
99 17
79 170
149 12
61 105
54 174
98 19
69 109
126 191
140 7
20 171
111 152
76 15
34 9
117 183
126 9
84 14
192 0
79 189
194 2
184 19
84 97
35 8
28 2
68 18
105 4
64 92
112 158
0 15
56 17
141 192
133 5
78 106
31 17
193 9
39 43
161 2
100 163
155 19
133 14
50 7
158 180
123 174
67 181
148 17
42 102
122 163
69 16
111 19
71 195
150 18
69 87
103 127
41 123
10 12
26 118
89 183
56 196
78 15
76 1
5 16
83 2
83 91
39 4
20 17
39 16
176 13
191 2
91 100
75 17
136 146
7 19
130 142
161 4
111 7
13 19
163 2
26 41
9 10
26 19
154 19
41 102
119 15
181 198
53 1
55 131
195 14
76 152
28 56
116 12
38 46
48 174
79 89
49 1
79 17
47 78
20 155
66 4
183 15
68 159
33 10
114 10
168 6
93 15
123 152
164 12
61 11
32 1
80 3
122 179
94 116
64 13
89 116
92 130
125 15
72 14
78 5
160 193
72 151
58 94
47 73
11 14
193 7
59 5
111 158
192 196
75 191
145 7
97 17
118 122
128 19
199 18
71 15
101 106
97 12
96 5
138 18
82 112
32 182
25 92
29 19
30 160
166 8
20 14
106 7
183 13
5 15
100 12
83 84
31 14
160 190
54 18
3 14
71 1
85 18
115 15
17 19
91 13
32 12
22 171
180 3
108 16
63 2
25 140
123 4
72 196
26 81
105 1
118 14
79 121
168 7
45 78
30 104
54 74
145 193
28 10
9 17
105 196
21 57
87 15
87 182
118 4
0 18
56 114
178 0
67 6
123 2
84 4
132 159
146 17
22 93
47 124
40 195
190 7
25 191
42 153
99 9
22 2
35 86
150 180
64 187
37 19
34 40
184 192
84 149
160 16
195 11
72 77
112 6
128 15
110 6
105 16
167 4
43 80
103 198
190 12
33 150
175 3
165 18
84 129
120 151
82 166
50 118
3 16
77 18
42 51
67 19
158 14
179 15
189 11
36 198
114 4
34 93
143 10
107 138
99 180
135 163
50 15
96 112
73 194
120 2
138 191
118 13
33 45
27 2
46 67
98 18
41 11
82 190
114 179
132 180
119 128
45 94
126 169
150 1
44 88
97 2
165 1
33 77
174 5
57 133
87 19
50 129
144 4
178 5
110 5
78 108
27 3
47 134
180 12
37 56
195 15
10 17
110 161
126 185
132 18
29 81
23 18
85 14
53 124
37 114
34 8
59 112
47 13
57 130
188 12
62 167
67 175
79 182
3 18
46 69
176 187
120 3
36 0
58 186
69 84
97 157
130 6
38 136
91 191
172 8
129 172
52 18
31 178
83 89
91 4
2 5
139 2
117 121
52 66
113 165
124 128
185 18
108 3
100 3
187 9
76 183
65 7
96 98
21 195
141 147
105 7
167 14
166 2
56 96
51 190
57 95
136 5
128 10
127 16
55 133
99 135
82 129
87 1
8 18
173 18
133 9
71 197
27 10
31 44
64 87
102 139
94 8
189 2
183 188
194 4
123 19
110 7
87 192
61 4
96 144
50 154
198 9
171 0
178 6
3 13
99 6
53 69
39 178
106 19
24 76
186 13
188 193
190 18
54 7
128 137
87 183
100 147
168 199
23 68
30 156
65 103
35 3
159 16
101 19
41 14
108 17
23 2
47 2
26 11
49 6
32 15
31 5
53 77
98 121
20 180
71 164
146 1
28 87
75 127
93 7
140 144
175 10
2 18
34 0
90 97
67 96
105 112
2 9
142 172
122 8
125 8
94 165
81 9
139 11
44 107
27 8
54 183
58 8
156 16
125 13
72 126
171 175
80 4
38 2
42 166
131 189
53 112
115 163
141 5
50 181
22 168
95 8
71 137
129 0
75 3
134 177
187 14
54 195
59 164
109 17
170 19
146 16
22 83
39 19
52 177
71 128
98 105
58 16
139 13
168 8
122 162
1 7
27 87
31 19
92 0
100 13
198 0
173 15
0 7
88 176
35 7
83 192
160 199
105 170
43 15
54 152
29 5
31 179
37 104
170 18
134 158
159 13
23 50
101 16
91 126
104 158
43 1
125 189
42 5
95 174
126 196
197 15
178 4
26 8
65 195
4 7
141 167
118 16
86 87
194 199
180 2
125 4
26 0
36 109
174 16
57 117
69 2
54 17
89 112
37 162
38 12
82 143
72 117
25 7
74 8
92 140
170 11
88 89
50 14
71 172
117 188
38 120
31 66
117 4
36 162
62 81
149 13
143 18
58 1
41 93
47 153
85 110
150 19
140 12
45 163
172 6
30 63
53 121
98 142
167 12
56 156
9 11
101 7
52 11
105 127
61 71
58 170
103 2
54 142
131 5
90 15
68 169
48 112
109 18
21 3
164 15
28 180
27 7
153 17
124 13
85 6
79 146
138 164
23 13
60 80
55 0
47 97
78 11
22 123
41 12
120 173
48 183
55 145
112 180
95 187
78 19
80 85
65 110
3 6
82 96
73 111
24 9
60 0
128 190
94 12
58 127
148 14
26 45
74 18
21 125
66 91
192 8
90 91
139 1
124 6
75 9
109 133
148 12
100 127
55 18
198 19
83 15
163 166
132 10
87 17
60 175
85 171
81 15
118 15
55 7
96 10
199 2
5 14
131 18
83 18
22 11
111 8
62 89
6 18
135 6
134 14
127 19
67 14
69 4
49 18
140 156
50 67
60 18
34 168
98 165
125 192
161 174
50 190
55 15
99 114
26 139
194 18
100 6
86 185
60 15
138 8
86 112
149 190
133 12
34 41
170 1
92 107
180 14
95 7
111 199
99 5
99 12
31 4
126 164
169 5
75 6
33 3
22 180
123 181
100 18
175 1
73 18
174 12
91 193
57 176
12 13
31 95
24 122
69 6
104 183
116 199
107 137
164 19
32 92
45 171
22 86
32 18
185 16
78 1
134 1
25 142
68 197
75 12
136 19
137 157
42 54
116 5
34 91
142 3
64 132
45 12
109 174
165 3
142 5
110 11
139 16
154 166
96 182
56 0
15 19
73 19
152 0
20 16
64 5
29 85
28 111
50 123
120 149
29 190
132 186
45 182
119 3
81 13
167 182
127 18
90 143
22 19
20 15
3 7
140 146
88 11
117 19
52 126
44 7
105 138
49 16
140 143
84 160
72 15
51 122
152 158
99 4
114 141
40 98
97 5
0 5
68 170
12 18
55 129
27 105
62 9
2 15
59 99
4 14
76 19
85 187
30 3
110 2
99 194
33 129
38 173
32 13
136 1
132 179
185 17
118 10
106 4
44 170
175 16
47 116
152 10
63 138
153 10
168 12
63 104
141 7
67 152
179 0
106 175
81 127
5 8
101 0
118 176
2 16
67 9
165 14
86 142
29 10
69 93
195 16
186 4
9 18
38 114
114 6
22 108
92 8
156 192
180 4
145 191
99 13
33 0
119 195
31 164
94 185
80 9
69 1
85 143
46 178
33 17
40 19
29 38
64 167
53 189
126 8
68 124
92 166
185 12
129 142
139 4
183 11
121 11
82 16
150 198
150 9
40 12
194 17
186 16
56 3
91 7
1 17
87 6
52 183
20 19
25 34
87 4
141 17
78 187
133 152
181 183
65 80
2 12
42 52
67 126
164 7
108 166
56 180
90 137
38 16
65 143
104 171
12 15
67 17
91 16
31 105
108 2
131 190
183 184
159 191
34 61
8 9
126 186
49 56
50 97
28 4
112 145
114 196
65 145
27 113
96 9
109 112
30 2
157 176
27 196
61 10
133 17
5 6
96 12
4 17
5 11
64 4
79 12
63 177
155 10
49 166
77 4
84 107
89 95
154 189
105 10
90 171
27 163
47 190
62 82
53 147
33 1
92 3
145 3
72 0
121 18
88 10
92 15
20 71
26 3
177 18
70 121
168 190
104 12
42 160
189 0
139 15
106 195
82 122
24 10
128 9
131 193
52 8
130 192
91 10
35 110
3 9
68 150
42 144
66 11
185 190
1 10
94 178
183 194
54 156
113 19
170 4
48 68
85 19
37 6
32 10
61 13
0 10
36 123
131 11
22 38
46 176
82 116
131 132
39 186
49 132
65 10
107 118
131 16
58 0
150 197
94 16
25 122
22 91
129 8
30 1
93 117
50 74
89 173
139 181
96 129
131 12
73 14
35 0
157 9
56 128
77 147
37 48
143 164
28 15
188 17
24 197
157 11
186 6
110 123
50 9
146 8
1 5
103 5
106 148
105 137
76 17
28 13
1 2
131 19
131 2
3 10
180 11
111 15
158 176
137 153
55 3
132 162
59 67
171 6
145 10
89 17
30 55
161 3
136 172
161 167
30 153
55 93
84 171
90 130
123 192
72 178
61 2
41 99
20 50
28 89
192 15
79 13
61 84
26 140
73 0
144 14
151 8
15 16
11 18
151 6
111 177
124 149
72 2
56 109
108 12
62 122
120 6
70 165
199 17
114 0
153 197
21 43
87 96
75 128
46 179
126 5
68 15
64 3
43 17
63 159
84 179
34 101
143 4
35 11
130 0
60 136
120 199
39 135
123 16
79 101
39 46
86 10
147 6
45 193
109 5
82 141
98 6
41 17
148 185
134 17
51 71
109 195
115 168
84 5
96 4
195 4
129 145
22 122
135 176
67 10
132 169
51 10
83 196
157 162
102 5
163 10
23 16
23 26
119 11
63 15
38 109
65 141
88 3
95 6
42 184
73 78
21 157
132 136
152 168
177 12
143 16
85 154
26 13
106 168
80 18
188 197
182 11
156 174
7 11
115 18
54 15
83 138
108 10
94 156
193 196
169 14
103 12
94 112
43 112
63 3
90 193
126 14
182 16
116 0
140 169
148 15
53 157
101 181
83 9
94 96
81 157
113 2
121 199
170 7
30 17
101 111
61 15
26 173
55 140
112 4
153 3
42 129
49 17
43 73
34 125
114 161
91 93
70 102
51 7
179 6
27 14
184 7
117 125
160 4
185 6
82 11
161 5
40 69
31 16
46 17
104 2
91 115
76 109
52 125
107 199
61 83
51 1
100 14
26 28
55 1
70 5
100 16
82 7
173 19
172 7
113 155
26 98
36 59
81 190
3 12
109 180
105 154
40 135
183 10
92 19
64 136
103 181
130 10
155 6
7 18
30 95
36 4
87 128
115 159
79 5
38 76
89 180
98 192
71 92
163 6
38 10
139 148
91 111
176 180
74 102
78 161
35 39
127 149
97 15
33 193
67 2
167 5
86 179
6 16
64 151
63 151
7 14
89 186
156 196
83 96
84 196
118 164
131 151
10 14
187 18
138 2
57 8
29 157
90 19
28 9
30 194
2 7
45 0
128 5
182 14
0 9
109 175
39 14
183 0
51 5
163 170
127 0
102 16
155 180
4 18
168 16
188 14
27 66
50 18
168 15
60 166
131 140
39 164
21 19
189 195
154 2
31 192
38 7
14 15
95 103
57 115
122 13
120 174
94 142
130 19
29 170
67 87
58 105
148 0
71 8
5 12
86 9
8 11
154 18
196 18
117 154
108 142
125 11
30 0
199 5
151 17
45 9
49 0
199 19
82 100
165 7
32 11
110 4
109 10
147 152
23 17
186 7
34 133
43 79
75 115
63 106
161 198
57 125
62 146
169 181
59 13
180 1
89 4
57 182
23 11
97 118
3 17
29 118
102 2
144 174
60 19
9 12
151 9
88 9
188 189
57 0
57 136
130 8
79 0
69 151
89 120
38 8
46 71
95 181
71 155
149 4
61 9
106 145
52 5
51 145
75 123
56 7
186 19
39 17
134 160
77 17
47 11
95 105
30 79
61 178
109 3
111 3
88 196
162 0
163 14
56 90
36 135
34 143
189 16
105 113
116 18
65 13
0 1
110 12
137 189
0 16
21 8
112 1
68 180
0 4
56 18
11 17
134 12
83 190
150 11
73 74
159 170
177 1
159 7
60 103
3 4
45 147
191 15
78 89
59 196
69 170
126 179
164 0
61 65
185 15
173 174
65 180
165 8
27 50
82 177
23 147
79 2
135 151
142 145
126 198
114 7
66 3
27 0
0 14
55 162
21 15
73 146
51 12
118 125
171 189
112 118
149 163
21 187
169 7
39 9
85 186
46 199
173 12
39 15
131 187
167 192
20 136
5 9
129 156
24 184
186 195
90 13
150 3
1 14
61 97
75 85
31 175
125 19
109 148
28 174
26 7
116 137
36 57
27 82
36 142
188 6
116 186
138 11
161 19
70 139
77 12
67 18
114 144
68 97
81 95
102 0
187 1
33 65
140 4
39 10
81 16
121 1
99 8
64 19
56 73
30 60
38 186
35 137
132 19
103 166
55 186
190 193
153 0
38 42
144 176
148 3
115 12
122 194
87 7
145 15
168 179
174 2
187 2
1 18
3 19
126 10
40 2
92 118
8 14
108 135
114 17
88 14
134 136
153 199
12 17
142 18
190 0
195 12
147 9
43 14
131 162
101 109
155 2
57 73
121 16
53 91
43 3
47 103
100 151
193 5
89 9
65 2
47 5
38 5
73 10
98 1
74 167
118 5
81 185
32 72
23 10
134 15
120 137
72 160
75 4
50 8
39 99
143 153
184 12
147 181
159 199
198 5
82 133
101 4
190 8
79 192
179 10
34 170
143 157
64 176
194 11
155 1
13 17
25 116
72 136
192 7
157 0
159 17
82 186
76 103
73 5
108 109
146 3
36 55
31 69
152 4
150 8
137 14
119 167
179 4
74 19
42 17
156 163
139 17
121 17
2 11
84 157
91 14
104 156
21 88
41 8
35 10
114 180
32 4
140 195
65 94
140 11
163 165
65 18
185 14
82 173
151 166
36 17
88 175
73 11
51 98
133 4
162 16
91 107
69 18
37 66
40 192
160 10
94 166
122 168
82 13
95 3
74 94
74 187
142 156
121 196
129 148
196 13
0 2
22 24
177 179
183 1
52 17
115 124
28 183
29 191
127 193
165 10
94 0
46 19
56 151
140 13
153 9
49 14
171 15
3 11
162 18
44 4
34 147
22 67
21 44
33 53
94 120
146 170
191 9
89 187
33 138
120 134
117 0
199 10
146 9
127 176
30 163
141 1
57 10
1 11
163 1
45 7
29 98
43 184
31 49
172 1
111 132
71 18
47 59
58 59
76 188
123 0
116 10
4 11
73 16
103 119
4 8
92 16
20 12
87 193
95 109
139 12
121 139
55 95
41 10
140 14
163 19
195 8
150 16
3 15
180 0
90 3
132 156
46 137
156 15
64 146
101 1
169 4
66 17
177 195
68 0
137 154
126 0
130 16
167 9
35 148
74 6
184 11
56 186
84 154
25 173
77 11
193 8
98 112
127 1
99 2
67 188
141 11
135 162
74 124
21 199
68 13
89 8
40 9
31 6
22 188
30 159
186 1
21 74
65 104
107 123
25 97
152 190
105 18
137 0
48 18
65 19
85 184
21 116
72 130
14 19
41 71
79 15
121 140
81 14
147 12
96 116
127 198
150 2
83 4
173 4
115 11
110 140
73 15
154 10
28 150
60 11
104 118
62 0
68 11
78 170
149 1
66 172
129 186
77 137
167 183
84 10
32 189
183 4
50 162
89 97
45 169
66 149
107 177
85 11
169 1
61 7
47 183
138 195
118 124
34 115
146 13
80 187
68 17
30 175
147 7
172 181
81 19
105 5
74 109
84 165
163 9
86 122
35 90
35 176
115 2
26 6
129 184
149 11
23 195
89 0
117 140
54 136
72 82
50 147
180 17
65 108
62 104
175 18
65 117
25 2
118 189
80 16
57 12
85 0
158 1
10 13
20 108
34 181
32 16
31 11
29 15
107 16
69 9
48 15
144 154
173 195
175 19
141 18
161 168
70 93
23 129
0 12
49 115
118 141
76 4
60 171
28 195
113 12
60 17
184 0
119 189
84 102
33 8
136 14
43 104
156 9
100 9
191 10
68 167
70 2
83 12
95 159
71 160
22 12
181 199
103 170
76 10
14 17
117 9
124 5
40 119
76 16
67 110
135 144
116 180
137 19
136 6
145 6
72 140
60 4
58 161
83 195
136 194
133 165
132 15
37 8
196 6
7 9
30 130
66 6
114 2
181 9
8 13
3 8
147 4
155 18
48 12
35 178
72 167
60 169
87 2
175 7
53 169
40 10
40 136
156 4
57 119
63 118
104 178
24 29
89 90
127 15
152 11
178 15
96 120
32 153
58 76
53 4
94 18
35 125
56 108
50 199
29 18
162 180
77 176
48 131
68 152
43 135
28 128
119 10
153 14
65 189
115 6
107 12
20 57
155 175
50 5
92 9
36 106
160 17
85 7
42 150
40 80
154 190
104 140
118 195
40 184
165 9
176 196
51 131
70 6
86 7
126 2
64 17
186 9
27 15
174 9
152 162
48 50
194 10
117 178
44 182
9 15
37 134
38 144
112 197
79 96
147 5
140 141
61 153
31 116
37 138
137 158
192 12
72 13
13 15
110 180
20 80
195 2
158 165
83 3
72 125
138 192
56 141
84 9
80 193
46 5
123 8
109 117
184 14
128 182
181 5
47 12
97 174
42 3
81 3
88 18
94 114
147 193
35 99
76 14
168 2
31 13
162 173
118 7
45 65
190 4
55 75
79 1
94 3
61 158
129 11
53 18
118 131
24 1
0 17
48 10
98 108
175 5
165 199
28 182
77 93
174 10
63 7
23 7
176 12
6 13
46 6
190 14
122 10
2 6
23 76
100 128
117 3
12 19
100 17
64 152
77 109
82 10
133 175
5 19
4 19
152 187
144 199
26 12
84 18
6 10
1 6
36 13
83 10
110 184
66 127
148 19
65 16
181 182
183 12
93 94
125 185
86 13
114 164
35 195
111 191
53 113
74 2
67 7
39 74
124 7
148 10
59 1
154 9
36 12
181 16
136 8
61 181
145 17
145 184
129 9
80 171
100 198
20 26
177 5
33 9
143 194
33 160
132 3
44 184
118 194
56 12
101 172
59 12
160 191
175 9
126 11
47 186
110 1
41 185
71 11
90 107
114 130
55 68
120 15
56 74
29 13
91 8
91 114
123 12
116 163
187 19
63 131
32 14
101 2
32 155
64 82
181 18
199 4
113 192
120 7
70 13
111 6
36 7
72 154
98 129
193 10
46 10
142 12
95 13
7 15
124 4
159 160
109 11
41 150
26 31
133 15
42 18
61 5
71 97
125 10
148 4
25 165
95 126
73 1
175 182
111 154
49 176
74 98
21 179
72 90
68 136
150 6
142 143
62 164
131 175
40 3
164 1
63 0
174 198
54 62
113 191
29 107
29 189
184 5
146 12
119 178
87 12
157 12
62 12
29 133
26 110
91 156
92 157
44 1
5 10
59 8
20 10
80 159
77 130
118 9
142 7
96 19
26 149
134 18
58 7
156 13
66 157
34 161
53 94
28 127
75 112
90 198
139 3
52 192
42 11
110 185
47 175
33 174
27 5
160 168
1 13
98 161
95 10
94 5
135 16
0 8
196 15
140 8
2 13
39 5
21 133
46 7
42 169
52 149
47 3
61 126
167 197
33 157
84 15
45 4
127 129
143 9
114 178
110 0
85 3
24 123
30 11
154 192
20 1
20 53
65 8
125 1
61 16
135 199
177 0
144 6
51 4
47 9
109 114
86 188
50 112
32 42
55 123
20 178
84 172
76 0
152 9
44 12
22 109
74 10
121 3
93 174
152 2
4 6
57 97
74 130
29 62
22 196
167 195
101 17
68 10
97 197
154 177
173 0
134 157
124 165
134 184
7 13
118 18
47 166
74 120
122 4
197 4
166 1
57 15
140 17
170 17
45 92
187 11
171 177
87 13
11 19
38 73
126 174
163 4
64 154
36 179
28 93
78 0
45 166
31 126
41 1
96 16
67 69
113 171
50 12
51 67
69 19
180 186
53 164
47 1
60 63
4 10
120 129
77 107
28 125
117 8
113 170
165 5
23 126
139 183
28 3
83 8
124 191
163 8
95 99
74 144
69 12
155 12
46 159
54 3
44 11
13 16
52 64
50 11
58 14
114 15
22 7
189 9
58 180
172 17
61 12
57 6
197 11
133 1
34 6
197 18
35 171
169 0
152 16
109 15
103 142
61 103
132 1
99 16
34 52
123 126
123 136
93 10
156 1
111 153
135 165
151 1
154 12
26 17
35 72
113 147
40 181
92 153
46 195
43 113
191 199
30 190
33 7
12 14
90 131
114 168
36 60
176 182
114 147
90 133
199 11
181 12
27 126
102 17
166 174
127 2
52 130
165 6
195 13
94 10
96 123
153 4
72 19
183 19
82 120
186 5
48 67
170 12
54 0
64 160
132 198
150 15
4 9
51 175
109 140
132 194
137 18
49 116
56 136
51 134
78 2
20 94
60 111
28 18
78 8
132 157
36 68
23 1
30 123
173 13
107 1
37 40
2 14
76 13
90 186
59 9
159 2
103 177
76 2
22 153
198 12
78 168
134 7
103 107
103 16
177 193
171 3
158 7
45 13
68 98
179 183
193 11
178 192
157 166
79 148
120 181
130 2
109 128
155 199
45 145
60 14
82 171
21 80
63 13
111 16
54 14
25 154
36 67
94 159
55 14
40 7
112 16
33 4
39 176
59 179
101 5
64 15
191 14
43 161
70 15
37 168
34 177
50 155
126 6
142 146
67 183
162 9
65 15
192 17
84 16
101 159
76 146
52 60
159 8
182 17
51 194
164 198
20 93
134 13
121 14
49 152
57 102
190 9
49 10
171 14
99 179
45 131
115 0
80 122
120 143
22 17
47 4
132 8
151 5
63 8
199 1
103 4
24 71
98 144
63 110
98 188
82 5
143 197
78 118
66 5
162 167
162 193
73 136
150 4
54 133
99 10
113 168
20 184
184 16
31 199
86 14
100 19
113 16
122 176
117 10
186 0
22 148
100 157
22 173
46 177
11 13
110 196
40 100
196 10
80 114
13 18
52 94
45 55
75 5
34 128
149 9
60 129
149 2
75 11
123 11
68 1
135 2
49 151
87 125
6 12
125 12
151 159
173 10
10 11
105 2
5 13
9 16
5 18
51 146
92 14
53 116
162 13
72 114
38 1
170 10
59 178
33 95
100 11
104 16
193 14
98 17
89 5
118 153
22 4
29 33
79 174
64 171
90 0
61 134
58 167
149 17
172 13
129 3
182 9
108 6
22 184
122 5
116 135
82 136
14 16
146 6
142 16
22 5
124 18
73 117
112 7
185 13
63 124
108 14
75 8
23 39
150 14
22 6
142 162
102 124
86 132
65 17
47 93
40 78
48 17
158 17
185 2
81 12
74 3
28 0
24 13
36 45
37 9
182 193
190 191
103 143
39 153
137 16
43 7
44 89
33 198
188 3
50 65
33 163
21 18
143 6
137 7
124 129
169 18
102 105
28 80
103 8
118 152
119 126
85 96
95 12
189 15
30 161
36 178
55 72
97 104
172 15
154 4
49 63
157 19
65 11
66 77
73 12
131 3
159 1
184 4
114 18
102 14
113 18
62 14
187 10
63 10
42 4
54 12
21 31
38 6
63 119
156 18
1 19
147 186
84 182
59 160
65 14
140 177
57 7
196 3
83 19
1 15
154 0
134 141
41 82
182 18
88 121
106 14
159 188
52 15
45 174
83 11
62 177
178 10
193 2
182 2
61 0
137 11
100 15
82 199
74 80
36 56
36 134
44 178
59 131
43 160
158 10
38 4
43 18
91 125
108 123
93 19
136 12
40 126
78 180
86 181
53 62
122 136
75 87
132 4
130 197
169 11
41 112
52 106
82 168
135 12
102 10
97 8
143 14
115 183
59 89
88 17
94 191
86 172
119 123
42 157
63 17
171 2
70 7
27 145
176 194
49 146
155 11
64 185
0 11
91 178
98 8
66 1
110 181
50 182
177 7
116 16
44 132
153 16
110 141
24 159
50 169
112 10
44 19
51 193
52 188
76 168
114 5
57 3
22 52
38 14
83 7
169 19
34 164
35 5
61 3
47 162
74 188
87 171
23 150
49 60
33 13
121 180
178 18
84 8
86 16
85 144
38 170
38 13
172 16
124 177
104 10
41 16
33 116
143 8
99 7
124 2
32 81
110 14
64 70
97 160
11 15
135 157
34 19
97 191
117 165
165 12
97 155
30 113
82 0
133 186
130 3
119 157
64 156
16 18
93 183
96 101
171 7
186 17
188 10
79 184
64 14
85 109
196 11
40 18
156 12
95 191
86 0
21 10
126 17
57 195
122 11
112 114
5 17
6 15
93 148
117 169
71 199
85 137
79 151
49 13
55 177
157 6
25 70
144 3
69 13
22 3
1 8
197 1
59 4
192 199
79 116
179 5
181 13
167 6
162 163
76 144
52 56
104 15
183 7
45 71
189 10
99 139
131 178
27 104
65 73
51 13
25 79
195 6
121 15
176 15
171 195
162 14
146 167
37 144
31 190
147 19
84 12
39 83
47 163
52 189
40 186
20 24
38 54
70 19
94 19
132 199
131 17
109 151
38 152
1 3
32 7
54 4
89 18
24 12
26 143
10 15
104 17
102 134
32 175
6 14
3 5
4 15
28 19
68 127
180 8
156 10
189 18
133 198
79 18
159 9
159 0
109 19
74 13
116 147
109 6
97 19
62 107
68 119
37 5
132 11
118 169
104 144
147 3
51 111
69 5
59 118
85 123
66 173
128 7
97 181
154 7
44 163
107 157
67 107
53 133
41 100
138 144
89 1
29 14
192 3
43 16
10 18
96 150
191 19
26 122
116 13
77 2
142 17
173 16
149 8
149 19
6 11
126 15
97 3
104 179
27 55
70 16
22 150
42 14
24 5
24 19
71 12
55 171
132 164
84 161
152 18
52 7
46 84
22 13
29 99
161 1
94 105
157 196
51 144
29 12
60 130
64 194
48 164
155 7
126 167
35 37
96 127
64 7
177 6
11 16
91 98
41 171
25 146
64 11
23 142
26 2
78 143
91 3
93 153
100 107
46 102
31 147
42 43
50 158
119 4
40 142
137 13
100 118
135 0
150 175
41 74
88 162
27 127
108 19
112 198
147 16
116 14
180 181
197 13
88 90
30 179
74 182
119 135
167 11
49 71
112 135
1 12
22 1
162 4
181 7
68 8
99 126
25 81
143 15
140 180
126 4
85 16
196 7
170 0
112 8
108 137
44 17
56 6
67 91
45 11
28 16
101 127
45 129
149 3
176 8
31 77
132 14
153 5
156 5
123 7
29 164
31 50
119 136
60 5
22 16
135 5
199 15
73 97
72 81
144 0
133 199
23 4
65 199
193 19
91 188
45 164
194 195
137 9
104 5
49 12
183 5
67 97
46 9
140 16
4 16
35 14
156 168
40 8
171 17
133 0
165 13
82 155
150 17
42 194
103 13
147 192
71 10
49 9
78 103
79 10
145 19
199 14
102 15
33 169
74 14
185 193
48 6
48 1
159 175
174 7
87 90
105 9
151 160
166 6
53 12
56 11
128 4
128 6
15 18
162 186
40 166
27 1
29 172
131 145
110 17
31 67
122 18
78 90
57 75
77 115
81 1
73 161
144 8
169 10
119 199
45 19
25 169
99 146
174 3
44 183
121 135
176 19
27 136
33 2
169 199
42 74
114 14
42 2
74 184
97 11
154 13
83 169
37 155
71 0
140 15
112 3
141 13
45 8
156 0
61 19
141 15
87 123
90 161
98 116
173 8
30 81
94 164
99 15
134 0
51 161
92 18
121 156
122 158
191 18
39 185
159 6
16 19
34 65
109 158
80 112
24 2
51 72
199 13
76 192
51 196
141 150
144 5
50 19
26 71
98 7
27 29
29 151
122 195
30 9
166 170
84 11
27 96
68 182
162 10
152 19
74 170
117 12
55 74
122 2
133 159
82 3
100 8
122 1
78 9
113 8
138 12
22 18
112 171
78 13
56 14
24 49
187 0
26 89
189 14
13 14
24 63
32 123
120 142
106 181
31 18
170 3
63 114
30 16
0 6
61 130
77 5
98 16
67 74
70 160
151 15
124 198
7 8
57 128
168 189
68 149
136 189
63 14
195 19
102 6
174 19
49 189
156 2
72 16
77 100
23 95
107 168
37 158
65 12
48 85
129 5
188 9
154 15
