38 2
69 8
40 197
182 4
177 7
55 102
6 11
73 10
148 158
66 6
85 10
74 144
150 9
151 11
158 18
43 113
14 17
159 11
145 19
122 135
28 3
42 71
90 6
143 146
56 3
70 10
144 12
103 4
94 95
35 0
13 15
4 18
5 12
58 133
69 3
133 19
109 10
52 83
42 128
190 7
105 12
155 14
130 7
110 10
12 19
163 15
194 18
124 191
85 162
79 10
77 15
191 4
189 11
54 107
52 14
104 151
195 4
112 119
90 1
11 15
51 90
32 5
27 18
122 16
21 148
35 10
123 183
140 3
90 18
36 152
123 16
62 125
95 0
149 191
110 2
166 19
63 12
70 4
114 11
22 129
90 13
129 164
101 195
52 92
3 9
182 3
128 6
172 18
136 0
42 176
135 8
144 18
40 13
98 12
119 8
86 9
174 2
45 195
100 8
79 11
59 19
150 17
152 5
152 7
150 6
188 16
88 16
95 17
93 3
142 7
46 122
97 18
65 195
22 8
43 122
118 10
39 154
84 17
138 163
72 6
194 11
89 9
57 13
78 19
81 12
136 4
48 2
52 136
169 15
58 5
111 182
51 7
88 14
132 199
183 11
59 156
158 15
91 132
133 8
76 11
182 1
103 12
124 18
109 179
7 15
87 166
67 132
36 0
95 113
29 89
67 1
51 19
33 64
138 1
110 0
4 8
183 7
46 15
54 15
160 9
28 17
192 7
173 13
142 163
78 6
91 0
124 9
153 195
9 18
111 17
24 15
175 193
72 12
12 13
51 0
173 17
9 15
168 2
58 12
161 14
155 1
79 17
100 18
154 189
99 8
181 0
120 159
162 12
140 8
198 0
38 8
44 7
197 17
152 6
118 19
1 18
32 8
52 138
187 2
36 82
47 183
76 7
117 163
108 7
124 126
52 1
42 113
37 9
114 121
77 185
6 12
71 13
119 4
65 11
193 5
127 15
44 12
28 2
161 18
86 16
113 13
44 102
89 10
89 155
21 150
181 19
163 6
85 199
60 6
34 119
50 197
155 11
190 199
108 9
83 15
55 9
66 1
139 7
120 183
92 7
170 8
28 90
152 11
48 19
172 194
151 5
102 190
169 19
145 157
76 12
116 189
153 12
38 165
192 8
69 15
37 89
99 9
69 142
76 132
34 107
105 10
31 12
168 5
28 91
183 15
88 17
113 130
177 10
96 9
85 1
87 13
174 19
73 5
23 56
183 16
104 19
67 9
20 14
136 18
150 0
63 167
141 15
71 192
37 47
120 4
70 19
21 4
103 113
139 1
32 188
69 161
24 1
82 177
119 13
66 178
157 6
127 3
61 64
23 7
170 0
48 164
28 104
153 16
108 115
33 17
120 2
51 2
11 19
18 19
181 184
35 52
191 10
57 18
36 182
163 8
72 18
56 16
44 140
142 16
87 17
0 1
66 112
170 7
58 3
41 19
8 14
138 11
114 145
176 0
6 7
60 19
44 155
80 18
124 14
48 12
183 194
54 5
143 5
11 12
122 13
95 3
49 106
88 7
70 16
198 9
83 9
126 13
132 3
28 39
156 16
170 3
67 15
134 7
94 195
104 2
193 18
43 132
1 16
127 130
23 5
168 185
26 18
170 5
78 14
144 17
140 13
49 94
172 15
44 5
116 2
63 162
180 7
88 10
5 10
36 1
28 19
59 12
31 1
121 141
28 48
183 192
90 193
170 9
106 145
44 198
183 10
46 104
126 19
108 114
65 119
68 184
102 8
35 19
152 19
68 74
88 3
53 139
67 182
55 19
46 178
20 113
53 144
189 12
39 9
75 17
125 8
126 135
60 12
167 4
78 3
136 19
180 17
98 6
14 16
56 104
116 7
93 13
27 16
119 169
53 158
41 164
142 185
169 18
97 19
10 18
2 6
40 70
42 4
13 19
107 8
101 185
51 94
56 6
80 9
139 15
137 5
35 5
178 11
4 16
80 189
190 8
40 9
46 66
113 17
133 194
64 172
125 165
65 7
31 9
108 16
155 8
186 191
1 17
158 12
155 183
197 4
7 9
176 7
58 178
104 10
122 11
123 177
166 10
106 15
16 18
122 18
44 14
86 0
107 17
178 6
127 0
74 83
25 64
36 19
48 7
197 16
76 14
32 3
62 131
33 135
124 17
73 108
33 78
94 6
77 172
27 151
151 3
76 173
120 13
7 18
111 3
85 135
67 2
96 15
191 0
191 8
149 6
80 16
174 11
5 11
188 1
27 3
78 2
45 137
100 163
61 3
106 199
81 6
89 187
158 0
97 17
121 16
42 6
71 3
166 174
55 10
105 2
74 14
72 2
71 5
153 2
39 19
33 83
79 1
87 10
65 15
70 171
148 3
23 45
60 73
28 18
92 4
97 2
22 7
140 16
103 1
33 9
55 163
50 1
115 7
67 11
71 10
160 5
46 4
125 18
91 19
108 0
185 19
181 18
129 1
88 8
113 0
122 189
198 15
86 17
44 8
92 13
140 12
64 186
84 182
91 11
119 16
109 0
192 9
0 10
189 18
84 1
86 5
68 70
46 12
26 12
7 19
63 7
44 17
117 2
37 4
133 16
4 15
165 4
8 12
110 12
115 18
61 10
44 93
56 4
128 8
112 12
172 19
25 37
80 3
48 50
32 10
108 171
197 8
188 8
66 166
23 4
123 12
158 188
173 14
109 117
9 19
158 4
95 194
59 99
116 16
26 50
172 7
78 170
46 11
127 167
21 13
198 11
49 8
112 7
23 11
102 3
134 6
150 19
168 9
143 3
156 7
30 1
90 2
26 129
39 0
107 11
11 14
30 13
125 12
75 11
49 102
27 8
105 4
137 19
23 109
64 125
83 197
70 72
199 0
148 2
54 19
88 19
172 17
66 92
89 129
165 10
113 15
69 104
41 104
85 19
61 7
89 3
45 15
87 5
144 166
61 2
195 18
41 2
124 188
129 8
76 15
53 8
124 4
162 19
30 17
189 6
40 133
12 18
39 1
81 9
166 5
126 11
157 12
49 17
62 133
79 8
191 3
31 10
50 99
93 2
178 9
27 121
55 128
119 7
12 15
176 178
70 184
36 8
103 18
5 16
147 2
66 193
126 10
197 12
40 18
34 177
148 10
104 9
4 12
159 188
80 2
161 0
67 6
158 14
57 142
22 51
108 5
73 4
77 150
174 9
64 165
26 5
73 19
135 11
102 19
55 2
151 12
194 8
110 128
179 7
148 11
98 14
124 2
98 7
67 124
44 121
55 61
130 10
42 7
34 161
191 15
147 8
3 17
65 14
89 8
25 151
100 131
31 170
77 17
31 15
47 5
181 17
72 128
40 106
143 183
54 6
109 3
99 14
59 14
70 17
46 75
50 19
136 14
179 4
172 180
163 14
84 128
35 14
41 181
199 14
139 2
1 5
151 7
44 16
36 64
47 11
127 174
151 6
190 2
96 10
105 6
60 7
113 18
167 9
195 13
152 188
90 14
43 74
141 155
117 10
162 2
127 10
78 18
9 16
178 13
159 14
104 14
22 36
181 5
160 17
59 4
151 9
36 171
30 54
104 161
7 16
163 13
74 16
66 9
145 10
170 11
145 7
51 10
141 16
157 178
2 8
189 8
77 0
89 17
116 169
116 8
102 12
23 8
69 7
72 0
46 110
42 116
138 9
28 111
71 9
90 125
127 1
82 170
52 98
165 13
25 153
122 7
105 8
127 17
24 108
129 0
182 10
60 5
61 8
43 9
81 2
5 6
102 181
44 3
162 13
26 8
47 0
48 1
84 92
68 19
29 198
30 143
152 18
117 11
83 117
190 3
17 19
76 79
63 108
142 4
107 197
58 174
101 16
174 8
184 18
74 12
106 12
188 11
81 8
146 14
89 145
56 14
155 2
96 2
71 95
127 147
23 136
145 160
172 173
94 0
167 16
184 1
36 198
97 3
53 57
28 10
20 18
53 15
129 12
105 19
84 6
176 15
170 6
110 9
141 182
191 7
14 19
176 5
116 14
165 17
59 3
54 2
114 17
141 13
98 4
10 13
28 173
99 166
84 5
37 0
67 13
185 188
152 8
17 18
171 13
83 106
90 8
181 9
99 2
144 19
59 100
40 64
108 116
77 7
185 2
194 7
141 8
40 0
0 4
28 13
31 4
124 16
120 6
156 11
36 5
55 164
73 12
78 159
125 4
34 14
155 17
143 153
31 118
144 147
23 90
60 137
20 88
26 163
164 8
45 1
90 17
39 17
40 116
4 11
33 197
172 5
166 3
114 4
160 4
196 8
66 2
172 1
25 143
115 12
137 6
22 5
114 162
98 168
29 13
22 80
188 7
96 11
102 13
131 3
145 15
21 0
58 85
116 6
2 18
140 17
32 167
32 17
114 18
193 0
9 12
123 193
92 108
57 182
162 17
31 5
171 8
123 15
48 10
26 3
100 16
28 67
183 17
161 10
131 15
190 11
67 162
84 3
77 168
80 0
4 17
66 138
0 11
112 10
28 143
52 18
92 16
111 195
43 165
75 4
24 56
48 3
134 163
166 8
153 14
128 17
144 183
130 17
132 1
71 18
155 16
168 10
63 116
127 18
105 166
65 157
104 17
125 15
124 3
56 76
146 19
182 9
128 157
86 181
73 145
169 16
0 13
127 5
143 184
99 110
92 1
65 4
182 197
129 4
32 19
82 141
132 171
41 148
144 4
158 11
22 135
38 193
27 5
153 0
145 9
54 146
197 2
55 6
95 7
109 13
94 1
156 190
68 4
35 4
171 11
105 5
73 6
95 8
118 158
26 10
73 109
120 14
123 18
60 75
187 12
181 13
190 4
95 150
66 14
57 16
173 8
60 124
40 12
159 0
1 8
50 115
51 70
86 4
178 186
50 52
36 142
132 134
33 16
139 4
52 65
25 10
42 19
45 19
113 19
139 141
45 2
74 5
25 5
65 5
153 8
59 150
25 30
175 15
0 8
142 155
101 8
78 0
157 168
66 19
125 11
23 122
37 8
65 18
57 162
129 3
130 1
72 15
147 7
34 174
123 7
186 15
54 17
2 17
83 16
1 2
115 164
26 15
162 18
129 189
39 3
182 17
55 14
114 6
0 5
86 101
41 15
169 5
45 148
105 17
197 6
65 128
59 17
127 14
103 9
87 139
121 5
69 13
14 18
155 6
51 172
40 158
199 16
177 0
45 110
84 124
24 127
35 115
95 9
63 14
50 159
162 11
107 0
119 174
57 7
82 18
63 117
130 5
186 17
81 194
87 131
86 10
34 17
96 12
44 6
110 173
47 15
3 8
171 184
141 12
162 1
129 147
56 10
97 137
109 15
170 16
99 148
28 8
68 13
80 4
160 18
88 175
26 14
59 8
179 3
110 4
139 147
171 0
45 63
29 0
172 8
78 129
53 189
188 14
46 128
141 3
142 15
88 1
34 137
33 12
69 124
92 15
179 13
128 138
62 6
39 14
145 17
83 19
16 17
127 16
46 144
66 17
180 12
132 4
170 1
138 8
49 64
39 126
44 80
147 1
123 1
102 7
29 6
53 4
186 9
73 11
148 17
106 9
21 15
62 151
89 134
136 7
173 1
130 0
26 187
70 6
30 10
112 0
63 13
51 13
154 156
20 7
20 3
89 2
144 5
73 13
182 16
48 0
96 5
137 13
111 12
165 6
22 13
46 10
21 52
1 12
178 195
70 181
159 187
54 9
0 7
93 158
161 15
185 9
37 18
115 10
125 7
55 16
59 101
167 185
20 185
185 8
27 19
175 7
4 14
181 2
135 17
73 18
176 17
199 8
47 143
117 3
90 10
144 14
37 81
164 7
93 10
161 8
132 10
144 16
135 5
30 14
197 3
108 11
58 60
40 59
1 11
169 11
6 9
147 9
112 14
92 0
159 166
59 16
166 1
63 115
72 95
134 0
130 14
68 3
118 14
110 180
197 13
5 7
85 16
41 58
8 16
44 105
142 2
69 14
4 13
184 0
106 8
129 13
180 6
66 161
30 31
0 17
24 16
149 2
35 9
62 7
126 2
32 89
157 2
58 100
25 15
116 18
132 18
48 187
77 114
113 134
113 12
82 1
125 19
59 6
140 14
170 4
59 0
10 12
13 14
140 7
135 4
74 2
145 8
32 110
110 153
162 4
72 159
156 13
38 179
69 2
39 15
66 121
60 156
119 18
99 0
170 15
69 6
175 10
184 19
3 10
125 1
26 6
38 14
131 18
155 9
2 19
101 18
28 88
169 9
199 10
65 19
140 0
162 3
1 6
50 12
115 1
108 150
85 4
10 19
36 17
8 9
96 7
110 18
38 70
42 55
112 13
35 15
49 10
101 1
181 193
56 1
193 8
146 159
85 144
127 12
67 16
55 165
24 18
139 14
75 18
126 6
146 17
119 19
49 0
49 3
183 13
163 12
100 12
194 0
166 14
143 8
45 120
29 41
177 8
76 189
64 18
97 5
103 5
199 4
87 184
181 15
105 3
125 9
45 11
139 11
166 0
102 9
174 181
182 7
91 165
194 14
64 9
35 2
153 4
7 17
85 113
173 12
37 10
94 15
111 1
190 1
132 19
60 16
142 5
137 0
10 15
163 11
92 140
25 104
13 16
189 13
3 19
33 4
4 5
34 158
69 5
190 6
173 7
59 1
74 150
128 13
53 3
64 3
44 175
44 19
190 14
143 13
76 169
54 14
165 2
95 14
187 19
60 0
24 2
81 0
21 153
181 10
52 67
93 8
39 183
96 145
7 13
57 11
154 10
33 6
58 8
15 16
40 11
37 7
43 8
117 1
15 18
7 12
132 5
149 15
140 4
0 6
28 194
166 2
113 9
71 2
38 19
198 8
46 3
21 3
37 1
120 10
96 19
74 15
81 116
137 9
176 19
31 145
120 3
75 139
118 0
137 15
104 6
43 19
129 7
107 167
32 7
179 15
61 114
82 16
156 17
80 112
87 137
120 17
179 1
189 2
84 97
165 15
143 17
37 141
57 63
131 8
88 122
145 2
32 1
152 1
182 19
78 15
115 157
25 112
27 15
101 167
56 102
41 44
131 10
184 7
115 8
144 1
10 14
58 154
20 1
79 6
91 18
31 13
20 10
53 97
3 15
112 19
130 160
41 5
40 8
92 5
50 3
71 105
116 3
86 140
66 4
95 1
94 2
25 9
137 17
39 45
36 86
2 14
98 115
59 74
150 14
106 118
140 19
30 156
61 1
114 2
192 10
131 181
146 8
182 2
100 11
80 86
180 15
188 18
33 95
29 9
99 17
32 187
177 16
188 10
13 17
118 11
172 2
93 196
112 189
2 12
64 176
38 18
196 9
6 17
146 15
147 10
132 11
63 8
141 14
133 0
99 7
25 6
2 7
122 0
175 14
98 19
39 90
176 6
21 6
93 6
36 59
100 4
198 18
197 11
76 176
57 9
143 158
199 12
81 1
62 191
7 10
178 10
106 11
157 1
61 185
141 17
89 91
1 15
61 159
70 3
113 121
181 11
3 14
47 66
101 14
52 184
190 19
21 185
30 38
103 13
161 1
122 14
82 4
41 14
110 16
62 15
156 193
172 3
122 9
49 6
102 11
157 8
156 10
162 14
81 10
90 16
124 150
8 11
164 19
106 14
166 4
179 14
159 183
5 18
38 142
45 3
112 3
88 106
70 78
45 123
29 184
48 6
98 17
82 10
42 152
82 8
83 102
150 11
155 18
0 3
108 8
177 12
168 193
74 4
94 12
133 3
184 10
153 10
118 7
78 8
53 18
2 13
140 180
63 17
30 9
116 15
4 9
30 16
57 126
139 152
125 5
3 7
136 13
43 4
122 2
151 18
105 185
55 5
167 19
137 3
76 13
68 95
38 101
47 3
38 144
195 19
167 0
36 175
93 11
141 159
44 78
61 0
183 1
111 5
68 10
123 0
12 16
119 9
128 14
45 13
9 13
73 101
85 18
32 11
74 10
6 18
52 16
21 146
56 107
101 115
193 2
66 5
137 4
68 120
44 145
37 135
114 8
113 10
167 3
95 2
28 6
149 1
138 12
84 15
109 7
54 90
97 14
37 14
106 7
58 18
144 174
172 9
27 12
91 8
120 197
88 12
38 1
56 144
193 6
77 19
91 7
70 11
137 10
171 16
91 17
75 133
75 14
182 11
190 13
116 177
54 1
57 17
120 123
91 5
26 119
31 149
38 95
92 3
175 9
160 180
95 19
97 113
90 174
83 89
50 10
67 98
3 16
165 5
106 1
23 1
155 162
103 6
63 4
34 4
94 17
68 83
36 14
154 5
109 150
67 10
127 11
89 18
32 116
101 4
93 4
79 168
15 19
68 2
74 13
60 63
1 9
125 152
164 16
186 2
180 19
75 12
169 6
154 2
41 6
48 70
10 17
171 1
54 18
45 126
56 8
46 0
26 146
114 178
25 1
80 19
82 117
172 6
138 19
176 181
164 6
31 7
160 196
50 4
102 133
5 19
171 7
115 183
130 18
11 18
92 19
94 18
142 3
131 7
103 15
155 3
66 13
98 3
22 93
135 157
196 16
35 124
98 11
25 122
46 8
100 0
47 123
2 10
154 15
91 1
79 4
40 4
84 177
110 6
174 15
106 110
45 99
141 146
140 15
71 16
133 2
88 177
168 14
125 16
78 9
148 12
27 11
188 13
50 64
118 15
87 0
6 15
138 4
79 7
168 0
32 97
103 17
126 7
194 4
198 4
11 13
149 9
154 16
60 10
6 14
117 5
149 11
82 7
99 10
24 199
71 194
73 8
120 169
145 12
98 18
194 5
70 9
135 2
37 38
8 18
58 186
154 177
136 12
148 6
86 8
123 10
50 163
185 11
73 16
167 174
128 0
73 105
6 8
0 14
114 181
0 2
82 174
15 17
128 11
73 74
177 9
25 78
134 15
104 16
114 1
71 157
1 13
74 18
31 19
71 4
1 14
100 3
59 119
165 3
143 192
30 71
138 2
139 8
110 155
71 14
82 15
189 3
91 131
63 1
103 110
88 13
146 3
110 118
104 5
51 61
159 12
103 11
133 139
162 9
54 172
51 9
190 9
99 5
124 1
6 16
43 13
40 41
153 1
145 16
56 78
27 9
32 16
43 18
3 11
149 8
41 3
138 143
37 15
172 195
155 15
113 148
180 2
76 2
38 12
37 137
33 40
131 11
54 3
146 11
140 6
49 7
116 123
1 7
198 13
48 14
23 52
0 12
23 193
14 15
195 2
152 2
48 134
85 6
90 155
94 3
160 12
173 183
39 12
62 16
131 146
79 129
62 3
168 4
159 2
173 5
75 2
43 154
35 18
149 7
32 81
49 1
194 2
172 14
191 199
28 16
126 17
121 149
83 155
101 11
66 174
86 3
146 18
117 7
159 5
88 15
153 17
73 148
160 15
113 7
48 18
123 178
53 92
20 17
83 18
59 128
30 0
72 14
25 145
85 156
176 18
6 10
104 1
103 108
176 9
137 14
81 3
2 3
121 12
41 7
98 9
98 1
58 15
72 73
27 143
29 5
156 0
86 18
27 13
178 1
129 2
9 17
121 13
86 7
1 10
197 14
64 5
48 8
43 139
195 10
46 56
33 152
89 6
28 158
33 11
142 10
42 5
66 102
92 10
171 15
182 6
31 2
107 19
92 9
76 8
196 6
67 4
121 17
108 10
139 5
10 11
48 13
173 9
25 108
111 13
75 184
147 11
1 4
25 0
23 13
20 66
64 65
139 9
70 149
161 17
5 15
113 196
121 7
49 2
24 13
193 7
173 0
51 6
60 89
58 130
2 4
172 12
9 10
151 10
141 166
195 198
75 9
131 2
112 159
196 10
150 176
149 183
41 12
70 15
149 16
91 10
121 0
64 12
87 6
74 8
32 6
70 82
44 164
134 9
167 13
163 7
67 68
45 133
64 6
125 3
144 181
90 148
177 14
54 4
96 167
43 16
118 9
29 85
105 11
178 8
43 195
28 31
49 100
160 8
41 10
75 6
157 9
12 14
83 8
169 7
97 10
36 18
47 131
16 19
36 112
85 8
95 6
93 19
167 192
35 13
88 103
65 13
152 10
21 11
106 16
133 11
80 6
197 19
62 86
25 7
42 172
147 5
190 15
107 12
6 19
121 9
109 4
153 11
61 18
5 9
0 15
94 11
77 13
161 5
71 114
168 3
136 6
80 1
154 19
138 171
60 8
179 194
170 176
57 199
73 9
146 169
30 130
53 13
79 16
69 9
140 148
26 78
198 1
37 55
96 158
23 124
187 5
59 142
106 189
3 4
26 121
139 18
189 0
51 103
188 0
30 172
159 9
3 18
64 19
135 7
20 4
115 9
23 17
3 5
33 18
149 18
8 17
82 120
161 19
27 179
74 171
157 0
136 183
119 3
166 6
91 13
142 1
126 1
143 2
192 12
119 17
153 13
113 1
47 8
167 1
193 197
181 14
148 166
55 11
45 17
35 3
85 3
60 4
153 3
113 5
78 13
84 14
86 1
54 7
93 16
83 84
163 5
108 132
25 147
111 115
93 195
44 166
91 125
139 13
34 12
99 163
91 2
69 1
8 19
119 14
70 85
54 135
72 195
79 0
94 4
68 15
112 2
0 19
103 7
121 197
161 172
176 4
102 154
130 19
67 5
21 65
120 19
71 12
97 6
91 4
122 19
194 15
7 14
70 1
81 185
167 14
64 16
142 12
83 162
105 146
67 96
93 138
182 0
100 19
89 147
74 17
115 5
36 7
1 19
78 1
160 2
4 7
42 142
0 16
50 136
8 15
0 18
50 17
170 18
147 14
177 18
179 11
140 169
72 10
78 188
120 8
100 111
46 16
114 14
35 16
33 7
132 8
68 193
2 5
42 11
38 0
142 17
63 94
31 14
158 5
151 8
80 11
195 12
47 6
112 122
169 3
99 19
131 13
191 13
48 5
34 72
106 18
9 14
115 122
7 11
56 5
199 7
71 128
65 190
97 16
144 7
29 4
41 13
118 194
120 7
193 9
37 151
41 4
7 8
91 14
132 9
163 16
20 19
27 73
80 8
134 3
106 19
107 189
88 165
113 153
111 19
93 9
101 6
113 154
165 16
153 19
109 6
102 18
3 12
170 14
36 85
101 10
97 13
51 16
109 19
132 14
84 4
178 16
187 15
60 125
141 6
72 11
38 132
123 3
54 8
67 17
61 5
81 4
61 142
49 13
53 0
24 151
107 110
121 10
122 10
27 66
48 9
94 10
65 141
8 10
104 8
56 108
181 16
152 12
112 184
13 18
145 3
24 4
140 10
51 18
29 18
51 134
57 146
169 4
110 195
8 13
46 189
44 15
115 16
158 13
185 5
54 13
40 131
68 81
198 3
20 110
102 17
0 9
96 173
43 14
59 131
42 197
161 12
197 7
136 9
172 13
33 5
67 0
172 11
68 8
187 4
80 179
192 4
115 2
22 79
111 0
5 13
56 116
99 15
150 7
70 7
20 5
96 124
46 114
137 12
112 18
195 0
79 18
101 5
20 172
71 15
175 13
34 19
87 136
154 1
25 19
146 0
180 188
83 3
75 10
36 13
4 10
193 14
179 17
35 6
198 2
173 18
64 118
76 5
82 158
45 4
37 5
28 5
47 100
2 15
43 73
199 18
5 17
2 11
41 1
47 4
22 4
11 17
174 7
129 18
195 1
160 16
63 160
68 12
126 194
139 160
106 180
39 16
81 13
64 86
148 0
42 18
110 8
161 6
181 12
75 99
51 15
21 14
23 25
160 19
143 12
114 12
102 196
38 122
158 189
49 143
102 142
60 3
36 15
193 15
146 7
163 197
170 2
153 15
196 5
157 165
168 178
27 68
2 16
121 4
2 9
171 5
185 16
135 12
66 128
97 1
128 19
148 1
142 144
194 17
80 136
55 4
177 5
114 5
47 166
32 18
98 13
93 7
184 14
29 12
46 129
73 0
3 6
199 6
138 198
95 15
25 17
63 138
35 8
75 108
4 6
117 187
60 129
37 79
5 14
66 16
47 148
87 180
24 177
66 10
87 12
77 158
30 61
158 16
21 19
77 5
56 193
119 10
119 0
11 16
1 3
141 1
179 9
147 184
194 19
169 14
164 10
34 3
128 12
131 14
39 13
76 128
193 19
145 11
124 7
62 154
57 3
171 192
73 14
