133 16
11 16
76 3
64 121
56 1
78 131
63 4
46 14
184 190
94 12
50 157
143 13
86 166
195 1
151 12
112 13
121 12
159 13
104 0
55 76
82 18
163 8
44 164
187 0
80 113
132 19
193 10
25 14
150 8
102 6
171 17
146 159
57 138
4 8
125 146
79 80
39 13
120 121
61 1
77 8
36 7
106 145
112 131
121 5
97 14
62 168
108 18
29 12
107 172
20 4
34 0
35 18
32 188
174 17
81 0
70 98
121 13
64 193
36 176
47 69
43 168
78 193
46 76
32 171
45 10
21 17
27 37
25 88
116 155
146 12
26 187
64 89
52 162
23 30
22 14
168 14
175 9
114 2
180 13
22 49
26 7
164 17
49 110
102 163
69 13
50 188
153 10
120 128
34 159
180 7
78 187
107 142
128 0
58 2
70 0
41 7
73 17
67 15
51 115
90 14
53 64
127 148
36 47
81 88
33 168
184 2
141 6
116 16
80 107
86 186
158 159
29 16
99 131
78 3
161 190
4 15
33 6
89 1
131 7
83 99
30 16
90 17
29 4
69 16
179 2
138 3
113 6
138 180
147 158
34 197
76 1
142 8
66 72
167 198
37 183
108 1
82 13
112 3
174 192
102 17
150 2
20 173
83 104
167 12
54 109
185 5
143 189
42 152
47 176
41 81
4 18
77 2
113 3
154 19
105 13
169 194
57 11
103 7
83 187
180 0
147 7
126 166
58 92
21 137
110 15
55 7
85 198
55 164
75 17
52 92
53 134
110 7
72 134
127 157
37 5
199 13
109 127
134 12
34 6
97 12
32 135
29 91
48 18
165 9
127 165
67 16
39 108
141 180
188 0
62 116
2 9
181 16
118 17
75 188
4 10
91 1
100 12
21 123
34 12
61 145
51 109
47 1
172 197
22 112
188 8
119 189
47 15
31 17
21 9
52 8
66 7
46 175
44 80
44 179
8 14
43 8
77 178
140 3
145 12
39 165
3 13
170 17
56 66
175 12
76 11
44 12
172 7
50 14
66 163
88 193
26 63
61 5
28 90
39 143
30 151
81 114
113 171
64 10
180 9
134 7
89 6
46 9
8 15
66 175
60 68
123 184
164 9
148 8
46 53
134 140
84 11
48 151
100 163
40 126
186 12
128 19
96 164
98 154
104 120
37 122
57 17
26 172
44 117
32 52
34 127
66 75
12 17
3 14
69 190
65 9
170 5
187 11
132 3
162 19
148 19
101 12
76 2
121 198
25 54
32 5
197 3
88 98
184 8
130 13
73 7
157 13
27 16
150 1
101 7
108 167
118 0
150 161
112 172
79 105
159 1
72 9
72 193
34 120
87 19
35 19
49 192
85 193
75 19
184 3
171 0
31 38
92 4
146 2
143 10
74 145
79 98
32 0
196 5
26 197
39 179
166 4
83 7
71 159
156 1
96 158
197 9
125 4
36 5
108 2
191 17
138 12
148 7
100 198
90 190
85 3
63 0
106 17
97 147
38 190
82 4
62 163
94 120
45 164
160 164
74 155
58 160
144 2
76 110
123 7
78 14
96 144
33 109
86 15
198 9
7 8
115 14
2 6
88 138
37 4
142 10
134 163
120 147
103 0
112 159
198 12
159 9
153 8
62 16
79 151
139 6
92 19
132 8
111 165
109 3
24 7
83 8
51 174
109 1
23 46
153 12
122 9
46 99
15 19
42 15
193 17
128 162
30 102
23 95
162 195
29 37
52 124
73 104
117 3
105 2
54 7
48 6
158 11
143 193
142 3
36 13
122 8
41 195
157 16
156 15
162 14
99 2
187 19
21 5
52 87
38 191
64 127
133 10
48 54
46 49
99 136
139 11
113 17
15 17
66 179
151 13
37 142
43 152
151 3
23 52
70 180
83 169
31 10
3 19
47 57
102 9
84 7
74 7
97 117
139 14
46 68
42 194
33 155
129 167
60 105
72 10
25 15
92 141
29 57
193 5
160 18
63 92
56 5
54 57
178 2
151 164
125 156
54 8
30 0
55 2
56 122
148 174
40 4
24 16
27 8
5 16
36 83
111 10
132 10
52 116
95 143
54 77
39 9
59 163
49 1
94 7
93 8
90 8
163 196
40 71
45 166
17 18
139 195
63 107
90 165
84 110
158 15
140 2
64 177
62 166
179 4
90 0
158 8
28 17
112 188
78 12
88 168
43 5
177 180
97 143
20 17
83 164
89 13
25 19
130 11
158 0
182 1
60 192
32 1
149 7
72 126
66 15
74 175
158 3
9 18
187 190
92 148
47 5
173 5
28 9
68 5
39 3
21 15
0 15
63 17
114 13
82 6
122 163
46 128
90 1
126 164
22 76
32 142
179 198
79 99
124 153
39 130
21 8
110 2
70 110
38 141
158 2
38 87
3 5
101 5
197 1
68 176
114 127
56 187
109 151
136 16
153 9
128 129
192 11
135 159
152 0
110 159
172 191
45 6
156 6
31 88
24 151
173 175
51 177
35 164
183 192
50 89
65 150
117 18
95 179
123 189
120 186
167 169
168 2
90 5
56 83
181 4
22 129
50 132
46 113
119 9
56 4
102 148
47 172
174 10
78 196
29 10
161 8
193 8
166 7
143 155
125 13
24 29
27 174
28 88
42 8
95 12
65 188
76 191
79 14
129 14
112 0
148 12
164 18
37 19
45 149
124 144
186 8
99 13
47 196
74 0
27 12
38 91
33 4
134 143
94 95
138 4
136 14
183 3
82 11
101 169
100 151
104 4
150 17
74 149
137 155
162 185
37 158
36 0
101 14
79 7
9 12
92 11
154 2
99 112
30 13
52 13
57 121
179 12
37 0
56 182
147 15
26 171
160 175
21 86
2 8
132 197
72 137
85 122
64 12
165 195
9 11
28 138
20 13
152 11
71 8
109 9
191 12
48 108
121 8
129 155
48 197
56 161
38 72
52 82
166 199
47 9
104 108
171 14
134 166
23 14
67 12
103 112
97 173
127 16
34 17
76 5
21 12
189 12
49 160
7 15
141 7
121 10
50 176
87 179
116 189
28 63
189 14
25 147
145 19
44 156
77 101
80 192
68 111
131 11
157 192
96 105
120 19
87 191
90 142
181 14
65 14
23 4
62 9
144 5
53 2
136 5
58 105
33 0
77 196
81 83
149 17
196 12
106 197
110 13
132 174
42 0
60 107
123 191
90 11
23 2
34 13
187 199
80 12
2 12
196 199
43 164
185 187
80 8
142 14
60 176
96 121
6 11
106 149
109 175
183 16
39 197
104 125
89 117
123 159
142 12
194 4
8 11
52 120
41 130
114 139
130 9
26 19
161 1
40 94
42 129
44 9
185 16
60 184
184 4
37 154
31 12
47 191
22 165
123 14
76 18
72 170
69 183
39 142
176 3
199 3
169 7
120 0
69 1
117 11
40 10
117 17
52 2
47 17
127 128
170 19
81 17
15 16
98 101
143 4
75 9
159 4
155 186
34 90
41 61
25 7
143 157
105 10
70 16
34 2
82 191
27 188
28 6
73 5
75 11
57 16
22 157
67 183
60 92
79 4
144 1
38 158
150 15
141 174
56 139
38 0
93 17
78 112
47 106
47 10
41 14
0 2
185 13
87 172
47 13
146 5
92 5
183 12
148 15
65 105
82 19
118 158
138 7
162 9
77 13
41 10
72 6
56 136
140 193
91 4
48 159
7 14
74 192
114 12
80 88
112 15
66 17
72 17
30 10
6 8
111 142
179 18
174 188
178 13
113 7
102 11
85 12
37 11
57 1
38 2
133 164
156 7
109 176
105 19
107 119
175 18
159 0
102 4
111 14
56 85
48 64
162 3
95 7
56 110
6 7
6 10
30 116
39 77
157 3
38 14
8 16
72 131
137 170
23 198
51 8
80 101
104 15
7 9
80 15
49 2
35 75
54 13
24 17
180 4
98 9
104 134
42 7
146 175
107 13
152 177
65 152
92 1
129 189
172 15
97 149
119 12
93 3
119 18
170 7
88 163
71 165
58 11
144 178
38 7
130 134
87 4
167 9
180 16
1 19
64 172
193 2
143 16
4 16
121 151
53 108
21 41
88 189
52 85
113 174
179 19
28 41
35 141
76 93
67 85
94 126
0 12
109 16
11 13
175 6
77 17
66 164
81 14
74 16
192 15
115 11
23 47
153 6
63 19
39 48
117 155
68 17
192 5
25 41
56 99
67 170
11 15
129 193
45 107
56 8
186 13
35 17
112 10
67 127
52 121
128 179
71 164
116 0
166 13
140 187
52 98
120 13
46 89
102 14
53 183
13 18
37 95
66 10
160 0
27 6
146 6
125 198
113 175
32 190
149 153
71 3
142 11
103 139
132 12
83 18
152 10
120 159
20 135
124 7
46 7
25 64
18 19
29 0
188 13
180 10
50 11
160 15
174 185
6 14
25 56
176 7
164 3
123 178
145 175
182 14
81 135
123 139
186 14
158 17
49 151
85 190
111 130
152 12
166 18
114 177
39 10
27 7
52 6
124 162
74 154
26 29
174 186
66 3
94 115
172 3
8 12
138 10
99 19
159 6
59 184
110 130
102 125
47 64
124 169
119 7
59 162
44 3
38 19
109 193
193 11
5 7
164 19
187 1
40 132
45 5
3 12
150 188
65 113
77 193
130 14
86 161
60 100
196 1
44 68
3 8
65 164
124 134
25 53
100 15
53 174
130 19
49 71
174 1
26 38
100 131
71 6
128 2
87 129
89 133
20 10
48 163
56 3
54 172
132 134
174 13
115 187
131 10
191 2
77 123
146 195
103 15
0 18
41 110
57 73
67 109
65 145
179 8
62 121
53 111
116 134
44 93
132 146
25 17
39 0
43 18
10 16
121 16
54 17
170 6
182 9
101 192
83 19
25 58
173 189
74 19
68 144
154 4
54 95
158 180
68 137
174 4
90 140
59 8
115 125
115 12
169 10
28 12
76 85
48 111
165 3
81 15
193 6
31 9
66 115
130 154
87 12
164 10
35 86
136 8
110 0
10 13
37 10
57 199
98 121
5 15
46 12
74 174
47 187
25 181
43 2
51 2
134 2
81 10
177 4
151 19
199 15
50 106
157 159
47 126
140 16
31 82
25 100
22 9
104 171
127 12
115 119
0 10
147 189
151 4
101 0
28 15
103 11
125 10
45 100
49 15
57 142
106 153
58 155
121 183
163 16
85 105
29 137
94 141
144 3
49 19
137 1
82 5
101 155
35 148
118 13
32 18
65 3
177 3
92 6
85 7
65 163
104 6
33 42
122 141
139 178
120 185
45 102
80 124
117 181
20 89
97 198
8 19
85 18
57 120
54 161
81 174
61 15
51 19
21 53
53 94
31 6
75 154
14 18
150 9
64 74
151 11
164 5
85 10
191 196
86 134
10 11
35 45
123 2
64 15
21 177
120 18
43 88
69 9
29 169
132 184
118 9
177 13
124 17
126 175
73 19
65 13
36 84
108 7
72 2
39 62
142 16
122 14
55 14
114 130
65 10
77 15
34 18
36 86
68 115
76 6
87 158
25 152
34 172
165 10
25 40
89 17
125 169
58 100
31 83
41 102
0 1
152 186
20 85
81 125
54 171
101 198
1 13
2 13
21 105
111 19
66 132
191 19
62 75
171 196
79 18
85 97
67 86
75 115
173 191
94 6
62 11
199 16
135 5
38 113
72 165
142 156
127 13
65 94
30 192
58 88
65 15
126 18
111 2
49 18
98 6
77 9
177 9
45 58
100 167
66 110
106 13
93 15
24 12
93 4
140 194
94 119
7 19
82 182
103 13
159 14
89 162
84 151
10 17
9 16
46 189
57 131
157 19
140 1
89 3
165 185
179 6
74 98
59 0
166 10
34 14
119 15
97 135
98 131
62 144
173 190
6 17
46 173
42 11
82 1
49 5
175 17
82 127
80 6
87 2
137 11
54 175
57 165
132 17
38 6
39 180
24 102
61 9
41 0
84 150
102 188
5 10
26 16
157 5
58 17
63 14
93 169
59 159
72 19
91 183
31 140
130 137
115 157
6 16
29 6
66 140
43 72
107 7
189 3
3 17
191 9
183 1
155 157
119 6
84 13
139 5
106 193
193 0
73 0
72 109
38 13
60 142
134 137
157 9
69 11
74 1
30 78
159 8
67 187
123 125
138 19
163 2
173 3
133 168
42 184
2 5
53 71
60 8
68 171
7 13
88 10
63 162
148 9
43 81
196 3
74 157
33 141
88 124
20 18
164 7
53 170
34 173
147 2
108 11
148 1
136 17
87 128
71 15
177 18
82 15
5 12
87 111
162 182
23 41
52 171
49 197
183 10
3 9
91 9
132 180
82 137
106 16
122 10
122 0
33 1
185 1
139 166
32 94
31 162
25 18
11 14
168 9
5 6
70 8
125 1
62 7
85 126
78 6
99 16
23 169
39 6
150 13
80 17
127 7
116 10
119 3
86 151
6 9
52 135
32 179
80 182
24 164
95 4
134 188
58 13
48 117
82 103
115 16
195 14
58 154
8 13
34 41
24 142
53 16
97 7
31 100
24 13
41 164
155 8
119 1
20 94
176 187
81 102
81 180
199 14
74 109
134 153
78 86
53 8
152 3
123 15
97 130
85 0
42 4
65 4
72 108
135 151
190 0
92 18
74 18
103 121
24 2
35 40
175 1
120 3
54 14
69 81
112 14
184 199
105 117
120 16
7 17
22 16
53 125
86 171
120 8
163 10
61 12
73 177
183 190
192 12
178 14
79 3
106 180
100 147
88 125
169 186
60 17
124 172
105 8
40 57
187 9
186 18
38 11
134 17
86 147
96 131
180 14
45 86
188 4
77 141
151 8
122 159
177 5
74 13
177 1
128 160
56 149
186 192
86 17
21 178
4 11
134 156
184 13
35 36
125 192
81 100
172 175
34 58
90 2
52 14
142 19
38 115
34 123
87 9
33 164
73 118
34 131
102 176
67 166
68 96
38 17
81 3
181 10
187 2
29 11
79 183
76 154
114 0
127 192
146 152
56 17
5 18
1 16
188 2
108 154
85 16
116 11
155 14
169 187
86 3
100 11
102 7
103 18
108 8
161 193
0 7
74 9
44 13
58 15
65 8
45 68
64 97
23 7
96 182
122 1
53 182
35 126
123 18
28 13
138 17
115 195
26 35
89 126
36 194
28 59
166 9
32 54
155 3
190 12
45 3
83 12
61 3
33 5
101 2
131 170
4 19
89 14
49 116
104 107
147 6
96 152
85 157
79 168
32 184
107 163
2 15
89 8
53 13
33 165
137 8
178 11
184 18
104 180
20 88
48 14
62 17
20 60
26 72
69 125
67 74
121 6
87 6
96 173
90 132
44 123
20 116
54 167
35 2
78 13
198 15
160 14
59 11
80 13
80 197
45 8
151 192
42 177
80 85
137 2
64 9
76 162
88 164
45 183
114 189
31 136
65 5
159 10
145 188
153 167
114 186
14 19
124 10
138 0
145 161
58 192
51 118
181 15
188 19
98 128
186 15
15 18
4 13
95 0
44 1
68 189
138 1
66 13
101 145
158 7
171 5
28 85
94 153
108 152
48 128
188 7
92 7
159 164
61 17
82 12
37 144
98 161
26 32
145 5
26 4
114 15
173 1
91 184
73 120
70 140
69 120
58 87
21 162
41 13
188 16
137 13
7 18
33 101
96 187
74 4
5 8
83 4
64 72
107 140
28 153
103 19
163 181
98 7
132 169
97 164
49 132
89 9
63 1
54 100
37 99
184 12
119 16
1 12
114 5
4 12
13 16
65 87
82 146
119 156
143 0
137 178
29 140
0 11
121 187
31 2
147 150
121 172
34 146
100 13
65 159
152 156
1 8
125 130
136 9
49 14
129 179
20 101
118 197
129 185
101 123
144 153
118 163
24 51
136 1
5 14
126 160
73 187
172 13
33 110
115 15
188 14
92 131
80 3
182 12
194 15
12 14
127 179
42 105
37 157
80 112
128 4
172 173
77 12
53 76
158 16
24 146
152 189
109 2
180 15
120 198
148 185
3 10
191 10
130 140
130 139
85 13
127 153
66 6
64 125
91 14
21 138
58 99
96 116
6 12
68 71
189 4
76 167
28 38
39 43
161 13
86 184
104 160
89 104
31 188
102 108
47 85
9 10
97 172
2 11
8 9
191 194
136 188
185 12
138 152
183 189
53 124
27 43
83 131
154 197
73 6
120 2
179 5
29 125
43 196
129 18
25 16
197 6
28 99
30 110
56 141
184 5
49 103
63 177
101 131
2 16
42 9
103 9
52 5
61 186
72 8
31 56
41 11
38 100
112 184
161 4
25 0
152 170
94 9
44 83
110 136
144 19
46 188
29 189
59 69
27 132
139 19
193 15
160 4
131 5
89 158
194 1
62 14
84 0
22 19
31 13
21 13
169 5
167 191
66 5
125 135
92 14
58 3
82 193
68 12
153 170
41 192
80 84
70 92
152 5
99 18
1 5
155 180
20 12
172 18
102 18
159 198
22 8
26 5
0 4
192 6
138 147
27 5
184 189
102 19
93 198
84 162
37 147
170 1
156 12
61 70
20 151
72 93
25 144
147 10
99 106
144 8
22 38
138 199
34 70
195 13
51 106
184 14
62 124
94 151
91 170
180 3
94 122
95 187
116 158
146 11
27 103
72 139
12 16
46 58
20 138
52 192
110 199
76 8
190 7
176 1
20 16
87 139
112 178
154 12
35 131
125 0
5 19
65 17
58 7
29 9
14 15
30 187
194 17
140 190
152 9
8 17
142 154
76 182
3 11
187 18
69 90
46 0
74 199
69 4
47 16
49 9
114 140
123 182
155 13
2 18
109 12
182 190
53 17
194 5
83 15
100 0
22 144
119 17
89 7
24 18
164 192
52 113
41 66
82 176
49 8
190 11
11 19
105 3
176 16
38 78
60 11
42 13
98 192
110 197
41 18
49 11
81 140
55 9
167 15
2 14
47 70
55 15
58 146
126 10
7 11
67 143
45 190
59 14
22 169
86 111
97 6
154 16
116 3
162 16
25 32
165 19
152 169
40 17
37 56
106 115
121 169
172 8
100 166
10 12
86 9
83 114
66 130
95 14
148 10
55 105
117 19
141 11
32 10
25 131
140 12
76 149
78 118
3 16
156 166
31 168
132 9
81 155
83 183
50 9
192 7
79 190
52 123
50 184
85 1
48 97
145 191
112 197
27 11
199 12
31 147
69 128
13 15
114 14
42 155
108 9
107 3
90 103
33 159
144 197
141 143
42 2
39 151
33 8
61 19
51 18
133 15
66 1
197 12
35 61
180 198
111 16
174 5
164 16
57 125
198 13
74 15
96 5
99 122
54 67
87 113
25 197
142 4
40 7
120 17
168 195
101 4
118 4
102 2
159 3
129 15
158 184
61 102
136 3
89 19
99 191
170 186
116 13
110 165
108 0
60 82
95 18
128 8
51 4
40 99
59 123
73 112
118 11
104 144
4 17
61 0
16 17
116 14
24 176
66 91
132 194
52 114
4 6
24 158
74 128
66 71
132 178
87 1
6 15
34 74
38 4
28 49
28 11
195 17
176 182
50 5
78 103
113 129
102 5
51 157
97 11
179 10
74 161
120 177
187 3
164 0
199 9
143 158
23 81
33 16
69 132
1 10
32 6
70 111
179 199
32 70
97 165
163 189
136 163
119 130
44 167
141 18
56 175
180 194
177 11
54 150
108 6
55 19
174 11
178 8
155 15
94 131
78 9
66 12
173 12
75 148
86 153
91 15
36 130
147 197
23 8
62 104
22 67
43 189
103 5
98 19
59 172
1 3
22 101
47 2
83 9
81 8
174 18
86 6
97 0
69 19
116 19
113 180
40 100
37 155
137 154
69 70
122 158
114 6
82 115
57 110
28 103
111 12
68 88
84 132
96 15
139 0
164 8
91 166
118 16
87 16
118 19
54 143
134 4
33 40
54 197
136 172
132 7
40 9
27 149
63 18
138 150
78 156
162 18
57 186
151 14
99 11
67 3
42 51
130 7
184 1
141 0
89 154
106 120
84 181
41 147
137 180
33 19
35 55
119 13
152 19
46 138
138 154
145 13
150 3
108 148
88 134
100 113
64 67
68 1
54 5
153 161
91 2
113 149
39 12
186 16
71 12
181 187
33 7
64 7
120 11
60 108
172 9
128 170
27 14
57 6
74 130
55 87
111 5
22 73
56 75
129 6
75 14
69 10
87 10
197 15
21 159
169 178
157 12
28 70
25 27
110 171
127 8
109 142
180 6
107 6
110 116
28 144
34 5
31 104
146 187
99 125
61 4
71 80
99 159
56 125
144 13
170 8
108 128
25 6
107 130
39 160
30 2
127 184
69 12
62 19
17 19
73 167
149 15
100 19
110 19
24 0
42 127
130 5
45 110
45 52
38 123
142 1
178 6
91 92
109 111
61 16
118 169
43 182
84 187
76 178
106 1
81 19
58 5
47 183
37 2
34 16
37 175
195 11
33 73
157 7
135 154
73 93
27 118
40 181
118 15
126 143
86 125
115 5
40 59
71 13
129 4
60 66
105 14
126 5
52 101
194 13
111 166
145 17
133 7
84 17
49 83
102 127
116 6
36 2
1 14
173 6
152 15
115 174
102 184
93 168
3 4
44 19
99 5
30 9
72 0
66 159
34 183
128 141
124 163
142 18
73 8
117 10
170 198
45 173
70 178
21 182
173 2
137 16
7 16
108 14
50 4
38 117
56 82
116 153
197 17
124 175
1 7
144 0
85 159
46 96
142 17
119 14
95 3
95 1
170 195
69 71
26 9
129 8
65 196
102 15
131 144
181 8
55 184
54 15
40 8
118 18
39 57
0 3
150 195
195 7
87 15
98 144
109 130
0 9
70 160
63 67
186 3
108 145
53 10
41 72
139 147
126 146
20 0
62 126
39 18
110 123
34 116
43 15
77 172
173 0
25 12
32 3
86 173
83 1
20 160
34 196
13 17
27 165
88 167
156 9
115 10
190 8
91 150
155 162
196 0
65 76
123 9
127 5
37 12
168 189
147 152
117 198
79 16
67 87
37 149
111 160
136 198
96 190
63 12
55 13
58 10
120 6
57 5
188 5
86 13
151 16
96 7
156 0
98 10
56 146
187 14
135 10
57 113
115 6
119 163
157 8
41 55
136 6
0 16
122 7
53 114
146 15
130 15
36 195
178 18
123 1
159 173
143 18
141 13
63 2
83 109
22 122
21 56
122 4
57 10
177 17
198 14
101 108
43 177
34 125
156 10
61 143
49 98
149 6
41 53
119 132
78 168
51 16
69 5
27 124
127 154
172 11
172 10
152 7
80 10
86 143
26 0
124 2
108 182
52 17
43 93
3 15
154 178
129 17
86 136
50 109
153 162
30 159
48 8
22 48
81 112
144 167
31 11
101 132
116 5
25 188
107 110
122 18
104 133
62 15
56 148
13 19
142 149
151 17
38 10
32 150
145 8
129 188
38 187
144 172
62 79
186 1
54 4
86 178
46 134
38 5
180 181
51 180
112 173
91 102
162 198
80 175
134 16
45 0
183 6
31 163
130 146
98 168
149 178
53 109
134 152
170 191
47 19
118 160
59 12
57 19
25 11
158 199
178 1
68 116
107 15
159 7
66 19
100 170
107 2
165 7
108 19
30 12
44 18
161 14
102 1
83 150
185 10
71 4
115 126
37 139
76 199
39 89
185 4
177 8
50 99
104 10
168 169
176 198
78 135
147 11
115 17
120 10
106 15
139 17
49 75
8 10
61 68
97 17
158 12
36 69
31 1
198 3
30 11
146 194
22 50
45 12
46 11
147 3
58 4
29 171
78 2
110 162
78 4
76 143
96 154
122 191
165 18
76 94
52 80
180 187
25 142
133 2
32 51
127 0
88 7
58 153
52 1
63 11
10 18
123 128
174 190
162 189
81 18
191 0
5 13
48 157
0 5
171 6
31 146
120 12
37 15
33 143
125 5
48 9
158 1
77 120
55 5
20 48
22 0
109 13
63 121
128 13
27 117
68 3
59 117
67 188
71 90
126 15
89 10
58 124
192 4
96 9
158 13
91 19
187 6
163 13
100 4
0 17
33 86
65 11
72 99
77 168
136 157
109 14
84 192
145 10
122 146
59 16
126 4
100 14
112 2
26 3
28 16
67 138
41 122
9 14
53 18
29 33
61 11
64 13
71 150
199 8
32 181
111 6
156 172
171 10
71 2
29 194
37 190
198 18
23 77
47 147
34 15
93 1
189 17
7 12
169 19
27 67
73 155
127 14
60 5
13 14
117 161
43 17
47 94
65 192
28 8
153 0
65 118
154 175
118 5
63 13
156 2
123 12
183 4
23 83
64 100
47 7
112 18
119 175
133 147
109 5
36 50
54 199
154 5
136 142
114 141
71 9
151 6
182 5
95 142
172 2
1 9
24 185
109 18
161 12
187 5
105 16
139 164
106 14
163 0
39 17
24 14
93 121
33 139
29 14
63 106
39 128
11 18
44 142
75 8
47 165
156 11
76 140
165 1
122 6
44 8
143 145
33 17
129 147
87 18
26 119
86 87
111 0
89 132
38 132
22 18
179 0
181 0
128 6
182 13
138 6
51 0
59 19
26 51
64 2
60 19
102 0
193 14
195 5
176 6
135 170
42 5
188 17
91 139
30 185
88 4
39 182
182 16
159 177
26 8
123 126
34 64
57 7
103 17
161 171
110 166
132 164
53 6
147 1
91 13
27 45
140 10
11 12
108 15
110 160
87 114
167 2
72 77
133 11
50 15
184 9
105 18
161 11
108 4
198 7
119 4
163 1
99 14
64 110
155 161
90 106
87 3
91 18
192 18
96 97
39 86
165 13
94 110
176 11
88 15
130 184
31 70
93 123
65 176
65 6
20 168
51 59
101 150
163 17
27 4
107 1
187 8
46 84
22 177
91 156
2 7
55 136
40 2
47 149
44 186
181 6
104 18
21 131
53 14
49 16
28 75
138 149
130 4
190 17
60 13
82 99
91 117
156 191
16 19
26 181
196 14
147 16
51 81
106 4
64 3
89 97
179 17
75 18
129 0
105 1
86 150
12 13
175 191
150 14
120 145
138 18
38 121
199 11
97 8
113 14
21 66
26 104
82 162
69 15
173 9
132 15
144 10
28 5
117 0
24 101
84 100
158 6
189 19
27 35
3 7
56 62
57 184
94 117
67 193
36 15
82 16
3 6
186 188
106 12
114 191
104 153
71 11
51 153
12 18
147 14
100 9
57 102
1 17
38 66
51 3
98 151
78 92
79 153
103 4
173 19
73 137
87 186
127 189
160 199
40 128
176 18
125 161
35 11
81 111
168 10
162 11
80 5
130 166
199 0
196 6
150 19
167 18
108 179
122 11
37 94
94 19
51 101
77 0
23 117
54 87
111 8
148 167
50 180
197 10
119 5
37 17
67 130
31 127
11 17
112 11
48 12
60 109
95 8
85 89
6 18
143 3
177 2
41 63
170 11
99 187
125 16
64 75
54 19
74 11
25 5
171 182
58 85
27 90
109 154
123 5
53 147
77 103
56 104
0 14
29 170
1 4
90 184
88 104
34 35
53 12
134 176
134 189
40 108
22 190
44 181
54 58
44 94
85 141
53 19
36 1
136 11
155 18
141 9
1 2
45 131
98 155
81 98
56 12
97 98
116 9
90 127
182 189
98 11
116 4
25 10
58 6
20 5
49 62
21 109
171 1
89 0
177 189
41 123
77 152
92 0
52 180
23 51
78 197
112 8
125 155
43 130
44 124
197 5
106 173
114 19
36 178
45 182
180 199
9 19
160 11
88 5
23 74
41 52
123 190
113 8
50 0
61 62
76 127
76 170
32 191
151 171
37 184
157 6
38 96
30 80
183 11
68 89
166 2
26 27
40 13
138 11
107 128
75 173
30 58
21 4
197 13
42 58
114 4
141 187
87 138
7 10
76 136
60 9
173 14
101 139
23 17
94 113
91 191
23 182
55 155
78 121
72 156
180 184
62 190
93 14
172 0
0 13
116 123
105 166
76 16
111 186
178 3
58 186
95 190
72 180
8 18
73 175
16 18
35 9
20 121
29 3
62 156
130 2
26 86
45 13
6 19
183 7
67 100
159 2
44 63
98 18
93 5
59 150
58 189
40 11
141 173
96 186
93 197
36 12
197 7
52 184
82 155
82 2
145 196
27 172
173 8
20 1
69 0
71 93
105 7
50 187
180 12
180 186
116 195
127 18
26 14
106 8
58 195
152 8
114 162
51 91
146 13
184 16
63 185
168 7
57 14
116 7
114 8
86 14
113 114
38 39
134 11
22 125
34 109
169 177
116 159
117 13
62 173
66 102
115 192
195 18
43 45
149 4
69 17
128 18
60 1
6 13
165 16
65 92
126 185
194 6
46 73
149 13
98 110
98 153
180 1
22 173
24 3
21 25
101 1
184 19
64 6
48 193
97 13
111 193
171 179
72 171
100 161
36 118
135 14
134 0
43 1
84 184
37 3
121 152
132 1
147 168
5 11
64 1
142 2
32 107
87 185
88 2
28 2
56 15
41 57
165 11
178 16
130 197
144 7
178 15
3 18
124 9
92 113
104 14
95 5
145 15
2 4
85 156
82 96
135 7
151 5
40 82
167 17
108 161
93 131
4 5
154 7
42 61
182 0
67 172
54 74
123 142
67 14
89 11
45 17
53 102
2 17
115 9
99 0
161 18
160 174
1 15
60 104
29 92
29 8
77 3
149 3
20 105
63 133
89 176
93 147
117 1
178 17
37 138
164 15
91 3
27 13
4 7
96 109
160 3
190 10
114 121
78 15
193 7
69 194
37 13
124 16
41 77
30 184
145 14
120 123
27 1
178 19
157 2
198 19
20 164
44 15
162 6
135 8
156 8
20 76
182 10
186 5
159 15
126 14
139 4
121 15
54 0
20 61
92 13
94 98
39 49
43 195
77 79
5 17
112 1
148 173
56 181
168 191
12 15
163 19
75 125
134 141
104 143
61 161
23 9
50 17
173 174
157 17
138 165
73 4
29 61
2 19
87 14
156 14
135 0
61 82
88 102
191 4
124 8
23 27
23 1
190 15
21 6
130 144
26 34
93 170
22 6
88 16
58 65
33 15
115 13
81 13
155 17
1 18
86 8
137 10
49 12
171 19
63 9
77 19
136 195
111 194
98 13
94 16
175 187
128 3
21 10
78 153
81 11
97 4
124 3
140 14
85 15
54 10
26 169
86 144
166 167
181 19
167 19
45 78
30 15
51 14
118 8
86 109
46 6
141 14
179 13
175 15
