49 10
77 2
172 194
68 12
39 138
87 158
43 148
122 125
144 2
74 193
166 3
22 3
143 2
24 65
24 35
121 4
182 12
36 12
78 91
64 100
113 4
85 122
114 2
91 96
120 6
2 16
78 10
83 14
90 129
0 9
61 8
147 1
6 7
108 3
151 5
74 195
131 18
51 173
30 167
104 130
139 0
121 1
171 13
55 115
84 87
170 0
45 168
101 13
40 2
128 0
74 156
96 14
24 14
128 178
20 9
70 106
90 3
25 28
79 89
178 3
71 161
143 9
67 173
51 1
48 114
71 17
60 15
122 8
149 8
65 86
84 9
95 11
41 0
4 9
132 185
73 16
41 151
172 10
40 126
51 57
163 11
92 191
148 17
119 7
106 13
184 5
59 7
47 10
0 1
123 14
51 6
72 87
6 11
36 39
46 129
164 16
8 10
101 1
179 7
27 0
194 10
32 8
175 17
196 12
63 17
123 128
83 155
129 157
38 138
40 197
58 19
87 121
45 11
191 17
197 14
73 6
37 19
58 69
109 199
102 9
93 13
61 7
37 186
119 137
78 13
143 186
122 194
77 0
177 18
113 114
108 6
121 186
152 13
172 5
29 5
56 198
124 7
147 195
126 10
140 3
52 82
109 175
141 2
143 11
138 3
38 8
153 177
130 16
187 0
185 10
119 19
16 19
133 13
135 1
101 8
102 10
152 14
27 59
34 12
48 12
189 5
77 6
63 173
51 106
4 6
85 94
63 128
72 9
88 13
3 13
44 2
41 12
138 5
105 12
159 1
1 9
100 155
42 151
12 16
152 8
42 14
49 13
197 12
55 15
103 7
176 3
68 14
57 74
35 6
7 19
135 3
57 163
139 16
106 18
38 18
45 15
130 4
181 6
143 19
74 110
108 7
163 17
82 10
184 4
42 16
28 129
80 7
63 103
46 136
138 194
65 5
145 19
109 2
102 0
88 16
42 12
0 3
24 8
166 192
45 14
116 129
127 18
134 159
35 5
100 14
135 8
173 6
0 5
145 178
88 14
190 13
59 72
103 185
119 16
44 14
135 6
166 9
39 54
53 191
115 3
108 9
125 8
33 164
73 124
56 14
90 153
145 3
154 16
20 5
90 9
128 6
97 18
135 7
195 6
80 12
48 16
82 15
21 134
143 12
72 124
45 0
67 160
150 9
76 8
40 8
22 6
189 13
23 14
115 12
27 105
133 1
92 174
49 11
122 18
135 0
71 0
104 3
6 16
28 79
139 168
90 7
87 5
96 2
5 9
58 1
127 13
22 135
167 11
93 14
98 197
59 89
145 8
105 2
110 192
114 17
72 146
87 127
94 18
84 5
72 15
63 7
92 17
21 98
135 190
138 1
23 81
98 18
139 18
178 16
129 9
10 12
57 130
108 173
56 80
24 6
153 18
78 11
162 17
23 66
63 123
90 158
85 9
38 125
100 5
147 158
34 142
111 2
129 0
174 10
160 175
56 172
172 3
79 9
196 7
176 15
163 178
33 3
95 1
109 188
168 0
84 8
65 1
173 4
87 16
39 5
21 122
163 177
105 7
9 19
26 28
102 115
81 7
199 2
38 11
153 19
72 8
67 10
94 9
40 132
154 17
28 54
99 4
125 146
187 1
136 6
26 12
172 1
188 6
58 13
165 0
112 15
14 18
55 11
72 10
75 16
63 3
34 19
83 189
104 176
61 102
99 16
82 144
77 8
196 6
53 19
78 19
65 16
181 16
67 11
174 7
62 191
180 13
46 7
68 19
31 8
182 0
59 10
38 177
173 8
172 184
56 142
50 0
47 8
41 14
101 10
158 4
178 2
104 17
73 159
0 15
118 12
186 15
168 14
89 136
35 10
45 99
179 12
97 182
63 9
93 95
7 13
166 15
2 5
106 133
101 15
23 4
8 16
169 0
81 103
151 9
2 19
81 6
163 4
24 9
95 15
102 171
187 11
185 19
120 0
85 17
44 19
121 136
139 2
138 13
25 152
79 17
199 3
37 98
8 18
174 12
146 3
177 5
41 17
131 14
0 13
146 181
127 4
160 14
112 11
78 2
112 9
10 11
199 5
67 6
66 5
103 0
172 0
23 8
103 168
106 6
61 14
43 14
114 171
66 75
100 125
135 5
14 15
159 14
177 1
192 15
69 98
49 88
46 18
194 5
45 175
148 12
116 11
65 124
195 5
97 19
135 182
24 19
56 12
143 187
22 87
40 5
103 16
107 18
79 3
77 14
9 17
156 166
2 12
162 12
120 190
49 7
174 19
159 6
110 182
53 184
49 139
146 12
24 41
53 4
2 10
167 14
40 14
118 13
39 3
78 17
67 4
138 9
60 18
176 10
27 29
36 138
124 14
11 12
88 9
137 156
194 198
133 164
62 14
39 12
78 177
82 133
104 1
47 19
24 84
91 182
136 13
134 199
37 3
111 9
178 7
17 19
7 10
24 7
33 53
1 3
49 15
41 2
82 0
102 189
64 12
123 13
58 136
63 89
140 6
119 0
54 3
158 13
87 10
11 14
47 14
177 14
119 5
40 95
64 115
49 17
128 11
34 110
64 4
33 138
0 2
6 19
182 13
90 19
124 16
80 14
179 15
36 45
94 6
62 18
31 19
43 19
62 81
151 3
130 17
185 18
90 188
27 13
48 18
103 19
94 107
134 6
144 10
80 149
95 4
78 15
172 2
119 18
160 187
45 102
150 5
129 5
61 19
142 170
37 173
101 187
132 3
25 13
194 15
62 167
124 13
87 156
65 73
44 86
67 155
32 12
129 18
32 170
155 1
142 3
110 152
6 18
123 199
178 1
161 16
143 166
149 5
139 172
24 116
65 13
73 174
6 13
151 14
52 0
30 4
15 18
52 13
171 181
148 11
91 106
98 177
100 10
176 14
91 5
153 4
167 6
35 196
80 4
40 97
30 8
40 3
60 1
145 18
46 160
115 17
85 16
57 137
33 13
96 122
41 4
43 5
168 17
160 9
25 179
93 5
184 185
194 8
176 13
68 2
184 9
168 174
32 0
32 19
115 8
165 1
47 144
127 191
169 3
31 3
54 14
27 16
148 3
8 17
129 16
88 155
162 9
179 19
186 1
150 14
35 182
161 5
173 179
45 145
57 134
58 119
61 100
5 12
177 7
105 196
176 18
139 146
81 1
178 10
118 9
110 0
39 141
151 18
179 3
142 193
68 8
77 11
114 6
32 65
101 12
92 4
153 2
152 12
118 14
58 7
31 7
45 16
98 4
158 8
192 14
142 12
105 197
107 146
140 4
128 4
101 16
49 163
48 1
162 181
70 86
168 183
116 8
65 7
7 16
150 6
62 4
167 13
59 19
69 2
47 121
146 2
21 177
191 3
50 18
84 151
86 12
176 4
97 12
160 194
136 10
120 18
27 156
164 1
96 17
145 2
124 0
165 6
105 19
176 8
112 4
179 18
87 17
173 190
140 16
100 8
21 26
175 0
159 3
186 10
122 17
106 19
142 182
180 17
72 7
170 19
29 18
84 106
92 137
147 18
129 8
40 7
94 177
108 16
170 7
160 5
4 13
39 150
167 4
104 5
183 10
91 13
69 106
83 93
0 17
27 95
182 2
104 7
20 0
22 104
127 5
20 124
139 8
158 1
54 0
24 10
90 11
22 9
28 7
111 18
22 197
63 13
42 6
67 121
132 2
80 6
22 81
58 104
150 2
104 16
75 162
168 2
164 10
44 15
22 18
53 15
96 3
164 19
132 18
35 108
77 19
84 17
43 11
90 2
147 11
133 6
120 10
157 193
61 18
53 101
143 148
46 8
45 18
158 180
92 1
88 18
33 166
32 165
181 8
186 2
91 17
23 95
108 195
54 10
177 2
154 8
15 17
131 13
27 8
54 109
140 1
173 17
131 9
1 18
137 19
46 5
137 6
135 185
86 7
172 6
41 110
24 11
65 8
143 5
95 18
163 19
56 19
108 8
70 148
49 12
139 3
143 6
75 176
122 5
146 15
54 12
105 6
157 11
40 177
156 10
28 11
97 2
20 117
180 191
98 135
67 133
67 112
116 127
35 197
58 3
133 160
119 13
57 15
94 8
56 7
38 12
26 18
126 181
82 116
87 7
30 180
160 3
72 19
25 29
158 183
123 16
80 10
129 160
36 120
138 17
137 14
144 0
110 19
2 7
121 7
34 18
137 18
59 131
120 166
95 7
193 8
109 13
43 16
179 8
88 124
137 12
21 0
166 14
156 14
32 41
32 5
133 195
167 197
161 12
114 4
73 15
23 19
194 6
125 128
109 0
7 8
119 172
138 18
151 16
5 15
32 15
21 24
6 9
37 145
32 109
120 19
30 19
68 185
92 6
177 0
52 8
94 188
138 16
100 126
158 2
94 19
96 6
26 5
116 6
59 120
57 175
2 13
31 113
90 195
63 15
65 79
64 13
109 18
111 10
135 11
84 2
79 13
79 2
50 105
177 13
164 13
106 143
83 125
135 4
57 9
50 3
162 13
177 6
51 4
48 125
102 18
108 156
22 13
92 144
180 9
68 15
81 107
126 137
106 118
144 15
96 9
62 17
63 0
157 6
165 13
144 5
57 12
42 145
10 15
125 2
85 6
191 19
44 183
83 3
138 8
96 0
14 19
61 111
49 174
110 18
23 1
48 6
177 8
161 7
62 192
135 13
23 12
30 7
103 129
47 7
55 3
168 10
44 9
158 189
135 12
46 1
108 0
158 10
61 10
52 90
110 179
184 14
156 7
158 3
20 22
135 192
151 12
58 12
73 152
114 154
102 5
39 4
136 15
156 17
59 188
33 17
150 16
91 141
93 141
174 8
121 6
184 11
136 162
25 56
159 169
69 138
164 17
4 18
47 5
52 77
57 83
45 3
114 5
67 14
33 12
108 17
148 188
109 17
50 56
47 1
65 104
36 3
184 2
195 17
46 2
28 2
85 11
17 18
66 189
178 4
126 129
160 8
159 16
141 13
147 16
75 81
152 7
56 11
37 106
104 8
188 19
5 16
184 16
53 8
25 38
186 16
100 18
105 3
145 1
184 6
188 5
126 190
40 181
82 1
56 191
192 16
73 136
61 9
121 184
112 2
23 9
110 16
136 16
185 2
138 12
78 4
7 14
85 8
74 3
21 1
151 17
143 15
79 8
23 123
0 4
97 117
109 8
77 169
83 2
58 18
99 146
145 17
64 127
106 163
151 6
68 13
81 195
28 34
26 176
186 5
145 16
54 18
185 6
123 6
104 18
157 2
68 16
45 10
190 12
171 7
106 12
23 6
178 14
34 80
138 167
80 187
119 2
79 116
8 15
67 7
43 66
16 18
24 4
131 5
36 6
3 7
26 14
132 13
199 12
153 17
67 17
92 19
76 10
167 16
174 2
91 11
12 13
100 17
78 140
83 4
149 6
141 10
91 133
114 10
77 17
38 175
31 10
48 10
145 164
86 8
153 9
77 18
118 18
46 84
75 4
168 9
85 116
29 75
120 7
45 54
21 91
109 11
80 147
41 143
60 93
160 182
110 173
96 115
3 16
149 9
50 17
61 17
46 17
67 90
48 68
41 178
74 1
81 180
123 10
102 119
51 17
142 199
185 8
82 9
189 0
80 133
136 146
66 9
115 13
8 11
127 183
67 5
7 15
4 19
144 12
103 14
82 19
144 7
34 187
153 6
68 11
100 3
115 18
153 8
161 6
193 17
98 141
183 15
33 36
129 4
188 16
32 6
169 1
119 17
71 8
7 9
188 7
56 60
102 8
103 115
76 15
29 8
63 18
12 19
52 19
169 5
150 19
40 15
42 5
27 11
198 11
62 95
43 149
194 7
62 19
35 9
108 114
20 11
82 86
144 17
125 133
31 1
126 4
159 19
124 17
4 8
199 1
140 14
36 9
51 11
53 18
35 172
132 4
98 19
95 2
108 18
30 14
176 7
95 10
128 12
166 187
55 13
66 3
126 195
63 19
67 9
114 141
174 3
63 143
130 142
30 18
102 112
80 8
112 5
54 5
106 120
175 1
79 7
180 7
55 65
12 14
44 1
122 15
92 2
43 96
89 16
81 159
39 13
81 98
53 123
132 9
153 166
190 16
192 3
56 17
53 13
110 128
66 8
172 15
27 19
22 113
49 153
137 143
107 16
40 18
24 16
58 8
51 8
47 11
60 103
61 6
117 0
174 15
140 143
189 11
27 5
198 15
119 4
29 16
117 6
39 149
118 5
50 158
48 17
91 6
47 175
109 12
50 76
159 161
177 17
24 15
126 13
114 19
121 185
62 1
142 17
101 146
85 113
111 12
13 15
115 9
29 19
55 168
62 169
94 0
73 2
109 177
26 13
130 3
66 0
3 8
83 124
1 10
126 8
51 19
75 192
190 14
36 72
11 17
65 185
108 1
140 2
29 7
3 14
11 15
143 17
154 18
144 159
131 15
102 12
129 13
197 5
107 5
81 170
32 17
125 10
4 11
29 168
14 16
43 3
90 133
188 18
4 12
0 11
86 0
165 18
181 3
127 175
75 0
2 3
171 11
67 115
95 147
56 18
2 17
38 170
35 14
116 160
165 11
70 2
68 0
87 3
43 83
61 4
95 101
38 4
57 13
42 4
55 7
79 14
98 0
36 16
136 12
135 10
96 18
21 164
78 131
1 16
134 140
96 155
191 5
141 187
15 19
35 130
110 14
22 16
81 12
3 12
97 181
69 15
27 143
30 16
71 7
71 16
169 16
162 18
129 10
158 7
93 117
38 69
111 15
65 12
133 3
21 138
105 17
163 7
117 14
182 16
183 4
35 44
58 10
70 4
113 186
96 15
169 9
65 130
47 122
50 7
150 172
132 0
6 17
70 105
128 13
33 157
2 4
69 86
164 174
42 81
145 11
69 9
63 115
99 193
58 5
31 112
75 181
39 17
11 19
26 59
23 129
26 100
95 5
86 6
56 113
90 120
181 9
50 4
153 16
185 5
79 150
165 14
60 19
95 12
103 160
155 10
2 18
193 12
187 17
95 0
107 8
136 141
78 123
134 3
190 18
173 13
69 170
144 6
53 16
117 12
179 9
39 11
10 14
13 16
60 16
33 82
56 189
24 1
72 104
54 173
30 34
54 124
170 9
40 103
75 14
57 18
44 6
175 10
22 67
33 6
53 1
83 16
78 189
82 8
75 12
34 8
54 16
9 13
141 171
73 12
130 10
130 8
51 3
172 11
138 11
139 1
3 18
78 3
112 160
71 155
55 5
105 0
143 144
116 5
34 122
91 18
190 2
94 1
120 3
147 13
139 17
5 8
185 1
3 9
171 1
142 1
40 58
34 16
149 2
9 12
107 110
145 9
189 8
54 123
54 19
188 4
184 17
36 49
33 83
23 90
21 145
141 194
35 13
173 0
133 192
40 13
29 15
198 4
44 142
121 5
86 5
0 18
156 6
170 18
116 14
46 10
58 82
87 4
18 19
68 109
35 16
70 18
88 134
156 1
15 16
25 7
148 1
170 5
160 1
52 123
10 19
61 2
38 9
195 0
103 3
27 67
78 182
177 183
118 15
1 7
35 7
190 5
76 155
57 17
173 19
116 12
0 6
150 195
151 153
62 13
67 150
117 11
33 15
102 15
124 9
161 4
156 2
95 189
147 4
59 15
24 5
157 9
70 13
109 16
3 15
82 12
64 85
122 1
43 175
93 12
60 66
69 163
40 161
73 4
50 113
139 7
121 148
53 6
9 11
42 11
30 6
61 75
101 171
31 140
33 60
93 15
113 6
96 137
145 10
116 171
120 161
191 10
102 185
64 17
31 5
42 15
57 8
24 13
42 80
40 174
45 5
137 8
161 2
41 3
48 11
181 7
131 139
55 0
139 10
140 8
43 191
142 191
163 2
152 9
39 9
156 13
54 128
8 9
105 13
77 4
29 6
21 72
136 7
91 187
152 4
23 47
46 139
23 96
142 14
122 14
39 2
71 1
32 2
111 6
40 109
167 17
70 9
59 14
6 8
52 56
188 195
116 16
192 11
122 11
47 182
88 5
35 64
166 1
108 137
58 151
116 13
158 19
0 14
115 182
69 10
71 157
149 15
68 3
8 12
1 5
103 4
168 5
54 105
40 11
83 136
186 19
99 2
108 155
112 8
2 15
136 11
149 3
75 11
114 8
126 2
99 19
186 8
181 4
140 157
104 11
86 14
155 14
108 4
163 15
94 16
25 2
87 6
50 15
113 8
61 99
136 190
14 17
31 84
176 0
174 13
112 13
144 13
197 16
163 12
90 151
86 9
122 141
183 2
55 81
171 180
183 5
106 122
72 111
142 190
57 7
116 15
80 185
84 7
80 16
37 14
178 186
154 196
31 6
25 9
94 163
26 189
101 5
20 188
168 1
84 141
36 17
43 95
28 10
172 7
45 1
68 17
21 15
102 193
49 3
77 7
36 130
20 114
64 180
79 137
180 12
6 14
175 19
115 2
10 18
90 13
195 198
21 14
76 11
86 129
74 10
68 196
127 19
71 15
149 18
80 5
91 8
170 17
139 11
143 1
38 110
3 6
93 9
189 1
51 16
101 11
64 151
186 11
96 8
81 4
38 190
72 115
34 46
48 4
57 19
54 4
31 0
110 1
4 14
50 5
42 19
186 6
133 12
75 170
63 101
70 143
55 6
179 4
166 11
5 13
33 19
20 4
42 10
72 4
106 164
7 18
62 2
116 187
61 1
1 2
196 11
108 196
182 14
192 2
32 174
106 8
21 2
58 70
193 1
181 10
125 5
111 16
155 8
121 10
192 18
173 11
117 189
174 17
115 137
150 12
106 198
23 63
62 11
123 1
62 8
77 172
127 15
179 0
111 3
1 6
198 18
112 17
23 49
46 196
3 11
93 188
89 15
31 53
175 6
74 0
138 0
199 18
130 149
168 6
35 15
36 14
21 191
183 18
28 82
43 9
131 0
186 4
25 33
157 3
35 140
6 15
75 116
120 11
102 2
94 13
50 16
161 10
132 196
82 178
23 18
52 15
113 14
9 15
162 184
33 194
3 19
71 19
37 13
23 15
50 10
111 0
145 5
85 89
63 97
22 5
162 7
124 1
0 16
96 5
198 1
56 1
48 15
35 170
42 3
35 39
91 2
124 3
142 5
128 9
128 3
28 77
39 16
75 9
194 4
35 125
171 17
33 56
54 147
85 18
56 6
25 117
97 151
159 17
136 4
76 114
90 10
1 13
181 13
196 16
21 13
175 4
44 5
191 1
38 16
38 19
47 17
23 5
68 5
161 15
0 8
141 8
131 4
108 112
169 179
48 0
184 12
116 3
108 132
175 180
63 164
38 10
53 74
154 1
172 17
113 9
128 16
46 157
8 14
124 19
197 11
195 12
110 148
187 10
76 5
127 0
84 97
122 9
118 17
159 0
30 17
51 15
90 17
36 151
26 173
52 60
20 68
125 145
127 129
161 3
111 11
75 19
56 9
123 5
62 3
162 5
134 10
22 10
193 3
9 14
1 11
30 82
155 12
102 16
101 18
23 16
41 184
32 9
136 2
54 17
99 195
67 99
47 117
110 7
28 4
185 17
63 6
97 130
156 3
144 146
41 84
139 170
164 8
157 14
20 183
9 10
157 0
71 6
160 2
86 180
98 16
83 18
69 16
47 4
112 6
148 180
165 8
120 14
197 6
66 13
67 0
126 16
37 46
135 168
171 5
90 193
134 136
112 175
97 6
157 197
101 6
163 5
34 102
101 7
40 107
55 69
90 5
140 19
196 1
34 17
26 6
60 68
86 19
95 177
122 0
146 189
1 12
175 18
81 17
36 18
32 10
83 169
71 86
41 105
131 132
157 12
148 19
40 19
130 5
154 3
107 175
65 170
99 130
76 13
59 155
61 3
137 13
96 100
34 13
106 11
51 13
95 127
52 149
5 11
196 2
190 15
3 10
99 11
185 16
121 187
77 1
152 17
128 132
100 199
148 14
144 4
23 2
108 163
163 10
91 0
119 11
10 16
56 2
158 15
169 182
120 9
86 16
170 2
36 117
89 1
69 6
10 17
45 171
115 184
56 16
50 142
25 17
192 10
42 152
90 180
46 12
96 4
82 4
187 18
113 3
85 102
54 11
125 0
140 18
82 198
22 85
96 163
129 11
187 14
59 0
35 183
88 15
2 8
70 5
22 106
125 7
76 2
1 15
155 3
106 14
195 8
109 182
54 196
75 167
93 16
4 5
192 7
91 3
100 6
73 198
123 19
113 17
159 10
23 17
122 128
195 14
60 2
118 19
26 9
106 5
72 0
102 108
20 83
4 16
147 0
20 19
126 5
78 12
33 7
143 7
81 19
183 6
172 14
146 8
48 5
106 7
181 15
22 15
174 9
84 1
113 116
85 2
77 86
198 7
22 0
20 16
85 7
153 12
188 0
52 1
126 17
144 19
182 3
158 6
87 8
60 9
159 195
123 18
190 4
109 194
111 199
145 6
120 16
145 15
140 7
94 14
112 7
32 151
4 10
137 3
103 12
5 17
31 11
8 19
35 17
32 7
2 6
79 19
170 175
72 170
72 13
179 14
23 11
71 18
54 184
136 19
36 13
114 189
146 6
145 167
148 169
12 15
152 3
78 1
20 14
146 14
85 90
91 7
194 11
141 16
170 12
31 111
153 5
155 156
51 102
97 16
154 0
94 11
124 155
198 14
198 0
30 107
63 125
116 17
84 13
57 2
4 15
184 15
135 2
55 19
160 18
48 3
1 4
21 9
103 143
64 7
139 167
30 132
59 17
1 19
153 0
143 0
92 157
5 19
88 3
118 120
51 18
88 4
111 123
187 6
47 2
29 13
5 6
21 11
81 198
152 192
5 10
89 11
105 151
143 13
7 11
29 3
188 9
152 5
76 6
51 109
68 6
84 88
68 10
182 17
82 18
164 7
148 7
31 16
129 3
197 10
64 161
74 15
141 4
172 13
45 8
0 19
133 10
93 122
151 0
37 181
68 149
147 9
118 144
143 172
47 0
162 19
172 12
50 14
179 13
0 12
193 4
108 12
164 5
21 5
20 7
123 140
173 10
187 13
138 159
199 4
180 16
25 14
51 114
26 72
135 14
115 7
59 112
90 8
1 14
172 18
39 18
185 7
52 7
113 7
75 5
197 3
63 5
62 16
192 9
13 17
75 8
71 14
5 18
171 0
55 189
81 5
188 2
41 163
119 170
76 86
31 52
193 13
113 12
144 8
43 107
9 16
93 112
122 154
140 9
57 188
104 15
128 130
40 16
155 17
155 15
21 4
198 3
180 186
191 6
50 174
147 164
151 4
177 10
89 2
163 8
182 10
144 184
76 9
122 144
165 3
79 16
65 4
122 19
96 111
64 197
27 18
68 1
146 17
130 6
146 10
52 154
154 12
109 4
178 19
123 129
143 193
48 149
9 18
167 19
69 89
184 0
25 67
3 4
156 16
140 0
99 137
95 6
147 2
134 2
21 10
181 17
177 189
121 150
61 187
198 17
148 8
81 13
191 14
194 14
146 11
65 17
37 7
87 136
155 16
118 4
104 0
67 19
125 3
189 3
53 155
119 14
106 165
20 156
3 17
166 8
63 1
121 16
75 135
32 16
178 12
169 11
98 107
89 7
179 16
22 2
122 2
144 148
34 44
90 96
105 172
90 136
194 13
108 5
180 8
41 18
82 6
139 9
151 2
167 5
142 18
144 187
6 10
142 7
81 176
193 7
52 5
120 159
85 88
96 12
44 4
62 5
179 6
129 6
44 173
52 163
56 4
11 13
26 0
67 12
2 9
33 133
3 5
145 14
176 19
118 16
13 19
4 17
144 9
181 11
107 1
34 9
54 151
188 11
26 3
62 10
29 17
52 9
51 153
152 168
57 0
2 14
184 3
49 18
92 7
11 18
160 16
102 188
178 5
159 2
86 18
165 17
164 11
25 18
66 2
170 16
33 104
92 199
106 3
126 11
142 9
30 15
116 10
12 17
90 0
140 17
174 5
179 183
117 8
96 169
35 11
58 14
90 1
131 2
132 8
110 4
125 6
178 6
90 175
163 9
13 18
26 15
75 95
69 14
97 136
122 6
191 9
139 4
4 7
108 109
59 6
109 15
171 10
52 186
197 9
182 8
198 12
108 161
31 71
1 17
151 179
190 8
182 1
22 98
92 135
21 68
165 10
161 18
103 5
75 145
151 15
20 62
77 94
123 17
44 3
146 162
123 12
33 10
64 0
50 19
27 57
91 4
51 5
5 7
20 3
89 9
132 16
106 16
141 15
61 92
33 79
60 173
66 155
7 17
12 18
51 14
69 149
150 8
109 14
43 13
39 1
114 18
30 109
117 3
138 10
25 81
131 197
108 2
158 12
165 12
96 156
135 15
103 1
16 17
125 1
49 192
43 12
69 4
184 7
85 134
136 18
65 147
112 191
47 190
47 152
60 14
187 191
114 180
122 7
192 12
23 171
97 15
74 2
29 9
31 56
189 10
196 0
113 0
25 12
29 4
37 89
77 15
47 127
58 0
50 88
180 10
150 0
105 8
114 9
35 3
97 3
28 91
21 42
86 92
56 5
107 3
172 198
102 11
