59 91
61 16
59 179
186 5
98 154
82 151
104 9
98 10
133 7
132 1
145 12
156 0
24 5
22 38
66 19
70 98
45 16
9 12
43 99
48 167
175 6
34 6
86 18
78 118
49 126
71 8
57 4
195 2
45 168
67 177
160 9
161 197
151 182
52 133
54 8
185 189
173 191
50 16
117 8
5 17
66 77
92 186
50 195
199 11
98 2
4 8
45 156
89 95
162 18
68 104
192 8
126 16
40 17
30 124
23 143
123 166
84 19
33 108
1 15
109 9
167 171
87 164
147 10
140 6
149 166
5 10
92 175
84 0
26 100
30 114
38 39
37 7
65 108
43 2
21 58
25 104
118 126
26 10
167 0
109 11
24 9
116 197
67 169
43 140
120 168
54 151
71 151
100 5
44 162
104 174
78 129
93 199
75 107
26 111
173 17
49 8
109 137
59 171
198 15
95 16
63 5
51 16
73 171
29 196
115 19
188 8
66 166
27 38
162 9
118 185
76 7
55 83
183 11
68 130
94 108
136 4
45 63
55 69
132 179
23 7
114 2
153 180
131 197
49 57
191 12
182 2
82 127
61 64
11 17
35 8
34 14
100 8
51 58
76 171
39 98
120 138
78 0
120 15
76 127
78 18
88 11
24 95
25 8
85 115
160 15
39 171
27 43
50 186
183 6
85 129
34 93
22 120
93 5
39 15
51 10
177 8
154 5
58 190
191 14
167 17
122 1
180 12
23 40
165 175
153 1
90 12
91 19
157 171
43 14
100 152
83 6
74 124
59 176
31 63
195 7
123 8
35 11
46 11
89 7
92 167
146 1
72 11
75 17
27 8
43 3
151 10
194 8
159 11
48 3
118 182
80 16
117 6
30 180
131 12
135 11
2 10
56 11
80 147
53 14
132 195
187 10
197 2
177 184
21 114
39 83
149 11
38 66
144 0
195 4
91 11
50 135
23 175
21 9
135 7
89 5
94 105
126 17
62 137
86 189
23 9
96 4
27 185
159 18
102 168
32 77
33 13
120 180
63 103
51 123
72 16
30 104
187 2
121 16
186 197
78 174
0 3
107 1
139 16
2 18
115 156
178 14
127 4
52 73
24 96
100 14
125 1
151 11
15 18
28 6
121 2
51 115
12 17
27 7
56 184
48 8
192 9
25 10
89 9
60 179
51 166
30 11
144 13
6 7
163 13
12 15
132 145
196 3
148 16
114 0
132 186
103 181
129 5
168 15
145 182
72 17
127 128
83 133
27 79
192 7
85 102
45 96
141 15
44 124
48 137
163 17
103 3
42 19
72 147
58 71
125 176
30 194
39 169
87 175
62 193
169 19
54 193
91 108
119 9
24 17
9 13
49 108
81 162
80 199
113 14
74 125
82 146
187 14
99 121
172 195
0 2
75 0
93 12
86 104
85 186
38 15
69 11
1 8
1 13
147 179
106 141
45 187
53 1
185 16
62 118
126 169
11 13
46 109
56 9
34 13
55 139
113 150
41 11
46 10
32 7
60 107
1 18
23 197
103 155
151 183
167 13
165 171
36 2
4 12
33 15
148 185
24 76
158 11
40 4
152 168
133 165
145 153
112 13
34 71
122 145
88 2
128 143
190 10
53 5
32 9
109 159
182 13
96 187
82 128
135 1
95 4
154 8
145 167
59 18
110 150
128 4
71 145
46 195
30 43
23 3
45 12
147 12
95 1
165 7
74 175
62 82
58 4
115 15
103 15
63 4
184 14
107 6
0 9
192 18
191 18
180 17
143 4
24 82
122 199
128 136
46 122
54 18
38 10
121 169
103 116
41 183
73 119
7 8
144 14
170 16
130 1
97 11
43 113
86 162
68 191
147 191
127 15
96 99
84 114
193 0
140 12
99 0
193 12
89 98
46 3
100 19
118 17
36 4
78 124
37 6
103 5
22 9
118 2
100 0
139 10
147 163
130 183
145 4
54 176
198 3
144 151
44 153
62 109
128 164
198 12
117 19
23 153
6 15
144 174
40 151
78 175
34 10
121 148
104 125
96 130
48 94
101 12
89 14
73 166
157 7
47 134
49 90
31 154
47 19
63 13
99 130
84 10
24 176
174 11
38 62
120 7
28 4
106 11
79 1
84 8
54 127
52 135
181 198
81 0
40 14
109 164
170 6
30 7
91 122
60 149
185 13
4 11
134 4
69 129
81 115
184 12
99 18
121 162
162 0
24 144
31 84
147 197
96 6
121 4
31 7
161 164
44 47
107 151
41 3
178 16
33 70
124 13
124 19
126 1
36 196
35 10
102 11
44 14
55 13
112 168
161 10
121 1
141 5
63 82
29 1
123 192
152 3
11 16
132 158
105 137
0 1
65 190
70 171
156 6
147 1
86 6
146 14
111 17
81 2
127 3
81 8
57 128
44 12
89 112
193 4
31 131
65 10
57 9
111 168
78 182
92 19
114 11
34 19
171 4
107 17
101 180
70 8
10 13
72 172
49 183
136 158
71 6
151 197
177 16
108 19
171 11
87 128
2 19
5 7
35 74
158 15
72 9
98 13
192 17
37 55
31 96
41 9
76 143
188 0
59 92
81 3
143 161
151 13
93 146
26 155
97 3
60 117
177 186
165 15
121 10
30 129
108 18
119 14
121 146
3 15
47 123
54 166
117 15
67 17
110 119
56 143
144 9
55 9
167 187
80 8
46 114
73 113
37 106
59 67
85 134
145 11
146 2
52 121
51 81
173 1
157 184
44 168
136 12
66 169
157 12
45 121
48 103
83 171
46 4
41 113
101 125
90 7
78 7
73 163
66 2
49 114
112 149
44 120
120 19
39 97
23 142
49 130
39 8
42 190
115 1
88 180
61 100
60 63
167 9
25 80
52 143
50 144
147 13
176 7
69 17
61 5
74 9
1 12
80 94
148 6
48 9
94 16
85 16
171 6
144 150
30 13
141 164
44 192
47 132
75 14
111 183
77 118
126 13
52 59
117 194
140 148
26 7
31 65
177 1
195 16
23 4
91 2
193 195
56 91
20 5
53 11
58 6
64 104
3 8
54 19
42 6
160 2
132 17
89 159
81 4
142 146
40 1
41 172
34 1
94 2
73 0
113 7
110 3
26 117
4 5
74 148
67 193
72 3
4 7
73 173
78 10
138 2
167 2
78 13
29 165
34 91
23 49
74 166
20 10
77 154
166 4
172 6
147 4
161 14
51 149
46 13
128 17
110 4
54 70
88 17
75 11
199 13
91 14
137 170
193 8
45 6
94 18
58 144
78 89
172 13
121 175
82 143
86 160
182 197
28 129
164 7
115 184
72 124
177 18
119 170
27 19
89 147
101 135
180 198
180 9
97 17
141 9
25 41
139 141
1 10
31 19
154 161
164 176
24 100
45 7
41 42
115 175
187 16
110 133
20 114
97 6
105 119
118 155
136 9
116 187
121 15
103 138
0 7
75 115
93 166
50 19
119 176
101 7
75 161
43 101
108 164
151 16
89 122
43 7
166 17
159 12
100 145
26 5
66 13
20 171
126 8
4 6
91 130
43 62
172 15
178 195
121 181
42 7
146 6
67 13
129 148
38 162
37 159
121 193
37 105
54 174
125 6
149 3
179 4
57 171
65 180
33 163
106 10
65 17
153 17
176 15
118 1
144 3
90 4
197 15
64 138
92 153
92 5
39 12
53 80
119 16
78 190
84 113
86 88
8 18
46 132
0 15
41 68
68 117
81 132
66 178
181 10
34 4
105 7
74 11
66 67
105 180
20 194
83 9
39 0
67 137
133 10
21 1
77 19
129 0
117 150
32 2
62 191
105 183
48 106
54 11
104 1
87 7
114 8
29 4
86 13
64 191
39 16
27 110
62 66
36 175
48 16
48 155
174 12
98 156
45 4
193 14
143 12
83 146
24 197
80 107
121 174
130 12
197 19
136 144
183 2
27 184
44 4
99 12
20 9
140 181
109 176
158 14
74 196
26 2
25 161
136 163
44 114
23 189
20 72
60 167
78 88
51 122
190 6
23 160
44 19
65 3
81 116
51 3
108 145
40 47
81 148
50 15
85 98
87 2
54 136
21 41
69 71
160 4
188 5
125 9
143 17
65 6
152 166
65 192
5 11
122 8
153 168
76 15
104 12
88 139
141 4
53 171
107 131
65 149
108 180
78 12
36 12
91 3
158 172
77 104
101 158
92 127
34 17
126 147
87 152
107 143
121 124
195 10
143 7
90 111
157 5
115 2
60 148
100 4
161 166
116 7
165 2
6 12
110 12
137 5
42 5
67 10
105 144
58 1
173 8
96 157
108 14
105 141
43 151
158 2
137 144
143 0
65 9
0 4
56 104
30 113
153 9
47 159
111 8
112 15
36 18
100 161
70 191
50 4
95 10
3 14
29 12
158 19
178 17
41 160
54 123
55 137
87 8
183 16
13 14
31 17
166 11
22 18
29 19
55 4
56 175
137 15
51 105
112 177
109 2
50 149
198 2
36 162
100 187
133 18
134 17
26 106
191 2
123 6
97 141
93 169
49 4
152 181
31 120
190 8
0 18
52 176
170 9
178 8
167 8
58 150
109 4
176 14
87 118
7 17
90 198
138 162
176 3
115 152
162 5
163 175
55 73
30 199
162 197
165 12
68 15
52 115
44 6
94 116
23 167
89 181
160 188
42 2
20 4
29 0
101 14
6 14
116 194
58 2
152 0
67 7
43 10
187 6
106 194
148 189
52 14
24 36
113 6
32 176
173 4
108 128
72 15
75 199
29 198
116 19
35 92
14 19
164 13
157 188
125 12
154 0
55 0
59 11
157 182
84 6
137 0
46 63
102 132
9 10
171 184
58 155
25 182
74 179
69 137
52 190
178 188
28 63
91 10
103 183
154 18
124 16
179 8
101 128
35 135
131 1
82 135
1 11
126 188
169 12
67 162
105 108
160 190
134 145
26 160
29 192
86 110
28 44
137 17
182 16
24 61
99 7
41 19
139 156
65 67
98 124
100 168
106 6
10 15
163 2
76 12
131 6
22 170
173 189
77 5
124 159
146 5
115 165
142 181
138 16
132 165
33 102
96 131
59 136
162 164
55 15
94 10
187 7
168 6
162 16
59 19
37 140
14 17
106 15
144 182
100 162
65 7
65 198
46 58
121 3
23 194
85 136
45 56
168 182
58 3
167 6
106 122
9 15
25 158
137 14
21 22
183 191
101 102
114 188
80 7
191 197
38 97
10 17
172 190
83 84
32 54
117 3
157 16
117 16
99 2
79 6
61 18
68 5
26 51
90 0
86 8
140 197
170 183
71 177
107 142
162 166
160 3
23 8
138 179
30 135
89 0
4 15
67 167
24 52
95 198
143 187
74 82
4 13
112 3
42 146
61 194
128 16
182 10
27 117
84 119
97 5
96 11
73 169
73 190
32 10
56 121
33 44
154 4
0 8
154 186
55 174
25 79
60 126
54 3
105 9
27 199
143 18
74 2
95 0
158 178
25 9
119 156
32 107
123 155
122 9
159 3
37 4
21 65
75 89
111 19
136 184
120 0
197 17
65 158
22 85
27 161
25 194
85 166
61 75
152 195
92 170
96 124
33 127
108 4
103 13
163 176
180 6
39 5
189 8
98 3
41 93
123 15
189 0
148 156
182 196
146 18
199 16
89 116
23 138
175 2
154 16
156 16
99 128
73 13
113 148
139 147
53 60
55 189
59 1
84 16
42 17
93 109
24 13
24 10
65 4
129 8
42 189
107 177
47 4
152 17
190 19
97 18
138 7
23 62
23 133
16 17
70 79
64 123
46 136
147 157
89 182
110 8
37 75
30 63
161 11
76 170
12 18
127 8
60 79
121 19
72 114
31 159
94 6
0 11
48 69
79 196
134 0
141 19
23 60
37 188
42 164
50 5
124 0
39 41
13 16
107 18
28 115
9 14
120 14
32 11
74 158
83 18
183 18
66 86
24 84
69 103
23 35
52 162
76 142
134 198
82 19
85 15
128 171
45 17
90 10
48 18
84 1
90 165
26 12
196 18
32 14
177 185
134 183
105 5
71 154
49 98
51 127
170 195
57 14
132 177
131 132
184 19
3 7
15 17
143 10
50 18
40 99
104 11
50 7
109 189
47 133
122 0
26 175
100 189
134 170
43 131
59 6
118 178
32 5
126 4
156 4
70 12
22 173
118 5
29 18
56 103
15 16
96 120
134 197
90 9
36 14
136 10
114 136
42 4
117 173
102 197
122 152
29 15
47 83
144 2
44 175
40 133
81 18
24 83
93 16
47 113
146 153
113 5
141 13
112 12
117 18
82 12
178 0
41 17
146 10
64 5
151 174
55 106
185 11
149 1
80 14
138 14
21 12
25 92
145 185
72 156
165 0
139 6
9 11
71 1
49 6
136 13
174 2
36 9
39 1
51 0
28 154
45 48
11 18
139 172
157 199
146 174
119 191
13 19
52 4
22 180
183 12
89 111
197 11
94 163
133 17
80 150
139 1
128 8
104 3
4 18
81 10
10 14
96 167
46 194
111 10
51 4
29 199
2 12
32 43
6 13
88 10
61 105
158 7
119 124
114 147
48 197
182 7
36 141
54 96
83 107
171 14
67 14
75 2
124 2
103 1
148 14
50 90
36 1
45 141
111 12
123 159
136 18
196 10
68 146
124 194
72 136
81 13
47 135
99 193
117 5
59 2
132 197
81 12
147 192
115 4
68 78
49 18
118 6
139 9
67 132
30 149
156 12
123 0
51 9
58 111
165 1
3 4
25 15
44 108
59 109
128 7
161 15
175 18
24 0
67 145
179 15
87 168
87 6
79 192
90 19
66 134
88 143
157 10
37 136
69 12
174 13
90 167
56 4
0 14
95 156
157 14
109 195
151 190
167 3
14 16
5 13
60 15
3 18
88 124
69 161
41 5
20 13
50 87
68 97
138 0
132 8
66 182
71 180
110 183
40 18
124 12
33 9
173 0
34 183
127 6
21 124
122 3
112 16
41 12
106 192
54 9
46 78
23 69
173 15
33 192
63 12
151 6
153 15
2 3
137 184
96 180
47 107
21 107
85 135
134 148
92 0
25 122
3 19
143 189
173 6
26 82
4 9
43 176
146 12
137 171
61 144
48 199
92 107
39 4
77 176
66 158
63 89
156 176
41 74
50 154
8 11
62 136
93 135
52 163
79 2
112 8
85 167
116 177
45 150
57 11
61 187
102 2
73 150
30 190
42 13
166 15
73 8
117 162
50 8
81 5
121 123
22 94
24 185
11 15
47 16
94 130
7 19
147 9
31 1
41 14
85 19
194 16
33 2
107 158
147 2
124 184
68 12
119 0
33 50
34 113
86 10
28 7
30 78
39 100
137 16
112 184
75 173
43 6
21 5
178 9
124 7
38 18
109 19
160 16
30 0
88 8
78 99
70 7
48 168
162 2
20 154
155 19
90 190
95 97
62 9
122 172
150 10
82 90
47 10
23 196
87 163
157 0
71 2
133 9
179 189
67 8
32 152
149 8
121 12
58 151
42 150
99 132
37 85
117 17
168 5
30 192
34 8
68 107
168 185
94 190
100 121
69 176
184 8
56 178
24 11
145 196
128 10
72 18
3 16
71 170
161 17
110 15
58 19
107 174
57 87
94 159
101 169
49 10
72 13
198 7
100 184
59 4
52 113
62 130
170 7
164 2
25 47
30 67
31 85
79 8
116 193
39 13
5 14
62 126
195 3
55 111
63 75
30 14
192 15
142 9
88 165
50 190
34 163
68 13
85 151
53 125
150 174
9 16
146 160
41 129
80 124
121 197
31 4
84 167
126 11
189 18
39 14
80 134
84 133
79 104
46 14
2 16
1 7
174 14
40 49
113 156
20 21
40 0
97 103
42 135
156 159
110 151
138 154
174 7
120 5
86 163
31 16
184 188
55 3
42 196
62 10
175 183
56 96
161 19
34 143
188 12
183 9
138 196
41 137
112 135
48 139
89 183
150 11
121 164
25 197
170 18
111 6
77 99
102 136
125 16
38 145
63 7
36 184
171 17
28 164
199 19
124 177
44 7
50 6
139 7
181 14
151 173
137 157
7 11
150 154
177 19
92 119
40 186
159 170
141 1
56 2
48 109
140 164
145 2
49 0
133 14
61 174
102 4
37 160
13 18
53 18
192 11
98 9
185 6
165 5
162 19
76 14
43 107
102 7
117 145
47 167
179 11
25 181
57 133
77 80
46 64
164 8
178 12
124 4
35 54
53 19
167 7
36 10
121 179
60 140
167 1
32 101
50 124
17 18
94 15
3 10
169 0
89 17
93 2
33 11
176 11
118 169
99 6
168 0
65 80
40 127
75 8
66 187
167 173
49 179
98 103
41 187
51 161
87 12
138 152
95 7
131 9
63 14
107 164
60 18
83 150
27 11
93 111
140 172
66 7
23 5
66 96
104 126
149 179
86 137
106 134
75 3
57 18
101 143
119 19
148 179
119 5
110 16
186 7
88 92
155 7
97 10
77 15
50 17
110 1
85 2
6 9
54 5
31 192
108 167
26 128
111 2
33 130
189 19
93 15
88 15
20 44
52 15
97 160
101 8
152 171
194 0
51 142
22 75
150 8
157 190
118 133
131 14
29 169
162 12
121 144
21 152
84 94
33 87
137 7
152 7
155 163
117 166
131 7
29 9
105 173
100 198
74 14
63 152
182 14
31 104
77 156
103 113
89 120
48 7
142 12
6 11
169 17
173 16
187 3
164 186
196 7
42 49
139 17
77 11
104 10
46 125
22 35
116 175
37 92
57 76
198 18
97 157
137 164
148 15
20 167
56 6
12 14
95 143
144 189
27 158
198 13
1 19
64 157
196 11
30 6
67 146
14 18
55 130
160 13
69 167
175 1
47 6
139 0
39 187
163 19
117 125
149 9
193 6
20 86
67 103
24 3
143 196
20 83
40 7
150 12
154 178
104 193
78 137
121 184
138 164
65 8
35 151
6 19
169 186
109 3
101 120
32 109
136 145
82 8
47 17
111 198
73 17
38 94
25 186
2 14
94 167
49 11
109 18
97 185
183 10
97 133
108 1
90 168
59 14
68 101
117 9
80 179
41 195
91 188
35 126
28 16
192 13
97 142
69 196
29 137
89 18
11 12
145 15
63 184
144 178
126 12
175 8
98 118
37 17
151 1
90 164
130 19
125 188
45 166
69 13
92 152
84 5
111 172
64 194
107 139
107 0
156 17
113 10
34 85
148 9
26 186
23 14
163 190
61 177
0 19
29 108
52 104
36 104
33 93
129 18
12 16
130 9
30 102
93 105
139 171
44 13
128 140
63 139
158 0
199 14
155 187
20 132
10 18
5 12
104 122
159 0
42 16
28 87
111 123
107 184
57 177
159 199
187 188
109 5
91 123
102 156
42 10
14 15
87 191
32 12
112 147
146 9
38 146
71 132
130 13
22 127
185 12
197 7
173 3
123 14
90 15
88 121
2 13
48 49
68 190
40 43
96 0
185 19
97 2
193 13
169 7
49 132
123 13
83 10
21 15
95 146
40 19
121 145
167 4
158 18
161 181
72 4
125 165
8 14
109 135
152 4
48 110
24 98
57 10
30 183
155 177
62 14
70 91
63 18
181 6
93 104
129 9
173 10
2 11
41 76
120 3
80 98
136 197
105 19
109 188
101 175
13 17
43 82
137 187
76 186
24 38
2 9
124 9
86 155
131 17
49 13
83 8
171 1
155 196
7 15
168 3
190 5
185 187
35 161
82 7
23 101
121 8
57 8
128 142
51 7
46 174
179 3
148 13
113 177
145 10
139 157
197 1
128 178
83 128
20 103
138 1
58 145
25 19
146 11
64 18
179 19
31 9
74 180
167 16
30 3
91 124
195 18
25 157
62 185
168 187
6 10
8 16
103 134
66 174
0 6
115 125
83 151
12 19
170 171
7 16
119 8
79 134
194 17
57 5
125 151
58 16
89 151
104 17
151 12
75 189
183 8
81 102
3 13
89 11
98 1
79 16
107 16
8 15
133 164
126 15
110 19
41 44
61 115
48 58
83 111
122 11
100 15
59 17
69 2
70 81
157 3
153 4
82 14
116 13
107 153
46 55
123 7
64 11
68 85
87 177
131 184
121 9
26 1
162 17
43 119
69 147
0 16
25 3
9 19
135 184
31 113
128 3
124 131
44 61
106 1
52 53
117 2
31 52
117 174
67 119
197 4
163 8
90 185
43 79
49 112
41 101
134 2
104 149
128 11
107 9
113 193
11 14
21 96
74 7
32 117
44 128
104 148
91 182
23 102
103 19
44 10
161 182
145 8
25 99
4 14
135 19
69 9
22 0
140 5
56 85
73 11
34 88
107 110
68 189
82 157
110 6
55 88
168 16
114 127
101 3
127 18
31 5
0 17
52 158
116 17
110 152
67 4
89 127
76 82
0 5
6 17
33 132
73 9
172 19
53 122
72 97
75 104
47 5
122 132
1 17
70 126
97 107
60 115
49 12
5 19
113 147
64 125
92 18
165 19
166 174
134 151
33 7
135 8
183 184
47 166
37 87
73 102
117 0
29 157
195 196
147 186
180 192
147 6
45 196
168 10
91 16
87 18
50 55
70 1
158 1
166 16
196 8
101 19
142 15
69 6
29 44
21 87
61 172
153 194
133 147
79 3
46 128
47 111
157 2
94 5
80 6
67 76
94 153
88 118
1 5
126 3
21 19
111 121
2 15
86 5
3 17
85 111
148 197
152 172
156 14
177 193
61 130
27 120
181 3
81 6
75 5
27 100
8 12
45 142
55 143
30 35
43 18
170 2
37 19
56 10
23 17
24 15
193 15
142 5
62 2
162 11
91 142
74 18
171 172
88 18
123 158
28 33
122 2
196 17
96 16
135 151
112 18
36 85
8 9
56 3
82 3
38 17
154 13
48 156
50 11
85 110
81 17
161 9
140 160
38 115
174 8
47 183
166 13
68 187
144 8
45 5
45 13
88 1
32 100
79 19
105 179
64 159
46 18
98 19
111 165
68 145
129 149
123 135
113 159
138 169
90 6
100 175
181 2
17 19
165 10
40 5
189 1
66 14
100 139
65 12
156 167
35 170
63 180
76 156
61 1
148 17
127 170
151 3
93 17
53 0
127 153
22 17
96 106
7 14
84 104
29 118
146 194
78 16
34 196
5 8
150 6
79 108
134 16
67 113
135 190
125 191
147 190
51 14
161 18
62 3
175 9
95 131
43 0
32 125
166 8
155 10
114 125
20 15
122 156
177 10
135 2
40 8
169 194
54 129
180 15
138 199
52 6
22 68
47 60
92 9
28 191
132 2
25 51
105 8
175 19
54 16
37 12
7 12
74 5
100 9
68 152
117 157
160 19
87 13
73 114
67 5
113 2
131 4
35 18
124 11
32 148
158 10
101 2
168 196
119 11
67 6
23 169
157 15
60 69
109 160
15 19
178 3
34 102
77 100
38 53
65 16
114 130
115 129
72 7
163 16
109 121
7 18
100 129
32 134
8 13
30 165
20 108
58 9
141 153
182 6
44 9
179 2
138 160
107 188
140 1
29 2
177 4
103 108
132 142
37 14
118 15
81 126
52 87
146 149
112 19
46 5
169 181
21 51
1 6
77 6
60 14
85 139
106 19
1 2
21 164
103 143
191 1
199 5
63 0
109 154
55 65
4 19
69 150
28 3
132 7
172 9
43 144
156 13
117 168
53 77
145 0
114 15
112 0
56 0
82 119
34 124
24 198
22 135
138 145
101 6
64 180
25 118
49 153
93 163
23 37
79 10
113 17
143 152
38 9
97 14
37 10
20 123
166 0
43 19
156 161
2 17
48 0
46 48
0 12
175 11
27 109
97 9
52 198
11 19
99 19
77 13
191 4
136 15
48 78
102 1
80 3
183 1
43 11
59 9
183 17
75 154
8 17
140 8
94 14
43 9
68 96
130 152
5 6
174 176
86 1
65 74
42 8
185 8
30 52
118 14
112 146
52 19
80 91
39 163
68 7
55 198
98 5
185 15
161 3
114 19
120 8
192 1
117 10
127 160
23 159
52 11
83 154
48 15
152 10
74 188
61 9
121 7
44 2
181 17
34 161
90 119
79 144
64 116
30 98
174 188
60 144
22 183
87 146
188 9
65 15
86 98
28 14
121 194
199 8
59 3
97 166
153 12
172 176
147 184
46 2
77 4
176 178
133 12
106 107
179 186
65 13
36 59
20 76
92 7
148 2
26 17
34 107
69 73
71 126
163 170
187 8
25 2
46 6
21 184
57 1
132 14
133 182
61 110
61 6
107 2
40 48
47 139
54 15
36 188
146 4
128 12
86 2
192 2
134 167
154 1
83 17
151 19
136 195
134 7
127 181
92 14
74 112
57 160
142 8
28 182
94 4
107 136
22 10
35 152
83 19
123 133
27 113
131 10
54 114
154 19
170 176
55 160
26 162
145 7
3 9
196 1
30 121
66 72
4 17
114 1
45 2
82 133
57 179
163 191
2 4
153 5
191 8
83 134
189 3
170 11
138 183
166 1
36 5
80 2
97 154
110 0
59 0
22 15
92 135
32 4
55 76
87 14
53 98
130 18
51 111
28 68
5 16
122 135
28 192
192 196
55 2
117 1
167 19
52 91
122 7
181 15
96 155
92 106
95 102
90 114
92 13
8 19
184 2
166 12
99 3
53 112
123 148
188 4
25 105
32 118
30 5
26 78
117 199
84 190
190 7
111 159
196 13
86 119
80 13
89 125
44 125
94 185
79 4
111 147
21 158
138 177
97 12
34 146
47 11
158 12
46 199
191 11
127 19
171 3
199 7
124 14
80 174
35 6
110 153
140 18
178 11
58 10
140 14
60 93
39 76
178 7
103 192
85 17
178 15
22 110
136 17
68 80
66 78
20 42
182 1
26 28
39 3
31 150
55 11
94 152
189 14
6 16
114 12
74 0
125 8
107 194
43 189
59 61
102 6
52 3
23 125
119 1
192 10
33 161
82 176
133 150
96 140
51 19
31 18
86 0
51 5
104 0
126 9
78 3
25 31
26 16
145 3
1 4
154 182
170 15
65 114
31 100
2 7
37 82
110 13
108 140
116 133
87 11
103 118
34 198
126 198
61 17
131 13
128 144
94 136
67 16
28 130
95 173
51 52
5 18
129 6
48 10
107 122
186 196
179 17
182 3
98 4
51 117
85 3
161 1
32 19
133 5
83 176
109 15
30 126
149 0
197 3
124 5
36 3
78 181
139 158
81 15
81 114
188 193
93 184
75 19
68 156
83 168
195 12
140 2
36 11
21 17
128 133
163 12
42 180
39 56
133 134
83 15
84 12
174 15
127 10
180 11
165 168
47 12
194 2
136 138
27 55
186 192
122 134
21 109
129 135
119 13
69 108
135 149
174 175
102 194
105 14
75 1
64 1
25 179
127 178
37 9
25 6
52 75
34 15
111 3
32 3
41 13
39 156
130 199
64 14
129 13
170 10
103 6
187 11
189 10
45 122
3 12
22 41
62 5
48 17
30 195
142 17
34 3
174 19
62 164
86 170
99 1
46 16
150 7
22 54
125 4
122 18
161 7
75 9
98 8
78 19
60 1
134 15
65 83
20 102
6 8
138 17
153 0
22 142
147 7
115 134
110 11
83 5
24 187
56 14
69 10
154 189
71 176
140 10
63 166
71 5
43 8
151 18
87 125
95 19
84 148
107 169
192 14
48 190
134 12
171 5
57 189
120 16
109 6
52 68
94 12
160 7
119 160
83 3
143 15
133 6
46 169
33 3
39 18
16 19
159 176
130 7
119 182
131 191
159 1
112 5
159 10
103 136
20 12
103 18
98 11
102 106
127 194
60 99
57 175
28 95
96 195
69 170
47 62
108 6
114 191
67 1
151 8
68 1
51 57
188 19
82 190
54 185
61 185
100 102
64 13
43 4
34 149
189 11
29 65
150 17
117 13
57 112
118 188
7 10
118 13
120 177
21 0
52 165
54 2
3 11
86 198
44 104
119 4
80 15
81 123
62 0
72 178
35 17
59 10
151 198
113 0
39 68
42 132
76 149
114 6
115 13
108 193
119 144
76 134
29 132
63 15
2 5
160 14
150 153
182 17
1 16
192 19
27 126
22 8
41 0
143 166
28 43
99 175
119 3
5 9
127 141
115 18
55 12
187 0
172 10
40 110
67 3
93 6
133 1
29 59
49 16
81 90
191 3
136 8
130 189
60 95
120 197
50 1
55 6
185 4
74 174
89 8
182 11
184 185
20 0
50 60
22 69
3 5
51 1
95 5
143 14
101 0
76 8
66 11
50 76
180 13
100 17
64 178
45 193
179 9
75 79
165 9
53 181
114 163
140 7
62 18
141 178
157 185
93 7
108 13
170 3
47 190
64 17
88 114
57 91
99 4
61 87
92 145
79 131
38 149
45 57
137 2
111 1
173 18
140 142
36 75
163 168
112 14
21 86
22 112
137 18
92 93
37 11
49 68
55 10
150 13
111 18
150 168
68 18
157 1
9 17
129 11
142 4
107 8
110 165
78 14
50 12
194 13
149 18
46 192
78 11
185 3
41 4
62 115
193 19
24 51
27 104
68 151
190 13
138 5
167 10
153 8
164 14
98 130
161 16
96 105
38 4
168 7
123 3
2 6
163 7
0 13
118 16
31 199
25 1
175 0
48 186
52 71
69 191
33 199
191 13
3 6
91 7
50 187
68 112
37 100
188 17
77 164
100 116
70 185
36 8
87 158
107 168
97 113
153 156
143 159
135 3
35 5
156 11
159 161
181 12
99 135
8 10
82 161
151 7
13 15
106 18
63 79
94 182
60 185
123 5
50 70
36 117
170 0
48 177
126 183
113 137
49 181
70 133
67 136
123 131
136 11
99 178
90 1
153 16
40 102
89 3
71 128
2 8
86 124
37 5
53 10
127 9
77 124
122 125
31 14
39 2
151 186
184 17
98 12
179 16
121 14
185 197
46 57
119 17
196 16
50 85
10 19
91 101
121 141
87 96
145 5
68 192
63 73
104 8
