58 188
53 66
81 164
51 12
14 15
1 5
61 11
35 110
55 58
84 115
75 1
34 41
27 92
73 153
159 4
20 163
34 174
77 152
59 103
61 159
94 19
168 15
74 115
150 185
27 95
129 150
103 116
94 9
110 187
39 55
165 178
125 7
81 152
116 137
54 177
9 12
72 2
134 0
90 9
105 5
127 5
136 175
97 2
184 7
43 14
198 8
107 16
33 141
186 14
2 11
46 12
144 6
26 93
85 4
62 12
167 8
40 82
109 111
75 99
123 12
159 12
9 14
79 82
2 15
168 8
107 195
99 13
4 13
75 88
39 18
99 4
78 182
191 2
8 13
177 9
161 8
4 11
36 50
13 15
75 12
3 15
87 3
131 189
75 195
59 123
181 0
133 4
102 1
190 15
196 14
26 166
23 139
119 14
35 129
110 135
46 166
137 193
84 13
20 133
110 130
157 186
49 139
32 54
59 89
45 112
82 10
25 72
1 3
78 171
176 10
138 12
32 153
182 3
37 17
182 17
40 178
45 194
149 154
160 7
45 97
170 0
116 172
195 7
24 80
24 55
49 163
68 199
90 18
146 18
48 153
15 17
34 164
37 118
77 143
140 3
57 19
88 118
116 9
50 121
135 18
62 14
180 13
56 158
46 116
173 12
184 19
20 165
133 186
179 1
140 14
105 7
68 10
63 110
187 2
67 188
108 150
29 192
165 14
40 14
118 196
162 10
122 15
157 19
45 133
176 4
54 156
21 9
142 5
76 130
54 82
60 142
116 153
121 187
104 131
6 8
103 1
78 113
58 5
8 11
126 10
35 16
48 147
77 1
31 10
137 170
137 4
82 171
33 51
54 7
106 12
49 173
69 82
115 155
74 2
125 16
44 108
194 6
70 12
125 180
98 169
63 151
72 193
193 4
89 13
59 63
125 199
86 194
131 153
59 138
169 12
42 99
25 124
57 183
91 92
40 11
56 14
163 180
150 184
82 167
116 166
49 143
0 3
176 3
22 3
80 7
109 120
53 7
46 2
114 174
164 187
63 131
50 1
130 13
90 169
141 14
92 112
177 193
118 129
51 131
89 183
22 12
63 123
47 190
119 1
45 8
48 70
76 8
26 50
84 9
164 12
129 2
92 172
40 6
64 189
49 72
95 163
54 197
42 4
87 148
146 16
57 147
138 161
168 193
124 13
161 4
190 0
96 1
87 10
76 7
96 5
52 143
28 32
96 6
136 145
124 8
117 9
74 13
94 18
28 124
29 140
11 15
102 3
108 7
40 135
22 42
50 0
141 10
117 10
1 17
53 5
64 132
64 185
105 10
41 114
123 11
63 138
167 193
86 169
25 10
79 136
48 55
155 18
117 145
67 84
111 170
21 6
151 6
173 19
9 13
113 120
169 194
31 78
121 7
81 8
165 1
39 7
40 68
157 17
25 16
142 13
123 159
148 177
174 14
150 189
70 97
6 16
34 2
91 16
21 3
176 198
177 10
79 135
87 12
181 19
37 87
80 144
132 17
105 179
89 14
142 4
41 133
173 188
34 13
182 5
142 15
155 2
169 7
134 185
167 4
29 3
82 2
28 128
42 3
25 55
89 16
66 6
126 146
143 153
42 58
26 9
6 19
165 15
38 82
30 5
159 10
180 7
115 15
111 17
67 135
184 5
152 164
76 18
43 115
113 19
68 87
93 144
53 105
57 11
55 127
34 123
38 0
126 3
67 145
114 7
57 114
75 17
23 13
45 18
72 110
102 170
3 9
118 157
56 72
160 164
124 130
64 145
67 18
75 3
27 97
134 18
164 11
129 0
9 18
91 3
60 2
167 18
157 13
74 141
114 11
26 87
136 13
27 4
31 62
45 11
29 129
93 6
109 12
74 173
84 93
21 127
20 8
136 8
149 6
74 14
79 12
107 110
57 3
51 19
121 152
134 189
194 19
83 16
161 3
187 1
63 2
141 197
174 3
174 12
142 0
132 3
30 31
41 15
82 141
23 134
62 113
74 117
28 92
44 146
26 113
127 19
3 12
119 151
123 13
75 14
46 120
198 9
0 13
54 95
121 130
105 18
89 128
156 19
37 128
88 177
42 13
1 7
95 0
135 11
62 119
158 1
74 3
99 196
93 12
114 8
82 143
126 11
21 14
158 0
23 65
128 18
31 66
54 2
44 135
79 130
79 14
7 18
25 142
111 1
114 0
153 174
111 7
32 3
196 18
20 125
23 3
183 7
41 193
22 10
60 7
26 19
134 3
62 115
41 137
156 15
21 170
167 195
85 134
8 12
75 9
58 135
22 102
38 16
78 198
146 4
30 166
90 100
130 181
55 16
133 167
114 165
160 11
51 139
62 2
186 194
73 112
179 193
89 0
152 198
103 181
39 4
53 108
125 0
152 12
149 15
53 57
28 7
137 19
81 16
61 188
20 18
62 189
76 9
53 156
12 15
29 147
139 18
83 179
6 18
33 15
92 4
79 86
32 138
114 15
99 2
36 62
29 2
52 105
103 143
0 2
177 17
77 13
27 42
46 4
42 196
68 168
29 58
38 183
154 158
121 175
76 139
130 6
72 17
27 187
43 0
117 123
157 12
91 18
140 151
124 145
114 14
114 5
56 165
133 0
21 8
116 5
55 8
52 92
126 2
90 167
49 180
164 3
89 19
45 169
79 186
131 191
62 10
25 164
34 18
160 168
94 147
159 9
41 10
22 34
194 12
85 15
129 134
164 194
93 192
74 114
31 75
142 10
118 184
21 149
38 7
70 168
24 168
134 5
113 6
128 14
77 101
54 193
110 152
180 17
1 19
35 64
117 11
1 12
113 195
59 18
46 171
139 163
145 176
118 178
174 11
187 11
141 6
87 101
130 3
104 16
119 197
59 147
95 177
47 9
63 122
189 5
52 2
184 17
47 83
51 6
190 12
168 9
33 1
33 118
78 91
115 171
24 4
76 3
11 19
131 18
111 146
72 120
46 199
3 16
98 185
132 11
195 18
101 171
25 197
117 17
9 11
101 15
40 111
153 6
25 143
31 136
93 180
24 1
79 10
97 110
98 5
31 134
35 70
54 6
106 3
56 103
12 13
163 6
23 82
29 8
54 4
25 7
64 8
31 99
38 199
28 114
27 9
107 128
166 196
184 16
163 14
68 117
133 181
60 172
26 160
122 193
135 16
136 4
83 155
168 1
113 2
67 152
68 11
51 121
102 19
167 17
95 122
151 4
121 158
158 15
43 117
59 3
102 15
27 7
54 135
59 6
51 7
64 9
174 16
117 8
24 81
33 56
65 9
88 9
96 16
34 106
113 17
53 72
71 1
74 99
132 12
153 19
135 4
39 92
190 191
126 14
125 17
74 4
105 164
87 125
32 105
191 14
168 16
40 73
2 3
66 89
30 81
109 14
74 176
161 187
52 73
76 185
23 47
34 4
107 2
55 10
168 11
35 17
182 8
81 149
88 14
109 11
60 111
195 198
60 4
152 199
47 101
114 120
134 13
192 6
55 11
154 2
102 12
62 163
38 11
35 8
111 11
117 120
113 16
44 104
23 7
84 2
193 12
123 199
105 17
101 18
94 172
109 133
198 15
49 93
56 105
83 15
74 80
59 15
122 6
74 166
88 11
89 151
103 7
148 180
86 10
62 6
61 14
124 194
25 171
136 3
162 2
185 0
130 167
105 11
117 0
95 8
63 15
25 6
85 192
71 111
98 149
127 159
150 7
22 51
102 178
35 46
95 152
80 8
36 130
69 4
42 143
191 1
141 178
89 198
130 195
198 16
100 185
91 156
176 2
28 9
98 9
122 4
121 16
60 5
53 9
5 14
135 0
104 179
177 5
23 198
138 195
180 4
85 1
88 8
82 14
118 17
56 68
161 175
125 10
189 2
58 18
34 16
101 7
139 178
101 14
120 5
62 7
79 6
163 7
69 141
190 3
70 131
48 13
122 1
118 191
30 96
192 12
147 13
48 16
74 145
20 73
144 186
28 83
7 16
144 3
44 5
163 0
110 174
46 176
70 18
150 170
61 68
138 139
126 4
83 185
177 0
165 17
46 0
124 9
79 9
147 14
31 53
144 166
108 0
148 13
41 0
66 192
36 10
178 12
79 5
87 138
56 64
23 138
126 0
169 19
21 132
65 16
50 78
152 18
62 169
124 16
55 122
49 9
196 15
144 7
91 199
31 129
116 194
100 12
71 152
10 12
103 132
24 115
35 136
45 81
1 14
57 0
118 2
71 13
147 19
105 188
96 138
53 176
65 2
113 8
23 196
51 135
71 190
163 1
93 110
191 12
1 15
95 18
197 19
72 198
195 1
32 4
143 152
51 13
52 110
178 7
187 14
31 4
168 6
81 13
93 1
110 12
45 57
88 3
13 18
44 149
150 15
166 18
197 18
55 73
72 14
148 18
26 133
63 164
13 14
131 7
186 10
10 11
62 93
190 4
86 172
28 110
136 147
69 2
70 0
175 10
90 184
50 5
136 11
167 2
108 129
182 11
114 17
21 4
109 18
97 17
116 156
44 8
65 75
10 14
86 13
45 159
154 188
132 6
157 5
194 11
83 94
104 13
148 166
102 14
24 83
0 15
8 16
144 13
11 16
118 187
65 80
93 13
143 18
149 16
159 160
108 2
9 15
20 192
27 180
65 175
96 17
30 138
94 126
118 6
165 8
56 167
156 14
24 134
114 151
168 189
31 19
122 133
32 73
154 14
51 186
63 129
56 132
124 1
166 13
88 146
67 2
109 177
38 8
53 89
121 168
186 1
129 152
162 13
50 187
82 3
29 124
24 0
120 188
154 16
107 9
101 143
159 13
60 141
144 12
78 18
70 98
193 3
168 17
37 18
59 167
199 14
65 19
36 0
159 16
81 2
114 3
85 95
173 18
78 3
41 9
81 17
94 14
22 140
31 18
180 6
118 165
89 123
137 168
177 6
0 17
138 14
10 17
127 155
32 140
44 12
59 10
191 6
23 2
65 104
174 4
189 8
198 14
93 4
43 79
129 191
127 12
179 187
97 181
123 166
185 17
67 164
102 180
68 84
123 3
189 11
40 1
83 11
160 16
80 127
193 13
69 187
150 6
23 45
28 3
82 142
173 1
184 9
72 132
30 15
44 11
180 12
47 7
4 8
156 182
157 9
133 5
164 17
21 49
61 154
127 11
133 16
176 1
27 136
41 63
48 72
28 158
99 140
121 0
5 7
64 102
31 187
52 67
90 16
74 119
6 17
137 188
111 3
20 11
61 7
99 128
43 19
135 10
31 150
3 14
54 115
50 158
53 73
152 13
93 131
17 19
111 164
14 17
170 10
25 118
75 7
127 6
11 12
133 3
184 4
117 7
90 170
67 161
94 106
27 154
159 199
83 12
76 115
180 9
125 6
196 6
55 151
43 193
167 9
51 154
25 158
108 193
132 0
124 186
143 184
38 76
173 10
168 18
98 142
33 151
40 158
186 13
45 199
137 195
59 2
112 132
1 13
47 97
138 185
85 5
160 5
2 17
90 103
103 3
12 16
175 11
71 16
74 102
189 1
124 0
73 125
178 9
148 12
134 166
71 76
103 187
129 133
129 15
98 2
55 83
151 191
159 5
5 16
82 16
39 127
124 174
21 122
130 133
135 180
49 15
35 190
122 13
161 0
182 14
87 9
42 169
114 147
42 10
44 18
24 17
188 2
32 87
144 8
140 13
129 12
0 4
106 162
0 10
65 102
74 188
74 15
157 10
45 86
61 13
26 184
66 113
173 6
151 0
183 198
32 164
40 102
136 19
85 131
6 7
36 180
110 19
93 175
78 4
26 6
146 0
69 103
185 16
150 11
166 187
104 116
69 119
25 3
74 77
131 159
139 1
70 78
190 16
146 6
68 131
39 41
114 135
0 19
103 2
117 12
30 97
164 15
158 13
89 197
62 81
175 12
59 14
151 162
14 16
80 14
24 18
44 120
74 182
82 19
157 15
28 105
43 1
79 194
67 184
26 59
95 1
30 98
119 11
78 137
175 3
122 161
86 7
143 14
61 93
40 19
119 190
39 152
134 146
178 17
123 141
170 180
26 191
58 77
60 8
142 8
172 4
123 2
127 176
80 111
87 147
67 130
162 16
58 17
95 110
76 156
56 154
158 4
40 119
138 171
64 181
104 150
95 96
124 180
5 9
47 110
149 8
54 153
140 15
10 16
99 7
26 138
162 0
156 2
50 80
73 178
115 3
193 7
7 8
86 11
76 170
152 171
21 59
44 98
78 131
111 136
93 120
53 146
155 9
37 117
59 179
40 2
199 13
160 19
149 5
49 14
9 19
42 165
52 18
147 9
54 14
135 168
8 15
102 132
23 120
183 18
36 57
49 12
92 178
31 8
168 5
103 162
137 174
106 192
109 16
31 183
80 6
46 8
24 160
134 186
51 53
159 188
30 190
51 64
28 162
124 2
130 7
115 137
194 2
20 174
87 13
88 179
5 17
44 103
91 2
69 113
123 0
49 8
115 132
138 6
37 3
24 142
22 71
169 4
60 18
78 81
74 187
62 138
42 107
80 13
0 16
85 171
32 158
107 153
166 178
181 1
28 198
52 13
22 16
90 15
53 97
52 7
156 3
108 15
63 16
80 103
195 10
135 7
6 13
113 149
130 1
66 125
63 88
155 186
173 3
151 19
190 19
27 5
99 9
27 70
30 192
51 72
68 4
23 49
96 163
155 10
180 193
137 187
78 97
83 164
31 6
26 33
134 10
84 197
110 7
63 18
92 6
35 11
179 11
120 4
161 7
94 7
54 1
55 87
185 1
41 101
47 2
103 13
144 182
25 157
66 11
26 30
103 15
92 176
81 181
61 71
143 175
38 120
155 1
112 195
99 12
123 181
117 184
75 174
198 10
3 5
25 80
79 83
2 10
78 165
135 177
135 5
198 12
123 126
129 17
13 19
70 105
116 1
134 142
156 179
69 72
82 7
68 13
38 147
127 10
55 1
61 101
79 187
99 1
52 97
23 95
98 1
76 19
72 3
36 120
65 0
91 123
20 12
172 173
26 142
55 107
78 172
97 146
147 12
37 12
29 153
149 3
28 143
140 199
131 168
90 92
147 16
142 2
116 2
136 162
65 129
67 195
112 179
113 196
72 18
29 15
152 154
153 179
29 125
183 194
27 84
159 3
164 19
102 2
158 10
47 69
166 10
25 149
24 6
113 12
95 6
22 186
5 13
125 19
71 133
172 183
163 10
70 16
78 1
156 13
118 159
4 5
176 19
77 137
42 162
43 157
6 11
156 4
29 17
75 109
32 55
30 2
52 165
76 15
67 142
139 3
104 0
115 1
37 147
35 126
48 56
78 103
180 199
168 191
126 6
20 72
157 18
179 14
47 92
52 161
35 123
95 174
56 106
141 142
35 5
69 128
60 158
77 8
100 3
89 141
145 196
74 98
136 10
56 168
171 15
76 100
52 11
35 15
55 198
133 8
35 154
127 136
55 156
102 5
60 19
104 163
186 192
31 89
20 7
150 8
49 2
51 144
152 5
144 175
120 3
172 10
199 19
14 19
151 10
92 12
146 7
198 17
36 149
36 68
49 174
186 3
81 156
138 7
119 2
22 89
113 128
4 12
54 127
45 10
52 163
49 4
122 137
29 93
80 12
30 114
7 15
68 198
44 3
99 15
92 8
69 5
42 98
31 133
190 10
79 104
82 12
182 9
40 3
30 146
40 98
39 157
52 99
49 133
74 10
52 70
76 6
11 13
73 111
153 15
72 9
98 173
36 160
51 168
64 7
53 18
134 2
38 112
183 13
121 195
128 15
108 146
73 14
81 7
75 125
116 198
185 195
158 12
159 19
64 176
68 135
98 129
43 155
133 193
60 6
87 2
24 65
193 5
69 159
153 13
20 173
45 85
28 167
47 62
164 9
73 77
94 183
26 71
30 6
122 159
82 87
4 16
34 139
188 4
63 17
51 195
32 171
30 0
25 130
121 14
3 6
52 15
158 7
21 177
84 85
126 1
110 115
137 9
125 13
55 18
34 15
22 44
95 16
125 155
136 7
127 13
109 119
20 60
160 1
127 135
92 189
139 10
43 96
154 13
51 80
35 0
62 199
137 138
187 8
89 91
4 18
143 199
115 10
104 145
142 188
118 12
76 12
57 16
59 129
132 152
59 177
138 13
58 66
76 129
69 13
84 5
25 17
58 120
97 119
102 127
191 9
88 7
177 3
37 84
132 168
42 97
112 17
83 139
72 5
83 121
174 18
42 135
29 189
70 170
117 6
161 18
147 4
93 0
30 89
40 120
28 88
112 196
191 10
60 12
68 8
122 142
33 159
110 3
110 132
52 117
82 178
46 89
46 94
174 7
23 16
128 3
75 143
40 8
20 15
50 2
32 51
169 14
107 114
110 141
96 176
23 190
163 179
179 13
73 9
113 15
124 6
150 5
2 13
134 178
156 16
70 8
4 15
24 61
48 179
146 2
134 16
110 136
69 99
9 16
159 198
118 14
60 14
52 183
127 8
116 7
100 10
118 7
142 12
30 191
88 91
129 18
140 0
173 189
199 0
171 12
179 4
71 14
70 1
64 160
66 12
185 11
84 192
188 6
38 15
30 10
194 198
61 97
111 13
61 15
140 19
49 196
78 169
44 183
7 19
115 9
141 13
96 196
136 172
53 106
137 6
63 157
155 194
14 18
171 4
29 141
65 12
101 12
81 124
177 18
22 134
75 168
104 9
50 123
141 11
39 9
73 142
163 18
47 1
38 132
157 4
54 9
41 127
24 63
58 171
30 165
70 4
59 69
143 16
129 3
188 13
62 144
95 192
91 9
29 10
148 19
117 172
57 112
141 155
167 10
62 3
53 12
69 186
48 86
31 15
149 162
97 149
30 7
34 74
163 172
32 9
184 12
129 13
152 165
110 168
84 105
128 0
39 97
2 16
85 14
68 16
38 80
33 18
127 18
141 198
178 15
123 131
85 6
31 166
47 17
177 12
99 19
188 1
29 190
106 6
43 156
52 94
155 11
50 99
187 12
144 2
163 12
189 16
36 1
81 197
96 145
40 191
199 6
52 16
174 9
96 14
175 16
124 11
39 56
142 7
79 0
135 151
53 4
133 15
101 11
106 123
181 4
49 18
88 5
142 178
38 131
152 177
2 8
170 182
103 10
175 1
104 6
100 104
114 19
25 9
46 60
166 9
66 76
195 16
40 148
151 14
174 194
36 6
64 73
72 8
1 8
109 117
85 152
22 190
182 15
173 181
192 5
89 8
51 153
111 4
66 124
181 18
68 100
119 13
80 19
96 154
39 1
114 128
42 172
95 137
161 5
167 3
26 10
57 4
100 115
29 86
107 11
153 4
39 186
199 10
146 174
187 7
71 142
86 14
153 1
131 155
29 6
134 156
24 144
100 1
128 188
172 16
90 116
148 8
40 15
43 57
57 6
165 7
28 160
103 106
56 3
53 10
40 134
31 96
80 178
20 49
25 5
21 45
110 11
101 16
28 192
78 17
78 2
64 163
134 11
85 127
1 9
145 195
93 179
116 12
15 18
58 15
57 1
171 8
31 56
112 193
111 8
0 1
21 110
93 9
91 157
103 16
102 133
26 140
104 160
164 10
117 126
109 8
60 150
49 64
43 158
84 88
53 1
100 111
20 136
7 12
46 14
143 186
100 125
96 15
131 2
27 18
61 196
69 0
23 98
61 172
136 163
42 53
42 6
2 12
10 13
151 16
156 176
68 150
134 182
63 93
11 18
99 6
170 9
81 91
46 159
30 113
27 64
107 13
146 152
197 4
41 58
104 173
101 153
48 7
32 1
43 167
159 15
181 186
71 128
163 164
157 14
119 138
130 12
164 188
137 3
112 152
182 16
54 122
122 12
128 5
115 12
16 18
35 132
51 10
64 89
122 11
94 168
44 4
71 148
56 12
44 153
153 10
139 14
49 150
132 163
47 95
37 95
61 167
31 16
121 190
151 192
63 141
92 190
74 129
32 35
81 10
44 101
161 14
15 16
183 4
106 16
23 14
38 13
33 104
119 187
48 0
196 3
173 17
3 8
133 194
48 129
117 139
20 105
26 13
141 179
35 105
22 15
44 165
104 18
72 130
90 158
172 194
180 2
182 0
139 0
194 18
57 10
33 93
54 12
17 18
116 6
31 172
158 160
30 145
165 177
105 4
62 18
30 11
70 130
193 197
47 16
58 3
170 16
33 128
36 76
66 181
34 122
78 14
49 101
154 5
148 3
86 19
87 154
152 196
77 123
162 199
91 15
67 8
188 18
29 42
143 9
34 152
65 8
81 144
4 19
68 98
121 2
131 14
159 2
192 16
94 8
42 14
138 11
118 195
39 183
58 13
122 189
60 139
42 12
54 188
102 145
40 4
53 172
150 19
3 18
185 13
160 2
158 2
92 13
150 4
22 191
106 168
184 13
51 150
171 6
142 14
148 6
39 192
58 124
48 59
71 186
2 18
24 44
118 182
24 5
50 155
48 93
66 14
62 64
138 157
149 199
25 91
177 7
57 123
42 62
52 93
121 12
91 113
77 121
66 152
167 15
104 170
112 0
121 154
3 17
178 2
56 119
45 17
108 156
90 130
49 132
183 188
159 170
65 137
3 7
177 8
160 196
48 114
123 18
148 2
67 15
134 17
137 177
112 16
45 104
41 76
32 176
27 151
82 114
53 173
73 122
78 186
126 185
96 192
71 100
42 7
22 2
97 180
188 15
64 134
160 6
84 16
105 14
170 171
189 0
26 7
90 191
46 187
150 10
33 11
27 62
144 10
32 82
136 192
118 1
152 4
97 14
11 17
130 19
61 94
98 19
192 3
26 4
130 142
46 16
98 145
20 2
68 191
100 164
181 15
173 8
111 2
110 125
22 7
146 185
53 159
43 46
68 182
191 18
121 142
38 9
50 10
71 7
168 2
49 159
176 195
67 110
113 187
198 0
2 7
125 144
134 9
47 12
31 7
173 13
112 170
38 18
76 16
85 87
26 17
96 9
44 86
88 6
38 89
7 14
153 8
79 133
8 18
42 81
71 130
91 139
5 8
50 83
104 187
68 9
126 159
41 104
115 169
196 8
63 7
63 1
93 16
153 162
115 177
3 4
53 0
2 6
25 12
94 144
57 75
163 11
165 16
137 11
153 16
143 163
5 11
22 14
54 17
21 117
93 18
113 9
38 111
74 18
145 150
123 132
23 44
120 2
115 13
24 173
23 73
62 98
147 197
27 87
118 183
171 10
26 162
84 160
118 4
46 161
106 9
96 175
46 141
74 184
107 5
23 131
101 108
69 110
80 150
0 12
33 127
85 12
91 154
83 86
125 154
36 19
27 32
155 8
117 118
112 155
129 4
106 110
121 13
24 185
116 3
24 56
36 12
112 9
81 0
9 17
148 1
133 185
94 181
119 8
188 199
57 94
51 148
104 139
33 45
148 7
140 5
34 107
165 3
50 77
32 110
31 160
143 0
91 182
37 135
4 17
139 9
152 2
52 192
108 152
121 3
166 17
49 184
125 2
53 70
143 195
96 13
72 121
101 150
88 90
43 85
69 16
32 41
86 9
122 3
176 11
58 82
54 18
91 141
198 3
44 10
62 73
73 13
47 164
46 96
104 197
35 57
73 160
188 9
179 0
43 6
23 142
39 19
43 5
30 1
48 3
69 1
28 69
127 188
95 144
102 174
105 134
95 159
143 179
63 67
147 11
89 172
79 17
51 119
135 2
82 164
32 89
37 96
142 170
84 7
64 93
36 60
133 11
104 156
56 11
148 188
64 126
121 122
32 69
85 8
89 94
52 130
51 2
109 9
157 16
105 12
182 2
48 15
118 9
42 164
177 13
94 10
38 144
53 135
87 119
106 4
43 160
46 67
173 0
25 61
21 181
120 7
196 19
111 12
54 119
66 9
95 99
46 83
81 171
171 18
1 10
49 76
88 19
40 106
140 10
76 14
81 134
128 144
121 18
10 18
88 127
98 3
127 15
74 192
108 118
1 11
79 157
63 0
139 2
53 170
122 19
144 150
62 106
167 7
35 9
22 18
25 26
124 198
119 199
73 11
131 9
97 16
142 19
107 122
69 7
4 7
49 1
71 8
21 7
62 179
105 159
139 146
166 6
66 2
195 15
82 5
134 136
168 13
66 138
8 9
126 12
98 13
187 19
176 0
54 68
49 7
44 2
34 9
2 19
27 98
67 12
83 10
119 16
121 5
150 159
30 39
147 186
43 12
133 7
32 197
175 17
69 6
35 7
21 159
103 6
30 14
71 126
68 108
64 14
69 12
54 5
102 160
134 6
29 121
22 99
93 177
22 49
146 184
77 14
118 10
83 13
109 15
45 164
79 114
157 8
141 189
75 86
183 3
98 186
62 190
48 134
20 141
35 1
47 48
59 121
110 165
172 5
116 15
156 1
79 84
56 0
53 91
25 105
130 189
164 2
49 138
57 78
46 142
35 80
124 19
92 0
62 116
99 133
157 175
88 13
155 170
24 10
112 14
193 194
106 0
26 11
58 198
8 17
144 16
146 148
61 5
93 3
178 179
167 14
177 1
157 180
197 9
97 162
189 18
0 18
159 18
195 5
51 109
51 17
44 105
42 174
124 143
121 172
147 195
6 9
26 102
164 1
129 198
102 10
39 150
31 175
90 115
186 6
36 18
15 19
116 4
161 181
73 6
82 6
115 16
116 170
170 19
167 12
41 140
3 13
93 186
33 39
60 120
5 12
144 0
64 144
34 140
192 10
35 19
44 17
170 15
6 14
107 179
33 173
11 14
82 13
147 15
152 1
129 136
30 135
90 0
98 158
76 13
42 19
150 153
54 16
199 2
68 142
57 81
172 14
58 173
93 194
84 112
102 4
188 7
63 11
105 3
93 125
7 17
79 193
73 148
187 194
96 111
99 14
44 163
51 4
86 0
127 171
22 183
30 3
50 89
181 183
99 147
139 17
143 3
167 13
130 172
169 5
162 181
104 8
23 11
32 19
28 17
72 6
78 12
75 180
77 12
115 17
131 138
162 5
22 66
87 8
64 19
170 12
136 6
21 140
4 14
148 181
57 102
145 3
167 11
38 114
150 12
157 181
140 8
64 17
28 66
21 104
109 5
93 158
4 9
185 12
48 6
175 19
27 10
8 10
95 4
139 4
106 132
88 95
140 12
124 170
86 148
44 16
127 7
178 5
63 180
55 89
135 3
168 0
21 2
47 75
119 145
191 4
111 16
185 191
122 5
114 183
139 5
64 2
74 12
154 167
112 12
134 12
84 4
93 195
52 0
92 193
153 184
109 151
96 119
186 199
7 9
60 148
197 14
65 133
156 17
43 17
168 197
186 4
94 145
110 172
28 157
64 174
31 5
70 2
181 10
40 67
28 57
58 122
47 4
150 0
4 10
113 173
157 176
182 183
61 8
145 15
93 14
72 119
118 18
175 181
0 11
171 1
7 11
39 177
39 5
188 14
20 71
77 88
84 109
65 115
110 188
42 5
70 84
36 53
39 181
56 5
161 1
87 153
167 196
49 19
32 16
142 1
143 19
159 180
34 199
44 82
27 12
57 157
30 9
134 19
12 19
167 189
167 5
26 187
69 71
60 0
13 16
130 17
94 2
193 11
90 125
37 113
96 139
51 15
73 17
52 5
119 135
131 12
64 180
45 9
141 8
71 6
141 19
85 18
152 15
84 11
48 121
137 12
56 4
181 5
86 17
149 12
70 190
80 170
109 159
115 19
105 171
72 111
128 11
114 168
189 17
39 0
62 142
74 155
70 178
21 41
40 177
32 147
33 9
90 1
0 6
146 12
36 9
178 16
38 100
12 17
133 9
142 17
101 4
65 13
87 11
55 14
25 102
55 115
65 10
102 0
91 10
58 174
157 11
166 14
67 4
49 92
45 109
8 14
29 94
104 7
112 7
55 86
192 0
165 196
164 14
141 0
81 113
101 102
78 19
45 14
20 83
181 7
41 121
162 168
41 151
22 38
99 0
187 197
143 10
31 168
92 7
29 139
1 18
63 10
170 17
5 10
33 177
26 53
22 83
79 89
130 2
51 18
1 4
103 0
186 17
32 56
74 1
24 175
35 103
92 127
141 12
140 6
67 13
146 197
72 19
76 10
101 118
6 12
37 16
7 13
84 14
116 10
172 6
46 56
51 8
178 13
145 18
65 4
149 157
42 45
44 50
100 6
107 1
33 10
158 3
95 7
24 106
181 12
47 135
181 14
23 81
113 7
64 162
66 115
129 6
145 2
170 7
88 153
119 155
181 8
97 133
45 170
0 9
76 184
122 9
152 3
57 190
54 80
10 19
90 5
122 17
127 177
36 98
101 166
36 82
69 14
124 10
159 178
57 14
80 96
50 9
55 4
64 13
116 19
117 155
45 149
91 132
171 2
52 149
83 3
108 14
1 16
51 193
49 5
5 6
20 178
103 14
75 192
167 19
74 5
42 0
190 1
100 177
104 15
130 14
32 5
140 165
62 131
21 118
155 12
26 163
20 135
48 169
21 66
2 14
172 2
35 13
112 1
5 15
131 0
59 11
167 6
106 170
50 15
75 4
117 181
96 3
48 104
49 67
107 173
103 12
36 70
27 197
25 173
110 194
9 10
76 169
46 197
85 145
101 17
118 197
97 3
80 9
154 19
54 96
27 109
161 16
79 131
106 10
22 111
43 95
141 172
85 10
102 111
79 15
53 19
73 12
165 180
127 168
77 9
75 144
86 111
32 151
25 109
125 178
123 17
186 2
38 94
66 4
197 3
137 7
52 194
22 147
36 91
41 83
88 130
183 5
193 17
68 186
26 14
54 110
130 168
76 160
45 154
74 131
56 9
46 101
93 15
135 169
16 17
79 121
29 65
36 127
119 3
116 0
4 6
94 142
23 6
154 6
45 15
25 32
16 19
94 0
101 13
42 102
56 115
66 195
111 18
70 77
29 59
85 136
30 19
29 199
39 10
151 8
86 190
195 11
40 89
2 9
134 184
6 15
145 12
154 17
168 176
41 163
34 132
131 154
26 94
86 3
110 146
21 92
90 12
118 188
40 45
26 116
24 32
69 147
80 99
179 9
103 9
61 10
45 7
159 17
28 15
165 175
74 81
43 180
44 73
176 13
81 1
40 195
165 6
161 19
123 125
85 3
42 183
167 181
68 72
112 145
39 195
158 16
117 4
106 15
86 18
110 15
155 13
41 175
26 88
28 12
70 148
152 17
152 167
48 2
87 149
27 119
167 0
72 94
137 147
82 9
185 2
22 142
133 19
124 3
66 142
47 139
62 77
110 118
168 182
116 184
98 100
172 19
105 0
23 17
128 183
123 7
34 177
59 175
106 167
66 19
20 81
85 16
64 190
131 4
29 32
91 11
100 8
148 199
190 17
67 11
77 195
193 15
83 14
46 50
