119 4
70 108
28 96
21 66
26 38
93 7
39 4
162 16
39 2
129 174
136 190
106 16
99 10
36 17
97 139
29 81
2 10
174 17
87 154
81 130
50 174
80 189
87 6
148 16
128 14
161 180
57 161
173 16
124 7
195 7
191 11
129 139
21 13
188 15
123 8
44 3
57 76
59 122
176 1
154 197
93 132
168 195
69 166
97 107
80 0
94 104
40 11
103 0
120 5
81 102
110 178
53 4
153 192
32 12
28 176
35 40
119 193
3 14
118 19
126 18
106 3
41 80
34 194
107 172
29 68
38 48
145 15
159 181
81 152
139 4
42 151
126 17
71 0
184 7
157 167
81 16
83 134
79 7
161 7
182 186
34 9
36 174
193 15
4 6
68 73
48 164
45 12
141 14
68 110
47 12
139 8
135 14
192 15
140 8
48 65
118 17
51 92
97 10
3 9
39 46
132 134
174 14
43 72
69 139
32 0
131 186
38 161
163 187
176 12
103 128
75 10
82 121
47 0
54 189
136 9
158 5
56 9
68 6
133 19
138 14
192 16
82 4
187 17
66 199
149 186
72 8
26 74
28 6
24 161
92 137
65 7
46 130
52 6
96 19
41 143
106 132
154 170
85 110
92 115
149 165
60 6
111 17
46 148
63 165
30 16
46 72
63 81
81 7
191 6
157 4
118 15
138 1
101 156
31 146
90 177
41 6
23 196
38 7
23 115
46 17
113 0
114 7
69 16
134 17
32 147
37 12
72 15
161 0
150 182
187 3
44 6
166 13
106 149
124 10
37 18
48 115
154 17
186 8
80 15
193 1
198 2
53 118
53 8
104 12
24 129
39 193
76 167
97 13
74 3
168 169
26 56
106 19
161 15
141 8
145 18
45 199
89 13
55 65
21 1
27 8
104 10
84 97
27 28
44 18
97 108
125 3
131 3
180 1
21 153
199 18
165 1
125 15
81 184
38 176
26 87
140 17
49 175
140 143
122 149
170 10
36 177
83 169
48 99
28 17
183 2
62 11
135 159
85 4
6 8
37 80
144 9
119 9
184 2
98 4
85 176
69 110
179 187
193 3
52 114
52 182
70 2
32 71
143 14
108 9
60 76
36 18
167 190
168 3
24 33
40 143
126 10
182 15
58 171
106 11
103 142
157 0
62 191
31 5
30 57
177 194
88 15
100 198
136 142
97 2
83 2
21 112
36 15
48 154
4 10
78 6
143 1
92 111
81 10
134 13
40 19
82 19
127 0
77 0
107 16
58 187
47 15
175 15
41 78
38 2
51 151
49 182
71 16
184 4
21 165
165 19
0 10
25 94
42 187
85 2
166 15
185 0
3 15
72 1
26 90
134 199
76 0
76 154
160 1
31 179
126 4
74 17
181 7
20 6
177 198
186 6
4 19
46 8
42 116
190 8
42 76
37 180
148 9
30 127
113 10
21 173
133 9
87 116
37 57
82 190
83 12
87 1
115 158
82 174
84 111
95 16
51 119
178 189
54 15
101 153
78 9
91 176
26 14
145 12
78 190
132 11
64 12
198 1
95 9
149 8
76 8
140 7
149 2
84 177
134 3
129 5
37 1
42 120
73 8
52 11
23 64
118 161
20 108
53 89
118 1
38 70
3 8
120 14
112 173
74 105
71 10
23 11
155 6
101 6
45 7
32 3
57 176
69 80
134 135
169 174
71 134
100 180
102 4
23 62
24 193
56 67
89 5
8 12
73 18
42 175
49 173
109 15
193 6
52 8
77 102
24 171
56 193
189 195
66 2
147 198
26 85
149 162
73 177
144 17
107 9
198 15
115 125
50 54
60 134
36 14
142 8
91 16
162 3
175 18
163 190
193 10
138 12
46 4
79 176
32 50
57 169
51 142
181 14
29 45
197 10
103 118
169 15
102 149
81 8
49 123
133 0
37 161
45 70
48 188
191 0
109 11
157 3
138 10
43 196
61 177
74 112
26 188
110 185
135 171
119 13
52 70
28 94
24 10
160 5
150 0
22 80
138 2
105 8
39 17
128 17
63 185
54 79
29 189
132 178
101 141
72 153
43 169
117 16
192 3
137 7
99 132
14 16
66 132
74 9
83 193
160 188
179 4
174 18
151 1
134 14
39 59
96 10
42 83
124 13
81 99
89 123
111 132
110 19
96 146
49 13
34 16
96 113
69 104
29 9
76 136
123 5
106 152
145 180
114 3
113 149
191 2
29 57
21 166
44 172
58 110
164 5
75 149
64 187
116 9
58 184
1 13
133 17
20 32
10 14
50 65
66 148
53 153
42 78
69 170
179 183
7 16
9 12
86 89
170 199
32 182
87 13
108 141
51 162
107 13
54 84
76 164
32 15
7 12
47 145
110 15
162 175
2 15
59 82
4 8
59 130
33 59
2 14
135 0
137 5
25 2
9 19
74 104
35 148
57 128
57 192
6 16
137 15
28 170
121 4
121 5
65 13
91 3
76 7
104 5
140 165
54 192
42 119
146 0
49 11
136 154
80 101
76 190
53 66
92 3
66 1
45 175
20 5
128 2
82 137
29 12
164 11
124 141
87 10
86 177
116 5
190 10
123 175
136 172
11 15
141 2
112 182
54 124
43 129
20 189
166 8
115 169
57 19
88 104
31 192
28 169
15 18
84 186
101 8
68 4
76 156
6 10
41 181
101 0
57 136
137 154
179 19
94 9
39 94
72 2
163 172
94 8
66 95
142 3
156 11
143 18
43 13
124 168
164 3
33 0
41 7
134 183
50 187
55 2
126 187
1 11
67 86
6 9
166 173
61 1
96 7
53 102
192 17
65 164
26 5
155 13
162 174
86 134
137 174
142 192
70 168
119 186
153 5
126 154
94 107
3 17
21 148
195 4
77 155
77 1
166 3
28 50
67 12
28 5
59 14
131 158
52 5
7 19
53 6
167 2
111 15
60 15
130 185
5 6
163 179
174 19
72 84
71 149
27 0
28 57
38 100
87 12
65 148
40 48
133 8
24 7
174 176
87 139
153 15
197 15
49 108
71 12
94 11
43 6
163 178
147 1
138 194
56 121
160 161
113 11
58 7
38 117
83 187
175 13
101 128
116 137
152 165
108 130
153 17
23 16
49 5
114 0
0 4
185 7
103 11
68 10
29 14
118 132
170 1
162 5
1 12
136 15
57 139
80 180
94 179
116 2
179 18
66 105
129 3
159 166
109 14
107 197
41 11
98 134
27 38
172 6
48 8
54 3
67 11
127 16
22 10
1 19
113 19
50 1
64 157
164 10
52 115
124 150
194 5
22 1
67 118
196 19
160 14
71 81
51 97
182 0
9 15
117 11
34 12
43 57
65 0
71 164
67 153
170 18
142 161
151 189
78 132
82 117
130 199
57 67
65 178
180 6
106 172
34 10
144 195
69 19
27 14
21 41
59 77
117 8
185 188
46 50
39 168
112 8
38 182
5 8
107 150
177 15
65 4
126 13
71 19
39 67
94 13
36 10
124 127
101 13
63 7
107 3
34 157
97 106
84 13
2 4
86 143
123 143
96 5
98 3
135 195
70 94
62 3
53 19
97 135
35 47
63 5
31 118
55 5
112 15
9 10
55 6
108 14
153 177
123 151
155 0
93 158
91 116
46 18
55 181
120 182
150 3
155 11
34 54
34 81
59 174
62 9
170 2
67 14
164 191
45 164
34 95
69 18
57 122
76 125
119 19
45 132
136 173
98 147
25 19
75 17
179 6
61 180
182 18
139 16
154 16
91 108
74 78
76 18
45 49
185 12
159 0
36 100
140 16
22 85
114 4
42 18
120 17
189 6
121 156
153 1
92 19
90 155
145 4
93 1
134 161
109 169
178 192
21 6
35 2
132 10
31 155
62 94
194 1
121 155
98 0
30 4
146 149
2 19
90 11
56 72
10 18
115 12
77 10
195 1
140 188
62 138
30 135
132 157
61 190
198 7
60 16
95 122
177 16
94 12
159 196
85 18
133 16
22 130
153 194
122 190
166 0
67 170
69 185
31 153
56 152
3 10
154 10
55 8
155 180
84 191
51 75
146 15
173 182
133 151
89 6
102 13
101 108
8 13
127 18
78 88
74 1
31 100
93 139
78 10
76 82
108 13
140 142
171 179
6 13
84 162
42 74
197 11
155 19
86 9
87 104
186 11
61 161
106 5
100 4
29 5
125 1
55 68
14 15
89 15
195 15
128 143
160 187
3 4
20 3
157 176
162 2
110 166
85 11
69 169
127 3
53 84
181 184
79 87
57 188
59 90
115 7
142 1
37 162
35 19
71 177
145 1
66 109
138 18
154 5
53 132
197 18
50 6
38 71
167 177
98 19
120 11
35 64
0 3
137 14
49 165
49 134
148 152
31 181
104 106
132 1
125 0
61 18
59 15
191 13
8 17
59 11
0 12
46 129
155 9
169 1
29 1
24 170
36 6
152 17
83 88
126 2
49 80
148 179
23 68
130 159
72 99
40 87
140 195
194 2
65 2
110 181
63 130
129 186
148 190
149 190
189 4
179 16
120 8
128 6
126 14
128 0
128 185
66 177
184 19
29 135
46 88
62 131
135 17
43 133
51 111
173 6
90 0
132 9
6 14
30 180
52 174
57 13
95 154
136 4
104 1
81 168
88 113
116 19
73 178
115 9
65 146
139 18
76 172
180 9
57 177
36 4
111 9
125 7
50 4
78 13
56 8
69 121
75 88
49 15
54 76
111 176
34 15
33 199
190 9
191 7
49 144
137 17
24 6
64 16
175 9
27 10
68 147
58 122
121 19
33 163
31 9
170 7
172 3
38 15
97 113
25 37
30 7
168 4
55 11
46 194
111 122
20 69
186 4
196 18
136 144
115 17
58 141
120 4
85 13
63 6
101 9
34 138
146 160
177 193
33 12
100 181
35 144
136 147
72 156
119 160
118 179
9 14
90 12
50 86
176 11
190 13
93 14
21 185
95 179
171 8
107 15
115 8
66 77
170 14
71 6
65 125
142 19
2 12
156 13
77 144
150 15
55 7
31 95
148 11
179 14
117 19
146 175
85 199
3 16
17 18
72 90
173 17
175 0
115 186
79 2
109 16
20 18
62 91
24 198
178 18
144 191
167 18
69 129
193 17
25 126
131 177
125 2
50 158
167 3
75 125
9 13
1 9
98 150
74 12
102 181
117 10
4 12
115 16
69 135
31 143
97 149
38 5
135 15
102 17
84 6
52 66
96 198
140 10
101 3
99 13
182 13
23 71
44 107
91 139
40 169
78 117
44 129
197 1
97 160
113 135
49 10
43 44
52 147
1 10
169 3
119 2
62 107
129 15
8 11
25 14
109 137
66 112
143 13
24 57
91 188
21 16
24 73
160 13
109 13
75 18
53 193
34 5
82 131
117 6
102 163
167 178
73 142
143 4
75 103
129 166
103 174
36 73
66 117
97 154
131 13
153 179
119 166
150 13
110 1
69 15
117 15
44 148
5 11
106 156
88 4
133 11
184 16
41 45
20 34
34 98
25 10
135 151
196 6
140 168
154 199
69 131
23 1
82 102
78 110
176 17
98 12
33 7
60 8
77 89
150 9
142 154
186 0
72 13
118 14
112 167
129 183
26 111
114 9
190 193
60 172
44 112
70 12
96 149
168 6
102 119
68 95
135 11
77 14
106 165
51 88
25 38
63 113
59 0
163 189
80 138
143 169
99 9
105 14
42 192
145 6
195 8
138 15
76 147
93 8
88 11
88 17
44 82
44 1
141 171
156 1
147 186
109 18
194 9
138 183
158 19
86 0
54 126
134 18
50 5
101 4
165 16
168 13
176 9
183 194
83 114
24 182
65 18
40 5
83 156
123 18
115 176
24 17
96 8
29 40
151 199
76 129
115 193
193 9
28 19
80 3
124 140
159 4
123 15
158 11
150 154
54 73
154 0
79 5
194 0
60 19
33 49
26 2
89 132
82 129
55 178
134 197
36 115
87 177
168 172
177 3
166 196
4 9
109 153
134 9
116 18
88 146
43 18
62 10
71 128
48 118
118 195
104 180
190 0
102 125
74 107
130 17
31 12
124 12
97 140
79 146
178 7
116 154
65 128
89 19
46 183
78 1
131 161
91 10
199 6
95 18
119 10
82 14
153 2
164 4
52 133
71 143
174 7
3 13
85 142
49 137
84 171
120 174
106 6
29 161
81 166
61 166
122 9
162 188
13 19
185 11
39 103
35 6
42 13
168 10
78 179
93 3
44 86
32 169
62 81
63 138
66 183
142 148
29 150
14 17
56 124
80 5
72 129
80 9
64 2
52 10
35 82
70 191
172 4
172 13
23 189
144 148
48 107
150 7
48 86
126 153
25 69
147 16
23 118
152 156
52 13
145 0
27 128
164 9
67 85
27 5
104 0
132 195
175 14
101 191
63 4
83 103
39 5
60 11
37 91
32 4
91 149
122 4
170 3
78 17
104 15
116 15
45 63
112 3
53 184
178 193
34 112
43 135
93 116
156 4
51 179
23 30
55 118
79 109
58 2
112 9
190 12
137 168
33 3
144 19
42 3
44 169
147 0
90 149
72 125
130 11
169 188
73 92
176 6
77 171
164 12
183 17
83 108
56 115
83 142
37 41
40 111
72 193
64 153
114 162
64 164
40 1
74 13
75 86
89 175
3 11
65 189
46 106
58 175
3 5
68 159
126 149
77 3
114 17
148 17
83 131
104 14
76 2
61 140
33 74
126 140
73 99
184 5
3 18
167 15
181 13
188 9
145 5
44 190
133 13
148 191
190 14
129 9
33 192
123 3
95 4
96 186
27 7
47 13
36 9
20 164
154 11
10 16
113 176
175 12
141 12
64 19
12 16
161 16
48 3
92 155
136 153
134 149
51 99
85 7
21 104
74 8
186 1
167 12
30 174
95 11
58 152
31 172
119 177
119 180
27 151
87 101
66 179
54 86
148 180
128 12
74 177
144 159
44 5
51 4
35 10
165 6
46 122
69 7
99 15
7 8
66 5
120 16
5 12
21 19
103 138
141 19
110 11
124 14
155 4
11 17
127 10
77 162
131 15
112 7
160 191
27 175
143 16
62 15
51 113
38 165
82 12
38 19
187 4
133 14
85 118
173 9
22 148
75 184
37 39
56 122
32 138
194 6
122 0
39 0
169 13
105 10
16 17
71 8
171 15
103 1
80 18
43 180
179 17
183 198
32 59
31 33
116 136
76 157
29 70
69 136
27 29
79 93
146 197
112 0
104 18
45 82
76 16
101 10
80 127
131 11
30 13
162 14
94 196
26 62
153 7
174 10
58 136
124 153
119 130
78 134
129 8
98 1
79 1
52 12
1 4
149 10
152 3
81 82
33 177
158 1
116 171
118 138
124 9
87 9
177 195
133 160
4 17
103 188
38 4
137 181
84 107
187 16
79 143
109 3
49 71
184 8
155 16
140 11
199 9
128 10
43 141
192 4
93 13
145 197
97 19
55 16
103 191
195 9
82 169
48 114
5 9
88 7
153 170
35 153
11 13
165 7
182 6
143 0
181 5
53 70
163 197
194 13
66 122
41 4
8 16
81 6
83 159
135 10
52 14
168 177
83 157
22 102
30 2
73 6
21 17
130 4
50 131
137 177
90 182
173 19
186 10
78 148
41 3
31 125
67 10
182 7
105 108
148 184
57 89
144 3
56 85
70 182
136 16
116 0
99 5
41 16
18 19
8 14
124 6
72 175
109 181
178 1
187 5
22 19
86 15
147 2
123 1
6 17
163 5
81 109
71 127
168 1
96 139
113 12
9 16
59 96
136 10
177 13
148 162
105 6
87 19
147 6
90 9
84 18
150 195
52 15
119 6
72 89
63 147
31 8
133 196
24 19
71 99
120 144
117 14
5 13
136 168
124 143
35 83
37 60
40 54
149 6
139 197
31 131
24 72
24 147
73 154
101 1
126 19
30 3
53 7
37 0
169 2
154 180
68 87
165 18
156 191
194 17
175 180
129 188
177 11
123 129
60 9
99 0
65 135
12 19
101 18
146 156
129 197
30 40
42 16
79 160
95 107
140 145
180 11
120 129
3 6
71 3
20 49
182 16
133 166
96 0
25 11
135 190
85 19
107 166
102 121
47 153
158 18
29 119
163 7
74 190
78 172
52 68
88 112
77 178
38 136
25 9
127 192
51 2
136 139
98 192
72 7
162 0
114 188
107 0
26 94
138 17
186 3
107 191
90 121
111 18
26 72
51 172
59 79
127 164
1 6
56 14
168 17
114 164
42 183
108 193
54 8
162 191
152 14
58 158
189 12
89 4
78 163
0 2
4 15
131 1
21 164
92 2
129 138
20 13
68 101
68 143
73 79
64 80
153 168
136 187
145 7
62 18
119 157
110 177
39 159
70 198
39 156
185 16
157 6
110 0
67 150
16 18
109 147
116 143
125 4
83 8
132 147
71 126
99 126
165 3
65 78
63 3
133 6
34 55
55 15
48 159
179 7
29 103
34 181
92 12
147 8
56 164
7 17
124 134
39 84
125 138
113 168
56 0
29 16
90 197
159 160
144 11
139 187
107 12
43 7
116 12
3 7
89 138
31 152
165 5
93 134
63 90
64 17
35 17
132 184
125 174
31 6
162 11
104 168
68 108
154 19
29 51
67 7
37 129
64 6
161 4
125 17
106 175
189 1
51 101
110 3
44 96
44 92
92 16
67 134
0 14
196 10
164 13
198 18
28 144
124 146
132 8
66 10
98 165
40 105
198 9
11 18
44 48
68 90
62 159
66 13
130 16
61 5
27 1
120 149
138 186
8 15
143 6
35 138
192 10
134 11
68 85
85 141
48 64
108 133
93 199
138 4
50 13
96 111
191 15
129 157
168 11
54 186
76 153
85 184
108 188
65 186
44 11
110 16
98 9
48 2
149 19
20 159
12 14
97 101
162 7
37 75
106 13
25 76
179 13
179 15
91 170
51 66
49 3
32 16
100 116
22 134
184 6
59 3
28 10
81 149
55 63
35 18
77 113
73 188
6 12
140 4
131 9
157 192
7 13
64 68
139 180
120 191
110 10
148 199
101 117
83 5
124 1
125 12
38 193
47 16
148 0
126 189
24 157
43 5
161 192
175 1
71 13
45 135
179 184
0 6
107 8
20 132
67 68
5 14
151 153
62 164
80 10
39 140
111 125
148 6
76 19
32 13
100 136
34 7
181 11
2 6
52 175
5 10
80 196
130 190
113 190
95 6
101 178
129 194
111 16
82 17
48 18
57 5
150 161
106 162
164 6
131 4
121 132
25 71
25 60
103 199
150 17
140 1
56 183
109 120
55 1
29 157
31 135
141 5
53 0
68 160
110 188
4 11
108 168
23 84
21 126
136 158
95 150
54 19
152 166
22 16
131 2
144 12
134 156
147 17
26 29
100 129
68 174
48 14
71 184
143 9
124 167
29 115
43 176
132 154
172 12
165 2
43 173
1 8
124 15
45 94
158 0
84 9
52 85
6 7
28 13
41 49
47 57
55 10
85 98
101 17
129 177
34 88
107 11
159 175
45 8
119 7
146 2
76 118
144 188
152 12
162 194
178 9
50 78
49 129
1 2
142 11
94 185
42 11
24 187
89 169
68 18
43 53
181 186
128 135
129 1
22 5
35 14
0 18
134 10
4 16
61 8
170 17
123 156
71 17
42 133
58 0
73 4
143 149
83 198
77 106
59 60
118 142
149 175
109 122
154 12
91 12
74 199
20 4
41 96
87 18
88 177
31 4
172 9
140 149
28 177
41 10
100 7
92 153
73 17
67 188
10 13
109 184
40 17
187 18
133 167
48 1
178 4
147 3
50 10
172 1
70 92
1 14
70 7
144 10
9 11
129 14
10 12
24 82
24 12
131 5
53 121
109 5
191 3
60 187
30 187
176 8
85 108
170 4
23 134
79 11
123 174
165 12
182 2
132 151
151 17
128 19
148 194
126 0
31 18
179 191
72 114
25 17
36 2
99 165
108 131
11 19
84 142
47 80
28 101
85 9
103 14
37 2
69 8
50 84
20 59
49 2
140 150
132 12
78 102
67 17
32 5
117 134
35 162
137 179
103 19
128 138
121 9
107 10
115 6
30 179
70 13
72 14
159 14
149 15
90 1
61 184
148 5
177 17
115 156
23 19
131 153
162 197
0 17
183 14
35 174
78 0
92 138
144 2
53 1
65 197
107 2
8 9
165 199
54 137
105 106
103 192
118 13
115 19
49 6
112 17
169 6
52 77
61 182
72 176
152 175
59 139
98 10
111 4
21 95
198 13
87 137
88 1
141 3
147 181
98 194
76 17
95 119
197 12
199 13
156 174
88 12
32 17
46 149
2 7
29 69
115 3
96 158
64 159
117 188
139 13
94 1
103 190
42 5
7 15
72 172
33 150
0 15
104 16
76 91
50 109
46 145
155 183
134 194
45 3
90 3
41 17
139 169
31 93
31 160
57 125
138 16
37 61
179 182
39 185
52 104
50 0
83 19
43 137
52 1
42 115
178 17
22 15
106 12
26 92
122 166
59 117
156 18
11 12
32 183
199 7
180 17
41 156
69 180
183 7
34 132
131 19
197 9
152 6
66 15
86 162
50 11
79 199
51 63
39 163
149 14
69 5
187 11
192 19
40 135
110 14
157 5
180 4
134 153
164 8
60 74
90 115
51 14
32 47
149 3
23 74
47 2
136 8
198 16
62 7
188 19
98 197
94 127
63 8
77 11
86 131
9 17
94 150
63 10
41 47
54 9
25 134
168 191
25 154
88 9
107 5
51 15
26 66
46 94
48 108
107 17
57 1
35 8
185 18
68 1
150 186
111 3
100 15
148 1
52 122
43 161
49 116
26 11
21 124
27 68
25 1
57 159
152 19
139 19
187 6
117 2
138 19
10 15
74 0
17 19
87 111
68 71
98 164
82 3
149 5
71 121
97 159
172 187
99 11
62 12
122 3
69 13
2 5
108 17
66 99
92 6
51 164
33 57
34 103
100 6
56 15
171 18
134 145
175 185
63 74
54 7
50 171
129 176
51 89
2 11
144 15
2 3
83 4
106 8
3 19
81 145
191 12
164 19
195 5
40 3
94 167
80 11
189 13
158 16
40 162
87 11
22 77
135 4
159 172
175 10
152 186
150 5
177 0
68 137
154 4
44 140
199 16
108 3
132 19
99 12
103 161
43 0
165 194
169 183
154 8
106 15
186 7
158 15
156 184
117 180
76 158
115 141
123 13
6 19
199 5
154 168
139 153
91 160
37 53
65 5
90 14
32 186
118 136
146 3
10 11
60 2
53 2
91 103
44 132
135 174
195 2
162 1
65 180
94 114
159 17
103 177
156 2
28 9
78 12
46 0
102 10
150 19
108 0
59 7
84 179
103 13
93 124
21 98
24 105
79 97
83 118
93 9
57 85
4 18
172 8
118 10
39 41
34 59
133 4
28 168
160 0
8 18
161 6
64 144
90 130
136 5
48 50
88 185
132 187
186 17
79 112
109 1
103 176
66 7
111 117
113 13
53 158
65 17
60 91
60 65
38 157
162 10
76 6
26 18
175 3
41 77
80 6
70 73
105 9
75 104
138 13
67 117
47 61
102 132
37 174
13 14
94 7
25 68
43 17
82 103
91 5
121 189
134 1
15 16
128 18
97 153
27 13
46 6
90 8
71 9
70 3
51 6
64 100
167 170
104 6
131 6
70 18
61 132
89 17
169 4
49 113
51 146
80 128
50 179
114 12
95 19
119 147
92 119
102 12
35 12
186 16
95 182
62 2
108 114
58 64
106 142
98 7
55 103
84 124
28 190
28 30
181 0
33 11
168 9
63 2
64 171
28 90
27 110
29 194
57 140
166 195
92 159
61 125
64 82
10 19
58 14
149 180
21 0
65 124
62 19
77 181
0 19
44 78
36 143
44 166
38 125
78 168
2 18
180 3
64 65
66 18
70 120
45 14
93 141
164 0
40 9
157 15
28 157
84 16
46 112
32 116
178 13
4 13
137 12
117 12
40 65
56 12
179 11
85 6
58 145
56 132
101 147
1 5
90 125
95 168
129 16
157 196
33 14
116 4
121 170
55 121
42 14
173 187
163 184
24 9
85 192
69 107
118 3
159 15
123 141
46 13
171 4
196 1
136 146
104 13
48 16
8 10
190 2
69 153
94 164
5 15
34 43
64 0
44 155
118 197
177 19
29 143
159 5
183 0
25 15
160 4
78 7
170 191
188 10
75 137
92 5
80 82
57 172
98 8
22 83
68 12
176 18
76 83
60 162
190 7
142 15
162 13
43 81
25 13
90 15
55 3
134 19
69 1
132 165
163 181
107 136
33 54
87 120
137 142
178 11
39 96
60 4
38 99
161 13
130 12
22 11
1 16
135 5
159 161
182 4
40 156
28 91
1 7
116 139
37 110
101 184
39 58
93 135
99 14
120 173
130 3
60 105
24 188
113 6
186 192
125 10
38 160
104 136
1 18
92 198
20 147
145 146
176 7
101 127
58 4
89 14
104 121
122 129
64 14
102 0
58 6
76 169
138 159
70 135
189 9
170 16
98 102
55 188
85 5
86 1
104 11
14 18
123 19
71 167
130 2
77 136
64 11
165 175
98 17
73 161
24 3
71 2
82 9
182 11
77 88
55 85
96 15
135 2
108 4
60 194
33 4
48 11
101 7
139 0
199 2
127 5
29 118
57 8
117 132
107 19
159 7
148 3
24 5
103 105
147 12
0 8
127 171
143 190
32 44
47 56
67 4
196 15
100 179
15 17
39 9
33 19
80 13
26 183
133 7
87 17
39 6
51 17
42 51
22 132
188 12
175 8
166 16
70 159
178 5
68 2
38 10
76 134
180 19
139 144
31 159
45 151
104 145
140 18
27 185
111 185
39 15
87 194
8 19
81 5
21 4
195 19
62 125
36 151
132 5
101 105
131 0
83 15
49 8
188 7
84 128
25 16
37 17
56 184
114 8
37 181
68 178
31 194
91 157
189 5
42 12
35 126
136 11
167 191
94 2
29 105
90 93
32 150
101 11
30 196
47 78
1 17
124 189
68 183
165 8
146 8
31 109
44 97
40 55
63 16
45 17
82 86
64 66
57 9
42 15
99 17
46 143
21 184
146 180
152 7
122 6
110 159
140 6
47 88
38 11
7 11
79 165
153 190
154 13
12 18
191 14
70 99
124 182
90 135
85 116
88 162
86 98
96 2
51 12
117 160
91 172
95 100
44 7
167 1
101 189
175 5
72 183
28 15
157 9
117 3
5 18
69 70
97 115
69 128
121 178
80 2
96 9
197 0
67 140
72 149
64 168
153 176
53 145
92 180
78 90
0 5
195 13
159 2
156 16
79 124
158 174
109 12
136 178
101 163
162 4
159 11
32 74
163 194
121 16
189 7
128 161
194 10
132 156
23 72
58 9
7 14
61 10
31 98
40 147
195 10
163 16
38 169
48 143
31 66
87 4
187 13
38 8
92 135
123 9
43 60
86 191
88 199
180 10
126 8
127 177
65 15
152 16
152 2
39 127
50 17
150 172
102 18
96 172
54 64
30 72
41 13
29 108
68 14
80 16
22 13
142 196
32 97
112 12
12 17
16 19
186 187
86 181
32 36
151 13
162 171
178 6
168 14
76 3
139 15
70 15
62 165
66 170
24 65
67 6
80 12
71 122
71 95
79 156
48 56
3 12
127 197
70 9
21 32
90 189
75 13
63 18
134 15
193 16
60 7
4 7
37 7
136 196
185 198
7 10
68 5
23 158
111 8
83 89
171 7
88 126
99 122
119 123
46 89
30 105
180 12
95 134
38 0
49 143
139 11
64 128
154 174
13 16
134 173
39 12
28 98
146 18
92 10
4 14
39 48
118 187
132 18
145 159
62 189
151 176
42 47
118 155
48 17
25 30
122 2
70 78
97 171
181 3
98 155
32 115
76 111
40 15
104 151
27 132
61 0
43 191
147 187
71 4
50 113
123 10
39 179
139 10
86 2
130 157
106 9
108 15
65 151
89 11
94 5
28 0
1 15
88 3
120 2
83 153
127 2
53 148
135 163
116 127
7 9
65 188
183 1
197 7
45 5
136 0
110 126
155 15
114 18
146 148
115 174
21 67
28 39
86 3
40 0
169 7
96 176
6 15
25 146
75 159
117 0
54 119
194 19
70 180
101 157
43 11
12 15
175 4
9 18
109 177
163 176
181 2
144 6
108 12
32 2
29 168
85 12
126 193
79 96
109 193
137 8
69 127
74 168
26 96
34 172
86 17
171 173
110 8
169 14
103 9
64 74
29 67
187 12
62 4
143 7
68 11
128 154
161 18
166 14
119 190
42 147
83 199
85 188
22 2
116 13
83 196
157 193
97 127
71 120
99 18
129 11
53 99
121 0
95 5
94 19
83 3
51 175
44 19
126 16
59 16
115 13
24 142
69 17
126 165
52 7
36 16
105 3
167 4
126 11
169 191
169 8
14 19
128 164
55 144
71 90
56 175
72 82
66 76
52 19
152 4
122 7
31 121
25 3
130 15
113 154
72 107
163 165
140 0
54 170
104 19
28 7
92 178
153 9
44 16
107 133
98 122
26 12
80 187
141 7
159 195
59 104
32 135
187 7
108 125
1 3
122 10
171 6
28 118
24 30
144 5
33 5
24 100
61 11
90 17
100 158
24 8
136 2
80 19
163 10
45 16
55 177
149 191
41 189
6 18
108 16
2 8
199 12
65 11
34 8
113 142
22 50
133 12
105 0
134 144
156 12
153 3
164 15
163 11
144 16
150 179
115 188
66 181
43 145
91 132
24 4
33 186
114 16
39 7
155 3
152 9
45 169
55 152
127 11
39 45
52 3
128 174
39 80
36 107
152 170
48 60
149 160
84 19
41 9
106 137
127 6
27 117
151 167
113 199
82 113
54 179
164 14
54 18
79 10
169 9
49 139
45 139
123 188
49 17
172 19
88 2
76 108
47 10
114 19
193 12
50 114
105 1
81 13
34 87
25 8
85 138
119 172
56 1
22 113
94 143
91 0
32 9
150 165
185 3
68 3
11 14
173 194
169 186
28 18
159 12
132 14
58 186
55 64
23 3
60 165
2 13
119 197
30 51
44 156
28 123
88 8
68 180
119 16
177 5
100 167
84 147
150 8
158 14
55 82
58 12
73 3
68 7
10 17
0 11
63 184
84 10
135 139
105 168
97 11
57 120
93 2
50 135
89 122
29 130
108 178
118 18
81 111
173 12
47 196
189 11
112 1
50 53
63 151
0 13
95 198
42 66
67 198
47 68
0 9
61 178
156 168
58 103
25 111
130 155
117 7
23 191
148 172
58 182
196 2
54 95
22 14
122 134
164 17
11 16
86 179
26 7
131 146
157 12
111 12
