25 168
114 8
1 18
139 17
71 185
179 18
127 14
47 13
24 102
189 13
52 87
76 148
78 10
33 127
179 2
61 110
136 181
75 172
8 15
7 11
68 73
83 11
74 91
66 7
46 18
70 190
68 176
28 9
155 8
42 1
77 107
142 1
181 10
53 59
86 136
55 61
88 112
148 186
117 12
40 199
41 50
99 135
36 2
75 77
171 5
97 192
60 91
139 13
91 169
136 165
182 0
31 5
150 0
33 15
82 19
106 145
188 5
124 157
187 14
141 165
125 159
10 11
47 12
199 13
38 2
56 156
88 15
31 103
178 17
27 92
30 62
94 155
80 6
154 0
144 14
35 12
111 12
117 140
110 2
32 134
61 78
43 142
41 7
81 145
163 193
13 18
69 18
179 17
137 15
35 71
87 189
132 1
141 198
183 199
193 4
109 164
30 111
22 43
56 160
144 13
197 11
176 2
56 5
56 117
135 18
132 163
86 118
33 193
172 176
25 80
111 133
28 191
72 116
137 158
103 1
83 14
138 3
108 17
187 1
79 2
73 19
86 1
120 12
20 131
12 17
71 181
41 113
4 17
150 5
160 11
153 8
23 69
62 152
108 131
180 8
166 191
124 3
148 169
169 9
124 159
77 12
20 121
149 153
24 17
172 188
30 13
7 16
149 195
126 2
67 7
62 106
146 0
130 17
100 128
101 12
106 194
123 5
120 14
172 7
52 82
41 15
119 181
160 12
55 14
145 11
5 14
42 137
2 6
95 156
40 56
124 197
68 92
56 177
77 17
152 192
50 135
163 7
185 4
80 147
172 6
94 13
75 152
123 190
88 135
84 142
34 15
22 7
99 9
44 4
142 11
157 14
166 172
93 164
47 17
163 167
29 1
147 12
43 149
26 88
78 14
83 12
78 0
133 10
84 124
110 152
162 14
66 124
1 9
52 2
116 128
119 9
20 38
42 173
56 150
47 51
118 153
56 15
80 0
54 13
79 0
21 46
2 19
67 117
127 0
78 137
17 19
36 119
71 177
67 107
9 12
109 189
22 11
141 3
24 47
137 140
93 16
30 190
184 5
12 18
68 8
100 10
33 176
32 6
123 8
47 146
65 75
113 17
121 13
109 143
5 13
154 15
41 87
124 8
26 15
75 19
137 5
144 8
196 11
33 60
172 15
10 17
70 2
44 14
44 17
194 9
65 181
38 19
45 176
110 13
21 85
32 1
116 160
11 14
103 0
185 0
71 18
109 156
84 98
27 142
113 189
36 194
57 0
162 183
57 8
155 160
183 7
73 4
146 149
51 1
39 142
165 188
81 0
83 8
60 15
109 14
172 10
112 13
133 145
79 180
21 7
115 162
87 8
151 3
30 38
62 12
124 169
57 80
41 8
154 17
55 178
180 15
26 19
152 5
37 15
146 1
154 6
174 177
76 93
66 2
145 16
41 156
24 4
158 5
77 80
21 125
65 4
51 177
67 196
60 16
64 194
155 17
65 14
83 13
78 79
78 146
119 5
90 142
60 13
29 7
26 93
55 8
41 81
175 2
99 4
169 185
82 11
62 68
53 15
110 161
99 153
99 7
124 133
160 161
129 9
118 3
30 8
64 79
61 0
93 125
183 14
46 189
82 3
42 174
3 4
29 9
75 110
39 76
13 15
40 173
186 19
97 10
34 10
132 17
78 90
81 105
36 190
126 193
118 154
143 13
41 106
132 5
101 175
163 2
101 140
144 174
71 4
125 18
141 4
129 11
33 86
83 2
180 191
162 169
88 13
124 0
35 0
107 15
1 15
153 189
148 165
45 47
9 11
126 133
41 78
100 149
170 12
101 162
68 102
102 120
163 195
151 19
93 12
11 16
128 13
174 9
94 12
189 12
101 16
12 13
57 178
73 0
30 177
140 16
164 5
88 168
31 78
98 16
114 184
104 144
120 1
72 15
120 0
24 52
169 12
188 197
150 1
189 17
38 95
162 6
160 18
47 1
83 5
86 96
111 2
99 2
143 146
5 15
129 157
87 3
40 175
35 160
30 179
27 40
23 83
67 146
113 165
103 125
65 8
69 114
63 89
34 6
77 122
28 72
50 137
166 8
191 0
35 47
149 11
175 16
191 12
69 172
34 49
59 149
192 8
96 16
165 19
47 11
152 18
60 107
26 114
130 167
36 151
146 4
122 1
92 2
43 152
74 177
38 5
115 11
35 49
170 9
178 199
65 161
54 56
185 5
84 9
13 19
139 11
38 198
156 0
25 111
70 12
72 174
67 119
123 165
47 172
39 156
104 127
21 4
26 108
32 12
20 90
45 165
165 176
49 0
190 11
112 15
126 4
111 9
44 153
86 7
32 186
148 6
100 132
126 128
12 15
41 118
79 127
78 2
156 12
123 7
121 170
69 113
176 5
89 16
107 12
104 16
54 115
114 158
41 77
3 18
129 192
86 15
3 19
158 7
11 15
1 17
86 115
90 103
45 3
52 12
90 136
89 5
85 184
69 9
160 166
95 177
52 13
1 19
89 93
122 14
142 2
66 10
115 9
49 159
147 11
35 121
113 12
131 185
53 128
4 5
153 11
34 14
22 73
47 134
66 128
81 140
24 10
55 136
124 172
159 163
61 174
61 180
168 195
1 4
108 8
22 17
60 110
96 179
143 4
55 3
36 19
103 130
187 18
102 3
118 189
181 191
54 18
184 1
108 12
156 169
191 4
76 4
141 164
53 14
5 8
153 193
30 64
32 17
37 18
86 107
22 110
28 8
116 3
26 29
56 152
37 91
138 194
137 192
95 125
115 121
96 5
148 12
107 2
92 182
29 18
71 166
77 2
68 182
120 149
92 186
156 10
143 0
35 89
30 123
66 0
25 175
25 2
23 123
108 136
123 124
124 19
89 153
115 119
148 176
181 18
161 16
140 4
74 6
149 1
92 116
78 15
141 18
29 2
73 18
58 185
68 5
181 2
9 16
116 191
84 104
97 168
93 8
37 5
90 1
134 155
70 3
31 50
89 100
2 15
9 19
0 11
32 84
146 7
132 153
126 154
114 17
133 160
32 33
114 188
143 157
70 4
65 18
153 9
54 2
89 11
103 3
95 10
80 135
77 133
88 198
53 91
49 108
31 36
55 138
28 171
42 10
155 1
143 10
123 0
67 2
55 189
69 109
28 39
81 2
45 111
94 198
89 123
44 13
183 9
107 3
101 120
93 3
93 0
31 88
1 14
75 11
132 3
107 9
84 3
110 133
23 192
85 10
47 54
195 12
42 119
50 168
33 50
109 112
137 166
105 10
5 17
78 138
96 3
88 10
58 87
87 14
34 78
119 139
81 158
120 124
124 9
187 19
73 97
107 136
70 8
116 12
178 2
189 4
134 0
170 199
168 0
83 113
95 6
199 3
115 122
110 7
170 3
162 13
162 177
175 7
5 6
140 167
110 144
55 128
73 134
73 2
78 174
28 14
107 18
122 0
27 107
120 4
101 155
152 10
120 18
143 177
167 5
46 105
80 193
185 1
104 11
26 82
45 12
113 127
118 15
30 15
133 5
118 147
41 14
102 163
151 172
103 173
45 95
164 2
59 12
131 14
47 14
115 6
137 3
105 188
85 18
82 163
100 7
191 3
126 164
50 179
58 184
61 142
97 197
66 138
85 164
117 0
57 177
92 16
0 12
179 3
166 184
91 0
130 15
62 4
152 3
191 197
106 9
140 193
91 16
166 10
102 18
139 177
34 164
28 166
72 0
120 10
41 60
88 6
49 53
27 131
115 15
57 12
192 16
31 111
151 5
103 16
150 192
51 11
69 118
100 135
131 188
73 12
57 185
23 71
41 155
68 198
49 104
136 167
122 15
133 185
41 122
1 2
82 115
23 79
182 2
109 151
0 10
21 58
40 186
97 124
23 148
32 83
77 148
79 168
45 162
77 19
69 1
61 7
102 166
153 184
49 54
6 13
10 15
39 110
91 5
159 2
121 2
91 99
100 4
154 19
133 138
91 190
88 89
99 0
8 12
106 5
107 146
114 0
0 5
75 187
108 7
73 126
98 123
22 140
48 2
64 88
39 198
74 11
44 133
44 19
189 7
44 180
116 17
81 15
74 19
112 10
76 19
185 7
32 91
172 14
82 8
149 6
106 139
89 118
138 159
34 4
22 15
168 18
164 198
86 6
68 18
125 141
188 193
125 4
16 19
174 5
38 8
128 3
61 81
137 18
112 194
122 123
36 58
176 184
40 99
48 173
61 90
140 192
144 154
194 4
97 149
20 4
162 5
116 2
38 138
156 2
25 14
51 147
20 82
39 69
166 173
41 5
97 188
128 15
66 105
68 10
97 13
61 13
22 192
60 18
87 114
100 18
24 123
134 3
121 188
53 154
4 14
145 3
105 3
71 96
36 188
33 37
66 8
2 14
27 50
45 149
38 17
22 158
22 109
168 17
62 149
96 188
174 11
119 14
93 189
99 102
73 3
31 9
24 55
131 136
8 10
60 182
98 4
103 138
92 147
91 13
29 4
59 66
178 0
33 103
42 117
50 180
47 16
69 154
53 9
132 166
173 3
63 1
78 165
42 15
145 195
156 15
141 11
186 13
177 14
56 0
148 9
122 124
51 184
36 52
23 97
129 14
159 18
117 19
23 19
41 144
117 197
58 10
39 62
113 19
130 11
99 114
24 157
183 8
134 141
190 0
28 15
180 1
38 40
101 2
111 13
40 54
72 2
134 14
50 83
177 1
78 3
77 7
57 64
91 95
181 11
2 9
181 13
142 147
49 126
119 187
120 148
168 7
186 196
54 87
1 8
59 103
135 12
125 9
67 17
157 191
104 191
36 193
192 3
189 6
96 19
124 2
99 189
107 177
40 92
47 124
32 49
114 9
127 18
100 155
124 153
43 18
89 1
91 2
53 6
38 9
87 171
46 17
56 65
56 194
126 176
117 3
94 113
88 19
133 190
189 8
142 173
69 122
158 19
174 3
84 183
80 90
80 112
84 132
172 12
38 11
29 14
166 18
166 4
63 17
172 173
119 148
28 79
199 5
85 7
38 74
96 12
108 16
177 198
57 7
186 7
93 2
87 7
81 11
28 5
75 182
194 3
49 174
62 82
42 52
36 163
31 12
26 61
53 12
47 176
122 193
186 8
111 7
99 106
144 18
1 16
191 19
163 15
176 13
85 152
31 185
175 3
32 139
7 15
1 13
22 26
5 11
51 6
191 7
142 151
82 168
98 178
56 59
67 178
139 16
100 138
63 16
110 154
25 141
21 12
188 8
0 14
94 170
93 19
164 176
52 6
79 12
69 5
169 14
68 19
80 17
152 1
173 11
65 15
73 17
59 13
37 137
111 6
21 33
31 51
44 58
26 131
21 6
68 77
42 145
150 154
22 12
40 8
53 170
58 0
40 197
111 144
23 50
70 157
138 167
60 0
102 7
158 1
25 0
146 160
177 12
26 9
28 109
58 130
107 8
130 18
64 13
183 4
32 2
36 63
65 189
14 19
54 146
93 5
114 13
100 9
10 14
24 33
1 7
124 148
112 162
135 174
67 72
31 33
47 184
30 145
97 118
96 186
80 83
8 13
70 175
109 159
169 16
189 1
57 167
51 179
85 9
63 0
190 9
157 159
104 125
140 3
16 18
102 9
53 56
76 15
153 3
8 18
98 165
21 15
181 9
41 160
108 6
24 170
29 11
187 4
68 183
159 17
58 134
64 195
71 118
151 4
84 19
33 117
25 195
4 8
74 93
27 52
118 131
7 19
57 157
135 16
172 2
4 7
156 188
157 16
161 13
79 199
110 197
55 12
48 177
49 143
96 154
27 12
147 166
138 18
149 199
171 178
177 11
161 0
9 15
79 178
111 19
66 131
179 8
83 134
167 2
33 18
30 97
130 0
87 15
60 5
127 132
116 121
85 6
25 130
37 75
94 2
92 159
46 155
32 144
40 63
82 1
51 7
22 152
52 92
36 12
63 19
50 7
89 9
137 156
48 154
52 178
177 17
181 6
26 10
123 148
83 183
167 1
124 182
75 109
50 172
48 194
50 199
68 15
7 8
43 14
131 153
54 99
186 18
56 11
0 1
124 184
149 159
24 7
91 14
65 2
6 9
34 190
50 175
97 12
48 3
70 0
33 182
59 87
108 195
179 1
125 137
180 11
113 198
104 145
190 13
71 171
25 180
61 82
0 3
159 188
143 152
44 99
59 0
78 177
114 139
128 160
82 4
84 144
171 198
63 127
18 19
97 191
24 126
36 129
56 68
59 3
163 164
53 122
31 162
163 12
82 0
52 68
197 12
25 122
150 167
31 166
23 74
112 9
79 3
124 14
123 146
131 2
116 130
138 7
78 18
115 164
62 125
94 137
190 10
7 14
140 1
80 180
25 7
82 94
39 9
43 10
38 10
155 3
186 2
37 43
71 98
118 16
175 0
112 2
52 76
79 9
88 18
27 4
95 13
71 85
105 19
84 131
129 19
103 148
110 17
60 9
15 17
1 11
22 59
57 191
152 6
46 137
120 11
146 182
3 12
195 1
47 112
35 123
93 18
127 5
142 172
106 141
86 174
170 5
84 7
99 15
66 12
73 151
170 17
185 17
37 13
185 10
120 17
37 86
143 2
150 198
116 9
102 16
159 15
137 12
118 137
52 3
169 13
29 101
46 182
84 173
56 175
7 10
124 12
153 6
52 55
147 3
49 12
186 190
144 4
176 4
26 0
190 1
199 6
37 184
104 141
43 90
49 185
142 178
106 2
93 133
41 1
97 104
123 4
198 9
25 28
7 18
77 115
86 0
177 5
144 7
151 14
100 179
193 18
39 1
30 0
151 0
53 159
57 88
194 199
87 16
42 3
32 61
21 19
137 189
127 19
136 0
144 17
151 12
33 198
113 156
90 2
49 160
100 152
21 103
39 195
155 11
33 64
193 13
141 160
111 161
83 95
68 88
190 15
168 10
68 139
1 10
188 19
103 195
157 182
116 10
6 12
178 195
135 0
54 70
28 142
8 16
43 140
60 82
76 16
70 73
84 1
130 3
29 176
3 13
98 2
23 78
51 139
44 12
114 177
42 4
38 3
162 7
137 0
4 16
60 83
80 88
31 192
54 77
68 134
72 1
148 152
24 1
159 7
98 1
81 4
185 2
43 4
66 72
48 148
48 66
79 1
67 177
59 1
97 1
36 60
178 16
42 148
185 199
171 11
49 114
149 12
69 8
45 122
27 140
35 142
92 10
112 175
28 0
139 166
60 2
129 8
97 4
71 7
81 91
121 16
113 11
69 13
69 142
111 140
197 9
80 16
78 13
41 10
130 9
8 14
64 7
55 147
131 8
37 175
78 8
38 42
168 5
176 9
81 199
50 75
37 114
64 84
4 15
72 183
122 16
42 143
143 17
134 18
119 7
134 15
89 116
38 16
60 12
84 179
132 149
182 17
56 196
198 6
48 4
84 153
162 0
74 13
170 15
20 136
63 4
33 121
131 11
109 161
68 152
178 14
39 107
72 4
25 184
10 18
61 4
186 9
146 17
104 109
53 162
62 10
39 10
86 14
63 67
45 13
22 187
58 12
33 101
32 164
124 4
84 15
144 16
65 6
70 74
99 142
96 133
53 13
31 61
49 193
170 8
60 19
153 13
175 195
43 7
12 16
112 184
71 192
60 149
3 10
172 11
89 115
77 9
139 15
54 69
82 6
51 99
32 62
95 138
63 11
165 4
106 146
69 2
120 144
147 178
189 3
58 63
39 143
71 82
132 7
159 10
76 182
31 176
63 12
175 15
30 3
111 16
83 167
14 15
50 106
32 8
134 185
100 3
53 8
46 101
3 11
38 81
198 4
33 165
41 9
52 5
119 177
153 191
54 108
96 149
156 1
2 5
180 6
26 11
103 13
23 145
43 161
193 8
44 11
39 14
88 127
44 130
129 4
40 120
169 11
157 7
113 13
56 129
26 8
141 148
155 6
97 11
151 192
28 7
34 144
172 3
144 12
50 4
76 138
146 194
71 141
23 187
61 170
186 15
38 194
41 19
163 198
81 178
101 117
41 179
48 14
113 116
89 19
106 179
177 199
192 17
97 19
97 8
107 140
55 175
113 14
46 0
67 10
161 5
89 3
81 162
95 17
57 78
79 185
163 194
170 7
77 4
30 150
70 108
24 136
41 105
52 8
24 94
29 153
101 191
43 115
122 171
108 18
102 129
23 6
114 152
50 102
96 13
85 189
76 6
141 192
119 0
147 6
57 72
20 42
13 17
81 18
121 129
171 8
35 2
157 173
71 86
69 19
190 12
127 11
94 8
156 195
157 198
23 179
61 12
22 9
199 14
133 142
53 185
108 14
20 6
163 11
96 8
33 16
3 17
39 90
119 158
51 12
84 10
152 19
137 149
53 16
90 174
46 2
52 175
60 196
75 12
46 14
23 49
21 10
56 146
69 11
27 112
55 180
95 180
105 18
132 14
82 108
190 6
171 4
30 17
54 124
41 3
171 14
25 16
137 179
194 11
119 135
101 8
30 39
48 16
179 188
26 110
125 198
126 13
121 168
9 13
25 152
101 158
124 11
61 85
161 199
76 124
29 48
106 3
37 179
42 9
52 17
80 95
72 168
68 1
147 169
104 8
6 19
162 11
105 14
174 8
30 94
40 142
190 14
64 193
58 144
130 8
101 9
74 123
60 114
33 4
158 3
48 91
183 18
64 185
118 6
127 172
175 8
151 186
142 13
112 3
84 14
176 0
119 13
45 14
115 161
121 18
92 134
82 135
21 25
61 127
33 76
22 13
20 126
160 7
40 114
26 172
63 157
114 120
34 141
2 16
71 101
44 80
75 0
24 41
149 179
49 50
150 3
34 74
120 167
53 19
85 195
40 98
99 13
58 9
31 131
48 196
92 163
129 16
3 9
91 182
57 113
124 7
24 99
37 14
106 7
71 19
37 7
59 191
112 199
32 54
59 125
42 81
174 1
105 129
52 106
0 13
91 1
56 9
50 122
133 12
114 12
60 179
4 10
5 16
189 9
133 144
72 73
142 9
122 18
23 34
179 14
167 10
55 99
88 154
124 175
44 190
34 113
25 131
25 5
34 71
74 8
71 6
86 165
68 13
127 193
20 12
149 3
30 87
30 89
66 18
67 158
38 88
20 63
53 180
113 170
75 14
67 89
93 156
191 18
81 121
143 7
153 14
23 18
43 193
101 0
33 54
29 193
101 156
38 101
129 0
71 135
35 110
60 111
96 11
98 3
170 4
72 192
169 4
144 3
56 193
25 98
62 63
55 135
198 2
6 8
94 1
49 13
65 16
93 17
139 167
60 11
31 15
99 1
33 146
39 55
191 11
161 168
83 127
122 168
104 2
51 15
67 3
10 19
38 0
114 163
27 88
97 199
103 18
101 15
89 12
57 158
92 130
141 168
69 181
79 161
188 7
133 11
134 176
91 113
60 181
189 0
114 4
67 4
152 2
130 10
142 188
31 10
142 189
51 173
91 151
27 149
71 3
51 80
114 123
108 152
113 168
145 172
68 12
88 175
62 140
63 188
73 129
136 14
55 59
30 5
104 113
151 18
164 16
168 11
24 162
37 0
84 178
9 18
75 157
52 100
182 12
24 91
49 14
175 12
119 2
124 174
138 198
40 163
118 144
157 1
3 14
72 9
160 188
113 178
80 14
180 5
143 9
62 186
84 12
176 7
181 8
42 0
94 5
33 131
130 16
109 124
76 128
36 16
112 7
135 136
89 0
101 3
35 87
173 8
53 157
27 45
101 153
99 113
146 16
155 12
138 8
49 18
0 7
106 12
34 132
56 7
184 18
128 11
72 6
70 1
120 13
129 165
41 175
153 1
23 124
160 14
169 2
70 91
90 167
178 7
140 17
180 7
131 174
104 195
166 189
59 190
67 159
181 14
34 65
141 180
141 8
125 139
71 151
72 199
120 16
65 90
96 1
167 16
11 13
126 3
76 188
109 19
171 182
106 11
50 81
109 11
23 55
165 12
26 54
155 2
24 6
69 7
44 6
177 6
55 19
172 16
51 13
20 15
48 109
69 139
27 101
51 16
119 150
58 13
42 122
181 188
46 4
45 76
163 0
65 185
187 10
137 4
164 13
178 18
89 6
30 16
136 16
30 151
136 2
142 12
151 10
53 150
142 15
92 12
46 177
165 3
90 17
60 6
92 148
75 5
59 181
43 1
48 147
40 68
98 6
39 71
67 116
133 18
83 96
51 4
147 4
117 137
25 9
24 40
156 9
50 90
159 14
156 13
55 1
198 17
137 10
33 12
163 3
68 138
23 27
150 15
90 7
166 194
38 18
101 7
82 198
0 4
56 69
197 8
119 168
102 6
116 0
55 13
80 3
123 19
54 179
87 184
66 71
45 179
78 16
84 0
148 11
174 15
21 83
160 0
110 195
69 185
2 13
49 101
70 6
0 6
141 6
151 1
51 79
134 2
102 13
38 12
50 146
76 197
108 141
48 172
101 6
23 32
56 71
2 7
116 184
177 7
58 115
31 32
39 60
87 167
196 9
103 5
173 12
21 62
125 17
80 11
148 2
139 3
37 87
68 14
90 95
22 45
172 8
126 175
39 2
132 18
30 57
58 93
114 191
58 77
107 176
47 5
175 14
49 3
29 10
22 146
189 19
46 64
7 12
131 12
97 17
151 2
157 3
174 13
20 13
43 0
47 73
24 32
65 12
192 193
17 18
84 139
102 19
144 0
33 49
103 15
20 130
90 4
4 18
152 159
20 11
165 16
99 18
82 134
30 12
109 113
30 70
159 178
119 4
80 7
186 4
175 18
69 117
116 5
165 9
175 9
116 187
157 2
74 1
157 17
104 1
79 6
57 199
148 3
101 198
166 7
41 93
95 11
158 164
24 19
136 11
27 9
120 151
128 182
165 1
156 18
53 10
98 145
58 148
129 164
46 6
21 67
2 4
20 52
96 176
115 17
142 199
170 187
128 163
195 15
33 13
85 13
152 13
23 12
42 129
63 148
115 166
103 193
74 4
127 12
35 134
136 12
167 0
79 17
28 3
195 8
167 11
14 17
128 18
57 77
104 146
22 18
79 146
15 16
167 3
173 19
57 179
46 77
20 14
32 116
34 105
22 111
65 17
84 16
199 2
188 0
132 16
140 161
172 17
57 93
76 126
106 6
62 188
81 7
114 180
127 190
21 3
142 194
66 99
129 18
38 51
52 103
2 10
86 188
39 93
102 14
60 61
24 75
39 179
15 19
83 157
107 17
72 126
53 119
51 157
149 9
86 5
36 142
122 175
44 112
116 142
112 12
60 132
87 88
21 182
64 146
97 9
107 196
24 45
38 4
31 138
117 8
63 8
58 105
68 72
32 193
129 13
110 163
187 5
32 177
45 5
145 2
96 9
74 12
171 15
66 19
92 172
174 4
154 10
46 50
35 19
199 19
91 19
168 182
190 7
70 10
67 175
103 2
175 10
50 74
76 142
29 37
6 15
44 71
22 137
37 101
45 7
64 11
150 10
13 16
57 15
125 0
23 43
108 128
155 9
117 196
73 177
174 0
115 123
165 13
163 10
27 175
199 12
127 177
130 19
92 125
26 4
127 9
125 157
28 98
43 8
143 187
199 18
89 132
8 11
6 18
99 14
47 66
128 1
83 9
20 145
179 4
105 7
64 18
24 182
134 17
43 53
152 182
0 2
41 120
143 6
38 105
161 9
81 175
115 2
38 177
81 168
131 19
28 16
40 3
123 155
105 125
4 19
48 118
187 9
130 199
124 176
148 15
104 5
31 198
169 3
94 187
153 157
31 11
50 17
75 92
61 2
130 166
142 10
72 163
57 65
68 128
105 16
164 8
182 194
76 178
30 174
51 8
58 1
194 15
4 9
106 161
152 197
59 137
166 12
58 8
69 88
197 4
81 134
160 10
117 133
52 10
146 14
15 18
163 1
35 14
76 2
106 0
93 4
80 8
121 192
137 198
183 186
118 19
120 174
131 3
65 10
7 9
101 181
186 0
3 8
156 184
46 176
38 168
153 185
20 125
132 15
127 179
123 187
75 98
75 174
171 17
159 3
84 106
111 167
196 0
85 8
74 159
114 124
92 13
99 103
43 145
71 5
40 144
37 78
27 8
105 120
183 3
110 155
83 105
183 13
28 164
91 194
9 10
0 15
38 139
107 162
99 192
54 8
183 17
189 192
37 12
197 5
69 85
170 10
49 70
98 17
3 16
167 17
135 7
117 141
185 15
190 16
81 6
161 169
5 7
33 3
138 14
174 16
49 86
50 16
32 142
87 161
158 0
42 2
54 104
180 17
57 3
153 18
96 151
66 144
107 14
47 50
158 14
59 16
69 73
142 8
133 17
82 130
62 84
14 18
28 189
127 166
179 9
46 13
25 41
195 6
58 106
85 178
82 9
86 11
31 80
79 133
163 17
117 169
108 11
58 68
29 82
127 17
75 146
43 132
6 17
116 194
145 0
22 10
2 8
21 152
31 35
27 138
195 10
118 18
148 5
143 3
49 173
12 19
139 9
77 129
65 13
87 5
101 14
141 12
120 3
182 19
21 16
25 197
124 13
11 17
121 14
25 31
73 9
58 19
194 17
28 19
162 17
88 133
49 144
131 7
59 9
22 162
88 8
21 153
182 16
96 14
36 109
13 14
69 0
174 10
57 115
192 6
109 167
39 77
32 114
66 150
138 199
166 169
78 4
164 6
57 17
141 188
194 10
89 150
54 151
149 163
63 13
60 14
57 192
28 85
39 15
160 3
92 18
75 10
121 15
164 7
96 150
30 77
158 4
137 11
74 97
121 161
138 11
145 4
123 1
6 11
82 131
31 0
41 18
144 2
72 8
59 187
166 185
150 181
129 147
137 148
154 13
100 11
51 3
29 3
140 13
169 5
60 17
109 15
58 140
72 11
16 17
6 14
1 6
156 11
169 1
85 111
125 13
164 194
73 106
90 178
199 16
140 8
108 114
118 10
52 15
109 7
138 186
60 66
167 18
21 30
98 19
33 189
98 187
89 15
54 59
172 190
155 190
9 17
56 12
135 1
97 14
155 10
184 16
130 182
64 171
112 5
4 6
91 10
92 19
97 109
61 156
78 187
44 107
46 82
39 126
169 172
59 114
36 50
99 145
104 188
121 17
184 17
114 145
5 19
68 124
56 90
148 153
103 164
104 181
79 119
117 9
109 169
98 141
117 191
51 97
145 1
30 171
47 2
62 163
129 3
100 159
189 18
34 80
85 161
77 112
177 15
117 171
1 5
182 11
85 114
80 146
175 187
6 7
106 195
30 4
178 3
43 121
140 2
42 169
70 113
110 149
1 12
126 17
63 194
161 12
53 3
84 121
70 119
75 122
75 151
43 52
51 159
196 5
60 8
0 8
59 174
193 2
125 165
64 10
43 103
193 17
52 63
92 126
20 16
96 195
34 147
122 2
54 9
114 3
1 3
45 6
105 0
0 19
81 13
154 18
39 11
118 7
61 80
93 116
141 197
100 131
56 6
120 134
140 158
21 145
52 60
30 107
55 106
75 123
76 3
45 120
88 90
115 13
114 18
59 17
35 6
113 1
60 173
46 11
105 2
52 9
93 6
86 16
113 5
20 18
63 199
96 199
132 144
67 12
59 5
36 10
36 120
22 189
46 8
127 15
131 183
153 0
50 86
129 130
78 191
146 18
126 192
178 15
160 1
184 9
149 4
198 15
40 83
78 145
27 102
48 186
114 164
84 97
54 130
8 17
50 9
31 120
108 0
122 13
5 18
23 10
28 61
126 167
125 129
43 3
43 46
140 0
69 148
154 9
51 18
135 180
6 10
39 16
50 85
20 17
21 195
175 17
40 100
131 148
86 103
33 186
83 1
107 191
91 18
6 16
111 5
144 196
37 165
26 181
48 60
23 65
188 1
73 15
197 0
11 12
3 7
10 16
104 134
49 6
155 165
90 12
158 2
61 199
133 1
24 15
145 14
73 88
151 15
26 164
21 107
9 14
150 17
64 161
44 3
93 129
28 80
8 9
35 133
166 0
101 13
49 175
59 2
26 195
21 2
130 6
87 2
84 11
102 2
56 145
136 10
0 17
14 16
156 16
158 9
178 19
129 6
45 69
67 16
157 4
21 28
102 118
153 5
58 18
134 7
147 188
28 29
34 5
115 179
29 92
71 191
169 198
146 11
55 145
72 154
157 5
193 14
11 19
10 13
70 99
58 146
98 5
167 185
54 10
107 171
73 8
61 15
139 0
27 141
60 7
105 6
56 185
69 72
143 154
61 8
192 10
30 181
103 7
135 9
7 13
24 109
92 6
191 14
4 13
98 13
24 131
71 2
35 16
199 9
56 19
31 37
47 78
128 183
32 162
34 8
66 11
40 17
146 153
32 196
100 19
82 17
52 7
63 2
159 161
126 5
40 188
83 15
117 11
166 11
30 168
51 87
71 75
20 33
179 15
159 16
150 4
122 130
43 148
120 7
73 186
50 71
51 126
61 119
115 7
52 166
147 18
50 18
93 7
100 107
0 9
103 19
142 7
93 1
86 146
82 190
36 13
51 2
107 6
21 11
37 126
28 37
114 7
114 179
189 16
110 168
126 18
72 186
43 63
73 79
33 100
164 14
195 0
57 97
48 5
82 170
101 170
85 149
77 137
184 3
23 176
92 14
63 177
4 11
158 16
124 16
83 194
112 144
188 196
83 185
116 19
69 17
193 9
47 81
107 153
134 10
37 139
151 8
44 117
2 17
73 6
89 7
113 166
40 84
155 189
42 6
176 17
91 122
135 8
197 10
29 164
180 4
48 158
27 1
48 111
166 13
53 152
58 14
135 13
147 15
48 15
101 159
192 19
92 7
67 9
147 194
62 117
40 128
176 196
40 1
45 52
27 13
46 190
43 2
2 11
128 131
128 9
32 13
94 103
39 99
45 106
67 8
199 1
128 10
70 5
89 13
166 17
76 10
123 182
25 3
37 42
161 178
93 139
5 10
151 9
132 168
49 5
133 7
106 16
54 7
50 11
89 4
131 144
166 3
47 18
37 159
103 12
74 186
