143 177
93 4
43 1
51 173
29 115
36 125
99 17
95 189
190 4
61 192
161 5
106 107
111 1
108 126
85 5
153 10
42 9
111 156
32 165
166 6
80 4
100 0
42 4
21 19
164 5
97 6
7 8
122 17
131 152
115 196
120 17
155 16
167 17
87 12
169 174
172 0
158 18
108 188
102 13
62 88
54 1
125 17
3 4
180 10
68 1
64 73
120 195
181 190
72 173
142 18
195 14
138 16
34 1
75 0
184 8
36 92
47 0
132 17
67 119
29 192
6 9
25 19
198 13
83 160
60 122
151 3
30 10
88 192
25 17
40 64
100 125
50 159
155 2
50 67
78 163
145 3
159 168
112 175
43 161
39 151
91 1
95 18
144 194
84 179
37 16
71 86
21 123
147 171
111 4
40 8
58 153
50 1
80 18
90 13
147 19
61 8
34 19
68 174
182 17
178 12
76 160
57 3
136 12
134 6
60 157
187 1
113 153
157 4
193 7
117 11
160 8
71 111
129 8
100 146
69 9
101 7
96 4
49 16
60 5
6 8
25 2
60 0
63 108
62 105
79 116
2 11
103 176
90 178
42 62
90 17
38 11
144 13
173 4
30 48
193 10
100 127
54 111
114 4
35 116
78 6
82 155
134 9
137 139
107 135
98 100
1 9
186 190
125 3
28 188
28 186
176 19
147 161
40 9
64 8
68 167
112 168
87 14
156 4
129 158
5 9
134 158
151 164
3 18
50 57
120 10
65 17
116 5
66 99
106 128
125 0
168 177
73 188
159 18
194 4
187 6
127 186
21 74
56 17
172 4
101 11
109 13
192 14
116 19
138 2
191 195
36 140
120 182
56 80
64 13
21 135
141 179
62 131
55 121
199 12
2 18
132 19
119 19
36 175
59 116
28 155
110 11
8 14
41 83
59 12
11 14
2 12
161 6
72 133
92 129
6 16
39 5
17 19
92 157
146 9
117 182
46 129
108 147
59 126
106 5
89 9
64 168
115 5
31 180
66 14
50 172
34 9
98 184
83 144
53 180
166 167
85 138
150 14
69 71
110 10
130 1
158 13
73 128
87 113
140 10
95 138
69 139
4 19
20 17
113 185
26 7
68 90
138 147
35 155
135 16
14 17
58 100
153 19
27 138
64 0
60 11
73 76
20 196
156 19
0 7
57 152
128 14
105 19
15 18
27 92
59 60
181 15
78 139
56 7
133 134
162 7
31 0
78 7
92 18
139 149
148 5
107 128
117 3
79 157
94 0
127 19
152 16
190 0
191 15
159 3
42 12
58 116
42 137
158 9
192 3
53 19
91 140
138 197
48 175
199 11
8 18
56 6
170 13
144 1
175 5
100 198
123 170
61 102
122 179
187 0
55 158
136 4
45 9
82 128
25 42
41 3
74 126
94 132
0 4
111 14
20 63
20 94
119 132
125 15
189 16
80 197
46 157
193 19
73 13
72 0
160 168
79 19
107 19
48 159
144 180
197 6
109 133
137 197
48 14
28 191
64 1
173 192
45 134
28 193
13 15
188 10
62 160
88 2
77 19
40 77
174 3
70 134
21 112
114 8
33 92
70 10
122 141
167 197
59 87
94 10
192 13
108 154
84 0
38 2
94 173
180 13
27 18
68 13
66 13
20 2
131 176
75 198
106 151
126 171
151 165
107 131
44 56
1 11
116 4
99 146
106 174
74 17
26 172
132 2
169 17
42 19
85 14
64 2
99 116
117 6
29 171
29 16
68 5
168 12
73 185
81 152
75 17
3 5
81 170
185 1
37 82
71 15
158 185
142 1
161 9
40 166
26 2
21 141
9 11
40 2
140 13
127 14
29 141
35 11
95 135
93 15
185 19
26 153
132 1
29 130
129 174
178 0
141 13
127 7
79 160
70 1
149 11
87 3
122 8
8 19
189 6
67 8
7 18
64 19
24 115
104 16
192 10
102 7
136 171
56 77
21 94
186 5
163 11
108 11
92 190
167 1
196 3
122 4
49 3
79 193
191 5
182 3
30 12
126 194
67 187
138 196
93 0
109 127
83 7
76 151
187 18
2 15
85 189
116 3
41 187
77 10
98 152
110 2
38 148
40 114
45 51
167 9
195 13
1 19
64 156
126 7
193 16
99 0
123 176
145 185
77 146
141 12
127 192
106 6
78 194
22 136
23 71
69 3
138 13
63 89
148 15
172 2
134 178
198 15
157 1
1 15
111 161
196 0
64 91
141 16
5 18
39 2
14 19
27 97
56 3
62 139
178 13
118 149
154 16
31 52
174 5
167 15
42 7
149 14
149 13
54 59
34 46
92 187
29 46
60 163
40 87
112 6
185 15
30 44
88 13
59 128
39 9
108 18
57 13
103 2
33 139
0 12
170 12
80 15
46 64
147 8
57 18
27 19
94 1
103 6
88 166
161 16
164 19
11 12
152 160
71 4
162 193
7 9
48 196
9 13
97 112
65 14
191 13
114 197
59 198
189 199
64 18
49 6
165 16
181 0
44 6
105 152
59 4
66 16
7 15
100 141
54 148
63 141
30 157
191 12
141 166
106 197
95 196
65 177
122 159
29 55
107 156
20 55
113 150
49 12
86 11
168 2
189 8
26 92
66 162
44 168
138 10
125 19
87 10
23 8
28 151
100 9
165 6
100 7
85 12
69 136
23 178
30 79
132 164
32 4
38 178
22 150
79 17
113 187
77 2
22 58
103 148
111 17
67 164
49 0
99 3
118 145
159 177
87 0
79 8
67 118
152 194
59 133
43 15
69 15
151 9
95 13
75 1
74 133
112 9
33 120
30 19
7 17
98 187
52 128
20 9
100 163
194 196
48 5
25 38
20 87
37 143
23 19
68 87
29 56
83 91
123 17
25 53
76 3
50 15
117 161
75 18
179 16
62 8
118 3
78 147
122 14
113 148
113 199
126 156
132 144
70 4
71 103
102 11
166 19
133 10
36 109
106 11
31 117
112 17
20 37
122 11
197 15
100 15
37 199
121 178
114 11
31 12
100 16
43 107
4 9
32 95
106 187
26 36
162 3
47 102
109 7
0 13
93 197
177 19
104 17
76 18
87 119
128 165
54 4
77 111
46 15
76 13
191 16
158 6
35 12
29 177
68 81
70 198
41 45
95 2
60 91
12 16
77 155
128 13
75 8
38 1
30 77
100 5
57 159
71 82
12 13
32 142
22 16
33 9
123 2
106 158
86 13
128 0
34 130
83 122
28 19
97 3
130 131
124 11
84 18
6 12
20 84
4 16
54 13
145 16
70 197
169 6
167 19
177 191
128 4
128 17
23 151
119 123
22 0
169 188
137 161
189 12
177 16
139 175
54 84
132 10
178 5
105 14
128 132
49 180
81 194
130 14
116 189
41 101
136 16
153 178
142 13
99 10
135 17
73 2
140 9
22 143
162 14
69 162
60 185
112 10
142 154
46 102
27 166
61 74
81 89
86 5
57 17
185 192
48 19
127 5
129 178
91 11
6 7
47 3
105 18
89 14
178 1
79 9
40 10
71 8
46 5
109 117
45 63
5 15
120 14
132 138
45 124
110 152
191 197
128 170
40 140
20 5
93 167
29 11
98 13
39 16
27 9
83 162
71 186
77 113
143 9
144 18
182 7
55 103
169 4
5 17
100 19
138 174
188 18
192 17
73 138
184 0
26 39
94 103
190 16
132 4
94 108
177 1
153 15
132 163
96 16
63 152
67 120
168 1
82 2
68 11
81 169
4 6
157 11
59 14
36 149
165 173
196 16
107 18
171 16
69 129
72 175
156 172
102 2
169 180
171 3
179 8
27 162
90 159
106 132
26 120
26 37
81 180
197 11
99 136
106 142
177 15
12 15
26 8
156 160
107 2
88 195
100 106
27 86
79 183
26 1
7 16
98 153
85 124
65 75
192 6
47 181
59 9
77 133
64 80
198 3
113 14
70 182
192 2
195 5
175 197
142 14
104 9
164 11
99 11
130 7
128 181
76 0
53 10
158 12
65 73
67 18
124 17
78 113
33 5
133 136
127 4
28 152
72 100
62 180
174 188
172 3
1 7
25 134
167 189
86 178
21 1
56 13
118 137
53 4
193 0
164 10
106 10
85 170
80 122
141 4
112 14
127 0
53 153
135 159
0 11
49 178
171 177
39 167
156 165
145 13
104 11
166 12
164 4
119 14
133 180
103 116
69 109
35 137
101 16
20 73
96 8
123 6
173 11
98 182
38 183
31 182
45 149
34 167
191 8
133 1
185 14
137 182
41 0
137 18
159 4
22 72
161 171
47 128
154 11
22 161
88 111
69 106
69 10
94 2
49 92
165 7
189 2
46 128
41 97
128 16
119 9
31 5
25 97
59 89
78 117
148 16
59 3
112 13
131 1
110 196
140 15
52 133
88 174
91 2
169 10
80 1
67 15
26 9
141 9
110 131
118 128
94 7
22 48
94 6
94 12
71 2
119 147
65 72
36 110
114 10
2 7
157 8
89 194
48 128
147 10
155 6
86 195
199 8
9 19
171 11
157 19
77 104
133 161
59 115
61 4
93 109
39 136
31 16
73 171
4 10
118 136
158 17
83 1
67 1
89 141
1 8
58 105
115 18
127 163
40 0
86 137
52 90
33 192
124 195
36 67
49 187
95 5
33 6
70 85
52 121
113 160
51 55
71 167
47 122
73 10
63 94
107 140
95 180
49 18
160 14
173 14
96 14
66 9
29 114
152 10
174 19
127 139
56 158
79 18
20 114
72 122
107 153
90 11
186 14
100 178
40 1
69 74
142 8
88 18
36 1
3 16
159 181
44 18
86 175
37 167
87 135
119 186
35 42
67 0
145 172
132 3
22 128
84 5
69 127
179 17
25 143
183 7
197 17
24 10
66 94
199 13
21 8
118 5
95 97
60 18
116 17
50 12
66 0
49 78
107 117
56 122
75 162
153 14
73 104
52 10
193 8
52 69
81 156
2 6
91 107
166 178
84 125
91 172
94 170
5 7
115 16
119 15
68 8
55 111
33 162
133 188
104 0
77 93
33 0
146 162
187 199
20 97
59 10
21 45
6 17
103 114
97 132
4 5
91 194
103 19
33 1
151 174
110 177
77 186
140 6
0 19
39 185
3 10
64 186
181 8
133 144
24 169
20 158
68 192
133 18
79 4
74 147
24 16
79 126
170 194
41 12
99 15
114 158
129 196
110 3
31 94
143 199
49 75
0 1
175 18
73 74
26 129
126 2
39 18
32 155
72 180
87 194
63 16
76 102
64 163
181 185
49 108
160 15
42 156
58 125
158 192
24 59
88 125
129 6
14 15
79 1
15 19
86 16
165 9
173 179
67 6
46 3
195 8
66 11
184 16
100 8
157 12
141 165
48 76
171 7
143 15
106 141
118 183
32 63
121 10
75 3
92 10
48 122
170 0
136 189
43 117
96 149
77 157
147 15
166 191
45 8
27 14
135 5
190 1
41 5
31 90
177 6
198 11
98 126
55 3
72 92
40 108
39 19
70 0
45 7
114 1
47 120
111 9
22 110
24 4
66 122
73 12
193 4
151 14
52 62
167 11
89 103
35 9
86 98
81 0
39 189
98 154
99 184
102 172
83 15
170 182
58 129
192 4
28 2
48 163
25 108
34 11
29 129
86 8
74 14
21 6
97 110
74 127
183 12
58 75
74 194
132 12
0 18
142 10
44 120
147 162
108 115
153 197
176 17
151 170
53 17
55 2
47 74
68 7
194 5
93 12
39 195
118 154
125 2
74 151
153 171
145 179
49 1
24 131
71 0
5 19
54 159
187 13
26 11
36 18
4 8
169 11
104 197
173 10
49 19
81 1
24 62
69 140
48 187
41 87
70 6
85 199
12 17
88 7
87 112
81 153
60 13
49 106
137 16
88 9
125 186
1 6
65 8
186 7
104 164
79 3
106 135
87 149
68 186
155 169
121 138
122 196
139 3
101 127
22 5
104 132
39 17
173 186
145 5
85 4
94 129
85 19
164 9
47 11
78 18
25 10
101 160
123 149
60 7
37 12
177 10
181 1
34 107
102 169
106 182
65 4
23 63
98 192
66 73
142 19
108 160
47 107
50 0
139 159
153 166
169 12
95 3
28 108
158 1
159 0
70 114
144 0
120 136
147 197
196 1
41 14
124 179
112 12
29 179
27 139
86 4
143 188
121 16
175 7
56 70
108 144
20 1
7 11
69 1
131 18
94 199
72 8
180 7
61 162
137 6
175 3
88 8
71 73
174 14
80 173
113 4
39 40
87 160
103 17
58 4
147 0
174 7
81 11
72 184
38 123
49 140
39 105
140 181
62 14
74 173
0 6
130 157
82 17
82 173
60 69
195 9
75 125
68 10
76 152
151 18
150 179
194 199
87 162
123 8
171 188
108 120
68 78
117 17
109 112
11 16
13 19
137 8
73 146
58 83
187 4
67 129
174 12
38 164
71 136
152 12
107 136
28 32
50 2
80 85
124 6
59 16
46 8
44 69
159 10
176 192
93 144
27 123
127 8
2 10
103 14
38 77
61 146
62 4
43 2
34 137
182 6
48 106
110 176
4 7
45 1
36 58
154 12
96 13
120 13
198 18
183 10
128 15
119 135
30 56
28 14
122 189
31 128
25 133
151 7
27 68
62 169
44 183
90 10
30 1
38 172
82 130
5 14
65 7
11 15
178 14
162 173
41 157
153 1
152 3
195 17
93 1
98 166
99 111
93 2
54 144
186 1
104 126
6 13
193 15
69 142
118 184
98 113
94 188
139 0
32 43
76 112
54 161
94 17
180 15
95 15
176 18
68 179
24 145
196 15
85 10
95 11
190 17
179 197
155 172
151 0
183 2
64 164
22 9
77 82
57 113
67 13
115 8
67 11
22 10
127 2
67 69
173 5
41 195
153 8
39 57
113 7
91 104
95 6
76 172
32 137
72 18
88 159
105 179
162 18
27 11
83 19
163 8
173 18
67 5
111 8
47 126
130 196
117 179
38 70
87 5
134 177
87 129
165 184
124 13
71 13
30 115
139 8
83 132
83 138
66 144
43 105
117 144
68 4
73 75
43 9
9 17
66 132
48 156
53 177
130 195
40 107
133 147
149 192
88 184
26 117
76 128
35 17
70 167
91 0
39 14
23 9
194 17
120 130
95 16
35 2
151 152
118 135
99 139
53 98
105 183
50 179
91 113
32 144
152 156
97 11
44 0
41 58
99 163
128 169
29 0
41 155
158 3
123 174
105 16
45 75
89 140
78 11
42 1
154 3
2 8
37 19
180 183
178 8
110 174
86 17
62 7
28 192
23 160
112 15
147 7
64 107
183 9
150 182
103 184
84 2
25 18
66 5
31 195
91 112
129 16
141 157
144 197
44 109
90 137
131 11
48 118
60 10
21 186
155 170
77 4
123 9
8 11
58 14
47 8
69 16
51 53
37 66
198 12
46 113
43 4
124 166
129 146
114 2
40 5
38 113
183 15
57 8
38 158
55 9
41 9
31 4
55 141
146 13
71 99
80 13
64 144
198 19
54 77
158 0
123 169
25 165
89 10
127 181
134 8
131 191
106 121
76 123
119 134
28 59
30 94
20 0
10 12
101 17
187 191
101 10
145 11
117 2
101 12
22 113
114 173
103 10
122 9
113 2
197 198
178 10
39 8
98 6
21 87
121 190
60 93
38 4
119 136
8 16
122 13
111 115
34 17
135 15
27 4
162 11
105 0
177 5
68 162
32 82
68 6
179 11
108 156
100 130
193 9
51 19
128 3
103 137
25 3
186 6
46 116
1 10
94 146
137 12
51 4
0 16
112 127
108 1
110 136
22 13
30 70
53 6
51 199
93 18
176 185
27 5
57 0
25 146
113 6
2 13
95 146
58 119
104 175
24 7
136 184
131 194
140 7
3 19
77 154
75 187
191 196
142 162
175 14
51 123
45 80
92 176
111 152
103 122
84 7
185 3
98 1
118 0
4 11
144 9
62 2
115 144
148 14
150 6
54 18
56 120
86 19
56 95
191 10
182 0
161 187
1 4
125 158
31 7
197 2
47 10
142 0
66 175
62 11
74 168
34 6
109 19
81 135
98 15
22 34
179 183
100 101
175 10
97 0
59 142
129 9
106 173
91 13
134 15
106 164
92 162
32 3
110 0
124 16
29 199
42 3
109 1
120 179
23 158
1 14
79 140
124 12
80 12
29 19
80 158
80 14
189 17
93 110
36 184
184 1
61 15
119 6
37 150
32 151
47 112
85 0
69 19
138 18
61 88
81 127
113 19
77 149
136 15
60 16
66 193
1 17
155 10
129 11
156 11
37 120
51 67
161 15
64 10
168 10
11 17
72 126
93 11
67 182
43 18
58 19
139 142
27 183
42 180
44 8
75 14
172 11
70 147
180 192
165 190
112 5
117 160
48 90
30 2
52 189
101 119
179 181
36 4
23 12
28 12
60 65
39 153
86 150
33 44
117 167
78 13
182 197
185 12
39 162
96 186
67 17
81 111
189 5
110 6
167 183
136 182
63 10
49 103
128 147
50 7
108 14
103 8
4 15
104 199
43 55
79 15
104 1
98 7
109 168
105 15
85 129
92 152
100 12
58 117
84 168
145 189
192 1
94 196
46 107
27 13
99 196
50 155
36 15
9 15
55 175
196 10
50 111
45 17
74 81
160 12
129 142
30 129
70 117
197 3
61 171
145 18
57 173
25 186
104 5
133 176
23 5
185 11
32 12
107 12
24 144
125 196
139 9
180 5
121 2
97 103
110 13
89 138
86 3
70 74
154 174
153 7
176 16
51 157
91 153
92 1
181 11
22 80
170 197
21 84
33 105
37 147
34 197
28 116
51 5
60 70
98 4
46 78
118 167
29 15
115 167
174 0
35 125
69 92
83 180
54 191
126 5
42 108
184 6
54 125
158 176
82 148
13 18
27 106
38 18
188 15
24 15
24 188
20 72
119 8
25 36
26 128
150 13
27 60
66 104
134 194
153 18
122 7
81 119
34 18
54 15
45 84
36 13
47 141
190 13
150 8
150 176
89 190
56 2
135 174
177 194
67 70
33 17
149 3
56 4
47 75
107 8
136 1
71 163
168 15
30 65
68 142
40 83
197 7
90 196
143 158
28 17
104 178
50 105
171 0
70 8
30 59
57 14
156 15
37 188
66 152
94 11
100 18
88 150
184 18
65 6
59 73
58 152
174 4
145 17
137 159
103 161
31 1
170 2
52 105
54 14
27 133
123 1
38 140
67 4
153 3
4 13
84 171
89 153
12 14
114 0
40 58
140 0
156 17
52 18
153 189
30 106
83 142
114 119
88 188
181 6
147 192
194 12
37 8
144 17
154 186
22 111
137 13
23 79
164 179
42 45
24 17
115 6
166 8
67 138
44 103
108 139
170 14
14 16
57 150
123 155
147 11
87 127
43 77
26 14
0 5
48 16
40 156
64 12
176 5
76 188
56 195
137 2
23 164
186 191
72 196
73 4
65 88
31 50
123 130
96 114
54 145
41 79
44 17
45 121
103 12
93 10
162 8
141 152
33 12
102 1
141 15
75 127
46 12
102 3
20 164
41 167
82 16
130 137
35 89
100 160
167 0
135 162
82 144
132 5
86 112
72 132
86 126
100 13
150 170
40 61
195 7
86 0
162 4
176 4
184 17
42 13
37 17
56 14
32 157
67 7
159 8
58 139
61 105
78 141
66 18
129 12
139 13
137 186
159 11
44 79
58 17
172 1
26 157
162 197
84 109
8 15
29 122
132 15
35 59
62 143
94 178
78 79
171 17
141 17
46 171
114 192
100 122
20 10
105 2
42 18
24 11
106 9
96 9
128 159
52 5
50 182
123 179
177 8
59 18
70 187
53 115
182 190
85 18
109 9
111 7
35 187
23 0
93 143
99 176
79 99
62 3
95 19
100 109
169 183
174 18
89 149
33 111
115 164
74 9
21 85
125 14
38 13
37 160
93 5
25 15
64 88
132 172
144 10
24 155
89 150
46 88
165 0
192 19
28 80
121 11
177 14
113 136
191 2
97 172
57 16
79 10
137 1
140 177
161 11
163 9
78 171
75 2
3 7
132 6
58 10
42 129
150 10
61 182
66 4
5 11
193 11
177 4
149 184
32 87
75 134
113 3
197 12
78 185
78 8
142 174
91 116
61 151
30 172
38 10
173 19
47 191
118 19
23 59
78 15
33 4
110 186
71 153
109 173
124 162
102 15
61 194
149 9
86 189
68 16
107 13
199 10
59 161
40 170
137 190
134 193
21 169
124 19
172 14
77 193
117 12
81 92
13 17
177 9
90 3
70 15
117 159
107 1
176 13
84 10
45 167
117 14
119 184
171 14
74 162
29 176
166 187
12 19
32 8
92 149
3 9
108 173
72 14
61 152
116 136
37 2
188 8
115 137
100 4
133 195
119 4
62 144
22 1
102 176
48 112
71 131
93 13
33 122
70 2
63 0
45 10
46 2
96 145
95 17
30 15
65 86
80 114
190 10
100 192
91 135
61 122
39 139
172 5
152 2
46 9
188 3
20 172
87 150
113 8
156 0
61 147
27 128
84 196
27 6
35 173
93 195
156 1
52 78
119 165
90 165
197 19
52 88
77 110
80 143
65 10
30 54
89 4
146 184
146 4
62 73
32 70
43 5
137 154
33 65
143 6
176 197
168 11
8 10
54 117
39 132
53 2
84 150
31 71
172 19
61 9
69 171
107 11
94 179
42 76
199 1
170 17
29 49
40 11
104 14
62 66
11 19
36 141
56 11
157 9
61 144
118 17
195 0
116 6
72 9
78 183
70 11
123 126
70 149
140 4
9 16
156 2
186 8
106 180
76 7
39 1
168 6
150 5
179 180
95 123
186 9
115 2
52 19
192 18
123 141
91 10
34 198
199 3
79 165
2 9
35 110
111 3
65 189
116 7
100 138
90 5
77 17
196 11
48 17
141 196
33 159
148 184
103 4
179 10
66 98
89 13
179 7
65 152
168 4
150 18
29 2
41 86
122 10
95 183
48 146
56 163
105 188
29 5
77 197
152 17
27 198
161 2
53 125
116 184
59 8
97 8
41 18
92 124
146 18
105 175
14 18
180 182
116 1
39 49
87 11
28 136
168 176
111 158
39 112
34 132
79 122
79 89
98 124
52 174
26 195
114 163
17 18
143 167
33 131
109 15
113 13
51 193
127 13
173 16
121 7
31 150
69 80
81 16
49 14
106 17
194 7
72 6
77 175
146 15
66 171
6 14
62 106
101 5
151 10
20 14
47 2
44 46
69 8
103 7
24 198
96 143
134 160
64 167
16 18
48 157
128 6
26 178
48 124
132 18
57 77
1 13
119 141
99 185
33 103
32 163
42 16
146 10
140 196
198 4
184 198
95 167
43 59
194 10
30 182
69 168
117 133
57 9
125 6
159 5
22 39
101 4
196 17
166 9
25 147
81 14
72 121
174 17
99 4
34 176
132 182
164 8
88 0
87 90
84 14
55 187
162 180
46 11
57 131
44 149
27 2
78 138
74 181
74 188
81 93
32 2
180 194
25 16
46 199
160 1
154 15
28 123
96 5
65 15
41 89
154 1
39 15
106 181
39 142
119 11
36 131
84 117
120 193
153 176
46 0
80 169
32 104
45 18
20 174
105 1
106 1
107 7
24 2
42 183
85 11
32 199
110 15
187 190
118 151
52 17
80 171
50 180
85 133
126 155
183 11
129 19
28 194
80 5
110 16
25 12
139 12
99 134
52 84
31 141
63 5
39 3
27 121
31 3
76 15
70 16
133 14
141 6
131 4
148 170
109 129
47 15
167 14
119 151
20 12
142 12
51 147
38 8
78 188
31 125
117 1
116 15
85 16
72 179
64 99
76 114
0 14
106 4
138 6
177 11
45 62
56 78
31 198
93 120
51 166
89 7
2 14
93 16
148 160
52 6
93 112
36 0
57 154
24 14
142 147
149 15
150 4
29 73
68 141
185 9
60 186
124 182
91 197
100 168
103 125
92 12
104 130
99 155
46 123
125 146
57 165
28 13
46 91
153 17
146 182
185 16
112 0
152 197
101 18
25 130
38 94
188 5
104 118
35 157
40 47
118 7
117 121
24 13
199 16
3 12
114 116
92 182
199 19
61 173
86 128
43 3
109 16
22 3
185 189
28 8
108 168
126 180
115 15
132 168
68 17
113 10
191 192
143 3
176 9
123 182
28 162
120 7
3 13
33 169
47 96
120 2
116 8
191 19
65 76
73 9
74 12
144 14
71 100
163 12
167 171
105 176
97 128
33 59
77 7
24 66
77 151
110 9
130 4
166 5
26 173
23 6
176 0
149 188
68 100
28 56
57 168
71 170
60 94
149 170
47 84
189 7
106 169
56 104
72 195
28 89
7 10
31 99
2 17
64 17
120 0
174 10
81 174
112 176
104 159
99 181
155 13
186 10
117 168
173 195
99 16
122 6
138 8
61 12
56 197
194 11
56 68
10 16
78 17
1 5
56 58
82 93
114 16
23 18
143 180
149 16
141 178
108 197
102 164
105 4
61 160
81 18
121 15
24 12
128 10
62 195
87 17
44 122
82 15
88 158
174 8
94 176
146 177
148 2
197 9
91 149
66 179
105 136
10 18
21 15
40 4
25 195
161 4
126 3
86 105
74 184
45 101
33 154
176 194
85 172
25 78
91 8
77 147
89 3
102 19
52 137
49 8
138 17
107 186
190 7
150 1
163 19
41 13
29 197
183 19
103 107
180 2
86 193
107 192
99 18
166 3
71 11
152 189
133 13
128 2
37 14
74 18
137 11
127 15
53 132
158 4
23 173
34 159
58 147
180 14
150 0
51 54
70 90
99 14
118 14
154 187
100 149
56 9
168 13
121 177
96 194
23 183
194 8
38 48
62 64
7 14
30 95
10 11
193 199
145 188
117 118
1 2
25 39
127 171
64 182
58 160
76 14
24 150
18 19
88 3
147 149
44 73
75 15
59 147
120 12
3 15
92 9
125 7
167 10
196 4
181 3
192 16
186 15
61 183
107 175
116 139
101 9
61 7
166 17
110 198
89 125
160 10
181 13
66 67
28 115
142 17
119 3
182 13
53 7
86 2
180 3
98 117
197 14
84 17
43 6
63 146
73 17
94 182
10 14
64 138
169 16
54 104
49 163
165 4
178 188
67 194
45 135
51 14
48 1
16 19
60 149
69 18
39 168
7 12
56 154
126 11
20 67
151 154
56 19
26 135
96 0
134 19
198 5
38 125
66 116
75 153
111 145
159 2
72 4
143 178
67 10
110 180
142 9
66 17
149 195
77 139
0 15
37 46
34 87
30 9
113 131
2 3
74 16
76 12
0 17
51 10
179 13
61 83
144 7
128 179
126 183
41 117
2 19
108 19
92 8
5 12
121 1
68 171
145 15
74 5
116 183
66 172
52 1
135 146
8 13
46 60
53 138
78 1
111 16
91 9
77 132
138 3
132 14
28 102
89 0
24 0
139 2
123 19
68 2
102 16
49 4
189 0
96 184
76 154
82 114
76 124
34 37
148 165
70 5
92 127
0 10
97 10
55 134
47 108
28 7
59 13
157 2
153 9
54 69
65 179
45 15
111 142
74 11
128 19
48 0
182 2
85 184
65 171
66 150
103 9
115 9
128 12
146 8
116 122
198 1
94 169
24 160
150 16
70 162
138 14
30 186
33 166
30 5
44 11
80 151
26 13
63 18
80 152
107 114
60 113
157 0
23 168
66 107
195 3
46 143
138 5
35 38
36 97
120 176
150 194
160 7
68 91
80 148
49 7
147 2
70 80
5 8
8 17
51 18
38 50
154 10
144 177
37 4
156 8
35 186
123 16
87 9
26 145
40 84
108 151
25 14
112 115
175 179
23 14
39 97
137 198
26 6
172 182
62 101
143 0
32 106
94 125
48 12
89 124
133 0
106 14
3 17
139 15
100 145
95 4
3 8
162 5
189 14
119 191
138 150
31 68
74 185
63 97
113 128
7 13
70 12
55 74
149 167
0 3
68 73
183 14
84 15
37 11
85 169
114 132
76 169
57 10
46 14
65 83
148 159
4 14
40 13
32 9
110 4
60 134
102 179
33 63
40 198
58 188
84 166
132 13
139 156
194 15
122 182
33 14
191 14
96 127
26 199
76 184
121 165
24 86
4 17
169 0
64 3
96 1
0 2
92 156
59 86
6 10
183 4
114 7
178 179
106 179
185 2
45 11
36 171
92 143
84 13
103 179
72 1
101 147
20 56
129 15
151 1
63 2
52 2
28 16
123 5
177 7
179 2
73 7
179 0
73 144
123 4
85 190
175 8
35 48
15 17
123 11
52 15
130 155
5 10
51 17
94 149
170 1
12 18
29 45
51 158
98 9
84 8
82 141
87 153
34 152
103 199
161 18
112 8
168 16
45 46
101 1
38 103
171 13
123 124
198 17
62 111
52 0
63 75
165 17
42 163
134 166
40 16
1 18
183 18
116 179
49 2
149 12
35 180
118 9
180 6
8 9
31 8
21 63
28 60
109 121
26 16
103 0
173 197
166 1
53 178
155 195
2 16
104 2
82 3
3 14
71 106
16 17
152 19
75 150
95 142
56 119
89 12
29 58
78 14
83 108
57 199
74 1
147 14
2 4
33 7
121 8
120 4
104 190
31 9
43 119
77 163
187 8
136 168
37 41
13 14
160 164
147 160
54 19
115 1
108 183
63 12
43 60
96 10
173 15
160 3
111 192
142 16
64 5
96 19
81 2
148 0
199 9
23 70
21 140
78 95
81 116
97 15
89 115
55 172
68 9
31 11
135 4
128 135
91 106
165 179
10 19
62 164
150 15
53 3
28 4
56 67
64 134
68 77
122 178
57 99
194 0
54 190
65 11
107 118
68 121
80 17
61 11
77 97
43 71
30 53
83 187
140 148
97 173
168 9
62 125
75 9
45 110
187 12
46 168
38 72
73 79
63 140
124 129
84 186
64 11
98 12
180 1
141 192
121 6
54 97
6 11
44 151
156 5
126 142
1 16
74 13
173 0
31 70
155 11
49 158
46 133
43 13
54 17
197 4
145 4
185 194
23 39
32 164
139 10
174 11
178 181
67 94
158 174
21 175
47 136
141 191
111 139
110 18
62 133
77 126
190 2
39 7
22 2
67 9
113 1
9 12
117 9
43 109
4 12
160 13
23 13
80 199
115 153
99 9
80 103
23 10
49 87
41 4
66 186
65 157
159 15
150 19
73 148
193 6
77 153
42 80
145 12
74 82
151 162
82 12
42 58
24 9
7 19
28 175
157 13
59 157
87 192
4 18
197 0
181 194
119 195
71 7
121 157
134 10
164 12
150 183
72 16
80 177
106 194
72 17
114 13
177 3
13 16
32 96
35 19
188 17
101 164
35 147
190 11
33 16
117 4
