158 14
177 4
108 15
73 13
172 4
162 164
141 18
84 8
118 6
199 14
141 151
37 7
13 15
97 165
44 172
38 1
40 7
102 164
96 176
96 141
43 59
156 1
103 19
166 6
119 186
143 10
5 15
39 193
94 149
122 19
169 10
111 150
60 11
146 9
55 13
20 195
34 81
34 15
92 100
181 0
114 13
130 0
105 196
64 11
76 104
109 4
78 10
125 183
47 70
41 167
94 184
176 10
56 180
61 96
92 174
111 1
29 70
25 73
129 11
54 5
42 185
160 16
21 43
104 166
149 14
78 19
30 79
29 9
151 163
39 140
35 80
23 155
72 184
195 3
63 188
134 14
32 5
22 8
13 16
138 14
16 17
51 100
135 7
193 3
194 4
18 19
181 12
182 12
77 166
45 77
146 19
61 149
46 51
138 145
38 111
45 195
48 74
21 194
51 149
157 1
85 18
98 123
42 47
8 11
122 2
111 15
68 71
72 15
66 19
85 192
131 11
67 133
163 170
129 181
113 14
81 82
22 10
90 19
116 16
38 13
126 169
57 82
109 6
182 4
107 122
170 14
17 19
155 7
111 184
121 3
179 10
23 32
185 9
84 5
66 87
43 11
91 131
37 77
54 17
52 187
35 187
33 148
104 17
23 128
94 111
130 18
30 13
138 180
70 157
74 189
79 3
170 19
47 3
128 169
35 59
151 172
193 7
185 1
58 16
172 13
49 173
66 88
116 184
83 7
28 162
154 4
196 8
71 5
188 1
140 15
82 9
104 0
47 104
57 5
88 17
132 149
155 5
82 195
27 67
60 186
69 2
129 0
54 2
69 15
61 138
141 17
80 6
128 182
65 81
3 8
153 157
196 2
32 105
48 147
147 8
136 3
115 196
138 0
91 17
50 67
155 1
187 17
63 86
68 146
134 2
126 14
37 18
115 17
83 95
90 97
35 62
88 93
30 8
93 13
36 6
115 184
78 18
139 7
103 107
102 171
95 100
40 140
60 77
100 106
57 0
87 13
155 11
29 19
167 8
25 8
41 141
21 14
7 13
40 113
41 18
133 139
143 9
111 158
140 9
40 2
165 0
155 15
96 177
49 7
42 11
112 1
44 0
137 9
142 183
172 14
71 127
110 8
120 18
193 16
113 9
157 169
25 15
29 46
9 16
199 15
32 12
33 13
74 193
144 3
44 195
102 115
96 189
159 17
146 14
115 142
50 110
158 19
98 18
51 161
32 143
31 193
112 19
134 9
65 139
81 5
169 1
92 111
108 149
3 19
62 156
122 160
140 145
26 52
146 179
103 14
86 14
143 19
103 151
62 120
81 14
73 1
107 2
33 4
43 177
115 183
76 90
143 2
95 118
187 14
20 118
42 57
85 86
162 1
39 137
161 8
96 153
26 58
187 2
40 101
39 71
140 179
134 7
87 16
180 19
76 14
110 169
155 3
58 104
47 111
124 4
81 121
56 139
24 131
116 138
97 153
22 144
41 182
66 2
139 5
73 185
13 14
116 168
27 80
71 154
153 15
117 2
132 194
135 143
0 1
56 61
69 176
77 132
125 4
5 17
52 164
72 7
121 150
52 0
132 168
143 16
98 129
85 12
124 192
133 3
70 160
48 13
145 175
51 11
172 10
133 7
121 15
195 0
173 4
122 11
45 10
185 8
183 13
54 177
3 13
163 190
118 160
25 6
195 18
140 153
47 161
153 0
185 5
140 194
36 3
183 8
92 102
6 10
29 141
173 6
32 158
84 188
74 2
154 169
50 132
163 19
45 15
60 62
128 9
15 19
14 16
78 145
42 7
71 105
107 133
128 17
28 14
142 19
3 11
99 126
79 4
135 16
63 122
119 146
36 117
72 138
184 5
30 65
109 131
159 8
122 13
83 17
80 179
137 0
52 54
69 89
43 1
63 132
33 1
137 16
37 72
167 18
126 13
154 172
16 19
27 50
29 0
165 19
123 184
0 2
128 0
143 198
58 11
31 83
134 4
1 9
190 19
44 14
40 152
156 168
149 164
182 0
38 0
51 126
73 166
123 166
58 92
81 152
25 65
80 15
169 19
118 165
152 8
34 92
32 15
96 187
77 140
36 71
13 19
76 188
71 11
89 2
26 192
27 77
33 179
172 17
159 4
36 19
31 17
25 9
95 103
74 168
158 13
151 19
179 4
175 10
68 18
154 0
86 11
143 14
1 8
82 144
44 167
122 6
126 10
72 104
74 114
171 196
95 16
50 175
144 6
72 2
174 4
61 15
77 94
159 6
3 5
82 171
165 172
133 11
102 3
70 4
92 150
113 13
75 175
69 1
166 175
75 146
127 195
84 108
27 45
21 60
179 18
176 13
52 7
108 0
78 137
81 12
198 5
43 74
174 19
165 17
199 2
35 145
40 49
109 168
198 14
92 110
3 16
114 172
67 158
65 8
27 16
36 9
68 114
173 1
55 12
116 160
166 192
198 4
125 6
164 19
39 194
133 180
75 5
180 14
151 16
39 96
40 11
110 179
118 197
25 82
58 120
184 0
127 9
152 16
161 193
61 110
39 187
87 107
195 19
152 169
76 18
51 157
81 2
38 7
29 6
196 10
192 15
133 140
87 146
171 11
48 10
23 18
43 49
115 157
103 110
121 139
71 75
55 5
87 134
30 2
22 19
115 5
24 122
164 16
167 16
98 9
156 12
36 11
55 127
87 126
185 7
158 18
129 144
134 0
31 128
65 141
70 6
86 92
28 6
122 174
148 187
83 190
176 1
83 19
123 5
100 188
91 143
22 119
96 11
79 19
40 119
73 146
101 11
199 8
38 144
102 10
198 3
140 157
77 122
129 6
165 176
64 5
124 2
66 3
137 18
87 92
141 156
148 196
34 176
3 9
78 15
156 11
88 3
88 149
20 164
160 11
182 5
189 0
152 0
148 199
43 2
78 131
78 92
106 13
78 117
133 134
114 5
64 95
156 8
63 165
167 10
125 159
0 11
111 163
60 9
33 164
84 131
101 112
76 152
108 129
52 6
61 9
143 3
2 13
108 128
22 192
110 12
48 103
183 192
114 15
58 59
37 5
60 134
148 15
133 10
26 141
46 92
175 8
72 10
37 194
131 159
33 194
47 62
144 188
26 1
78 80
178 179
131 13
97 18
117 180
39 119
45 110
27 172
150 182
81 85
71 14
6 19
113 3
145 174
86 17
117 181
93 149
115 10
43 6
87 169
159 14
54 70
112 11
54 7
53 65
179 14
64 4
66 11
89 99
135 5
24 123
114 154
88 148
122 146
24 86
75 102
60 189
166 2
62 10
105 114
127 8
123 10
94 1
118 19
52 150
23 40
31 180
75 198
194 8
45 5
56 66
59 17
126 127
124 16
54 118
130 180
186 16
62 148
158 4
39 8
153 5
110 195
44 46
38 75
160 178
126 11
28 122
97 192
39 54
42 74
188 10
120 149
136 5
165 16
175 187
171 14
42 17
101 156
98 163
190 4
143 12
102 19
7 9
20 166
30 6
59 84
64 14
38 152
84 0
43 85
93 18
14 17
90 147
32 6
123 192
125 8
47 10
87 147
128 152
64 12
90 14
66 67
192 2
45 158
4 12
28 43
36 1
24 30
168 17
182 7
43 149
62 100
59 121
188 13
84 146
89 107
185 6
130 10
95 196
86 149
51 138
76 8
34 12
66 127
98 17
36 150
159 178
89 198
101 174
191 2
134 15
12 16
47 132
81 140
31 166
94 161
75 11
135 14
61 5
127 13
119 168
105 14
63 5
112 0
1 3
39 16
30 51
58 108
46 167
3 4
49 100
43 98
55 147
143 185
51 102
56 17
72 17
175 15
35 14
181 17
197 19
174 10
94 18
166 177
137 187
112 16
121 160
86 180
59 120
59 94
37 51
84 6
165 182
53 88
14 18
55 77
50 148
1 14
154 158
40 5
193 14
42 167
187 193
36 48
68 190
0 17
0 16
124 18
82 6
166 178
20 163
50 157
45 16
193 2
43 166
5 9
47 181
132 6
96 15
148 8
115 11
10 12
110 13
108 7
118 7
180 13
21 89
110 129
120 7
87 12
197 8
177 181
51 140
167 196
83 151
82 83
92 15
95 106
134 190
51 12
41 111
9 11
133 141
147 17
114 121
5 19
188 14
63 151
33 2
97 4
177 9
0 14
115 176
120 164
102 8
176 180
57 145
21 17
37 192
83 186
91 7
5 13
3 14
40 18
75 151
137 10
60 4
24 25
67 161
34 9
131 1
85 112
23 159
2 9
69 156
101 1
177 186
143 165
165 6
138 15
74 81
114 126
26 126
59 155
103 3
163 16
35 46
31 90
106 110
56 143
196 11
160 14
39 141
23 0
23 19
30 112
124 17
175 16
22 161
39 50
140 158
198 10
33 40
99 193
91 14
66 123
149 11
32 194
162 2
116 10
63 140
39 178
84 99
188 17
55 17
110 174
81 15
64 140
77 97
178 5
8 19
85 122
152 2
61 3
2 8
99 156
62 92
81 179
79 171
196 7
96 132
26 149
23 127
179 191
161 11
145 5
125 151
169 6
62 12
62 3
77 199
22 171
85 99
55 19
92 18
136 170
22 175
91 3
75 14
24 17
91 155
28 10
84 132
53 93
66 15
1 18
2 17
171 173
180 17
185 187
77 0
134 194
174 11
196 19
40 99
32 41
20 23
195 14
70 87
91 12
162 11
31 48
61 71
4 13
53 153
41 104
68 137
59 5
28 159
187 13
161 19
87 2
157 19
189 14
118 16
93 113
165 9
4 19
29 5
80 12
129 167
61 4
134 146
48 180
84 18
98 120
71 90
29 176
141 7
5 11
84 3
89 9
39 66
32 92
35 111
177 8
154 9
36 138
0 18
173 177
103 5
49 190
110 141
113 17
35 17
66 121
104 125
135 189
40 12
38 140
57 139
157 12
196 5
100 167
1 4
85 151
85 157
22 2
41 93
112 10
164 168
179 0
86 153
91 178
25 149
109 18
93 12
78 174
31 4
99 1
120 159
151 10
71 98
28 173
106 198
76 122
45 63
26 16
71 16
109 146
24 13
103 15
47 4
56 122
48 136
31 57
178 199
49 194
66 107
40 13
47 6
142 12
44 11
34 18
79 142
52 107
46 68
90 3
131 18
21 73
69 16
71 9
120 16
64 126
129 163
151 17
108 4
152 179
23 120
69 181
4 15
44 15
43 89
37 81
47 170
134 3
99 150
112 6
166 16
121 16
96 190
47 112
174 7
42 10
50 139
129 186
75 156
43 162
164 7
59 9
89 15
35 82
104 135
55 81
38 129
111 10
35 8
51 180
74 122
73 7
197 0
28 101
185 4
164 11
85 9
84 179
30 82
101 3
152 11
138 155
62 149
170 198
35 168
42 97
109 128
61 121
172 197
85 162
175 182
21 11
125 13
167 3
81 8
23 13
197 2
189 190
10 17
143 11
138 6
57 143
108 17
96 17
29 12
76 19
38 185
105 11
139 19
41 15
43 116
102 2
182 15
77 107
83 159
47 61
42 9
114 146
165 15
124 155
35 0
21 175
143 18
32 53
77 184
197 4
115 153
93 2
155 16
150 0
55 10
113 167
122 132
58 97
139 15
168 195
181 19
59 140
115 145
28 51
187 15
40 187
98 157
192 4
0 7
20 8
124 0
87 15
98 3
48 16
158 163
30 109
151 162
170 6
22 1
174 6
132 12
57 142
71 7
47 186
57 103
20 14
94 19
101 17
96 122
159 13
55 118
81 9
90 181
89 4
35 115
115 154
81 187
153 198
113 0
8 15
176 3
26 3
35 86
150 15
110 144
20 13
136 14
131 138
41 9
100 13
145 183
32 90
73 14
34 159
37 115
171 178
95 5
73 17
80 173
82 3
1 2
63 18
80 0
38 61
80 14
64 118
32 49
179 15
115 120
44 99
73 184
157 163
139 180
165 7
142 8
173 178
62 4
147 4
65 1
106 12
20 192
96 126
52 130
152 1
135 9
104 9
92 1
66 7
118 129
63 105
82 17
71 92
72 182
31 108
27 54
188 4
116 145
24 115
68 112
137 12
89 0
24 182
38 113
197 10
82 10
105 7
50 16
136 13
87 18
197 11
186 7
76 198
70 18
96 18
41 187
163 7
156 177
20 17
25 64
195 10
30 18
169 170
128 148
1 10
28 188
145 12
42 12
76 195
103 133
48 9
109 147
103 16
131 166
80 147
176 15
31 104
171 8
33 15
11 13
48 18
99 8
46 119
67 0
124 158
2 10
41 122
175 1
6 18
141 16
86 192
51 113
129 13
2 3
118 179
196 0
39 57
177 193
134 16
90 12
165 197
95 143
41 157
184 2
15 17
58 67
60 163
130 2
56 1
162 13
81 141
195 7
57 161
35 1
171 176
31 39
3 15
4 10
124 140
122 15
58 6
26 27
64 163
117 3
197 12
80 154
68 14
51 165
34 41
139 181
119 13
100 15
150 179
24 121
113 1
154 165
101 14
130 159
69 133
122 138
62 192
86 111
56 106
49 169
38 117
107 11
63 16
76 10
152 18
63 9
123 135
98 177
142 4
169 14
79 131
185 191
71 80
70 13
142 148
40 104
77 18
168 176
86 157
110 3
97 2
86 89
78 85
74 111
101 150
155 8
73 197
185 10
134 11
153 17
65 3
43 8
177 13
29 104
1 12
73 99
22 16
41 90
88 2
129 17
43 9
69 138
150 167
71 137
144 145
42 194
24 132
172 0
116 5
179 13
45 14
176 6
29 165
147 14
36 145
67 7
68 10
146 178
119 144
12 14
70 5
1 15
59 175
155 12
24 6
12 13
25 159
85 179
21 6
47 71
190 1
71 18
55 187
105 1
22 142
172 15
34 17
102 128
31 42
119 178
49 131
53 8
118 15
15 16
98 1
67 11
41 50
121 183
193 4
45 19
36 17
125 9
87 109
57 10
69 94
156 2
37 44
96 8
156 169
182 190
51 18
66 14
46 2
115 2
35 76
132 143
59 173
48 17
54 174
126 4
183 1
110 10
154 14
88 114
131 4
99 140
39 115
60 111
167 15
117 189
2 7
77 78
184 1
177 2
132 13
76 4
77 171
152 3
114 17
91 10
97 167
1 11
84 13
29 4
102 152
21 9
83 185
137 15
117 14
106 121
61 0
154 8
134 157
157 4
30 104
141 3
55 142
43 155
76 12
89 188
99 143
147 11
126 158
97 17
183 17
115 172
183 2
77 180
64 7
45 140
119 19
39 11
114 4
121 142
164 4
106 14
88 121
6 9
74 100
62 75
119 14
111 6
29 18
44 175
93 99
63 2
53 112
10 14
164 10
99 13
91 165
61 160
21 74
114 129
5 8
137 175
2 14
57 116
175 192
167 7
144 149
60 2
34 172
195 9
45 167
88 19
51 114
131 10
64 156
155 177
112 151
43 0
197 15
93 6
147 172
38 85
49 157
127 156
61 104
29 50
121 198
39 93
181 186
55 83
141 5
86 172
25 130
115 6
31 74
36 137
186 5
72 159
80 168
74 10
75 6
4 14
65 12
122 10
45 116
58 12
156 9
3 10
99 3
78 7
117 15
111 157
81 149
181 5
105 13
123 7
66 168
23 7
38 19
30 183
89 110
198 19
10 13
132 16
64 136
120 14
163 9
196 4
191 3
53 90
77 128
113 10
74 15
179 16
49 125
129 7
34 10
52 17
119 196
86 144
157 0
106 187
176 5
140 193
168 9
28 8
45 120
116 123
54 14
113 161
161 168
144 12
43 112
128 16
58 141
86 5
153 4
24 16
39 9
194 5
87 11
183 0
179 3
119 134
10 19
99 19
38 86
100 121
28 103
39 191
130 169
39 100
77 8
17 18
0 13
108 8
42 130
110 11
43 126
74 106
187 12
144 16
161 181
136 180
163 0
5 18
127 172
36 174
33 11
71 13
10 11
98 186
179 7
113 15
116 0
51 143
75 194
84 10
153 2
24 81
106 183
97 124
127 4
51 145
96 9
117 154
88 7
64 0
158 5
158 1
178 9
83 4
106 2
189 12
11 12
7 19
169 194
111 4
65 9
131 168
96 7
141 149
115 13
125 154
29 106
8 18
11 18
56 124
50 154
37 13
42 184
131 133
59 69
23 67
30 129
141 164
37 2
38 6
0 6
63 13
51 73
56 128
168 12
134 187
57 137
105 165
120 3
120 10
54 128
103 124
58 157
89 17
35 65
93 156
124 9
137 2
116 14
117 155
55 16
55 6
193 6
60 185
92 186
141 158
71 99
53 10
155 4
121 10
39 18
194 198
150 5
141 153
58 17
199 16
157 15
118 12
70 127
76 160
163 14
85 180
31 102
63 130
78 2
88 179
65 4
83 104
61 6
167 197
114 169
138 172
126 175
124 11
79 6
57 81
121 17
109 111
72 18
54 153
92 4
104 1
188 19
9 17
108 3
4 17
25 174
191 0
27 86
44 4
35 10
35 36
72 135
88 4
169 3
80 182
96 5
116 8
27 144
8 12
128 2
174 9
95 19
22 13
168 10
77 9
62 5
90 117
122 151
12 19
52 13
76 13
47 57
196 13
69 148
99 14
37 1
0 8
52 127
170 0
22 58
81 19
91 127
72 142
101 18
140 141
90 13
130 17
84 134
36 5
20 148
106 15
128 135
91 159
85 196
100 155
194 1
121 195
60 96
189 198
134 19
104 19
155 13
148 175
68 8
134 8
87 0
48 126
46 165
58 81
84 4
157 18
20 107
98 12
79 161
188 194
9 18
171 17
141 2
101 13
180 2
190 16
107 13
21 59
27 177
58 66
23 6
28 38
124 144
22 31
112 4
114 6
178 194
108 175
92 122
103 123
106 1
190 8
48 124
144 2
20 183
48 67
112 120
152 13
175 17
133 0
184 185
153 169
160 8
138 174
64 8
20 16
32 19
85 126
184 15
140 4
141 171
86 165
39 132
67 74
57 7
94 188
54 9
116 7
81 156
198 11
21 118
113 2
85 4
27 140
160 5
62 0
125 16
80 125
151 18
74 153
129 161
79 183
168 1
87 185
40 136
126 149
134 154
32 75
62 177
21 183
71 176
187 197
58 189
38 11
84 139
97 12
27 2
55 153
175 14
51 56
74 162
54 193
31 49
46 78
45 106
165 3
5 14
39 15
97 19
81 0
24 18
104 3
64 172
187 8
125 135
34 112
111 142
91 2
71 95
144 172
140 154
168 18
79 156
102 148
132 14
63 120
79 7
31 18
114 167
94 0
24 8
138 18
106 11
48 70
22 147
144 1
145 17
2 5
126 130
95 97
35 3
108 12
42 180
130 8
108 2
43 3
59 1
155 2
172 7
166 7
11 17
172 193
146 8
141 143
116 11
98 7
193 11
25 29
150 9
79 14
31 11
133 190
47 93
191 14
179 2
35 77
63 7
177 6
9 15
21 2
108 10
31 159
48 0
79 196
123 16
60 104
39 136
1 7
3 17
143 5
50 10
36 90
152 173
0 4
46 100
68 117
150 14
117 196
2 11
53 159
89 182
134 18
67 86
85 0
119 6
71 158
130 178
42 3
20 70
28 17
37 14
56 16
2 12
51 136
91 18
131 151
81 7
162 15
24 78
45 6
58 87
50 191
32 157
162 4
74 19
139 155
58 9
37 73
37 107
64 128
130 134
96 149
38 3
129 19
77 142
36 0
69 192
165 10
50 0
39 188
159 10
199 1
35 105
79 160
190 10
131 184
34 52
75 19
7 8
132 7
89 190
74 175
21 23
48 19
152 184
158 17
74 176
34 39
187 3
60 83
117 8
176 9
5 16
95 2
7 12
109 133
41 45
188 3
60 19
23 158
100 8
171 6
21 19
57 77
148 14
33 118
165 14
38 14
4 8
65 17
39 5
6 16
7 16
173 11
57 1
176 18
132 8
51 193
124 143
182 197
1 17
4 11
147 19
151 7
112 2
26 49
29 159
86 103
92 13
56 99
76 0
136 12
66 122
122 14
120 187
59 14
29 32
13 18
68 99
42 152
133 148
26 41
101 102
153 168
168 0
191 10
63 19
24 140
9 19
176 19
145 15
105 17
150 195
27 17
2 4
114 3
150 16
73 10
45 17
8 13
94 15
74 78
117 12
157 16
35 13
159 3
56 3
89 152
61 187
67 17
143 193
160 1
81 161
198 12
114 10
147 16
114 141
39 1
49 2
195 5
195 8
107 10
159 0
59 153
54 104
170 18
91 11
14 19
104 14
30 15
93 17
68 194
52 55
135 4
183 6
139 12
76 108
170 9
46 3
119 5
122 16
85 189
153 185
78 9
42 110
45 174
64 1
81 142
87 184
31 91
51 164
81 17
121 158
69 142
70 113
153 154
167 19
60 18
123 8
182 192
173 9
40 181
72 5
69 91
37 71
121 0
138 159
38 121
66 18
30 7
72 88
177 187
100 11
38 148
71 19
162 16
100 145
26 18
174 5
66 160
187 0
84 128
96 3
52 95
9 12
136 8
180 3
119 1
100 4
22 87
45 99
138 170
50 57
88 12
52 148
86 169
129 2
188 18
154 6
196 3
141 11
131 142
64 71
70 10
58 139
50 130
80 10
131 7
64 19
162 14
103 131
119 4
121 11
32 13
100 117
107 19
186 14
154 12
90 150
192 16
35 160
44 145
78 182
16 18
173 5
136 157
12 17
27 49
199 3
63 116
173 183
163 3
35 15
196 12
70 150
74 198
71 159
168 15
41 123
3 12
91 183
123 17
132 4
7 11
21 124
39 2
146 13
62 125
47 17
154 18
69 17
89 8
156 182
73 189
142 9
120 1
59 7
65 69
0 19
49 94
44 158
68 4
54 191
53 5
156 165
189 15
43 115
193 12
47 128
153 195
153 16
137 4
79 179
56 131
145 1
68 167
78 183
150 160
72 4
45 189
47 48
79 184
50 64
34 170
5 7
112 5
28 0
99 11
23 75
172 199
76 161
88 143
59 66
138 160
173 192
63 108
109 138
85 107
86 167
95 6
99 190
123 172
185 16
24 159
10 15
51 89
108 127
55 1
98 191
43 131
180 11
126 8
67 8
26 148
49 19
69 182
114 131
116 150
30 54
139 185
136 11
84 15
173 15
102 14
52 12
49 8
98 16
47 19
24 4
48 116
197 18
75 7
80 4
123 14
86 1
158 176
69 11
165 188
63 12
28 75
100 191
62 118
133 12
4 7
100 185
57 79
97 5
43 107
154 5
100 190
49 18
21 166
46 88
146 16
55 99
98 5
30 115
103 164
29 83
32 1
148 2
23 110
163 175
123 173
35 188
26 194
40 9
193 18
177 17
39 103
49 70
129 3
165 174
75 165
77 11
53 128
23 97
61 164
68 196
153 170
73 125
77 175
186 8
73 106
21 115
74 145
70 11
144 7
27 8
34 132
0 12
139 164
44 2
189 18
51 0
150 175
154 11
82 8
149 6
167 4
35 50
70 122
117 18
98 14
11 14
96 1
112 9
58 4
3 18
174 13
131 179
106 7
0 5
43 132
44 174
189 9
47 13
172 9
56 18
50 150
122 7
102 18
71 151
122 156
114 0
86 16
80 18
42 13
100 154
61 18
83 18
62 13
32 198
179 17
146 166
31 8
155 176
45 12
150 10
90 167
57 171
103 104
155 6
81 13
26 36
27 6
179 12
147 150
75 10
6 12
21 174
159 185
47 16
170 11
75 9
55 8
32 156
112 155
109 139
195 16
11 16
198 6
44 126
25 136
64 152
121 164
69 190
22 3
40 0
5 10
101 162
94 99
115 134
136 198
167 0
85 149
26 146
40 16
187 9
90 9
42 4
181 18
178 17
20 168
49 3
74 13
52 5
72 19
44 128
45 48
43 15
46 56
58 130
81 6
22 149
123 1
196 17
53 4
31 55
58 119
113 16
105 188
4 5
23 10
128 15
31 77
106 167
22 68
122 1
120 125
48 149
70 176
146 12
83 168
59 4
108 18
143 162
32 173
70 2
153 187
25 1
144 17
50 14
96 179
70 8
40 62
119 18
86 19
116 152
122 181
35 9
77 110
92 16
92 133
184 14
81 150
29 167
170 192
115 135
47 180
90 171
4 9
49 193
20 69
73 179
95 157
113 7
7 14
107 170
80 143
155 0
80 149
57 61
50 74
63 147
68 164
27 18
75 171
29 52
52 15
108 196
108 14
190 7
48 3
186 15
48 150
63 14
198 1
2 16
68 92
7 15
127 10
84 141
7 17
33 69
128 183
50 197
159 12
66 5
25 114
123 9
86 160
77 16
41 82
123 185
23 36
69 12
28 86
36 42
115 199
42 67
108 195
49 76
37 157
46 155
89 155
94 12
75 118
57 126
79 11
20 58
67 15
183 185
25 54
150 7
55 119
91 112
150 6
105 175
158 8
97 142
78 89
95 162
142 188
52 1
76 97
71 129
173 0
73 18
110 4
84 158
107 161
95 7
21 84
128 142
0 15
91 19
56 6
23 46
95 15
107 188
145 199
78 1
73 155
30 40
3 6
41 6
40 6
185 192
61 166
44 142
140 6
41 194
146 163
164 6
128 12
67 19
110 14
97 6
47 9
20 53
61 162
149 197
29 137
21 165
47 68
28 48
140 18
192 17
158 166
133 172
111 13
42 1
124 15
55 14
102 11
91 13
58 169
32 0
74 136
106 129
123 12
93 119
194 13
6 15
145 190
88 100
106 8
140 10
101 2
80 17
95 12
112 129
175 9
155 10
47 82
8 10
87 143
6 13
64 81
89 185
125 145
77 17
10 18
178 4
66 174
25 10
80 16
112 14
20 150
47 1
176 191
6 14
181 2
12 18
86 128
170 13
95 1
167 179
155 14
89 118
158 162
70 99
111 169
102 1
0 3
32 197
13 17
68 151
23 14
188 5
63 106
193 195
178 13
78 8
106 143
144 176
108 159
59 188
76 3
75 0
106 146
50 87
140 8
53 17
95 9
2 18
89 129
199 19
112 183
120 4
60 16
54 4
156 15
182 19
45 180
92 131
52 73
190 6
36 165
66 71
122 9
46 6
68 12
26 177
150 2
65 112
61 19
108 185
32 93
37 175
80 133
66 157
70 154
161 173
81 114
177 0
74 196
191 11
183 5
109 11
173 12
41 80
29 195
112 166
77 127
79 162
20 0
84 7
44 152
49 111
64 106
178 18
26 57
120 196
168 181
59 183
104 4
70 198
107 110
42 16
193 17
53 57
33 14
139 172
172 11
186 13
23 9
104 12
23 11
69 3
22 128
55 191
137 17
109 155
105 177
180 18
196 1
92 99
85 11
101 7
52 136
198 16
51 134
100 19
51 186
92 139
91 162
154 10
36 79
60 155
51 156
49 6
168 11
99 16
169 2
191 16
136 9
51 17
73 175
69 99
99 0
84 1
63 80
26 9
47 84
133 6
5 12
31 179
145 3
63 119
165 167
96 183
113 4
73 0
125 7
86 0
144 194
170 15
61 80
126 192
113 154
29 113
57 118
56 109
147 12
164 3
28 11
48 72
58 3
44 7
121 6
114 195
184 16
75 111
108 176
70 169
73 19
79 16
57 193
104 106
145 187
111 5
62 1
145 178
144 19
44 125
95 194
181 185
105 15
68 0
37 165
96 188
190 194
120 8
89 133
61 99
139 1
48 112
79 96
154 1
38 12
194 10
69 0
41 65
97 9
112 178
138 156
157 11
75 81
1 16
170 8
133 189
33 102
56 104
180 15
172 6
22 91
128 166
169 171
8 17
108 157
83 6
66 12
166 13
106 112
149 151
140 2
145 150
109 16
107 166
112 153
178 192
117 120
195 17
138 186
134 13
23 184
111 148
22 27
4 16
115 133
27 119
107 195
41 8
57 18
168 13
136 165
161 176
63 10
73 81
106 181
171 7
10 16
152 12
85 2
41 0
108 183
183 12
127 1
46 198
110 16
183 16
70 14
109 160
74 94
45 194
50 2
197 16
71 12
94 194
36 37
92 137
147 163
144 169
90 8
147 5
118 10
126 12
71 180
109 174
64 151
47 134
184 10
42 5
186 189
94 11
163 8
61 69
155 195
57 178
41 10
104 112
31 14
68 16
147 0
43 151
161 165
164 14
65 15
106 138
53 108
97 102
160 4
7 18
172 188
22 125
34 11
111 161
178 15
84 129
119 15
38 4
93 131
34 198
135 15
61 12
185 12
178 2
5 6
155 9
166 194
171 2
42 18
185 14
74 6
149 194
28 79
94 145
32 107
82 88
118 143
83 16
151 4
59 12
109 125
74 7
83 111
99 2
66 76
144 18
127 171
62 14
64 89
36 131
54 84
20 179
25 43
104 130
60 8
86 2
50 144
42 105
102 4
169 11
43 19
123 18
95 0
74 12
68 135
84 2
1 5
32 17
11 15
177 3
137 6
120 175
107 164
175 19
127 18
59 174
107 121
191 13
146 7
35 7
60 157
78 151
145 14
64 115
73 5
35 95
102 126
35 19
29 162
147 176
12 15
81 171
89 100
71 73
109 1
50 98
83 8
168 2
67 1
47 8
149 9
36 98
73 177
69 130
129 155
36 13
57 19
127 169
79 2
64 93
116 154
28 179
125 18
0 10
89 98
124 141
167 12
55 107
197 7
33 146
35 185
72 189
65 154
37 179
87 183
194 3
118 176
111 0
42 148
42 131
139 13
173 2
126 165
132 175
8 14
80 135
22 88
26 0
109 2
28 87
66 8
20 6
131 5
38 45
130 136
7 10
34 155
110 197
52 189
115 1
84 147
141 183
53 92
82 115
125 19
64 166
59 90
178 193
178 7
82 16
155 17
9 10
26 8
133 18
44 147
69 8
192 11
33 130
85 10
162 19
62 178
2 15
191 15
4 18
24 64
38 39
111 19
167 2
156 14
48 80
186 196
55 183
38 179
126 151
28 83
111 156
185 18
102 5
4 6
92 149
93 134
6 8
49 109
141 190
126 155
51 106
40 8
81 1
93 3
115 173
57 8
46 116
90 143
101 0
126 16
28 70
98 15
151 0
73 182
36 55
163 12
122 136
156 19
23 17
176 11
142 197
104 10
25 86
65 14
54 156
86 10
142 14
182 2
90 94
121 156
141 14
83 1
149 172
93 126
8 9
115 185
38 195
46 131
96 4
80 13
153 6
176 190
110 137
186 195
88 6
73 110
51 182
140 3
105 131
46 95
14 15
85 8
74 113
38 50
105 8
144 10
48 188
79 117
21 162
145 19
118 13
57 4
74 84
115 14
38 154
145 13
79 181
94 13
132 10
27 75
162 5
81 10
179 1
