102 122
12 15
105 4
156 18
123 15
125 3
130 1
130 151
63 144
57 61
129 10
126 142
39 11
89 173
49 7
189 10
27 47
3 11
55 10
23 8
175 13
58 137
176 12
161 12
130 143
142 7
36 46
58 141
43 1
22 5
151 12
54 1
147 7
88 4
27 60
182 17
73 172
116 175
89 7
148 14
46 99
51 125
56 19
131 155
171 180
81 9
58 14
66 4
0 16
38 6
119 194
88 192
109 16
161 167
46 57
80 179
7 18
6 17
98 179
34 112
91 17
111 11
87 2
56 17
133 145
191 19
86 158
69 180
183 16
20 119
35 187
39 8
134 152
81 162
133 2
94 117
124 11
61 174
20 49
62 18
120 172
136 8
53 4
43 90
59 7
161 4
21 117
129 198
60 90
24 120
36 8
7 17
162 1
52 18
95 194
64 179
90 2
176 14
47 138
176 9
86 126
154 157
135 164
27 45
137 9
45 6
25 133
188 19
39 154
93 145
33 168
26 182
24 199
59 197
177 15
145 180
116 4
87 92
109 1
26 170
2 3
71 18
95 16
128 6
13 19
174 11
66 174
181 16
38 1
100 123
51 174
5 10
194 9
111 140
166 8
105 12
102 112
20 125
65 111
181 13
138 16
176 186
71 149
6 11
114 13
121 2
128 139
153 11
39 92
151 2
39 10
100 9
153 9
72 181
122 182
37 130
185 17
3 13
98 11
184 8
165 178
49 139
160 18
196 15
115 1
126 194
133 3
133 12
143 169
30 85
38 41
58 1
180 9
40 158
48 111
104 168
106 1
152 191
92 188
129 142
28 93
142 189
73 146
33 8
135 17
98 193
191 7
123 1
85 0
92 190
128 0
180 17
78 8
101 16
101 15
56 117
166 168
107 157
126 13
137 172
30 1
33 74
64 177
104 4
104 121
94 134
46 152
98 144
139 179
25 41
71 196
139 197
0 18
187 192
196 16
78 16
146 6
58 140
199 15
122 177
63 187
94 111
65 81
25 104
118 120
180 5
84 195
23 162
108 127
82 9
142 176
112 8
17 19
54 17
24 99
50 143
61 15
72 13
93 16
90 12
162 173
101 18
4 17
147 13
165 19
165 0
116 13
149 198
134 8
146 12
164 7
156 16
28 5
85 180
187 17
29 109
76 181
32 123
103 12
195 19
135 14
196 1
57 145
154 13
41 140
148 154
166 187
69 8
29 2
69 73
64 169
127 16
178 14
79 2
34 179
22 2
27 190
109 15
93 192
158 8
84 140
118 14
13 15
155 16
23 1
11 15
141 13
37 8
81 145
151 8
75 141
69 142
103 175
73 165
168 8
93 123
56 3
75 186
86 129
8 12
68 87
189 13
86 9
96 4
80 90
195 18
94 98
165 11
34 77
57 101
91 1
88 1
22 26
30 13
81 123
40 185
47 149
55 74
173 7
183 2
91 15
74 127
168 12
46 171
134 182
149 178
167 197
56 1
61 176
69 192
158 18
32 191
95 12
181 12
20 16
67 181
59 1
95 15
116 191
70 83
114 2
179 2
140 179
43 8
42 17
22 79
98 157
97 157
128 179
163 174
70 14
52 90
173 2
23 15
177 193
132 155
119 145
52 189
145 155
115 10
71 125
40 17
28 124
196 3
90 190
154 1
97 108
143 18
130 14
59 138
116 12
31 139
1 13
52 186
58 0
29 102
42 170
146 191
80 109
138 177
149 189
54 13
85 10
32 130
60 7
129 5
56 58
192 0
96 182
34 41
57 146
165 7
28 188
52 134
88 158
95 154
100 1
109 13
69 163
42 86
85 6
20 7
133 13
61 86
155 162
165 15
107 170
184 17
102 190
156 2
67 95
87 12
62 172
41 106
81 15
67 4
48 63
30 0
99 157
177 7
146 13
85 98
98 13
172 9
115 146
121 178
102 163
1 14
188 192
48 18
128 16
73 153
167 3
135 9
67 149
173 8
125 10
106 14
95 157
50 127
100 189
2 10
29 78
23 181
169 1
177 198
21 107
177 11
41 102
27 6
86 14
41 66
144 156
51 14
116 9
128 17
84 13
130 9
22 106
78 180
23 12
86 100
55 73
5 13
81 125
125 143
72 15
10 11
153 16
30 2
31 97
74 12
181 19
10 15
74 159
125 13
130 196
135 6
54 12
125 177
58 73
161 9
28 162
85 86
20 188
60 135
103 4
174 16
131 13
63 121
153 10
106 11
89 3
46 87
6 7
167 1
21 154
114 122
124 4
122 18
75 2
25 19
175 198
49 197
40 19
136 146
177 0
57 118
121 164
45 9
187 9
69 5
154 7
50 0
107 196
103 17
37 3
90 6
7 16
140 0
155 19
103 120
83 166
28 77
52 16
44 149
197 11
139 185
74 122
116 197
97 2
47 193
156 158
102 14
54 197
102 168
133 142
46 89
109 3
181 1
66 154
199 18
87 136
56 122
73 173
30 51
115 19
63 18
23 192
85 112
43 147
116 19
144 16
45 140
73 195
81 19
121 1
88 143
186 193
155 6
79 10
152 167
128 4
108 8
5 9
172 17
147 3
65 154
78 157
133 176
34 7
57 138
98 12
39 198
31 11
146 147
172 2
51 101
188 197
106 16
46 14
47 167
87 138
21 182
79 109
74 183
62 4
51 9
90 161
190 11
126 3
158 175
148 2
9 14
27 80
107 158
96 17
104 157
180 2
113 157
1 2
48 78
52 180
31 120
82 95
57 73
71 118
134 11
50 16
193 3
31 12
132 7
97 4
73 136
185 12
105 168
136 12
126 2
120 5
67 18
23 18
178 190
129 186
137 4
105 123
94 147
172 5
51 197
76 12
100 13
79 3
57 62
98 18
45 186
193 6
107 175
90 125
184 4
90 198
95 127
79 7
38 3
143 17
75 17
90 136
151 3
97 6
67 158
60 167
123 188
2 11
88 8
40 112
187 15
37 148
29 132
93 10
128 11
49 134
97 7
100 121
109 147
124 0
142 14
51 4
8 16
114 164
51 1
51 3
62 104
48 123
40 109
62 9
9 19
42 12
4 16
47 16
128 8
58 188
120 4
51 122
40 11
33 19
84 8
61 1
92 8
158 4
133 18
92 4
112 17
22 116
11 18
130 18
118 11
53 118
163 178
104 5
89 1
41 9
90 103
85 192
156 189
46 7
49 15
37 149
89 12
192 13
121 155
35 121
11 14
178 17
105 170
65 148
36 183
160 166
116 143
67 137
69 174
59 14
20 197
34 154
84 3
73 161
23 175
97 19
29 124
192 18
113 134
71 191
60 77
144 148
47 3
80 138
173 14
179 12
192 1
192 197
60 3
166 3
148 177
68 9
157 19
63 2
82 169
122 3
32 162
32 5
15 19
38 4
195 5
134 17
102 111
20 199
123 134
1 10
147 190
89 162
6 14
35 11
105 127
38 45
178 7
34 9
94 184
52 17
39 81
161 197
46 184
43 64
92 0
52 58
179 7
46 6
64 193
33 52
100 12
60 178
5 8
195 2
95 17
176 16
109 114
122 163
146 18
82 19
25 8
82 8
187 11
56 134
83 2
134 16
46 3
42 118
152 9
114 121
88 92
156 19
43 88
43 116
67 11
20 11
41 125
97 1
57 84
92 152
90 5
175 0
61 185
90 10
133 135
27 10
155 7
125 8
185 0
21 42
76 6
157 192
121 176
48 12
86 159
100 6
2 13
63 171
124 182
104 169
79 163
56 107
97 14
34 0
54 14
182 12
170 19
59 158
48 2
62 1
96 179
35 12
184 14
55 198
33 108
31 110
159 180
57 14
140 1
158 160
29 177
155 184
175 195
169 2
43 148
4 6
100 106
126 143
66 3
196 14
116 139
5 6
21 71
170 6
23 0
35 8
60 105
48 1
60 18
89 170
148 170
187 19
67 160
41 174
154 17
173 185
171 11
3 10
162 11
40 195
73 4
145 1
59 154
81 167
68 13
144 6
126 157
58 197
84 96
40 176
121 166
170 18
136 1
30 140
125 187
24 16
148 19
6 9
99 166
26 17
110 7
28 16
86 168
53 14
71 189
34 14
129 2
91 174
145 16
149 1
100 179
39 139
159 162
118 3
54 167
58 191
196 11
136 157
93 177
80 144
6 8
152 10
185 11
75 119
123 144
94 149
53 8
126 174
55 170
34 116
132 13
135 163
122 157
178 18
88 0
117 168
151 15
96 136
77 7
164 165
76 13
58 7
117 144
98 133
69 166
88 95
22 70
40 99
76 9
53 139
6 10
191 10
142 17
188 195
41 1
59 93
141 19
75 82
80 17
78 84
61 80
103 15
143 3
125 131
38 18
127 171
129 153
103 125
84 17
173 19
149 10
26 116
31 155
139 154
102 16
71 17
41 152
41 104
137 168
101 180
159 186
58 156
36 95
103 119
54 15
23 81
114 193
133 19
40 93
130 146
73 18
41 18
155 194
30 127
89 199
81 4
37 17
43 17
25 127
76 17
115 117
70 10
48 9
129 175
16 18
72 2
34 95
125 12
169 18
20 84
38 121
90 195
47 129
198 12
78 83
85 11
90 116
105 164
139 186
64 19
63 156
33 51
101 12
1 4
114 17
145 7
43 61
115 164
65 74
48 182
97 174
198 13
21 175
155 10
44 171
107 108
123 198
22 93
89 11
150 9
113 191
139 18
168 5
33 139
149 5
161 179
158 195
11 13
136 2
29 18
67 16
54 2
29 136
7 12
148 15
89 16
36 109
49 52
144 0
171 184
41 4
76 117
141 156
97 120
90 93
101 8
67 80
127 173
85 3
21 93
179 17
53 190
68 11
34 99
76 187
166 11
74 19
78 2
93 178
130 5
114 156
141 154
148 0
77 9
99 1
74 115
58 88
3 8
89 159
13 17
42 1
29 4
49 152
48 146
6 13
162 2
76 16
98 7
80 106
47 135
153 7
103 173
170 183
11 19
79 13
96 6
79 127
49 193
50 8
128 14
37 50
88 153
60 121
173 191
88 104
10 14
138 12
1 19
126 6
30 80
55 138
33 57
70 12
168 14
168 2
67 19
35 17
37 143
76 4
103 171
86 12
62 84
54 99
160 162
153 198
2 4
193 7
111 15
13 16
195 7
130 197
177 16
196 13
83 6
87 1
88 147
48 162
29 16
3 4
145 8
171 9
20 158
78 3
162 6
122 5
28 186
196 0
94 161
160 11
25 2
83 5
91 4
65 182
37 156
177 10
58 9
62 127
69 190
148 5
39 18
88 14
49 94
107 17
180 0
86 133
98 6
133 137
88 127
25 118
22 65
55 129
78 196
66 130
26 74
2 15
133 164
48 190
29 9
133 162
129 145
95 137
46 195
106 117
82 10
32 39
46 120
48 5
65 16
111 12
85 12
107 5
117 19
63 195
143 154
89 198
194 3
131 173
10 17
138 167
73 141
66 15
141 164
112 178
54 140
130 12
50 190
54 95
192 8
140 10
66 10
114 12
36 159
75 0
99 2
150 176
31 153
131 18
77 164
143 6
40 86
191 12
137 10
160 4
76 195
64 9
48 179
169 15
20 175
103 181
112 3
76 115
129 18
52 192
91 5
91 169
72 186
8 15
60 13
28 170
65 9
84 170
83 101
98 17
71 10
141 15
103 148
117 14
55 12
157 2
198 18
75 94
155 195
35 57
129 12
68 175
93 176
180 8
165 10
126 195
107 154
175 177
42 105
44 4
30 181
4 18
34 72
116 15
76 15
98 10
132 183
46 91
55 124
94 6
184 198
76 1
93 107
180 11
124 197
74 16
168 3
62 5
148 196
136 5
30 9
54 141
42 11
138 181
66 175
30 16
25 10
20 96
157 13
154 181
111 17
64 81
140 16
78 4
112 0
33 0
130 161
110 9
62 180
1 5
94 179
23 124
64 11
49 141
0 8
1 15
179 193
80 96
190 15
81 181
139 10
93 101
142 10
153 13
101 14
102 6
64 141
164 9
99 158
174 15
183 188
12 14
51 5
98 194
170 17
2 12
111 16
99 137
41 136
150 13
53 110
195 9
126 135
30 126
75 194
95 14
52 11
86 189
166 13
127 150
68 15
108 143
131 14
182 190
189 18
45 191
98 140
69 156
183 192
82 118
82 181
187 7
48 61
100 7
48 141
23 16
151 10
157 16
152 187
48 107
58 182
45 109
91 156
12 17
84 6
112 189
3 17
77 178
33 117
67 2
151 17
80 1
134 14
88 16
61 170
119 16
198 0
24 90
49 132
90 177
170 9
115 11
155 172
164 3
167 12
154 18
140 182
158 171
49 164
125 2
26 78
116 165
15 17
110 5
29 42
137 194
140 17
94 7
159 12
119 19
67 17
69 125
28 57
117 2
151 11
52 99
32 1
3 14
56 15
168 174
65 5
55 90
42 15
24 91
74 17
106 123
39 102
134 150
69 187
158 13
60 136
188 5
26 156
87 190
152 6
28 18
45 195
29 168
155 156
156 13
74 181
57 15
108 12
128 133
113 145
75 98
52 2
107 0
41 6
128 198
0 10
84 7
117 13
116 164
23 115
23 3
68 8
135 8
7 9
104 161
148 175
8 10
102 18
0 13
128 2
70 5
2 14
97 105
173 15
62 181
91 92
89 194
85 187
32 118
55 175
164 0
51 72
28 114
101 7
130 155
43 65
91 129
49 76
62 149
61 6
83 135
94 8
166 186
150 14
78 17
35 16
122 17
36 184
82 117
99 102
175 4
41 7
191 5
140 156
142 11
56 4
87 17
104 162
42 2
108 109
154 197
28 1
72 6
127 12
163 15
24 6
197 7
181 193
46 83
48 15
113 116
155 9
69 173
64 3
145 191
184 11
165 9
187 6
59 130
44 11
34 139
136 153
151 19
79 175
68 140
50 151
125 7
88 89
110 166
62 143
148 11
105 11
121 19
25 170
37 89
65 125
64 10
84 10
197 198
130 145
174 10
149 170
44 6
78 9
142 2
36 150
151 168
93 17
173 6
193 197
137 15
105 15
117 3
55 171
93 8
169 194
31 163
149 3
154 159
32 17
124 1
104 3
188 8
54 198
65 19
80 5
52 194
142 9
55 162
191 16
37 120
21 65
135 3
160 7
88 19
149 184
44 90
72 11
3 6
77 132
110 13
136 9
131 142
78 12
134 6
12 18
142 16
75 121
30 53
27 154
96 12
8 13
104 1
126 166
82 6
138 8
43 96
57 16
165 175
59 3
65 8
22 157
32 52
177 17
124 198
160 17
1 8
52 167
112 7
181 2
64 93
162 13
170 190
132 164
34 52
106 168
171 190
66 168
74 2
197 16
110 180
134 4
47 4
51 169
81 193
79 146
52 12
31 1
24 131
100 192
63 0
161 162
75 100
45 106
169 12
132 196
33 16
51 13
65 14
71 195
87 16
128 199
60 0
171 7
16 19
76 128
181 15
81 7
46 5
87 109
123 19
0 2
93 125
139 170
62 78
52 4
173 188
72 1
48 58
5 18
104 6
31 64
140 3
56 171
102 11
46 138
163 0
56 141
106 18
158 17
62 3
34 176
72 112
70 107
175 16
77 147
85 17
59 188
122 183
0 4
67 191
151 152
75 133
187 2
28 123
77 17
0 6
100 3
177 6
95 1
136 6
126 19
120 177
43 87
72 148
65 18
86 18
30 18
185 3
171 10
161 16
144 17
66 78
117 133
25 86
62 87
53 12
100 195
75 1
115 125
47 168
38 16
104 133
41 199
193 8
166 176
5 11
25 147
95 151
63 165
108 17
189 3
113 173
140 7
71 14
45 11
166 0
55 8
186 10
176 0
43 44
117 163
134 167
28 12
122 9
147 19
174 14
34 15
183 15
101 167
44 86
100 124
87 196
108 160
86 17
30 19
67 141
62 194
47 7
121 9
89 94
25 33
2 5
114 3
118 187
43 174
43 4
51 114
31 138
56 180
77 10
54 0
22 3
1 6
59 182
35 127
0 1
150 192
61 5
146 162
105 199
121 194
22 192
79 14
42 3
50 72
159 181
22 17
35 60
136 148
196 8
41 193
156 165
149 16
90 179
55 125
170 2
164 2
65 17
188 3
127 129
194 4
165 171
102 189
60 11
76 8
76 176
11 16
48 81
198 2
28 43
37 14
100 14
196 198
37 7
85 120
102 108
92 98
164 1
66 12
99 190
76 147
144 1
170 16
104 176
36 128
154 8
21 152
144 152
24 136
159 165
145 157
109 119
94 109
122 143
72 179
78 132
50 4
68 79
108 10
64 144
93 12
110 148
38 105
136 3
32 3
117 1
49 93
127 13
105 197
117 18
103 1
43 6
114 5
31 46
76 19
55 103
172 7
103 0
190 9
154 11
54 191
175 19
147 4
48 186
9 18
167 2
37 75
178 183
23 138
163 19
31 17
88 166
31 93
134 9
122 16
51 91
124 3
169 16
153 3
59 5
30 117
34 5
73 7
26 40
126 140
129 4
31 6
53 18
52 10
48 177
142 172
112 166
7 15
121 145
53 101
61 13
39 19
80 162
48 3
41 16
0 14
51 112
21 41
21 163
150 16
40 4
80 19
66 172
116 11
136 11
161 3
179 6
143 151
114 199
108 123
100 138
151 5
130 167
43 111
38 141
100 18
37 170
172 175
11 17
60 70
55 66
186 198
183 6
147 18
108 3
74 3
139 2
94 156
82 17
136 4
37 0
44 150
109 17
65 196
36 6
103 138
20 174
121 12
1 17
29 0
24 133
24 7
57 2
65 135
68 101
21 8
104 148
153 177
154 19
100 11
99 133
104 151
75 5
102 10
26 11
48 101
54 174
71 11
81 5
126 4
166 1
95 9
151 16
190 4
45 52
197 3
39 76
58 18
20 8
39 111
178 2
175 187
183 4
84 119
54 109
121 163
143 1
38 19
57 12
42 122
173 180
64 164
80 99
107 173
110 10
180 7
195 4
121 199
24 10
33 93
192 9
165 13
183 18
39 12
129 168
40 10
21 184
39 3
103 178
32 195
100 183
27 53
94 119
194 14
160 6
182 10
94 152
131 166
3 5
26 98
68 167
107 19
43 18
78 150
31 15
4 8
87 175
97 8
174 176
46 17
81 112
176 8
70 171
135 18
179 19
52 60
51 17
99 4
146 179
26 188
71 8
56 11
36 16
117 156
135 15
45 158
40 8
107 165
24 5
24 115
67 128
90 18
66 11
140 183
49 180
10 16
148 3
75 89
29 76
117 183
98 143
65 85
8 11
152 8
75 147
192 11
68 0
94 185
57 143
120 180
102 182
9 10
70 130
49 140
135 136
111 7
95 108
131 6
54 93
22 74
34 2
138 10
57 10
9 16
128 15
49 167
72 18
36 42
89 187
42 10
113 142
76 148
104 177
154 16
134 0
74 10
122 0
68 133
40 88
4 14
131 0
163 12
1 18
21 173
20 1
29 92
23 4
106 4
180 10
172 0
152 12
9 15
105 5
31 13
138 13
80 191
105 174
49 17
191 2
81 90
57 13
34 16
115 8
41 19
140 2
79 153
73 191
68 148
148 162
97 12
139 19
140 12
66 75
27 16
103 187
195 17
59 10
120 149
104 150
124 137
88 170
30 56
136 19
50 1
27 19
190 6
190 18
130 164
28 66
143 152
111 13
62 12
55 87
81 6
68 85
68 159
30 145
49 11
123 192
43 193
78 18
159 17
115 2
44 78
78 130
43 133
113 5
94 10
72 14
131 16
86 15
37 95
141 4
117 142
198 1
100 15
90 13
59 71
124 139
148 188
69 152
65 15
61 3
100 0
1 9
166 14
20 2
20 154
85 93
167 176
132 5
104 197
124 15
34 6
84 1
33 80
194 12
193 19
99 143
27 180
77 117
105 153
64 12
63 13
130 10
178 182
7 13
29 8
116 162
82 189
167 18
20 14
26 5
105 169
81 0
152 1
46 8
95 102
5 19
144 3
45 154
72 7
101 5
199 19
40 127
197 9
78 139
127 18
103 153
96 193
114 18
57 195
21 119
123 8
112 120
111 171
25 120
33 13
77 11
134 2
139 4
66 16
162 179
90 15
20 86
146 160
77 129
113 151
48 10
122 13
96 10
153 12
39 78
97 132
42 74
50 124
59 113
35 117
69 104
127 8
150 188
142 15
103 157
90 11
184 9
162 9
39 162
66 19
70 4
105 172
26 194
35 18
40 159
105 181
49 6
22 31
107 4
78 0
74 130
102 3
62 121
104 2
67 5
190 12
197 13
147 12
0 5
57 135
34 94
142 164
90 131
142 4
58 2
117 119
9 13
95 18
25 6
104 7
29 145
43 55
119 180
25 3
93 14
134 19
124 12
7 11
48 19
188 196
147 5
52 107
45 196
120 135
170 1
176 188
179 13
27 9
91 13
78 15
45 182
2 6
35 41
62 117
52 0
60 6
21 99
69 10
69 2
169 19
116 119
125 9
112 9
100 107
152 18
76 14
135 1
53 123
43 10
123 183
39 13
60 161
36 154
23 7
23 193
156 9
97 182
51 7
119 17
21 9
196 7
74 178
42 72
193 0
27 1
145 18
194 0
156 198
83 171
98 156
120 12
134 168
66 13
120 16
37 70
146 8
53 167
81 163
65 3
169 10
54 80
45 2
171 6
61 168
88 155
36 151
147 8
91 172
45 194
73 101
119 144
171 189
4 9
141 143
174 5
24 82
51 19
57 1
69 176
77 186
84 182
37 74
85 14
174 19
139 9
186 6
163 13
85 108
92 10
83 189
45 122
199 11
61 187
152 2
26 81
25 103
38 75
82 155
20 21
130 19
34 151
65 115
105 16
178 16
9 17
158 9
119 12
36 177
0 12
173 10
82 7
176 10
105 13
126 159
42 172
3 19
106 3
55 157
27 15
109 111
74 15
118 15
86 6
126 186
31 195
1 7
95 0
54 19
177 19
116 174
156 164
150 0
191 1
44 3
47 102
74 1
130 134
150 3
66 150
10 19
6 16
103 8
28 142
115 158
172 11
179 184
131 11
26 27
36 121
43 12
5 7
120 0
25 199
30 168
107 6
186 187
89 163
95 6
70 1
156 8
6 15
121 189
44 12
112 174
4 13
90 140
160 9
83 128
82 120
178 13
87 148
23 17
72 4
74 14
163 18
116 18
99 18
75 15
68 16
173 16
164 182
32 119
63 182
145 0
29 17
127 146
53 78
122 129
93 6
20 40
78 87
35 198
33 163
33 7
186 190
162 10
4 12
161 5
47 98
35 179
188 16
25 96
190 17
132 10
199 6
43 151
99 3
37 82
95 141
21 68
194 11
105 113
77 18
27 137
21 0
132 11
123 154
80 16
67 3
106 10
178 6
93 172
89 179
161 17
175 8
60 12
139 196
90 1
135 149
24 3
104 115
199 3
94 2
69 167
109 194
132 6
30 102
75 6
25 125
198 9
199 17
131 192
58 171
86 97
24 161
49 51
21 17
58 59
62 135
60 17
125 17
50 18
192 16
185 16
67 14
102 164
57 157
162 14
108 178
103 114
175 15
45 15
1 12
116 146
21 5
49 16
45 8
175 11
40 5
84 191
121 150
69 145
45 1
149 7
63 103
84 12
65 84
138 188
104 16
26 4
194 8
8 19
149 12
20 70
160 5
96 155
90 152
7 14
28 107
82 13
64 131
142 185
51 10
129 155
156 6
50 198
112 16
57 18
51 87
184 19
59 196
62 157
0 19
64 78
35 59
49 147
33 70
188 10
145 4
143 2
45 19
97 13
132 3
120 192
41 60
194 15
69 13
103 182
108 15
74 153
173 4
48 175
0 11
36 51
181 11
86 178
37 96
84 19
122 15
174 193
98 197
168 198
89 6
18 19
66 0
157 4
131 15
124 5
73 92
112 1
185 10
117 137
70 18
80 6
56 131
75 7
27 116
88 140
117 4
143 13
189 1
130 173
52 125
118 140
4 5
136 178
138 4
93 11
131 190
155 3
31 4
27 3
68 7
92 145
133 17
77 166
159 0
22 4
30 15
113 17
30 176
35 88
34 119
41 82
43 134
67 10
49 13
171 174
66 179
29 163
141 7
140 19
84 157
158 14
78 181
142 190
101 158
89 174
118 6
113 120
51 156
52 15
138 0
41 170
106 142
82 15
158 193
87 178
85 99
15 16
183 10
63 183
118 12
58 160
50 160
89 9
69 78
99 13
72 116
52 110
60 16
107 9
197 14
13 18
27 55
23 35
112 4
40 125
112 10
11 12
135 181
29 176
21 16
184 3
164 196
55 114
84 107
82 162
111 3
35 68
142 191
31 123
55 197
38 190
36 168
85 9
87 0
70 157
168 19
60 93
108 2
61 175
70 7
33 14
41 45
42 49
40 187
71 15
197 0
56 6
61 17
34 12
139 187
165 12
159 1
61 14
28 181
42 178
68 147
40 12
121 5
89 104
7 8
94 189
112 14
164 19
41 153
60 98
86 156
28 8
60 190
116 6
86 182
59 133
32 82
79 167
8 14
60 85
137 2
68 182
137 6
176 192
75 10
116 147
180 15
150 11
17 18
108 18
73 112
61 4
21 118
76 105
82 4
28 140
43 112
119 149
116 192
0 7
44 137
198 16
189 191
127 9
49 130
176 17
180 185
134 7
97 18
120 195
41 93
89 183
42 77
155 18
40 16
58 157
22 154
25 188
119 2
4 10
114 0
142 155
154 14
36 2
145 12
175 12
85 144
8 9
58 16
59 4
9 11
85 103
103 16
130 195
29 73
166 175
5 17
50 169
78 179
44 19
73 1
79 0
172 14
162 196
51 127
46 15
65 181
69 15
149 158
120 11
107 1
66 145
34 3
23 101
156 4
68 106
20 143
26 44
68 5
94 191
98 5
95 11
58 146
72 5
95 3
49 95
111 122
40 175
116 5
85 130
101 17
100 164
165 168
60 5
108 7
22 12
100 2
132 18
89 111
106 17
87 10
65 2
56 95
29 13
49 8
134 145
158 10
70 176
150 12
50 15
32 45
38 5
59 80
121 144
49 0
22 1
76 18
32 98
21 51
21 19
34 142
134 149
24 103
47 11
59 9
54 67
79 118
75 3
153 6
22 131
136 16
93 142
27 7
50 3
114 8
26 0
49 170
46 12
123 174
77 182
123 153
165 5
151 162
96 146
47 142
67 89
153 2
167 182
189 2
124 9
134 12
79 144
143 171
102 12
85 104
83 174
146 17
113 18
34 185
26 109
178 19
70 192
181 8
56 116
112 5
20 9
38 7
3 12
5 15
68 19
10 13
116 134
30 178
95 4
124 165
137 158
27 160
75 11
22 37
197 19
23 182
48 49
52 1
84 159
110 4
42 8
39 58
92 95
21 31
53 175
79 107
74 18
45 0
29 79
178 11
51 68
113 12
53 168
67 169
89 91
61 193
170 4
84 16
185 4
195 15
107 13
82 103
20 126
151 174
35 9
87 102
96 128
21 78
96 118
32 59
146 4
162 192
83 113
29 101
129 135
78 13
150 6
78 170
6 12
21 77
135 197
58 194
33 60
132 19
89 17
38 161
164 11
106 15
3 9
122 10
194 7
47 107
71 16
23 2
178 199
197 6
44 138
47 194
159 194
108 4
59 102
144 188
31 16
137 19
121 172
48 112
1 16
32 150
110 176
147 14
34 168
79 154
117 169
127 1
129 164
128 13
84 9
151 0
96 106
2 18
80 139
193 12
74 170
166 18
12 16
57 120
81 10
109 8
21 176
171 5
80 170
0 3
42 174
55 135
55 139
85 19
51 15
113 9
134 146
110 120
94 174
196 9
76 110
31 119
64 72
47 74
174 12
15 18
172 13
124 19
1 3
28 35
141 10
127 2
147 17
102 1
94 11
111 149
28 112
121 10
48 6
127 162
2 16
154 199
36 7
66 18
87 101
86 115
73 5
38 65
121 137
99 7
20 37
88 7
144 11
60 78
30 196
96 1
110 3
63 1
101 19
141 147
4 7
120 194
82 2
26 3
107 137
24 0
13 14
104 132
32 14
131 171
63 19
152 16
158 3
88 182
175 18
116 159
54 102
79 12
159 2
77 104
51 152
117 12
138 7
194 10
72 74
28 59
55 0
89 177
43 86
111 199
99 12
71 162
79 122
37 12
34 188
108 193
60 64
25 87
112 13
31 14
189 8
53 117
24 80
119 125
176 13
123 3
98 100
21 121
133 170
125 179
63 196
67 118
47 6
45 145
72 8
14 16
143 4
22 82
5 14
152 168
86 196
70 96
140 147
3 18
125 148
114 15
20 75
178 10
48 168
65 7
57 74
109 12
71 7
191 193
26 19
157 168
107 179
150 10
33 58
46 143
31 190
191 17
66 6
90 113
20 164
169 3
187 12
187 5
105 106
23 106
67 75
147 15
5 16
139 8
199 0
158 15
184 0
48 4
82 91
33 71
22 10
42 151
62 0
78 1
54 10
165 196
129 181
156 5
173 9
45 17
22 55
150 18
20 55
170 11
66 2
30 47
146 10
123 14
67 198
107 2
166 189
110 15
97 15
36 13
170 8
44 60
62 19
191 0
170 172
0 17
12 13
28 78
21 85
76 186
38 199
60 87
76 198
166 15
120 13
199 2
127 0
89 195
29 12
96 9
189 0
65 79
47 188
27 46
76 81
75 123
161 19
28 89
163 10
131 4
95 178
93 139
102 13
86 7
24 123
22 85
31 72
148 4
44 7
149 179
141 177
83 10
3 16
53 198
129 154
181 5
138 9
39 131
87 173
91 7
23 19
148 16
36 17
63 10
158 182
2 7
180 195
92 155
176 3
141 12
147 192
164 5
135 19
61 11
37 19
51 134
105 19
113 11
125 182
139 141
29 60
196 17
191 6
27 74
41 133
132 137
55 1
116 10
45 14
77 13
22 18
43 13
167 16
115 179
173 0
80 4
74 103
59 19
49 1
107 112
54 132
175 189
3 7
181 7
80 0
25 88
53 5
152 14
167 4
162 17
125 157
70 166
44 14
158 173
91 167
108 6
93 15
113 115
87 119
137 1
2 17
182 8
124 186
198 6
184 7
99 199
121 14
137 8
56 70
134 15
42 65
21 80
20 170
108 190
52 14
194 5
57 97
133 5
102 9
132 140
107 155
78 6
40 50
191 4
116 1
111 6
159 9
62 15
114 4
21 74
140 6
59 8
26 118
53 62
126 9
119 141
35 19
32 19
31 189
165 188
158 198
100 10
83 8
182 11
168 4
127 17
121 181
61 131
47 97
63 128
73 93
126 147
104 18
6 19
49 64
163 17
130 3
22 73
49 9
38 55
181 9
166 16
139 12
99 19
66 170
168 7
71 104
131 2
28 7
132 16
174 199
80 9
60 148
38 8
97 134
38 77
61 179
29 3
57 151
117 17
60 74
47 12
79 91
121 174
83 12
174 1
182 14
176 18
72 9
57 199
169 5
55 19
26 16
68 17
32 113
88 139
70 11
61 198
138 169
37 113
190 0
124 7
66 166
84 151
47 15
62 186
83 156
116 138
92 180
74 191
110 18
50 7
7 10
86 0
105 6
