22 37
100 15
66 114
170 182
71 4
60 85
63 16
81 14
140 10
4 12
20 169
122 4
26 116
171 19
101 1
99 115
93 18
15 16
82 196
120 6
84 13
126 184
100 3
145 14
32 17
61 94
52 2
94 185
33 14
99 16
174 4
140 13
196 16
40 132
81 1
58 199
21 19
41 130
41 16
76 2
34 16
154 173
156 18
127 15
132 10
27 3
122 14
20 40
41 61
104 169
53 158
22 35
58 13
68 109
4 5
106 10
165 189
146 5
67 141
23 8
55 142
80 136
114 16
133 138
59 8
114 12
86 199
72 3
25 89
57 160
3 4
170 18
157 14
98 198
20 18
167 171
107 0
42 6
149 19
48 85
107 11
161 18
44 8
64 113
150 3
114 15
60 15
9 10
65 167
101 121
135 12
183 12
179 19
176 195
172 192
106 18
59 90
73 4
52 150
135 189
92 17
99 14
41 10
105 11
187 8
34 107
117 178
25 40
62 138
38 42
83 11
128 4
20 83
0 16
96 173
144 18
21 71
146 12
143 162
65 137
68 3
100 10
136 193
5 14
136 4
145 147
100 173
40 135
119 16
168 5
104 8
135 3
196 8
188 2
175 14
13 19
131 170
46 141
65 110
183 15
79 127
121 187
114 123
22 112
166 14
51 19
48 2
106 139
156 180
158 15
78 17
134 146
88 135
67 88
69 7
166 7
72 155
35 78
67 2
87 177
63 144
27 9
42 89
71 11
53 5
142 160
75 6
67 11
42 180
179 14
182 190
155 5
27 41
115 153
61 5
75 155
130 166
141 192
107 10
79 92
111 17
6 13
64 14
97 18
37 165
158 5
89 186
0 12
135 149
2 5
49 185
92 189
128 186
150 14
24 84
44 47
22 144
49 62
133 163
75 104
97 3
26 100
116 19
33 68
23 193
150 198
4 7
89 9
42 166
87 155
187 14
109 133
165 166
99 199
137 18
124 2
111 145
187 9
2 16
45 81
125 168
89 128
46 83
149 193
196 17
140 184
84 126
174 185
86 5
67 120
66 2
176 3
53 136
130 1
174 194
119 146
127 13
157 9
91 97
34 3
74 12
95 18
184 12
113 163
83 101
77 11
110 10
66 19
66 174
83 103
148 195
60 0
113 14
89 134
133 162
144 162
60 104
82 3
48 0
50 62
150 2
72 160
87 131
42 17
59 91
121 2
26 80
80 3
183 194
138 5
30 8
45 10
67 73
76 18
179 9
137 152
6 11
56 152
73 5
195 19
182 1
69 111
47 119
113 16
173 11
144 0
133 17
50 16
44 59
24 47
81 3
46 106
79 163
158 7
41 71
148 164
127 177
73 163
32 88
5 15
93 3
62 11
155 12
142 147
47 9
35 19
86 15
124 14
140 141
26 133
80 5
88 6
186 192
53 1
144 2
119 169
59 12
158 11
170 14
40 13
104 184
123 0
155 6
112 5
98 183
92 140
157 198
131 175
62 18
77 177
142 12
20 168
71 160
31 68
55 16
192 5
64 162
53 107
106 161
155 18
170 184
130 137
52 53
57 10
113 192
178 15
80 137
161 4
78 164
35 10
98 177
28 96
35 193
136 18
26 38
149 195
22 128
108 9
40 10
64 159
25 114
159 15
146 17
2 10
39 120
5 8
88 154
156 172
121 17
89 173
21 7
57 13
20 139
26 144
8 11
42 99
73 167
64 178
69 8
20 19
65 139
128 151
22 125
49 90
54 117
90 7
129 1
4 16
155 3
168 183
138 164
194 3
40 90
194 4
41 81
165 3
49 15
52 16
86 9
60 13
96 192
181 13
184 194
64 4
122 13
24 143
117 193
159 8
82 193
37 86
64 7
119 139
9 19
6 9
81 118
116 4
33 70
56 91
157 167
63 160
103 6
163 8
121 9
95 12
89 12
63 111
71 2
90 176
178 192
71 5
61 128
122 178
193 10
59 182
46 0
166 18
190 192
168 0
97 16
55 18
94 13
171 188
59 14
175 5
123 12
197 15
77 5
116 8
109 15
101 7
80 182
44 183
41 86
120 4
27 129
42 10
118 17
145 15
1 9
66 191
89 194
76 198
131 134
104 13
69 120
153 0
62 13
71 92
141 15
161 19
177 2
31 6
164 7
21 45
33 195
191 12
55 131
76 147
44 155
129 9
76 3
194 13
116 128
64 89
148 179
40 12
69 1
163 180
26 19
47 120
166 12
22 120
35 3
191 3
76 183
56 78
3 19
88 170
23 9
53 71
65 15
68 1
36 0
46 69
47 139
60 140
46 72
144 193
197 1
50 3
153 8
136 190
172 5
195 5
195 3
44 9
86 133
63 6
121 14
68 143
100 156
60 10
65 1
59 6
118 7
73 0
95 114
139 146
188 10
82 87
37 60
138 16
30 111
89 161
67 194
160 19
150 11
102 17
152 15
2 9
175 187
71 95
110 19
52 58
100 188
186 194
47 17
66 95
118 192
95 16
164 183
33 141
43 52
83 8
29 158
103 12
70 10
66 185
47 4
72 82
89 11
77 8
36 148
87 7
37 179
61 6
43 55
10 17
128 3
112 118
41 4
88 15
133 189
113 125
98 153
136 3
25 4
38 16
111 13
66 178
11 14
44 3
147 11
113 9
49 5
115 194
64 110
33 171
84 154
150 4
121 159
180 13
176 178
180 3
133 14
132 3
45 17
81 104
115 18
185 1
21 196
20 14
196 2
143 5
14 18
21 132
149 9
33 4
166 9
127 19
31 19
133 18
172 191
183 1
150 10
146 196
195 18
173 10
166 11
81 135
147 13
63 12
128 19
70 72
82 85
76 8
28 10
43 18
122 157
53 169
119 190
177 5
25 183
99 19
27 10
4 13
6 17
105 150
62 12
176 11
144 11
136 159
65 198
139 9
45 7
107 183
136 143
154 17
99 4
33 48
192 0
38 49
101 12
167 189
23 186
108 12
6 18
149 173
22 121
183 8
149 185
134 190
24 72
70 1
63 85
104 155
49 160
123 184
129 7
146 2
27 2
101 176
3 16
188 17
76 187
36 137
28 17
119 19
161 196
66 68
165 188
113 8
134 11
177 4
128 18
108 6
73 77
135 178
91 169
26 42
8 13
23 114
176 18
22 19
63 3
116 0
104 180
42 130
45 79
84 1
175 6
135 6
132 193
60 173
68 7
20 60
59 2
48 15
22 88
179 4
53 3
69 3
23 56
29 115
139 179
45 109
149 166
132 173
40 192
99 188
106 116
192 10
30 18
106 141
79 7
88 197
157 5
37 138
124 136
135 10
86 13
169 4
192 196
21 138
135 176
32 159
69 129
27 5
106 13
132 14
29 14
78 14
125 141
148 4
142 5
96 2
159 163
177 3
71 143
90 120
41 57
40 7
68 13
86 14
160 179
79 146
42 18
151 17
146 0
28 134
46 138
86 186
164 199
31 193
61 164
180 18
152 18
110 144
142 1
22 155
147 14
103 108
125 18
28 158
34 78
35 65
44 1
199 16
92 19
43 9
85 17
20 4
148 159
35 17
56 86
23 50
153 19
83 13
56 3
98 151
169 196
78 6
58 15
50 51
98 5
55 10
57 156
57 2
155 193
20 106
39 110
139 183
124 16
136 155
186 8
24 173
71 73
40 158
46 12
153 169
64 183
150 172
105 139
76 144
171 17
151 5
21 129
140 189
195 197
103 1
95 122
161 173
147 198
75 143
87 190
33 144
126 5
122 17
120 138
147 155
93 164
181 1
55 111
153 2
56 146
130 183
65 12
122 15
26 17
93 160
56 190
67 85
162 7
161 11
49 196
91 167
64 145
196 18
195 6
109 177
110 13
57 71
111 198
61 117
0 18
90 12
93 13
148 7
108 152
25 102
55 7
107 159
36 7
171 18
59 151
65 98
130 187
111 11
10 13
51 126
185 2
118 120
188 8
57 168
150 197
93 135
74 176
36 104
167 191
58 18
112 4
38 10
98 6
75 140
85 19
63 81
21 186
118 13
46 103
100 158
83 126
173 199
14 19
31 47
88 19
130 138
181 7
29 170
186 18
59 63
94 164
53 192
153 18
67 4
68 92
84 151
145 7
176 12
77 117
65 191
155 13
5 19
32 46
69 16
25 182
66 16
40 2
106 185
180 14
117 133
87 109
49 71
57 4
26 158
121 3
4 17
169 1
93 119
32 150
29 151
135 19
179 1
42 182
21 60
31 179
133 4
141 12
2 19
47 3
180 7
62 10
22 109
68 74
27 64
71 3
141 149
27 80
51 59
141 17
68 170
20 55
91 12
51 9
96 3
53 7
90 154
80 6
143 18
150 1
116 14
126 18
58 123
100 18
35 5
103 0
21 188
95 199
136 12
26 159
60 3
101 6
91 19
191 15
185 19
101 164
71 144
61 64
33 3
110 178
70 105
8 19
69 4
65 72
162 12
77 170
54 0
115 130
145 18
181 9
173 2
166 192
53 173
156 178
9 18
137 12
95 0
116 9
78 10
53 8
40 112
36 108
60 175
5 7
62 102
35 152
81 117
82 9
31 148
159 10
109 139
72 139
95 126
197 7
46 121
36 172
84 18
195 0
126 152
49 72
41 196
32 2
64 95
30 159
184 2
53 181
171 6
186 2
102 16
177 9
12 18
37 49
99 0
139 171
77 18
83 15
50 78
95 175
158 2
36 40
107 133
20 32
74 6
70 130
187 3
7 16
71 8
144 13
35 103
98 157
106 6
89 13
149 17
48 3
96 7
4 19
197 0
129 196
114 140
87 4
154 16
102 128
30 1
51 143
46 1
149 10
54 71
47 13
6 15
112 14
46 64
134 179
95 133
104 12
185 8
56 19
145 19
1 13
74 104
3 8
119 0
145 2
37 166
139 13
185 7
64 5
25 14
105 4
55 83
151 3
103 159
54 166
129 5
70 198
89 174
64 102
33 173
56 14
101 18
37 81
195 15
101 133
70 177
59 16
139 167
63 68
142 199
41 115
88 189
47 18
89 17
22 16
77 125
132 2
153 15
86 158
145 1
20 172
92 177
182 15
39 148
27 126
194 16
23 183
51 154
115 195
62 155
61 150
79 134
105 16
151 189
147 152
117 165
42 14
88 105
102 113
31 58
100 131
58 8
61 71
90 187
38 9
80 156
142 14
0 10
45 14
88 18
150 191
57 144
63 197
165 14
104 9
139 142
56 120
72 88
123 3
121 126
112 138
148 18
147 18
81 144
114 3
42 104
135 5
54 192
58 95
114 10
51 125
82 151
60 156
33 100
191 6
54 75
115 10
158 4
33 86
40 18
110 1
159 2
64 148
116 5
25 7
9 15
26 102
125 17
186 14
59 5
118 134
46 6
128 133
61 4
45 6
39 6
111 134
71 13
54 96
160 188
40 177
33 132
37 98
166 13
156 166
61 163
144 9
106 4
79 195
47 5
198 2
28 9
167 174
98 186
169 9
90 129
40 77
50 196
72 128
55 6
71 9
58 2
178 19
80 121
95 176
43 14
68 4
42 115
106 15
64 13
160 9
177 195
29 166
32 15
94 174
33 2
65 168
148 8
77 10
53 114
181 16
116 162
95 1
144 16
32 0
56 191
55 78
65 17
65 173
50 10
79 144
148 14
70 86
79 12
36 18
99 15
97 13
39 51
0 19
39 77
165 0
65 14
73 82
68 168
87 3
37 8
137 8
78 180
58 3
186 5
59 158
55 82
72 106
172 2
58 83
54 130
80 14
23 13
82 12
176 10
159 178
30 12
85 109
110 16
14 16
117 141
102 109
21 4
25 190
28 51
34 14
131 178
141 4
99 12
31 112
81 8
7 15
37 101
158 177
124 6
142 156
116 187
104 189
146 15
109 163
0 2
199 5
43 101
89 132
5 11
182 7
66 1
66 10
51 11
171 192
29 9
79 116
11 18
36 81
154 186
170 16
36 6
11 17
15 17
27 192
124 1
154 12
131 19
32 14
3 14
2 6
87 14
51 117
26 132
168 195
154 19
51 140
62 176
187 18
52 78
137 146
108 16
126 140
49 78
138 198
9 16
61 9
50 56
184 9
195 10
60 11
13 18
50 117
43 16
42 88
171 14
0 5
76 13
115 16
5 9
123 8
81 162
47 149
136 184
84 96
57 79
93 145
4 18
42 129
64 65
29 161
68 142
109 113
52 11
158 6
157 173
94 115
110 176
35 80
39 52
131 18
134 7
35 129
24 7
142 11
27 158
103 161
188 18
17 19
68 144
109 154
36 16
55 80
191 4
20 123
100 169
160 13
137 154
89 158
64 12
199 1
49 67
83 2
16 19
149 154
42 169
23 28
130 16
184 4
58 164
71 74
101 154
44 76
91 2
22 0
159 5
35 76
154 198
134 10
187 5
97 1
75 99
118 15
5 13
133 1
120 13
64 156
69 11
149 12
41 188
145 8
33 161
66 17
166 15
90 164
55 13
74 13
71 12
79 94
163 167
110 157
41 8
27 8
147 2
40 9
176 16
182 191
39 85
123 18
176 2
84 10
145 13
103 11
59 15
7 13
173 16
56 117
24 12
100 155
148 19
27 12
48 4
86 125
76 119
25 192
182 4
187 15
40 97
177 189
7 12
102 9
49 12
40 100
112 10
163 1
105 194
28 15
39 132
136 157
97 149
156 182
67 110
109 11
193 0
166 5
48 177
7 9
157 196
101 166
92 13
53 19
173 17
142 9
15 19
121 172
61 1
4 9
185 5
125 158
172 6
82 96
56 127
181 10
102 14
98 11
27 198
79 17
157 19
87 161
39 0
48 66
54 78
89 18
94 194
93 6
122 16
118 2
24 18
8 12
37 14
33 17
84 2
171 12
53 0
119 142
54 103
26 5
174 0
152 0
46 183
34 80
34 146
120 163
57 60
110 190
40 173
29 81
81 145
30 14
185 4
103 153
175 7
118 148
87 8
64 15
41 14
62 192
101 3
100 113
121 12
72 14
150 16
68 72
112 182
32 191
171 13
68 2
72 5
55 109
18 19
46 48
186 19
86 6
25 141
186 10
83 6
31 104
168 7
20 138
166 3
120 3
98 19
78 196
4 14
138 12
45 59
116 7
168 11
94 179
75 5
85 5
114 0
134 4
83 180
100 196
43 177
74 189
67 161
128 162
40 185
67 12
37 137
199 11
54 74
114 13
75 78
101 187
96 1
184 192
116 145
30 9
168 6
82 142
134 13
77 178
0 3
100 14
70 185
112 185
76 115
80 12
115 0
65 11
132 190
173 9
84 3
69 164
111 0
29 5
101 17
160 175
69 19
66 109
162 1
175 2
77 13
178 17
164 2
24 57
121 194
158 164
188 19
192 18
98 180
194 19
189 16
63 9
36 129
44 17
0 17
104 19
104 154
2 4
134 195
171 178
49 187
68 152
48 73
148 176
92 130
115 4
28 69
149 15
86 102
85 1
1 5
72 115
33 199
168 3
181 15
85 175
183 7
89 104
22 18
181 3
26 3
148 182
92 147
125 1
131 7
22 58
95 145
20 13
188 15
53 2
69 14
28 8
126 2
20 10
97 117
59 124
23 80
21 1
152 12
32 128
100 11
45 106
58 17
78 175
82 15
76 112
6 16
91 177
79 93
28 95
100 117
157 12
68 16
3 17
32 147
12 15
153 10
189 4
37 1
101 105
122 0
58 7
46 8
12 17
122 5
118 155
159 6
33 8
61 121
97 17
135 175
174 9
27 154
27 109
2 17
1 10
107 131
191 16
110 5
183 13
121 6
164 8
89 1
154 4
132 158
10 14
38 151
4 8
62 112
54 176
124 5
69 2
173 177
46 7
45 97
36 189
22 45
125 3
103 15
50 186
66 91
39 10
88 4
4 15
148 160
22 163
38 65
85 196
95 2
97 169
29 110
74 3
10 12
51 95
31 53
157 15
107 13
158 18
21 0
149 3
58 81
72 125
108 198
28 62
178 5
90 14
21 162
69 153
50 6
21 86
96 178
27 19
37 3
85 147
74 181
98 195
134 167
154 160
30 66
45 116
157 10
118 5
98 0
114 5
195 14
101 8
34 110
56 132
78 16
117 137
104 10
95 111
51 0
57 3
83 7
81 122
78 98
109 197
68 6
105 10
57 188
11 15
133 16
133 137
81 98
74 5
55 126
153 14
50 100
115 15
48 6
37 162
39 19
125 184
187 4
27 101
27 15
24 163
55 3
171 186
54 108
44 4
93 121
78 123
196 1
22 5
132 160
72 17
102 143
122 127
156 12
166 0
56 9
140 9
169 0
76 141
33 191
127 5
30 79
187 188
28 6
81 18
80 15
60 5
167 13
141 188
115 3
23 12
116 1
55 117
47 142
199 2
5 17
111 189
109 191
3 15
22 172
70 17
47 100
96 124
4 6
86 16
191 19
197 8
62 131
10 11
128 14
118 184
137 143
1 14
36 64
79 169
178 184
98 1
5 6
31 105
110 4
146 195
22 1
20 137
142 177
70 157
101 129
120 12
145 6
65 80
69 114
60 16
123 19
46 13
75 176
49 66
22 192
106 0
127 11
64 93
101 135
79 4
51 155
90 115
144 172
185 10
44 161
6 8
154 13
90 109
49 18
174 16
152 13
49 151
29 2
148 181
20 107
170 2
63 124
171 8
112 187
26 18
38 11
110 177
150 17
173 4
124 137
94 111
60 18
49 14
42 68
129 194
130 158
70 4
53 191
151 18
37 9
70 3
161 5
70 11
103 106
87 10
59 13
138 7
61 16
72 84
59 191
131 156
41 98
193 13
54 145
102 121
38 117
86 171
147 7
107 190
154 5
60 159
31 60
150 158
29 0
25 29
75 14
106 8
28 49
98 16
33 131
71 6
101 162
116 154
119 179
33 11
132 8
194 17
61 157
85 185
21 145
21 5
38 171
28 159
50 109
171 5
117 4
77 179
85 0
96 9
127 12
25 13
76 16
53 17
52 17
120 10
24 103
45 8
3 12
152 2
10 15
53 184
39 1
111 2
135 4
24 13
102 4
129 168
45 103
195 8
85 168
166 10
23 88
20 15
88 199
108 8
156 17
53 135
44 171
50 5
24 101
169 170
126 164
63 11
40 84
23 170
16 18
114 18
84 189
86 2
44 135
130 3
29 42
24 8
142 13
103 126
66 12
106 19
158 19
29 7
96 15
6 10
59 99
51 70
46 67
127 129
49 2
164 9
170 7
135 165
44 94
189 2
102 112
53 15
68 163
122 3
34 99
37 172
123 17
36 166
151 2
28 139
48 176
175 3
92 16
28 1
61 191
20 6
51 161
80 133
1 7
137 4
26 55
160 169
82 10
145 11
105 135
29 6
38 142
27 50
123 189
65 97
63 145
101 172
74 108
46 99
91 179
174 12
51 17
36 134
45 74
53 125
133 171
36 13
136 170
104 198
28 179
10 18
76 125
79 5
93 149
112 146
190 5
40 54
73 109
75 7
52 174
42 2
108 137
168 12
130 18
162 10
80 125
39 191
24 3
61 159
1 19
115 7
181 4
84 5
88 144
157 7
92 194
77 80
37 0
177 18
22 60
40 119
57 7
90 4
155 199
161 9
29 125
27 118
52 168
56 130
7 19
163 2
22 12
178 1
86 192
27 150
193 12
80 4
127 164
25 178
119 152
93 7
67 119
100 163
107 5
170 9
75 83
21 6
103 112
103 196
82 0
1 17
71 10
55 123
95 196
153 3
117 11
43 163
83 110
82 8
126 3
43 128
115 9
44 130
7 8
34 11
22 3
80 185
30 104
0 8
118 129
108 11
151 186
38 70
132 4
79 13
106 172
4 11
40 58
132 5
174 3
43 56
129 13
31 155
159 0
77 184
130 17
12 14
33 104
34 2
20 12
65 184
104 17
106 177
31 158
61 95
85 9
6 7
0 4
96 130
66 127
3 6
87 19
84 17
179 18
139 18
41 6
20 16
72 18
57 114
116 185
129 2
139 14
130 11
42 13
96 132
78 3
133 13
97 148
111 7
186 199
79 14
26 178
64 70
102 184
72 176
149 13
65 10
68 17
66 107
129 16
112 15
60 79
25 0
21 85
86 87
45 67
151 169
52 108
110 198
105 0
134 9
133 0
164 15
31 65
151 9
83 16
90 16
39 60
85 136
144 14
81 2
139 2
167 3
172 187
94 18
126 12
87 12
153 180
121 128
106 132
70 137
57 179
119 198
75 10
146 3
184 8
82 84
28 196
182 5
179 11
52 190
82 177
108 178
155 17
154 1
9 14
86 12
54 178
187 13
184 14
127 156
91 18
52 18
95 120
131 12
29 191
55 70
71 163
135 17
190 193
129 0
23 76
72 105
185 16
137 11
23 185
154 191
191 7
147 15
72 194
78 111
132 0
110 11
25 3
48 53
79 102
129 152
161 1
114 9
67 128
3 13
84 0
57 178
27 49
132 13
105 2
123 140
46 185
177 0
139 7
198 5
109 8
58 10
81 15
100 199
73 10
118 16
45 194
62 14
121 16
44 57
57 192
70 149
69 155
71 19
41 17
21 78
37 197
29 17
191 13
36 199
50 84
55 19
25 1
82 197
146 8
12 16
9 11
80 150
100 5
70 156
41 12
78 188
165 6
120 0
27 175
112 191
181 2
99 11
76 17
121 19
142 182
45 5
158 10
73 169
113 154
57 127
24 169
48 63
59 190
92 113
0 6
156 16
125 9
138 196
129 8
155 192
177 13
192 14
74 17
152 16
149 5
154 18
137 171
50 188
80 165
141 161
143 10
168 9
184 5
48 187
103 13
127 16
40 111
181 12
54 17
112 2
40 82
45 152
35 73
90 11
120 196
142 10
175 1
119 178
41 11
2 7
107 137
44 5
22 167
105 8
36 117
11 12
190 13
119 166
108 199
197 17
35 4
73 106
143 3
191 14
156 5
8 15
114 17
45 15
44 11
27 182
45 0
1 2
140 196
163 17
157 171
181 14
63 101
127 4
61 3
38 162
28 38
30 107
149 16
138 9
162 165
99 3
94 100
74 7
97 166
107 156
67 94
163 3
23 33
20 17
5 10
125 11
92 112
159 9
76 111
104 152
166 190
32 146
153 17
131 17
120 171
79 0
133 15
55 106
93 144
20 171
24 93
110 17
67 155
54 124
53 145
73 197
134 15
175 15
153 11
49 82
185 18
25 8
92 160
126 19
25 10
87 144
28 2
64 3
109 179
189 18
55 2
61 15
61 63
116 13
80 8
147 188
28 149
128 1
27 151
81 10
108 13
86 170
102 187
172 176
154 7
122 18
45 198
22 135
36 71
91 144
35 60
153 155
145 17
97 153
34 48
28 12
73 8
153 4
71 131
98 17
41 82
111 144
168 8
54 198
48 181
150 19
146 16
91 9
95 19
130 173
76 14
94 199
51 8
108 122
42 15
83 193
94 17
55 0
12 13
137 10
30 185
82 123
92 195
26 8
118 6
92 150
108 195
104 110
72 169
108 17
31 9
109 190
118 154
36 124
134 143
54 18
75 12
43 4
150 192
43 82
9 13
93 138
116 2
10 19
1 15
58 185
42 86
151 190
144 5
57 1
62 4
81 126
13 16
119 159
75 76
165 192
89 16
81 134
20 7
42 97
73 19
185 17
27 131
84 145
29 53
27 86
115 17
47 156
83 18
109 12
39 145
24 11
138 15
25 5
107 19
27 177
33 1
37 75
187 12
109 110
189 17
60 100
90 104
15 18
26 36
169 18
6 14
128 172
56 8
43 106
66 6
144 7
85 180
24 96
175 12
136 8
160 2
42 191
91 109
109 1
33 55
149 169
36 85
47 14
77 9
28 117
178 16
34 73
169 16
24 107
96 16
170 19
128 2
63 78
69 13
152 178
96 18
151 0
132 15
121 138
153 6
47 1
0 1
92 184
162 0
106 182
97 197
3 18
144 163
105 128
39 176
151 19
136 196
51 170
114 6
32 4
35 42
91 123
46 3
109 140
41 199
28 0
135 18
122 11
135 0
103 14
51 108
162 171
28 13
28 5
177 187
188 7
102 178
143 8
47 148
99 2
68 8
51 151
128 10
111 18
92 178
151 179
88 9
180 8
188 5
44 54
135 9
177 7
82 18
25 53
131 197
38 169
62 166
85 10
65 16
41 160
45 93
125 8
45 119
14 15
27 0
33 113
24 6
31 70
138 19
124 19
86 10
146 192
57 11
148 187
121 153
195 17
40 154
88 143
107 161
82 152
110 2
34 143
67 151
56 114
185 15
159 164
81 113
106 14
39 9
26 15
31 51
176 8
178 182
57 14
67 77
35 11
55 5
37 12
43 85
174 1
91 129
140 0
189 13
61 0
153 9
67 17
43 3
40 16
156 15
137 14
99 181
82 5
138 185
186 3
50 0
20 149
182 9
47 59
25 2
29 135
1 16
64 188
154 2
28 177
115 8
7 17
92 5
198 16
149 199
83 0
68 171
142 15
122 1
104 148
46 10
143 172
60 17
76 12
69 121
109 9
132 182
5 18
123 14
158 12
73 2
66 151
94 138
161 181
164 186
193 9
95 140
74 122
69 83
43 97
59 145
119 182
7 11
110 15
44 100
144 4
127 18
110 184
53 14
118 3
50 7
199 0
84 173
2 8
105 7
176 194
94 118
194 9
76 7
141 5
136 9
111 121
57 6
0 14
37 188
8 9
47 12
136 2
64 75
27 57
47 2
148 169
52 19
126 8
123 145
126 153
71 18
180 11
67 70
184 6
165 13
20 74
183 14
31 11
145 0
82 19
48 129
134 152
61 14
41 99
7 14
123 5
64 11
113 175
139 173
41 77
114 192
71 148
70 12
36 63
76 103
133 10
167 1
55 97
94 162
49 11
98 13
124 10
77 79
54 3
51 90
94 4
70 13
134 198
58 68
131 11
196 14
76 153
158 14
83 137
61 194
67 16
89 124
130 165
141 7
41 5
2 12
77 160
97 10
143 178
3 10
37 139
54 12
80 10
65 89
172 11
159 19
20 22
76 5
30 174
113 137
199 6
96 98
70 132
0 11
54 59
134 139
27 55
152 1
37 156
27 176
62 75
142 7
118 12
185 198
43 151
196 13
162 186
134 194
148 17
34 72
130 186
173 5
103 127
183 10
124 12
85 116
68 159
59 115
47 144
130 10
74 190
56 134
115 13
52 9
83 186
36 8
47 171
135 2
85 13
36 5
104 163
169 6
143 187
130 157
92 1
42 3
35 12
125 13
178 8
56 67
13 14
91 4
66 186
75 19
54 15
58 6
3 11
126 166
24 188
49 134
76 135
42 59
188 191
151 195
97 8
168 1
48 136
120 125
29 3
72 178
135 11
40 88
35 135
69 106
85 16
189 5
89 99
26 96
42 5
33 170
48 94
163 11
62 7
41 2
129 19
148 149
171 190
135 167
107 12
22 89
32 13
50 17
98 7
176 19
147 9
113 187
24 1
97 7
52 99
70 7
28 91
94 12
24 38
122 190
166 19
132 16
22 162
67 1
57 125
92 2
32 16
133 142
124 13
57 5
113 15
121 192
39 136
97 6
28 103
105 1
172 186
6 19
100 122
42 160
168 18
146 190
177 10
35 183
39 13
192 1
11 13
91 170
39 5
130 136
160 10
75 11
23 59
172 9
192 11
36 69
193 199
160 4
123 190
161 10
9 12
6 12
81 19
61 179
42 56
48 62
177 6
103 133
89 177
91 14
76 160
51 120
119 5
60 119
197 13
58 5
41 174
188 16
37 6
20 145
64 157
80 89
188 9
3 7
171 0
43 89
42 12
142 149
131 13
88 129
92 11
91 16
185 12
152 198
47 194
51 168
146 149
29 95
144 175
85 127
30 16
58 12
63 64
105 6
120 1
21 82
95 169
53 187
106 5
37 190
1 6
31 13
26 138
111 184
43 57
103 180
102 172
29 177
120 5
139 0
0 15
27 165
184 13
46 11
79 6
68 130
40 95
30 4
111 3
56 85
63 80
33 190
24 149
156 191
117 142
164 11
133 152
69 148
109 16
169 17
168 180
98 8
111 140
82 6
73 16
88 0
26 27
12 19
115 126
32 115
7 18
183 19
44 14
174 14
95 153
1 8
102 6
187 10
173 178
57 136
134 16
104 175
105 9
53 109
92 149
126 7
172 1
160 1
0 7
89 2
117 126
36 105
76 10
42 107
171 9
7 10
67 19
66 8
85 183
126 4
158 13
171 1
47 19
50 118
69 76
114 130
76 180
182 12
71 17
13 15
183 6
102 122
21 173
21 91
104 120
22 14
24 55
183 187
47 122
50 54
143 12
136 1
74 199
50 87
94 5
44 10
36 4
81 11
73 187
172 19
30 61
93 124
88 94
20 21
42 126
90 93
128 6
144 8
66 13
41 127
60 66
149 191
103 194
84 194
149 11
47 140
141 1
71 96
90 18
32 5
181 11
74 16
88 124
39 153
22 6
81 0
60 107
8 10
70 100
75 89
77 173
85 89
137 1
120 16
121 15
77 92
151 180
129 158
51 4
82 17
138 143
182 14
96 190
194 5
40 74
23 18
105 143
111 8
163 12
11 16
49 172
134 5
157 17
102 126
99 169
178 10
40 17
125 145
189 1
25 39
21 14
181 0
139 12
191 5
32 11
32 35
197 16
63 157
151 11
49 88
138 18
64 66
122 10
62 127
46 180
116 10
33 117
76 11
26 9
123 133
56 145
152 169
174 10
62 1
65 5
154 0
25 71
51 16
49 16
98 14
54 107
39 159
78 7
128 169
28 155
22 140
35 18
105 131
88 150
122 168
73 161
117 14
119 150
43 143
88 92
99 189
102 19
100 144
113 135
20 185
180 4
65 150
69 5
73 198
156 195
100 0
89 152
99 138
180 181
198 13
113 12
165 2
183 9
86 19
2 11
173 13
94 16
4 10
151 6
55 98
21 16
119 191
37 128
44 83
121 165
113 198
68 10
48 122
28 167
25 81
44 6
151 15
90 156
128 9
197 11
31 12
82 1
151 14
0 13
27 7
8 14
134 12
105 17
162 4
157 197
23 92
75 175
14 17
0 9
123 135
30 15
2 14
104 132
47 108
96 126
75 115
172 18
192 8
34 18
42 173
43 176
29 159
164 3
2 3
68 11
94 7
97 129
153 7
3 5
137 16
36 98
116 166
113 6
40 56
94 166
190 16
152 188
61 93
26 11
88 141
142 192
55 60
46 193
100 17
108 187
70 98
8 17
161 193
89 10
123 16
72 150
60 112
191 0
73 3
44 2
90 99
36 145
125 178
116 6
50 1
39 15
97 126
60 144
198 9
109 120
151 1
125 7
167 7
113 3
32 3
116 17
129 17
68 184
94 1
65 13
22 77
