98 6
85 195
20 133
143 17
133 144
36 145
80 5
102 136
184 19
33 17
67 112
149 3
51 7
76 19
33 124
22 194
28 8
44 164
121 17
83 183
54 59
36 105
68 15
84 2
63 88
20 13
112 136
96 196
34 141
25 120
172 1
99 150
113 16
114 134
56 60
53 14
120 197
37 109
127 9
126 160
51 0
97 12
85 174
28 80
53 154
119 19
74 18
124 149
177 199
76 165
32 10
37 112
134 143
34 146
72 15
137 16
2 14
23 188
124 151
107 194
52 111
131 13
113 145
112 183
76 16
179 11
198 16
49 94
182 2
0 19
71 7
74 114
3 11
161 186
99 157
155 10
44 16
109 13
173 1
104 140
54 85
166 15
46 113
116 178
56 153
143 1
95 1
74 12
83 18
113 119
54 184
57 0
88 1
26 180
120 183
122 185
29 0
31 151
113 7
54 125
140 167
180 12
20 43
131 154
153 194
57 177
68 115
46 128
23 13
79 6
131 15
138 13
137 9
93 5
98 125
95 10
41 18
84 182
20 6
11 14
97 3
36 6
133 7
135 160
156 197
129 182
153 10
40 5
118 7
82 141
119 139
178 2
63 153
154 8
144 13
59 173
90 0
154 1
137 188
78 18
155 19
157 185
167 13
193 12
171 8
77 148
46 17
123 19
81 6
145 12
58 174
45 163
103 18
93 193
157 19
140 18
71 167
25 141
25 163
91 117
155 158
34 124
137 164
105 184
56 198
43 175
41 181
70 74
26 84
96 180
165 185
131 6
55 70
77 1
118 9
27 6
46 12
78 113
155 199
140 9
126 180
105 12
77 189
161 199
147 6
142 16
47 2
89 8
94 188
84 133
198 15
156 14
48 8
48 14
104 183
93 14
94 12
151 165
46 81
116 17
35 19
74 107
136 14
137 13
54 18
38 14
52 18
117 8
151 185
75 91
113 114
125 134
51 1
10 12
30 127
169 6
73 106
13 18
41 116
127 11
120 4
164 0
86 88
129 132
91 14
31 14
118 0
84 187
24 12
173 175
135 149
78 191
95 9
43 2
106 9
77 138
44 5
190 0
41 154
101 1
87 187
175 14
63 131
165 19
80 19
60 14
71 0
57 12
128 8
55 108
114 162
69 19
71 139
28 35
133 16
2 10
77 15
20 117
53 15
67 74
110 7
81 90
15 18
82 100
94 171
51 120
99 10
129 186
29 134
37 10
44 18
78 12
39 169
50 159
31 10
115 3
131 139
58 85
28 76
170 12
116 15
162 12
42 187
26 87
21 17
66 19
75 9
177 13
69 5
87 4
162 11
168 194
32 16
29 4
89 18
75 4
80 119
139 17
123 185
199 10
45 19
39 8
44 155
48 112
34 0
168 9
73 161
119 17
100 0
80 16
157 7
147 11
91 151
55 2
41 16
135 1
158 192
78 122
38 16
68 104
179 12
98 104
170 198
190 191
24 11
146 16
9 17
13 16
66 73
95 16
113 15
98 160
164 15
79 17
183 11
93 15
123 132
153 166
51 13
70 81
40 94
37 1
40 52
151 154
34 3
70 93
78 124
146 193
49 61
20 17
113 14
22 8
45 86
61 130
133 194
27 16
160 15
150 198
69 12
67 154
61 16
192 16
23 18
29 124
71 90
49 75
135 3
57 187
180 17
53 128
60 195
94 150
33 14
141 5
128 179
76 6
62 2
44 6
110 181
24 73
144 190
71 120
174 17
67 82
186 11
85 128
89 113
85 111
161 19
176 18
2 17
144 17
52 2
121 175
49 0
184 195
58 3
96 6
174 19
103 17
143 144
142 12
73 176
44 8
132 167
55 159
103 121
143 11
111 116
40 6
134 158
128 11
145 6
131 4
150 2
161 1
51 16
95 19
148 174
166 5
82 102
81 123
80 13
48 69
14 15
180 10
97 133
49 132
81 14
136 154
196 12
25 180
48 110
49 160
161 167
101 118
109 115
138 199
25 10
159 12
26 77
49 7
76 12
3 17
117 133
5 17
126 7
31 11
131 150
64 125
133 13
130 137
52 15
64 79
37 155
38 110
110 10
53 163
31 41
144 5
111 0
138 159
73 114
165 5
130 9
54 9
56 194
138 5
91 148
24 99
40 142
8 19
44 122
107 16
179 17
154 3
47 119
67 12
74 92
34 137
77 111
92 153
37 9
79 18
74 5
140 172
12 19
41 83
3 13
176 16
42 88
90 10
47 198
111 171
118 18
124 17
111 181
85 184
53 146
42 5
197 10
124 6
184 18
46 180
141 178
39 160
35 103
195 19
191 1
86 184
174 15
181 7
41 5
21 105
63 19
2 7
120 12
198 9
131 17
1 10
143 171
97 160
43 117
120 8
41 152
69 187
137 2
67 118
20 71
172 15
37 128
78 88
102 197
160 194
194 18
80 10
55 191
80 18
47 70
50 11
64 142
168 182
96 194
153 9
30 138
158 176
164 169
142 17
49 151
187 18
63 163
135 17
156 179
75 102
68 124
54 64
79 1
7 12
127 14
92 4
31 17
108 125
20 10
99 7
33 100
192 3
41 8
138 0
45 120
23 11
80 160
178 12
145 11
48 71
72 130
174 9
81 114
105 15
134 147
168 19
44 13
97 5
79 84
43 19
145 152
113 12
195 12
48 62
20 188
61 190
9 12
109 8
88 7
75 13
46 153
132 10
112 3
116 177
110 133
105 0
51 172
184 198
97 193
162 2
33 147
89 159
33 36
83 114
145 184
94 13
30 16
183 10
38 12
157 4
147 189
141 15
37 59
38 1
93 153
22 75
23 28
76 101
63 132
66 77
92 5
186 5
37 87
68 7
187 4
151 186
91 136
103 138
164 6
54 112
77 143
131 8
112 163
118 2
171 13
53 155
124 164
7 13
140 2
5 10
153 199
87 90
52 5
115 4
42 120
54 69
86 12
130 3
28 30
27 17
84 149
79 5
184 5
71 182
21 7
38 60
52 83
101 6
123 2
117 10
50 10
89 189
168 3
74 186
124 15
147 170
34 39
182 184
54 160
69 4
72 178
88 4
5 9
30 47
30 93
185 186
29 52
184 197
88 195
141 11
24 123
166 7
28 82
39 95
98 10
47 1
22 17
43 101
39 58
28 168
75 127
28 33
45 16
67 68
76 9
88 0
4 11
58 123
20 19
106 140
41 56
12 13
162 13
81 97
151 3
0 12
34 13
80 150
180 2
4 7
124 19
152 178
23 16
71 11
27 183
31 71
183 1
154 172
58 106
56 0
42 112
148 18
49 158
53 5
114 7
170 5
64 158
45 179
91 7
170 183
44 17
94 176
106 14
135 12
82 86
170 1
28 42
165 188
75 19
75 15
81 150
174 7
198 11
72 82
39 159
72 1
36 15
43 161
24 1
97 18
166 11
115 144
77 18
50 14
35 87
173 2
53 166
114 116
27 15
196 14
62 112
184 4
177 194
136 184
27 101
40 121
162 17
152 172
88 103
58 178
61 154
57 170
126 8
32 178
85 8
61 9
100 129
170 0
86 16
133 10
35 86
133 0
160 0
113 0
119 0
24 91
105 183
191 19
88 179
91 9
97 2
110 13
88 193
161 16
31 18
133 169
139 5
106 16
98 2
82 105
36 165
36 52
119 179
102 193
126 192
63 97
24 193
131 173
63 65
25 132
116 8
104 18
182 13
94 112
75 137
93 183
21 9
10 19
8 18
61 169
138 170
29 125
100 17
83 9
164 18
162 15
69 1
45 49
44 72
125 14
118 6
132 7
93 108
151 158
77 135
89 13
6 18
46 160
140 142
197 3
120 19
104 196
78 0
118 135
196 16
48 2
198 10
29 17
62 101
46 142
61 17
151 15
161 173
143 14
165 8
115 19
108 17
163 5
141 18
198 8
142 4
127 3
33 1
121 8
71 18
150 156
179 1
169 18
47 5
23 37
28 119
40 16
78 17
85 193
159 2
63 17
157 179
100 139
156 11
69 115
85 133
141 0
48 6
54 10
158 4
90 195
161 8
39 143
117 199
71 6
56 7
86 128
11 18
99 4
170 17
13 17
91 167
31 75
20 149
84 126
65 88
11 19
101 114
91 146
158 5
87 134
144 179
16 18
35 171
100 146
171 7
31 5
66 8
32 14
7 14
182 192
78 104
29 114
175 12
127 19
67 5
1 19
173 9
86 189
131 168
67 119
84 8
100 102
38 133
65 125
144 12
84 11
20 132
61 125
100 180
90 166
41 13
60 89
80 12
52 71
25 14
29 142
29 50
78 10
1 6
22 13
30 92
104 175
124 5
92 168
71 19
55 1
193 199
179 6
38 126
34 18
0 7
73 97
92 17
119 14
80 11
62 19
36 17
181 0
174 184
43 6
149 184
86 90
29 199
47 185
32 11
198 18
32 147
67 169
33 84
98 156
131 2
130 0
48 13
31 4
29 97
76 157
167 19
34 54
8 10
61 162
69 144
127 15
117 130
58 5
72 17
112 184
126 172
182 19
94 10
46 83
5 14
36 8
14 19
88 17
79 173
172 2
48 117
98 133
43 47
55 7
68 13
69 9
56 191
92 199
66 103
138 175
81 9
151 2
36 1
131 5
105 7
159 182
53 6
100 11
84 5
112 5
58 18
175 3
152 19
4 12
47 16
94 15
20 67
97 155
5 16
59 14
127 4
32 186
43 141
2 12
117 5
46 193
149 2
177 10
191 7
60 123
130 135
116 3
115 197
64 9
87 182
56 77
59 2
149 191
61 134
166 0
65 6
126 181
42 115
87 167
23 40
96 131
37 6
46 114
178 17
193 8
40 8
195 11
138 8
49 6
118 8
107 6
38 162
157 5
126 1
111 115
69 169
54 169
57 99
125 7
61 19
149 1
92 163
172 6
31 16
194 7
72 4
13 19
63 74
160 170
59 5
39 1
159 173
52 87
52 189
147 179
78 83
105 126
7 8
94 7
120 5
171 3
63 1
91 197
83 181
82 158
109 196
65 185
163 6
75 158
33 94
1 9
23 9
42 11
29 67
83 169
153 2
177 6
45 5
87 15
71 14
178 11
31 95
54 16
116 155
160 13
166 12
137 18
0 10
51 2
63 170
62 153
75 119
91 10
26 56
25 174
116 13
23 93
186 12
35 118
43 1
74 165
59 18
88 135
183 16
42 123
125 0
40 157
53 185
117 172
195 6
64 110
1 14
92 18
118 11
30 135
176 7
26 68
78 8
134 9
69 164
5 19
127 194
74 111
149 150
149 163
148 190
179 10
121 14
147 4
100 15
59 12
183 13
185 0
196 4
49 190
77 14
98 131
21 41
72 115
45 152
116 188
46 169
163 11
71 89
4 14
99 16
55 88
180 182
42 0
108 3
142 15
33 185
2 16
189 195
111 6
143 196
78 13
59 106
88 146
26 19
72 13
115 0
46 178
159 0
161 197
21 19
181 19
42 3
52 161
193 11
69 10
101 19
54 108
132 16
4 5
21 173
61 7
75 18
132 8
129 12
35 11
30 98
43 5
161 14
20 7
142 178
160 18
111 169
170 8
34 37
91 199
77 93
76 148
83 98
123 133
80 196
110 1
85 157
144 174
5 11
152 169
89 9
18 19
148 164
6 12
95 111
173 7
4 13
119 18
22 47
47 113
153 3
179 13
179 193
115 17
120 184
89 177
28 37
118 140
171 19
68 101
42 14
80 85
132 177
118 174
145 185
21 185
25 18
45 8
109 190
178 16
26 142
148 1
116 172
38 141
106 0
106 180
101 152
25 0
38 48
119 10
56 101
111 194
182 16
36 71
149 151
160 1
66 151
184 7
96 143
107 2
92 12
72 125
141 14
164 11
54 0
86 157
69 166
78 11
3 18
26 31
58 14
185 5
30 2
172 11
159 16
68 8
55 197
53 74
186 13
62 102
196 17
56 172
31 2
70 3
65 118
26 153
76 118
8 14
144 169
29 16
22 41
74 14
75 193
70 133
22 98
133 15
36 173
130 178
41 156
114 174
100 175
66 17
28 2
84 171
26 98
109 18
73 16
102 8
25 67
143 197
29 32
134 156
148 7
34 6
99 6
188 5
178 15
103 10
2 9
77 194
21 81
95 18
101 169
41 9
99 127
103 104
35 75
53 161
64 1
155 167
111 160
48 148
149 170
45 17
25 2
105 16
69 8
104 116
61 117
82 173
108 14
105 143
37 19
122 1
41 106
106 3
46 15
148 11
193 13
92 155
65 19
42 2
182 0
28 73
33 132
15 17
9 10
141 8
156 19
56 128
5 8
60 156
126 135
69 189
129 193
101 167
35 9
55 64
5 7
160 2
68 109
147 17
184 12
175 10
118 120
92 19
135 4
76 159
162 18
72 177
145 16
166 171
183 9
56 174
64 80
86 19
42 143
34 185
46 19
50 171
33 71
29 159
101 102
199 7
87 0
70 100
33 6
89 199
104 13
129 0
151 16
128 4
172 16
123 149
187 0
82 5
78 80
112 130
186 197
116 14
80 138
71 113
57 94
49 5
76 7
192 10
53 129
113 135
73 9
35 12
57 199
132 5
102 189
28 17
36 11
70 12
7 16
124 16
1 2
98 148
42 95
82 6
77 19
36 157
129 197
65 66
30 3
47 144
157 2
41 157
94 2
26 14
92 9
66 85
159 15
36 130
185 1
156 0
39 15
153 8
62 13
138 174
84 143
50 9
3 12
186 3
95 120
105 132
133 181
20 2
72 5
22 16
132 186
23 91
160 169
72 143
47 101
109 134
24 13
40 122
103 13
42 15
187 12
155 193
94 5
47 84
142 8
59 75
47 8
74 15
114 0
91 17
96 199
69 199
162 181
31 150
101 161
25 106
46 119
112 15
90 3
71 2
48 166
123 197
143 7
73 4
91 15
177 7
100 142
57 184
177 0
170 3
89 105
160 172
120 157
38 63
105 5
114 1
132 3
170 19
194 4
184 17
74 4
63 5
140 3
96 144
39 7
81 155
99 13
177 5
24 15
79 122
82 19
185 13
84 14
79 13
130 158
143 9
140 198
39 18
95 13
126 3
161 3
57 103
86 116
174 8
12 14
120 167
64 0
78 9
149 15
25 5
73 165
75 123
68 4
136 180
61 157
10 18
161 18
43 123
80 126
145 181
98 122
127 2
142 3
114 8
103 167
118 3
35 111
98 18
89 11
186 15
146 195
150 0
65 134
129 10
28 15
26 28
97 9
85 130
12 17
56 1
49 19
72 6
135 155
70 114
42 58
188 1
0 14
159 165
2 6
164 1
22 57
58 16
21 12
70 174
153 4
25 13
199 12
71 15
109 144
52 180
38 123
115 10
53 193
37 65
86 17
83 0
125 195
40 199
155 2
36 166
21 154
84 158
79 85
70 8
43 168
178 14
143 5
126 12
99 15
0 1
26 3
55 8
23 133
129 163
144 148
99 17
181 187
167 10
38 46
59 8
89 174
120 6
80 129
43 113
141 6
55 96
43 90
6 11
154 11
33 18
115 138
22 6
131 187
105 3
106 163
61 12
30 133
151 161
107 4
144 165
85 15
4 9
73 17
185 17
71 116
125 143
64 15
43 16
29 2
51 157
123 198
171 177
125 13
139 8
175 193
48 158
116 4
181 193
47 78
26 75
155 11
41 133
60 194
66 14
88 12
102 112
3 15
25 57
28 72
21 14
142 13
40 75
38 114
48 159
47 193
76 122
85 169
70 152
181 1
33 3
178 18
134 18
50 0
23 85
28 87
110 125
40 17
36 183
48 3
41 10
51 198
25 164
141 1
74 83
45 87
70 140
42 190
42 199
73 18
159 197
90 188
136 1
136 193
156 191
143 3
136 192
78 102
59 171
91 18
71 8
97 16
64 137
104 121
122 12
26 135
194 197
117 154
6 13
41 55
48 5
169 2
14 16
142 189
94 163
8 16
55 61
32 110
28 158
184 0
107 10
67 13
96 15
1 18
82 165
52 16
106 13
165 182
98 9
159 3
44 194
134 185
11 13
41 161
122 198
36 137
102 14
115 143
54 147
50 114
126 173
119 143
50 1
51 159
25 1
147 5
57 6
4 10
5 18
84 18
64 156
97 15
112 12
40 182
92 116
175 4
125 11
48 65
62 193
155 12
49 172
127 1
25 170
32 123
73 104
132 179
77 188
22 23
198 12
191 18
153 16
174 14
175 197
179 2
81 4
82 16
117 14
65 12
151 12
133 14
27 126
114 120
105 123
98 0
106 5
137 139
98 155
168 10
139 4
60 12
168 1
62 1
139 16
154 161
96 117
74 84
92 105
121 11
54 114
36 116
43 106
51 129
32 58
32 83
62 14
142 18
193 18
62 165
117 13
31 1
100 9
35 100
148 19
189 18
24 197
69 18
56 155
47 11
62 149
168 7
158 184
25 11
167 1
177 11
194 6
27 73
97 185
120 160
126 132
183 198
191 13
98 16
90 12
44 14
38 62
116 151
51 86
177 8
58 140
24 17
44 11
142 0
108 2
137 189
42 154
74 188
6 15
146 7
141 181
50 12
3 19
97 19
99 164
42 128
97 6
120 3
95 186
100 126
66 145
29 3
97 141
107 13
94 193
68 177
171 12
72 9
77 0
68 152
92 11
160 16
85 3
83 166
106 18
1 3
34 162
29 126
150 16
150 14
33 43
44 166
103 3
148 176
148 4
131 12
120 11
50 19
108 4
91 181
43 10
191 199
144 15
173 12
52 104
147 198
83 155
85 2
145 9
123 174
40 15
175 15
122 10
98 193
102 123
104 126
33 10
39 3
20 59
89 149
79 144
76 11
50 5
89 4
138 156
74 1
41 7
24 133
40 136
39 129
33 34
197 9
152 168
55 11
23 97
5 6
32 196
149 182
53 73
155 196
166 9
82 138
152 6
82 196
46 16
96 2
148 12
135 18
72 80
132 1
77 17
123 6
37 134
193 10
134 169
7 9
48 184
165 13
102 0
110 14
104 4
48 18
21 145
107 11
72 123
4 18
62 142
45 57
66 184
137 0
30 1
65 154
106 160
66 6
104 16
149 13
107 12
27 11
59 95
52 92
0 4
1 8
39 40
135 167
146 13
86 13
64 85
40 128
67 187
48 7
82 134
199 9
28 143
167 17
182 17
31 146
71 77
81 187
116 130
113 184
49 164
168 198
71 3
133 11
109 1
170 7
92 13
127 181
133 152
100 7
23 196
182 14
74 113
54 14
142 14
42 1
75 0
97 0
107 5
117 145
117 0
71 110
38 42
45 165
96 193
33 11
52 115
163 15
162 7
37 16
84 0
189 0
34 7
6 10
199 3
130 7
106 152
118 5
101 156
28 50
37 133
161 5
12 15
80 116
48 183
127 164
128 182
128 10
88 145
142 147
107 1
181 10
52 7
164 8
53 97
194 19
119 157
85 14
84 13
9 16
156 4
98 190
20 175
76 97
64 141
93 2
158 19
105 19
80 191
109 14
112 0
77 185
21 15
178 193
166 169
165 1
38 72
59 4
75 163
183 6
35 72
50 57
40 147
181 8
95 190
118 165
38 115
46 76
108 126
138 193
152 5
26 197
40 18
163 9
79 19
26 43
78 159
199 6
29 140
157 14
119 152
92 1
110 4
46 150
52 9
139 0
33 52
128 13
124 134
138 153
153 12
125 19
107 18
179 18
54 142
38 81
63 167
71 127
46 195
165 199
84 7
34 96
39 189
122 14
70 199
188 193
120 18
164 7
59 1
163 8
41 6
61 123
98 168
35 59
3 10
106 134
64 14
12 16
6 8
69 125
30 60
180 19
183 8
47 12
59 89
166 190
131 14
27 105
176 196
114 127
160 3
59 155
6 14
185 18
30 102
9 14
40 2
6 19
27 7
73 189
45 173
126 6
114 167
67 129
134 1
90 16
130 8
122 0
52 57
24 56
39 123
51 4
103 0
66 160
4 6
91 107
108 144
65 4
196 8
158 10
43 95
85 135
139 18
125 146
110 131
1 5
110 3
144 152
70 163
67 99
61 168
75 130
152 189
74 151
106 176
11 15
6 9
10 16
36 79
112 186
185 6
107 165
24 122
1 13
35 121
182 18
196 5
153 19
87 149
124 7
102 18
131 9
75 5
37 5
196 19
141 153
29 65
33 117
83 15
84 146
151 173
106 189
135 14
26 96
148 160
122 184
1 11
83 188
199 1
73 197
60 4
7 18
113 11
37 124
58 11
32 183
87 140
63 124
166 16
67 135
103 15
26 179
129 11
66 12
38 67
147 7
49 197
137 168
46 134
88 117
163 10
63 14
109 17
60 6
156 17
145 1
72 2
136 163
49 12
86 11
160 9
54 4
61 101
159 5
40 114
46 110
150 165
88 6
122 4
114 3
75 89
122 151
30 171
73 130
24 9
1 16
112 146
9 13
81 19
174 6
128 1
159 10
49 11
62 3
142 155
109 141
104 142
57 2
83 106
7 10
70 16
96 197
54 95
82 159
23 10
65 142
143 198
116 133
24 108
117 6
79 10
86 163
48 0
25 77
43 153
0 6
39 11
59 61
22 31
147 16
172 19
27 1
28 75
96 18
73 3
22 15
163 7
58 13
140 11
42 19
173 182
147 14
83 6
77 16
113 19
130 164
2 13
145 10
42 186
38 17
181 5
67 172
56 111
139 150
99 3
129 18
168 170
151 11
74 93
20 41
37 2
94 146
104 162
23 47
35 10
171 194
32 17
90 133
115 18
196 6
112 124
96 98
62 11
73 10
198 6
64 193
125 18
106 19
88 11
154 156
32 88
73 96
33 83
67 15
30 19
113 10
131 138
84 17
142 177
103 2
42 9
55 19
95 124
169 3
94 174
33 4
180 6
196 2
171 11
2 11
25 19
173 5
42 182
184 188
59 147
50 163
34 4
77 5
128 14
11 12
191 12
68 5
181 2
91 2
6 16
27 82
154 17
1 4
130 131
127 167
112 16
101 105
32 96
90 18
20 4
136 7
113 18
63 15
68 11
157 17
130 17
127 179
60 80
15 16
188 15
83 129
2 15
140 19
162 10
77 13
99 14
145 14
189 192
58 176
130 188
98 1
44 45
176 3
167 187
25 82
100 188
95 176
56 148
39 5
102 11
53 121
54 12
86 118
174 16
115 198
124 0
94 3
98 4
133 3
63 168
106 1
195 5
40 104
41 171
169 9
142 158
147 0
47 153
67 4
76 14
66 83
82 13
138 187
157 188
128 12
61 6
150 19
151 4
193 17
43 182
22 27
169 193
151 18
42 96
63 180
140 15
95 6
162 5
70 97
72 161
168 183
107 122
52 131
139 9
27 3
23 71
96 165
199 8
84 139
3 14
171 1
53 11
133 166
72 99
30 152
48 139
66 1
134 17
105 168
86 7
130 14
115 154
22 25
25 71
33 12
130 191
105 131
29 82
48 164
108 12
56 19
65 115
170 13
144 6
30 115
58 134
190 3
38 9
88 19
123 5
101 0
141 7
63 145
9 11
134 154
97 171
154 6
68 108
121 156
151 10
35 0
131 199
135 7
108 9
102 135
149 164
54 78
176 12
115 6
174 13
146 19
52 12
90 107
76 15
79 8
127 150
66 170
156 6
41 110
150 7
159 198
65 128
114 4
45 7
162 8
52 160
134 10
24 39
55 4
160 12
31 196
167 177
147 159
55 0
142 153
10 13
39 132
32 54
134 190
52 13
70 11
90 150
70 118
189 8
180 183
133 171
78 6
93 11
77 117
57 4
59 111
137 176
106 128
30 11
181 9
177 1
97 14
122 13
120 149
49 1
64 7
40 41
30 18
174 3
162 3
11 17
86 178
198 1
73 86
33 58
127 13
53 13
132 6
16 17
188 3
163 12
28 104
55 10
156 13
74 6
88 199
83 111
107 156
103 4
2 19
38 124
52 122
79 140
182 15
21 22
40 185
71 16
103 12
91 1
121 141
10 14
103 19
96 10
192 0
25 81
38 8
44 99
38 177
75 16
37 99
65 11
137 8
144 168
41 126
118 124
42 17
24 132
147 13
25 6
93 152
136 3
60 3
79 7
29 6
150 13
0 2
20 11
62 80
89 3
128 6
21 129
48 4
63 177
149 11
122 160
96 120
91 4
134 180
166 3
89 96
15 19
32 2
45 79
65 101
83 123
142 2
134 13
116 6
79 11
93 186
31 49
90 136
45 140
5 13
118 17
131 156
47 190
38 11
164 189
72 8
80 1
56 195
153 17
76 125
45 123
60 77
102 15
174 1
21 72
36 75
159 4
52 3
96 11
86 196
118 191
159 19
64 5
83 8
1 7
51 12
193 6
92 93
99 120
111 19
5 12
69 2
150 12
35 18
99 9
53 94
137 14
72 162
66 5
39 178
126 9
137 17
194 10
103 105
22 7
190 13
92 8
63 16
155 5
66 11
91 16
70 127
75 83
104 148
33 156
66 173
110 18
143 6
42 99
76 79
118 13
45 198
108 19
37 13
113 9
154 16
121 126
157 10
85 107
144 170
43 181
121 3
159 13
29 36
39 192
41 74
54 6
84 93
98 15
59 0
20 91
116 145
26 9
50 98
8 13
85 183
64 180
93 120
24 105
53 92
70 141
56 59
99 184
64 4
34 5
112 11
152 8
30 198
24 64
3 8
115 1
5 15
0 18
37 7
86 4
71 112
99 0
59 136
2 4
124 127
122 148
49 183
20 5
118 182
26 6
114 198
96 119
27 14
90 171
81 136
40 1
198 3
79 15
120 1
23 4
99 158
157 9
29 8
54 124
114 165
54 104
66 147
48 165
2 8
60 8
129 183
55 12
54 8
20 8
112 181
78 3
86 6
140 5
78 2
91 125
199 19
56 13
120 9
80 14
43 80
62 187
185 11
35 196
120 196
36 57
62 143
49 87
0 15
182 6
154 7
54 120
121 192
172 8
114 144
187 3
80 174
101 130
83 182
33 133
31 7
106 197
144 16
120 17
92 14
2 3
4 19
101 124
116 0
150 5
73 14
161 12
155 162
82 8
25 196
94 105
149 7
32 137
41 168
2 5
109 137
0 3
20 114
125 17
26 166
52 4
78 109
2 18
53 158
176 8
38 10
71 123
31 43
140 0
0 8
131 143
59 153
22 112
85 172
76 173
57 179
86 139
127 173
124 166
70 168
96 185
135 166
21 6
10 11
198 13
141 145
153 0
108 109
123 178
81 15
189 193
187 6
71 161
35 3
23 8
32 179
7 15
41 76
44 106
20 9
24 194
101 173
28 190
140 10
184 9
36 120
127 5
174 5
49 17
23 132
179 8
115 9
37 130
178 190
58 168
47 127
21 67
9 15
30 0
8 9
20 182
141 2
168 5
14 17
160 17
21 8
194 11
168 17
75 8
126 188
42 6
8 17
95 119
24 137
80 105
194 14
38 53
61 0
140 16
120 14
46 166
23 46
74 155
50 6
28 13
137 5
122 140
180 11
174 196
56 129
67 171
69 83
59 117
28 61
28 91
145 13
49 84
56 15
173 17
150 10
136 6
117 191
100 110
62 171
0 16
126 198
180 8
175 16
33 46
187 10
100 1
22 30
11 16
161 4
58 9
39 157
99 155
181 3
71 5
34 14
72 0
121 187
185 16
3 7
105 8
124 196
36 18
129 136
124 4
155 178
149 19
81 190
9 18
162 6
83 4
3 9
134 0
74 13
155 1
183 3
199 17
49 15
1 17
33 77
133 189
152 3
138 9
65 130
102 6
86 94
126 4
37 11
45 12
133 18
63 143
32 50
100 4
4 15
136 13
184 1
153 188
37 140
0 13
42 168
101 13
187 1
59 3
124 148
22 5
61 153
180 3
23 12
193 2
22 4
26 55
64 17
24 10
70 7
30 8
76 10
21 195
70 198
36 10
95 12
129 15
38 13
130 168
21 4
172 9
81 1
188 14
3 6
75 97
53 67
140 145
108 10
104 11
72 18
152 4
49 113
87 14
83 5
182 3
112 19
131 19
80 2
91 13
122 16
34 9
24 186
7 19
31 67
106 177
86 159
25 68
45 109
45 3
150 4
86 127
160 5
48 160
168 181
124 10
50 17
90 152
122 9
24 102
77 3
155 3
60 17
186 198
102 17
127 171
77 99
194 13
111 14
121 174
3 16
82 0
111 5
21 125
63 13
182 4
65 16
83 95
59 140
41 58
30 55
101 12
113 6
116 12
61 185
167 16
127 18
108 16
168 11
117 146
102 108
129 4
143 159
173 188
31 102
152 1
65 10
121 2
78 16
39 177
106 124
54 103
74 161
104 15
122 165
36 2
90 19
45 1
64 76
21 32
26 164
129 3
132 190
121 10
159 167
28 100
32 193
101 16
31 63
127 6
132 146
58 165
151 19
21 156
133 153
77 2
82 123
78 5
24 5
137 184
73 7
56 16
71 4
9 19
27 34
148 10
48 85
65 0
136 197
31 15
60 88
191 17
87 9
109 19
116 9
28 38
110 11
59 15
124 165
43 91
90 129
20 177
21 28
170 185
120 170
110 19
125 189
36 140
49 50
114 17
33 38
161 2
140 8
189 2
128 9
23 83
59 7
140 153
32 168
36 153
187 16
159 181
89 93
87 5
76 13
151 0
197 7
161 177
72 10
118 149
61 11
160 14
37 17
105 14
117 7
102 4
10 15
67 1
152 10
171 187
54 2
179 5
125 198
6 17
194 9
24 19
108 13
87 11
22 177
73 144
31 52
27 119
34 8
148 9
62 15
125 2
29 91
170 10
97 1
66 10
90 13
165 2
134 5
102 12
148 196
82 83
26 2
72 182
35 8
87 107
118 1
93 137
34 95
126 16
180 194
42 16
119 4
172 4
23 136
143 163
147 3
20 167
136 11
81 0
127 10
65 144
190 9
75 1
60 19
49 184
54 5
74 157
197 19
80 3
1 15
97 180
100 144
38 4
100 3
49 76
95 118
133 6
8 15
173 3
46 6
197 4
54 106
35 62
65 133
52 120
159 9
108 149
31 81
20 25
186 8
115 158
127 186
72 79
117 134
172 12
95 17
52 167
88 3
170 18
67 14
28 14
61 14
42 178
185 10
110 176
98 8
83 88
79 146
166 8
7 17
48 149
98 7
36 19
41 17
106 158
4 17
60 99
118 161
96 16
6 7
123 134
176 15
23 76
