87 12
59 3
117 9
178 9
194 17
49 12
93 132
155 3
25 18
122 172
80 104
112 193
148 186
77 5
55 16
85 102
188 19
42 155
98 12
128 10
94 16
44 4
45 114
119 6
173 198
95 17
40 4
117 7
45 14
189 3
160 6
125 181
139 14
167 19
61 182
152 7
71 163
29 8
20 10
70 10
133 16
36 15
142 10
186 16
70 180
89 111
127 10
69 175
57 139
54 124
115 12
1 2
60 1
12 13
27 17
2 14
113 14
52 18
196 18
33 38
80 13
144 19
115 133
2 13
175 177
33 8
45 120
175 0
62 2
181 17
10 14
46 164
95 13
67 117
94 13
93 12
10 19
3 12
38 6
23 19
156 4
29 3
121 18
92 17
105 161
35 183
112 12
175 179
157 9
40 77
157 19
63 12
45 153
0 12
52 168
168 17
46 88
42 115
158 5
140 15
73 188
49 93
157 3
81 127
49 19
151 19
154 159
133 5
63 76
163 3
158 19
15 17
161 10
112 10
156 13
115 138
86 6
171 13
21 90
54 113
29 12
139 10
95 14
83 184
1 5
120 16
108 16
68 5
194 12
121 19
76 96
177 5
140 4
122 17
141 143
27 175
94 108
132 11
195 5
85 18
185 18
159 4
45 58
141 15
50 185
92 122
54 88
115 7
46 18
166 0
70 5
61 2
83 124
92 123
113 9
162 19
167 7
178 4
27 7
27 8
100 12
85 130
42 13
32 1
81 16
34 91
168 14
32 8
75 12
103 13
71 155
54 196
5 12
56 10
65 16
104 6
169 193
40 2
71 192
111 169
178 5
61 11
24 18
37 50
190 14
61 67
42 19
60 80
99 11
36 3
132 12
50 6
23 14
171 10
161 7
90 4
127 17
40 16
110 7
73 18
162 14
94 9
168 3
166 18
198 4
153 183
147 2
114 119
137 12
143 151
112 178
78 18
89 5
108 12
152 4
162 0
0 17
49 17
152 19
50 92
195 18
103 6
139 11
106 18
38 13
103 174
5 18
83 8
135 2
124 16
29 47
31 12
194 14
96 11
107 12
184 9
120 15
68 6
127 13
198 3
177 9
82 83
72 149
37 10
7 9
50 19
147 173
54 8
192 5
90 120
64 105
109 112
104 17
52 126
34 3
157 14
79 1
174 17
36 4
113 155
170 10
129 2
139 4
55 3
28 182
91 128
105 16
106 10
65 17
70 177
7 15
29 143
183 13
39 8
135 158
21 19
63 14
187 19
152 2
121 170
105 14
136 9
145 9
132 5
67 10
29 0
169 17
70 2
35 130
170 18
72 5
50 4
68 150
138 170
179 10
118 4
32 195
169 12
65 12
119 0
67 19
114 17
138 17
44 11
70 82
149 16
38 115
94 138
172 19
192 15
155 5
42 3
1 11
26 57
78 192
91 17
53 12
183 188
30 114
63 146
47 8
20 0
25 6
10 17
143 12
73 11
20 6
90 103
52 0
93 0
88 3
56 0
83 1
66 74
41 8
77 126
64 4
68 11
122 182
53 14
71 150
85 5
96 17
104 14
31 184
155 11
181 8
165 5
61 19
170 187
73 8
66 16
199 17
135 10
22 18
37 19
92 16
55 0
130 5
183 11
170 4
144 2
69 7
45 90
196 10
120 17
47 4
158 0
93 11
44 7
96 4
104 146
50 131
96 1
99 6
115 132
2 5
98 181
183 19
77 171
76 171
72 17
47 90
57 108
63 168
90 99
54 65
52 8
108 2
115 3
173 4
58 2
161 18
66 10
84 11
91 8
77 16
171 198
64 15
86 13
76 140
175 193
52 69
44 16
195 12
113 17
43 166
68 129
56 123
115 174
8 19
73 2
140 191
52 138
94 4
100 1
66 11
80 7
25 79
72 116
6 10
196 15
32 81
108 13
140 9
164 19
184 199
34 175
48 15
81 1
146 8
164 10
71 12
118 132
109 110
25 44
194 16
35 101
116 148
65 3
79 12
93 8
84 8
49 10
157 6
21 4
164 15
7 10
186 5
171 14
160 162
155 4
158 9
169 8
116 150
58 194
35 102
197 7
93 2
168 186
98 194
42 66
87 10
63 16
16 19
121 2
60 83
168 184
139 12
70 129
122 3
84 13
51 19
47 110
195 3
83 86
124 6
58 5
142 13
161 2
64 163
4 11
152 1
74 151
95 10
74 16
46 98
37 4
121 4
126 11
85 0
103 18
50 127
73 15
119 10
130 167
146 17
43 60
192 1
72 16
54 93
8 18
85 159
110 137
62 15
171 12
127 18
175 4
4 7
94 102
49 62
141 199
22 104
48 116
107 126
199 15
86 7
36 171
30 7
156 179
83 15
104 0
167 3
96 19
170 14
144 10
24 11
23 12
75 118
49 0
33 15
67 14
59 180
76 137
64 157
162 9
132 198
29 15
34 35
34 6
117 16
40 84
32 37
112 127
49 99
44 12
65 141
197 6
86 14
87 105
184 11
61 185
154 13
23 13
34 15
22 15
171 187
86 17
6 12
144 9
86 11
103 4
59 18
183 8
107 4
139 164
145 17
109 191
38 5
57 18
105 7
99 172
29 112
36 11
108 197
39 15
53 98
179 16
37 5
62 5
106 5
113 6
173 10
154 10
39 57
180 199
127 165
90 131
107 140
121 9
151 199
133 183
65 110
154 5
60 10
170 195
22 79
42 10
68 173
105 9
163 5
54 9
67 0
83 14
141 13
52 134
140 156
109 3
165 1
1 8
94 178
71 9
59 84
185 16
76 164
59 6
57 8
132 194
142 180
139 8
155 2
176 0
85 14
75 107
168 10
5 13
41 13
65 15
34 13
106 17
78 191
65 19
39 11
22 39
152 16
69 142
47 5
152 10
47 69
26 17
72 106
180 2
128 18
135 7
0 5
194 3
87 110
34 16
134 10
52 5
111 10
69 102
60 183
159 15
124 18
153 4
30 12
121 10
68 135
133 6
45 46
192 2
149 13
31 11
167 18
55 18
26 132
60 164
190 4
4 9
190 9
125 17
56 16
142 1
2 8
85 182
127 12
32 157
30 4
114 0
58 10
42 74
43 10
100 105
98 126
192 6
45 6
90 169
24 132
120 7
44 19
11 16
36 7
32 84
15 19
132 2
35 4
181 13
152 11
1 7
40 196
23 145
133 15
158 11
29 2
175 6
33 80
184 7
51 3
160 9
91 187
7 17
59 171
75 11
63 7
40 10
74 165
54 130
106 178
194 15
2 15
25 153
107 141
74 19
88 173
113 1
94 5
132 19
48 14
149 192
34 54
193 8
6 13
39 3
50 15
140 160
68 182
22 91
71 93
141 0
112 153
50 109
99 111
20 3
52 140
61 16
117 5
75 1
140 145
86 139
129 19
177 3
75 8
78 8
98 153
106 11
179 4
38 119
134 19
171 19
151 9
56 2
83 9
136 8
167 0
143 19
148 3
36 172
131 166
75 3
60 12
92 110
57 16
23 4
38 7
59 5
42 124
64 2
142 7
51 14
27 43
55 13
86 1
64 19
74 157
129 176
41 1
166 15
149 181
25 5
130 2
62 8
187 12
143 180
49 9
97 132
166 170
143 9
165 9
160 12
14 18
74 89
81 124
6 19
145 14
82 2
94 14
42 7
185 11
85 105
7 13
150 13
184 8
139 0
70 15
82 15
9 14
188 6
172 11
181 10
21 13
149 4
85 86
113 11
92 7
44 175
64 198
4 12
76 6
24 16
116 18
123 1
56 68
176 13
72 182
12 15
130 9
71 5
73 114
140 6
75 9
30 19
88 168
38 2
32 18
43 156
148 13
189 16
98 190
74 0
122 10
51 1
198 10
168 2
57 126
49 11
37 12
16 18
80 142
22 133
113 19
32 2
178 0
52 105
60 13
0 6
107 15
135 19
82 1
46 107
89 9
154 9
173 19
135 143
160 5
173 1
20 1
106 180
133 14
39 170
90 12
110 11
151 0
76 16
35 13
87 19
74 10
45 0
112 173
24 191
76 19
71 7
131 19
133 12
91 179
115 4
125 5
109 17
109 12
31 168
137 0
82 8
93 145
13 18
187 2
73 19
54 5
180 9
173 18
24 1
161 15
121 139
35 15
2 16
96 164
142 16
29 9
77 10
166 7
23 124
138 155
198 6
177 10
114 5
66 8
28 6
36 70
152 14
67 99
142 11
121 169
57 13
89 16
43 6
84 137
4 6
138 4
143 190
128 15
103 146
103 161
150 12
168 11
123 5
28 4
42 111
172 18
75 0
94 18
170 1
156 0
98 13
25 7
145 3
55 149
174 5
6 17
153 2
132 9
82 141
125 4
164 166
155 164
122 6
181 0
61 148
155 160
36 2
172 5
49 16
37 161
58 65
177 12
124 5
0 11
108 15
89 190
102 0
23 16
162 17
38 0
20 102
192 18
85 7
197 9
65 81
171 18
120 131
178 16
26 93
58 0
26 199
81 14
145 2
169 192
40 12
158 2
62 188
24 12
76 3
4 17
173 11
155 13
60 2
48 10
197 1
37 190
33 153
174 14
43 90
153 13
21 106
141 16
135 3
176 10
88 8
187 6
130 1
60 155
113 2
81 8
91 15
73 13
2 3
67 147
156 2
83 182
196 11
126 16
95 7
92 6
148 16
164 18
135 16
79 86
7 16
52 1
78 176
92 156
83 12
139 166
174 7
79 18
22 143
68 18
26 9
195 198
184 12
110 129
187 10
68 14
152 17
148 18
184 185
155 15
175 19
111 17
64 7
66 135
154 197
116 12
189 10
139 6
101 3
68 127
2 17
129 12
111 164
135 190
55 86
24 19
20 5
89 8
61 7
179 13
165 13
135 142
138 12
0 2
29 51
137 9
118 148
197 19
58 126
40 1
157 2
167 15
97 7
127 163
112 14
141 17
68 88
135 4
134 16
96 12
153 15
39 1
78 111
34 0
126 10
135 188
73 97
147 199
93 173
61 84
45 18
30 16
68 2
153 8
35 78
48 95
87 4
58 137
76 5
12 17
107 5
190 8
90 154
91 4
50 68
32 162
3 14
100 161
0 16
50 5
32 87
129 5
188 1
53 69
39 147
70 178
98 6
37 1
50 9
140 17
26 50
62 4
12 19
78 5
8 16
140 8
27 192
50 135
140 16
87 1
4 8
118 16
14 15
100 11
31 132
131 11
24 10
95 173
54 1
81 187
93 142
198 8
98 14
41 93
149 17
119 19
61 145
59 76
60 11
127 166
3 11
27 4
32 128
177 6
25 55
25 10
150 7
187 14
130 17
181 6
160 10
104 188
138 199
161 8
100 4
181 16
160 2
110 157
30 5
134 175
111 18
103 10
69 9
83 105
84 163
89 12
172 16
64 134
100 6
188 3
3 18
135 8
110 10
5 15
99 3
179 8
171 11
126 7
184 15
47 16
62 17
95 1
154 0
62 79
5 7
21 154
65 6
120 1
151 192
37 59
85 11
1 14
70 1
100 7
20 89
73 4
95 130
114 136
37 16
129 9
129 14
122 19
100 9
145 19
3 13
7 8
37 3
137 167
98 19
137 170
143 4
145 5
101 19
142 4
73 130
184 14
79 9
176 16
192 9
76 12
45 85
113 7
141 19
137 10
136 18
55 8
114 19
113 3
20 174
29 60
15 18
46 3
94 147
12 16
134 7
42 11
154 17
191 14
81 85
177 13
0 19
125 3
35 6
75 16
93 18
103 105
0 3
80 166
148 9
108 8
140 1
20 86
152 6
162 6
87 167
73 6
64 11
80 14
22 60
173 17
145 4
120 14
192 4
193 9
116 2
148 1
42 18
20 8
114 8
27 19
26 19
86 193
32 6
62 125
66 12
194 19
173 16
193 0
184 2
179 6
60 5
86 12
138 147
69 2
144 7
107 18
29 31
67 8
105 13
155 1
42 70
187 3
115 141
49 79
76 8
26 13
110 166
199 9
32 4
28 18
47 2
64 3
45 187
21 2
57 12
192 10
79 140
130 16
134 1
175 9
23 2
181 3
60 18
116 0
20 169
1 3
112 2
17 19
190 0
158 188
14 16
139 16
171 0
153 9
134 17
69 162
86 2
194 8
100 15
141 10
172 7
72 10
89 189
154 2
187 17
112 5
162 18
82 16
124 174
115 8
73 75
184 192
153 10
77 95
118 11
127 177
131 17
43 11
141 12
125 12
44 118
66 166
57 1
104 149
22 7
59 16
191 7
131 5
35 148
34 7
28 137
79 13
78 6
21 121
81 5
63 9
119 123
64 108
10 18
49 1
198 13
188 14
54 18
8 13
66 5
141 151
80 16
192 12
105 12
92 5
150 0
103 15
185 4
139 15
149 7
93 131
33 5
65 13
130 163
34 10
29 14
29 156
95 192
111 9
83 164
90 10
56 7
77 4
163 16
129 13
92 2
153 19
105 194
177 191
10 11
82 17
150 166
24 33
133 185
48 99
139 9
51 96
120 18
184 17
198 12
84 145
39 195
48 0
56 155
180 5
157 15
94 186
110 16
79 8
132 18
177 2
142 0
196 0
148 7
123 13
191 5
52 122
56 6
11 17
40 7
156 19
64 14
182 6
88 17
187 189
147 1
3 10
84 7
189 1
164 6
136 199
116 5
167 16
86 16
108 5
1 6
100 17
92 164
117 146
120 159
169 9
12 14
172 186
57 65
27 99
26 16
34 17
48 17
49 174
25 1
106 194
61 9
90 9
104 135
63 15
94 2
64 8
9 13
153 7
31 5
139 158
109 10
76 148
116 17
189 15
148 2
182 11
54 6
119 13
107 13
150 15
75 100
191 4
60 3
61 14
37 11
106 157
82 150
98 15
151 13
47 7
78 17
6 16
26 53
71 103
44 9
140 177
7 11
50 69
192 8
29 6
56 142
14 17
24 107
120 19
114 14
75 15
25 4
126 199
121 3
166 5
71 8
111 112
142 17
23 182
29 178
39 100
55 14
97 19
29 135
23 181
126 9
181 15
143 17
128 11
141 2
131 0
98 103
62 110
77 17
167 6
77 18
89 4
79 0
29 10
165 3
70 17
104 3
95 16
74 146
175 1
180 4
80 6
95 4
31 99
70 109
52 3
69 152
54 13
91 7
45 198
107 3
53 63
52 16
113 13
93 19
49 90
175 11
85 136
84 171
3 9
126 12
188 193
27 9
113 18
131 10
105 4
143 14
182 1
51 8
100 8
61 6
69 12
128 8
22 198
151 162
65 2
104 13
55 11
197 3
124 14
182 18
53 85
125 14
4 10
70 6
78 3
107 119
81 15
36 117
131 12
157 192
146 16
21 18
35 143
145 10
36 85
127 11
65 4
97 3
94 119
81 147
157 8
179 0
73 104
158 8
197 4
57 7
35 5
118 13
21 5
158 7
133 13
8 11
66 89
126 8
50 110
85 19
102 11
151 10
39 12
28 13
135 1
61 8
178 18
97 17
78 190
48 135
98 16
192 16
10 13
3 7
36 58
50 18
22 13
102 1
147 4
106 7
39 4
79 137
59 14
148 15
163 15
46 8
69 17
25 138
21 15
177 198
76 95
85 17
31 18
30 174
189 12
76 18
122 195
125 180
23 173
54 15
147 175
163 8
78 16
80 5
191 1
175 13
41 183
9 11
41 73
84 6
1 12
144 18
117 193
144 8
59 177
21 98
142 18
74 12
148 10
175 3
163 13
188 18
121 15
36 0
52 19
178 12
65 176
113 140
194 18
162 171
57 115
27 32
194 10
186 189
61 18
28 62
74 2
168 1
41 74
153 16
130 14
121 7
5 8
176 17
56 190
119 1
121 8
32 3
150 174
34 162
109 18
123 127
156 3
110 17
99 9
158 17
196 5
126 3
126 176
40 11
100 16
184 16
107 6
75 104
11 15
1 16
31 4
114 187
185 1
184 10
75 10
11 18
108 17
32 0
87 8
130 11
27 143
129 10
28 167
34 49
47 178
4 18
46 181
7 12
31 16
104 191
162 10
111 167
64 9
107 136
130 8
96 6
62 14
149 19
29 18
9 19
114 9
74 96
46 95
3 19
93 125
191 8
23 6
55 160
44 90
94 0
64 16
27 0
78 12
26 189
21 11
67 18
147 3
122 185
108 9
56 12
67 1
88 18
84 182
142 8
178 1
103 2
121 13
25 75
159 9
199 14
102 2
99 150
6 11
49 15
182 14
72 7
99 189
42 45
52 14
152 180
104 16
119 179
39 129
127 19
131 16
28 15
117 13
79 125
99 193
110 1
116 3
43 3
138 3
24 0
190 5
141 9
30 10
63 19
158 12
45 2
150 11
55 91
71 181
28 10
188 194
11 14
186 14
34 4
114 7
102 4
172 15
23 141
138 18
162 13
43 19
149 11
43 135
77 13
16 17
139 145
183 0
62 10
46 177
62 6
133 148
65 105
9 10
36 10
193 15
52 15
143 2
43 167
60 145
43 150
173 15
163 10
122 194
4 15
71 3
119 3
2 10
37 132
101 12
114 10
91 12
75 123
61 5
78 11
133 161
5 10
76 166
135 181
94 17
44 14
127 6
109 6
51 4
42 49
6 7
66 132
143 11
46 13
92 8
107 17
145 163
38 178
25 11
37 0
132 6
93 16
171 6
141 5
83 0
182 7
44 0
87 17
92 199
126 1
52 112
152 15
183 1
69 168
183 18
75 5
30 45
165 10
105 113
72 1
83 131
95 15
141 186
150 3
132 192
171 7
156 7
77 14
141 3
85 13
54 192
30 87
24 177
141 193
172 1
45 5
147 11
188 5
76 146
85 1
73 137
123 165
79 132
46 15
172 12
53 17
15 16
113 5
192 11
47 9
62 16
96 9
69 11
54 10
104 2
47 125
7 19
98 3
76 89
50 11
39 119
91 175
0 7
27 12
76 175
160 1
55 2
173 0
141 178
102 191
118 19
160 13
68 7
90 13
65 14
53 2
154 1
126 2
119 162
141 1
157 174
180 10
173 7
133 0
143 15
175 181
159 11
187 5
118 142
106 0
115 0
54 19
43 0
90 109
175 14
129 0
180 8
45 7
5 17
128 7
47 150
26 0
9 15
103 191
4 13
52 162
145 15
123 8
114 12
67 4
154 3
56 18
79 10
88 15
127 7
11 19
50 8
22 8
194 6
23 143
103 153
178 11
5 9
197 17
87 153
179 191
96 5
79 17
61 10
182 3
35 168
107 160
95 8
46 0
96 10
114 15
101 199
153 5
107 8
30 73
144 15
45 13
36 9
75 84
195 1
180 7
95 0
199 7
40 3
111 146
1 4
79 165
41 7
49 18
34 147
105 136
119 156
82 7
90 91
72 101
172 17
37 44
4 14
69 134
120 192
70 12
13 16
74 180
13 15
21 191
65 8
78 102
115 159
83 6
120 6
187 1
78 88
169 10
140 13
137 5
55 153
79 115
136 11
46 14
128 3
9 17
178 10
114 18
176 14
136 14
141 142
36 5
3 15
101 16
113 8
93 5
131 1
134 191
161 5
55 10
155 0
56 17
30 121
47 14
159 163
140 0
59 161
166 11
144 3
74 3
123 0
31 6
125 137
86 4
25 16
73 7
57 167
89 3
100 3
120 8
1 13
0 10
141 144
69 83
4 19
45 148
155 6
129 7
35 128
138 2
75 4
48 164
157 4
23 101
23 0
116 127
95 11
24 139
193 16
23 165
69 0
5 11
74 131
101 9
10 16
87 2
117 195
115 1
25 30
75 115
22 16
158 1
2 12
0 8
148 4
57 0
35 178
144 6
117 4
89 164
1 19
138 6
98 8
89 11
90 163
74 163
111 11
86 9
141 18
50 172
143 13
106 19
84 18
144 186
151 4
129 141
32 138
158 6
160 184
177 7
187 0
157 10
74 196
38 15
2 9
112 175
35 110
89 17
135 13
5 6
167 11
159 18
163 7
53 60
21 17
3 16
182 17
53 5
83 17
62 19
161 1
163 9
115 14
42 138
69 6
103 14
58 19
173 2
11 13
133 18
93 94
58 6
84 0
156 14
13 14
66 7
91 19
171 194
159 183
28 84
147 182
85 10
107 112
56 13
159 6
36 14
105 2
45 63
133 1
1 9
56 79
85 2
146 6
88 160
153 158
87 9
13 19
146 1
58 7
158 16
110 2
50 2
47 1
65 9
94 19
5 16
171 3
138 13
87 169
105 17
174 3
21 24
25 47
28 19
85 180
125 10
51 0
131 133
18 19
119 9
140 11
6 14
8 15
181 186
176 5
110 172
45 66
171 16
78 4
3 8
39 2
136 16
23 146
51 186
26 150
8 12
156 16
48 6
195 6
189 14
98 9
65 119
178 193
59 11
90 141
186 7
157 18
134 18
100 18
43 198
66 123
46 10
123 18
80 2
163 2
106 142
82 106
79 164
58 165
20 12
175 10
103 0
68 1
189 17
0 14
83 84
105 1
68 162
49 182
166 17
26 35
105 5
158 10
169 1
56 179
149 3
112 9
20 14
72 18
102 194
82 9
116 146
150 19
119 12
67 3
161 6
51 136
21 6
48 190
73 74
47 64
7 14
34 1
54 14
82 168
40 5
74 6
27 18
146 0
135 0
95 162
49 137
78 10
94 7
57 17
116 8
90 160
13 17
142 19
72 11
99 134
29 141
138 173
21 14
172 189
180 186
108 191
129 8
25 2
108 0
32 19
176 18
51 16
38 52
107 14
56 139
64 173
178 15
71 0
0 1
77 163
162 15
150 8
75 2
54 11
58 3
147 7
59 13
108 18
191 17
153 168
1 17
43 15
52 72
0 13
73 17
10 12
188 2
119 187
86 8
34 191
127 191
124 13
85 16
30 88
96 18
152 12
120 5
0 18
64 18
26 6
78 1
69 14
154 6
51 13
193 197
33 11
24 199
11 12
147 163
161 14
197 11
25 144
9 18
91 1
163 11
91 5
199 1
53 174
185 13
135 6
2 19
183 15
161 185
2 6
119 150
182 9
159 1
46 4
92 172
132 15
72 90
50 147
85 12
195 2
112 16
143 6
25 15
144 157
46 19
57 166
41 15
39 5
154 18
8 17
5 14
180 12
31 1
76 131
95 175
157 7
186 191
189 19
20 2
83 7
6 18
107 143
77 7
41 101
84 125
199 10
30 57
98 2
76 184
53 6
91 16
139 3
156 6
69 184
50 17
8 9
136 184
120 133
133 188
64 196
147 15
97 0
32 161
181 9
28 0
107 159
166 2
2 18
119 4
167 9
57 5
58 13
156 5
122 8
59 0
119 17
24 37
108 153
88 5
23 1
79 152
79 2
68 13
103 12
72 8
31 121
185 8
76 10
5 19
28 3
48 81
6 9
69 174
96 0
165 0
91 13
38 85
26 82
116 160
123 15
160 19
186 15
55 130
124 7
139 186
54 80
85 156
20 66
103 1
81 9
110 146
0 9
3 5
174 18
88 149
83 11
0 4
136 17
145 18
105 8
130 10
76 14
188 8
149 18
74 17
90 15
186 6
101 15
149 15
134 14
141 176
73 0
128 0
21 185
7 18
95 138
53 138
126 5
180 16
176 179
161 0
58 97
37 165
10 15
65 11
32 17
24 3
79 7
57 14
174 16
50 12
72 100
193 6
28 5
0 15
146 13
31 90
97 14
51 112
149 169
71 13
24 8
56 100
62 0
53 1
119 18
149 8
75 18
141 8
81 0
110 175
195 10
154 8
193 19
64 65
4 16
140 19
93 15
117 17
119 15
27 190
82 12
77 153
151 191
36 1
111 8
147 161
84 89
177 19
44 102
103 144
58 143
164 17
52 12
67 128
107 128
56 19
185 15
135 184
105 6
113 16
49 145
124 177
133 19
102 137
8 10
180 6
23 90
31 14
21 3
35 14
106 8
138 143
29 131
95 105
92 13
109 0
187 15
66 9
79 6
121 6
70 4
27 2
138 19
199 5
59 15
41 12
24 62
78 7
126 19
77 86
41 16
144 13
198 0
88 1
179 19
47 3
136 5
142 15
83 90
116 13
46 17
53 8
132 176
194 13
138 8
125 147
95 19
29 13
71 18
43 16
154 15
55 63
12 18
119 8
9 16
124 195
185 17
172 4
170 19
102 13
21 187
168 12
88 116
88 144
73 112
99 12
24 195
3 4
70 185
144 195
56 197
108 1
75 99
148 12
69 121
72 6
160 171
107 157
33 18
50 108
63 89
1 15
150 157
168 9
50 14
86 112
186 3
75 97
36 12
92 0
20 30
193 10
40 0
34 19
135 5
151 14
184 1
112 19
69 8
174 9
26 185
36 6
147 6
199 13
38 16
20 4
36 197
43 1
176 11
51 140
35 17
52 17
68 16
80 0
67 115
27 10
187 11
29 185
116 170
59 2
114 1
74 5
192 17
100 13
98 133
21 104
190 17
59 12
123 16
154 11
93 6
77 9
75 91
62 101
66 130
69 1
193 18
51 178
191 18
60 85
161 13
174 0
165 16
26 73
176 1
108 6
9 12
54 2
54 97
193 12
115 16
75 180
89 7
198 14
110 13
24 14
63 6
65 130
27 6
61 133
25 17
112 11
133 9
109 174
32 94
14 19
118 134
45 4
168 194
151 11
170 8
30 59
50 1
171 15
45 151
41 14
81 12
39 10
127 128
155 166
65 125
106 175
33 6
8 14
110 139
107 9
2 4
42 16
23 47
6 15
29 42
39 18
28 169
2 7
57 15
134 182
23 82
87 119
43 149
136 161
73 175
188 7
49 2
40 148
174 2
170 13
61 83
4 5
64 113
124 168
87 14
104 19
126 4
122 127
63 13
109 2
47 121
40 13
185 6
