85 154
29 183
126 6
29 74
43 46
44 14
107 17
26 168
52 89
33 106
69 133
24 17
101 1
62 126
83 144
168 16
145 16
103 173
95 193
97 4
45 16
65 162
81 162
110 152
62 175
59 67
22 128
168 6
88 175
112 18
79 186
193 0
129 188
29 136
89 183
59 2
52 131
59 198
181 13
34 114
76 6
154 161
97 98
60 125
81 11
96 199
28 147
96 136
168 11
43 143
190 0
186 18
86 5
127 8
73 138
53 195
1 5
163 198
182 0
21 22
146 11
85 107
80 126
113 124
120 5
35 1
21 122
121 141
41 170
36 2
103 139
155 14
132 166
46 9
137 3
111 146
177 4
92 6
160 13
0 13
131 8
99 166
55 131
128 1
156 12
186 0
42 189
172 6
78 191
69 175
191 5
49 2
99 198
30 18
191 7
2 15
87 136
98 16
116 197
130 17
80 150
81 82
82 176
38 64
25 93
87 19
83 4
51 183
102 141
182 3
46 199
50 13
53 16
40 101
120 11
2 10
22 166
43 15
47 8
52 18
135 14
83 165
16 18
41 78
42 145
122 130
69 13
89 103
153 8
96 105
131 7
168 2
78 133
26 1
7 16
94 10
102 106
112 128
65 14
96 19
101 124
160 14
115 147
94 3
145 149
167 2
126 141
124 143
79 196
46 6
79 98
45 14
189 6
192 0
115 142
55 16
86 121
197 11
21 72
130 6
68 172
80 14
159 192
82 1
175 193
83 195
65 3
74 161
81 17
36 10
44 124
98 147
68 7
21 1
37 188
52 118
10 13
125 159
13 19
3 15
135 194
186 16
92 109
20 63
166 7
9 19
125 187
20 141
179 15
171 15
2 14
100 172
34 85
149 15
144 10
73 2
127 12
67 125
42 58
107 109
124 136
62 122
35 140
79 159
54 93
74 17
57 135
197 10
88 16
33 15
94 98
150 171
165 1
88 6
186 3
33 142
31 185
152 14
49 146
42 15
133 13
150 16
3 8
66 90
48 16
124 7
129 4
183 9
124 172
0 12
174 0
34 123
146 177
24 6
58 3
47 160
177 18
21 82
2 13
199 0
111 118
183 13
89 119
60 100
184 14
32 16
124 160
107 13
115 19
37 9
159 197
84 13
53 57
95 6
87 140
197 18
119 182
103 0
102 168
28 192
197 7
36 64
184 186
144 14
57 83
126 7
55 182
98 197
27 8
161 18
81 177
37 114
117 11
175 8
103 196
99 158
115 139
84 17
81 12
169 9
112 8
86 10
68 182
162 2
177 14
48 7
59 153
23 16
82 14
61 18
133 8
45 133
87 14
47 156
32 175
148 5
35 188
78 121
124 131
49 12
156 5
140 12
94 6
198 9
57 111
123 125
48 5
126 171
22 41
115 181
66 153
83 18
32 14
163 13
69 160
87 17
114 8
7 12
157 12
110 139
72 11
172 12
29 99
32 6
148 13
48 142
20 95
186 19
114 192
4 7
83 102
180 4
115 6
130 15
31 96
165 170
184 18
152 12
42 104
75 184
27 152
88 193
198 6
2 19
131 4
84 168
61 79
146 6
30 98
35 16
168 1
26 152
100 5
51 19
26 71
59 170
177 16
24 134
113 134
84 174
62 178
50 2
78 165
151 153
27 57
99 17
5 10
65 195
15 18
80 12
119 149
133 187
47 10
110 118
168 0
64 19
116 11
112 15
145 2
63 3
29 14
50 1
41 9
195 7
85 1
99 19
32 1
96 147
1 12
181 14
84 15
58 1
69 4
64 4
96 150
127 168
62 18
105 16
73 186
114 171
30 122
75 144
139 198
76 0
57 13
157 189
184 15
80 122
99 16
95 97
60 62
52 85
45 70
46 17
22 167
31 80
61 0
148 192
106 15
89 1
100 12
65 132
82 17
45 176
121 0
100 0
199 19
140 3
37 7
98 14
47 182
50 156
72 129
6 12
84 102
198 4
188 9
122 136
39 172
196 7
91 160
173 18
89 182
60 18
95 100
166 0
96 177
166 1
152 8
75 99
58 181
120 190
43 78
79 14
140 13
65 86
84 8
75 118
75 88
102 114
119 7
32 67
151 6
56 4
125 17
147 6
45 60
118 187
185 16
152 9
129 7
70 150
25 130
106 17
54 103
147 5
117 14
98 117
20 3
1 3
41 164
194 13
20 68
181 9
38 12
23 17
132 14
128 187
41 145
198 1
155 17
64 128
95 4
109 165
2 5
177 7
44 111
134 4
25 142
86 123
89 126
44 7
195 4
113 14
0 5
10 11
37 3
162 11
151 188
13 16
21 0
108 171
97 14
39 1
50 134
123 195
149 12
96 162
58 131
142 17
180 15
115 185
31 164
39 197
136 8
159 180
95 162
47 136
24 4
46 7
177 9
187 17
69 15
50 197
184 191
159 166
28 114
99 116
60 193
85 6
139 5
172 18
128 3
95 105
87 10
151 1
60 5
130 12
73 8
135 8
124 10
37 82
193 14
21 184
44 103
43 168
25 114
80 147
162 181
4 5
22 54
88 164
94 196
25 89
131 2
109 0
82 10
78 151
87 139
43 12
175 196
143 150
131 175
76 199
141 2
81 4
195 19
187 1
20 187
59 9
51 5
20 1
114 5
173 11
120 140
113 11
42 3
50 176
49 126
128 193
155 6
107 146
46 12
158 16
129 194
158 18
93 184
150 9
53 197
0 19
0 18
55 79
67 11
114 196
82 119
70 14
60 17
30 47
139 4
53 188
104 106
22 184
15 19
156 19
126 130
72 188
190 13
72 10
54 6
154 12
167 172
127 141
170 17
94 162
114 3
34 18
95 114
38 15
103 160
92 0
143 155
199 15
86 109
114 158
99 0
70 6
50 5
124 19
14 18
40 92
164 19
37 79
94 19
129 132
27 165
7 18
193 12
163 10
177 17
50 154
23 12
80 123
76 137
91 144
113 133
73 4
0 8
11 18
138 12
120 136
117 171
91 152
42 49
50 131
66 18
63 104
28 19
45 109
63 14
96 190
57 19
42 127
46 165
145 184
28 80
26 5
78 176
12 14
113 10
48 92
66 180
98 7
7 15
158 7
130 152
178 18
99 100
140 14
124 9
39 184
132 161
54 178
59 16
180 18
126 11
196 5
91 110
47 120
6 9
48 172
107 16
118 183
169 1
157 9
156 13
132 9
26 65
173 178
121 6
84 108
32 18
24 1
21 73
124 4
46 177
140 5
175 7
32 13
31 78
87 135
117 145
96 8
162 13
34 17
112 146
93 151
26 9
18 19
120 142
121 188
57 177
40 17
187 4
62 7
116 123
102 14
109 196
181 17
55 12
45 94
114 123
65 12
147 9
52 6
33 58
136 3
31 128
81 90
180 17
91 5
37 1
30 170
50 123
121 8
48 17
97 195
22 6
43 116
95 16
56 198
137 12
91 8
112 194
103 18
74 167
131 170
62 19
57 194
118 18
87 169
137 18
138 1
9 15
152 176
35 4
119 14
73 139
40 68
31 159
121 168
58 144
82 3
99 1
169 16
34 172
33 13
127 14
37 46
138 155
68 19
43 11
107 137
127 195
55 15
47 108
149 163
29 30
38 4
108 19
64 157
119 12
75 16
59 157
31 186
101 157
160 11
147 11
41 125
24 79
91 17
77 15
127 179
28 86
30 181
61 119
166 13
83 0
71 177
36 17
183 5
110 153
41 48
36 7
68 99
71 132
115 13
20 94
99 11
144 18
191 10
38 13
93 121
83 162
130 2
76 16
73 98
85 3
68 79
43 162
189 3
78 19
31 105
105 154
172 2
198 15
124 12
92 17
119 176
196 14
97 111
163 182
44 162
98 121
77 18
144 4
47 90
147 171
116 4
81 123
34 57
161 166
97 182
107 123
126 179
9 16
72 125
140 10
72 162
101 160
127 16
91 174
114 13
138 8
22 10
171 8
83 14
100 144
114 166
48 113
39 13
101 139
139 182
40 15
21 195
37 159
54 12
56 5
87 121
55 115
38 18
51 11
84 16
41 82
171 6
116 167
35 71
187 11
11 17
128 4
54 10
59 189
199 3
48 194
178 3
123 197
87 173
148 2
87 5
128 198
46 127
82 16
160 168
9 14
135 13
43 145
115 5
164 5
24 122
37 15
164 17
88 11
76 96
94 125
32 57
117 18
33 10
26 191
169 3
108 135
63 87
145 5
99 7
27 115
119 10
71 83
160 15
181 4
127 156
88 10
135 162
182 9
52 109
96 149
12 19
71 91
50 68
20 17
190 19
146 12
35 48
20 11
77 100
135 7
26 0
52 127
38 76
87 171
182 11
130 141
20 104
42 78
49 14
189 7
133 6
117 9
123 153
56 3
129 6
107 0
83 13
41 70
120 19
93 117
89 197
70 102
22 177
72 78
191 197
193 5
129 139
86 128
79 8
117 133
48 156
132 134
51 9
113 9
40 5
53 116
56 15
180 7
199 2
25 1
47 83
160 186
52 108
81 5
107 196
111 180
96 2
88 117
100 189
111 2
173 12
39 12
181 193
21 10
14 16
10 18
114 9
56 14
28 16
107 189
192 14
102 193
71 128
169 11
33 79
62 113
51 72
113 15
65 187
60 174
108 7
191 3
159 15
23 161
197 9
109 177
49 16
75 152
78 17
78 183
28 0
4 18
37 156
96 14
32 199
115 186
55 19
65 83
90 16
91 156
181 192
162 8
101 180
22 7
135 170
24 161
164 190
102 11
192 196
82 89
21 13
62 14
98 2
101 129
134 169
90 131
44 4
111 132
198 17
21 69
108 151
82 19
105 18
8 9
34 180
64 121
66 140
2 18
115 9
36 3
165 14
91 9
56 149
29 124
84 19
72 5
174 17
26 3
30 13
97 17
77 14
51 13
87 193
149 16
185 9
132 6
110 0
63 190
95 106
40 138
51 7
163 4
135 19
187 15
93 2
2 7
74 3
39 11
173 2
196 19
186 9
44 83
63 11
35 13
20 183
38 55
49 139
57 60
50 94
146 192
161 173
160 10
72 131
59 80
82 4
48 0
140 181
161 182
31 8
156 1
68 114
169 8
111 123
29 34
168 14
158 19
30 110
43 153
21 197
89 14
90 140
93 15
122 7
53 7
45 13
40 122
65 160
66 97
191 16
102 162
104 14
132 2
115 149
90 7
36 100
25 164
22 100
39 2
146 18
105 1
30 120
183 8
20 79
47 85
23 123
68 74
65 121
185 12
98 106
90 6
150 181
41 197
176 15
59 89
33 8
135 190
105 6
41 107
59 149
12 16
40 163
155 195
149 18
158 13
189 18
190 4
42 11
1 19
128 15
47 11
128 0
94 148
189 14
61 140
193 19
87 89
108 145
6 13
36 81
149 19
90 19
77 176
91 10
65 169
140 159
37 12
38 71
51 65
25 60
90 152
107 8
160 172
195 8
174 11
75 100
59 154
72 141
69 130
159 7
133 10
20 128
96 12
30 80
6 19
141 193
183 16
170 193
136 187
78 12
166 2
98 12
108 176
54 15
97 143
114 190
142 0
3 7
185 3
33 154
83 12
191 4
30 199
157 188
58 175
131 10
104 110
29 6
102 18
137 167
115 137
42 147
33 186
51 3
28 1
107 18
20 137
79 149
107 130
126 139
9 17
114 1
151 5
63 126
72 163
74 6
21 16
61 19
195 18
162 16
4 17
101 3
29 0
154 19
10 16
20 129
144 8
157 16
164 11
87 12
20 4
167 186
33 155
86 112
154 183
131 158
53 161
161 7
73 100
71 196
8 18
72 117
48 61
184 196
54 134
46 194
77 156
88 5
0 16
145 6
3 13
87 151
143 152
90 196
25 108
66 12
190 12
39 8
150 10
97 134
144 165
40 2
188 8
142 19
56 89
11 14
60 3
6 18
105 3
41 172
112 131
33 4
118 197
181 10
183 0
1 6
112 4
93 12
56 136
176 6
110 7
72 134
126 13
43 1
52 68
33 61
129 3
174 5
59 5
116 148
171 1
119 150
97 131
67 178
50 17
36 179
172 10
140 0
30 179
195 5
138 19
159 5
151 157
34 147
44 157
52 100
48 154
100 158
157 3
72 4
28 60
82 164
136 6
94 182
39 17
117 134
22 2
178 5
80 167
44 192
125 176
21 75
77 83
159 178
132 12
138 188
38 46
82 18
154 4
158 6
167 1
134 15
109 160
69 5
76 13
135 156
46 3
30 5
105 186
108 179
134 164
71 14
37 14
149 162
190 3
161 176
147 155
118 123
55 11
83 150
107 3
33 176
148 6
142 16
27 166
29 130
86 17
145 163
78 145
29 66
107 143
81 91
70 8
9 10
34 127
72 167
6 16
135 15
40 85
26 134
23 27
131 142
49 116
148 174
63 133
175 0
42 140
0 2
117 10
61 108
30 1
163 5
181 2
5 13
50 6
68 72
38 82
134 172
193 3
107 1
137 13
78 18
35 0
136 148
104 1
42 135
135 3
127 149
123 152
167 18
77 93
173 5
31 0
112 153
94 172
45 15
110 189
32 7
39 52
33 120
129 197
23 18
172 4
73 13
131 152
164 1
89 4
103 165
98 19
160 194
111 7
32 187
89 18
198 7
159 17
150 18
142 2
191 12
4 13
119 159
108 182
136 149
146 1
176 182
2 6
175 16
38 11
157 19
109 121
195 16
76 163
116 150
102 180
33 59
56 96
50 151
58 151
28 198
23 26
42 102
22 194
40 90
100 152
68 3
138 15
35 9
76 104
138 170
34 12
62 9
24 98
42 195
132 160
143 5
25 116
137 15
35 180
32 146
70 17
86 9
14 19
101 2
155 8
34 199
29 106
79 173
21 99
188 0
32 90
26 74
161 174
111 152
31 34
123 0
89 160
5 6
133 179
93 137
0 17
106 7
27 170
70 0
7 8
37 6
57 90
100 138
14 15
122 172
45 183
72 81
128 7
37 41
167 13
167 15
21 33
35 189
72 7
38 174
16 17
17 18
1 17
111 10
43 7
81 167
198 16
34 16
109 158
47 63
23 2
41 0
56 111
59 194
5 19
42 150
127 11
73 14
21 26
141 9
135 2
117 4
133 11
81 2
27 159
167 192
93 166
135 155
65 165
171 14
172 16
46 68
45 186
145 13
103 167
102 117
81 0
52 195
64 13
23 122
100 7
171 4
64 125
5 16
119 0
42 167
82 15
73 96
67 186
114 127
103 12
74 14
189 11
129 10
113 5
127 176
67 76
163 14
123 184
58 149
89 141
160 19
172 19
56 155
85 106
24 70
166 9
133 7
67 16
144 167
186 1
147 17
80 3
77 92
33 9
135 4
59 143
148 0
134 175
72 98
70 19
98 159
194 6
116 18
37 178
84 5
52 70
153 154
80 1
122 12
116 8
157 6
185 8
108 12
146 198
171 7
23 192
195 11
134 182
128 5
114 128
44 177
191 6
60 191
176 188
102 127
122 18
102 120
56 18
51 17
20 182
138 172
155 161
121 7
82 141
4 16
20 9
69 128
140 16
167 17
85 128
143 11
72 93
127 131
79 115
122 157
134 16
28 3
32 50
183 7
169 13
53 72
155 184
158 3
66 15
48 116
31 57
40 187
64 71
130 161
71 157
39 10
144 178
102 8
83 169
195 13
82 5
31 95
61 10
122 10
58 14
78 16
73 104
139 6
173 199
62 3
30 191
144 1
83 182
66 107
2 11
20 131
72 12
99 9
26 8
21 159
80 162
84 187
71 189
26 47
157 2
89 110
130 10
58 137
90 18
86 1
25 43
41 10
32 114
104 177
45 121
9 18
0 11
22 44
120 181
32 116
71 11
126 10
59 12
29 3
4 8
12 18
5 18
77 89
123 179
52 121
26 154
73 10
159 171
59 69
182 8
122 160
71 143
150 6
72 86
159 1
113 172
42 132
6 15
37 104
26 190
81 7
40 134
184 8
1 14
30 183
67 2
165 166
34 4
152 183
34 58
107 7
163 178
23 37
101 13
107 127
41 198
155 166
104 13
61 2
115 123
60 16
23 81
40 112
113 182
47 185
35 11
34 128
125 126
23 76
192 11
25 0
89 8
78 166
109 183
13 18
110 10
5 9
83 10
196 13
22 113
57 91
55 112
150 3
172 177
127 151
164 195
136 143
20 189
162 164
45 17
24 136
77 154
97 8
34 136
91 2
25 2
69 135
130 166
76 2
80 188
97 9
92 127
84 184
91 11
95 19
77 123
108 8
46 13
56 95
55 64
148 170
127 2
185 2
57 138
151 156
179 13
148 3
81 105
73 7
12 17
52 1
194 2
140 8
76 109
104 6
151 199
160 16
108 13
161 8
35 19
135 10
136 18
44 12
142 14
106 2
163 19
65 9
98 177
189 192
33 35
52 194
67 15
141 0
2 8
36 8
67 129
56 142
114 133
32 11
57 189
141 186
56 120
44 133
129 18
80 8
78 14
67 13
52 96
101 19
108 138
115 167
39 95
104 112
59 180
99 188
62 157
70 7
160 166
90 15
107 11
109 19
128 171
100 2
169 10
40 80
28 182
161 179
70 11
56 152
166 172
38 41
103 151
111 19
163 174
49 122
198 19
24 160
86 174
100 199
187 10
21 189
149 14
157 190
125 16
51 67
138 160
50 128
101 8
75 113
1 18
71 19
74 191
111 186
87 4
31 194
68 116
41 110
164 8
136 168
120 7
182 7
71 17
172 0
59 75
156 16
167 16
120 1
43 187
105 12
75 96
38 101
116 14
61 5
147 3
76 150
70 174
97 129
39 4
8 10
85 133
72 132
165 15
136 156
36 172
166 15
124 17
184 9
36 48
96 1
25 16
26 2
28 113
59 10
29 77
60 114
106 199
189 15
31 3
88 14
104 118
77 142
26 14
63 16
84 7
75 169
160 189
117 12
44 98
63 4
194 8
3 17
65 170
28 124
25 53
21 19
96 17
185 10
145 194
80 127
38 17
86 175
34 54
76 98
117 3
122 150
0 10
30 193
73 183
1 11
109 17
141 187
94 16
175 17
121 170
106 11
11 19
56 189
99 10
2 16
161 15
190 17
163 6
155 171
56 87
64 91
154 178
95 11
48 19
182 10
84 3
85 113
61 179
55 157
29 10
88 110
28 2
98 101
156 7
79 83
168 177
66 152
82 120
84 160
196 6
43 158
152 1
52 19
27 42
48 107
153 171
23 190
25 13
136 10
125 139
6 14
50 18
153 18
57 68
178 8
134 12
163 11
90 119
20 13
104 170
146 3
28 89
73 12
82 101
73 3
6 10
10 17
35 183
158 15
154 9
127 10
49 148
174 185
95 149
123 167
175 6
24 18
121 16
78 0
7 13
0 7
119 1
40 12
93 145
149 6
42 1
46 131
117 8
39 189
100 13
109 18
32 15
192 5
44 16
153 4
197 1
25 123
92 97
161 1
85 18
135 1
45 9
64 6
77 9
68 115
159 4
105 126
123 5
21 168
79 5
59 68
65 127
179 6
80 92
76 88
32 4
171 182
54 17
21 47
110 14
45 2
8 16
57 11
24 193
107 5
182 4
83 15
76 179
108 184
26 110
123 175
135 146
35 166
23 182
114 119
86 15
27 157
164 181
30 9
56 12
121 3
33 36
58 141
172 17
68 100
105 4
22 191
177 3
48 18
72 84
180 11
138 0
66 1
36 170
88 1
120 10
60 195
93 179
64 122
102 3
22 5
37 118
54 128
79 104
108 122
22 147
22 26
119 13
64 163
21 5
96 11
24 32
65 17
1 4
47 123
190 5
93 4
89 184
104 5
84 14
99 143
155 9
92 9
76 102
9 12
170 10
123 11
129 140
22 14
70 120
128 8
78 134
173 19
96 125
1 2
79 161
7 14
61 120
180 12
76 157
137 156
72 1
132 3
106 12
109 13
86 179
92 93
21 2
93 8
28 119
70 5
196 16
44 76
54 159
56 7
184 10
30 101
91 16
50 61
104 128
67 105
120 3
105 7
28 35
88 13
67 78
121 158
129 17
113 1
115 3
113 6
106 151
21 162
73 129
54 190
105 173
34 10
56 11
194 1
30 174
66 80
114 122
42 52
4 14
66 159
101 122
123 154
40 84
76 168
171 17
158 2
39 103
147 16
43 9
104 7
62 13
114 4
55 13
80 132
52 7
72 6
165 178
81 179
36 79
61 11
59 135
137 179
68 146
154 10
83 92
189 1
153 19
48 149
118 175
135 174
119 11
43 155
26 16
83 11
126 19
181 1
75 173
26 15
60 179
37 48
98 170
62 76
66 139
22 12
21 18
168 19
2 9
182 17
137 0
64 155
100 16
23 77
27 19
96 0
103 6
88 146
167 5
154 173
83 181
61 15
95 0
74 13
29 79
62 4
101 111
141 167
66 91
26 12
140 1
86 137
43 126
41 167
147 18
108 6
156 18
62 11
171 3
64 105
141 144
98 9
133 142
27 59
162 0
190 9
48 132
30 198
117 143
57 6
73 198
66 9
146 9
79 18
117 2
127 167
87 1
39 141
153 3
42 16
150 159
163 9
98 183
124 146
145 180
84 180
73 99
190 8
133 2
168 12
154 15
24 153
50 144
7 9
97 154
104 121
29 19
100 191
28 6
39 145
118 2
132 13
38 8
104 2
6 17
94 1
75 5
170 2
136 5
95 17
192 16
129 19
89 7
102 17
36 142
131 14
31 184
39 19
146 191
93 13
50 3
115 14
122 133
42 199
166 11
151 12
108 137
136 193
21 8
160 6
144 182
33 170
77 167
48 4
47 12
11 16
59 131
3 10
86 8
84 151
141 3
93 0
106 1
119 3
174 189
155 12
103 10
81 13
187 3
27 89
132 18
131 19
118 6
158 4
139 19
83 1
127 7
127 197
121 195
90 11
94 101
64 16
118 4
197 4
66 168
149 4
90 91
184 194
65 8
138 146
9 13
116 119
111 6
3 16
195 10
24 127
166 10
93 187
147 187
143 2
39 194
67 7
22 0
0 9
131 12
160 5
148 11
82 11
155 3
43 19
104 9
69 6
81 16
87 154
76 1
127 0
48 185
78 181
23 0
105 124
2 4
33 62
62 195
48 100
142 18
188 14
51 184
92 7
67 119
29 12
123 12
178 17
188 4
175 14
104 4
95 14
111 17
58 138
22 162
179 1
41 150
85 16
58 123
68 180
106 191
69 19
74 180
73 18
54 101
175 12
156 11
127 13
108 170
188 6
85 2
116 13
126 14
112 3
141 145
64 83
171 18
136 2
50 73
75 149
39 45
76 138
181 8
129 12
94 197
157 4
81 8
87 116
59 132
72 197
50 7
186 12
46 132
115 17
4 11
59 199
141 17
175 19
56 10
37 2
44 19
76 180
118 9
169 2
57 15
40 188
58 73
185 1
10 14
157 11
0 15
153 12
129 168
31 35
1 9
24 59
73 82
144 15
90 9
56 161
36 156
14 17
91 198
79 17
51 68
85 14
87 115
74 19
148 179
51 101
140 164
106 10
45 157
73 9
82 167
39 87
193 16
118 5
35 142
27 185
48 1
74 158
116 121
154 16
103 5
45 3
11 15
137 9
40 4
142 1
114 7
81 196
75 11
104 11
39 7
41 96
41 13
99 6
82 177
47 150
74 8
0 1
3 5
179 181
41 64
33 12
97 3
66 145
73 148
103 159
125 3
79 10
160 8
27 13
57 81
20 19
94 7
45 161
77 195
32 180
22 71
72 105
81 121
165 5
45 142
50 170
60 126
27 196
92 192
76 103
146 8
105 169
133 148
21 12
36 126
57 92
87 92
54 14
118 154
79 12
75 95
96 157
33 0
188 17
169 187
31 189
4 10
26 177
35 3
40 156
75 1
79 130
4 9
65 7
53 0
197 15
29 4
41 127
105 170
167 188
38 130
51 112
30 106
96 176
167 11
142 144
60 15
119 5
185 19
3 12
77 190
49 132
115 199
90 179
49 6
38 5
39 15
108 5
136 11
40 57
144 150
194 16
34 19
81 99
71 182
31 17
170 194
45 143
50 142
23 148
134 176
131 182
69 11
75 8
48 174
5 12
50 155
35 194
1 16
102 4
30 59
178 1
86 181
39 147
25 186
5 17
38 67
9 11
95 191
187 9
6 7
174 18
84 159
39 116
152 180
150 192
76 108
13 17
89 15
122 126
101 6
12 15
68 142
188 13
90 113
28 177
84 131
61 9
22 104
112 12
164 10
36 143
170 195
97 11
83 9
116 17
56 13
111 1
22 127
122 153
175 177
78 84
118 15
38 168
163 7
133 5
5 15
46 14
191 17
35 167
25 29
60 0
122 13
46 4
151 3
109 133
36 13
105 8
17 19
112 10
132 1
66 142
22 58
194 11
124 14
123 18
199 1
89 143
69 1
128 14
76 115
24 73
53 103
50 174
117 13
47 191
98 142
61 156
73 19
158 8
197 16
49 75
41 2
33 85
131 1
30 7
165 12
12 13
20 74
87 0
70 132
148 15
74 76
60 81
100 18
153 15
62 186
109 172
73 168
35 94
63 185
103 9
136 190
20 59
39 86
51 18
23 10
122 0
57 5
85 5
70 10
192 10
120 8
51 14
52 62
46 139
193 4
113 13
58 199
82 196
108 1
16 19
69 198
110 3
34 103
157 173
31 9
170 12
66 13
40 141
120 18
25 12
65 2
103 176
135 16
35 192
141 5
125 146
123 9
76 182
93 120
109 147
83 6
103 119
80 155
158 195
84 18
181 12
155 4
154 5
159 3
187 7
91 101
57 126
83 3
143 157
41 6
64 8
93 1
145 183
45 19
60 171
97 148
37 16
191 1
78 141
31 171
53 177
117 1
110 8
100 120
42 10
157 0
59 74
1 10
88 7
179 187
133 153
140 197
110 191
115 158
116 0
105 10
171 12
64 0
21 39
29 171
167 12
85 19
3 11
6 8
78 6
115 18
31 136
50 11
58 156
89 13
55 6
46 150
42 126
42 160
43 175
135 11
42 152
51 0
96 13
65 6
193 6
122 3
3 9
161 14
3 6
161 5
56 132
162 12
137 145
28 13
41 5
62 144
156 2
138 17
92 154
44 179
22 19
183 1
42 8
44 3
72 96
138 18
8 13
3 19
62 137
107 2
44 6
80 131
50 8
133 12
176 19
102 19
69 12
31 14
171 9
113 17
152 19
74 150
2 17
95 7
160 192
46 79
143 4
93 5
56 9
6 11
198 0
167 8
104 174
13 14
132 19
71 104
69 189
83 112
130 173
107 119
134 158
64 112
60 12
8 17
4 19
85 10
23 189
186 6
87 2
165 16
92 2
60 14
37 107
97 160
2 12
68 150
121 9
99 108
44 93
88 187
27 5
59 79
30 12
181 188
64 99
10 15
152 17
127 1
135 151
38 179
83 125
112 158
117 15
57 108
144 3
93 14
152 164
127 4
22 74
137 1
178 16
92 157
134 151
192 15
67 73
145 7
31 12
107 195
142 7
64 12
35 89
86 7
107 14
101 142
53 17
8 12
3 14
127 3
126 132
95 194
45 79
198 8
104 18
137 10
119 15
42 7
5 14
31 123
26 10
179 9
128 19
181 191
38 1
139 16
183 10
49 180
96 198
125 9
168 3
41 102
29 176
199 14
64 17
4 15
20 33
45 4
127 19
172 3
37 153
190 11
145 1
57 18
33 141
58 113
108 16
163 18
21 9
102 5
90 117
55 68
76 152
51 147
127 9
47 196
35 81
195 6
64 118
33 191
135 139
69 113
65 148
165 174
0 3
123 8
133 9
117 0
137 7
63 10
98 127
172 9
134 170
105 107
168 17
166 6
52 181
77 107
92 11
59 14
33 171
56 1
64 177
26 86
56 154
160 9
59 142
55 142
108 10
129 175
102 153
31 5
159 13
117 7
103 199
10 19
79 1
70 12
69 100
140 145
23 11
24 2
60 84
109 11
132 156
78 92
46 88
68 125
91 195
31 13
89 11
80 0
68 89
89 10
98 189
53 12
67 0
189 8
64 135
69 8
24 191
196 2
43 0
126 199
113 0
63 113
56 181
59 4
58 104
22 31
67 177
110 188
84 142
50 71
97 140
49 155
140 4
150 11
111 133
164 171
157 15
134 152
58 13
92 4
79 128
55 4
81 88
40 70
35 58
147 149
55 133
143 13
175 1
121 183
108 150
122 185
139 17
181 182
61 188
70 16
197 17
28 152
81 192
76 7
104 182
48 137
60 120
178 185
53 2
40 170
112 188
140 141
103 13
55 10
79 147
98 5
57 102
137 185
159 170
124 186
163 171
128 11
65 0
169 6
98 15
28 5
191 11
33 11
86 115
152 15
125 8
197 2
182 1
42 143
23 187
126 147
57 1
165 173
165 184
24 3
49 76
47 13
86 138
38 166
35 198
27 9
182 2
180 9
88 0
44 57
25 5
155 15
42 19
31 142
87 9
33 159
93 167
116 131
64 130
35 8
93 104
85 98
72 142
8 14
70 142
123 193
61 90
80 88
1 13
164 18
57 61
45 5
15 16
46 2
43 183
152 13
25 131
158 10
145 160
20 23
199 8
34 90
33 49
63 89
55 199
148 161
198 18
87 101
5 7
31 16
59 15
34 6
118 153
87 131
83 8
158 5
170 0
78 125
130 191
79 123
34 14
26 13
89 2
155 2
104 134
176 2
126 137
39 190
86 14
55 7
53 92
128 9
25 11
1 15
119 6
41 165
143 146
177 180
117 138
103 105
142 150
25 51
90 4
138 157
152 161
139 2
147 153
30 177
75 7
140 165
136 0
104 12
75 12
11 13
84 4
148 14
24 164
56 140
47 18
185 7
91 187
61 137
37 151
43 73
45 11
149 3
125 6
76 3
40 43
174 8
27 14
112 1
61 172
87 11
51 122
40 185
52 146
47 62
42 4
82 99
129 5
83 160
70 4
148 8
186 189
22 86
103 11
170 7
185 14
66 92
43 178
69 197
178 182
34 198
69 163
32 17
145 10
184 3
75 98
69 0
90 160
23 79
49 7
148 17
109 9
57 9
65 163
112 175
50 59
39 176
87 175
158 167
37 0
2 3
66 8
107 178
98 0
25 158
28 122
67 126
83 190
83 19
27 15
92 151
106 16
199 10
163 2
78 113
67 143
27 2
76 120
29 155
54 5
42 5
42 184
24 94
125 2
79 111
26 114
125 4
111 193
102 6
91 15
59 77
66 93
115 4
95 12
119 16
72 74
196 3
94 14
181 0
119 128
25 14
168 181
198 2
190 195
30 44
71 117
52 80
153 163
33 14
197 6
55 2
11 12
170 177
86 148
137 11
23 71
64 11
