148 169
172 194
81 113
64 93
41 52
32 132
33 13
158 2
136 156
36 60
103 7
169 17
170 18
108 189
186 11
29 19
41 155
87 17
138 17
160 1
63 73
115 18
35 182
48 75
142 149
188 10
149 178
75 130
133 5
157 188
199 0
87 159
159 183
26 16
95 14
64 76
73 9
189 194
54 19
101 113
180 13
125 17
87 151
92 5
127 143
108 180
56 13
33 103
142 7
157 19
187 11
144 166
110 124
35 17
50 16
32 38
32 5
181 189
149 18
100 14
89 146
73 111
82 156
107 151
126 14
50 163
27 184
166 16
49 73
84 114
21 182
116 169
112 158
107 3
131 15
126 10
82 17
71 131
158 191
129 9
122 17
89 127
47 106
142 185
27 6
100 8
172 18
14 18
97 183
188 7
58 183
172 176
43 102
146 176
69 73
108 5
134 5
70 191
68 102
23 52
28 113
138 11
108 170
141 195
145 8
113 1
105 9
101 2
103 192
109 197
161 13
85 121
172 12
15 16
111 11
134 153
80 139
149 8
39 0
25 125
166 17
144 187
175 4
136 12
143 3
69 72
134 175
61 74
64 111
36 142
16 19
107 188
162 173
39 16
163 15
7 13
140 188
97 8
133 161
3 5
150 188
49 139
75 77
191 9
133 16
156 12
49 15
185 10
22 165
123 13
83 192
111 123
136 189
38 12
45 101
51 61
37 3
132 18
143 165
82 106
59 130
12 15
121 185
153 0
63 0
101 15
81 186
76 118
7 18
186 0
24 47
184 14
33 48
174 191
114 8
119 7
76 9
197 18
33 159
6 16
72 131
0 4
66 95
113 16
110 150
190 0
47 152
96 127
21 178
4 14
109 7
152 0
100 180
13 15
145 9
24 5
130 167
34 1
89 17
94 8
162 171
33 18
133 9
135 9
110 11
164 189
108 116
165 16
62 149
82 11
76 99
53 107
104 183
98 9
41 13
32 51
26 145
87 12
125 193
70 4
85 18
95 144
85 182
89 12
54 2
102 140
31 12
58 110
196 10
120 176
74 6
30 100
143 13
92 4
13 19
170 5
110 113
89 19
128 6
65 14
175 19
3 11
38 113
30 15
58 196
58 120
153 7
77 173
48 54
28 80
181 11
120 158
117 12
75 97
144 5
31 157
94 124
136 151
62 15
106 192
179 14
115 173
0 9
29 1
62 151
176 3
182 1
129 11
55 115
118 2
157 15
105 107
100 7
63 154
92 1
174 2
36 16
131 17
43 16
167 183
86 4
93 7
192 15
35 144
159 12
84 108
76 172
51 12
137 4
128 175
86 7
110 19
39 131
61 73
104 197
66 17
54 9
116 129
183 4
85 180
122 11
129 0
182 11
127 0
146 158
95 151
72 121
175 13
144 17
188 8
58 192
49 137
148 15
77 80
26 99
50 179
97 101
44 153
95 0
117 0
116 183
165 183
189 16
160 11
136 6
22 113
110 15
63 159
189 8
100 13
107 122
126 4
133 141
6 17
74 193
70 171
145 0
64 85
177 2
193 18
177 7
192 199
20 72
51 199
52 183
128 188
171 16
82 139
83 11
84 19
119 146
51 74
92 195
122 4
60 13
76 11
124 1
75 126
156 15
76 125
97 141
109 11
139 14
132 186
69 112
80 171
61 179
90 128
45 69
30 43
40 106
59 10
169 170
169 19
63 6
80 10
43 188
40 7
149 15
149 171
23 19
25 36
134 16
172 173
58 13
29 47
102 7
49 111
63 172
23 1
59 7
166 15
138 10
10 17
114 1
80 16
32 140
115 174
181 16
162 12
103 152
168 10
159 167
192 17
46 74
123 0
10 15
42 195
141 16
30 186
70 16
30 86
125 137
147 175
25 169
82 130
55 127
90 14
158 15
120 189
96 10
9 14
101 6
50 7
113 128
54 75
24 1
53 16
55 92
48 1
107 124
78 134
133 3
115 19
22 19
43 137
186 9
93 15
75 8
61 117
133 190
100 155
20 170
77 191
185 2
59 4
39 162
44 16
82 8
130 14
191 12
96 19
111 3
190 7
32 145
57 161
118 18
77 4
110 159
155 195
45 88
79 175
199 17
123 3
68 128
120 191
143 9
176 7
43 147
4 19
105 3
79 9
120 180
48 2
175 2
130 138
133 182
37 136
186 18
28 2
99 14
38 164
80 14
40 168
142 10
78 17
117 171
99 3
73 3
39 81
150 4
133 18
150 11
40 115
132 15
75 150
28 18
184 19
50 182
58 5
17 18
192 18
52 9
139 10
42 11
116 9
105 4
36 2
155 178
60 3
147 19
42 86
90 194
125 140
67 175
74 2
46 195
71 130
25 134
3 13
117 120
115 166
118 192
61 2
74 11
173 15
69 3
98 109
172 174
45 18
57 12
28 10
56 110
77 132
77 15
55 140
62 182
82 160
1 14
77 99
106 120
84 17
174 1
124 10
31 125
21 195
0 17
36 3
31 17
133 191
149 1
26 150
153 4
100 17
160 8
102 17
112 5
47 176
136 14
20 123
81 1
135 182
37 6
98 115
38 195
34 115
56 5
121 6
184 10
7 19
132 2
97 159
67 5
96 188
39 171
30 141
151 2
1 4
136 9
156 7
175 15
89 170
105 149
135 136
177 183
67 7
8 10
58 104
36 153
71 90
44 164
173 14
141 8
27 36
127 151
20 15
40 16
53 9
180 5
39 184
113 5
123 190
69 157
82 1
57 17
138 154
181 17
112 9
87 11
54 199
34 59
23 30
69 145
22 8
47 153
137 3
181 18
127 14
74 139
2 6
20 11
71 14
36 143
67 69
180 18
138 6
49 16
99 123
108 190
70 152
99 151
41 128
83 99
101 154
190 9
194 12
186 5
59 182
62 8
166 173
131 172
28 164
143 4
193 17
60 9
90 4
22 38
87 112
34 91
39 14
175 185
39 13
61 17
192 6
131 16
129 8
54 13
80 18
174 5
58 19
24 152
199 16
2 4
117 195
104 1
118 180
33 6
91 156
20 148
104 187
45 74
44 180
80 147
83 12
87 3
63 106
57 15
62 135
196 13
197 16
77 179
39 128
87 139
92 3
3 4
80 105
124 128
30 188
21 112
155 1
20 144
25 6
122 149
30 18
52 147
105 118
129 147
170 1
120 195
153 198
23 65
170 19
49 19
105 186
129 197
96 15
133 17
40 107
164 171
46 9
59 95
57 9
67 19
97 15
57 108
163 3
33 94
149 157
29 9
90 7
29 98
169 14
74 9
139 4
119 19
90 181
0 18
50 5
92 14
55 138
60 71
38 5
81 140
9 15
133 11
117 127
118 163
168 12
21 8
34 15
90 16
168 15
166 177
55 56
48 135
12 17
22 10
139 2
28 112
65 109
34 65
117 160
80 130
89 97
49 197
35 187
46 4
86 5
52 6
92 141
78 6
39 142
84 133
61 158
70 10
161 19
147 7
43 82
112 4
91 8
3 6
107 18
184 15
45 106
7 8
123 160
48 0
177 18
76 186
94 159
111 157
67 70
138 0
171 4
145 182
95 11
66 185
52 194
20 35
9 13
83 9
123 17
96 189
34 8
107 19
150 12
49 10
120 13
109 138
5 15
59 165
105 171
80 112
86 153
87 4
1 17
189 1
179 12
27 153
42 12
32 0
28 178
24 127
110 193
174 0
134 188
54 57
46 84
106 163
101 162
118 7
46 18
43 10
159 1
51 90
87 99
91 125
37 13
176 12
132 176
23 160
30 78
0 12
133 178
93 165
94 148
34 84
75 191
4 11
77 151
153 16
52 187
146 150
135 142
124 3
47 12
99 130
33 19
56 79
156 3
87 13
76 89
57 196
85 176
76 175
162 178
46 186
123 176
39 2
82 193
31 3
76 4
99 1
121 187
34 122
150 10
47 154
85 87
153 9
27 19
149 11
134 3
27 83
181 6
123 150
158 5
21 139
37 51
176 5
33 4
115 11
28 32
100 6
20 30
156 157
129 13
20 12
54 65
18 19
78 12
21 17
56 16
87 18
136 172
8 9
32 65
47 184
61 106
94 13
65 177
53 163
195 12
23 147
144 165
126 5
66 67
66 11
89 92
129 19
65 87
39 9
66 70
94 96
28 196
193 14
31 124
88 10
1 9
29 80
90 19
119 151
81 15
66 168
10 18
136 1
55 0
71 172
32 167
44 80
83 105
76 19
150 159
90 6
96 11
95 5
101 153
105 130
109 16
82 3
144 197
32 3
76 10
147 18
137 156
151 184
74 13
94 10
60 190
90 103
85 170
36 63
35 14
45 66
88 9
33 12
58 7
197 6
111 16
10 19
28 157
148 3
41 53
124 194
195 5
91 19
64 116
68 84
49 60
129 2
24 6
137 164
131 164
10 13
131 136
41 126
97 14
103 174
53 78
122 5
61 188
63 93
133 8
177 19
11 16
2 14
175 11
70 179
55 197
94 134
178 3
129 164
163 13
185 7
52 127
38 9
31 120
170 191
120 15
20 3
76 17
111 5
41 5
29 41
197 1
64 96
124 12
192 5
38 142
159 13
114 19
106 128
48 166
119 5
115 13
106 14
113 161
96 99
172 3
49 141
186 16
74 111
78 15
103 8
11 12
131 12
34 69
40 83
150 189
115 5
44 136
178 6
167 15
30 3
81 3
185 16
163 6
79 7
120 17
171 6
104 5
152 10
92 133
56 146
184 18
47 155
107 171
44 108
184 11
110 160
56 92
5 14
86 1
134 177
57 197
72 1
148 187
69 9
53 4
66 8
83 16
40 180
66 5
20 13
88 161
95 160
3 17
26 149
45 76
138 177
3 14
55 112
183 10
24 192
177 1
123 15
53 14
177 6
69 14
146 152
89 107
177 10
31 11
7 9
126 1
130 12
165 0
26 79
122 161
60 171
132 9
20 45
64 6
63 195
173 8
34 173
111 185
57 124
119 12
129 142
85 16
109 0
64 8
130 11
104 177
197 14
66 91
186 13
54 4
36 87
127 190
187 16
108 8
110 141
47 141
34 56
61 6
32 103
120 16
20 9
138 13
113 174
50 6
3 19
8 11
107 12
81 178
98 0
97 9
185 9
0 15
132 161
186 17
21 12
59 183
73 137
33 17
57 193
59 76
122 15
135 13
175 9
36 13
32 174
60 12
37 16
135 4
152 9
84 124
27 134
152 192
109 1
84 178
54 12
78 113
134 1
67 16
34 81
129 175
86 102
91 103
90 1
139 8
27 191
113 19
28 19
108 1
51 15
8 16
81 7
115 4
55 4
169 175
21 129
47 15
99 198
153 10
177 197
199 14
45 80
27 16
40 129
31 197
185 4
61 78
1 2
119 1
93 109
25 16
46 59
119 185
148 7
131 1
21 154
37 42
69 142
36 14
115 1
117 19
112 13
137 175
45 17
79 5
88 182
98 105
26 1
132 4
50 9
167 193
198 6
95 143
72 116
91 168
175 12
112 135
47 168
135 11
47 16
141 199
181 7
197 2
175 18
120 0
129 162
100 176
43 65
120 18
27 17
41 120
194 2
28 62
134 6
5 8
147 13
3 10
171 199
24 17
37 160
121 17
141 165
113 10
36 132
32 7
51 1
42 19
139 3
62 159
66 4
168 2
23 15
47 196
95 177
163 19
163 12
32 78
38 10
59 141
160 5
147 179
50 66
78 9
45 150
34 11
36 157
122 18
21 53
98 197
166 185
38 112
35 122
101 134
7 14
108 2
59 123
90 104
161 8
77 9
185 196
152 4
183 5
39 197
130 7
55 15
145 180
98 17
120 198
79 105
149 197
120 14
47 109
105 7
120 1
90 10
104 13
141 11
50 144
115 187
90 186
56 134
173 17
54 154
39 84
100 15
170 2
49 72
186 4
21 77
52 10
106 4
65 10
20 0
22 82
31 98
39 134
122 1
186 15
179 8
119 9
165 17
174 184
66 159
60 68
124 152
70 2
142 0
126 7
111 14
146 12
115 6
188 6
86 15
107 11
112 11
110 8
1 8
132 144
109 13
3 8
155 10
60 144
184 194
178 19
138 2
169 15
29 6
39 12
23 17
166 11
184 3
2 12
120 2
38 110
42 17
119 165
84 16
35 169
20 27
98 133
181 10
80 177
128 198
86 17
79 12
155 13
140 171
67 156
62 19
21 24
100 113
24 10
23 83
33 14
110 177
41 42
2 5
108 11
98 160
24 72
129 18
168 170
97 157
143 17
41 123
47 69
39 157
55 16
31 13
106 15
90 113
84 14
101 19
72 15
146 1
183 3
166 192
76 163
55 139
79 8
199 3
34 17
142 8
169 5
116 6
196 14
27 76
7 12
89 1
149 5
67 108
46 133
32 9
21 60
23 0
9 17
30 107
98 2
112 168
100 4
77 12
113 184
116 13
135 140
196 4
37 186
24 170
154 16
95 101
150 15
84 3
165 18
147 163
86 8
147 12
29 188
35 100
153 2
140 2
22 84
80 2
165 169
88 134
49 159
39 60
76 183
53 17
144 12
123 1
46 107
30 68
57 5
49 59
174 183
33 110
192 1
73 15
21 153
169 12
119 190
58 175
47 9
61 103
78 115
115 7
3 7
154 1
6 11
67 0
72 100
0 6
164 12
122 9
178 7
88 1
158 16
64 9
80 7
26 7
15 18
70 89
10 12
198 11
36 4
182 8
54 11
153 177
164 19
187 12
30 5
1 7
149 159
119 6
57 73
177 185
51 135
108 13
70 14
65 4
34 5
101 171
82 126
123 11
56 112
41 43
57 147
105 13
118 14
45 1
118 17
147 2
114 10
53 175
74 156
24 7
142 189
74 77
0 13
154 10
27 114
141 193
83 123
139 148
157 13
122 196
39 95
80 150
188 2
27 32
105 108
29 11
90 146
97 105
72 199
145 16
121 157
151 10
138 145
144 191
59 159
20 167
49 156
142 18
5 6
96 16
37 43
181 12
22 0
21 163
139 13
51 7
147 8
177 15
163 16
7 16
177 186
179 18
6 14
60 0
56 99
26 32
119 15
24 84
2 11
51 109
43 67
156 14
157 9
21 10
32 176
89 5
29 52
179 10
162 186
32 183
146 7
66 19
122 19
129 5
185 11
157 183
23 72
163 170
64 15
129 165
89 169
20 106
85 107
61 110
69 81
33 173
161 14
21 69
98 164
5 18
40 0
24 107
78 104
32 56
45 12
130 18
40 165
199 10
142 148
90 185
111 122
169 9
67 192
28 198
78 83
32 13
160 3
77 101
0 10
61 83
124 162
189 198
69 8
22 185
131 145
66 14
198 2
111 150
35 147
55 14
31 115
160 9
28 119
24 68
124 161
115 163
187 0
121 179
117 158
43 6
93 1
180 11
7 15
73 2
182 10
69 132
119 135
150 195
34 83
135 3
103 9
107 4
30 8
48 18
156 6
173 188
76 16
173 187
25 151
73 19
40 4
29 164
86 137
110 3
49 8
36 199
59 9
125 16
89 129
21 46
23 14
56 96
9 18
137 157
68 13
167 0
86 0
58 145
199 8
65 192
46 153
129 3
70 129
101 183
127 19
95 110
36 111
40 69
58 11
159 5
155 8
50 11
32 138
143 11
40 18
79 184
90 155
35 159
81 0
165 5
53 0
95 100
94 17
29 12
171 10
174 18
79 182
57 189
107 6
22 124
182 15
63 88
101 170
57 8
35 19
140 4
49 70
92 7
38 47
153 3
146 2
23 2
98 13
27 2
172 9
105 185
82 114
84 140
56 62
127 6
31 130
5 9
41 16
23 18
52 135
61 152
74 197
59 116
126 166
173 16
30 89
57 119
163 0
136 19
94 155
93 5
112 169
90 15
94 105
133 6
65 143
110 4
25 136
75 1
59 8
56 115
5 16
55 9
54 164
69 179
176 2
128 15
140 169
78 91
132 6
104 106
114 13
98 11
27 14
30 9
83 115
6 7
2 7
151 6
111 18
182 18
47 170
123 19
20 136
47 150
128 19
91 102
164 14
106 8
83 170
26 14
189 15
24 150
171 7
149 7
11 18
53 15
154 194
117 163
46 17
69 136
37 9
8 13
69 183
129 1
65 11
21 7
69 173
27 111
83 193
74 3
69 7
67 137
71 18
105 136
183 11
27 9
113 7
35 13
195 9
82 85
101 18
35 125
36 15
164 2
11 14
104 119
33 192
100 139
42 70
50 72
44 138
29 16
12 16
97 3
93 3
110 10
187 6
127 199
12 14
142 9
87 0
22 85
47 182
27 12
23 12
118 174
137 197
115 12
182 192
89 16
68 83
161 16
196 19
28 44
37 14
98 112
30 166
132 7
74 183
39 117
105 15
63 3
129 170
96 7
22 7
111 146
64 151
5 19
22 12
59 80
119 3
133 193
61 133
118 128
111 7
90 3
39 3
50 14
30 58
11 19
64 7
26 82
8 14
151 5
80 185
69 13
76 189
61 139
47 107
103 176
35 10
37 17
82 12
124 185
194 19
82 18
69 18
187 7
24 138
124 197
82 177
114 4
131 19
71 153
32 6
58 122
106 18
195 8
110 14
191 14
31 91
166 19
91 133
176 185
93 11
198 8
104 15
156 179
99 10
101 168
21 6
43 87
103 143
98 8
72 165
146 178
23 43
30 14
100 2
174 15
70 18
40 13
38 179
153 186
26 15
40 110
149 10
174 181
159 9
36 7
36 18
133 13
151 12
31 2
95 152
115 15
47 4
49 92
52 91
71 84
196 11
26 59
21 72
156 17
84 103
47 19
82 5
36 19
63 108
0 8
56 152
120 128
1 15
47 1
51 173
77 7
151 190
35 114
65 140
135 12
110 135
42 123
98 169
158 3
46 83
22 77
4 6
98 1
50 96
109 3
116 144
115 17
43 70
147 174
95 13
65 16
48 104
7 17
137 17
52 116
124 18
71 17
57 133
116 162
197 17
33 37
118 139
29 14
79 16
163 18
61 134
8 18
102 10
79 13
126 130
87 148
185 17
171 14
29 49
64 19
42 127
87 152
120 127
13 18
119 13
68 153
52 3
53 82
98 145
93 10
49 51
122 128
93 113
108 6
117 11
14 19
71 94
113 199
22 72
35 5
188 1
148 11
112 115
44 103
57 190
35 55
133 10
111 151
102 160
86 146
9 10
127 147
26 61
179 3
188 19
160 177
34 6
130 189
163 14
174 14
141 14
191 3
12 13
143 149
48 112
94 6
90 9
126 9
37 100
78 149
102 18
96 115
59 187
98 186
87 104
92 13
38 76
95 19
99 19
90 114
1 13
24 197
69 16
82 4
192 2
53 115
119 187
164 177
5 12
75 176
195 197
157 159
129 177
38 4
65 66
124 5
157 3
28 121
169 6
140 5
164 15
189 0
56 12
195 7
40 131
63 90
151 165
67 4
3 18
95 165
86 94
86 14
163 166
66 196
86 109
93 187
33 35
172 14
51 183
95 199
77 2
1 16
111 0
58 187
139 6
37 68
35 38
52 139
123 183
169 183
71 163
159 192
139 158
197 4
130 4
80 168
89 10
61 13
50 18
67 6
62 18
20 16
162 6
167 10
122 8
110 18
65 2
173 13
141 7
105 194
46 101
84 137
112 12
114 16
58 185
60 92
94 14
26 8
149 9
80 133
28 191
175 191
146 10
79 83
115 189
65 170
77 6
81 149
43 2
95 118
175 0
91 128
21 57
6 15
47 5
142 168
26 52
44 14
107 17
72 195
108 152
52 141
143 156
48 3
192 13
59 120
78 159
77 97
55 69
41 45
73 16
66 1
166 12
57 80
63 19
83 120
57 62
68 80
114 157
80 3
16 17
109 4
12 19
114 131
132 8
174 187
44 93
181 9
121 3
60 16
106 11
26 49
127 18
155 9
28 163
153 194
24 11
116 188
56 3
100 3
26 88
147 6
61 71
48 120
105 174
28 162
28 101
53 187
198 16
172 6
15 17
99 179
157 2
50 13
119 167
141 160
60 81
193 0
17 19
150 8
194 17
21 9
166 184
40 149
105 8
81 4
32 114
165 7
136 149
135 19
189 5
190 1
101 174
161 1
89 0
4 10
116 192
143 1
45 165
60 86
79 192
75 163
187 19
34 0
125 194
142 3
37 89
88 19
188 0
194 14
148 160
158 169
92 199
125 7
58 126
196 12
148 1
112 130
36 156
106 136
27 89
71 99
99 9
117 17
43 15
94 12
73 147
22 170
106 10
126 185
100 141
130 174
48 57
83 2
125 15
46 127
40 8
63 76
23 4
35 18
114 136
53 13
30 88
188 5
77 8
86 181
28 7
124 15
87 180
140 150
67 14
75 82
34 2
2 17
45 5
32 156
185 0
81 88
46 15
192 7
92 16
25 13
46 171
2 13
4 15
129 10
11 15
87 16
122 186
38 108
36 164
58 17
0 11
158 0
111 2
124 2
86 159
100 5
160 12
161 6
62 185
97 5
40 46
38 121
164 4
77 118
36 1
144 183
145 19
155 165
103 18
79 18
120 5
191 7
46 16
161 3
73 164
48 124
87 154
72 122
123 127
42 116
4 9
102 147
148 5
37 112
122 12
121 159
92 10
62 11
83 93
181 14
42 3
87 167
80 17
117 183
79 149
121 13
129 6
39 47
97 13
44 122
31 73
65 0
190 3
20 163
50 19
24 29
28 60
26 106
42 75
41 66
97 4
43 44
169 18
39 17
146 189
92 173
75 12
97 12
60 4
48 99
184 1
127 10
13 14
37 0
109 9
41 57
34 18
191 5
84 10
64 16
171 11
91 141
74 8
27 78
46 7
42 136
62 73
102 16
70 109
138 7
147 194
91 5
39 1
169 197
184 187
158 179
125 11
137 1
84 5
58 197
41 122
84 15
41 10
174 11
141 2
161 9
64 13
64 78
6 13
45 0
105 1
113 193
102 8
80 120
43 156
1 5
72 172
168 1
131 5
168 190
66 143
29 15
45 180
100 11
194 6
0 2
49 7
50 115
84 97
1 12
97 193
57 63
70 172
72 192
21 0
0 16
79 158
106 2
56 161
61 108
134 0
65 171
96 129
68 96
66 3
143 173
136 5
40 9
127 12
84 167
132 1
91 124
8 12
146 180
46 13
35 86
64 165
25 39
78 11
80 9
139 174
108 179
32 14
4 18
4 16
183 187
98 99
25 2
113 14
162 2
78 126
106 7
59 181
61 7
127 17
95 7
80 12
92 153
115 3
108 14
119 123
16 18
166 6
189 6
20 121
98 188
126 198
75 11
114 14
125 185
123 184
51 120
128 17
92 188
27 4
194 9
147 10
118 183
149 166
105 0
115 179
55 11
97 146
199 6
107 113
132 11
140 1
53 143
119 145
63 4
66 16
142 186
10 14
22 16
139 9
92 9
172 197
171 0
20 14
49 152
179 2
196 0
21 155
74 17
81 11
97 17
162 174
159 2
78 180
31 78
161 173
38 117
75 178
127 133
111 170
73 128
36 192
172 19
113 12
51 171
80 6
47 13
73 8
168 0
30 199
108 137
187 8
115 176
88 165
2 8
101 8
26 0
169 16
41 152
45 6
117 16
65 18
49 65
126 159
96 18
79 1
74 18
53 60
90 117
130 19
76 143
71 11
63 16
85 19
108 185
155 175
74 14
140 14
89 2
160 17
23 13
95 6
199 19
111 156
164 8
140 16
148 9
139 184
57 59
24 32
91 3
49 123
124 168
6 10
40 100
107 1
100 126
22 14
95 131
2 15
150 175
71 135
31 62
34 14
92 132
156 183
78 152
121 7
35 16
129 159
152 13
123 198
94 151
176 13
0 19
34 10
119 174
114 176
131 153
26 126
37 53
82 93
150 167
27 185
22 103
2 9
63 13
97 107
30 66
114 15
28 6
160 183
73 193
197 3
125 156
49 127
128 151
44 199
64 157
58 108
116 177
168 11
62 17
145 153
106 146
55 79
142 170
197 0
69 144
50 111
63 15
152 11
138 172
28 142
73 6
51 0
87 1
55 100
107 155
139 0
122 10
48 131
139 147
73 97
54 137
54 15
167 9
65 7
184 13
144 14
83 164
54 122
53 10
68 74
168 9
96 6
144 3
74 176
58 4
96 126
6 18
3 9
100 156
20 109
41 9
57 11
35 6
190 8
33 112
138 1
141 184
179 192
93 173
36 170
198 18
78 18
97 121
115 10
6 12
45 191
73 80
74 136
9 16
28 54
9 12
36 158
42 76
24 82
29 38
73 131
175 183
129 188
137 2
175 6
94 183
36 76
98 167
96 169
190 2
5 11
27 48
105 19
88 8
75 14
125 189
147 1
163 2
193 197
56 156
59 5
154 159
25 15
31 57
39 121
68 141
140 8
66 120
91 173
83 10
57 7
96 5
4 7
31 7
167 11
79 143
62 69
191 198
118 10
91 16
83 185
28 31
8 15
35 107
52 16
112 3
35 155
161 7
5 10
45 198
137 19
48 11
198 1
80 179
93 8
120 153
59 90
98 10
137 9
25 95
89 18
57 19
30 169
113 0
74 146
119 121
154 5
135 169
44 169
111 10
47 60
70 71
23 197
15 19
100 182
57 135
103 1
112 18
90 151
152 185
83 145
117 178
21 54
77 169
77 154
24 2
192 3
136 16
76 94
117 15
96 166
40 47
46 3
107 148
46 66
184 5
146 8
139 7
117 124
86 9
48 192
94 11
161 171
39 15
164 18
188 3
160 19
150 164
71 123
199 5
94 1
121 144
107 15
60 19
170 187
154 13
126 18
158 19
162 172
2 19
94 133
170 181
60 143
109 10
29 8
190 5
61 148
49 153
81 2
125 0
20 90
26 141
144 4
101 169
14 16
110 155
52 0
96 104
99 139
157 5
66 174
69 17
99 13
101 17
194 4
62 88
189 10
104 17
70 118
95 140
129 150
197 7
92 127
123 7
68 10
66 113
92 0
98 135
62 157
82 158
167 12
20 91
75 99
35 8
0 1
86 16
75 179
127 137
42 177
148 2
97 185
91 0
48 136
43 11
37 171
40 54
152 15
198 0
58 131
51 94
106 0
196 8
82 189
28 91
52 4
180 19
153 155
51 5
73 136
190 13
28 53
86 11
136 10
84 149
142 166
75 0
81 183
188 12
2 18
193 2
53 18
76 3
173 9
190 6
64 1
133 7
35 90
133 167
3 12
64 18
164 9
86 127
68 113
45 193
87 10
69 11
162 11
49 1
88 12
180 15
106 199
86 154
190 193
46 180
109 8
142 155
29 135
41 8
28 126
66 193
150 14
79 191
34 16
159 19
29 191
97 175
154 170
89 13
32 127
196 17
162 8
146 13
171 17
58 167
39 5
123 197
90 182
47 71
147 11
48 12
89 191
54 16
165 176
72 18
49 13
156 4
35 142
31 47
34 128
34 108
3 16
67 94
94 0
70 3
88 120
180 17
46 170
123 151
110 5
36 136
38 92
138 191
57 18
172 4
5 13
77 95
52 19
4 13
154 189
161 12
112 17
101 0
47 125
130 2
51 19
125 13
195 17
81 8
33 45
150 17
33 172
154 2
99 169
126 144
102 15
59 0
77 189
78 105
179 11
48 88
61 88
7 10
79 15
164 17
77 181
106 153
49 78
199 11
23 8
53 170
51 104
83 13
119 131
137 11
78 172
82 133
25 79
12 18
72 140
113 3
92 8
152 18
32 12
73 12
128 152
3 15
91 197
1 10
111 188
85 3
70 7
61 195
61 187
98 191
69 148
55 195
60 18
154 3
71 181
46 120
144 19
24 193
40 101
31 118
175 16
116 5
112 172
105 12
85 100
81 18
99 11
55 154
34 12
43 149
88 162
21 14
83 96
99 18
90 92
176 19
147 14
101 11
28 14
24 151
142 177
153 14
127 16
36 43
158 170
57 139
84 4
137 144
43 184
114 2
160 173
33 104
150 178
9 11
100 193
180 2
70 199
47 159
123 16
83 113
21 162
65 5
67 138
156 11
107 10
80 15
81 91
163 9
124 16
43 61
47 194
172 15
23 77
63 173
66 2
97 18
90 5
123 2
118 9
144 8
32 172
136 140
106 17
35 141
64 3
26 151
95 171
185 5
141 17
68 154
119 16
46 55
188 18
36 77
32 19
98 116
90 11
195 19
74 145
38 125
34 130
54 0
152 14
120 124
38 19
29 67
167 16
133 136
1 6
54 189
38 2
127 134
7 11
44 126
95 4
145 2
194 5
128 145
144 13
37 11
99 131
39 66
48 9
119 8
93 0
77 0
118 19
55 187
26 173
30 2
40 166
142 172
50 195
129 16
97 7
26 13
25 149
104 16
163 8
55 57
42 10
131 162
35 108
13 17
31 81
81 139
191 1
88 6
154 158
89 15
25 41
102 115
145 13
142 179
167 190
4 17
20 153
32 131
169 8
20 154
103 153
126 8
62 1
153 179
25 137
194 7
169 10
105 119
30 11
64 109
30 13
23 5
106 156
185 1
31 155
135 14
161 170
92 143
68 4
140 148
81 17
75 4
0 14
181 3
57 163
111 8
30 189
4 12
28 86
38 150
98 131
138 183
93 144
44 4
37 118
47 55
137 13
44 61
152 184
72 83
101 12
71 86
128 0
198 14
182 13
55 166
95 1
100 167
118 148
56 11
76 1
47 14
29 145
121 180
58 1
6 19
100 145
161 0
179 199
101 111
119 196
43 97
6 9
28 4
154 15
162 13
151 8
137 7
135 0
147 4
36 6
117 194
97 123
150 184
40 6
87 157
41 159
53 68
83 8
91 7
153 5
113 9
137 15
77 11
151 158
198 12
50 148
52 67
143 5
99 17
25 12
126 140
69 150
40 63
74 0
52 8
67 185
131 0
56 8
0 3
179 19
94 164
128 171
42 57
36 183
96 1
42 168
59 86
37 4
136 185
98 4
39 19
49 167
128 14
31 74
52 76
138 187
141 182
44 118
150 16
114 186
4 5
80 149
108 16
50 167
116 18
168 16
125 12
27 130
39 6
11 13
58 139
28 30
66 167
27 128
35 76
123 196
168 180
67 18
92 117
47 11
188 17
51 146
24 18
145 12
44 58
39 189
130 169
170 196
130 137
42 2
101 166
118 144
66 0
96 17
32 15
49 175
88 132
119 141
88 126
143 146
61 3
130 8
93 193
91 143
180 6
93 6
75 17
167 8
67 9
97 163
135 2
60 152
127 194
120 194
54 144
22 17
130 13
58 116
164 5
145 6
83 139
104 7
119 160
154 19
179 188
25 122
103 17
102 4
62 156
59 184
105 192
30 6
61 182
77 18
106 154
118 132
77 192
79 133
91 11
27 7
99 183
1 19
109 12
182 190
154 193
21 32
119 184
54 5
61 189
21 5
152 3
142 16
193 1
62 179
116 10
42 185
155 160
71 159
27 198
22 168
163 175
81 189
32 157
85 11
92 6
64 2
64 5
187 197
48 78
130 3
163 192
45 134
113 13
160 2
121 193
100 9
183 2
57 75
60 1
67 13
52 2
145 184
88 174
87 195
87 199
33 181
56 2
87 14
50 15
85 1
88 156
39 170
190 10
60 109
8 19
184 191
168 198
33 10
43 12
91 4
