83 117
65 74
132 189
182 12
140 8
119 161
129 195
47 12
125 16
34 8
138 196
92 4
75 17
44 89
127 10
110 193
105 15
165 2
99 16
100 142
33 19
41 17
40 132
57 10
147 5
171 16
56 94
171 19
59 104
152 0
89 5
70 179
55 79
8 17
159 195
93 124
47 147
48 140
69 151
20 121
69 177
66 85
154 163
115 125
51 12
27 173
188 13
43 63
178 19
4 11
59 181
65 12
116 8
46 6
57 110
44 160
59 19
122 6
159 172
47 78
107 142
164 1
130 161
29 18
45 185
0 18
96 19
114 15
3 6
111 199
34 7
101 157
55 157
132 11
86 183
45 0
143 17
65 18
109 179
90 11
149 7
107 11
189 10
64 132
148 8
98 17
2 4
5 15
181 10
21 64
188 12
151 11
54 12
79 124
170 5
20 13
31 4
123 136
57 148
17 19
158 15
24 178
195 7
50 9
47 109
173 13
45 6
4 13
46 143
98 1
99 18
92 9
5 12
109 164
52 60
188 16
186 15
74 2
22 15
76 183
193 12
142 5
145 9
127 181
85 197
23 174
23 126
50 153
92 13
1 12
98 161
157 10
7 18
106 16
149 166
101 2
33 111
192 14
155 13
95 145
99 0
46 19
22 28
63 11
116 12
162 15
33 87
51 151
9 16
26 55
118 12
38 156
33 74
32 155
157 193
81 0
81 6
122 197
135 11
69 125
131 5
59 69
196 3
95 101
22 192
98 10
106 4
107 1
174 3
40 85
113 3
88 3
160 196
24 15
74 186
50 14
28 13
43 17
74 78
53 149
158 1
28 92
45 14
56 13
125 13
189 13
93 120
70 192
122 18
85 107
158 4
104 14
75 11
117 196
39 18
164 11
149 169
43 113
98 13
79 11
59 18
132 1
59 190
122 170
67 180
154 4
171 9
114 10
96 143
24 55
74 99
31 14
42 4
102 110
72 4
188 10
143 10
135 13
68 0
188 7
132 3
94 19
56 111
4 8
91 139
20 86
75 155
63 199
28 2
105 0
27 60
63 18
93 3
192 7
66 100
100 173
55 189
131 1
23 72
60 136
125 11
103 4
117 15
164 178
68 9
58 1
129 9
25 178
29 13
189 198
122 185
121 134
42 46
135 10
77 169
61 98
39 51
198 2
180 4
26 0
10 11
20 65
118 9
146 184
25 79
75 101
143 16
153 11
117 9
63 0
178 190
67 13
28 9
120 142
26 132
115 9
44 17
22 0
115 124
80 8
143 161
46 1
34 151
118 162
118 173
81 198
25 45
3 11
54 15
126 1
14 16
46 158
76 158
105 125
113 18
150 1
167 13
64 12
156 10
41 134
115 135
50 171
82 157
91 12
75 79
121 130
47 60
43 144
62 109
59 13
111 13
24 37
153 8
43 127
90 129
21 14
188 6
195 15
122 14
41 178
176 11
39 11
88 179
64 9
163 12
67 68
124 168
168 2
90 7
153 198
69 1
183 187
53 11
115 149
37 163
108 121
34 129
60 13
97 17
139 161
101 14
55 2
54 162
51 79
189 191
76 1
57 184
55 57
57 18
42 60
22 3
21 9
56 97
116 7
131 137
73 145
153 16
106 159
3 16
192 16
28 121
47 157
56 173
96 8
26 151
62 1
54 138
81 5
187 13
139 1
83 136
100 18
112 2
96 15
158 14
81 8
38 165
48 12
4 15
107 3
168 3
4 14
165 9
82 10
6 13
0 4
178 10
86 157
54 18
59 64
2 5
65 159
115 145
190 5
39 80
134 19
26 135
47 106
26 103
183 3
101 124
40 167
12 17
199 10
97 2
52 10
155 17
4 6
71 7
22 90
91 4
126 178
167 182
55 92
79 6
90 169
78 134
53 113
57 13
47 8
143 8
84 172
80 15
119 9
76 0
29 142
104 174
116 182
24 62
89 1
146 171
176 7
161 4
43 45
97 104
38 6
151 16
75 4
160 17
139 7
62 199
146 18
67 70
38 17
153 4
30 49
118 142
128 18
64 70
80 82
32 55
176 17
132 12
52 86
29 92
196 9
78 120
46 135
197 19
46 18
26 98
149 164
46 14
68 19
190 4
176 9
34 36
65 123
27 11
151 156
60 87
67 1
138 139
40 16
74 147
65 13
35 162
53 77
30 7
63 16
182 6
74 143
20 77
33 185
160 3
36 54
107 131
111 4
153 5
94 2
179 10
139 2
186 12
39 12
7 11
114 161
45 101
194 16
154 155
23 147
8 10
141 145
36 184
83 142
55 58
3 12
89 182
32 33
49 9
46 62
22 109
164 186
33 90
37 46
84 3
196 11
144 2
89 145
30 199
125 10
56 199
145 12
64 123
29 109
120 174
198 15
39 2
194 19
49 66
103 137
144 12
115 156
99 175
112 133
126 15
154 167
37 113
92 19
50 106
60 9
40 178
168 9
13 19
91 146
103 171
1 14
48 17
110 117
84 194
171 175
101 191
96 124
80 105
160 15
197 13
92 180
5 17
144 170
32 121
176 8
91 0
67 11
156 2
44 8
92 1
153 17
161 13
98 3
48 78
79 104
184 18
91 9
182 16
22 1
65 10
62 16
115 170
113 9
88 110
21 2
44 122
108 17
22 4
99 14
110 185
33 10
75 142
30 76
72 77
56 15
73 12
105 14
110 17
180 17
40 130
4 12
111 193
8 19
51 65
155 1
180 1
170 0
103 113
23 73
165 12
51 13
100 166
55 137
75 100
66 5
75 161
77 106
56 137
127 138
8 9
50 81
5 19
83 15
92 150
181 9
87 136
7 17
45 63
123 166
66 188
39 119
67 7
25 105
54 91
38 105
170 183
45 5
150 188
25 4
34 117
183 194
68 157
171 15
52 2
7 10
112 149
66 13
70 77
189 4
129 15
42 173
120 19
69 158
117 175
188 8
119 8
58 19
26 30
173 8
151 15
55 3
144 149
94 136
136 164
100 194
94 4
70 17
175 3
127 13
87 16
74 192
0 1
90 128
163 19
155 164
136 176
62 163
88 123
67 12
143 5
108 139
121 10
175 10
168 8
35 188
71 15
85 9
162 13
85 16
152 189
43 5
8 14
110 8
1 2
64 17
35 134
170 18
199 2
128 12
23 31
134 159
196 15
165 1
42 161
78 158
91 122
21 38
20 100
34 97
3 10
194 9
34 122
31 18
146 172
29 127
11 12
131 10
48 75
170 17
72 184
39 63
31 11
95 3
36 135
0 15
151 179
95 0
192 11
31 1
108 15
52 110
23 17
85 88
122 15
168 15
163 7
166 10
156 16
145 184
164 13
51 1
190 194
153 13
130 15
105 5
78 99
47 5
1 15
142 17
24 99
137 17
60 72
25 55
84 4
27 159
150 17
183 197
5 7
144 179
83 14
68 118
98 182
140 17
51 10
38 57
71 111
64 100
169 6
101 7
43 46
137 11
66 90
90 108
54 66
40 129
169 19
130 8
23 10
24 19
103 8
61 2
77 9
69 81
42 6
23 0
62 146
110 115
52 8
185 14
131 16
168 13
54 92
30 136
18 19
194 14
35 6
135 9
34 181
76 194
90 172
27 18
44 127
117 8
185 6
183 17
24 64
56 180
157 0
187 9
139 6
44 113
135 180
107 9
156 0
34 14
40 8
87 178
165 17
190 17
142 15
118 181
62 8
113 133
39 3
85 112
12 18
130 160
168 0
78 126
52 4
106 7
123 15
161 9
55 15
117 18
34 158
47 50
184 4
71 19
48 190
51 0
147 1
112 185
45 48
133 13
84 102
134 146
134 17
146 188
134 12
122 19
40 121
26 124
72 101
96 97
182 0
56 9
58 12
4 19
138 161
147 153
143 193
39 10
187 195
37 95
131 18
120 148
39 91
69 186
175 17
41 76
66 166
61 126
81 2
128 129
21 15
78 81
7 19
145 183
100 9
158 182
155 4
49 6
114 190
132 178
108 8
197 3
163 4
173 17
54 182
82 160
24 172
46 129
133 4
153 190
24 177
151 161
183 11
102 133
32 161
151 2
94 14
97 5
78 80
7 13
61 84
11 18
160 167
9 12
139 145
143 0
85 13
149 1
3 4
185 13
80 4
36 162
110 132
95 1
36 157
151 155
36 141
185 187
157 199
196 2
42 81
109 12
108 181
123 4
39 1
53 71
6 7
199 13
47 172
32 150
130 1
189 18
39 175
113 139
40 5
36 5
29 3
69 15
70 13
143 11
79 12
90 3
51 19
198 11
91 10
49 18
61 1
50 137
182 13
40 53
57 128
47 0
34 94
140 6
2 6
26 34
26 6
78 189
2 14
39 15
22 2
124 17
6 16
55 86
178 18
58 189
179 5
80 7
0 3
80 126
115 171
150 9
131 4
95 126
103 186
144 19
109 128
47 104
164 181
26 17
177 10
23 139
141 0
28 5
110 5
54 131
93 174
29 125
84 142
164 6
1 9
64 193
51 155
163 15
173 15
73 132
36 37
70 3
86 3
34 103
124 130
97 0
3 13
94 11
31 19
103 193
87 138
37 41
57 4
138 14
97 10
171 195
22 65
48 195
5 11
144 15
51 67
117 160
64 1
58 82
65 1
42 66
152 18
24 16
149 12
140 185
20 67
144 8
190 11
76 140
82 154
35 122
56 138
157 11
58 11
179 17
76 5
106 9
3 7
166 12
71 104
130 10
178 12
110 4
153 164
69 156
122 1
61 104
61 19
35 82
87 167
58 161
36 146
109 139
83 1
169 197
24 148
84 1
100 148
140 166
32 14
9 17
23 155
157 170
49 68
194 5
53 56
22 45
58 66
23 57
177 18
65 0
48 110
153 19
146 154
71 9
51 111
127 8
93 169
142 175
171 177
43 52
156 163
104 11
134 18
64 7
83 181
189 7
98 134
77 126
77 18
31 69
104 1
30 101
13 18
30 60
50 131
20 173
77 15
99 2
15 19
38 99
98 6
38 94
166 187
125 2
109 129
67 16
124 142
174 14
21 45
21 90
136 9
59 17
105 6
65 11
60 151
95 168
122 167
63 19
96 134
177 15
6 10
60 15
177 5
74 0
183 12
30 154
189 9
102 142
45 180
37 13
26 181
58 17
51 58
53 152
86 95
50 7
86 15
73 4
136 11
145 17
138 177
48 102
11 19
107 175
44 53
66 99
63 5
79 8
92 3
50 197
48 10
12 19
97 9
86 106
145 153
59 3
49 155
55 5
141 7
64 89
191 0
92 7
113 5
95 105
33 107
195 6
68 119
8 18
161 19
53 170
69 14
29 15
47 3
157 8
160 19
40 163
140 149
27 9
24 164
155 6
94 99
90 1
123 6
123 13
59 158
39 195
161 197
187 19
27 71
171 0
185 1
47 185
149 185
101 173
62 66
164 7
52 95
20 114
167 10
146 12
97 12
11 13
127 139
117 153
115 117
49 11
148 14
107 122
2 18
162 8
103 11
1 13
146 186
67 157
175 195
158 19
130 176
85 178
87 3
117 1
32 49
26 171
33 155
42 9
84 189
71 5
100 110
41 156
88 97
38 1
39 90
38 155
165 166
25 119
145 1
112 11
165 184
123 163
144 6
162 17
171 13
38 186
7 15
89 3
93 11
62 17
45 168
48 103
167 178
39 64
123 8
58 118
10 18
26 64
59 112
164 3
151 183
4 10
24 180
164 0
140 160
2 19
24 8
157 17
82 177
74 124
65 2
42 0
125 155
6 14
110 9
33 62
119 120
145 7
39 198
122 5
111 170
26 152
192 19
107 196
91 152
60 19
99 196
31 9
39 111
30 169
22 19
175 2
137 3
41 72
65 104
25 58
178 1
195 18
79 103
26 87
78 125
46 186
138 148
164 170
67 6
88 6
56 119
25 3
195 13
45 171
166 198
92 2
59 7
140 148
48 0
180 11
39 45
166 182
58 8
49 78
49 184
82 107
30 194
32 13
50 51
136 18
59 1
152 16
148 184
93 176
66 174
115 127
145 188
40 9
124 197
115 160
74 168
168 10
134 14
73 130
131 175
20 160
108 6
20 176
124 179
68 77
49 88
112 135
139 16
31 100
110 141
199 11
193 1
194 17
95 136
173 3
162 5
143 184
99 10
104 8
117 10
184 15
177 6
133 2
35 13
47 131
62 196
99 9
64 187
32 10
44 173
53 127
31 7
137 16
117 4
175 197
122 190
31 178
174 13
106 14
44 13
136 195
114 11
21 4
167 176
119 1
137 167
115 13
65 129
136 184
4 9
158 196
44 159
153 170
73 79
64 141
21 0
29 133
47 81
142 162
74 11
64 79
95 144
35 36
68 4
154 7
26 13
29 98
79 116
115 126
131 154
126 155
31 95
138 3
13 15
20 61
156 3
87 169
150 175
43 2
48 151
173 6
13 16
86 98
132 146
67 120
130 185
169 186
40 138
105 1
61 18
117 159
65 19
191 19
141 174
76 133
58 15
115 190
71 11
48 128
49 101
112 115
25 8
43 18
25 12
104 6
73 0
42 184
82 9
43 11
80 16
92 178
78 2
129 13
40 12
22 38
43 72
126 9
160 16
23 4
36 1
168 179
59 177
21 86
155 3
184 7
78 123
80 145
52 12
92 103
81 93
72 113
26 108
84 129
85 110
184 19
44 100
14 19
9 15
71 100
67 128
152 13
155 14
114 189
140 4
125 187
116 17
100 184
92 158
65 127
20 16
156 187
82 169
37 151
83 5
129 162
106 190
81 135
121 9
36 139
162 19
62 149
182 9
167 11
111 0
133 16
151 4
155 18
133 12
147 4
160 177
5 18
134 194
63 178
167 3
47 10
139 10
52 18
148 189
99 192
142 166
49 0
121 11
52 61
181 18
0 16
49 81
43 188
167 14
164 180
41 127
101 5
54 141
98 145
68 75
34 80
77 13
70 11
119 4
5 14
42 5
121 160
23 36
183 19
26 12
47 115
138 2
90 140
44 116
33 192
192 18
94 16
71 133
21 83
185 186
51 75
6 9
0 10
81 16
111 187
26 102
32 149
151 175
20 7
30 107
42 11
29 54
191 4
60 79
135 140
143 185
125 8
48 174
40 44
80 178
47 13
121 183
48 13
91 15
86 107
38 195
188 3
107 18
177 12
159 4
25 106
84 134
68 144
152 17
51 14
1 8
131 0
23 80
119 17
20 9
63 154
27 10
88 129
36 6
84 100
133 5
65 7
60 18
121 18
80 131
30 46
97 3
117 172
38 197
47 49
38 131
76 13
128 11
126 12
103 18
2 9
24 61
80 170
85 0
38 190
94 5
25 1
53 111
183 16
72 83
39 14
46 4
114 2
31 166
192 5
159 197
120 14
33 81
130 156
187 197
110 7
96 10
141 10
65 115
83 109
20 73
30 187
41 147
101 195
178 7
36 7
11 16
107 156
101 155
64 105
171 6
174 180
3 19
141 191
74 199
132 15
45 9
148 6
197 7
151 194
112 196
96 184
45 100
124 155
111 18
47 80
34 145
38 81
32 128
185 5
40 71
116 13
25 11
42 15
138 17
47 145
81 96
30 168
21 164
198 12
105 10
73 2
191 3
35 195
138 146
121 177
118 5
113 19
64 14
104 19
99 104
80 127
33 0
22 166
113 118
27 7
48 14
191 14
162 198
79 96
21 150
148 16
0 19
88 183
45 193
93 184
38 14
95 10
68 140
177 16
108 192
0 12
191 10
102 130
105 115
79 149
77 187
21 169
81 195
103 0
88 19
39 148
105 156
139 149
136 7
91 11
54 5
104 148
185 10
104 9
191 17
29 16
83 198
116 14
99 17
183 9
121 139
140 177
140 9
61 153
95 120
32 97
33 9
22 108
117 0
83 9
1 11
163 10
2 11
130 5
47 15
90 105
55 144
90 132
108 9
9 11
165 4
151 19
29 12
46 15
22 40
29 8
37 18
164 10
116 6
37 9
80 17
119 12
90 17
20 46
114 18
35 54
37 40
127 7
34 2
61 135
141 176
71 120
21 102
51 149
25 63
121 5
9 19
10 15
26 10
121 13
108 14
44 138
5 16
9 14
145 3
50 112
44 18
103 2
40 0
54 199
97 147
102 199
136 12
115 131
169 194
127 190
130 137
45 2
60 97
95 115
0 17
155 157
136 199
68 103
101 3
75 191
77 173
75 1
162 0
126 19
25 2
146 2
67 167
179 1
159 12
58 127
38 130
185 19
25 148
60 6
87 9
131 182
52 112
119 141
76 136
81 4
63 163
71 14
1 17
29 0
83 153
57 140
36 51
58 0
158 3
130 9
82 6
71 89
29 35
150 10
124 2
87 5
113 163
37 65
85 166
29 153
74 3
139 0
109 123
28 11
168 18
109 1
188 193
50 189
135 3
104 160
77 192
22 16
48 182
25 28
103 12
51 146
173 1
93 119
109 8
80 141
112 132
65 197
87 122
111 8
174 11
73 13
138 11
127 9
37 145
106 174
137 154
61 67
30 52
73 156
170 9
37 6
49 17
50 110
108 141
99 119
53 159
75 7
35 132
144 14
146 7
144 181
111 1
115 19
60 178
66 1
131 15
149 4
120 5
96 9
178 11
178 4
20 119
84 128
68 10
197 12
195 1
23 154
8 12
35 141
36 144
38 8
23 6
33 110
46 3
56 58
137 12
96 170
31 96
95 19
99 4
74 83
90 101
134 6
102 16
64 104
76 19
22 186
22 6
69 13
190 12
92 11
108 112
35 3
187 18
137 157
24 77
27 4
25 124
76 18
94 0
133 191
121 1
88 96
157 1
153 18
23 86
9 18
52 192
106 162
113 11
46 180
176 187
109 2
157 7
191 6
13 14
114 131
53 146
96 186
166 196
23 24
28 10
21 140
63 191
27 40
32 137
138 5
198 6
96 17
77 153
111 194
45 164
75 170
139 18
181 0
150 152
147 12
193 8
30 9
60 17
26 28
119 135
152 170
67 197
49 5
113 17
26 9
196 17
56 93
128 0
25 69
89 128
148 3
169 16
46 74
105 132
97 183
148 19
27 13
34 12
147 149
129 3
15 16
38 96
23 162
141 152
161 182
43 142
90 194
21 76
128 5
129 2
12 16
39 147
38 178
30 159
57 94
199 1
25 10
78 188
68 181
82 18
54 2
107 12
185 17
92 17
186 13
22 172
119 3
36 130
24 56
62 9
28 1
148 153
36 170
177 8
2 15
181 3
42 136
42 12
62 7
93 9
77 155
95 7
48 16
24 153
148 173
151 10
38 60
132 2
188 195
146 170
50 15
110 14
113 0
73 10
3 5
72 146
94 1
45 15
158 177
87 117
127 146
5 13
51 170
85 15
162 4
162 10
171 8
123 174
39 197
62 70
88 14
88 16
194 12
41 3
91 117
42 3
84 198
59 14
146 17
124 7
184 17
31 62
17 18
98 160
142 164
141 143
82 5
140 145
37 5
5 6
23 41
99 176
95 178
38 191
89 164
57 134
142 1
171 10
33 8
126 162
69 82
72 122
153 192
83 4
195 3
56 142
55 148
51 7
126 137
172 197
181 1
39 97
29 173
76 120
100 12
144 10
34 140
115 4
160 2
123 5
172 14
126 0
75 12
55 76
155 10
97 182
28 154
195 2
191 5
166 9
146 13
159 13
159 0
32 197
159 15
36 17
50 72
45 91
47 72
89 13
111 6
52 123
112 13
43 81
67 125
156 179
114 5
38 39
83 187
52 9
113 141
170 8
32 1
138 160
63 13
26 61
116 2
87 187
40 148
41 89
84 11
64 137
179 8
153 173
135 164
41 111
127 4
20 15
62 3
69 5
105 9
101 139
81 11
48 167
106 18
50 127
90 127
10 13
107 155
176 5
96 172
98 176
37 199
14 15
97 4
5 10
122 8
28 144
61 179
81 12
122 145
169 13
40 160
133 14
112 9
65 5
91 158
42 107
29 115
101 19
11 15
154 1
29 14
74 10
58 112
166 8
176 19
127 11
97 105
45 131
85 134
115 166
118 17
162 164
192 196
108 2
86 2
74 125
114 149
84 9
47 142
89 159
156 15
48 156
127 15
161 15
22 61
64 139
100 15
30 17
152 19
133 8
6 17
54 75
31 140
151 8
143 166
20 92
48 192
24 171
26 137
98 0
37 14
114 194
3 18
63 96
100 179
101 167
71 97
0 7
73 189
2 7
6 15
58 123
158 5
174 190
12 14
57 15
120 165
27 17
41 12
50 75
43 103
128 13
105 19
46 109
27 73
66 117
99 1
138 169
53 13
102 159
118 16
102 6
76 181
180 6
25 75
82 149
62 190
103 177
194 3
136 10
99 164
154 6
8 15
121 186
98 154
44 14
54 3
0 8
33 13
63 107
132 8
123 2
193 199
147 6
67 104
40 10
132 191
194 18
93 19
70 152
120 16
199 15
41 196
190 7
59 4
32 76
27 66
33 7
23 179
90 14
7 9
159 16
45 158
143 9
56 144
69 79
47 63
177 14
2 12
38 18
55 14
62 0
82 197
66 101
34 4
41 4
89 12
49 178
40 134
148 4
170 15
2 10
43 169
77 91
94 185
23 11
124 174
181 17
191 9
33 150
160 7
95 141
176 1
69 3
41 137
48 76
84 8
4 17
27 50
112 174
168 17
122 151
121 7
160 174
103 17
54 57
54 177
55 179
144 164
87 0
198 0
138 197
47 1
60 74
140 153
102 144
59 185
194 1
48 8
5 8
188 4
49 163
106 115
47 18
145 5
45 94
92 190
79 138
88 0
176 2
69 190
135 6
122 2
97 6
187 11
25 17
106 144
34 9
69 128
90 106
118 8
67 19
2 13
143 158
30 126
65 138
47 105
78 116
60 190
37 73
177 183
183 18
193 13
108 138
123 155
70 163
54 151
56 74
134 11
169 14
103 163
69 133
64 192
84 138
135 167
27 104
22 27
79 108
59 161
170 6
94 9
165 18
72 9
7 8
0 6
85 136
64 178
29 167
175 191
129 190
95 2
58 3
31 136
22 177
178 6
128 17
125 198
85 158
65 82
140 174
54 19
55 130
116 1
137 1
166 185
14 17
120 160
163 183
74 156
25 131
15 17
71 6
33 1
100 139
155 9
83 103
90 126
118 18
3 17
85 2
127 5
12 15
87 11
107 118
95 116
127 149
65 121
56 6
83 140
115 16
79 100
31 91
162 199
111 14
124 126
66 189
95 12
171 179
34 6
53 0
81 114
133 189
28 7
89 2
37 12
23 7
144 159
197 14
147 184
79 133
90 8
114 151
145 14
26 37
24 17
21 19
30 40
7 14
45 116
162 177
98 139
76 146
138 1
73 128
60 133
190 0
7 12
120 6
59 95
139 8
66 155
41 70
139 157
72 8
49 1
63 161
66 177
32 71
35 99
74 19
117 5
137 168
189 3
42 113
44 1
165 172
118 188
111 11
186 1
80 160
6 19
21 79
52 184
135 8
85 171
152 10
69 182
72 121
91 18
39 79
41 170
51 18
100 151
91 124
100 5
193 4
175 14
83 87
34 49
196 18
112 156
25 118
40 177
22 8
31 16
114 179
98 18
80 18
160 9
197 9
64 125
60 187
84 190
141 14
45 66
74 7
117 16
24 95
85 105
189 15
178 195
157 185
179 4
73 185
37 132
133 3
52 131
126 14
82 14
156 196
34 110
170 197
22 9
52 122
69 6
139 147
60 138
81 3
58 10
176 180
152 7
166 14
82 17
133 161
196 16
153 165
62 154
74 17
115 177
189 16
123 12
42 129
72 1
114 158
65 149
112 17
66 17
172 13
111 112
60 10
61 178
174 0
140 19
175 18
29 60
59 151
120 122
150 163
84 93
35 19
166 5
42 198
175 15
10 19
84 199
41 45
23 15
81 17
35 133
190 18
99 19
13 17
63 111
134 155
143 13
32 15
62 2
52 99
64 6
74 96
40 17
42 64
198 7
101 181
41 109
177 7
83 86
74 181
21 25
49 13
60 14
140 16
110 138
170 7
32 141
171 185
78 152
196 4
134 181
27 164
172 18
3 15
90 13
49 65
35 4
87 94
172 12
61 16
54 153
107 13
92 175
106 129
97 130
192 10
4 16
155 176
58 18
164 12
125 9
52 155
166 195
2 3
95 4
1 10
129 141
169 9
72 103
176 3
57 171
182 11
80 13
76 174
43 143
61 114
83 166
0 14
100 16
30 125
162 6
10 12
77 105
26 189
26 129
135 12
100 0
101 136
41 13
91 166
95 185
49 142
24 46
20 138
148 18
69 11
57 175
150 5
137 18
102 5
138 0
44 58
56 4
136 15
52 175
23 161
112 186
91 160
75 15
109 6
22 11
42 19
50 17
49 3
126 181
62 15
31 44
167 190
101 1
114 13
38 3
20 5
165 10
94 8
51 4
32 16
67 88
179 3
57 170
94 154
45 173
174 176
163 168
60 2
121 17
110 19
70 148
115 178
126 13
136 16
57 6
161 194
131 19
131 150
136 5
92 133
25 47
163 3
81 89
143 172
57 7
140 5
78 145
90 9
111 133
57 5
96 125
105 4
34 61
107 16
176 15
119 0
20 146
176 181
122 179
189 5
50 3
55 119
71 161
15 18
100 13
147 9
126 2
50 114
138 194
59 106
50 104
85 11
57 85
195 10
61 69
23 143
187 17
155 158
178 2
35 139
47 86
64 16
126 146
120 136
67 181
51 2
60 85
27 170
138 18
138 4
24 119
57 93
71 151
188 17
90 19
120 153
72 78
22 140
135 5
175 16
66 116
158 16
80 117
46 17
107 10
149 180
144 17
57 12
31 164
39 162
112 3
31 151
29 178
52 179
63 83
74 12
128 15
123 183
46 57
3 9
142 182
66 182
120 166
53 102
26 38
184 6
176 18
173 18
169 10
27 184
90 91
186 6
110 15
65 9
109 0
90 189
25 130
153 9
14 18
21 186
67 14
20 26
128 161
77 0
53 7
37 63
109 158
51 171
94 161
136 145
77 19
161 18
46 72
21 1
168 11
138 6
76 2
193 19
73 8
121 16
187 4
39 6
162 165
145 10
118 10
132 9
150 192
134 16
55 18
147 8
100 160
80 12
5 9
105 180
49 133
171 14
30 112
94 15
153 6
181 16
172 15
86 191
120 2
158 179
172 17
139 3
174 186
45 157
121 3
48 87
54 1
32 46
141 3
84 15
99 179
116 15
122 11
176 12
40 11
127 185
173 12
27 30
145 16
30 45
153 176
181 11
141 11
146 3
0 2
63 3
0 9
111 19
198 5
62 180
108 176
146 14
26 65
123 17
85 126
57 19
34 121
106 151
193 10
108 153
79 19
155 15
165 0
179 11
30 185
134 5
141 17
102 18
171 17
50 89
110 1
1 5
64 146
24 18
97 125
48 2
127 165
194 10
136 8
174 194
173 14
162 174
67 5
60 16
66 12
158 12
80 1
174 5
132 10
131 8
166 171
91 148
22 96
166 4
44 7
12 13
53 16
176 4
121 0
22 132
64 11
30 8
23 82
24 13
111 12
24 28
50 179
136 179
180 181
30 171
6 8
35 116
70 158
93 199
125 162
38 12
1 18
73 5
96 13
172 9
174 2
80 184
46 2
67 110
192 13
95 162
51 156
1 3
55 100
95 18
4 18
158 185
157 18
120 186
127 2
27 15
74 130
142 19
20 136
101 13
84 17
21 123
119 122
36 10
126 138
46 97
106 141
125 15
150 4
135 143
51 69
51 134
91 106
56 61
83 114
153 180
58 9
139 19
193 3
77 8
135 181
49 168
157 183
90 162
77 3
41 177
80 139
53 19
28 115
161 5
45 3
88 154
35 56
148 0
8 16
89 15
191 1
197 10
88 118
140 3
90 4
122 4
6 12
68 71
75 16
140 155
134 15
33 198
143 19
75 19
32 12
83 107
49 7
154 17
182 5
80 99
149 8
66 8
24 10
198 16
9 10
80 175
30 192
16 19
22 10
121 2
29 11
26 113
85 4
73 179
60 185
123 19
81 150
42 194
102 198
9 13
98 131
8 11
58 64
192 6
88 131
1 16
100 137
50 5
68 187
28 134
129 19
120 8
149 13
121 181
45 12
37 175
94 170
104 18
21 13
109 177
38 74
143 12
33 126
139 156
151 188
48 186
137 198
154 2
108 151
139 171
122 0
42 104
76 12
43 152
161 6
23 3
99 163
130 146
32 192
134 199
39 161
45 50
16 18
124 10
93 15
45 53
31 168
187 15
52 135
44 145
157 198
96 5
81 15
116 171
78 140
104 17
55 161
38 7
20 3
23 166
82 2
50 12
61 0
129 194
86 176
161 14
166 3
93 18
151 185
91 8
124 5
190 2
58 5
68 153
30 15
128 185
68 18
106 119
36 145
140 13
70 185
113 14
86 139
68 195
32 166
68 11
28 89
92 109
97 192
32 158
155 8
151 5
183 13
44 3
33 181
106 15
160 11
154 13
59 199
84 151
199 6
154 12
34 5
21 10
100 172
167 175
132 16
51 177
25 14
82 3
124 131
54 9
72 126
172 16
50 62
146 8
127 17
160 13
85 108
164 19
197 4
30 5
72 124
186 4
108 0
129 135
173 7
39 156
135 1
65 180
39 174
35 16
52 13
160 18
184 5
130 183
23 151
163 2
86 14
29 119
37 17
35 98
94 121
88 11
86 124
56 106
166 173
93 14
101 196
124 3
55 0
20 11
75 14
198 17
159 7
90 185
40 172
91 175
119 13
50 86
94 116
39 123
78 91
108 165
124 18
31 13
101 4
81 13
56 161
157 191
47 16
65 130
38 182
68 13
114 4
120 146
185 16
120 3
20 70
31 72
2 8
95 153
107 6
172 180
49 19
149 10
185 8
118 149
32 134
28 4
4 5
30 90
32 36
156 177
121 195
88 141
73 3
89 8
154 10
20 37
136 141
47 99
43 146
99 165
85 12
124 129
105 7
4 7
1 19
141 151
77 137
71 4
58 100
31 12
57 119
75 9
31 182
36 0
180 12
187 8
133 15
86 145
11 17
184 11
26 15
27 5
188 9
113 12
162 1
26 159
53 8
26 19
129 4
63 9
135 184
82 130
77 14
33 6
144 180
72 82
98 5
106 19
10 16
51 139
63 133
25 13
32 48
46 7
57 112
159 5
51 174
54 58
11 14
122 9
65 161
120 9
70 138
32 35
10 17
82 129
92 186
84 5
32 4
50 167
149 6
116 158
30 119
90 0
194 0
75 8
