3 8
113 150
71 183
26 146
108 19
176 16
122 16
104 183
129 13
180 15
93 179
88 125
67 18
112 8
162 9
66 144
191 10
93 171
132 135
126 5
156 15
110 6
34 15
37 10
77 183
148 160
159 183
99 133
1 18
66 95
77 11
178 3
153 5
146 197
59 123
73 163
106 4
121 11
72 7
151 19
129 138
184 5
156 12
41 101
70 160
188 6
81 174
9 13
163 12
197 18
87 17
37 17
132 165
124 3
57 12
148 7
125 178
31 8
20 150
27 154
64 99
56 196
118 182
3 5
24 27
79 7
21 64
139 16
50 6
174 1
31 196
30 9
0 10
137 13
46 154
196 7
71 16
192 1
149 4
98 102
95 0
126 194
115 126
39 13
181 4
162 18
93 116
151 14
46 116
136 14
87 151
60 182
192 19
58 8
45 13
39 88
89 0
89 18
141 2
121 128
97 8
48 193
113 118
98 0
176 196
59 72
170 182
74 13
117 19
79 2
68 7
23 4
132 5
53 11
7 10
87 184
9 19
170 6
50 99
109 4
55 11
152 3
117 186
82 190
170 177
60 16
90 3
44 93
28 93
197 14
27 5
147 13
26 14
129 191
158 179
27 16
92 1
133 9
73 0
35 11
95 176
59 11
102 7
113 167
116 18
21 56
159 10
175 16
68 14
36 98
94 110
35 10
109 17
69 6
119 169
28 17
1 16
115 155
102 18
39 16
47 8
32 125
108 0
87 122
89 98
52 70
157 7
87 19
124 159
77 106
54 147
94 18
48 0
73 14
47 156
175 19
21 18
73 101
49 158
58 3
27 113
52 88
36 185
195 9
84 175
158 10
45 8
94 194
67 10
6 15
104 152
62 15
3 12
157 173
101 15
52 191
53 177
0 2
97 10
51 6
62 9
96 136
37 116
94 141
71 144
180 9
70 115
169 10
103 6
127 177
58 84
64 150
197 19
131 174
79 82
78 177
45 5
111 137
5 15
87 188
154 13
156 2
144 3
22 4
101 17
20 78
180 14
75 118
54 13
29 195
20 99
168 182
40 110
70 181
24 141
72 15
62 111
55 148
28 142
43 68
25 49
79 8
0 14
176 179
198 19
163 4
109 148
94 169
51 8
117 148
160 169
184 14
59 6
75 1
81 185
134 6
137 147
117 182
20 25
48 78
73 3
105 141
40 3
153 9
131 141
21 62
103 194
147 15
132 13
13 18
78 139
112 142
55 97
96 182
48 177
35 132
153 19
115 184
190 0
154 9
77 13
23 60
68 11
163 194
130 166
81 19
127 9
192 17
94 156
135 183
50 17
141 172
100 19
49 9
174 15
107 6
164 9
0 7
88 1
168 172
64 152
94 143
145 171
23 192
58 135
51 19
80 119
22 15
167 190
63 94
122 13
165 188
31 170
84 86
92 10
108 6
57 0
198 17
41 146
160 7
41 18
91 196
121 14
61 15
147 5
99 6
126 19
123 12
67 3
105 9
30 145
69 197
72 5
13 14
57 194
84 18
48 181
115 15
154 5
54 1
73 11
2 16
96 115
89 15
110 17
61 13
110 158
123 11
27 88
27 192
48 12
33 68
49 18
69 90
165 18
196 14
38 97
172 6
61 105
12 14
87 11
109 135
138 7
10 18
69 12
2 9
123 157
41 102
56 123
3 14
28 144
51 130
65 81
0 17
99 8
55 6
187 13
127 140
87 8
35 41
38 11
115 162
0 11
10 12
74 88
82 9
20 100
33 165
38 17
125 7
40 99
108 4
4 8
86 1
38 50
96 197
109 115
98 18
57 5
56 57
94 147
64 7
127 141
136 146
43 121
163 17
33 63
85 17
71 17
54 11
48 192
182 199
135 8
29 17
42 198
55 2
21 73
97 182
176 15
64 89
107 130
70 80
48 76
57 2
57 77
97 177
179 1
4 12
47 144
58 194
46 63
53 88
109 198
48 17
199 5
68 110
31 89
24 15
73 150
77 78
55 151
5 13
37 97
145 18
29 102
187 10
57 103
39 6
78 116
74 10
143 14
108 126
94 150
175 183
109 15
60 131
103 179
177 12
90 1
193 17
75 19
134 7
40 8
62 75
96 163
167 6
93 130
32 3
115 186
134 4
132 141
86 3
86 87
92 110
15 18
155 182
50 181
184 18
50 83
92 170
141 198
34 123
102 176
2 3
171 1
142 18
94 137
188 8
143 177
149 3
70 6
86 133
107 12
180 4
38 15
113 141
166 7
101 0
66 19
187 15
68 17
38 65
72 116
32 190
171 19
142 8
163 5
49 78
99 106
91 3
73 4
71 8
55 84
117 0
34 153
66 12
46 52
22 7
111 18
1 9
10 13
125 173
137 185
70 2
83 85
64 78
138 6
125 190
121 17
26 18
122 179
188 199
87 10
36 93
27 45
70 178
188 1
122 17
47 128
113 14
7 12
54 16
114 174
78 88
79 133
39 193
65 116
119 178
73 18
137 19
115 136
190 10
23 187
146 0
145 8
62 128
102 167
148 194
54 126
47 51
174 0
59 191
37 46
178 4
6 8
4 5
68 123
178 9
106 129
65 1
90 14
108 134
78 1
138 142
85 167
130 176
121 152
31 82
186 3
166 5
20 104
47 172
158 176
163 16
26 192
40 131
28 109
142 12
37 156
80 10
36 120
31 3
21 193
126 1
90 142
105 156
133 15
34 63
4 19
5 7
129 199
113 17
24 125
62 163
162 192
163 18
41 180
165 190
14 18
91 11
0 6
15 16
65 143
54 82
37 164
80 188
116 193
140 3
7 16
91 133
102 1
90 164
90 10
133 164
124 188
64 109
40 42
64 10
75 13
118 177
34 198
77 137
192 15
191 13
133 166
141 16
60 4
36 6
199 4
89 109
38 104
181 3
87 0
14 17
73 197
183 197
32 172
29 95
83 2
25 139
100 146
106 168
67 13
83 195
140 6
8 9
107 11
32 14
56 147
61 3
173 14
15 19
63 198
84 0
84 142
56 164
40 177
146 10
87 136
75 7
169 173
71 169
112 0
74 118
4 16
179 18
175 5
35 16
62 18
27 54
147 16
105 3
28 184
143 185
129 197
171 7
145 180
178 10
23 13
74 195
20 37
124 5
101 13
69 5
24 108
88 140
113 15
38 6
162 17
118 13
20 172
153 164
21 0
150 186
32 78
75 161
71 7
2 13
83 129
170 178
61 129
111 131
3 4
171 14
81 128
74 11
114 149
81 186
174 5
136 149
53 195
72 16
52 179
137 187
147 6
197 15
42 5
61 86
69 18
110 11
30 169
58 183
136 152
36 139
35 164
105 147
59 84
87 93
32 16
72 0
128 138
83 0
188 194
89 168
35 17
50 58
142 5
66 10
130 191
111 0
42 68
115 181
186 0
89 105
145 4
86 15
157 15
64 166
132 15
42 90
132 8
91 9
61 136
35 63
130 159
126 132
88 147
82 18
133 168
82 171
136 158
57 9
152 18
71 112
109 124
184 12
55 111
58 13
42 4
59 93
150 17
67 91
104 121
36 99
6 9
174 8
25 15
189 13
104 135
13 16
56 13
70 16
20 113
109 169
190 1
54 6
99 109
62 0
115 2
8 10
18 19
127 13
142 181
33 6
85 107
5 17
34 140
135 1
53 135
24 182
26 6
104 160
75 135
130 181
50 120
25 19
187 11
26 108
161 167
153 6
8 16
71 138
57 75
20 106
33 3
153 14
165 16
41 129
73 109
132 163
79 163
164 191
10 17
32 162
139 18
53 190
104 6
89 141
183 18
62 4
92 17
1 17
36 11
43 147
90 99
40 124
59 0
88 4
104 18
39 7
62 174
117 173
85 109
127 15
13 17
96 7
122 194
26 186
199 7
164 180
105 13
45 55
96 6
115 167
39 85
21 1
56 198
86 8
139 14
95 170
82 17
55 144
163 9
116 123
65 190
110 137
52 9
176 17
96 160
31 19
0 5
116 136
182 192
116 9
28 96
91 10
193 16
177 1
61 115
174 16
46 11
172 8
149 9
82 115
64 96
108 110
24 172
86 13
106 191
145 3
104 4
119 15
34 4
198 8
41 57
64 92
9 17
138 16
38 1
149 169
120 14
51 114
101 19
105 118
159 5
5 18
29 14
72 82
100 134
119 8
108 188
89 172
111 115
193 9
69 86
99 2
30 69
63 0
60 8
89 100
165 15
121 19
135 2
140 150
70 130
28 84
77 164
159 7
91 98
177 10
48 93
44 101
105 11
90 121
28 63
106 11
195 5
119 183
121 145
10 19
103 146
102 138
126 142
35 99
76 14
104 13
62 182
30 68
29 8
85 14
193 14
65 16
50 171
22 41
73 192
131 15
88 8
41 13
33 146
58 7
122 126
125 195
31 4
186 189
109 138
157 19
136 182
123 4
56 122
21 75
158 19
125 15
66 134
51 185
69 147
85 104
25 186
151 186
117 7
117 147
136 166
27 9
121 16
116 15
91 103
132 17
130 162
41 11
31 65
88 12
106 173
83 6
115 8
114 120
125 19
173 177
143 3
128 3
106 14
123 8
88 153
127 12
92 4
24 17
144 7
195 0
163 6
30 189
22 65
191 6
114 2
132 145
2 6
140 162
46 177
67 19
77 124
60 6
113 1
150 5
158 16
9 10
165 1
74 2
109 18
140 1
177 9
44 19
188 3
84 4
36 17
116 122
61 0
9 16
105 18
143 12
41 4
115 18
152 172
37 51
29 130
139 145
81 120
82 12
103 2
138 169
87 1
181 11
37 117
79 12
125 151
82 8
87 5
35 127
161 1
72 74
27 101
188 190
50 51
32 11
27 170
68 76
71 192
68 183
162 3
79 15
47 158
129 174
98 118
76 177
32 57
192 7
96 5
81 131
150 18
80 17
34 18
144 16
50 80
168 16
102 115
161 10
153 12
194 12
49 109
166 13
39 131
99 158
63 173
118 187
86 17
57 102
196 199
99 192
173 5
70 18
140 5
108 1
187 5
24 153
165 4
6 11
55 16
157 4
126 18
32 18
186 9
49 91
96 14
97 16
4 18
94 9
62 16
44 164
38 2
196 13
60 194
133 190
98 117
13 15
73 142
32 160
92 121
192 3
30 160
47 78
159 2
135 18
4 17
113 152
169 180
28 72
39 127
26 13
179 15
91 14
147 10
21 7
41 15
167 193
31 12
26 199
183 11
49 72
162 0
79 3
155 8
128 137
159 3
105 7
96 142
92 198
82 1
50 107
98 9
115 143
152 17
47 12
154 170
101 198
44 99
174 186
68 5
44 114
63 2
22 13
44 184
53 10
3 19
125 182
159 179
74 162
182 4
34 80
100 5
46 2
99 186
134 190
171 2
32 4
103 185
47 18
22 16
31 169
33 166
101 154
9 11
162 13
169 8
71 14
181 5
177 7
111 10
185 18
31 9
27 80
157 175
185 16
68 3
61 8
133 0
156 187
166 177
164 2
93 140
45 186
32 10
28 3
5 14
1 8
131 181
32 5
50 16
22 145
108 197
59 85
114 17
57 94
142 177
42 0
123 197
39 71
107 183
27 63
35 59
98 5
125 16
86 14
163 2
156 0
82 128
124 177
89 164
193 4
115 9
95 96
94 193
102 155
78 85
3 6
93 16
92 136
136 1
51 52
135 14
49 2
102 3
38 90
33 18
189 3
101 6
92 180
93 7
191 15
28 0
196 0
56 8
37 48
153 18
86 18
150 13
54 0
178 192
199 15
121 13
135 6
24 13
84 128
162 10
33 76
32 79
37 3
23 81
111 6
88 9
111 151
59 15
113 6
127 3
50 1
81 118
128 158
136 169
38 9
86 191
116 4
74 3
111 156
182 12
46 17
57 179
89 183
130 189
62 131
34 2
170 10
85 114
3 7
150 164
159 12
58 15
30 2
167 5
51 101
38 5
55 17
126 130
70 11
47 1
188 9
7 19
21 5
24 53
49 169
182 7
68 91
22 58
174 17
2 15
81 172
26 48
26 180
137 11
127 7
6 14
57 6
45 161
84 186
112 136
52 91
149 18
47 88
141 5
108 5
148 150
23 182
39 2
125 4
1 4
73 166
127 147
169 5
35 55
21 79
176 10
164 7
8 11
112 11
121 175
129 4
43 15
37 66
93 17
107 5
35 66
120 8
55 160
103 7
28 83
120 10
40 71
59 169
103 3
2 4
136 7
87 189
50 73
97 4
157 187
125 2
8 18
31 191
41 106
119 0
133 4
83 3
189 1
66 117
143 6
69 160
46 99
93 6
96 164
42 6
186 1
94 154
95 118
104 162
25 7
33 195
96 102
80 171
119 5
40 162
43 3
41 123
46 163
96 8
71 6
125 169
73 94
49 122
27 58
103 8
115 14
176 3
106 16
188 10
34 1
151 5
128 14
151 183
28 6
111 180
40 70
27 160
36 52
111 154
103 12
78 10
88 16
83 188
63 89
112 16
78 17
130 17
64 6
56 6
76 89
81 187
79 109
79 194
158 12
128 193
86 120
64 168
91 137
192 14
148 14
153 190
38 77
82 122
80 2
171 15
17 18
105 6
83 104
80 157
32 50
106 150
151 160
134 15
48 11
99 15
179 10
109 141
175 8
60 85
178 16
169 174
32 170
75 4
147 159
178 18
144 15
113 155
40 193
14 16
41 8
68 177
11 13
55 77
47 91
134 175
49 186
44 13
181 2
177 3
67 14
44 142
42 8
135 182
31 108
23 63
96 15
81 116
39 53
110 152
50 178
41 145
182 0
105 12
150 3
7 17
71 177
119 167
128 156
37 1
69 4
33 181
1 5
189 0
32 84
136 3
22 30
130 169
45 9
1 15
99 10
26 5
189 16
183 196
37 144
142 169
64 135
20 133
46 9
122 193
107 4
109 6
24 1
46 72
126 2
109 155
43 7
132 198
158 188
121 10
49 19
89 5
167 18
36 192
79 115
80 13
115 13
199 9
66 135
0 15
127 139
145 16
60 1
51 169
44 196
69 161
58 16
84 132
51 148
102 197
111 159
128 172
175 14
20 10
145 188
114 10
38 123
132 170
85 94
31 136
120 140
37 197
145 149
130 10
105 5
111 11
76 92
37 193
64 16
118 147
53 5
46 191
35 198
53 2
162 14
73 10
101 117
176 182
140 143
1 19
0 12
3 11
88 133
23 78
41 187
104 192
77 127
109 9
48 7
47 127
150 9
53 111
161 163
157 163
45 102
134 11
131 7
78 0
126 138
2 17
77 154
111 176
20 15
47 9
94 4
34 3
116 16
155 10
24 188
126 7
88 3
126 17
28 62
50 13
127 18
161 180
11 16
69 124
23 6
37 11
102 4
172 19
104 128
158 18
39 150
156 189
175 187
52 63
116 135
146 6
166 6
112 5
52 118
66 85
197 7
39 12
161 3
196 3
78 12
2 10
110 1
57 76
93 157
86 16
55 138
100 153
25 13
29 47
119 13
155 18
113 5
32 0
140 169
125 11
0 3
66 124
120 143
27 94
36 149
99 12
113 4
173 12
1 10
163 13
74 145
173 18
112 18
40 77
153 8
23 128
145 19
71 104
42 165
41 9
38 40
102 0
128 12
2 12
74 141
112 17
104 9
20 80
40 73
196 11
54 5
91 7
117 126
197 11
26 190
30 161
135 166
23 3
50 70
52 5
33 15
123 0
166 194
153 17
87 16
43 12
91 198
62 14
182 13
54 110
169 6
71 190
8 13
75 165
49 16
134 181
94 17
26 109
57 14
59 171
88 15
6 12
36 14
29 48
61 1
148 199
192 199
73 106
40 183
98 115
61 103
88 110
146 16
148 12
189 8
142 7
83 135
55 18
25 136
123 2
24 12
115 16
81 7
51 175
108 14
110 3
47 151
83 19
59 175
101 3
20 16
57 3
41 17
169 17
91 144
65 94
46 5
35 67
97 98
190 19
142 3
149 182
194 198
52 190
65 134
51 122
168 7
119 11
81 6
30 144
56 185
124 9
85 8
26 51
125 130
88 6
42 114
40 79
117 13
98 10
152 171
60 155
114 13
141 17
168 175
69 113
67 129
108 191
41 65
47 177
0 18
135 148
185 19
144 161
171 17
151 156
111 17
78 155
73 77
183 7
39 181
9 18
40 51
51 62
124 15
88 182
9 12
80 118
173 10
116 161
44 80
170 187
35 3
59 129
67 69
80 5
195 14
28 19
128 9
68 146
45 64
76 17
150 10
92 109
177 11
112 165
32 9
100 131
91 12
190 7
102 10
38 198
155 13
170 199
69 82
137 6
23 15
46 18
98 19
156 19
94 16
139 196
98 8
124 199
87 174
62 7
128 133
29 175
161 179
2 19
145 187
59 120
114 9
21 173
114 150
137 193
136 11
63 5
27 6
130 142
150 181
55 10
23 150
46 138
52 62
82 103
41 156
26 1
63 4
93 173
175 2
99 18
139 197
103 104
44 58
58 139
64 97
40 13
87 6
139 7
97 116
62 118
21 3
37 0
199 2
91 182
72 198
64 195
66 110
22 11
146 165
93 182
152 4
183 2
12 15
140 155
84 137
26 151
40 194
33 1
140 148
178 13
47 168
151 191
2 11
120 0
101 125
54 182
35 15
83 8
105 140
37 108
87 143
93 10
131 189
129 8
184 2
16 17
52 13
171 3
41 105
109 132
40 156
51 166
58 6
60 198
173 11
99 17
159 11
66 0
71 103
30 94
158 17
20 187
91 8
114 12
135 173
138 18
152 14
110 13
92 130
124 136
112 4
65 73
24 102
63 144
179 2
66 14
83 12
33 10
132 6
87 4
55 59
81 12
154 161
149 158
124 12
67 2
96 116
97 185
62 97
23 114
100 141
172 11
143 144
89 14
195 11
50 101
191 16
29 176
5 6
192 0
173 9
115 166
166 12
136 196
4 7
90 123
23 39
42 169
106 12
173 17
11 14
190 194
44 12
150 188
45 145
123 167
96 13
130 5
94 109
166 183
66 193
84 92
69 196
182 14
36 10
119 186
138 13
73 146
77 97
64 167
81 0
28 180
121 147
191 12
74 12
168 188
167 2
86 104
154 180
53 120
139 170
123 9
31 0
191 4
79 18
111 16
133 11
106 142
83 7
75 120
48 176
138 194
119 157
164 8
82 132
50 9
20 151
135 15
89 123
67 109
115 4
53 91
76 84
136 161
43 181
56 2
5 16
44 70
134 183
114 15
145 199
72 77
29 170
61 6
104 19
143 149
181 18
109 2
188 2
47 14
28 192
113 10
195 4
105 193
149 16
78 174
52 85
49 89
51 58
65 98
77 181
74 8
71 119
25 83
111 181
198 1
36 144
79 13
53 139
34 0
73 16
89 150
169 13
62 11
36 119
107 13
89 16
186 2
91 169
42 14
52 57
176 8
64 14
121 12
84 19
27 77
125 10
149 19
178 198
135 10
133 141
23 107
41 193
54 172
127 185
5 12
156 7
137 170
71 185
41 61
17 19
97 2
127 1
72 86
149 199
34 189
68 70
80 1
54 18
42 192
162 16
24 150
42 15
152 166
183 1
53 100
156 16
54 109
45 59
97 125
126 12
76 174
81 2
104 7
65 76
193 18
24 184
59 167
21 14
56 157
73 110
8 19
78 3
167 184
69 127
181 7
44 160
104 163
146 14
31 45
114 117
190 16
71 0
61 117
144 147
112 3
180 17
132 19
46 128
85 12
143 170
104 129
70 7
58 197
90 18
28 18
134 17
90 130
44 197
34 96
54 139
72 9
158 170
173 174
108 16
6 18
69 178
43 0
117 8
57 144
101 141
192 16
52 97
68 9
60 5
80 4
117 3
119 7
71 126
75 17
174 18
199 3
38 0
176 7
166 9
151 12
58 103
29 198
44 10
72 12
104 2
132 12
97 111
82 137
7 15
73 12
32 136
97 134
119 1
11 18
84 6
44 181
93 143
21 182
23 7
167 16
128 2
46 1
118 186
73 8
30 197
22 171
144 11
82 6
143 9
98 148
86 148
82 99
43 8
164 18
160 18
84 152
185 15
114 157
46 110
21 103
27 40
89 6
75 104
58 4
134 16
159 9
37 168
159 14
103 15
143 0
43 112
30 162
90 157
60 168
172 3
96 10
61 64
153 0
87 2
16 18
4 10
79 182
186 4
32 72
65 87
11 17
91 119
38 174
120 11
189 10
197 5
30 15
27 173
138 15
171 186
133 3
167 8
44 168
48 197
24 175
137 163
102 6
42 189
28 8
56 15
78 154
43 107
50 5
107 133
99 16
36 103
87 164
120 16
48 105
111 168
24 14
25 14
124 6
106 158
121 142
60 11
127 168
101 195
73 190
160 13
71 9
165 19
10 16
55 14
147 3
12 19
165 3
153 155
140 16
124 4
76 151
77 19
157 17
164 11
176 12
5 10
1 14
121 198
37 13
23 146
71 191
89 1
36 50
2 7
7 9
21 118
84 7
20 125
79 16
92 0
60 19
9 15
187 0
133 12
12 13
192 8
198 12
7 11
37 173
135 9
25 16
60 3
71 13
42 163
52 7
158 9
181 10
29 4
32 7
40 9
85 13
41 94
163 1
52 167
92 9
127 166
45 118
92 18
115 142
113 174
38 8
55 1
106 155
77 138
134 3
96 17
180 3
104 15
76 15
61 79
54 155
121 15
47 6
161 6
136 180
55 116
155 168
47 102
67 70
136 10
50 96
109 161
49 183
95 106
80 144
92 152
82 88
32 8
164 190
92 197
43 161
140 19
20 41
144 18
179 12
171 4
100 190
65 11
181 8
32 67
92 112
153 183
20 42
54 157
76 18
152 13
126 15
170 18
63 90
27 31
84 8
54 8
83 15
183 4
34 8
129 146
194 6
55 8
22 10
180 16
62 150
129 150
112 175
33 107
130 13
54 2
59 5
51 151
155 17
158 13
95 185
197 6
194 10
39 109
99 126
47 67
54 196
137 15
22 1
30 7
150 182
109 11
162 179
135 145
25 111
49 70
35 8
63 149
139 10
164 173
128 8
9 14
84 11
170 7
145 17
58 147
154 15
77 16
52 186
60 68
115 118
127 8
155 12
34 90
27 2
54 121
99 9
56 0
183 3
3 17
93 3
175 17
31 58
199 6
108 132
33 163
31 36
61 189
35 53
136 153
32 139
121 18
100 122
51 0
23 170
121 2
36 78
62 146
95 134
161 178
30 12
105 144
148 1
146 3
39 9
165 8
147 9
122 14
22 154
88 97
154 6
23 9
110 162
75 83
164 6
102 9
16 19
155 16
84 124
91 126
148 0
144 159
196 12
165 14
109 16
68 73
92 7
157 8
72 195
113 18
83 148
55 180
126 153
195 6
74 100
85 138
62 2
128 185
74 78
108 8
129 3
70 127
153 173
39 19
143 2
117 2
49 185
93 0
43 188
47 113
160 8
93 5
11 19
59 137
145 14
90 2
24 67
31 118
150 11
2 8
35 122
27 17
52 124
47 101
74 84
110 112
119 3
170 16
159 168
131 9
162 1
158 180
26 7
92 147
115 7
106 5
53 183
131 16
114 14
100 191
62 175
99 112
155 186
26 16
3 18
52 1
8 15
176 0
65 170
124 0
42 9
39 8
156 3
50 109
145 155
131 12
34 148
90 192
115 124
53 118
45 4
82 3
70 162
177 18
134 153
160 6
160 4
65 89
104 170
133 13
135 170
37 9
92 11
46 132
137 7
128 143
197 0
32 163
55 88
65 139
167 183
108 158
148 19
87 14
107 167
142 156
121 3
111 8
60 69
71 19
31 16
122 15
142 14
157 5
43 100
83 5
76 91
29 138
27 19
77 1
97 153
14 19
101 18
91 141
57 10
150 1
79 136
25 48
98 11
43 137
196 17
138 2
176 5
27 165
48 6
21 46
67 148
158 5
106 156
65 19
89 149
171 6
58 195
21 45
100 1
93 8
191 8
71 189
54 77
65 129
99 4
70 85
94 14
186 17
80 12
40 85
65 125
94 179
154 183
85 125
21 134
161 7
56 4
110 191
68 106
44 14
85 7
10 15
161 199
58 91
52 176
22 167
110 18
46 13
116 2
75 101
157 176
61 71
112 151
165 7
24 89
141 9
59 193
176 2
118 19
98 17
70 193
35 84
175 193
37 152
121 131
74 181
92 15
27 158
94 189
24 7
100 118
194 5
75 85
169 14
69 199
106 6
39 4
107 166
92 165
166 2
118 159
25 90
82 90
22 59
74 151
62 109
169 176
108 11
149 2
1 13
42 18
59 19
25 28
179 196
66 172
107 14
3 13
146 2
106 135
173 187
40 141
5 8
92 192
21 13
25 129
72 138
108 143
120 141
187 14
116 192
58 169
20 23
85 2
114 199
3 9
140 153
94 8
77 170
42 2
191 3
33 45
35 107
122 182
48 121
190 196
156 180
73 148
108 15
81 168
55 81
4 15
64 183
89 7
85 19
90 5
168 6
40 104
78 114
176 180
167 177
30 93
122 186
108 13
90 125
62 8
27 10
88 106
142 193
112 168
91 186
102 15
43 18
146 18
150 178
76 109
95 7
142 15
93 137
77 197
101 16
58 121
160 10
28 141
165 194
143 179
90 141
52 3
70 141
183 10
99 100
40 149
91 15
79 87
165 6
104 181
76 102
108 9
188 15
115 19
41 1
108 165
6 17
37 50
95 12
195 18
99 13
63 147
159 174
42 47
135 3
47 184
21 52
52 18
151 0
147 1
199 1
51 197
137 17
121 1
160 17
161 188
170 14
179 16
22 197
51 16
62 17
23 151
48 188
128 15
40 163
69 85
72 169
40 6
28 42
32 135
93 107
41 0
84 173
23 17
20 6
65 6
28 190
135 174
72 149
68 0
27 95
61 17
115 3
60 107
88 154
144 6
180 7
26 42
74 174
83 11
64 18
84 1
68 186
80 11
43 5
112 188
134 8
152 19
107 122
1 7
175 179
46 19
69 165
177 2
146 152
21 142
72 108
116 6
189 199
46 193
1 6
140 182
44 6
45 198
28 1
41 133
123 187
31 113
132 182
37 18
117 178
52 0
166 16
118 120
25 31
48 119
140 181
125 0
103 168
88 175
141 158
73 7
3 15
171 190
92 100
123 192
60 12
66 104
144 149
76 11
70 4
142 164
53 147
8 14
0 8
0 13
144 148
161 19
30 18
31 37
54 3
112 14
179 11
46 15
59 7
46 175
163 185
75 106
43 166
36 56
105 4
103 10
36 63
181 192
66 6
81 151
28 12
65 161
77 7
26 17
6 16
66 97
184 10
38 61
24 171
138 154
21 145
93 181
170 17
78 146
161 192
40 135
150 6
111 117
35 5
29 6
135 19
87 9
36 100
181 19
54 177
75 129
37 169
107 134
88 138
33 115
177 6
46 80
97 6
69 110
185 1
26 63
6 7
87 177
43 9
187 4
49 1
166 184
74 19
85 155
1 12
32 77
151 10
126 11
45 14
70 99
99 132
43 93
77 10
110 185
176 1
158 8
158 2
184 13
0 16
78 79
25 55
56 161
34 14
133 2
72 1
111 9
4 13
27 79
131 168
131 18
184 196
147 171
125 196
190 9
72 8
174 14
191 2
2 14
193 196
78 8
87 128
30 6
79 4
151 1
76 175
57 7
26 10
167 195
60 94
123 10
182 3
36 145
128 6
118 1
60 17
179 17
62 10
25 26
63 11
30 51
39 141
53 86
58 2
108 7
36 181
88 7
184 7
198 9
25 5
140 165
193 1
32 194
49 141
24 38
126 4
64 136
132 191
138 192
83 10
65 90
142 6
101 121
112 121
132 1
158 186
168 15
88 100
75 12
52 115
130 187
28 2
156 165
73 2
118 190
40 127
56 3
145 11
123 140
159 165
52 8
166 3
49 10
163 183
139 178
59 114
67 16
1 2
41 125
195 8
51 17
104 164
102 191
97 9
179 8
198 6
29 11
71 106
76 12
177 19
94 1
41 166
6 19
109 1
5 11
50 193
41 53
52 72
141 10
73 19
139 6
3 10
42 17
138 156
149 6
137 195
41 153
23 186
108 195
23 117
106 7
152 174
154 181
20 7
190 14
26 75
95 3
70 14
122 9
68 87
51 145
114 194
184 185
73 149
29 13
69 151
187 19
29 31
86 12
65 88
162 2
34 116
51 3
145 0
14 15
42 121
48 57
118 150
133 1
59 180
134 173
58 106
13 19
47 15
139 15
53 14
4 11
138 161
156 11
126 140
31 79
39 60
7 13
49 17
4 6
128 11
119 10
27 124
59 105
60 179
26 196
51 108
109 142
122 153
44 163
175 12
65 157
84 91
12 18
3 16
62 70
93 110
87 118
145 197
121 7
95 15
64 147
134 2
143 4
28 120
152 191
48 111
133 178
183 8
76 4
135 5
123 18
100 168
151 158
51 1
12 16
165 10
77 4
88 0
65 17
126 129
46 6
132 194
112 132
139 195
130 134
42 12
100 3
35 19
45 168
117 124
71 153
96 191
67 108
73 1
80 108
33 7
33 159
103 148
15 17
114 3
59 100
114 158
61 111
72 10
25 79
20 57
85 162
79 186
128 153
12 17
86 128
132 133
153 11
165 170
180 13
156 186
171 184
107 112
165 176
195 196
120 15
20 43
81 11
29 99
114 183
61 141
197 1
154 155
130 18
193 3
64 3
140 159
90 12
69 143
151 194
66 171
56 14
189 15
167 169
26 11
86 11
198 7
107 128
28 171
138 0
116 3
101 138
32 15
34 165
73 188
111 127
116 177
67 17
89 116
143 18
10 14
79 10
6 13
23 131
43 2
155 3
67 9
21 53
33 61
69 185
61 137
101 168
120 121
126 13
66 7
121 123
22 182
32 37
32 117
31 158
113 9
91 148
127 133
24 117
80 154
57 139
21 16
51 128
43 58
170 1
124 196
169 0
152 1
164 184
125 17
83 14
118 179
108 17
142 197
50 142
136 17
29 16
26 2
168 19
121 5
40 83
103 1
28 155
171 0
37 7
134 199
174 9
60 82
146 13
7 14
183 16
99 123
143 10
162 7
92 13
104 112
85 170
48 196
76 9
91 19
82 16
53 15
24 11
44 97
93 97
70 175
53 94
60 15
32 12
8 17
168 13
129 10
91 168
124 19
54 124
49 3
5 19
131 6
70 194
70 97
43 168
152 12
38 156
45 119
32 99
35 86
102 152
193 15
118 3
188 18
115 157
158 0
43 70
118 9
49 8
32 110
142 194
142 170
49 82
61 125
193 10
57 104
94 173
134 193
166 1
185 10
79 124
63 139
41 161
30 3
112 2
130 173
59 18
49 15
163 3
165 13
141 147
60 158
83 18
109 5
99 5
20 44
42 141
74 139
52 6
185 8
38 191
197 12
22 80
109 125
2 18
154 4
138 12
106 19
157 2
33 0
87 116
198 11
76 5
85 16
99 19
176 13
80 19
98 149
131 14
56 118
53 9
100 125
11 12
27 8
56 19
45 180
106 175
54 132
101 7
157 18
38 183
39 42
76 8
20 9
132 152
160 2
108 178
0 4
194 4
182 16
172 10
166 11
94 144
72 168
120 2
192 10
130 182
88 111
144 2
38 150
126 10
164 0
193 7
48 199
82 182
20 195
39 15
143 167
128 0
58 19
192 18
134 14
35 61
137 146
21 110
